   1.1999000e+07   0.0000000e+00
   6.8900000e+03   3.7231445e+01
   6.9670000e+03   4.5043945e+01
   6.9970000e+03   4.5104980e+01
   7.0210000e+03   4.3945313e+01
   7.0590000e+03   4.0649414e+01
   7.2680000e+03   4.9072266e+01
   7.4680000e+03   4.0954590e+01
   2.1851000e+04   3.7414551e+01
   2.1965000e+04   4.2419434e+01
   2.1990000e+04   4.4677734e+01
   2.2059000e+04   4.1381836e+01
   2.2136000e+04   3.7475586e+01
   2.2399000e+04   3.8146973e+01
   3.9449000e+04   3.9123535e+01
   3.9637000e+04   3.7170410e+01
   3.9710000e+04   3.9184570e+01
   3.9830000e+04   4.0527344e+01
   3.9876000e+04   3.9794922e+01
   4.0280000e+04   4.9560547e+01
   5.4014000e+04   4.9743652e+01
   5.4097000e+04   3.8513184e+01
   5.4143000e+04   4.3579102e+01
   5.4265000e+04   4.1564941e+01
   6.7901000e+04   3.7719727e+01
   6.7940000e+04   4.5715332e+01
   6.8557000e+04   3.7292480e+01
   8.3552000e+04   4.2907715e+01
   8.3618000e+04   3.7902832e+01
   8.3724000e+04   4.4738770e+01
   8.3788000e+04   5.0537109e+01
   8.3881000e+04   3.8879395e+01
   8.3938000e+04   4.0771484e+01
   8.4361000e+04   3.8391113e+01
   1.0157500e+05   4.9499512e+01
   1.0159800e+05   4.5959473e+01
   1.0164200e+05   4.1198730e+01
   1.0215500e+05   4.0222168e+01
   1.0239200e+05   3.9001465e+01
   1.2029700e+05   3.8024902e+01
   1.2033100e+05   4.8522949e+01
   1.2040500e+05   5.1086426e+01
   1.2042000e+05   3.7902832e+01
   1.2044000e+05   3.9001465e+01
   1.2053500e+05   4.8461914e+01
   5.1013600e+05   4.3701172e+01
   5.1018500e+05   6.7626953e+01
   5.1024000e+05   4.2358398e+01
   5.1029000e+05   4.8217773e+01
   5.1032200e+05   4.0161133e+01
   6.8215700e+05   3.8146973e+01
   6.8361800e+05   4.3762207e+01
   6.8371200e+05   4.2663574e+01
   6.8374700e+05   4.5227051e+01
   6.8380000e+05   4.1503906e+01
   6.8381900e+05   3.9062500e+01
   6.8391500e+05   3.9672852e+01
   6.8566700e+05   3.7902832e+01
   8.3268200e+05   4.6264648e+01
   8.3274600e+05   4.1259766e+01
   8.3277100e+05   3.8330078e+01
   8.3282300e+05   4.4860840e+01
   8.3285800e+05   4.0283203e+01
   8.3287300e+05   4.0527344e+01
   8.3291300e+05   3.8696289e+01
   8.3299800e+05   3.8085938e+01
   8.3313200e+05   4.1687012e+01
   8.3445800e+05   3.7841797e+01
   8.3491600e+05   3.7170410e+01
   9.8686900e+05   3.9978027e+01
   9.8764300e+05   4.9682617e+01
   9.8765700e+05   3.7109375e+01
   9.8768200e+05   4.2846680e+01
   9.8771500e+05   3.9001465e+01
   9.8772500e+05   3.8330078e+01
   9.8777600e+05   3.7353516e+01
   9.8785900e+05   3.7597656e+01
   9.8942400e+05   3.8696289e+01
   9.8963200e+05   3.8879395e+01
   1.2694280e+06   5.0781250e+01
   1.2694610e+06   4.2114258e+01
   1.2694860e+06   4.0344238e+01
   1.2695030e+06   4.8828125e+01
   1.2695190e+06   4.2358398e+01
   1.2695340e+06   6.3232422e+01
   1.2695800e+06   5.1940918e+01
   1.2718420e+06   3.9123535e+01
   1.3680850e+06   3.8879395e+01
   1.3688880e+06   4.3884277e+01
   1.3689250e+06   4.7119141e+01
   1.3689510e+06   3.8757324e+01
   1.3689770e+06   5.2124023e+01
   1.3690080e+06   3.8574219e+01
   1.3690200e+06   3.9611816e+01
   1.3690690e+06   6.1218262e+01
   1.3691530e+06   3.8330078e+01
   1.3705460e+06   3.8452148e+01
   1.3708690e+06   4.3029785e+01
   1.3927030e+06   3.7719727e+01
   1.3929020e+06   6.0791016e+01
   1.3929330e+06   4.2785645e+01
   1.3929710e+06   5.9204102e+01
   1.3930110e+06   3.7841797e+01
   1.3932030e+06   3.7231445e+01
   1.3932360e+06   3.8330078e+01
   1.3932870e+06   4.2907715e+01
   1.4070760e+06   4.9560547e+01
   1.4071790e+06   4.8461914e+01
   1.4072520e+06   4.1687012e+01
   1.4073290e+06   4.0893555e+01
   1.4298720e+06   4.4128418e+01
   1.4299600e+06   4.1137695e+01
   1.4299700e+06   6.6955566e+01
   1.4300310e+06   4.5104980e+01
   1.4300760e+06   3.7536621e+01
   1.4300940e+06   3.9672852e+01
   1.4301180e+06   3.8696289e+01
   1.4301520e+06   3.8391113e+01
   1.4302330e+06   3.7597656e+01
   1.4304830e+06   4.3273926e+01
   1.4413920e+06   4.1931152e+01
   1.4414370e+06   5.5969238e+01
   1.4414740e+06   4.4921875e+01
   1.4415860e+06   5.0415039e+01
   1.4416030e+06   3.7902832e+01
   1.4419980e+06   3.8085938e+01
   1.4592550e+06   4.3762207e+01
   1.4593580e+06   4.0405273e+01
   1.4593790e+06   3.8940430e+01
   1.4593930e+06   3.8330078e+01
   1.4594360e+06   5.8532715e+01
   1.4595330e+06   4.4921875e+01
   1.4600230e+06   4.0527344e+01
   1.4708190e+06   4.1503906e+01
   1.4708970e+06   3.7841797e+01
   1.4709500e+06   4.8889160e+01
   1.4891610e+06   3.9245605e+01
   1.4891990e+06   3.7109375e+01
   1.4892700e+06   4.3273926e+01
   1.4893470e+06   4.9499512e+01
   1.4897970e+06   4.4067383e+01
   1.5001500e+06   4.4982910e+01
   1.5002660e+06   3.7475586e+01
   1.5003330e+06   5.0354004e+01
   1.5004270e+06   5.0598145e+01
   1.5005490e+06   3.7170410e+01
   1.5005990e+06   3.8574219e+01
   1.5006560e+06   3.8269043e+01
   1.5109700e+06   3.8269043e+01
   1.5111340e+06   4.8522949e+01
   1.5111780e+06   4.0161133e+01
   1.5113250e+06   5.5175781e+01
   1.5223030e+06   3.9428711e+01
   1.5223190e+06   3.8269043e+01
   1.5226240e+06   3.7353516e+01
   1.5336140e+06   3.8635254e+01
   1.5336960e+06   4.0710449e+01
   1.5337670e+06   4.3823242e+01
   1.5339170e+06   3.8696289e+01
   1.5340490e+06   4.0649414e+01
   1.5341740e+06   3.8024902e+01
   1.5476290e+06   3.7536621e+01
   1.5477430e+06   3.8574219e+01
   1.5478280e+06   3.8696289e+01
   1.5478430e+06   3.9428711e+01
   1.5479490e+06   3.7658691e+01
   1.5480090e+06   4.4555664e+01
   1.5633200e+06   5.7861328e+01
   1.5633810e+06   4.2724609e+01
   1.5635330e+06   5.0903320e+01
   1.5635740e+06   3.8940430e+01
   1.5636550e+06   3.8330078e+01
   1.5757880e+06   3.8146973e+01
   1.5759240e+06   4.4372559e+01
   1.5760970e+06   4.2480469e+01
   1.5892500e+06   3.9245605e+01
   1.5893340e+06   5.5603027e+01
   1.5896080e+06   3.7048340e+01
   1.6086740e+06   3.9978027e+01
   1.6088720e+06   4.3334961e+01
   1.6324670e+06   3.9245605e+01
   1.6325910e+06   3.7902832e+01
   1.6327150e+06   3.9794922e+01
   1.6327340e+06   4.3823242e+01
   1.6328530e+06   4.0466309e+01
   1.6330200e+06   4.0100098e+01
   1.6570620e+06   3.8208008e+01
   1.6571500e+06   3.9306641e+01
   1.6572480e+06   4.8950195e+01
   1.6575370e+06   4.0954590e+01
   1.6578540e+06   4.0527344e+01
   1.6782590e+06   4.4982910e+01
   1.6784720e+06   3.8208008e+01
   1.6786180e+06   3.8635254e+01
   1.7136020e+06   3.9733887e+01
   1.7136500e+06   3.9306641e+01
   1.7137390e+06   4.1320801e+01
   1.7138320e+06   4.2419434e+01
   1.7139580e+06   3.8146973e+01
   1.7139950e+06   3.8146973e+01
   1.7142460e+06   4.1015625e+01
   1.7597820e+06   4.5715332e+01
   1.7598630e+06   3.7902832e+01
   1.7598910e+06   4.7180176e+01
   1.7599670e+06   4.3823242e+01
   1.7600150e+06   5.2001953e+01
   2.1064050e+06   3.8696289e+01
   2.1066730e+06   4.2663574e+01
   2.1071710e+06   4.1198730e+01
   2.1071840e+06   4.7729492e+01
   2.1071990e+06   3.7902832e+01
   2.1072320e+06   3.7841797e+01
   2.1073390e+06   5.0292969e+01
   2.1087240e+06   3.9794922e+01
   2.1092630e+06   3.8513184e+01
   2.2748790e+06   3.9367676e+01
   2.2755370e+06   3.7292480e+01
   2.2760440e+06   4.2236328e+01
   2.2760650e+06   4.4860840e+01
   2.2760840e+06   4.2480469e+01
   2.2761650e+06   4.6142578e+01
   2.2762340e+06   5.1513672e+01
   2.2762690e+06   4.0039063e+01
   2.2764190e+06   4.3579102e+01
   2.2775450e+06   4.1870117e+01
   2.2779160e+06   3.7048340e+01
   2.2989150e+06   3.7109375e+01
   2.2989600e+06   3.8635254e+01
   2.2990010e+06   3.7414551e+01
   2.2990300e+06   4.7180176e+01
   2.2990880e+06   4.2602539e+01
   2.2991420e+06   4.4799805e+01
   2.2991780e+06   5.0292969e+01
   2.2991940e+06   3.9611816e+01
   2.2992190e+06   4.3701172e+01
   2.2992340e+06   3.7048340e+01
   2.2992690e+06   4.0222168e+01
   2.2993030e+06   3.9855957e+01
   2.2994450e+06   3.7414551e+01
   2.3008720e+06   4.3090820e+01
   2.5370810e+06   5.6213379e+01
   2.5371420e+06   3.7536621e+01
   2.5371700e+06   4.4799805e+01
   2.5372150e+06   3.9428711e+01
   2.5372640e+06   3.9062500e+01
   2.5373700e+06   4.0222168e+01
   2.5382940e+06   4.5776367e+01
   2.5386810e+06   5.0659180e+01
   2.6791580e+06   3.8452148e+01
   2.6793450e+06   4.2480469e+01
   2.6793690e+06   3.7841797e+01
   2.6793960e+06   4.7485352e+01
   2.6794180e+06   4.0710449e+01
   2.6794860e+06   3.9123535e+01
   2.6795150e+06   4.2175293e+01
   2.6795350e+06   5.0415039e+01
   2.6795760e+06   3.7475586e+01
   2.6813010e+06   3.7353516e+01
   2.8661010e+06   4.2907715e+01
   2.8662340e+06   4.3640137e+01
   2.8664060e+06   5.5786133e+01
   2.8664590e+06   3.8269043e+01
   2.8664940e+06   4.3212891e+01
   2.8665970e+06   4.1870117e+01
   2.8666630e+06   4.2907715e+01
   2.8682560e+06   3.9062500e+01
   3.0755730e+06   4.6447754e+01
   3.0755990e+06   3.8330078e+01
   3.0756390e+06   4.0466309e+01
   3.0756670e+06   4.4860840e+01
   3.0756770e+06   5.7250977e+01
   3.0757170e+06   3.7353516e+01
   3.0757360e+06   4.2785645e+01
   3.0757730e+06   4.1381836e+01
   3.0757920e+06   3.9184570e+01
   3.0758210e+06   3.8269043e+01
   3.0759180e+06   3.7475586e+01
   3.0779430e+06   3.7353516e+01
   3.0780600e+06   4.0466309e+01
   3.0787520e+06   3.7170410e+01
   3.2446740e+06   3.7048340e+01
   3.2446950e+06   4.7119141e+01
   3.2447090e+06   4.1442871e+01
   3.2447420e+06   4.9133301e+01
   3.2448210e+06   4.9499512e+01
   3.2448550e+06   5.8227539e+01
   3.2448940e+06   3.8208008e+01
   3.2449180e+06   4.8278809e+01
   3.2449500e+06   4.4372559e+01
   3.2449920e+06   3.7780762e+01
   3.2474350e+06   3.8574219e+01
   3.3634720e+06   3.8085938e+01
   3.3634850e+06   3.9062500e+01
   3.3635430e+06   3.7475586e+01
   3.3635760e+06   3.8085938e+01
   3.3636110e+06   3.8146973e+01
   3.3636400e+06   4.4372559e+01
   3.3652860e+06   3.9001465e+01
   3.3809850e+06   3.7170410e+01
   3.3810560e+06   4.0222168e+01
   3.3810950e+06   4.2968750e+01
   3.3811080e+06   6.3232422e+01
   3.3811350e+06   3.9367676e+01
   3.3811670e+06   3.7109375e+01
   3.3811910e+06   4.9987793e+01
   3.3812220e+06   4.7973633e+01
   3.3812690e+06   4.0222168e+01
   3.3813040e+06   3.7597656e+01
   3.3813280e+06   4.5593262e+01
   3.3950170e+06   4.7241211e+01
   3.3950900e+06   4.0161133e+01
   3.3951550e+06   3.9001465e+01
   3.3952360e+06   4.5532227e+01
   3.3952470e+06   4.3579102e+01
   3.3952760e+06   4.3029785e+01
   3.3953510e+06   4.1687012e+01
   3.4069720e+06   4.5654297e+01
   3.4070160e+06   3.7536621e+01
   3.4189130e+06   4.2541504e+01
   3.4191400e+06   4.5288086e+01
   3.4305350e+06   3.9428711e+01
   3.4307430e+06   4.1442871e+01
   3.4309410e+06   4.5410156e+01
   3.4439880e+06   3.9245605e+01
   3.4440450e+06   5.8166504e+01
   3.4440880e+06   4.4311523e+01
   3.4441050e+06   3.7353516e+01
   3.4442090e+06   4.5166016e+01
   3.4444420e+06   4.1198730e+01
   3.4553760e+06   3.7231445e+01
   3.4554120e+06   4.7546387e+01
   3.4554850e+06   3.9367676e+01
   3.4555840e+06   3.7292480e+01
   3.4559190e+06   3.8879395e+01
   3.4665820e+06   3.8940430e+01
   3.4666490e+06   3.8574219e+01
   3.4668470e+06   4.1320801e+01
   3.4821040e+06   3.7597656e+01
   3.4822130e+06   4.5104980e+01
   3.4822680e+06   4.0222168e+01
   3.4824040e+06   4.4006348e+01
   3.4947980e+06   4.6142578e+01
   3.4949390e+06   4.3945313e+01
   3.5074550e+06   4.1015625e+01
   3.5074920e+06   3.7780762e+01
   3.5076070e+06   4.3884277e+01
   3.5201700e+06   3.7719727e+01
   3.5203800e+06   4.0527344e+01
   3.5336680e+06   3.8208008e+01
   3.5558300e+06   4.1198730e+01
   3.5559700e+06   4.3518066e+01
   3.5562130e+06   4.2114258e+01
   3.5564640e+06   4.1625977e+01
   3.5566840e+06   4.0222168e+01
   4.0299390e+06   3.9001465e+01
   4.0299750e+06   3.7048340e+01
   4.0300070e+06   4.0466309e+01
   4.0300800e+06   4.1625977e+01
   4.0301040e+06   4.6630859e+01
   4.0301640e+06   4.8095703e+01
   4.0302530e+06   4.0222168e+01
   4.0316550e+06   3.8940430e+01
   4.2378110e+06   4.3151855e+01
   4.2379060e+06   5.3100586e+01
   4.2379840e+06   3.7536621e+01
   4.2380310e+06   4.5288086e+01
   4.2380910e+06   4.0039063e+01
   4.2381400e+06   4.0527344e+01
   4.4618170e+06   3.7414551e+01
   4.4620220e+06   4.0039063e+01
   4.4620480e+06   3.9306641e+01
   4.4621130e+06   5.2246094e+01
   4.4621270e+06   5.4199219e+01
   4.4622050e+06   4.2968750e+01
   4.4622210e+06   4.1687012e+01
   4.4622800e+06   4.1259766e+01
   4.4640020e+06   3.7658691e+01
   4.6341160e+06   4.2358398e+01
   4.6342350e+06   4.0344238e+01
   4.6342580e+06   4.5166016e+01
   4.6342690e+06   4.0588379e+01
   4.6342930e+06   3.7902832e+01
   4.6343460e+06   3.7597656e+01
   4.6343780e+06   4.1137695e+01
   4.6344270e+06   4.1015625e+01
   4.6344390e+06   4.3212891e+01
   4.6345000e+06   4.1564941e+01
   4.6345210e+06   4.0039063e+01
   4.6362390e+06   3.8391113e+01
   4.6364610e+06   4.0466309e+01
   4.8381410e+06   5.0476074e+01
   4.8381710e+06   3.7353516e+01
   4.8382010e+06   4.3029785e+01
   4.8382280e+06   4.9133301e+01
   4.8382470e+06   5.1940918e+01
   4.8383000e+06   3.9123535e+01
   4.8397360e+06   3.9306641e+01
   4.8402600e+06   4.4128418e+01
   4.8524430e+06   3.8574219e+01
   4.8524980e+06   3.9550781e+01
   4.8525410e+06   4.6508789e+01
   4.8525760e+06   5.3222656e+01
   4.8525920e+06   3.8208008e+01
   4.8527030e+06   4.0344238e+01
   4.8527290e+06   4.3579102e+01
   4.8529270e+06   3.7414551e+01
   4.8658920e+06   4.3212891e+01
   4.8659770e+06   3.7963867e+01
   4.8660100e+06   4.9499512e+01
   4.8661050e+06   3.8696289e+01
   4.8662110e+06   3.7414551e+01
   4.8666720e+06   4.2419434e+01
   4.8668110e+06   4.2968750e+01
   4.8790380e+06   5.1818848e+01
   4.8790670e+06   3.8208008e+01
   4.8793080e+06   3.8513184e+01
   4.9025130e+06   4.2846680e+01
   4.9025920e+06   5.3283691e+01
   4.9026280e+06   4.3457031e+01
   4.9026700e+06   5.5908203e+01
   4.9027330e+06   3.9306641e+01
   4.9029400e+06   4.0710449e+01
   4.9218750e+06   4.2297363e+01
   4.9219750e+06   4.0466309e+01
   4.9220420e+06   4.5837402e+01
   4.9220670e+06   4.3395996e+01
   4.9223410e+06   3.7292480e+01
   4.9226780e+06   3.9123535e+01
   4.9227130e+06   3.9733887e+01
   4.9376200e+06   3.9245605e+01
   4.9377220e+06   3.7353516e+01
   4.9379020e+06   4.2724609e+01
   4.9379850e+06   4.1015625e+01
   4.9381190e+06   4.8889160e+01
   4.9503790e+06   3.8208008e+01
   4.9504050e+06   4.2297363e+01
   4.9505940e+06   4.6508789e+01
   4.9679200e+06   4.2724609e+01
   4.9679540e+06   4.1076660e+01
   4.9680350e+06   3.9001465e+01
   4.9812820e+06   4.0710449e+01
   4.9813670e+06   4.7851563e+01
   4.9816840e+06   3.7719727e+01
   4.9938960e+06   3.9123535e+01
   5.0084880e+06   3.9306641e+01
   5.0086080e+06   3.8391113e+01
   5.0361310e+06   4.0405273e+01
   5.0366650e+06   3.7414551e+01
   5.0496830e+06   4.6691895e+01
   5.0498950e+06   3.9672852e+01
   5.0729040e+06   3.7048340e+01
   5.0729560e+06   3.7780762e+01
   5.0734200e+06   4.2846680e+01
   5.5407080e+06   4.9255371e+01
   5.5407880e+06   3.9794922e+01
   5.5407990e+06   4.2175293e+01
   5.5408390e+06   4.4738770e+01
   5.5408900e+06   4.0283203e+01
   5.5409500e+06   3.7902832e+01
   5.5411150e+06   3.8818359e+01
   5.8316450e+06   5.5541992e+01
   5.8316680e+06   5.0842285e+01
   5.8317190e+06   5.3527832e+01
   5.8317320e+06   4.7119141e+01
   5.8317660e+06   4.6875000e+01
   5.8318280e+06   3.8146973e+01
   5.8497160e+06   4.4250488e+01
   5.8498240e+06   3.7780762e+01
   5.8498490e+06   5.4382324e+01
   5.8498710e+06   5.5297852e+01
   5.8499040e+06   4.1137695e+01
   5.8499300e+06   4.1687012e+01
   5.8499600e+06   4.7058105e+01
   5.8499800e+06   3.8208008e+01
   5.8500870e+06   4.6569824e+01
   5.8503530e+06   3.9978027e+01
   5.8506190e+06   3.7048340e+01
   5.8512760e+06   3.7170410e+01
   5.8698380e+06   4.6447754e+01
   5.8699150e+06   4.5227051e+01
   5.8699400e+06   3.8818359e+01
   5.8699670e+06   5.1086426e+01
   5.8699930e+06   3.8330078e+01
   5.8700340e+06   3.8208008e+01
   5.8700500e+06   4.4433594e+01
   5.8702130e+06   3.8085938e+01
   5.8703480e+06   4.2175293e+01
   5.8709350e+06   3.7902832e+01
   5.8951670e+06   3.7719727e+01
   5.8952370e+06   3.8208008e+01
   5.8952690e+06   4.3395996e+01
   5.8969390e+06   4.1137695e+01
   5.9262690e+06   3.7780762e+01
   5.9263600e+06   7.5256348e+01
   5.9264070e+06   6.4514160e+01
   5.9265850e+06   4.1503906e+01
   5.9266160e+06   5.8288574e+01
   5.9269660e+06   4.0100098e+01
   5.9272890e+06   3.8269043e+01
   5.9273290e+06   3.7597656e+01
   5.9441010e+06   4.1076660e+01
   5.9442510e+06   4.6447754e+01
   5.9442770e+06   5.0170898e+01
   5.9442910e+06   6.5673828e+01
   5.9444640e+06   4.3518066e+01
   5.9445530e+06   3.8391113e+01
   5.9446280e+06   3.7292480e+01
   5.9664560e+06   3.8391113e+01
   5.9664780e+06   4.0466309e+01
   5.9664960e+06   3.9123535e+01
   5.9665540e+06   4.9133301e+01
   5.9665780e+06   4.0161133e+01
   5.9666110e+06   3.8574219e+01
   5.9666320e+06   3.8330078e+01
   5.9666550e+06   4.6691895e+01
   5.9667090e+06   3.7475586e+01
   5.9668490e+06   4.4982910e+01
   5.9669270e+06   3.7353516e+01
   5.9671440e+06   3.7048340e+01
   5.9930070e+06   4.6020508e+01
   5.9931250e+06   4.6569824e+01
   5.9931970e+06   3.7231445e+01
   5.9933000e+06   4.0832520e+01
   5.9933830e+06   3.7170410e+01
   5.9935270e+06   3.9184570e+01
   5.9936800e+06   4.0588379e+01
   5.9940800e+06   3.7414551e+01
   6.0166600e+06   4.3457031e+01
   6.0167650e+06   3.9184570e+01
   6.0167870e+06   3.9916992e+01
   6.0168510e+06   4.7180176e+01
   6.0168950e+06   3.9978027e+01
   6.0169660e+06   4.4494629e+01
   6.0171580e+06   3.9489746e+01
   6.0173560e+06   4.4860840e+01
   6.5487200e+06   4.3273926e+01
   6.5487680e+06   4.1442871e+01
   6.5487810e+06   5.2917480e+01
   6.5488160e+06   4.9743652e+01
   6.5488320e+06   5.4260254e+01
   6.5488640e+06   4.1870117e+01
   6.5489200e+06   3.8757324e+01
   6.5504580e+06   3.9123535e+01
   6.5505340e+06   4.3579102e+01
   6.5507550e+06   3.8940430e+01
   6.8381900e+06   4.4860840e+01
   6.8382280e+06   4.6997070e+01
   6.8382500e+06   4.2907715e+01
   6.8382620e+06   4.0893555e+01
   6.8383610e+06   3.8085938e+01
   6.8402540e+06   3.9611816e+01
   6.8558220e+06   4.9133301e+01
   6.8559080e+06   4.0222168e+01
   6.8559610e+06   5.8044434e+01
   6.8560030e+06   4.2541504e+01
   6.8560550e+06   4.2358398e+01
   6.8561030e+06   3.7414551e+01
   6.8561850e+06   3.7475586e+01
   6.8562790e+06   3.7963867e+01
   6.8735660e+06   3.7109375e+01
   6.8735870e+06   4.3334961e+01
   6.8737010e+06   4.3212891e+01
   6.8737280e+06   3.7597656e+01
   6.8738840e+06   4.8706055e+01
   6.8740230e+06   4.0283203e+01
   6.8936150e+06   4.0161133e+01
   6.8937500e+06   3.9123535e+01
   6.8937760e+06   5.2673340e+01
   6.8938290e+06   4.2663574e+01
   6.8939870e+06   3.7597656e+01
   6.8943050e+06   4.2724609e+01
   6.9136690e+06   4.2602539e+01
   6.9138100e+06   4.1748047e+01
   6.9139040e+06   3.7170410e+01
   6.9139500e+06   4.5898438e+01
   6.9148780e+06   3.7292480e+01
   6.9302160e+06   3.9916992e+01
   6.9303380e+06   4.2297363e+01
   6.9303510e+06   5.4016113e+01
   6.9307210e+06   4.4860840e+01
   6.9507160e+06   4.1870117e+01
   6.9507750e+06   3.7475586e+01
   6.9508460e+06   4.0527344e+01
   6.9509300e+06   3.9794922e+01
   6.9509630e+06   4.6203613e+01
   6.9684280e+06   3.8513184e+01
   6.9684910e+06   4.2785645e+01
   6.9685600e+06   4.3518066e+01
   6.9686330e+06   4.6203613e+01
   6.9687000e+06   3.7658691e+01
   6.9856040e+06   3.7231445e+01
   6.9857170e+06   3.9672852e+01
   6.9857590e+06   3.9306641e+01
   7.0001130e+06   4.0161133e+01
   7.0002270e+06   3.8024902e+01
   7.0003150e+06   4.3090820e+01
   7.0350690e+06   4.1687012e+01
   7.0351780e+06   3.8330078e+01
   7.0354200e+06   4.3457031e+01
   7.0528430e+06   3.9611816e+01
   7.0901060e+06   4.1625977e+01
   7.0901390e+06   3.9978027e+01
   7.0902100e+06   3.7963867e+01
   7.0902220e+06   5.1635742e+01
   7.0903100e+06   4.6081543e+01
   7.6224240e+06   3.9978027e+01
   7.6224520e+06   4.0832520e+01
   7.6224710e+06   4.6447754e+01
   7.6224870e+06   4.3273926e+01
   7.6225000e+06   4.2236328e+01
   7.6225780e+06   4.3029785e+01
   7.6240170e+06   3.8146973e+01
   7.6585470e+06   3.9001465e+01
   7.6586420e+06   3.7475586e+01
   7.6586930e+06   4.6691895e+01
   7.6587660e+06   4.2114258e+01
   7.6587850e+06   4.1137695e+01
   7.6588820e+06   3.9794922e+01
   7.6589240e+06   3.7841797e+01
   7.6589510e+06   3.9001465e+01
   7.6590180e+06   3.8574219e+01
   7.7023440e+06   4.1259766e+01
   7.7024030e+06   4.5410156e+01
   7.7024470e+06   3.7353516e+01
   7.7024640e+06   4.1442871e+01
   7.7025060e+06   4.5898438e+01
   7.7025560e+06   3.8696289e+01
   7.7448010e+06   3.7841797e+01
   7.7448900e+06   3.8574219e+01
   7.7449420e+06   5.9875488e+01
   7.7449950e+06   4.3457031e+01
   7.7450380e+06   3.9062500e+01
   7.7452020e+06   4.5532227e+01
   7.8019420e+06   3.7414551e+01
   7.8020900e+06   4.6875000e+01
   7.8215630e+06   3.8513184e+01
   7.8217030e+06   5.1513672e+01
   7.8218020e+06   3.9245605e+01
   7.8222650e+06   3.8574219e+01
   7.8223550e+06   3.7841797e+01
   8.3415700e+06   3.8452148e+01
   8.3415870e+06   5.3955078e+01
   8.3416550e+06   4.5227051e+01
   8.3416720e+06   4.6630859e+01
   8.3416860e+06   4.1870117e+01
   8.3417110e+06   3.9428711e+01
   8.3417600e+06   3.9306641e+01
   8.3417860e+06   3.7902832e+01
   8.3436440e+06   3.7414551e+01
   8.4993130e+06   4.1564941e+01
   8.4995600e+06   4.0161133e+01
   8.4995960e+06   4.0527344e+01
   8.4996130e+06   3.7109375e+01
   8.4996840e+06   4.0344238e+01
   8.4997340e+06   4.3212891e+01
   8.4997460e+06   3.7231445e+01
   8.4997950e+06   4.1015625e+01
   8.5312730e+06   3.7597656e+01
   8.5313240e+06   4.7485352e+01
   8.5313660e+06   4.8095703e+01
   8.5314710e+06   4.5349121e+01
   8.5315010e+06   3.7109375e+01
   8.5315300e+06   4.4799805e+01
   8.5316910e+06   3.9306641e+01
   8.5487560e+06   4.5593262e+01
   8.5490520e+06   4.7485352e+01
   8.5491370e+06   3.7170410e+01
   8.5498780e+06   3.9550781e+01
   8.5731940e+06   3.7414551e+01
   8.5733050e+06   4.4616699e+01
   8.5733680e+06   3.7109375e+01
   8.5734580e+06   4.4128418e+01
   8.5734750e+06   5.0659180e+01
   8.5736290e+06   3.9062500e+01
   8.5736640e+06   3.7841797e+01
   8.5741070e+06   3.7841797e+01
   8.6048780e+06   4.1259766e+01
   8.6049650e+06   4.1076660e+01
   8.6049840e+06   3.7719727e+01
   8.6050210e+06   4.6447754e+01
   8.6050720e+06   3.9489746e+01
   8.6051390e+06   4.6203613e+01
   8.6058560e+06   4.2236328e+01
   8.6570140e+06   4.2236328e+01
   8.6570310e+06   4.0100098e+01
   8.6571320e+06   4.1625977e+01
   8.6571470e+06   4.1198730e+01
   8.6571740e+06   4.1015625e+01
   8.6571970e+06   4.6630859e+01
   8.6572370e+06   5.4016113e+01
   8.6573380e+06   3.7414551e+01
   8.6573800e+06   4.4921875e+01
   8.6574730e+06   3.9916992e+01
   9.0751860e+06   4.2724609e+01
   9.0752480e+06   3.9978027e+01
   9.0752640e+06   5.4992676e+01
   9.0753300e+06   4.1137695e+01
   9.0753580e+06   5.5236816e+01
   9.0769300e+06   4.6386719e+01
   9.5838570e+06   3.7292480e+01
   9.5838940e+06   3.8146973e+01
   9.5839100e+06   5.4016113e+01
   9.5839610e+06   3.9550781e+01
   9.5839970e+06   3.8513184e+01
   9.5840610e+06   3.7353516e+01
   9.5840950e+06   3.7719727e+01
   9.5841200e+06   3.8696289e+01
   9.9243680e+06   5.2551270e+01
   9.9244010e+06   3.9672852e+01
   9.9244370e+06   3.8574219e+01
   9.9245680e+06   3.7292480e+01
   9.9260950e+06   3.7109375e+01
   9.9268030e+06   4.2785645e+01
   9.9685680e+06   3.7048340e+01
   9.9686580e+06   3.9794922e+01
   9.9686780e+06   4.3395996e+01
   9.9687030e+06   4.5104980e+01
   9.9687340e+06   5.1696777e+01
   9.9687530e+06   3.7231445e+01
   9.9689290e+06   3.7963867e+01
   9.9692860e+06   4.1992188e+01
   9.9983240e+06   4.6752930e+01
   1.0037841e+07   3.7231445e+01
   1.0037930e+07   3.9245605e+01
   1.0037964e+07   3.7597656e+01
   1.0038006e+07   3.8879395e+01
   1.0038038e+07   3.9245605e+01
   1.0038121e+07   3.8513184e+01
   1.0038255e+07   3.7658691e+01
   1.0038462e+07   4.3823242e+01
   1.0078522e+07   4.5349121e+01
   1.0078573e+07   4.4250488e+01
   1.0078721e+07   4.0283203e+01
   1.0137176e+07   4.0100098e+01
   1.0137200e+07   3.9916992e+01
   1.0137257e+07   3.8146973e+01
   1.0137352e+07   4.6997070e+01
   1.0859551e+07   4.7851563e+01
   1.0859581e+07   4.0161133e+01
   1.0859596e+07   4.3212891e+01
   1.0859632e+07   5.8410645e+01
   1.0859724e+07   3.8696289e+01
   1.0859851e+07   3.8208008e+01
   1.0861867e+07   3.9001465e+01
   1.1217907e+07   5.7678223e+01
   1.1217923e+07   3.9550781e+01
   1.1217957e+07   4.7790527e+01
   1.1217981e+07   4.4677734e+01
   1.1218051e+07   3.8879395e+01
   1.1274977e+07   3.7048340e+01
   1.1275058e+07   5.6945801e+01
   1.1275093e+07   3.9367676e+01
   1.1275125e+07   4.6142578e+01
   1.1275145e+07   4.7790527e+01
   1.1275217e+07   5.7250977e+01
   1.1275271e+07   3.8696289e+01
   1.1641648e+07   4.0100098e+01
   1.1641684e+07   3.9428711e+01
   1.1641698e+07   4.1870117e+01
   1.1641751e+07   5.8349609e+01
   1.1641772e+07   4.7729492e+01
   1.1641892e+07   3.8513184e+01
   1.1969625e+07   3.7109375e+01
   1.1969673e+07   4.4616699e+01
   1.1969695e+07   4.8278809e+01
   1.1969707e+07   4.3457031e+01
   1.1969745e+07   3.9794922e+01
   1.1969781e+07   5.4321289e+01
   1.1969912e+07   4.0161133e+01
