   1.1999000e+07   0.0000000e+00
   6.3870000e+03   3.7963867e+01
   6.5640000e+03   3.8940430e+01
   6.6050000e+03   3.7902832e+01
   6.7410000e+03   3.7597656e+01
   6.8270000e+03   3.5217285e+01
   6.8820000e+03   3.5888672e+01
   6.9530000e+03   3.5949707e+01
   7.0470000e+03   4.3579102e+01
   7.0680000e+03   4.0344238e+01
   7.5170000e+03   3.6376953e+01
   7.6350000e+03   3.6437988e+01
   7.7250000e+03   3.5156250e+01
   2.1594000e+04   3.5949707e+01
   2.1647000e+04   4.7302246e+01
   2.1696000e+04   5.6823730e+01
   2.1706000e+04   3.9794922e+01
   2.1780000e+04   3.9062500e+01
   2.1809000e+04   3.8146973e+01
   2.1821000e+04   5.5419922e+01
   2.1860000e+04   4.1748047e+01
   2.1870000e+04   4.0649414e+01
   2.1935000e+04   4.2175293e+01
   2.1967000e+04   5.9509277e+01
   2.2007000e+04   3.5095215e+01
   2.2089000e+04   4.4250488e+01
   2.2103000e+04   3.6499023e+01
   2.2182000e+04   3.5095215e+01
   2.2216000e+04   3.7902832e+01
   2.2239000e+04   3.9733887e+01
   3.9342000e+04   4.2663574e+01
   3.9449000e+04   4.0039063e+01
   3.9483000e+04   4.0771484e+01
   3.9511000e+04   4.9133301e+01
   3.9542000e+04   3.7780762e+01
   3.9629000e+04   3.9733887e+01
   3.9819000e+04   4.2785645e+01
   3.9844000e+04   3.7109375e+01
   3.9966000e+04   3.8208008e+01
   4.0033000e+04   3.8452148e+01
   4.0407000e+04   3.6376953e+01
   5.3675000e+04   3.9733887e+01
   5.3709000e+04   3.6132813e+01
   5.3735000e+04   4.9682617e+01
   5.3754000e+04   3.8513184e+01
   5.3846000e+04   3.7353516e+01
   5.3866000e+04   4.0161133e+01
   5.3893000e+04   3.7536621e+01
   5.3966000e+04   3.8391113e+01
   5.4033000e+04   3.5095215e+01
   5.4057000e+04   4.8339844e+01
   5.4078000e+04   4.4372559e+01
   5.4159000e+04   3.9001465e+01
   5.4188000e+04   3.8085938e+01
   6.7487000e+04   3.5217285e+01
   6.7623000e+04   3.5339355e+01
   6.7647000e+04   4.1625977e+01
   6.7806000e+04   3.5705566e+01
   6.7827000e+04   3.7963867e+01
   6.7941000e+04   3.9916992e+01
   6.8164000e+04   3.5278320e+01
   6.8378000e+04   4.1198730e+01
   6.9332000e+04   4.2114258e+01
   8.3391000e+04   4.0771484e+01
   8.3413000e+04   3.8208008e+01
   8.3457000e+04   4.7180176e+01
   8.3511000e+04   4.1259766e+01
   8.3533000e+04   3.6010742e+01
   8.3563000e+04   4.9194336e+01
   8.3695000e+04   4.1748047e+01
   8.3746000e+04   3.6254883e+01
   8.3891000e+04   3.5461426e+01
   8.3944000e+04   4.9072266e+01
   8.4192000e+04   3.5278320e+01
   1.0124900e+05   3.7597656e+01
   1.0126400e+05   4.3701172e+01
   1.0133800e+05   3.6071777e+01
   1.0135800e+05   3.9428711e+01
   1.0138500e+05   3.8696289e+01
   1.0141100e+05   3.6865234e+01
   1.0147100e+05   3.7353516e+01
   1.0150800e+05   3.8024902e+01
   1.0160700e+05   3.9855957e+01
   1.0178300e+05   4.0649414e+01
   1.0199100e+05   3.6621094e+01
   1.1993700e+05   3.8391113e+01
   1.2002300e+05   5.2612305e+01
   1.2012000e+05   3.7719727e+01
   1.2013100e+05   4.5776367e+01
   1.2018600e+05   3.8085938e+01
   1.2022100e+05   3.7475586e+01
   1.2023900e+05   3.7109375e+01
   1.2027800e+05   4.3090820e+01
   1.2032800e+05   3.9306641e+01
   1.2036700e+05   4.3273926e+01
   1.2042200e+05   4.1687012e+01
   1.2045900e+05   3.6804199e+01
   1.2067400e+05   4.4677734e+01
   1.2130400e+05   3.6132813e+01
   5.0999500e+05   3.5217285e+01
   5.1004600e+05   5.1330566e+01
   5.1006900e+05   6.8054199e+01
   5.1008200e+05   4.9072266e+01
   5.1011800e+05   4.8278809e+01
   5.1013600e+05   3.9001465e+01
   5.1014800e+05   4.3090820e+01
   5.1016400e+05   4.0161133e+01
   5.1019000e+05   3.6254883e+01
   5.1022800e+05   4.6691895e+01
   5.1026600e+05   3.9855957e+01
   5.1036100e+05   4.0710449e+01
   5.1038000e+05   3.8269043e+01
   5.1040900e+05   3.5522461e+01
   5.1053100e+05   3.9367676e+01
   5.1215000e+05   3.7902832e+01
   5.1267200e+05   3.5827637e+01
   6.8360500e+05   3.8818359e+01
   6.8366300e+05   5.6762695e+01
   6.8369500e+05   4.9743652e+01
   6.8372200e+05   4.7241211e+01
   6.8375700e+05   5.4382324e+01
   6.8378400e+05   5.8166504e+01
   6.8380800e+05   4.2419434e+01
   6.8385500e+05   4.4067383e+01
   6.8386900e+05   3.5156250e+01
   6.8394800e+05   3.7597656e+01
   6.8400900e+05   3.6010742e+01
   6.8420800e+05   4.6752930e+01
   6.8443200e+05   4.1137695e+01
   6.8476500e+05   3.5766602e+01
   6.8551200e+05   4.3884277e+01
   6.8579900e+05   3.7475586e+01
   6.8635000e+05   3.6071777e+01
   6.8670900e+05   3.5095215e+01
   8.3271900e+05   3.9916992e+01
   8.3276100e+05   4.4616699e+01
   8.3279000e+05   3.7963867e+01
   8.3283000e+05   4.7058105e+01
   8.3284600e+05   4.5104980e+01
   8.3286200e+05   3.7170410e+01
   8.3290300e+05   4.1381836e+01
   8.3292900e+05   5.3100586e+01
   8.3295200e+05   5.9387207e+01
   8.3298500e+05   4.1137695e+01
   8.3301100e+05   3.5095215e+01
   8.3307600e+05   4.3151855e+01
   8.3311500e+05   3.6560059e+01
   8.3316200e+05   3.9001465e+01
   8.3322300e+05   3.5400391e+01
   8.3360100e+05   3.8146973e+01
   8.3384400e+05   3.6560059e+01
   8.3390100e+05   3.5156250e+01
   8.3446400e+05   3.5644531e+01
   8.3480100e+05   3.5766602e+01
   8.3483400e+05   3.9306641e+01
   9.8770900e+05   3.5583496e+01
   9.8773400e+05   4.0039063e+01
   9.8776400e+05   5.3405762e+01
   9.8779900e+05   5.4687500e+01
   9.8781500e+05   7.6538086e+01
   9.8783600e+05   3.8757324e+01
   9.8786100e+05   4.0588379e+01
   9.8790400e+05   4.5837402e+01
   9.8792600e+05   4.0344238e+01
   9.8794500e+05   4.5959473e+01
   9.8796200e+05   3.7048340e+01
   9.8800000e+05   4.1320801e+01
   9.8801900e+05   4.0527344e+01
   9.8868000e+05   4.2236328e+01
   9.8901900e+05   3.6621094e+01
   9.8907500e+05   3.8574219e+01
   9.8933500e+05   3.9855957e+01
   9.8941900e+05   4.1015625e+01
   9.8949600e+05   3.8574219e+01
   9.8955600e+05   3.5339355e+01
   9.8978000e+05   3.6315918e+01
   9.9007700e+05   3.6621094e+01
   9.9014200e+05   3.7780762e+01
   9.9027200e+05   3.5156250e+01
   1.2693240e+06   4.3579102e+01
   1.2693430e+06   4.2114258e+01
   1.2693530e+06   5.1818848e+01
   1.2693730e+06   3.7719727e+01
   1.2694030e+06   4.7058105e+01
   1.2694240e+06   4.0405273e+01
   1.2694500e+06   4.9926758e+01
   1.2694850e+06   5.5480957e+01
   1.2695360e+06   4.3518066e+01
   1.2695610e+06   5.4443359e+01
   1.2695990e+06   4.7973633e+01
   1.2696390e+06   3.6254883e+01
   1.2704110e+06   4.8156738e+01
   1.2706310e+06   4.7912598e+01
   1.2707150e+06   3.8330078e+01
   1.2708830e+06   3.5583496e+01
   1.2709540e+06   3.5827637e+01
   1.2710050e+06   3.8146973e+01
   1.2712120e+06   4.1381836e+01
   1.2714910e+06   3.5644531e+01
   1.2716490e+06   3.7902832e+01
   1.2719920e+06   3.6193848e+01
   1.3689260e+06   4.3579102e+01
   1.3689620e+06   6.0241699e+01
   1.3689880e+06   4.8583984e+01
   1.3690040e+06   3.5949707e+01
   1.3690340e+06   4.6752930e+01
   1.3690500e+06   8.0322266e+01
   1.3690680e+06   5.4992676e+01
   1.3690990e+06   4.5715332e+01
   1.3691090e+06   3.9184570e+01
   1.3691440e+06   4.3395996e+01
   1.3692200e+06   4.2358398e+01
   1.3693170e+06   3.5949707e+01
   1.3693730e+06   3.9855957e+01
   1.3696670e+06   3.6193848e+01
   1.3698130e+06   3.5400391e+01
   1.3706240e+06   3.8269043e+01
   1.3706920e+06   3.5705566e+01
   1.3708000e+06   4.0405273e+01
   1.3708900e+06   3.6376953e+01
   1.3710990e+06   3.8269043e+01
   1.3711910e+06   3.6193848e+01
   1.3929740e+06   3.7109375e+01
   1.3929980e+06   4.3212891e+01
   1.3930280e+06   5.1757813e+01
   1.3930660e+06   4.3518066e+01
   1.3930780e+06   4.5654297e+01
   1.3930880e+06   8.3374023e+01
   1.3931230e+06   4.9316406e+01
   1.3931610e+06   4.7607422e+01
   1.3931790e+06   4.9621582e+01
   1.3932140e+06   4.7546387e+01
   1.3932420e+06   5.1635742e+01
   1.3932820e+06   4.7729492e+01
   1.3938340e+06   4.5776367e+01
   1.3942680e+06   3.6987305e+01
   1.3948700e+06   3.7597656e+01
   1.3951390e+06   4.0039063e+01
   1.4069370e+06   5.9936523e+01
   1.4069480e+06   4.9377441e+01
   1.4069820e+06   3.9916992e+01
   1.4070100e+06   4.3823242e+01
   1.4070560e+06   4.1259766e+01
   1.4070900e+06   4.1381836e+01
   1.4071280e+06   3.9489746e+01
   1.4071930e+06   4.0222168e+01
   1.4072270e+06   3.6132813e+01
   1.4072710e+06   3.8269043e+01
   1.4073060e+06   4.5166016e+01
   1.4073470e+06   3.6560059e+01
   1.4073680e+06   4.0893555e+01
   1.4073840e+06   4.3457031e+01
   1.4073970e+06   4.2968750e+01
   1.4074310e+06   3.9855957e+01
   1.4074940e+06   3.5339355e+01
   1.4077360e+06   3.7536621e+01
   1.4077660e+06   3.8757324e+01
   1.4077960e+06   3.7048340e+01
   1.4082370e+06   4.5104980e+01
   1.4096660e+06   3.5156250e+01
   1.4296710e+06   4.9987793e+01
   1.4297050e+06   4.1625977e+01
   1.4297450e+06   3.8940430e+01
   1.4297780e+06   3.8757324e+01
   1.4298760e+06   3.8269043e+01
   1.4299210e+06   3.8024902e+01
   1.4299700e+06   4.0161133e+01
   1.4300140e+06   4.1076660e+01
   1.4300400e+06   4.8889160e+01
   1.4300640e+06   4.6997070e+01
   1.4300900e+06   5.3161621e+01
   1.4301360e+06   4.9255371e+01
   1.4302180e+06   4.2785645e+01
   1.4303520e+06   4.3334961e+01
   1.4308670e+06   3.5095215e+01
   1.4409800e+06   3.6071777e+01
   1.4410110e+06   4.0344238e+01
   1.4410480e+06   3.5949707e+01
   1.4410890e+06   4.1076660e+01
   1.4411480e+06   3.8879395e+01
   1.4412010e+06   3.6682129e+01
   1.4412170e+06   4.8889160e+01
   1.4412730e+06   3.9428711e+01
   1.4413380e+06   3.7292480e+01
   1.4413520e+06   3.8818359e+01
   1.4414870e+06   4.4128418e+01
   1.4415380e+06   5.0842285e+01
   1.4415680e+06   3.8452148e+01
   1.4415880e+06   4.6813965e+01
   1.4416370e+06   3.7719727e+01
   1.4417020e+06   3.5339355e+01
   1.4417980e+06   3.7780762e+01
   1.4421070e+06   4.1625977e+01
   1.4421640e+06   4.6203613e+01
   1.4427290e+06   3.5644531e+01
   1.4590570e+06   3.5583496e+01
   1.4591170e+06   3.5827637e+01
   1.4591290e+06   3.6682129e+01
   1.4591450e+06   4.6447754e+01
   1.4591820e+06   4.3029785e+01
   1.4592100e+06   4.3090820e+01
   1.4592610e+06   3.7414551e+01
   1.4592870e+06   4.0039063e+01
   1.4593300e+06   3.8452148e+01
   1.4593480e+06   3.8635254e+01
   1.4593710e+06   4.8156738e+01
   1.4594000e+06   4.2907715e+01
   1.4594550e+06   3.6315918e+01
   1.4595300e+06   3.6621094e+01
   1.4596580e+06   4.1503906e+01
   1.4596990e+06   3.6437988e+01
   1.4597290e+06   4.0649414e+01
   1.4597620e+06   4.0832520e+01
   1.4602860e+06   3.6071777e+01
   1.4705930e+06   3.6865234e+01
   1.4706450e+06   5.1330566e+01
   1.4707270e+06   4.1931152e+01
   1.4707480e+06   5.3894043e+01
   1.4707780e+06   3.9184570e+01
   1.4708550e+06   3.7170410e+01
   1.4708810e+06   4.6813965e+01
   1.4709630e+06   3.8024902e+01
   1.4710010e+06   3.5888672e+01
   1.4711490e+06   3.7841797e+01
   1.4717260e+06   3.5949707e+01
   1.4891380e+06   4.2663574e+01
   1.4891850e+06   5.3222656e+01
   1.4891970e+06   4.6997070e+01
   1.4892340e+06   4.1809082e+01
   1.4893040e+06   5.6762695e+01
   1.4893270e+06   5.4565430e+01
   1.4893450e+06   4.5593262e+01
   1.4894000e+06   4.3212891e+01
   1.4894120e+06   4.8706055e+01
   1.4894740e+06   3.5888672e+01
   1.4894890e+06   4.3884277e+01
   1.4895200e+06   4.0649414e+01
   1.4895370e+06   3.7170410e+01
   1.4895650e+06   3.6437988e+01
   1.4895910e+06   4.1870117e+01
   1.4896550e+06   4.0527344e+01
   1.4897700e+06   3.5278320e+01
   1.4898420e+06   3.7902832e+01
   1.4901230e+06   3.7109375e+01
   1.4999640e+06   3.8696289e+01
   1.5000990e+06   3.6254883e+01
   1.5001310e+06   3.8330078e+01
   1.5002370e+06   3.5766602e+01
   1.5002670e+06   5.8898926e+01
   1.5002800e+06   3.9489746e+01
   1.5003200e+06   3.7597656e+01
   1.5006120e+06   4.2480469e+01
   1.5006610e+06   3.7658691e+01
   1.5007130e+06   3.5583496e+01
   1.5007700e+06   3.9794922e+01
   1.5010660e+06   3.9489746e+01
   1.5105920e+06   4.4311523e+01
   1.5107080e+06   4.5715332e+01
   1.5107880e+06   3.7963867e+01
   1.5108800e+06   4.1748047e+01
   1.5109170e+06   3.7841797e+01
   1.5109600e+06   4.3212891e+01
   1.5110160e+06   3.7536621e+01
   1.5110530e+06   3.9733887e+01
   1.5110640e+06   4.1992188e+01
   1.5111440e+06   4.0893555e+01
   1.5111680e+06   3.6010742e+01
   1.5112160e+06   4.5410156e+01
   1.5112840e+06   3.5888672e+01
   1.5115530e+06   3.5339355e+01
   1.5219350e+06   3.5522461e+01
   1.5220160e+06   4.6569824e+01
   1.5220850e+06   4.0893555e+01
   1.5222250e+06   3.7902832e+01
   1.5222600e+06   4.3090820e+01
   1.5223330e+06   3.7719727e+01
   1.5223650e+06   4.9377441e+01
   1.5223900e+06   4.0161133e+01
   1.5224080e+06   3.5095215e+01
   1.5224600e+06   3.6621094e+01
   1.5225370e+06   3.5095215e+01
   1.5225550e+06   3.7231445e+01
   1.5226290e+06   3.7963867e+01
   1.5227480e+06   3.6437988e+01
   1.5229480e+06   3.8146973e+01
   1.5331760e+06   4.9255371e+01
   1.5332840e+06   3.8269043e+01
   1.5333920e+06   4.2846680e+01
   1.5334660e+06   4.0710449e+01
   1.5335060e+06   3.7475586e+01
   1.5336440e+06   3.9733887e+01
   1.5337550e+06   3.9123535e+01
   1.5337800e+06   3.5949707e+01
   1.5338130e+06   3.5522461e+01
   1.5339770e+06   3.6071777e+01
   1.5340660e+06   3.9184570e+01
   1.5341190e+06   4.1809082e+01
   1.5475370e+06   4.9682617e+01
   1.5476140e+06   4.2480469e+01
   1.5476840e+06   3.6437988e+01
   1.5477090e+06   4.0466309e+01
   1.5477340e+06   3.6193848e+01
   1.5477710e+06   3.5583496e+01
   1.5477970e+06   5.3222656e+01
   1.5478320e+06   3.8696289e+01
   1.5478540e+06   4.5104980e+01
   1.5478650e+06   3.6804199e+01
   1.5478880e+06   4.7180176e+01
   1.5479270e+06   3.6010742e+01
   1.5479700e+06   3.8757324e+01
   1.5480590e+06   3.6499023e+01
   1.5482590e+06   3.8024902e+01
   1.5489790e+06   3.6865234e+01
   1.5497090e+06   3.8940430e+01
   1.5629520e+06   3.9367676e+01
   1.5630380e+06   4.4982910e+01
   1.5631630e+06   4.0527344e+01
   1.5632380e+06   3.8513184e+01
   1.5632700e+06   3.8940430e+01
   1.5633990e+06   3.9001465e+01
   1.5634560e+06   4.1992188e+01
   1.5634850e+06   4.1931152e+01
   1.5635020e+06   3.5400391e+01
   1.5636860e+06   3.7963867e+01
   1.5638100e+06   3.6743164e+01
   1.5753800e+06   3.6560059e+01
   1.5754610e+06   3.7597656e+01
   1.5754720e+06   3.5644531e+01
   1.5755840e+06   6.0668945e+01
   1.5757500e+06   3.7292480e+01
   1.5758280e+06   4.7546387e+01
   1.5760480e+06   3.6804199e+01
   1.5760940e+06   3.7841797e+01
   1.5762990e+06   3.5339355e+01
   1.5889350e+06   5.3527832e+01
   1.5889900e+06   4.3823242e+01
   1.5891060e+06   3.6560059e+01
   1.5892190e+06   3.8940430e+01
   1.5893960e+06   3.6926270e+01
   1.5894380e+06   3.6071777e+01
   1.5894700e+06   3.9733887e+01
   1.5895180e+06   4.0649414e+01
   1.5898980e+06   4.0405273e+01
   1.6084780e+06   3.8635254e+01
   1.6084880e+06   3.5095215e+01
   1.6085280e+06   4.1015625e+01
   1.6085680e+06   3.8269043e+01
   1.6086140e+06   3.5461426e+01
   1.6086510e+06   3.9916992e+01
   1.6086800e+06   3.8146973e+01
   1.6087590e+06   4.6630859e+01
   1.6087930e+06   3.5156250e+01
   1.6088230e+06   3.5766602e+01
   1.6088750e+06   3.5095215e+01
   1.6089240e+06   4.1564941e+01
   1.6089450e+06   4.0161133e+01
   1.6090370e+06   4.1503906e+01
   1.6091020e+06   3.6682129e+01
   1.6093880e+06   3.5156250e+01
   1.6326690e+06   4.1137695e+01
   1.6326960e+06   4.0710449e+01
   1.6327360e+06   4.2602539e+01
   1.6327550e+06   4.5654297e+01
   1.6327770e+06   3.6926270e+01
   1.6327970e+06   4.1259766e+01
   1.6328790e+06   3.5583496e+01
   1.6328920e+06   3.8208008e+01
   1.6329600e+06   3.6315918e+01
   1.6329800e+06   3.7048340e+01
   1.6330280e+06   3.8269043e+01
   1.6330460e+06   3.7719727e+01
   1.6330700e+06   3.6376953e+01
   1.6331280e+06   3.8940430e+01
   1.6331390e+06   3.8696289e+01
   1.6331760e+06   5.5053711e+01
   1.6333730e+06   3.7475586e+01
   1.6572150e+06   3.6682129e+01
   1.6572400e+06   5.4016113e+01
   1.6572830e+06   3.8696289e+01
   1.6572980e+06   4.2968750e+01
   1.6573520e+06   3.6437988e+01
   1.6573680e+06   3.6804199e+01
   1.6573870e+06   3.5705566e+01
   1.6574140e+06   3.8757324e+01
   1.6574540e+06   3.6132813e+01
   1.6574880e+06   4.9011230e+01
   1.6575530e+06   4.0588379e+01
   1.6576900e+06   3.6437988e+01
   1.6580180e+06   3.6804199e+01
   1.6580760e+06   3.5888672e+01
   1.6783320e+06   4.2846680e+01
   1.6784000e+06   4.2114258e+01
   1.6784320e+06   4.9133301e+01
   1.6784480e+06   4.1442871e+01
   1.6785200e+06   4.7485352e+01
   1.6785560e+06   3.9001465e+01
   1.6786330e+06   3.7353516e+01
   1.6786520e+06   3.5339355e+01
   1.6786720e+06   4.9194336e+01
   1.6787260e+06   3.7658691e+01
   1.6787670e+06   3.5156250e+01
   1.6793190e+06   4.0100098e+01
   1.7138210e+06   4.0649414e+01
   1.7138330e+06   3.9733887e+01
   1.7138730e+06   4.1381836e+01
   1.7139130e+06   4.3334961e+01
   1.7139420e+06   4.2053223e+01
   1.7139770e+06   3.9184570e+01
   1.7139900e+06   4.2358398e+01
   1.7140110e+06   4.9316406e+01
   1.7140620e+06   4.0893555e+01
   1.7140980e+06   3.9306641e+01
   1.7141330e+06   4.6264648e+01
   1.7141690e+06   3.7475586e+01
   1.7142100e+06   4.1503906e+01
   1.7145940e+06   3.9978027e+01
   1.7598940e+06   4.4616699e+01
   1.7599170e+06   3.7841797e+01
   1.7599360e+06   3.6804199e+01
   1.7599860e+06   4.3762207e+01
   1.7600000e+06   4.5654297e+01
   1.7600210e+06   3.5705566e+01
   1.7600560e+06   3.8269043e+01
   1.7600790e+06   3.8940430e+01
   1.7601080e+06   4.9255371e+01
   1.7601250e+06   4.1015625e+01
   1.7601800e+06   3.5339355e+01
   1.7602550e+06   4.3273926e+01
   1.7602790e+06   3.9978027e+01
   1.7603580e+06   4.3518066e+01
   2.1072210e+06   3.9794922e+01
   2.1072380e+06   4.6630859e+01
   2.1072940e+06   5.1330566e+01
   2.1073060e+06   5.3649902e+01
   2.1073450e+06   4.3212891e+01
   2.1073600e+06   6.0241699e+01
   2.1073910e+06   4.7790527e+01
   2.1074300e+06   4.2968750e+01
   2.1074410e+06   4.8217773e+01
   2.1074770e+06   3.8085938e+01
   2.1075350e+06   3.5522461e+01
   2.1075580e+06   3.8879395e+01
   2.1086870e+06   3.8452148e+01
   2.1093060e+06   3.8146973e+01
   2.1095600e+06   3.8818359e+01
   2.1096210e+06   3.5156250e+01
   2.2761470e+06   5.2673340e+01
   2.2761760e+06   4.6936035e+01
   2.2761920e+06   5.5969238e+01
   2.2762110e+06   3.8269043e+01
   2.2762420e+06   5.2001953e+01
   2.2762620e+06   4.1748047e+01
   2.2762890e+06   3.8513184e+01
   2.2763070e+06   3.7231445e+01
   2.2763260e+06   3.7353516e+01
   2.2763680e+06   3.9794922e+01
   2.2763820e+06   3.5278320e+01
   2.2763950e+06   3.6071777e+01
   2.2776560e+06   3.9916992e+01
   2.2778610e+06   4.1992188e+01
   2.2780360e+06   4.4982910e+01
   2.2781480e+06   3.8085938e+01
   2.2782060e+06   3.6926270e+01
   2.2991140e+06   4.6875000e+01
   2.2991390e+06   4.6203613e+01
   2.2991700e+06   5.3100586e+01
   2.2991920e+06   4.9682617e+01
   2.2992150e+06   4.6569824e+01
   2.2992450e+06   3.7719727e+01
   2.2992730e+06   4.1259766e+01
   2.2993040e+06   5.2124023e+01
   2.2993410e+06   4.1259766e+01
   2.2993990e+06   3.9916992e+01
   2.2994110e+06   4.0649414e+01
   2.2994850e+06   4.1992188e+01
   2.2996630e+06   4.0161133e+01
   2.3001840e+06   3.6376953e+01
   2.3010960e+06   4.3701172e+01
   2.5371300e+06   3.7475586e+01
   2.5371460e+06   4.5471191e+01
   2.5371760e+06   5.0598145e+01
   2.5372100e+06   7.7758789e+01
   2.5372360e+06   3.7902832e+01
   2.5372660e+06   4.7363281e+01
   2.5372760e+06   3.7231445e+01
   2.5372890e+06   4.8583984e+01
   2.5373250e+06   3.8269043e+01
   2.5373640e+06   6.4514160e+01
   2.5373990e+06   4.3518066e+01
   2.5376550e+06   4.1381836e+01
   2.5380360e+06   3.6499023e+01
   2.5385490e+06   4.0039063e+01
   2.5386850e+06   3.5278320e+01
   2.5389080e+06   3.6132813e+01
   2.5389300e+06   4.2053223e+01
   2.5390280e+06   3.6254883e+01
   2.6794760e+06   4.1320801e+01
   2.6794980e+06   5.0903320e+01
   2.6795120e+06   6.5246582e+01
   2.6795360e+06   4.2297363e+01
   2.6795550e+06   3.6376953e+01
   2.6795930e+06   3.8024902e+01
   2.6796200e+06   6.1584473e+01
   2.6797290e+06   3.7536621e+01
   2.6797710e+06   3.9978027e+01
   2.6798080e+06   4.2602539e+01
   2.6807960e+06   3.7048340e+01
   2.6809120e+06   4.7790527e+01
   2.6810520e+06   3.6926270e+01
   2.6814510e+06   4.7058105e+01
   2.8664240e+06   4.3640137e+01
   2.8664560e+06   4.5898438e+01
   2.8664700e+06   5.0598145e+01
   2.8664850e+06   3.5339355e+01
   2.8665400e+06   5.9448242e+01
   2.8665800e+06   5.2246094e+01
   2.8665910e+06   4.6386719e+01
   2.8666160e+06   3.8818359e+01
   2.8666520e+06   4.8156738e+01
   2.8667010e+06   3.5949707e+01
   2.8668520e+06   3.8818359e+01
   2.8679550e+06   3.7475586e+01
   2.8682020e+06   3.7353516e+01
   2.8684410e+06   4.0161133e+01
   2.8687620e+06   3.6865234e+01
   2.8695600e+06   3.8757324e+01
   3.0757170e+06   7.2265625e+01
   3.0757340e+06   3.6743164e+01
   3.0757520e+06   7.0556641e+01
   3.0757840e+06   7.2937012e+01
   3.0758070e+06   5.2368164e+01
   3.0758580e+06   4.6508789e+01
   3.0758880e+06   4.1809082e+01
   3.0759140e+06   4.2175293e+01
   3.0759480e+06   3.8574219e+01
   3.0759740e+06   3.6193848e+01
   3.0760170e+06   4.5715332e+01
   3.0761150e+06   3.7353516e+01
   3.0770900e+06   4.0527344e+01
   3.0773260e+06   3.7841797e+01
   3.0775490e+06   3.8208008e+01
   3.0778400e+06   3.8269043e+01
   3.0784310e+06   3.6376953e+01
   3.0785740e+06   3.7597656e+01
   3.2448390e+06   4.0649414e+01
   3.2448820e+06   4.2846680e+01
   3.2448990e+06   7.9528809e+01
   3.2449250e+06   3.6926270e+01
   3.2449400e+06   4.7424316e+01
   3.2449730e+06   4.6997070e+01
   3.2449970e+06   3.7536621e+01
   3.2450070e+06   4.5959473e+01
   3.2450430e+06   3.8269043e+01
   3.2450940e+06   3.5522461e+01
   3.2451190e+06   3.9428711e+01
   3.2451910e+06   3.5766602e+01
   3.2452140e+06   3.6376953e+01
   3.2454120e+06   3.7475586e+01
   3.2457510e+06   3.6499023e+01
   3.2459080e+06   3.5278320e+01
   3.2459540e+06   3.5339355e+01
   3.2467170e+06   3.9245605e+01
   3.2468030e+06   4.4067383e+01
   3.2468750e+06   4.0954590e+01
   3.2472780e+06   3.8574219e+01
   3.2474690e+06   3.8818359e+01
   3.2484190e+06   4.2236328e+01
   3.3635110e+06   3.8269043e+01
   3.3635360e+06   6.2255859e+01
   3.3635520e+06   6.2927246e+01
   3.3635620e+06   4.0344238e+01
   3.3635970e+06   4.1442871e+01
   3.3636130e+06   4.7058105e+01
   3.3636360e+06   4.7790527e+01
   3.3636580e+06   4.2663574e+01
   3.3636770e+06   5.2673340e+01
   3.3637090e+06   5.6945801e+01
   3.3637990e+06   3.9428711e+01
   3.3638160e+06   5.4748535e+01
   3.3638570e+06   3.6682129e+01
   3.3651270e+06   3.5522461e+01
   3.3654360e+06   3.5766602e+01
   3.3662540e+06   4.1320801e+01
   3.3664270e+06   3.7902832e+01
   3.3808060e+06   3.7475586e+01
   3.3808440e+06   4.4128418e+01
   3.3808730e+06   4.6203613e+01
   3.3809010e+06   7.1594238e+01
   3.3809280e+06   6.3415527e+01
   3.3809620e+06   5.0781250e+01
   3.3809880e+06   5.0354004e+01
   3.3810180e+06   4.0588379e+01
   3.3810360e+06   3.7292480e+01
   3.3810550e+06   4.1015625e+01
   3.3810750e+06   4.7119141e+01
   3.3810950e+06   3.8818359e+01
   3.3811180e+06   4.6997070e+01
   3.3812500e+06   3.5522461e+01
   3.3812840e+06   3.7475586e+01
   3.3813730e+06   3.5888672e+01
   3.3814450e+06   4.7973633e+01
   3.3820290e+06   3.5827637e+01
   3.3821550e+06   3.5278320e+01
   3.3829130e+06   3.6376953e+01
   3.3948050e+06   4.1198730e+01
   3.3948830e+06   5.5419922e+01
   3.3949480e+06   4.1687012e+01
   3.3949680e+06   4.4921875e+01
   3.3950410e+06   3.9001465e+01
   3.3950750e+06   4.1442871e+01
   3.3951080e+06   5.2612305e+01
   3.3951550e+06   4.1687012e+01
   3.3951720e+06   4.8889160e+01
   3.3952210e+06   4.1320801e+01
   3.3952440e+06   4.2785645e+01
   3.3953510e+06   3.9428711e+01
   3.3955720e+06   3.8269043e+01
   3.3957180e+06   3.6499023e+01
   3.3960400e+06   3.5644531e+01
   3.3960930e+06   3.5156250e+01
   3.3965550e+06   3.8452148e+01
   3.4065400e+06   3.6804199e+01
   3.4065550e+06   3.6560059e+01
   3.4066270e+06   3.9550781e+01
   3.4066850e+06   5.1940918e+01
   3.4067340e+06   4.3579102e+01
   3.4067560e+06   6.0974121e+01
   3.4068370e+06   4.2480469e+01
   3.4068930e+06   3.8757324e+01
   3.4069210e+06   3.8879395e+01
   3.4069680e+06   3.7475586e+01
   3.4069950e+06   3.7780762e+01
   3.4070520e+06   5.1879883e+01
   3.4071350e+06   3.6743164e+01
   3.4071960e+06   3.9306641e+01
   3.4072280e+06   3.7109375e+01
   3.4075950e+06   4.3579102e+01
   3.4076710e+06   3.7597656e+01
   3.4185640e+06   3.6743164e+01
   3.4185900e+06   4.4982910e+01
   3.4186950e+06   5.7189941e+01
   3.4188060e+06   3.8208008e+01
   3.4188160e+06   4.2114258e+01
   3.4188400e+06   3.7292480e+01
   3.4188660e+06   3.8330078e+01
   3.4188810e+06   3.9428711e+01
   3.4189410e+06   4.3212891e+01
   3.4189640e+06   3.6254883e+01
   3.4190140e+06   3.7475586e+01
   3.4190560e+06   3.5278320e+01
   3.4191170e+06   3.9367676e+01
   3.4191300e+06   4.4189453e+01
   3.4192060e+06   4.2724609e+01
   3.4193850e+06   4.0344238e+01
   3.4196660e+06   3.5461426e+01
   3.4199910e+06   3.7536621e+01
   3.4213430e+06   3.7109375e+01
   3.4300290e+06   3.8391113e+01
   3.4301510e+06   3.5156250e+01
   3.4301900e+06   3.9367676e+01
   3.4302360e+06   3.5705566e+01
   3.4302630e+06   3.9916992e+01
   3.4303030e+06   3.6865234e+01
   3.4303430e+06   5.6884766e+01
   3.4303690e+06   3.6010742e+01
   3.4303960e+06   3.8269043e+01
   3.4304410e+06   4.1748047e+01
   3.4304700e+06   3.8940430e+01
   3.4304950e+06   4.2053223e+01
   3.4306060e+06   3.8146973e+01
   3.4306270e+06   4.0771484e+01
   3.4306540e+06   4.7607422e+01
   3.4306720e+06   3.7902832e+01
   3.4306930e+06   3.5217285e+01
   3.4307550e+06   3.6926270e+01
   3.4309740e+06   3.5644531e+01
   3.4311110e+06   3.5705566e+01
   3.4313010e+06   3.8818359e+01
   3.4436550e+06   4.3823242e+01
   3.4436660e+06   3.9184570e+01
   3.4436850e+06   3.8818359e+01
   3.4437050e+06   4.2114258e+01
   3.4437290e+06   4.1442871e+01
   3.4437750e+06   4.0954590e+01
   3.4438160e+06   3.6376953e+01
   3.4438350e+06   3.6499023e+01
   3.4438660e+06   3.9184570e+01
   3.4438900e+06   3.6560059e+01
   3.4439200e+06   4.0405273e+01
   3.4439910e+06   3.6865234e+01
   3.4440420e+06   3.7841797e+01
   3.4440540e+06   3.6193848e+01
   3.4440990e+06   4.4311523e+01
   3.4441260e+06   3.5095215e+01
   3.4441480e+06   4.0527344e+01
   3.4442890e+06   3.6132813e+01
   3.4447040e+06   3.6926270e+01
   3.4447590e+06   3.6987305e+01
   3.4459520e+06   3.8085938e+01
   3.4548600e+06   3.5156250e+01
   3.4549200e+06   3.8085938e+01
   3.4550100e+06   4.1259766e+01
   3.4550320e+06   4.2907715e+01
   3.4550730e+06   4.1442871e+01
   3.4551440e+06   3.5888672e+01
   3.4552560e+06   3.6132813e+01
   3.4552780e+06   3.6132813e+01
   3.4553550e+06   4.4067383e+01
   3.4553750e+06   3.6193848e+01
   3.4556290e+06   3.8391113e+01
   3.4556560e+06   4.5227051e+01
   3.4560510e+06   4.5776367e+01
   3.4661790e+06   3.5766602e+01
   3.4662990e+06   3.8818359e+01
   3.4663600e+06   3.8208008e+01
   3.4664180e+06   4.8706055e+01
   3.4665310e+06   3.5095215e+01
   3.4665490e+06   4.7424316e+01
   3.4665850e+06   3.6987305e+01
   3.4666130e+06   4.2907715e+01
   3.4666450e+06   4.1381836e+01
   3.4666760e+06   4.0100098e+01
   3.4668210e+06   3.5644531e+01
   3.4668960e+06   3.7963867e+01
   3.4671340e+06   3.6010742e+01
   3.4672210e+06   3.8452148e+01
   3.4674070e+06   3.8208008e+01
   3.4687830e+06   3.6193848e+01
   3.4817760e+06   3.8940430e+01
   3.4818400e+06   5.7189941e+01
   3.4818910e+06   3.6071777e+01
   3.4819180e+06   3.7902832e+01
   3.4819510e+06   4.6142578e+01
   3.4819940e+06   4.1992188e+01
   3.4820070e+06   4.3457031e+01
   3.4821640e+06   3.8635254e+01
   3.4821850e+06   4.1259766e+01
   3.4822060e+06   3.5339355e+01
   3.4822580e+06   4.4067383e+01
   3.4823140e+06   4.0100098e+01
   3.4823430e+06   3.5766602e+01
   3.4823850e+06   3.9794922e+01
   3.4826050e+06   4.2602539e+01
   3.4944410e+06   3.8574219e+01
   3.4944840e+06   4.1198730e+01
   3.4945650e+06   3.9611816e+01
   3.4946170e+06   4.1931152e+01
   3.4948010e+06   3.8452148e+01
   3.4948300e+06   4.2907715e+01
   3.4949190e+06   3.8696289e+01
   3.4951400e+06   3.9550781e+01
   3.4954520e+06   4.0100098e+01
   3.4958630e+06   3.6987305e+01
   3.5070220e+06   4.0344238e+01
   3.5071520e+06   3.5583496e+01
   3.5073060e+06   3.7353516e+01
   3.5074440e+06   3.6682129e+01
   3.5074680e+06   4.4067383e+01
   3.5075390e+06   4.0588379e+01
   3.5076130e+06   3.7414551e+01
   3.5076860e+06   3.8879395e+01
   3.5077810e+06   3.6193848e+01
   3.5080900e+06   3.5827637e+01
   3.5195250e+06   3.9611816e+01
   3.5196710e+06   3.9367676e+01
   3.5196970e+06   4.4250488e+01
   3.5197150e+06   3.8696289e+01
   3.5197870e+06   3.8391113e+01
   3.5200400e+06   4.1625977e+01
   3.5201320e+06   3.9794922e+01
   3.5204600e+06   3.8208008e+01
   3.5206120e+06   3.5217285e+01
   3.5207700e+06   3.7170410e+01
   3.5329710e+06   3.9123535e+01
   3.5330940e+06   3.6193848e+01
   3.5331120e+06   3.8146973e+01
   3.5331960e+06   3.6376953e+01
   3.5333230e+06   3.5705566e+01
   3.5334180e+06   3.9855957e+01
   3.5334430e+06   3.7353516e+01
   3.5334950e+06   3.6376953e+01
   3.5335320e+06   3.7048340e+01
   3.5336390e+06   3.6987305e+01
   3.5339780e+06   3.6682129e+01
   3.5556160e+06   3.7414551e+01
   3.5556690e+06   4.4250488e+01
   3.5556880e+06   4.0344238e+01
   3.5558130e+06   5.3039551e+01
   3.5558380e+06   4.3823242e+01
   3.5558560e+06   4.0893555e+01
   3.5558790e+06   6.0363770e+01
   3.5558900e+06   3.8208008e+01
   3.5561230e+06   3.9672852e+01
   3.5561710e+06   4.0100098e+01
   3.5563950e+06   3.5217285e+01
   3.5565580e+06   3.7719727e+01
   3.7147960e+06   3.5522461e+01
   4.0300530e+06   4.0466309e+01
   4.0300990e+06   4.9987793e+01
   4.0301230e+06   4.8583984e+01
   4.0301540e+06   6.5795898e+01
   4.0301710e+06   5.9143066e+01
   4.0301950e+06   3.8940430e+01
   4.0302100e+06   3.9550781e+01
   4.0302400e+06   5.7434082e+01
   4.0302770e+06   4.9621582e+01
   4.0302950e+06   3.7414551e+01
   4.0304940e+06   3.6193848e+01
   4.0307080e+06   3.6560059e+01
   4.0308130e+06   4.1931152e+01
   4.0316630e+06   3.6254883e+01
   4.0325270e+06   3.7109375e+01
   4.0326400e+06   3.6987305e+01
   4.0332860e+06   3.7475586e+01
   4.2379220e+06   4.1564941e+01
   4.2379590e+06   4.9377441e+01
   4.2379710e+06   4.7973633e+01
   4.2379920e+06   5.5236816e+01
   4.2380290e+06   6.6162109e+01
   4.2380400e+06   5.0354004e+01
   4.2380750e+06   4.9865723e+01
   4.2380950e+06   3.8208008e+01
   4.2381280e+06   5.3405762e+01
   4.2381540e+06   3.6560059e+01
   4.2382870e+06   3.6193848e+01
   4.2394330e+06   3.5095215e+01
   4.2397260e+06   3.5949707e+01
   4.2398930e+06   3.5522461e+01
   4.2407770e+06   3.7719727e+01
   4.2547460e+06   3.6254883e+01
   4.4621400e+06   4.0222168e+01
   4.4621720e+06   4.6569824e+01
   4.4621860e+06   4.4128418e+01
   4.4622330e+06   6.5002441e+01
   4.4622570e+06   4.3762207e+01
   4.4622820e+06   4.1564941e+01
   4.4622960e+06   5.1818848e+01
   4.4623240e+06   6.1523438e+01
   4.4624610e+06   3.6621094e+01
   4.4625690e+06   3.8208008e+01
   4.4631660e+06   4.0832520e+01
   4.4632430e+06   3.5949707e+01
   4.4635460e+06   3.8757324e+01
   4.4640800e+06   4.1870117e+01
   4.4641770e+06   3.5949707e+01
   4.4643080e+06   3.5461426e+01
   4.4662330e+06   3.5217285e+01
   4.6343930e+06   5.5175781e+01
   4.6344150e+06   5.8410645e+01
   4.6344500e+06   6.5429688e+01
   4.6344740e+06   8.8378906e+01
   4.6345070e+06   6.4147949e+01
   4.6345330e+06   5.1391602e+01
   4.6345650e+06   6.0119629e+01
   4.6345880e+06   4.2053223e+01
   4.6346880e+06   3.9489746e+01
   4.6351840e+06   3.8574219e+01
   4.6354210e+06   3.6560059e+01
   4.6355210e+06   3.6254883e+01
   4.6359070e+06   3.8391113e+01
   4.6362610e+06   3.8085938e+01
   4.6363280e+06   3.7414551e+01
   4.6367020e+06   3.7414551e+01
   4.6367530e+06   3.6071777e+01
   4.6368150e+06   3.7597656e+01
   4.6378570e+06   3.5766602e+01
   4.8380220e+06   4.3395996e+01
   4.8380420e+06   4.6813965e+01
   4.8380520e+06   6.0363770e+01
   4.8380820e+06   4.6997070e+01
   4.8381130e+06   6.2988281e+01
   4.8381260e+06   5.0415039e+01
   4.8381480e+06   5.5786133e+01
   4.8381680e+06   3.6987305e+01
   4.8382040e+06   3.9428711e+01
   4.8382620e+06   4.6691895e+01
   4.8382760e+06   4.6691895e+01
   4.8383050e+06   4.0649414e+01
   4.8383320e+06   3.8879395e+01
   4.8384970e+06   4.0527344e+01
   4.8387060e+06   3.6071777e+01
   4.8390130e+06   3.9978027e+01
   4.8394620e+06   5.1452637e+01
   4.8394970e+06   4.2663574e+01
   4.8396100e+06   4.0893555e+01
   4.8397340e+06   3.5095215e+01
   4.8403090e+06   4.1687012e+01
   4.8403730e+06   3.5339355e+01
   4.8405360e+06   4.0527344e+01
   4.8522670e+06   3.5583496e+01
   4.8522820e+06   3.8513184e+01
   4.8523110e+06   4.0832520e+01
   4.8523250e+06   3.8146973e+01
   4.8523400e+06   3.5278320e+01
   4.8523980e+06   5.2734375e+01
   4.8524260e+06   3.7902832e+01
   4.8524630e+06   4.6325684e+01
   4.8524810e+06   3.9794922e+01
   4.8525090e+06   3.9550781e+01
   4.8525350e+06   5.5175781e+01
   4.8525730e+06   4.5532227e+01
   4.8526120e+06   4.1076660e+01
   4.8526480e+06   4.6203613e+01
   4.8526780e+06   3.8452148e+01
   4.8529550e+06   3.5461426e+01
   4.8530010e+06   3.6376953e+01
   4.8530280e+06   3.7963867e+01
   4.8533710e+06   3.6926270e+01
   4.8540420e+06   4.0283203e+01
   4.8551800e+06   3.8085938e+01
   4.8655870e+06   3.6437988e+01
   4.8657060e+06   3.6315918e+01
   4.8657450e+06   4.4250488e+01
   4.8657750e+06   3.8452148e+01
   4.8658180e+06   4.3884277e+01
   4.8658530e+06   4.0161133e+01
   4.8658630e+06   4.6875000e+01
   4.8659230e+06   3.5583496e+01
   4.8660360e+06   3.6682129e+01
   4.8660500e+06   3.8940430e+01
   4.8661350e+06   3.5827637e+01
   4.8664040e+06   4.1259766e+01
   4.8664440e+06   3.6254883e+01
   4.8667730e+06   3.6865234e+01
   4.8668470e+06   3.6560059e+01
   4.8670260e+06   3.6499023e+01
   4.8786600e+06   3.5644531e+01
   4.8787270e+06   5.1086426e+01
   4.8787620e+06   5.2490234e+01
   4.8788440e+06   5.1879883e+01
   4.8788880e+06   3.8513184e+01
   4.8789150e+06   4.6386719e+01
   4.8790010e+06   3.6437988e+01
   4.8790410e+06   4.6508789e+01
   4.8790560e+06   4.6997070e+01
   4.8790810e+06   4.1076660e+01
   4.8793980e+06   3.7048340e+01
   4.8795130e+06   4.1015625e+01
   4.8803930e+06   3.7170410e+01
   4.8806450e+06   3.7536621e+01
   4.9023090e+06   5.3161621e+01
   4.9023650e+06   3.7048340e+01
   4.9023810e+06   5.3405762e+01
   4.9024390e+06   3.8024902e+01
   4.9024840e+06   3.8085938e+01
   4.9025520e+06   4.4433594e+01
   4.9026560e+06   3.9733887e+01
   4.9026840e+06   4.8034668e+01
   4.9027260e+06   3.5888672e+01
   4.9027860e+06   3.7536621e+01
   4.9028230e+06   3.8330078e+01
   4.9028750e+06   4.2114258e+01
   4.9030650e+06   3.6743164e+01
   4.9032300e+06   4.6569824e+01
   4.9036850e+06   3.5827637e+01
   4.9049420e+06   3.8818359e+01
   4.9216290e+06   3.6315918e+01
   4.9217140e+06   5.1940918e+01
   4.9217260e+06   3.8513184e+01
   4.9218140e+06   3.8024902e+01
   4.9218460e+06   5.1452637e+01
   4.9218790e+06   3.6132813e+01
   4.9219240e+06   4.1381836e+01
   4.9219420e+06   4.6020508e+01
   4.9219630e+06   3.9245605e+01
   4.9220020e+06   4.1625977e+01
   4.9220260e+06   4.2419434e+01
   4.9221870e+06   4.0649414e+01
   4.9222730e+06   3.7719727e+01
   4.9223920e+06   3.7658691e+01
   4.9225920e+06   3.5095215e+01
   4.9237880e+06   3.5095215e+01
   4.9241650e+06   3.8696289e+01
   4.9373570e+06   5.9997559e+01
   4.9373770e+06   3.6071777e+01
   4.9374140e+06   3.5339355e+01
   4.9375020e+06   3.6865234e+01
   4.9376110e+06   3.8391113e+01
   4.9376390e+06   3.8574219e+01
   4.9376930e+06   4.6081543e+01
   4.9377460e+06   4.7607422e+01
   4.9377790e+06   3.5766602e+01
   4.9378310e+06   3.9611816e+01
   4.9379170e+06   4.7302246e+01
   4.9380140e+06   3.7963867e+01
   4.9386520e+06   3.5400391e+01
   4.9498850e+06   3.6071777e+01
   4.9500390e+06   5.4016113e+01
   4.9502370e+06   4.6081543e+01
   4.9502770e+06   3.9306641e+01
   4.9503550e+06   3.9001465e+01
   4.9504050e+06   3.7658691e+01
   4.9505250e+06   3.9733887e+01
   4.9506470e+06   3.6071777e+01
   4.9507870e+06   4.6875000e+01
   4.9508010e+06   3.6743164e+01
   4.9508640e+06   3.5400391e+01
   4.9509190e+06   3.8574219e+01
   4.9511170e+06   3.6987305e+01
   4.9676350e+06   3.5888672e+01
   4.9676680e+06   3.6682129e+01
   4.9677060e+06   3.6499023e+01
   4.9677520e+06   4.8950195e+01
   4.9677730e+06   3.5095215e+01
   4.9678000e+06   3.9855957e+01
   4.9678980e+06   4.4006348e+01
   4.9679690e+06   4.3579102e+01
   4.9680010e+06   3.7841797e+01
   4.9680430e+06   3.6743164e+01
   4.9681860e+06   3.6254883e+01
   4.9682470e+06   3.5339355e+01
   4.9684050e+06   3.9978027e+01
   4.9808300e+06   3.7170410e+01
   4.9808680e+06   3.8146973e+01
   4.9809730e+06   3.5278320e+01
   4.9810160e+06   4.7912598e+01
   4.9810980e+06   3.7475586e+01
   4.9811650e+06   3.7597656e+01
   4.9812380e+06   3.6315918e+01
   4.9814080e+06   3.8452148e+01
   4.9815130e+06   3.8879395e+01
   4.9819160e+06   3.6071777e+01
   4.9824000e+06   3.8818359e+01
   4.9934780e+06   4.2236328e+01
   4.9936520e+06   3.8574219e+01
   4.9936770e+06   3.7292480e+01
   4.9937050e+06   4.0771484e+01
   4.9937680e+06   3.7536621e+01
   4.9938580e+06   4.0222168e+01
   4.9940190e+06   3.7902832e+01
   4.9942570e+06   3.7658691e+01
   4.9943630e+06   4.1320801e+01
   5.0079150e+06   4.0161133e+01
   5.0080390e+06   3.7658691e+01
   5.0081890e+06   4.6020508e+01
   5.0082360e+06   4.5776367e+01
   5.0083490e+06   3.8757324e+01
   5.0083910e+06   4.4067383e+01
   5.0084010e+06   3.5827637e+01
   5.0084940e+06   3.8146973e+01
   5.0086250e+06   3.5583496e+01
   5.0088210e+06   3.7170410e+01
   5.0213020e+06   4.0466309e+01
   5.0213510e+06   4.0222168e+01
   5.0215960e+06   3.5644531e+01
   5.0219290e+06   3.6132813e+01
   5.0223050e+06   3.9123535e+01
   5.0356770e+06   4.1687012e+01
   5.0356910e+06   3.7353516e+01
   5.0360380e+06   3.6499023e+01
   5.0365670e+06   4.1320801e+01
   5.0488720e+06   3.7231445e+01
   5.0489340e+06   4.3579102e+01
   5.0489840e+06   3.7048340e+01
   5.0491160e+06   3.6499023e+01
   5.0491630e+06   4.1809082e+01
   5.0494050e+06   3.8879395e+01
   5.0497410e+06   4.7058105e+01
   5.0498140e+06   3.5705566e+01
   5.0500560e+06   4.0161133e+01
   5.0726090e+06   3.5339355e+01
   5.0727420e+06   3.6804199e+01
   5.0727990e+06   3.7414551e+01
   5.0729220e+06   4.0893555e+01
   5.0729320e+06   4.1015625e+01
   5.0729750e+06   4.1687012e+01
   5.0730780e+06   3.8269043e+01
   5.0732700e+06   3.8635254e+01
   5.5408390e+06   4.4372559e+01
   5.5408670e+06   5.0170898e+01
   5.5408810e+06   4.7424316e+01
   5.5408960e+06   4.5410156e+01
   5.5409070e+06   6.3049316e+01
   5.5409350e+06   4.1625977e+01
   5.5409550e+06   4.5471191e+01
   5.5409900e+06   6.1035156e+01
   5.5410140e+06   4.3518066e+01
   5.5410420e+06   4.0466309e+01
   5.5410880e+06   3.9916992e+01
   5.5411380e+06   4.1931152e+01
   5.5423980e+06   3.5461426e+01
   5.5425060e+06   3.6926270e+01
   5.5430860e+06   3.7780762e+01
   5.5443740e+06   4.2297363e+01
   5.8317310e+06   4.0832520e+01
   5.8317420e+06   4.6081543e+01
   5.8317750e+06   3.9062500e+01
   5.8317900e+06   4.4006348e+01
   5.8318170e+06   4.0893555e+01
   5.8318340e+06   5.2490234e+01
   5.8318660e+06   5.5969238e+01
   5.8319400e+06   4.1503906e+01
   5.8319740e+06   4.8095703e+01
   5.8320240e+06   3.8513184e+01
   5.8324350e+06   3.5705566e+01
   5.8329160e+06   3.8085938e+01
   5.8329320e+06   3.6010742e+01
   5.8334420e+06   4.1687012e+01
   5.8336480e+06   3.5278320e+01
   5.8338280e+06   4.2968750e+01
   5.8339990e+06   3.9062500e+01
   5.8342110e+06   3.7109375e+01
   5.8347020e+06   3.6315918e+01
   5.8349190e+06   3.5522461e+01
   5.8360430e+06   3.6621094e+01
   5.8498030e+06   3.8024902e+01
   5.8498200e+06   5.0231934e+01
   5.8498710e+06   4.1259766e+01
   5.8498860e+06   3.8330078e+01
   5.8499200e+06   3.6376953e+01
   5.8499340e+06   4.6142578e+01
   5.8499540e+06   3.5644531e+01
   5.8499970e+06   4.3151855e+01
   5.8500140e+06   3.8757324e+01
   5.8500540e+06   3.5583496e+01
   5.8500830e+06   5.0109863e+01
   5.8501170e+06   4.4799805e+01
   5.8501530e+06   4.3762207e+01
   5.8501730e+06   3.6071777e+01
   5.8502470e+06   3.5888672e+01
   5.8503130e+06   3.5461426e+01
   5.8504470e+06   3.6865234e+01
   5.8508130e+06   3.6254883e+01
   5.8509260e+06   3.9184570e+01
   5.8511100e+06   4.3762207e+01
   5.8512060e+06   3.5339355e+01
   5.8697880e+06   3.5522461e+01
   5.8698400e+06   4.1625977e+01
   5.8699110e+06   4.6569824e+01
   5.8699330e+06   3.8574219e+01
   5.8699660e+06   5.5908203e+01
   5.8699870e+06   4.0954590e+01
   5.8700110e+06   3.8208008e+01
   5.8700360e+06   3.6621094e+01
   5.8700790e+06   6.5673828e+01
   5.8701890e+06   4.4372559e+01
   5.8702560e+06   3.9794922e+01
   5.8703320e+06   3.5888672e+01
   5.8704040e+06   4.0710449e+01
   5.8704590e+06   3.5461426e+01
   5.8705170e+06   4.6325684e+01
   5.8706220e+06   5.0537109e+01
   5.8951630e+06   5.4016113e+01
   5.8951960e+06   4.3823242e+01
   5.8952150e+06   4.0344238e+01
   5.8952420e+06   3.9916992e+01
   5.8952990e+06   4.3457031e+01
   5.8953350e+06   5.8105469e+01
   5.8953580e+06   6.7016602e+01
   5.8953980e+06   4.0344238e+01
   5.8954190e+06   3.8940430e+01
   5.8956920e+06   3.6804199e+01
   5.8958910e+06   3.6499023e+01
   5.8960140e+06   3.9489746e+01
   5.8962340e+06   3.5949707e+01
   5.8963530e+06   3.6499023e+01
   5.8963800e+06   3.6865234e+01
   5.8966820e+06   3.8757324e+01
   5.9263020e+06   3.8208008e+01
   5.9263780e+06   3.9916992e+01
   5.9263880e+06   4.0100098e+01
   5.9264430e+06   4.5593262e+01
   5.9264550e+06   3.9306641e+01
   5.9264840e+06   4.4372559e+01
   5.9265200e+06   5.6945801e+01
   5.9265320e+06   4.6081543e+01
   5.9265580e+06   3.9001465e+01
   5.9265900e+06   3.6193848e+01
   5.9266400e+06   4.1870117e+01
   5.9266980e+06   4.7546387e+01
   5.9267810e+06   3.7475586e+01
   5.9268650e+06   3.6743164e+01
   5.9438900e+06   4.6936035e+01
   5.9439330e+06   4.2236328e+01
   5.9439580e+06   3.9550781e+01
   5.9440350e+06   3.8085938e+01
   5.9441250e+06   3.9550781e+01
   5.9441540e+06   3.8513184e+01
   5.9441910e+06   4.3762207e+01
   5.9442210e+06   3.5461426e+01
   5.9442390e+06   4.1870117e+01
   5.9442500e+06   4.1503906e+01
   5.9442960e+06   3.5766602e+01
   5.9443180e+06   3.6010742e+01
   5.9443820e+06   3.5217285e+01
   5.9445210e+06   4.1503906e+01
   5.9449210e+06   3.6499023e+01
   5.9449960e+06   3.6804199e+01
   5.9662070e+06   4.3029785e+01
   5.9662940e+06   5.2001953e+01
   5.9663430e+06   3.7475586e+01
   5.9664080e+06   3.6560059e+01
   5.9664450e+06   4.0466309e+01
   5.9665360e+06   4.2114258e+01
   5.9665460e+06   3.6682129e+01
   5.9666470e+06   3.8452148e+01
   5.9666760e+06   3.9733887e+01
   5.9667430e+06   3.5095215e+01
   5.9668790e+06   3.9123535e+01
   5.9671480e+06   3.5888672e+01
   5.9674330e+06   3.7292480e+01
   5.9678320e+06   3.5949707e+01
   5.9927660e+06   3.6376953e+01
   5.9928330e+06   3.7475586e+01
   5.9929390e+06   4.1198730e+01
   5.9929710e+06   3.5522461e+01
   5.9930030e+06   5.2429199e+01
   5.9930350e+06   4.1198730e+01
   5.9931110e+06   3.7658691e+01
   5.9931570e+06   4.2968750e+01
   5.9931850e+06   3.9489746e+01
   5.9932030e+06   3.5827637e+01
   5.9932550e+06   3.9672852e+01
   5.9933090e+06   3.5583496e+01
   5.9933880e+06   5.0109863e+01
   5.9934590e+06   3.9489746e+01
   5.9939030e+06   4.1198730e+01
   5.9945770e+06   3.5888672e+01
   6.0164260e+06   4.5654297e+01
   6.0164760e+06   4.5532227e+01
   6.0164920e+06   4.3640137e+01
   6.0165160e+06   4.5410156e+01
   6.0165440e+06   3.7109375e+01
   6.0165720e+06   4.8095703e+01
   6.0166500e+06   4.0954590e+01
   6.0167490e+06   3.5095215e+01
   6.0167720e+06   5.4870605e+01
   6.0168820e+06   3.7536621e+01
   6.0169650e+06   3.5827637e+01
   6.0170270e+06   3.9794922e+01
   6.0171490e+06   3.8208008e+01
   6.5485450e+06   3.5766602e+01
   6.5485830e+06   3.9978027e+01
   6.5486060e+06   4.7058105e+01
   6.5486340e+06   4.3701172e+01
   6.5486560e+06   3.7292480e+01
   6.5486760e+06   4.7790527e+01
   6.5487040e+06   4.0893555e+01
   6.5487220e+06   3.5766602e+01
   6.5487610e+06   3.6193848e+01
   6.5487710e+06   4.4006348e+01
   6.5487900e+06   4.1015625e+01
   6.5488730e+06   4.6386719e+01
   6.5489170e+06   3.9855957e+01
   6.5493980e+06   3.6865234e+01
   6.5506290e+06   3.5339355e+01
   6.5512520e+06   4.0100098e+01
   6.5520840e+06   3.8208008e+01
   6.8382620e+06   3.5766602e+01
   6.8383080e+06   7.7148438e+01
   6.8383260e+06   4.2236328e+01
   6.8383400e+06   4.6630859e+01
   6.8383570e+06   3.7597656e+01
   6.8383780e+06   3.5949707e+01
   6.8383980e+06   5.2062988e+01
   6.8384900e+06   3.7963867e+01
   6.8385260e+06   3.6499023e+01
   6.8385860e+06   3.7109375e+01
   6.8386120e+06   3.5400391e+01
   6.8388940e+06   3.9794922e+01
   6.8393920e+06   4.7973633e+01
   6.8409050e+06   3.7353516e+01
   6.8410700e+06   4.2236328e+01
   6.8422680e+06   4.1809082e+01
   6.8559360e+06   5.3527832e+01
   6.8559630e+06   5.2490234e+01
   6.8559800e+06   3.6193848e+01
   6.8559960e+06   4.0344238e+01
   6.8560390e+06   3.5766602e+01
   6.8560540e+06   5.3649902e+01
   6.8561080e+06   4.0222168e+01
   6.8561280e+06   4.3823242e+01
   6.8561740e+06   4.8034668e+01
   6.8562100e+06   5.0476074e+01
   6.8562260e+06   3.5461426e+01
   6.8562580e+06   4.4372559e+01
   6.8563230e+06   3.6071777e+01
   6.8563990e+06   4.9072266e+01
   6.8565290e+06   3.6315918e+01
   6.8565850e+06   3.7353516e+01
   6.8568370e+06   3.6437988e+01
   6.8732960e+06   3.6193848e+01
   6.8733670e+06   5.6640625e+01
   6.8733950e+06   3.7292480e+01
   6.8734590e+06   3.6376953e+01
   6.8734780e+06   5.1208496e+01
   6.8734910e+06   3.5400391e+01
   6.8735210e+06   3.7719727e+01
   6.8735400e+06   3.5461426e+01
   6.8735760e+06   3.5095215e+01
   6.8735920e+06   4.8583984e+01
   6.8736540e+06   3.7231445e+01
   6.8736660e+06   3.7841797e+01
   6.8738060e+06   3.6682129e+01
   6.8738570e+06   3.6743164e+01
   6.8739890e+06   4.1870117e+01
   6.8741200e+06   3.6682129e+01
   6.8744220e+06   4.4799805e+01
   6.8745260e+06   3.7292480e+01
   6.8746080e+06   3.5400391e+01
   6.8748560e+06   3.5583496e+01
   6.8753430e+06   3.5644531e+01
   6.8936990e+06   4.0588379e+01
   6.8937290e+06   4.1137695e+01
   6.8937610e+06   5.2795410e+01
   6.8938350e+06   3.8513184e+01
   6.8938970e+06   3.6499023e+01
   6.8939350e+06   3.7353516e+01
   6.8939620e+06   3.9001465e+01
   6.8939740e+06   3.6010742e+01
   6.8940180e+06   3.7780762e+01
   6.8940320e+06   4.3151855e+01
   6.8940860e+06   3.7536621e+01
   6.8941350e+06   5.0842285e+01
   6.8941560e+06   4.2053223e+01
   6.8942230e+06   4.0771484e+01
   6.8943020e+06   3.6621094e+01
   6.8947480e+06   3.8391113e+01
   6.8948220e+06   3.5705566e+01
   6.8956450e+06   3.5705566e+01
   6.9137820e+06   3.7414551e+01
   6.9137950e+06   4.4067383e+01
   6.9138410e+06   4.4555664e+01
   6.9138870e+06   4.0893555e+01
   6.9139070e+06   3.6376953e+01
   6.9139220e+06   4.0954590e+01
   6.9139790e+06   4.4372559e+01
   6.9140120e+06   3.9855957e+01
   6.9140620e+06   4.3701172e+01
   6.9140800e+06   3.7780762e+01
   6.9141020e+06   5.6579590e+01
   6.9141430e+06   3.6560059e+01
   6.9141740e+06   3.7292480e+01
   6.9142570e+06   4.8278809e+01
   6.9142780e+06   3.6071777e+01
   6.9143050e+06   4.6630859e+01
   6.9143820e+06   3.6071777e+01
   6.9144020e+06   4.1137695e+01
   6.9156500e+06   3.6437988e+01
   6.9298640e+06   4.8156738e+01
   6.9298870e+06   4.6386719e+01
   6.9299890e+06   3.6682129e+01
   6.9300810e+06   4.3884277e+01
   6.9300920e+06   3.7170410e+01
   6.9301720e+06   3.5644531e+01
   6.9301970e+06   3.7719727e+01
   6.9302180e+06   4.3640137e+01
   6.9302730e+06   3.7048340e+01
   6.9303270e+06   3.8635254e+01
   6.9304600e+06   3.6376953e+01
   6.9312160e+06   3.8452148e+01
   6.9502600e+06   3.8330078e+01
   6.9503700e+06   4.4738770e+01
   6.9503930e+06   4.2480469e+01
   6.9504960e+06   3.8513184e+01
   6.9505510e+06   3.9367676e+01
   6.9506050e+06   4.3945313e+01
   6.9506340e+06   3.5522461e+01
   6.9506850e+06   3.7231445e+01
   6.9507180e+06   4.7485352e+01
   6.9507750e+06   4.0283203e+01
   6.9509170e+06   4.3395996e+01
   6.9510220e+06   3.9978027e+01
   6.9512170e+06   3.5888672e+01
   6.9682560e+06   3.7292480e+01
   6.9683910e+06   3.5522461e+01
   6.9684220e+06   4.0161133e+01
   6.9685090e+06   3.5583496e+01
   6.9686640e+06   4.1381836e+01
   6.9687080e+06   3.6926270e+01
   6.9700210e+06   3.6743164e+01
   6.9854260e+06   3.7597656e+01
   6.9855390e+06   3.9672852e+01
   6.9856640e+06   4.5166016e+01
   6.9856870e+06   3.6376953e+01
   6.9858590e+06   3.8452148e+01
   6.9859630e+06   3.7292480e+01
   7.0000000e+06   4.1625977e+01
   7.0000550e+06   3.8574219e+01
   7.0001110e+06   3.5156250e+01
   7.0003550e+06   3.5217285e+01
   7.0005540e+06   3.6682129e+01
   7.0121800e+06   3.7109375e+01
   7.0121950e+06   3.5217285e+01
   7.0123210e+06   3.5949707e+01
   7.0125460e+06   4.4738770e+01
   7.0129970e+06   3.5278320e+01
   7.0348220e+06   3.9916992e+01
   7.0349150e+06   4.0771484e+01
   7.0350230e+06   3.6743164e+01
   7.0351000e+06   3.6865234e+01
   7.0351230e+06   4.9926758e+01
   7.0352080e+06   4.1503906e+01
   7.0352410e+06   4.4433594e+01
   7.0352970e+06   3.5583496e+01
   7.0353420e+06   3.5644531e+01
   7.0357410e+06   3.5583496e+01
   7.0358580e+06   3.7170410e+01
   7.0524190e+06   3.9367676e+01
   7.0527400e+06   4.0954590e+01
   7.0528580e+06   4.8278809e+01
   7.0529210e+06   3.6743164e+01
   7.0531680e+06   3.9794922e+01
   7.0533380e+06   3.5766602e+01
   7.0536390e+06   3.8696289e+01
   7.0897430e+06   3.9428711e+01
   7.0898210e+06   3.6010742e+01
   7.0898800e+06   4.6020508e+01
   7.0899310e+06   3.9916992e+01
   7.0899880e+06   3.8146973e+01
   7.0900100e+06   5.0292969e+01
   7.0900540e+06   3.8330078e+01
   7.0901480e+06   3.5095215e+01
   7.0902600e+06   3.6865234e+01
   7.0902960e+06   3.6437988e+01
   7.0903400e+06   3.6071777e+01
   7.6222520e+06   6.9519043e+01
   7.6222820e+06   6.3598633e+01
   7.6223100e+06   4.3212891e+01
   7.6223300e+06   4.7607422e+01
   7.6223580e+06   4.9255371e+01
   7.6223960e+06   3.9306641e+01
   7.6224340e+06   5.2612305e+01
   7.6224830e+06   3.8146973e+01
   7.6225050e+06   3.7719727e+01
   7.6225180e+06   3.9428711e+01
   7.6225360e+06   3.7536621e+01
   7.6225600e+06   3.6499023e+01
   7.6225920e+06   3.9489746e+01
   7.6236750e+06   3.7048340e+01
   7.6237320e+06   3.6254883e+01
   7.6239700e+06   3.5278320e+01
   7.6240140e+06   3.6743164e+01
   7.6247650e+06   3.5644531e+01
   7.6251620e+06   4.1198730e+01
   7.6586710e+06   3.5888672e+01
   7.6587890e+06   4.0405273e+01
   7.6588060e+06   3.6376953e+01
   7.6588170e+06   3.6804199e+01
   7.6588410e+06   5.4626465e+01
   7.6588670e+06   3.9978027e+01
   7.6588910e+06   5.6457520e+01
   7.6589250e+06   6.7871094e+01
   7.6589590e+06   3.8208008e+01
   7.6589860e+06   3.7231445e+01
   7.6590230e+06   4.2846680e+01
   7.6590970e+06   4.2114258e+01
   7.6591510e+06   3.6437988e+01
   7.6592310e+06   3.6437988e+01
   7.6593700e+06   3.7414551e+01
   7.6594360e+06   4.0649414e+01
   7.6597510e+06   3.6560059e+01
   7.6598860e+06   3.6987305e+01
   7.6599730e+06   3.5888672e+01
   7.6599900e+06   3.5949707e+01
   7.6602940e+06   3.6071777e+01
   7.6613230e+06   3.5278320e+01
   7.7023700e+06   3.6010742e+01
   7.7024280e+06   3.5156250e+01
   7.7024470e+06   3.6010742e+01
   7.7024770e+06   3.8330078e+01
   7.7024950e+06   3.8208008e+01
   7.7025150e+06   3.8513184e+01
   7.7025560e+06   4.6936035e+01
   7.7025860e+06   4.5471191e+01
   7.7026300e+06   5.1025391e+01
   7.7026400e+06   4.6325684e+01
   7.7027000e+06   4.8706055e+01
   7.7027110e+06   3.8146973e+01
   7.7027390e+06   3.8208008e+01
   7.7027940e+06   3.6804199e+01
   7.7028140e+06   3.6376953e+01
   7.7029710e+06   3.6499023e+01
   7.7030250e+06   4.1687012e+01
   7.7040420e+06   3.8269043e+01
   7.7046720e+06   4.2663574e+01
   7.7046820e+06   3.5827637e+01
   7.7448900e+06   3.5278320e+01
   7.7449280e+06   3.6621094e+01
   7.7449390e+06   4.0893555e+01
   7.7449960e+06   3.6376953e+01
   7.7450210e+06   4.4616699e+01
   7.7450570e+06   6.4147949e+01
   7.7450890e+06   4.6386719e+01
   7.7451210e+06   3.7170410e+01
   7.7451350e+06   4.9194336e+01
   7.7451520e+06   3.8757324e+01
   7.7451920e+06   4.5166016e+01
   7.7454990e+06   4.2358398e+01
   7.7455720e+06   4.3945313e+01
   7.7483040e+06   3.5156250e+01
   7.8020350e+06   3.7292480e+01
   7.8020900e+06   4.0527344e+01
   7.8021240e+06   5.4016113e+01
   7.8021360e+06   4.3273926e+01
   7.8021630e+06   4.5471191e+01
   7.8021880e+06   4.5288086e+01
   7.8022010e+06   5.4016113e+01
   7.8022250e+06   6.1279297e+01
   7.8022650e+06   3.8757324e+01
   7.8022970e+06   4.1442871e+01
   7.8023110e+06   3.5156250e+01
   7.8023470e+06   3.8574219e+01
   7.8023900e+06   4.4677734e+01
   7.8024140e+06   3.5888672e+01
   7.8024520e+06   4.2907715e+01
   7.8028260e+06   3.7414551e+01
   7.8035790e+06   3.8208008e+01
   7.8036550e+06   3.5888672e+01
   7.8039880e+06   3.6010742e+01
   7.8211920e+06   3.8208008e+01
   7.8213880e+06   3.9489746e+01
   7.8214540e+06   4.3334961e+01
   7.8215060e+06   3.9794922e+01
   7.8215400e+06   3.9855957e+01
   7.8215570e+06   3.6071777e+01
   7.8216830e+06   4.5654297e+01
   7.8217600e+06   3.6010742e+01
   7.8217920e+06   4.6081543e+01
   7.8218950e+06   3.6743164e+01
   7.8219810e+06   3.5461426e+01
   7.8220870e+06   3.7048340e+01
   8.3414500e+06   4.5837402e+01
   8.3414740e+06   5.5480957e+01
   8.3415000e+06   4.5593262e+01
   8.3415170e+06   3.5766602e+01
   8.3415460e+06   5.5114746e+01
   8.3415630e+06   3.7170410e+01
   8.3415800e+06   3.5278320e+01
   8.3416120e+06   3.9245605e+01
   8.3416290e+06   4.3518066e+01
   8.3416680e+06   4.5410156e+01
   8.3416850e+06   3.8208008e+01
   8.3417230e+06   3.6560059e+01
   8.3418300e+06   4.2297363e+01
   8.3418670e+06   3.5156250e+01
   8.3420320e+06   3.5339355e+01
   8.3425630e+06   3.6804199e+01
   8.3437070e+06   3.7719727e+01
   8.3437300e+06   4.1503906e+01
   8.3441090e+06   3.6437988e+01
   8.3447720e+06   3.7048340e+01
   8.3453050e+06   4.1809082e+01
   8.4996280e+06   3.6132813e+01
   8.4996460e+06   3.7597656e+01
   8.4996570e+06   6.5979004e+01
   8.4996880e+06   3.9611816e+01
   8.4997190e+06   4.6020508e+01
   8.4997400e+06   4.2846680e+01
   8.4997720e+06   6.2255859e+01
   8.4997850e+06   6.0668945e+01
   8.4998390e+06   3.5522461e+01
   8.4998800e+06   3.8024902e+01
   8.4999450e+06   4.5166016e+01
   8.5000250e+06   3.6010742e+01
   8.5002180e+06   3.9123535e+01
   8.5005310e+06   3.6132813e+01
   8.5009120e+06   3.8757324e+01
   8.5012520e+06   3.9123535e+01
   8.5027460e+06   3.5644531e+01
   8.5030870e+06   3.5339355e+01
   8.5312550e+06   3.7597656e+01
   8.5312750e+06   3.8574219e+01
   8.5313140e+06   4.8889160e+01
   8.5313600e+06   5.3039551e+01
   8.5313880e+06   4.7058105e+01
   8.5314050e+06   3.7353516e+01
   8.5314360e+06   5.1696777e+01
   8.5314630e+06   4.2358398e+01
   8.5314760e+06   4.6081543e+01
   8.5314940e+06   3.9978027e+01
   8.5315460e+06   3.7231445e+01
   8.5315680e+06   4.7607422e+01
   8.5315950e+06   3.8208008e+01
   8.5318340e+06   4.0466309e+01
   8.5318810e+06   3.6621094e+01
   8.5319930e+06   3.5339355e+01
   8.5321590e+06   4.2541504e+01
   8.5334560e+06   3.5400391e+01
   8.5344500e+06   3.6437988e+01
   8.5483700e+06   4.3273926e+01
   8.5484720e+06   3.6376953e+01
   8.5484820e+06   3.6743164e+01
   8.5485180e+06   5.1757813e+01
   8.5485840e+06   3.5156250e+01
   8.5486020e+06   3.9001465e+01
   8.5486400e+06   4.6630859e+01
   8.5486730e+06   3.5339355e+01
   8.5486850e+06   3.7414551e+01
   8.5487390e+06   3.5278320e+01
   8.5487560e+06   3.7658691e+01
   8.5488220e+06   3.7780762e+01
   8.5488330e+06   3.5766602e+01
   8.5488750e+06   3.7475586e+01
   8.5488970e+06   3.5461426e+01
   8.5489420e+06   3.5827637e+01
   8.5489550e+06   3.9672852e+01
   8.5491410e+06   3.9428711e+01
   8.5491610e+06   3.6132813e+01
   8.5496220e+06   3.9733887e+01
   8.5496940e+06   3.6071777e+01
   8.5498550e+06   3.5400391e+01
   8.5500440e+06   3.6926270e+01
   8.5732470e+06   3.8879395e+01
   8.5732630e+06   3.8330078e+01
   8.5733010e+06   4.8278809e+01
   8.5733200e+06   4.4555664e+01
   8.5733560e+06   5.0109863e+01
   8.5734150e+06   5.2062988e+01
   8.5734410e+06   3.5522461e+01
   8.5734650e+06   4.9133301e+01
   8.5734760e+06   4.7119141e+01
   8.5735230e+06   4.3701172e+01
   8.5735420e+06   5.6396484e+01
   8.5736190e+06   4.2419434e+01
   8.5736720e+06   3.7170410e+01
   8.5772570e+06   3.5705566e+01
   8.6045830e+06   4.5837402e+01
   8.6048310e+06   3.7170410e+01
   8.6048440e+06   4.9133301e+01
   8.6048920e+06   3.7170410e+01
   8.6049410e+06   4.3823242e+01
   8.6049880e+06   3.5522461e+01
   8.6050160e+06   3.9306641e+01
   8.6051480e+06   3.9123535e+01
   8.6052380e+06   4.5166016e+01
   8.6052780e+06   3.7414551e+01
   8.6053000e+06   3.5156250e+01
   8.6053820e+06   3.9489746e+01
   8.6064150e+06   3.5278320e+01
   8.6571600e+06   3.7841797e+01
   8.6571760e+06   3.6315918e+01
   8.6572120e+06   3.5461426e+01
   8.6572370e+06   4.4433594e+01
   8.6572580e+06   5.3833008e+01
   8.6572930e+06   4.2053223e+01
   8.6573160e+06   4.6936035e+01
   8.6573380e+06   3.6499023e+01
   8.6573760e+06   4.1870117e+01
   8.6574000e+06   4.9133301e+01
   8.6574670e+06   3.5827637e+01
   8.6575010e+06   5.2612305e+01
   8.6575270e+06   3.5217285e+01
   8.6575680e+06   3.9733887e+01
   8.6576060e+06   3.6254883e+01
   8.6582810e+06   3.9611816e+01
   8.6585810e+06   3.5705566e+01
   8.6586270e+06   3.9245605e+01
   8.6610520e+06   3.7536621e+01
   9.0750570e+06   3.7841797e+01
   9.0751010e+06   3.8879395e+01
   9.0751670e+06   5.9265137e+01
   9.0751770e+06   4.3884277e+01
   9.0752210e+06   3.6804199e+01
   9.0752620e+06   4.8767090e+01
   9.0753460e+06   3.5217285e+01
   9.0754030e+06   3.5644531e+01
   9.0755210e+06   3.5949707e+01
   9.0755850e+06   3.8391113e+01
   9.0767320e+06   4.1381836e+01
   9.0778670e+06   3.7902832e+01
   9.5839610e+06   3.5705566e+01
   9.5839890e+06   5.2429199e+01
   9.5840080e+06   5.2062988e+01
   9.5840190e+06   4.2663574e+01
   9.5840610e+06   4.6203613e+01
   9.5841230e+06   6.1401367e+01
   9.5841510e+06   4.9072266e+01
   9.5841920e+06   3.8513184e+01
   9.5842160e+06   4.8156738e+01
   9.5845120e+06   3.8024902e+01
   9.5845840e+06   3.7048340e+01
   9.5849190e+06   3.6193848e+01
   9.5850290e+06   4.4616699e+01
   9.5857600e+06   3.7902832e+01
   9.5863430e+06   3.5766602e+01
   9.5865680e+06   3.5339355e+01
   9.5872640e+06   3.8696289e+01
   9.5877120e+06   3.5583496e+01
   9.9242330e+06   3.7109375e+01
   9.9242440e+06   4.8156738e+01
   9.9242850e+06   4.5837402e+01
   9.9243330e+06   6.0974121e+01
   9.9243700e+06   4.5410156e+01
   9.9244090e+06   4.4860840e+01
   9.9244270e+06   4.6875000e+01
   9.9244480e+06   4.4006348e+01
   9.9245280e+06   3.9062500e+01
   9.9249560e+06   3.8940430e+01
   9.9256500e+06   4.0100098e+01
   9.9258230e+06   4.1198730e+01
   9.9259260e+06   3.5400391e+01
   9.9267520e+06   4.6386719e+01
   9.9269640e+06   3.7658691e+01
   9.9272760e+06   3.7841797e+01
   9.9686490e+06   3.7414551e+01
   9.9686600e+06   4.9987793e+01
   9.9686900e+06   4.6142578e+01
   9.9687350e+06   4.8095703e+01
   9.9687550e+06   4.1320801e+01
   9.9687700e+06   5.0048828e+01
   9.9687880e+06   4.8278809e+01
   9.9689190e+06   3.6437988e+01
   9.9689410e+06   3.7109375e+01
   9.9689810e+06   4.2297363e+01
   9.9691620e+06   3.9916992e+01
   9.9692370e+06   3.7536621e+01
   9.9693390e+06   3.7170410e+01
   9.9694170e+06   3.8391113e+01
   9.9694270e+06   3.5827637e+01
   9.9695360e+06   3.7231445e+01
   9.9697130e+06   3.5156250e+01
   9.9701150e+06   3.7536621e+01
   9.9707890e+06   3.6071777e+01
   9.9709390e+06   3.7780762e+01
   9.9727350e+06   3.5583496e+01
   9.9980130e+06   4.8706055e+01
   9.9980740e+06   4.4067383e+01
   9.9980860e+06   5.2124023e+01
   9.9981160e+06   3.7963867e+01
   9.9981540e+06   3.6926270e+01
   9.9982020e+06   4.0283203e+01
   9.9982140e+06   3.9550781e+01
   9.9983040e+06   5.0476074e+01
   9.9983600e+06   4.0649414e+01
   9.9990750e+06   3.8330078e+01
   9.9991600e+06   3.8085938e+01
   9.9995160e+06   3.8452148e+01
   9.9995790e+06   3.5522461e+01
   1.0037638e+07   4.0283203e+01
   1.0037722e+07   4.2480469e+01
   1.0037745e+07   5.2368164e+01
   1.0037763e+07   3.6437988e+01
   1.0037820e+07   3.5156250e+01
   1.0037960e+07   3.8085938e+01
   1.0037998e+07   4.0283203e+01
   1.0038169e+07   4.1076660e+01
   1.0038242e+07   4.2114258e+01
   1.0038358e+07   3.6254883e+01
   1.0039893e+07   3.5644531e+01
   1.0078437e+07   4.0954590e+01
   1.0078497e+07   3.9794922e+01
   1.0078518e+07   3.8146973e+01
   1.0078587e+07   4.3579102e+01
   1.0078616e+07   4.2480469e+01
   1.0078643e+07   3.6926270e+01
   1.0078687e+07   3.9245605e+01
   1.0078725e+07   3.8024902e+01
   1.0078751e+07   4.4433594e+01
   1.0078772e+07   5.1452637e+01
   1.0079061e+07   3.7536621e+01
   1.0079224e+07   4.0954590e+01
   1.0080003e+07   3.7841797e+01
   1.0137069e+07   3.8085938e+01
   1.0137149e+07   4.2602539e+01
   1.0137178e+07   3.9428711e+01
   1.0137205e+07   3.7048340e+01
   1.0137221e+07   4.2541504e+01
   1.0137247e+07   5.3466797e+01
   1.0137267e+07   3.7719727e+01
   1.0137298e+07   3.6010742e+01
   1.0137325e+07   5.8227539e+01
   1.0137359e+07   4.0344238e+01
   1.0137397e+07   3.6437988e+01
   1.0137465e+07   3.6376953e+01
   1.0859521e+07   3.7170410e+01
   1.0859532e+07   4.9987793e+01
   1.0859567e+07   4.9072266e+01
   1.0859591e+07   3.6560059e+01
   1.0859612e+07   3.9306641e+01
   1.0859652e+07   4.6813965e+01
   1.0859676e+07   5.1696777e+01
   1.0859710e+07   4.3457031e+01
   1.0859741e+07   3.5583496e+01
   1.0859765e+07   3.9184570e+01
   1.0859849e+07   5.7495117e+01
   1.0860143e+07   3.5095215e+01
   1.0860275e+07   3.5766602e+01
   1.0860518e+07   3.8391113e+01
   1.0861145e+07   3.6560059e+01
   1.0861713e+07   3.7109375e+01
   1.0861799e+07   4.0832520e+01
   1.0861917e+07   3.9001465e+01
   1.0862245e+07   3.6193848e+01
   1.1217904e+07   3.6926270e+01
   1.1217933e+07   3.9550781e+01
   1.1217977e+07   4.2419434e+01
   1.1218002e+07   6.0974121e+01
   1.1218033e+07   4.4799805e+01
   1.1218069e+07   4.6752930e+01
   1.1218103e+07   4.8583984e+01
   1.1218175e+07   3.6865234e+01
   1.1218265e+07   5.5358887e+01
   1.1218406e+07   3.6865234e+01
   1.1218713e+07   4.5227051e+01
   1.1218941e+07   3.7231445e+01
   1.1219684e+07   3.9001465e+01
   1.1219976e+07   3.6071777e+01
   1.1220077e+07   3.7841797e+01
   1.1220286e+07   3.7292480e+01
   1.1220460e+07   3.5827637e+01
   1.1220686e+07   3.6437988e+01
   1.1241893e+07   3.5766602e+01
   1.1275075e+07   3.8208008e+01
   1.1275102e+07   4.1381836e+01
   1.1275147e+07   4.0710449e+01
   1.1275179e+07   3.7719727e+01
   1.1275215e+07   3.9367676e+01
   1.1275249e+07   5.1269531e+01
   1.1275288e+07   4.4616699e+01
   1.1275317e+07   3.5827637e+01
   1.1275348e+07   4.4799805e+01
   1.1275446e+07   4.2419434e+01
   1.1275612e+07   3.5339355e+01
   1.1275693e+07   3.6315918e+01
   1.1275784e+07   4.0405273e+01
   1.1275987e+07   3.8513184e+01
   1.1276050e+07   3.6437988e+01
   1.1276853e+07   3.5705566e+01
   1.1276976e+07   4.3823242e+01
   1.1277133e+07   3.9916992e+01
   1.1641714e+07   4.5471191e+01
   1.1641729e+07   4.1809082e+01
   1.1641765e+07   5.6335449e+01
   1.1641790e+07   4.1931152e+01
   1.1641819e+07   4.2358398e+01
   1.1641881e+07   3.7597656e+01
   1.1641929e+07   4.5043945e+01
   1.1641962e+07   4.8828125e+01
   1.1642082e+07   4.4311523e+01
   1.1644025e+07   3.5156250e+01
   1.1644316e+07   3.9245605e+01
   1.1644740e+07   3.6987305e+01
   1.1969778e+07   4.1137695e+01
   1.1969789e+07   3.9978027e+01
   1.1969825e+07   4.2358398e+01
   1.1969902e+07   3.8818359e+01
   1.1969962e+07   4.1931152e+01
   1.1969985e+07   3.6132813e+01
   1.1970045e+07   5.0659180e+01
   1.1970134e+07   3.7719727e+01
   1.1971350e+07   3.5583496e+01
   1.1973245e+07   3.6987305e+01
