   1.1999000e+07   0.0000000e+00
   6.7410000e+03   6.4941406e+01
   6.8280000e+03   3.7963867e+01
   6.8590000e+03   4.1015625e+01
   6.8810000e+03   4.3701172e+01
   6.9390000e+03   3.8208008e+01
   6.9640000e+03   6.2194824e+01
   7.0250000e+03   4.3395996e+01
   7.1020000e+03   5.6823730e+01
   7.1550000e+03   4.9926758e+01
   7.2070000e+03   4.2480469e+01
   7.2310000e+03   4.2053223e+01
   7.3650000e+03   4.7180176e+01
   7.4270000e+03   3.7170410e+01
   7.4740000e+03   3.6804199e+01
   7.4930000e+03   3.6804199e+01
   8.2540000e+03   3.9306641e+01
   2.1802000e+04   4.3518066e+01
   2.1827000e+04   7.5500488e+01
   2.1876000e+04   3.8574219e+01
   2.1925000e+04   4.5715332e+01
   2.1973000e+04   5.2673340e+01
   2.1996000e+04   3.7719727e+01
   2.2026000e+04   4.0039063e+01
   2.2071000e+04   4.5104980e+01
   2.2158000e+04   4.1931152e+01
   2.2190000e+04   3.7841797e+01
   2.2227000e+04   3.8513184e+01
   2.2278000e+04   3.7719727e+01
   2.2288000e+04   3.7597656e+01
   2.2320000e+04   3.7170410e+01
   2.2337000e+04   3.6987305e+01
   2.2362000e+04   3.6621094e+01
   2.2472000e+04   4.2236328e+01
   2.2987000e+04   3.8330078e+01
   3.9458000e+04   3.7841797e+01
   3.9493000e+04   5.0048828e+01
   3.9513000e+04   3.6743164e+01
   3.9578000e+04   4.0039063e+01
   3.9630000e+04   3.6987305e+01
   3.9662000e+04   3.8574219e+01
   3.9678000e+04   4.8828125e+01
   3.9714000e+04   5.3833008e+01
   3.9768000e+04   4.2602539e+01
   3.9800000e+04   4.2663574e+01
   3.9829000e+04   4.2541504e+01
   3.9888000e+04   4.4128418e+01
   3.9948000e+04   4.7241211e+01
   3.9978000e+04   4.2907715e+01
   4.0198000e+04   3.8208008e+01
   4.0285000e+04   4.4860840e+01
   5.3887000e+04   4.2358398e+01
   5.3923000e+04   4.2480469e+01
   5.3996000e+04   4.1198730e+01
   5.4035000e+04   3.6804199e+01
   5.4059000e+04   4.8156738e+01
   5.4075000e+04   4.0893555e+01
   5.4113000e+04   4.9682617e+01
   5.4156000e+04   3.7597656e+01
   5.4191000e+04   4.0039063e+01
   5.4231000e+04   4.3334961e+01
   5.4254000e+04   3.7475586e+01
   5.4274000e+04   3.9916992e+01
   5.4485000e+04   4.2114258e+01
   5.4521000e+04   3.8269043e+01
   5.5096000e+04   3.8269043e+01
   6.7660000e+04   5.4504395e+01
   6.7681000e+04   4.7058105e+01
   6.7737000e+04   5.3710938e+01
   6.7761000e+04   5.4687500e+01
   6.7809000e+04   4.3579102e+01
   6.7827000e+04   3.7414551e+01
   6.7843000e+04   4.1381836e+01
   6.7864000e+04   5.8776855e+01
   6.7999000e+04   4.2358398e+01
   6.8073000e+04   4.1503906e+01
   6.8119000e+04   3.8635254e+01
   6.8152000e+04   5.0964355e+01
   6.8165000e+04   5.8471680e+01
   6.8199000e+04   5.6274414e+01
   6.8223000e+04   4.4738770e+01
   6.8438000e+04   3.9367676e+01
   8.3559000e+04   3.8574219e+01
   8.3669000e+04   5.7739258e+01
   8.3709000e+04   3.9489746e+01
   8.3720000e+04   3.8391113e+01
   8.3737000e+04   4.4982910e+01
   8.3750000e+04   3.8146973e+01
   8.3774000e+04   5.8105469e+01
   8.3844000e+04   4.4067383e+01
   8.3919000e+04   3.7719727e+01
   8.3936000e+04   4.9072266e+01
   8.4020000e+04   3.6804199e+01
   8.4045000e+04   3.8024902e+01
   8.4063000e+04   3.6926270e+01
   8.4178000e+04   3.7719727e+01
   8.4327000e+04   3.7475586e+01
   8.4359000e+04   3.8208008e+01
   8.4455000e+04   3.6987305e+01
   1.0141500e+05   5.1574707e+01
   1.0150400e+05   5.8654785e+01
   1.0152700e+05   3.9306641e+01
   1.0158000e+05   4.9011230e+01
   1.0164400e+05   4.2175293e+01
   1.0171000e+05   5.3100586e+01
   1.0175700e+05   4.4860840e+01
   1.0178100e+05   4.7668457e+01
   1.0183100e+05   4.2175293e+01
   1.0191000e+05   3.9367676e+01
   1.0207600e+05   3.6743164e+01
   1.0212100e+05   3.9001465e+01
   1.0215200e+05   4.3151855e+01
   1.0281400e+05   3.6621094e+01
   1.2017700e+05   5.7556152e+01
   1.2028100e+05   6.2805176e+01
   1.2031800e+05   4.0710449e+01
   1.2033600e+05   3.9184570e+01
   1.2035400e+05   4.0588379e+01
   1.2038500e+05   4.4860840e+01
   1.2044600e+05   3.7963867e+01
   1.2054500e+05   6.4453125e+01
   1.2058700e+05   3.7902832e+01
   1.2066400e+05   4.3090820e+01
   1.2075900e+05   3.8208008e+01
   1.2078400e+05   3.7292480e+01
   5.1008400e+05   4.8828125e+01
   5.1014700e+05   5.7739258e+01
   5.1016000e+05   7.7758789e+01
   5.1018100e+05   5.7495117e+01
   5.1019800e+05   4.4433594e+01
   5.1022500e+05   4.4616699e+01
   5.1026500e+05   4.8583984e+01
   5.1028700e+05   4.5349121e+01
   5.1030300e+05   5.4321289e+01
   5.1033300e+05   5.2429199e+01
   5.1036000e+05   4.3762207e+01
   5.1041600e+05   5.1513672e+01
   5.1048500e+05   3.9550781e+01
   5.1077200e+05   3.9550781e+01
   5.1221100e+05   3.8635254e+01
   5.1228900e+05   3.7231445e+01
   5.1237400e+05   3.8879395e+01
   5.1254600e+05   3.9611816e+01
   5.1378500e+05   3.6987305e+01
   6.8366500e+05   4.7973633e+01
   6.8369200e+05   7.2570801e+01
   6.8370500e+05   8.4716797e+01
   6.8373700e+05   4.7729492e+01
   6.8375400e+05   8.3007813e+01
   6.8377600e+05   3.9794922e+01
   6.8380400e+05   4.5043945e+01
   6.8381400e+05   4.6813965e+01
   6.8383200e+05   4.0954590e+01
   6.8387000e+05   5.1391602e+01
   6.8388800e+05   5.5236816e+01
   6.8391500e+05   3.7719727e+01
   6.8397700e+05   4.3395996e+01
   6.8399600e+05   4.1320801e+01
   6.8402600e+05   4.6630859e+01
   6.8408000e+05   3.9611816e+01
   6.8507700e+05   3.7109375e+01
   6.8608500e+05   3.8269043e+01
   6.8662400e+05   3.8696289e+01
   6.8667800e+05   3.6926270e+01
   6.8679600e+05   3.9550781e+01
   8.3268100e+05   3.7170410e+01
   8.3271800e+05   3.7719727e+01
   8.3273800e+05   4.7607422e+01
   8.3277100e+05   7.5134277e+01
   8.3279500e+05   6.9274902e+01
   8.3281500e+05   4.8217773e+01
   8.3283100e+05   5.5297852e+01
   8.3284100e+05   4.7912598e+01
   8.3286100e+05   5.0781250e+01
   8.3287400e+05   5.9509277e+01
   8.3293600e+05   4.4860840e+01
   8.3296400e+05   4.8767090e+01
   8.3311200e+05   3.7292480e+01
   8.3424500e+05   3.6804199e+01
   8.3462400e+05   3.7841797e+01
   8.4633400e+05   4.1442871e+01
   9.8765800e+05   7.6660156e+01
   9.8768600e+05   5.1391602e+01
   9.8772200e+05   7.9223633e+01
   9.8774000e+05   4.1015625e+01
   9.8775100e+05   4.3334961e+01
   9.8779200e+05   4.4921875e+01
   9.8781400e+05   5.5847168e+01
   9.8783700e+05   4.0222168e+01
   9.8785500e+05   4.8217773e+01
   9.8795200e+05   5.0537109e+01
   9.8802500e+05   3.7170410e+01
   9.8804300e+05   4.6020508e+01
   9.8895700e+05   3.9978027e+01
   9.8952300e+05   3.7963867e+01
   9.8966600e+05   4.1809082e+01
   1.0074670e+06   3.8513184e+01
   1.2693990e+06   7.0251465e+01
   1.2694280e+06   4.8645020e+01
   1.2694420e+06   6.2683105e+01
   1.2694670e+06   4.2175293e+01
   1.2695010e+06   4.8583984e+01
   1.2695370e+06   5.3588867e+01
   1.2695530e+06   3.9794922e+01
   1.2695700e+06   5.5358887e+01
   1.2696070e+06   6.1584473e+01
   1.2696240e+06   3.9611816e+01
   1.2696390e+06   5.1696777e+01
   1.2696830e+06   4.9133301e+01
   1.2697450e+06   3.7841797e+01
   1.2699150e+06   3.7841797e+01
   1.2707450e+06   3.7292480e+01
   1.2712210e+06   4.5959473e+01
   1.2718390e+06   3.8574219e+01
   1.2721640e+06   3.6560059e+01
   1.2723330e+06   4.3579102e+01
   1.3687930e+06   3.9916992e+01
   1.3688110e+06   4.4189453e+01
   1.3688670e+06   6.4880371e+01
   1.3689020e+06   5.9814453e+01
   1.3689690e+06   4.7729492e+01
   1.3690080e+06   4.3945313e+01
   1.3690180e+06   5.6396484e+01
   1.3690520e+06   4.4860840e+01
   1.3690640e+06   4.4372559e+01
   1.3690750e+06   3.8696289e+01
   1.3691060e+06   4.8767090e+01
   1.3691420e+06   3.7597656e+01
   1.3693970e+06   3.9306641e+01
   1.3706630e+06   3.7841797e+01
   1.3711780e+06   3.7963867e+01
   1.3715580e+06   4.0344238e+01
   1.3717130e+06   3.9306641e+01
   1.3928600e+06   4.7790527e+01
   1.3928920e+06   4.7119141e+01
   1.3929240e+06   5.9509277e+01
   1.3929340e+06   3.8635254e+01
   1.3929600e+06   4.2480469e+01
   1.3929800e+06   5.1696777e+01
   1.3930310e+06   4.5166016e+01
   1.3930550e+06   4.2358398e+01
   1.3930700e+06   3.9855957e+01
   1.3931080e+06   5.0842285e+01
   1.3931200e+06   4.3640137e+01
   1.3931800e+06   4.6936035e+01
   1.3932260e+06   3.9855957e+01
   1.3932750e+06   5.8105469e+01
   1.3933190e+06   3.7414551e+01
   1.3935130e+06   4.6508789e+01
   1.3956640e+06   3.7414551e+01
   1.4070680e+06   5.0170898e+01
   1.4071110e+06   5.2612305e+01
   1.4071310e+06   3.7963867e+01
   1.4071690e+06   5.6396484e+01
   1.4071880e+06   4.7607422e+01
   1.4072090e+06   4.0649414e+01
   1.4072330e+06   4.5227051e+01
   1.4072840e+06   4.2419434e+01
   1.4073000e+06   4.3518066e+01
   1.4073600e+06   4.0344238e+01
   1.4073740e+06   4.8339844e+01
   1.4074840e+06   5.4016113e+01
   1.4075720e+06   3.9367676e+01
   1.4076000e+06   3.7841797e+01
   1.4076170e+06   3.7536621e+01
   1.4082240e+06   3.6560059e+01
   1.4084800e+06   3.9978027e+01
   1.4298300e+06   7.0129395e+01
   1.4298660e+06   5.1086426e+01
   1.4298790e+06   4.8034668e+01
   1.4299150e+06   5.6152344e+01
   1.4299440e+06   5.6579590e+01
   1.4299660e+06   5.1025391e+01
   1.4299990e+06   3.7292480e+01
   1.4300200e+06   3.6804199e+01
   1.4300550e+06   4.1625977e+01
   1.4300900e+06   4.0527344e+01
   1.4301230e+06   3.7597656e+01
   1.4301560e+06   4.4738770e+01
   1.4302540e+06   4.6875000e+01
   1.4303410e+06   4.3151855e+01
   1.4314100e+06   3.8208008e+01
   1.4315830e+06   3.7109375e+01
   1.4317660e+06   3.7353516e+01
   1.4324250e+06   4.5959473e+01
   1.4411860e+06   4.7485352e+01
   1.4412090e+06   3.9123535e+01
   1.4412880e+06   4.0527344e+01
   1.4413050e+06   8.3007813e+01
   1.4413220e+06   3.6865234e+01
   1.4413670e+06   4.0100098e+01
   1.4414130e+06   5.1147461e+01
   1.4414250e+06   4.4128418e+01
   1.4414880e+06   4.0832520e+01
   1.4415370e+06   4.3029785e+01
   1.4415810e+06   4.5043945e+01
   1.4416190e+06   5.4077148e+01
   1.4416530e+06   4.8278809e+01
   1.4416980e+06   3.7292480e+01
   1.4417550e+06   4.4006348e+01
   1.4418830e+06   4.7058105e+01
   1.4420440e+06   5.1086426e+01
   1.4422800e+06   3.8269043e+01
   1.4426290e+06   3.7475586e+01
   1.4592110e+06   6.6284180e+01
   1.4592390e+06   5.2612305e+01
   1.4592600e+06   4.4128418e+01
   1.4592760e+06   5.4809570e+01
   1.4593050e+06   6.4453125e+01
   1.4593330e+06   4.1809082e+01
   1.4593490e+06   4.3640137e+01
   1.4594170e+06   3.9672852e+01
   1.4594700e+06   4.1015625e+01
   1.4595400e+06   3.8085938e+01
   1.4595610e+06   3.9672852e+01
   1.4596450e+06   5.0720215e+01
   1.4597170e+06   4.4433594e+01
   1.4598480e+06   4.0466309e+01
   1.4614970e+06   3.9611816e+01
   1.4705780e+06   5.6152344e+01
   1.4706060e+06   4.5349121e+01
   1.4706700e+06   4.5227051e+01
   1.4707120e+06   5.2612305e+01
   1.4707340e+06   4.8278809e+01
   1.4707880e+06   3.7841797e+01
   1.4708150e+06   3.9123535e+01
   1.4708480e+06   4.9499512e+01
   1.4709260e+06   4.2846680e+01
   1.4709580e+06   4.7851563e+01
   1.4709700e+06   5.7861328e+01
   1.4710470e+06   3.9794922e+01
   1.4710790e+06   4.0100098e+01
   1.4712300e+06   3.6865234e+01
   1.4713590e+06   3.7902832e+01
   1.4717710e+06   4.0100098e+01
   1.4890600e+06   6.6650391e+01
   1.4891300e+06   5.1940918e+01
   1.4891690e+06   3.8696289e+01
   1.4893230e+06   4.3762207e+01
   1.4893680e+06   3.7658691e+01
   1.4894150e+06   4.2968750e+01
   1.4894570e+06   3.7292480e+01
   1.4895290e+06   3.8940430e+01
   1.4895980e+06   4.0954590e+01
   1.4896210e+06   4.1076660e+01
   1.4896430e+06   5.6396484e+01
   1.4897430e+06   4.0161133e+01
   1.4897540e+06   3.7231445e+01
   1.4899240e+06   3.6865234e+01
   1.4899510e+06   3.6987305e+01
   1.4903620e+06   4.6813965e+01
   1.4914390e+06   3.7231445e+01
   1.5000920e+06   4.0832520e+01
   1.5002410e+06   5.3710938e+01
   1.5002820e+06   4.4616699e+01
   1.5003370e+06   3.7109375e+01
   1.5003760e+06   4.4189453e+01
   1.5003930e+06   4.3579102e+01
   1.5004220e+06   3.8513184e+01
   1.5005470e+06   4.2968750e+01
   1.5006010e+06   4.1564941e+01
   1.5006870e+06   4.0100098e+01
   1.5007270e+06   4.1687012e+01
   1.5007480e+06   3.9550781e+01
   1.5008660e+06   4.7729492e+01
   1.5008810e+06   4.0588379e+01
   1.5010490e+06   4.2175293e+01
   1.5012460e+06   3.8696289e+01
   1.5108430e+06   5.6091309e+01
   1.5109710e+06   9.2285156e+01
   1.5110130e+06   3.8879395e+01
   1.5110450e+06   4.1381836e+01
   1.5110700e+06   3.7963867e+01
   1.5110900e+06   4.6264648e+01
   1.5111790e+06   3.8879395e+01
   1.5112350e+06   4.0344238e+01
   1.5113020e+06   4.3151855e+01
   1.5113300e+06   3.8818359e+01
   1.5113730e+06   5.1574707e+01
   1.5116700e+06   3.9245605e+01
   1.5220730e+06   6.7871094e+01
   1.5220900e+06   3.8513184e+01
   1.5222090e+06   3.9550781e+01
   1.5222210e+06   4.0161133e+01
   1.5222520e+06   4.0039063e+01
   1.5222720e+06   4.5349121e+01
   1.5223060e+06   3.9001465e+01
   1.5223210e+06   4.1870117e+01
   1.5223540e+06   3.6926270e+01
   1.5223880e+06   4.5227051e+01
   1.5224100e+06   3.6621094e+01
   1.5224890e+06   3.8574219e+01
   1.5225510e+06   4.0466309e+01
   1.5225750e+06   4.4433594e+01
   1.5226120e+06   3.7170410e+01
   1.5227120e+06   4.3334961e+01
   1.5228530e+06   5.2368164e+01
   1.5230190e+06   5.4870605e+01
   1.5232990e+06   3.8574219e+01
   1.5234460e+06   3.7414551e+01
   1.5334310e+06   4.2236328e+01
   1.5334890e+06   3.8635254e+01
   1.5335820e+06   4.5959473e+01
   1.5336010e+06   4.4494629e+01
   1.5336130e+06   6.7932129e+01
   1.5337160e+06   5.9875488e+01
   1.5337700e+06   4.0283203e+01
   1.5338720e+06   3.9184570e+01
   1.5339250e+06   5.2429199e+01
   1.5339970e+06   3.6743164e+01
   1.5341330e+06   4.0527344e+01
   1.5345830e+06   4.0954590e+01
   1.5475520e+06   4.5593262e+01
   1.5476300e+06   3.6987305e+01
   1.5476770e+06   5.6213379e+01
   1.5477020e+06   4.5898438e+01
   1.5477730e+06   5.2795410e+01
   1.5477970e+06   5.5175781e+01
   1.5478250e+06   4.1015625e+01
   1.5479170e+06   4.4128418e+01
   1.5479640e+06   4.3518066e+01
   1.5480760e+06   3.7841797e+01
   1.5481060e+06   3.7780762e+01
   1.5481310e+06   4.6081543e+01
   1.5482810e+06   3.7536621e+01
   1.5490210e+06   4.2419434e+01
   1.5631030e+06   3.6743164e+01
   1.5631230e+06   3.9978027e+01
   1.5631420e+06   4.3273926e+01
   1.5631950e+06   4.5288086e+01
   1.5632560e+06   4.5593262e+01
   1.5632820e+06   5.4565430e+01
   1.5632920e+06   5.2062988e+01
   1.5633200e+06   4.7058105e+01
   1.5633780e+06   3.7475586e+01
   1.5634340e+06   3.9611816e+01
   1.5634540e+06   3.9306641e+01
   1.5634750e+06   3.8391113e+01
   1.5634960e+06   5.7922363e+01
   1.5635970e+06   3.7353516e+01
   1.5636210e+06   4.5227051e+01
   1.5639740e+06   3.8940430e+01
   1.5639980e+06   3.8330078e+01
   1.5644940e+06   3.7414551e+01
   1.5756240e+06   4.9011230e+01
   1.5756460e+06   3.7475586e+01
   1.5757020e+06   4.6325684e+01
   1.5757260e+06   4.6752930e+01
   1.5757500e+06   3.9733887e+01
   1.5758080e+06   3.7658691e+01
   1.5758410e+06   4.4006348e+01
   1.5758630e+06   4.1320801e+01
   1.5759040e+06   5.2978516e+01
   1.5759430e+06   3.8146973e+01
   1.5759920e+06   5.5908203e+01
   1.5760090e+06   3.8085938e+01
   1.5760660e+06   3.7597656e+01
   1.5760800e+06   4.7119141e+01
   1.5761680e+06   3.8757324e+01
   1.5762090e+06   3.8391113e+01
   1.5763870e+06   3.8085938e+01
   1.5890580e+06   4.4799805e+01
   1.5891480e+06   4.9926758e+01
   1.5891590e+06   4.5471191e+01
   1.5891830e+06   6.8115234e+01
   1.5892270e+06   4.6386719e+01
   1.5892580e+06   4.1320801e+01
   1.5892700e+06   3.9184570e+01
   1.5893120e+06   3.6682129e+01
   1.5893310e+06   5.9387207e+01
   1.5894100e+06   4.3029785e+01
   1.5894580e+06   5.1208496e+01
   1.5895660e+06   3.8269043e+01
   1.5896150e+06   3.6865234e+01
   1.5896250e+06   3.8024902e+01
   1.5897290e+06   3.8696289e+01
   1.5897620e+06   4.5715332e+01
   1.5898670e+06   4.8461914e+01
   1.5899010e+06   3.8146973e+01
   1.5899560e+06   4.0649414e+01
   1.5900560e+06   4.0100098e+01
   1.5902300e+06   3.9367676e+01
   1.5904590e+06   4.1748047e+01
   1.5908030e+06   4.0710449e+01
   1.6086710e+06   5.1025391e+01
   1.6087470e+06   4.0100098e+01
   1.6087780e+06   4.3029785e+01
   1.6088060e+06   4.0771484e+01
   1.6088330e+06   4.0283203e+01
   1.6088430e+06   4.3640137e+01
   1.6088850e+06   4.8217773e+01
   1.6089180e+06   4.4860840e+01
   1.6089900e+06   6.3110352e+01
   1.6090250e+06   3.7780762e+01
   1.6090490e+06   4.3579102e+01
   1.6090790e+06   3.8391113e+01
   1.6093890e+06   4.0283203e+01
   1.6096570e+06   3.8208008e+01
   1.6325220e+06   3.7963867e+01
   1.6325610e+06   4.1076660e+01
   1.6325740e+06   4.5227051e+01
   1.6325980e+06   4.3457031e+01
   1.6326250e+06   5.1147461e+01
   1.6326510e+06   4.0771484e+01
   1.6326950e+06   4.8461914e+01
   1.6327380e+06   4.1137695e+01
   1.6327500e+06   4.5776367e+01
   1.6327990e+06   3.7536621e+01
   1.6328260e+06   4.5776367e+01
   1.6328640e+06   5.1696777e+01
   1.6329130e+06   4.1198730e+01
   1.6329600e+06   4.3579102e+01
   1.6329840e+06   3.8269043e+01
   1.6330420e+06   3.6621094e+01
   1.6330570e+06   5.0720215e+01
   1.6330960e+06   4.1381836e+01
   1.6332140e+06   3.8879395e+01
   1.6334340e+06   3.6621094e+01
   1.6339090e+06   3.6743164e+01
   1.6570760e+06   4.4311523e+01
   1.6571440e+06   6.3781738e+01
   1.6571670e+06   3.9489746e+01
   1.6572490e+06   4.0588379e+01
   1.6572760e+06   5.8959961e+01
   1.6572940e+06   5.0598145e+01
   1.6573350e+06   4.8034668e+01
   1.6573660e+06   3.6682129e+01
   1.6574150e+06   4.6752930e+01
   1.6574390e+06   3.8452148e+01
   1.6574810e+06   4.1931152e+01
   1.6575640e+06   4.5471191e+01
   1.6575890e+06   4.4982910e+01
   1.6576170e+06   4.4982910e+01
   1.6582610e+06   3.7414551e+01
   1.6583040e+06   3.7109375e+01
   1.6781430e+06   3.7048340e+01
   1.6781720e+06   5.2856445e+01
   1.6782050e+06   4.6630859e+01
   1.6782460e+06   4.1687012e+01
   1.6782770e+06   4.1687012e+01
   1.6783020e+06   4.7485352e+01
   1.6783370e+06   4.0100098e+01
   1.6783560e+06   3.9489746e+01
   1.6783970e+06   3.8513184e+01
   1.6784530e+06   4.5898438e+01
   1.6784720e+06   3.9306641e+01
   1.6784890e+06   5.2062988e+01
   1.6785140e+06   4.6691895e+01
   1.6785590e+06   4.7546387e+01
   1.6785720e+06   4.0588379e+01
   1.6786710e+06   5.7922363e+01
   1.6792750e+06   3.7536621e+01
   1.6807580e+06   3.9367676e+01
   1.7136700e+06   6.3171387e+01
   1.7137330e+06   4.4616699e+01
   1.7137720e+06   5.1696777e+01
   1.7137910e+06   3.7536621e+01
   1.7138040e+06   5.9448242e+01
   1.7138400e+06   4.1259766e+01
   1.7138580e+06   5.8227539e+01
   1.7139370e+06   4.8461914e+01
   1.7139640e+06   5.1391602e+01
   1.7140070e+06   6.3598633e+01
   1.7140710e+06   4.5776367e+01
   1.7141310e+06   4.1259766e+01
   1.7141620e+06   4.1442871e+01
   1.7141730e+06   4.3579102e+01
   1.7142200e+06   4.1748047e+01
   1.7142510e+06   4.1503906e+01
   1.7147500e+06   3.6621094e+01
   1.7597440e+06   6.2438965e+01
   1.7597900e+06   6.8115234e+01
   1.7598600e+06   4.8828125e+01
   1.7598970e+06   4.2358398e+01
   1.7599210e+06   3.6560059e+01
   1.7599610e+06   3.9733887e+01
   1.7599910e+06   4.9926758e+01
   1.7600340e+06   4.1137695e+01
   1.7600510e+06   5.0048828e+01
   1.7600680e+06   3.6987305e+01
   1.7600970e+06   4.1381836e+01
   1.7601300e+06   3.7292480e+01
   1.7601860e+06   4.3640137e+01
   1.7602170e+06   4.3640137e+01
   1.7603010e+06   3.9123535e+01
   2.1071350e+06   3.6926270e+01
   2.1071450e+06   4.6264648e+01
   2.1071620e+06   5.0354004e+01
   2.1071870e+06   4.6875000e+01
   2.1072180e+06   6.1584473e+01
   2.1072300e+06   4.8950195e+01
   2.1072470e+06   4.0161133e+01
   2.1072760e+06   5.6579590e+01
   2.1072860e+06   3.7475586e+01
   2.1073040e+06   5.2429199e+01
   2.1073260e+06   3.7963867e+01
   2.1073700e+06   4.1564941e+01
   2.1074180e+06   3.9855957e+01
   2.1074330e+06   3.8330078e+01
   2.1074670e+06   5.2612305e+01
   2.1074860e+06   3.8330078e+01
   2.1081850e+06   3.7353516e+01
   2.1083990e+06   3.8635254e+01
   2.1092390e+06   3.8208008e+01
   2.1094040e+06   3.7597656e+01
   2.1095750e+06   4.1503906e+01
   2.1097010e+06   4.0283203e+01
   2.1099260e+06   3.6560059e+01
   2.1101760e+06   3.9611816e+01
   2.1102890e+06   4.0588379e+01
   2.2759800e+06   5.1879883e+01
   2.2760210e+06   3.6621094e+01
   2.2760410e+06   9.3566895e+01
   2.2760710e+06   7.1960449e+01
   2.2760860e+06   5.7373047e+01
   2.2761270e+06   5.5297852e+01
   2.2761400e+06   5.3649902e+01
   2.2761800e+06   6.0729980e+01
   2.2761980e+06   6.4575195e+01
   2.2762250e+06   4.3579102e+01
   2.2762370e+06   5.5541992e+01
   2.2762870e+06   5.7495117e+01
   2.2763570e+06   3.7536621e+01
   2.2778420e+06   4.1259766e+01
   2.2780860e+06   3.8696289e+01
   2.2989420e+06   4.2358398e+01
   2.2989710e+06   3.7475586e+01
   2.2990160e+06   5.0354004e+01
   2.2990370e+06   4.4860840e+01
   2.2990500e+06   4.9499512e+01
   2.2990710e+06   3.9672852e+01
   2.2991040e+06   3.7414551e+01
   2.2991270e+06   3.9794922e+01
   2.2991560e+06   6.3110352e+01
   2.2992040e+06   4.6813965e+01
   2.2992760e+06   4.9316406e+01
   2.2993270e+06   3.9062500e+01
   2.2993960e+06   3.9794922e+01
   2.2994390e+06   4.6508789e+01
   2.2995580e+06   3.8818359e+01
   2.2996190e+06   3.8330078e+01
   2.2996350e+06   3.9550781e+01
   2.3006810e+06   4.4494629e+01
   2.3008470e+06   3.8146973e+01
   2.3010640e+06   4.8461914e+01
   2.5370270e+06   3.6560059e+01
   2.5370660e+06   3.8818359e+01
   2.5370770e+06   4.5776367e+01
   2.5370920e+06   3.8757324e+01
   2.5371150e+06   5.5480957e+01
   2.5371260e+06   4.1320801e+01
   2.5371570e+06   5.0720215e+01
   2.5371900e+06   4.3334961e+01
   2.5372000e+06   4.3884277e+01
   2.5372120e+06   6.0058594e+01
   2.5372280e+06   6.1523437e+01
   2.5372460e+06   4.2419434e+01
   2.5372640e+06   4.5776367e+01
   2.5372840e+06   5.2429199e+01
   2.5373530e+06   4.7424316e+01
   2.5373680e+06   3.9245605e+01
   2.5386680e+06   3.8574219e+01
   2.5394130e+06   3.6621094e+01
   2.5395060e+06   4.1748047e+01
   2.5398110e+06   3.9978027e+01
   2.6793360e+06   4.0771484e+01
   2.6793590e+06   3.9794922e+01
   2.6793830e+06   6.7321777e+01
   2.6793990e+06   5.2978516e+01
   2.6794180e+06   5.5114746e+01
   2.6794560e+06   5.7800293e+01
   2.6794840e+06   3.8818359e+01
   2.6795190e+06   4.9438477e+01
   2.6795410e+06   4.8339844e+01
   2.6795590e+06   4.2236328e+01
   2.6795760e+06   3.8452148e+01
   2.6796110e+06   5.7800293e+01
   2.6797540e+06   4.2724609e+01
   2.6798050e+06   4.2419434e+01
   2.6813370e+06   3.9611816e+01
   2.6817760e+06   3.7719727e+01
   2.6821830e+06   3.8757324e+01
   2.6822140e+06   3.6926270e+01
   2.7658990e+06   3.7109375e+01
   2.8663570e+06   3.7719727e+01
   2.8663700e+06   7.0007324e+01
   2.8664090e+06   5.4077148e+01
   2.8664220e+06   6.2805176e+01
   2.8664440e+06   5.2612305e+01
   2.8664740e+06   3.9733887e+01
   2.8664850e+06   4.9194336e+01
   2.8665100e+06   4.5166016e+01
   2.8665460e+06   5.5236816e+01
   2.8666860e+06   4.3395996e+01
   2.8667690e+06   3.8391113e+01
   2.8668260e+06   4.1259766e+01
   2.8679040e+06   4.0893555e+01
   2.8685140e+06   3.9978027e+01
   2.8686570e+06   3.6804199e+01
   3.0756420e+06   7.9406738e+01
   3.0756620e+06   4.9560547e+01
   3.0756780e+06   4.3701172e+01
   3.0756950e+06   8.1420898e+01
   3.0757250e+06   4.7302246e+01
   3.0757510e+06   4.3029785e+01
   3.0757770e+06   5.0476074e+01
   3.0757870e+06   4.9255371e+01
   3.0758010e+06   5.3161621e+01
   3.0758430e+06   4.3701172e+01
   3.0758880e+06   4.0161133e+01
   3.0759130e+06   4.4433594e+01
   3.0759820e+06   4.4677734e+01
   3.0761820e+06   3.9367676e+01
   3.0773380e+06   3.6926270e+01
   3.0775820e+06   3.7414551e+01
   3.0779970e+06   3.7719727e+01
   3.0783000e+06   3.6560059e+01
   3.0788320e+06   4.0466309e+01
   3.0794000e+06   3.9123535e+01
   3.0797180e+06   3.7231445e+01
   3.2447090e+06   4.1442871e+01
   3.2447240e+06   7.6782227e+01
   3.2447420e+06   6.0302734e+01
   3.2447540e+06   5.9448242e+01
   3.2447770e+06   3.8269043e+01
   3.2447990e+06   3.9794922e+01
   3.2448190e+06   3.7658691e+01
   3.2448470e+06   6.2500000e+01
   3.2448690e+06   5.2734375e+01
   3.2448790e+06   4.9438477e+01
   3.2448990e+06   5.0720215e+01
   3.2449280e+06   5.6152344e+01
   3.2449780e+06   4.5532227e+01
   3.2449980e+06   3.8391113e+01
   3.2451570e+06   3.7414551e+01
   3.2474450e+06   3.9733887e+01
   3.2476000e+06   4.5104980e+01
   3.3634060e+06   3.7597656e+01
   3.3634350e+06   3.8696289e+01
   3.3634450e+06   4.4982910e+01
   3.3634630e+06   5.8105469e+01
   3.3634920e+06   4.0527344e+01
   3.3635020e+06   7.3608398e+01
   3.3635240e+06   6.9152832e+01
   3.3635740e+06   6.5307617e+01
   3.3635910e+06   4.9743652e+01
   3.3636060e+06   3.6865234e+01
   3.3636260e+06   4.1687012e+01
   3.3636470e+06   4.4128418e+01
   3.3636600e+06   3.8513184e+01
   3.3636790e+06   3.8818359e+01
   3.3638450e+06   3.6804199e+01
   3.3659340e+06   5.0903320e+01
   3.3809120e+06   4.2114258e+01
   3.3809450e+06   5.2978516e+01
   3.3809570e+06   4.6203613e+01
   3.3809880e+06   6.4880371e+01
   3.3810200e+06   4.5654297e+01
   3.3810520e+06   3.9672852e+01
   3.3811160e+06   4.4982910e+01
   3.3811420e+06   4.9255371e+01
   3.3811700e+06   4.0466309e+01
   3.3811840e+06   3.8757324e+01
   3.3812100e+06   4.0100098e+01
   3.3812360e+06   3.9367676e+01
   3.3812680e+06   5.0048828e+01
   3.3812940e+06   4.2907715e+01
   3.3814830e+06   3.8818359e+01
   3.3817270e+06   3.7780762e+01
   3.3827080e+06   3.8330078e+01
   3.3830080e+06   3.7902832e+01
   3.3834090e+06   3.7963867e+01
   3.3949330e+06   5.0109863e+01
   3.3949580e+06   4.7851563e+01
   3.3950180e+06   5.0598145e+01
   3.3950350e+06   4.0039063e+01
   3.3950550e+06   6.6833496e+01
   3.3950810e+06   7.5561523e+01
   3.3951020e+06   4.9133301e+01
   3.3951930e+06   3.7658691e+01
   3.3952330e+06   4.3640137e+01
   3.3952520e+06   4.3090820e+01
   3.3953280e+06   3.7719727e+01
   3.3953670e+06   3.6865234e+01
   3.3953960e+06   4.2236328e+01
   3.3956240e+06   4.3579102e+01
   3.3959980e+06   3.7048340e+01
   3.3965020e+06   3.7780762e+01
   3.3988700e+06   4.1442871e+01
   3.4067220e+06   6.1706543e+01
   3.4067810e+06   3.6743164e+01
   3.4068320e+06   4.5837402e+01
   3.4068570e+06   4.3884277e+01
   3.4069110e+06   4.1076660e+01
   3.4069740e+06   6.3476563e+01
   3.4071480e+06   4.2724609e+01
   3.4071950e+06   3.8085938e+01
   3.4072290e+06   3.6987305e+01
   3.4072770e+06   3.6743164e+01
   3.4074890e+06   3.8330078e+01
   3.4075870e+06   5.1696777e+01
   3.4079850e+06   3.8146973e+01
   3.4186750e+06   5.1879883e+01
   3.4186930e+06   4.2297363e+01
   3.4187970e+06   6.1767578e+01
   3.4188270e+06   3.6743164e+01
   3.4188540e+06   3.8696289e+01
   3.4189070e+06   3.7719727e+01
   3.4189900e+06   4.5776367e+01
   3.4190760e+06   4.3273926e+01
   3.4191550e+06   6.1096191e+01
   3.4191980e+06   4.1687012e+01
   3.4192480e+06   4.1198730e+01
   3.4192960e+06   4.3640137e+01
   3.4193940e+06   4.2236328e+01
   3.4194510e+06   3.9062500e+01
   3.4196230e+06   3.7597656e+01
   3.4199880e+06   4.3334961e+01
   3.4303080e+06   4.6203613e+01
   3.4303950e+06   3.7719727e+01
   3.4304060e+06   5.9020996e+01
   3.4304330e+06   3.7353516e+01
   3.4305610e+06   3.8391113e+01
   3.4305930e+06   4.4433594e+01
   3.4306180e+06   4.1076660e+01
   3.4306780e+06   3.8330078e+01
   3.4307280e+06   6.5124512e+01
   3.4308920e+06   5.9020996e+01
   3.4309890e+06   4.3518066e+01
   3.4310560e+06   4.0771484e+01
   3.4314980e+06   3.8818359e+01
   3.4316280e+06   3.7475586e+01
   3.4437540e+06   4.2358398e+01
   3.4438770e+06   5.9326172e+01
   3.4438990e+06   5.8776855e+01
   3.4439290e+06   4.1015625e+01
   3.4439660e+06   4.6447754e+01
   3.4439990e+06   4.5043945e+01
   3.4440230e+06   3.8452148e+01
   3.4441150e+06   4.2663574e+01
   3.4441830e+06   4.8095703e+01
   3.4441980e+06   4.4677734e+01
   3.4442280e+06   4.5227051e+01
   3.4444860e+06   4.0344238e+01
   3.4445490e+06   3.8330078e+01
   3.4446590e+06   3.9367676e+01
   3.4448680e+06   4.1015625e+01
   3.4449650e+06   4.2846680e+01
   3.4455650e+06   3.9916992e+01
   3.4549740e+06   3.6743164e+01
   3.4550120e+06   4.2236328e+01
   3.4551630e+06   4.1198730e+01
   3.4551960e+06   3.8391113e+01
   3.4552270e+06   4.0527344e+01
   3.4552760e+06   3.6621094e+01
   3.4553070e+06   4.1198730e+01
   3.4553720e+06   3.8574219e+01
   3.4553820e+06   3.8330078e+01
   3.4554350e+06   4.1198730e+01
   3.4554610e+06   3.9733887e+01
   3.4555010e+06   5.0109863e+01
   3.4555230e+06   4.1931152e+01
   3.4555460e+06   4.4921875e+01
   3.4556600e+06   4.5166016e+01
   3.4557070e+06   4.1015625e+01
   3.4558930e+06   5.2307129e+01
   3.4566710e+06   4.4311523e+01
   3.4662770e+06   5.1757813e+01
   3.4664460e+06   5.4077148e+01
   3.4664930e+06   3.7353516e+01
   3.4665820e+06   5.0109863e+01
   3.4666300e+06   3.7170410e+01
   3.4667070e+06   4.5349121e+01
   3.4667770e+06   4.3640137e+01
   3.4667980e+06   3.8452148e+01
   3.4668660e+06   5.6213379e+01
   3.4669970e+06   3.8391113e+01
   3.4670290e+06   3.9062500e+01
   3.4672070e+06   4.8828125e+01
   3.4672610e+06   3.7780762e+01
   3.4819260e+06   3.6804199e+01
   3.4819710e+06   7.7880859e+01
   3.4820380e+06   3.6682129e+01
   3.4820680e+06   4.7851563e+01
   3.4821060e+06   5.2368164e+01
   3.4821430e+06   4.2907715e+01
   3.4821830e+06   4.0649414e+01
   3.4821990e+06   4.5471191e+01
   3.4822330e+06   5.3649902e+01
   3.4822960e+06   4.4677734e+01
   3.4823430e+06   4.3395996e+01
   3.4823960e+06   3.9001465e+01
   3.4824320e+06   4.1748047e+01
   3.4824780e+06   4.8278809e+01
   3.4825230e+06   3.7048340e+01
   3.4827580e+06   3.9916992e+01
   3.4829780e+06   3.9916992e+01
   3.4836160e+06   4.1015625e+01
   3.4946680e+06   3.8696289e+01
   3.4946990e+06   4.1564941e+01
   3.4947470e+06   3.9123535e+01
   3.4948100e+06   3.9733887e+01
   3.4948200e+06   6.4147949e+01
   3.4948380e+06   4.5227051e+01
   3.4949030e+06   4.0771484e+01
   3.4949540e+06   4.9133301e+01
   3.4951600e+06   5.4931641e+01
   3.4952410e+06   4.0527344e+01
   3.4953680e+06   3.8635254e+01
   3.4953840e+06   3.9733887e+01
   3.4955220e+06   4.3701172e+01
   3.4958910e+06   4.2602539e+01
   3.4962840e+06   3.6682129e+01
   3.5072550e+06   4.1198730e+01
   3.5073620e+06   3.7536621e+01
   3.5074290e+06   6.2683105e+01
   3.5074810e+06   3.9978027e+01
   3.5075410e+06   3.7597656e+01
   3.5075740e+06   4.2785645e+01
   3.5076580e+06   4.3457031e+01
   3.5076780e+06   3.8269043e+01
   3.5077240e+06   3.9733887e+01
   3.5077450e+06   3.9550781e+01
   3.5078040e+06   3.8574219e+01
   3.5078560e+06   4.1442871e+01
   3.5078880e+06   4.8278809e+01
   3.5079720e+06   4.0771484e+01
   3.5081450e+06   4.1381836e+01
   3.5088900e+06   3.7536621e+01
   3.5196550e+06   5.1208496e+01
   3.5198400e+06   6.2438965e+01
   3.5198690e+06   4.0954590e+01
   3.5199470e+06   4.1809082e+01
   3.5199650e+06   4.2480469e+01
   3.5199970e+06   4.2480469e+01
   3.5200380e+06   6.0119629e+01
   3.5200490e+06   3.9245605e+01
   3.5200800e+06   3.7536621e+01
   3.5201030e+06   4.6691895e+01
   3.5202170e+06   4.1503906e+01
   3.5202360e+06   4.9926758e+01
   3.5202960e+06   4.0222168e+01
   3.5203630e+06   3.6865234e+01
   3.5204010e+06   4.4921875e+01
   3.5205430e+06   4.5959473e+01
   3.5209740e+06   3.8208008e+01
   3.5211790e+06   3.7536621e+01
   3.5332670e+06   4.4738770e+01
   3.5333510e+06   4.1381836e+01
   3.5334000e+06   6.2011719e+01
   3.5334130e+06   4.3029785e+01
   3.5334840e+06   3.7231445e+01
   3.5336080e+06   4.1076660e+01
   3.5336290e+06   4.0466309e+01
   3.5336820e+06   4.8095703e+01
   3.5336940e+06   6.0791016e+01
   3.5337390e+06   4.0039063e+01
   3.5337740e+06   3.7719727e+01
   3.5338110e+06   4.5532227e+01
   3.5557480e+06   4.0588379e+01
   3.5557710e+06   5.7128906e+01
   3.5558430e+06   3.8146973e+01
   3.5558740e+06   4.7912598e+01
   3.5558900e+06   4.1137695e+01
   3.5559330e+06   3.9550781e+01
   3.5559580e+06   3.8513184e+01
   3.5559700e+06   5.9692383e+01
   3.5559970e+06   5.4321289e+01
   3.5560190e+06   5.1879883e+01
   3.5560930e+06   5.5114746e+01
   3.5561330e+06   4.0649414e+01
   3.5561530e+06   4.6752930e+01
   3.5562630e+06   3.7536621e+01
   3.5563010e+06   4.2419434e+01
   3.5563130e+06   4.1381836e+01
   3.5563820e+06   3.7475586e+01
   3.5564600e+06   4.7119141e+01
   3.5564730e+06   3.6804199e+01
   3.5565700e+06   4.0771484e+01
   3.5566710e+06   3.6926270e+01
   3.5653470e+06   5.0109863e+01
   4.0300510e+06   6.0852051e+01
   4.0300640e+06   4.7058105e+01
   4.0300940e+06   5.2368164e+01
   4.0301250e+06   4.5166016e+01
   4.0301500e+06   4.3334961e+01
   4.0301790e+06   5.0903320e+01
   4.0302110e+06   4.7241211e+01
   4.0302240e+06   4.0161133e+01
   4.0302490e+06   3.9489746e+01
   4.0302940e+06   4.5288086e+01
   4.0303550e+06   3.6987305e+01
   4.0319580e+06   3.8452148e+01
   4.0320040e+06   3.9184570e+01
   4.0322620e+06   4.7851563e+01
   4.0323320e+06   4.6936035e+01
   4.0323960e+06   3.8024902e+01
   4.0324380e+06   3.6560059e+01
   4.0329580e+06   3.9855957e+01
   4.0335720e+06   4.5715332e+01
   4.2378790e+06   4.2358398e+01
   4.2379120e+06   4.4738770e+01
   4.2379450e+06   7.9650879e+01
   4.2379550e+06   4.2419434e+01
   4.2379730e+06   5.6335449e+01
   4.2380060e+06   5.8471680e+01
   4.2380300e+06   5.1025391e+01
   4.2380450e+06   4.2907715e+01
   4.2380700e+06   4.0283203e+01
   4.2380880e+06   3.7292480e+01
   4.2381040e+06   5.2917480e+01
   4.2381860e+06   4.4677734e+01
   4.2382220e+06   4.1809082e+01
   4.2383130e+06   3.7902832e+01
   4.2383440e+06   4.2236328e+01
   4.2384900e+06   3.6560059e+01
   4.2394170e+06   3.6560059e+01
   4.2399100e+06   3.7719727e+01
   4.2400200e+06   3.6865234e+01
   4.2405900e+06   4.0954590e+01
   4.4620820e+06   4.0527344e+01
   4.4621070e+06   5.4687500e+01
   4.4621190e+06   4.5104980e+01
   4.4621520e+06   5.8227539e+01
   4.4621690e+06   4.1381836e+01
   4.4621950e+06   5.0231934e+01
   4.4622230e+06   4.4250488e+01
   4.4622420e+06   7.8552246e+01
   4.4622680e+06   4.0222168e+01
   4.4622900e+06   5.5786133e+01
   4.4623150e+06   4.6569824e+01
   4.4623810e+06   3.9367676e+01
   4.4639710e+06   3.7719727e+01
   4.4641170e+06   3.8818359e+01
   4.4642350e+06   3.8208008e+01
   4.4646170e+06   4.1687012e+01
   4.4652790e+06   3.8391113e+01
   4.4664120e+06   3.7109375e+01
   4.6343140e+06   4.8583984e+01
   4.6343280e+06   5.4992676e+01
   4.6343720e+06   6.3110352e+01
   4.6343910e+06   5.6091309e+01
   4.6344030e+06   5.5603027e+01
   4.6344590e+06   5.4016113e+01
   4.6344750e+06   5.8349609e+01
   4.6345020e+06   4.1564941e+01
   4.6345170e+06   4.7973633e+01
   4.6345550e+06   5.0109863e+01
   4.6346710e+06   4.0710449e+01
   4.6366070e+06   3.8330078e+01
   4.6366740e+06   3.6865234e+01
   4.6372220e+06   3.8940430e+01
   4.8381300e+06   7.0678711e+01
   4.8381430e+06   5.6640625e+01
   4.8381580e+06   4.4738770e+01
   4.8381760e+06   4.4616699e+01
   4.8381870e+06   3.8208008e+01
   4.8382050e+06   3.6621094e+01
   4.8382150e+06   5.7556152e+01
   4.8382490e+06   6.1950684e+01
   4.8382730e+06   5.6823730e+01
   4.8382910e+06   4.1015625e+01
   4.8383490e+06   3.9672852e+01
   4.8384360e+06   3.7353516e+01
   4.8384730e+06   4.9377441e+01
   4.8385150e+06   4.2907715e+01
   4.8388850e+06   4.0649414e+01
   4.8390390e+06   3.8146973e+01
   4.8405590e+06   4.2114258e+01
   4.8406370e+06   3.8024902e+01
   4.8524130e+06   4.4982910e+01
   4.8524370e+06   4.3334961e+01
   4.8524700e+06   3.8452148e+01
   4.8524930e+06   4.5349121e+01
   4.8525210e+06   4.1320801e+01
   4.8525440e+06   4.3945313e+01
   4.8525680e+06   5.4931641e+01
   4.8526210e+06   3.8513184e+01
   4.8526450e+06   4.9804688e+01
   4.8526820e+06   3.9489746e+01
   4.8527270e+06   4.3029785e+01
   4.8528900e+06   4.0222168e+01
   4.8553640e+06   3.9978027e+01
   4.8559340e+06   4.0466309e+01
   4.8657900e+06   3.6621094e+01
   4.8658110e+06   5.5480957e+01
   4.8658310e+06   3.8208008e+01
   4.8658750e+06   5.2062988e+01
   4.8659060e+06   5.4870605e+01
   4.8659260e+06   5.7373047e+01
   4.8659480e+06   6.2316895e+01
   4.8659750e+06   4.8950195e+01
   4.8659880e+06   4.0954590e+01
   4.8660400e+06   4.8339844e+01
   4.8660630e+06   4.0710449e+01
   4.8660860e+06   4.5349121e+01
   4.8661020e+06   3.9245605e+01
   4.8661220e+06   4.0283203e+01
   4.8661540e+06   4.3945313e+01
   4.8661670e+06   4.4677734e+01
   4.8661910e+06   4.7546387e+01
   4.8662500e+06   4.0527344e+01
   4.8662720e+06   3.9123535e+01
   4.8663320e+06   4.3395996e+01
   4.8663540e+06   3.8330078e+01
   4.8665160e+06   4.4860840e+01
   4.8788330e+06   5.9082031e+01
   4.8788590e+06   5.7617187e+01
   4.8789260e+06   6.3903809e+01
   4.8789970e+06   6.0729980e+01
   4.8790380e+06   3.6865234e+01
   4.8790750e+06   4.0527344e+01
   4.8791080e+06   3.7292480e+01
   4.8791360e+06   3.9245605e+01
   4.8791750e+06   7.8125000e+01
   4.8792010e+06   3.8757324e+01
   4.8792540e+06   5.5847168e+01
   4.8792820e+06   3.7170410e+01
   4.8794120e+06   3.6621094e+01
   4.8796650e+06   3.8452148e+01
   4.9024890e+06   6.9702148e+01
   4.9025530e+06   4.8156738e+01
   4.9026320e+06   5.3894043e+01
   4.9026500e+06   6.9030762e+01
   4.9026950e+06   4.7607422e+01
   4.9027120e+06   4.4067383e+01
   4.9027800e+06   5.0659180e+01
   4.9027950e+06   5.4077148e+01
   4.9028380e+06   4.1259766e+01
   4.9029260e+06   3.7841797e+01
   4.9029560e+06   4.0100098e+01
   4.9034340e+06   4.3334961e+01
   4.9217880e+06   5.7556152e+01
   4.9218310e+06   4.3884277e+01
   4.9218640e+06   3.7353516e+01
   4.9218740e+06   5.4626465e+01
   4.9219300e+06   5.2185059e+01
   4.9219430e+06   5.4260254e+01
   4.9219740e+06   4.2907715e+01
   4.9220280e+06   4.7485352e+01
   4.9220570e+06   4.0832520e+01
   4.9220760e+06   4.1137695e+01
   4.9221090e+06   3.7719727e+01
   4.9222540e+06   3.9367676e+01
   4.9224150e+06   3.8269043e+01
   4.9226270e+06   4.0344238e+01
   4.9231170e+06   4.3640137e+01
   4.9374690e+06   4.4860840e+01
   4.9375480e+06   5.0476074e+01
   4.9375710e+06   4.2785645e+01
   4.9375890e+06   6.6162109e+01
   4.9376010e+06   4.3334961e+01
   4.9376260e+06   4.3884277e+01
   4.9376980e+06   5.2307129e+01
   4.9377390e+06   3.8391113e+01
   4.9377570e+06   4.4433594e+01
   4.9377750e+06   3.9855957e+01
   4.9378020e+06   4.1687012e+01
   4.9378220e+06   4.3640137e+01
   4.9378460e+06   4.1381836e+01
   4.9378780e+06   4.1503906e+01
   4.9379760e+06   3.8024902e+01
   4.9383340e+06   4.1259766e+01
   4.9384940e+06   4.2724609e+01
   4.9387080e+06   4.3395996e+01
   4.9501170e+06   6.1767578e+01
   4.9502250e+06   3.7292480e+01
   4.9502490e+06   6.5979004e+01
   4.9502600e+06   4.1320801e+01
   4.9503200e+06   5.4138184e+01
   4.9503300e+06   5.7373047e+01
   4.9504070e+06   3.9672852e+01
   4.9504540e+06   4.2846680e+01
   4.9505370e+06   4.4372559e+01
   4.9505960e+06   3.7109375e+01
   4.9506560e+06   3.9672852e+01
   4.9506820e+06   5.6701660e+01
   4.9508430e+06   4.0954590e+01
   4.9511580e+06   4.5104980e+01
   4.9518480e+06   3.7658691e+01
   4.9675970e+06   5.1513672e+01
   4.9677380e+06   4.3273926e+01
   4.9677620e+06   4.0832520e+01
   4.9678000e+06   4.2297363e+01
   4.9678730e+06   3.8757324e+01
   4.9679190e+06   5.3100586e+01
   4.9680140e+06   3.9001465e+01
   4.9680440e+06   3.9733887e+01
   4.9680570e+06   3.9855957e+01
   4.9680890e+06   4.0161133e+01
   4.9681180e+06   4.5776367e+01
   4.9681940e+06   5.4565430e+01
   4.9682440e+06   3.7231445e+01
   4.9683510e+06   3.9611816e+01
   4.9683850e+06   4.0771484e+01
   4.9684400e+06   4.4311523e+01
   4.9687050e+06   3.8330078e+01
   4.9810540e+06   3.6560059e+01
   4.9810940e+06   7.5256348e+01
   4.9812360e+06   6.9213867e+01
   4.9812490e+06   3.7780762e+01
   4.9813230e+06   4.3212891e+01
   4.9813590e+06   5.3405762e+01
   4.9813830e+06   5.5114746e+01
   4.9814760e+06   4.0039063e+01
   4.9815340e+06   5.2978516e+01
   4.9816040e+06   3.7170410e+01
   4.9816730e+06   5.1696777e+01
   4.9817030e+06   3.9978027e+01
   4.9817350e+06   3.8513184e+01
   4.9817480e+06   4.1015625e+01
   4.9818370e+06   4.1564941e+01
   4.9821200e+06   3.8146973e+01
   4.9824330e+06   4.2175293e+01
   4.9934920e+06   4.7790527e+01
   4.9936500e+06   4.2907715e+01
   4.9937250e+06   3.6682129e+01
   4.9937410e+06   3.8513184e+01
   4.9937790e+06   6.5490723e+01
   4.9938110e+06   3.6804199e+01
   4.9938310e+06   5.3894043e+01
   4.9938590e+06   4.0405273e+01
   4.9939580e+06   3.7353516e+01
   4.9940950e+06   4.1076660e+01
   4.9942390e+06   3.9794922e+01
   4.9942500e+06   4.8156738e+01
   4.9946470e+06   3.8146973e+01
   4.9947370e+06   3.7719727e+01
   4.9950690e+06   4.0588379e+01
   5.0081580e+06   5.0048828e+01
   5.0081960e+06   4.6569824e+01
   5.0082690e+06   4.1931152e+01
   5.0082940e+06   3.8269043e+01
   5.0083100e+06   4.5898438e+01
   5.0083520e+06   5.2185059e+01
   5.0083800e+06   5.5541992e+01
   5.0085140e+06   4.0344238e+01
   5.0085300e+06   4.5715332e+01
   5.0085490e+06   3.7292480e+01
   5.0086340e+06   3.9611816e+01
   5.0086910e+06   3.9428711e+01
   5.0090540e+06   4.0893555e+01
   5.0091920e+06   3.7597656e+01
   5.0097290e+06   4.2480469e+01
   5.0214600e+06   4.4067383e+01
   5.0215770e+06   3.7841797e+01
   5.0215960e+06   3.8269043e+01
   5.0217180e+06   3.9428711e+01
   5.0217480e+06   4.0466309e+01
   5.0217960e+06   3.8208008e+01
   5.0218940e+06   4.6020508e+01
   5.0219370e+06   4.7546387e+01
   5.0222230e+06   4.0710449e+01
   5.0222430e+06   3.9062500e+01
   5.0225250e+06   3.6987305e+01
   5.0358330e+06   5.9326172e+01
   5.0358900e+06   3.7719727e+01
   5.0359070e+06   5.0231934e+01
   5.0359540e+06   6.1462402e+01
   5.0359930e+06   3.7414551e+01
   5.0360320e+06   4.0710449e+01
   5.0360420e+06   5.0964355e+01
   5.0360680e+06   3.9001465e+01
   5.0361030e+06   3.6743164e+01
   5.0361840e+06   4.7790527e+01
   5.0362150e+06   7.1166992e+01
   5.0363480e+06   4.3334961e+01
   5.0363740e+06   5.0354004e+01
   5.0364470e+06   3.7780762e+01
   5.0364910e+06   3.9062500e+01
   5.0369810e+06   3.7231445e+01
   5.0380120e+06   3.8879395e+01
   5.0490420e+06   5.4931641e+01
   5.0492930e+06   4.6081543e+01
   5.0493290e+06   5.1940918e+01
   5.0493570e+06   4.5104980e+01
   5.0493820e+06   4.1015625e+01
   5.0494970e+06   4.5959473e+01
   5.0495420e+06   4.5288086e+01
   5.0496620e+06   3.8452148e+01
   5.0496830e+06   4.6142578e+01
   5.0498380e+06   4.2358398e+01
   5.0498590e+06   4.7973633e+01
   5.0502680e+06   4.0771484e+01
   5.0503280e+06   4.1198730e+01
   5.0505270e+06   3.9916992e+01
   5.0726440e+06   3.7109375e+01
   5.0726770e+06   6.2866211e+01
   5.0726930e+06   4.7241211e+01
   5.0727780e+06   5.4382324e+01
   5.0727920e+06   4.5227051e+01
   5.0728470e+06   3.6743164e+01
   5.0728620e+06   4.1381836e+01
   5.0728810e+06   4.6081543e+01
   5.0729030e+06   4.7729492e+01
   5.0729280e+06   4.3457031e+01
   5.0730020e+06   3.6621094e+01
   5.0730280e+06   4.8706055e+01
   5.0730610e+06   4.0161133e+01
   5.0731420e+06   4.0283203e+01
   5.0732500e+06   4.6081543e+01
   5.0751060e+06   4.1259766e+01
   5.5406560e+06   3.7658691e+01
   5.5407200e+06   5.4016113e+01
   5.5407540e+06   4.8156738e+01
   5.5407710e+06   5.2368164e+01
   5.5407850e+06   3.8696289e+01
   5.5408190e+06   5.1574707e+01
   5.5408330e+06   5.0354004e+01
   5.5408710e+06   8.0383301e+01
   5.5408850e+06   4.7912598e+01
   5.5409050e+06   5.2734375e+01
   5.5409570e+06   3.7658691e+01
   5.5409680e+06   4.7119141e+01
   5.5410290e+06   3.9062500e+01
   5.5410560e+06   4.2724609e+01
   5.5410810e+06   3.9001465e+01
   5.5411410e+06   3.8635254e+01
   5.5437140e+06   3.8513184e+01
   5.5439000e+06   3.7719727e+01
   5.8315650e+06   3.8146973e+01
   5.8316170e+06   8.7097168e+01
   5.8316270e+06   3.8574219e+01
   5.8316460e+06   8.8439941e+01
   5.8316600e+06   6.6589355e+01
   5.8316980e+06   4.3823242e+01
   5.8317310e+06   7.5439453e+01
   5.8317510e+06   3.6682129e+01
   5.8317620e+06   6.4086914e+01
   5.8317980e+06   5.5297852e+01
   5.8318250e+06   3.9489746e+01
   5.8319110e+06   4.3029785e+01
   5.8332850e+06   4.2419434e+01
   5.8334680e+06   3.6804199e+01
   5.8340080e+06   4.0161133e+01
   5.8496300e+06   4.9072266e+01
   5.8496500e+06   4.0161133e+01
   5.8496740e+06   4.7058105e+01
   5.8496910e+06   4.6936035e+01
   5.8497190e+06   5.6579590e+01
   5.8497530e+06   4.1320801e+01
   5.8497880e+06   5.4382324e+01
   5.8498020e+06   4.7607422e+01
   5.8498270e+06   4.5043945e+01
   5.8498400e+06   3.9916992e+01
   5.8498720e+06   4.3029785e+01
   5.8498860e+06   5.7067871e+01
   5.8499180e+06   5.4077148e+01
   5.8499860e+06   4.2053223e+01
   5.8500300e+06   4.0710449e+01
   5.8500670e+06   3.8085938e+01
   5.8501320e+06   3.9184570e+01
   5.8501710e+06   4.0954590e+01
   5.8503020e+06   4.6386719e+01
   5.8696330e+06   3.9367676e+01
   5.8697010e+06   5.5358887e+01
   5.8697770e+06   4.9316406e+01
   5.8697970e+06   3.8513184e+01
   5.8698320e+06   4.0771484e+01
   5.8698600e+06   3.8940430e+01
   5.8698920e+06   3.7780762e+01
   5.8699060e+06   5.6091309e+01
   5.8699230e+06   4.6569824e+01
   5.8699670e+06   4.1992188e+01
   5.8699950e+06   3.6560059e+01
   5.8700200e+06   4.6142578e+01
   5.8700580e+06   4.5471191e+01
   5.8701080e+06   4.0832520e+01
   5.8703770e+06   3.7414551e+01
   5.8704180e+06   4.1870117e+01
   5.8704290e+06   3.7963867e+01
   5.8707220e+06   3.8208008e+01
   5.8948910e+06   5.1269531e+01
   5.8949700e+06   5.0903320e+01
   5.8949960e+06   4.7729492e+01
   5.8950460e+06   3.8330078e+01
   5.8950610e+06   4.4677734e+01
   5.8950790e+06   4.4921875e+01
   5.8951100e+06   3.6865234e+01
   5.8951250e+06   4.3945313e+01
   5.8951380e+06   3.8146973e+01
   5.8951830e+06   5.6396484e+01
   5.8952000e+06   5.1269531e+01
   5.8952230e+06   5.8166504e+01
   5.8952580e+06   3.9672852e+01
   5.8952810e+06   3.7475586e+01
   5.8953200e+06   4.7485352e+01
   5.8953420e+06   4.5654297e+01
   5.8953770e+06   4.1137695e+01
   5.8954370e+06   4.4799805e+01
   5.8955260e+06   4.7790527e+01
   5.8956400e+06   3.9794922e+01
   5.9261170e+06   3.8879395e+01
   5.9261490e+06   4.0832520e+01
   5.9261850e+06   3.6865234e+01
   5.9262220e+06   5.3955078e+01
   5.9262360e+06   3.7719727e+01
   5.9262950e+06   4.9133301e+01
   5.9263510e+06   4.0405273e+01
   5.9263700e+06   3.7353516e+01
   5.9264070e+06   5.1635742e+01
   5.9264430e+06   4.9194336e+01
   5.9265090e+06   5.3283691e+01
   5.9265270e+06   3.6682129e+01
   5.9265420e+06   5.1879883e+01
   5.9266050e+06   4.1442871e+01
   5.9266540e+06   3.9428711e+01
   5.9266950e+06   3.7231445e+01
   5.9273480e+06   3.8085938e+01
   5.9439560e+06   6.1157227e+01
   5.9440640e+06   3.9611816e+01
   5.9440870e+06   4.1870117e+01
   5.9441040e+06   3.6804199e+01
   5.9441460e+06   5.0476074e+01
   5.9441670e+06   4.1381836e+01
   5.9441880e+06   6.4575195e+01
   5.9442200e+06   3.7963867e+01
   5.9442360e+06   3.8452148e+01
   5.9442590e+06   3.6560059e+01
   5.9443070e+06   4.5654297e+01
   5.9443210e+06   5.6213379e+01
   5.9444030e+06   3.7658691e+01
   5.9444290e+06   5.3527832e+01
   5.9444920e+06   4.0039063e+01
   5.9445190e+06   4.1076660e+01
   5.9446210e+06   5.2917480e+01
   5.9446410e+06   3.8269043e+01
   5.9448180e+06   4.0649414e+01
   5.9448420e+06   4.0893555e+01
   5.9458440e+06   3.7414551e+01
   5.9663870e+06   5.3955078e+01
   5.9664630e+06   3.7597656e+01
   5.9664800e+06   4.7302246e+01
   5.9665060e+06   4.1625977e+01
   5.9665370e+06   5.4626465e+01
   5.9665850e+06   3.9550781e+01
   5.9666260e+06   3.6926270e+01
   5.9666660e+06   3.8574219e+01
   5.9666790e+06   5.6518555e+01
   5.9669790e+06   3.7780762e+01
   5.9670190e+06   3.6682129e+01
   5.9929460e+06   4.2175293e+01
   5.9929810e+06   5.1757813e+01
   5.9929940e+06   4.9255371e+01
   5.9930270e+06   3.9428711e+01
   5.9930440e+06   4.8706055e+01
   5.9930790e+06   4.1320801e+01
   5.9931210e+06   5.8959961e+01
   5.9931450e+06   4.2724609e+01
   5.9931710e+06   4.0649414e+01
   5.9932090e+06   4.6386719e+01
   5.9932630e+06   4.4433594e+01
   5.9933070e+06   4.3701172e+01
   5.9933190e+06   3.6682129e+01
   5.9935070e+06   4.1809082e+01
   5.9942810e+06   3.7109375e+01
   6.0165770e+06   5.2307129e+01
   6.0166420e+06   3.9611816e+01
   6.0166760e+06   4.1320801e+01
   6.0166860e+06   3.8330078e+01
   6.0167140e+06   4.0161133e+01
   6.0167520e+06   3.8513184e+01
   6.0167650e+06   4.0893555e+01
   6.0167860e+06   4.7119141e+01
   6.0168580e+06   4.2358398e+01
   6.0168820e+06   4.0405273e+01
   6.0169230e+06   3.9062500e+01
   6.0169700e+06   3.7109375e+01
   6.0169970e+06   6.1767578e+01
   6.0170240e+06   5.0109863e+01
   6.0170880e+06   3.9489746e+01
   6.0174610e+06   4.0649414e+01
   6.3390780e+06   4.0893555e+01
   6.4008560e+06   3.7841797e+01
   6.5486330e+06   3.6560059e+01
   6.5486590e+06   5.4748535e+01
   6.5486900e+06   5.9570313e+01
   6.5487070e+06   5.0231934e+01
   6.5487290e+06   4.6508789e+01
   6.5487470e+06   4.6081543e+01
   6.5487640e+06   5.0292969e+01
   6.5487850e+06   6.2011719e+01
   6.5488130e+06   5.3955078e+01
   6.5488430e+06   5.7556152e+01
   6.5488670e+06   4.9743652e+01
   6.5489100e+06   4.8522949e+01
   6.5489560e+06   3.7719727e+01
   6.5489790e+06   3.9794922e+01
   6.5490080e+06   3.8330078e+01
   6.5490680e+06   4.2907715e+01
   6.5507630e+06   4.0771484e+01
   6.5512620e+06   3.7231445e+01
   6.5519870e+06   3.6743164e+01
   6.5643850e+06   3.6743164e+01
   6.6083320e+06   4.2175293e+01
   6.8380980e+06   3.6621094e+01
   6.8381580e+06   3.7597656e+01
   6.8381760e+06   6.8542480e+01
   6.8382080e+06   5.1269531e+01
   6.8382260e+06   4.5959473e+01
   6.8382420e+06   5.1269531e+01
   6.8382680e+06   4.5104980e+01
   6.8382950e+06   6.1645508e+01
   6.8383150e+06   3.9978027e+01
   6.8383290e+06   5.1513672e+01
   6.8383490e+06   3.8574219e+01
   6.8383760e+06   3.6865234e+01
   6.8384050e+06   4.2358398e+01
   6.8384650e+06   4.6264648e+01
   6.8385110e+06   3.9123535e+01
   6.8396320e+06   3.8818359e+01
   6.8399350e+06   3.8635254e+01
   6.8401920e+06   3.7475586e+01
   6.8407640e+06   4.4555664e+01
   6.8410150e+06   3.6743164e+01
   6.8414020e+06   4.2236328e+01
   6.8557560e+06   3.9978027e+01
   6.8557810e+06   4.2663574e+01
   6.8558120e+06   5.5236816e+01
   6.8558280e+06   4.0832520e+01
   6.8558500e+06   3.9184570e+01
   6.8558870e+06   5.0964355e+01
   6.8559180e+06   4.3273926e+01
   6.8560230e+06   4.0771484e+01
   6.8560610e+06   4.4555664e+01
   6.8560740e+06   4.2663574e+01
   6.8561000e+06   3.7414551e+01
   6.8561320e+06   4.2175293e+01
   6.8562270e+06   3.6621094e+01
   6.8562600e+06   4.8339844e+01
   6.8562950e+06   4.3823242e+01
   6.8568280e+06   3.7353516e+01
   6.8569580e+06   3.7841797e+01
   6.8573590e+06   3.6926270e+01
   6.8734830e+06   5.0048828e+01
   6.8734980e+06   3.9672852e+01
   6.8735450e+06   4.3212891e+01
   6.8735820e+06   4.1870117e+01
   6.8736200e+06   3.7109375e+01
   6.8736570e+06   3.7353516e+01
   6.8736790e+06   4.2846680e+01
   6.8737000e+06   4.7363281e+01
   6.8737440e+06   5.2490234e+01
   6.8737580e+06   4.6691895e+01
   6.8737820e+06   3.7719727e+01
   6.8738060e+06   4.3823242e+01
   6.8738180e+06   4.3457031e+01
   6.8738400e+06   3.9184570e+01
   6.8738580e+06   7.4645996e+01
   6.8738980e+06   4.0405273e+01
   6.8740610e+06   3.7170410e+01
   6.8741830e+06   3.7048340e+01
   6.8742760e+06   3.6926270e+01
   6.8750150e+06   3.7048340e+01
   6.8935280e+06   4.1137695e+01
   6.8936110e+06   3.6621094e+01
   6.8936240e+06   3.8757324e+01
   6.8936440e+06   4.9987793e+01
   6.8937270e+06   4.9926758e+01
   6.8937550e+06   3.8452148e+01
   6.8937910e+06   4.9011230e+01
   6.8938120e+06   4.2297363e+01
   6.8938670e+06   3.6926270e+01
   6.8938770e+06   4.1992188e+01
   6.8939080e+06   4.1198730e+01
   6.8939510e+06   4.5043945e+01
   6.8939820e+06   3.9855957e+01
   6.8940880e+06   3.8391113e+01
   6.8941050e+06   3.8940430e+01
   6.8949340e+06   3.7292480e+01
   6.8949990e+06   3.7963867e+01
   6.8950340e+06   3.8269043e+01
   6.9135880e+06   4.7668457e+01
   6.9136680e+06   3.7597656e+01
   6.9136890e+06   4.1442871e+01
   6.9137250e+06   4.9987793e+01
   6.9137450e+06   4.0588379e+01
   6.9137770e+06   3.7353516e+01
   6.9137960e+06   3.9855957e+01
   6.9139280e+06   3.7841797e+01
   6.9139530e+06   5.7861328e+01
   6.9140730e+06   4.4677734e+01
   6.9141090e+06   3.8391113e+01
   6.9141800e+06   4.4616699e+01
   6.9142770e+06   3.9916992e+01
   6.9154630e+06   3.8146973e+01
   6.9299610e+06   4.5593262e+01
   6.9301090e+06   4.0222168e+01
   6.9301420e+06   4.6813965e+01
   6.9301830e+06   4.0405273e+01
   6.9302810e+06   4.1320801e+01
   6.9303230e+06   3.6682129e+01
   6.9303590e+06   4.1503906e+01
   6.9303780e+06   3.7292480e+01
   6.9304320e+06   3.7292480e+01
   6.9304760e+06   4.0588379e+01
   6.9305090e+06   4.2175293e+01
   6.9305350e+06   3.9428711e+01
   6.9305590e+06   3.8818359e+01
   6.9307170e+06   3.9123535e+01
   6.9310750e+06   3.6621094e+01
   6.9505230e+06   4.7668457e+01
   6.9505530e+06   3.8513184e+01
   6.9506190e+06   4.2602539e+01
   6.9506580e+06   3.6987305e+01
   6.9506770e+06   4.4189453e+01
   6.9507020e+06   5.2978516e+01
   6.9507600e+06   4.1381836e+01
   6.9508130e+06   3.8818359e+01
   6.9508400e+06   4.1748047e+01
   6.9508800e+06   4.2907715e+01
   6.9509090e+06   3.9855957e+01
   6.9509240e+06   3.9245605e+01
   6.9509390e+06   4.4921875e+01
   6.9509690e+06   4.8645020e+01
   6.9510430e+06   4.4921875e+01
   6.9510850e+06   4.1870117e+01
   6.9511300e+06   3.9733887e+01
   6.9683260e+06   3.9916992e+01
   6.9684130e+06   4.5593262e+01
   6.9684230e+06   5.0903320e+01
   6.9684460e+06   6.0058594e+01
   6.9684650e+06   3.8940430e+01
   6.9684900e+06   4.2907715e+01
   6.9685020e+06   3.7963867e+01
   6.9685430e+06   3.7963867e+01
   6.9685630e+06   6.2438965e+01
   6.9686110e+06   3.9184570e+01
   6.9686690e+06   5.4016113e+01
   6.9686960e+06   4.0466309e+01
   6.9687090e+06   4.1625977e+01
   6.9687620e+06   5.1940918e+01
   6.9688130e+06   6.6284180e+01
   6.9689570e+06   3.8574219e+01
   6.9692740e+06   3.6987305e+01
   6.9855800e+06   4.5715332e+01
   6.9856220e+06   4.4128418e+01
   6.9856440e+06   4.6691895e+01
   6.9856840e+06   5.1696777e+01
   6.9857190e+06   4.0405273e+01
   6.9858070e+06   3.7353516e+01
   6.9858250e+06   4.8950195e+01
   6.9859730e+06   4.5593262e+01
   6.9860010e+06   3.8330078e+01
   6.9860840e+06   4.5654297e+01
   6.9868090e+06   3.8696289e+01
   7.0000180e+06   3.6804199e+01
   7.0001150e+06   6.6284180e+01
   7.0001440e+06   4.4799805e+01
   7.0001600e+06   5.5847168e+01
   7.0002380e+06   3.6865234e+01
   7.0002640e+06   4.2053223e+01
   7.0003430e+06   3.6926270e+01
   7.0003950e+06   4.8767090e+01
   7.0005160e+06   4.2419434e+01
   7.0005850e+06   3.7963867e+01
   7.0006770e+06   4.7790527e+01
   7.0008260e+06   3.6743164e+01
   7.0014450e+06   4.3579102e+01
   7.0125780e+06   3.8513184e+01
   7.0126050e+06   4.7485352e+01
   7.0126600e+06   3.9916992e+01
   7.0127310e+06   3.6804199e+01
   7.0128370e+06   4.2663574e+01
   7.0128620e+06   3.6926270e+01
   7.0130940e+06   3.8146973e+01
   7.0132140e+06   4.2968750e+01
   7.0132400e+06   3.7597656e+01
   7.0136250e+06   3.9855957e+01
   7.0349950e+06   5.7739258e+01
   7.0350370e+06   4.3579102e+01
   7.0350630e+06   5.0354004e+01
   7.0351040e+06   5.0415039e+01
   7.0351250e+06   3.7719727e+01
   7.0351590e+06   4.6569824e+01
   7.0351810e+06   4.1870117e+01
   7.0352340e+06   5.4992676e+01
   7.0352570e+06   4.1687012e+01
   7.0352920e+06   3.7597656e+01
   7.0353070e+06   3.9794922e+01
   7.0353480e+06   5.6823730e+01
   7.0353640e+06   4.3457031e+01
   7.0354790e+06   3.6865234e+01
   7.0356060e+06   3.6926270e+01
   7.0357100e+06   3.8269043e+01
   7.0525170e+06   5.4687500e+01
   7.0526380e+06   3.9367676e+01
   7.0526620e+06   3.9794922e+01
   7.0527430e+06   4.2785645e+01
   7.0528010e+06   3.8452148e+01
   7.0528600e+06   3.9978027e+01
   7.0528940e+06   4.0527344e+01
   7.0529180e+06   4.2907715e+01
   7.0529800e+06   3.7780762e+01
   7.0531620e+06   3.8085938e+01
   7.0533080e+06   3.9123535e+01
   7.0535490e+06   3.7353516e+01
   7.0899290e+06   5.4870605e+01
   7.0899700e+06   4.0649414e+01
   7.0900170e+06   5.3833008e+01
   7.0900270e+06   4.6875000e+01
   7.0900730e+06   3.8024902e+01
   7.0900840e+06   3.7536621e+01
   7.0901450e+06   5.0109863e+01
   7.0901860e+06   4.3518066e+01
   7.0902460e+06   4.4128418e+01
   7.0902790e+06   4.4921875e+01
   7.0903030e+06   5.0354004e+01
   7.0905390e+06   3.7170410e+01
   7.0912230e+06   3.9123535e+01
   7.6223310e+06   6.0424805e+01
   7.6223550e+06   4.5288086e+01
   7.6223740e+06   6.1828613e+01
   7.6224050e+06   4.6142578e+01
   7.6224160e+06   4.6569824e+01
   7.6224540e+06   4.5898438e+01
   7.6224880e+06   8.1665039e+01
   7.6225100e+06   5.3527832e+01
   7.6225450e+06   3.8574219e+01
   7.6225810e+06   5.3039551e+01
   7.6226660e+06   3.8085938e+01
   7.6250400e+06   4.3945313e+01
   7.6257430e+06   4.1809082e+01
   7.6261990e+06   3.9001465e+01
   7.6585760e+06   5.6518555e+01
   7.6586140e+06   4.3518066e+01
   7.6586310e+06   4.4006348e+01
   7.6586620e+06   4.8950195e+01
   7.6587030e+06   5.0354004e+01
   7.6587300e+06   4.4433594e+01
   7.6588070e+06   4.6630859e+01
   7.6588370e+06   5.3344727e+01
   7.6588880e+06   5.5786133e+01
   7.6589200e+06   4.0405273e+01
   7.6589410e+06   4.8522949e+01
   7.6589720e+06   4.1381836e+01
   7.6590730e+06   3.7841797e+01
   7.6606060e+06   4.1259766e+01
   7.6612280e+06   3.6804199e+01
   7.7021570e+06   3.7597656e+01
   7.7022430e+06   4.9499512e+01
   7.7022800e+06   4.0649414e+01
   7.7023090e+06   4.2602539e+01
   7.7023400e+06   5.7922363e+01
   7.7023710e+06   4.1320801e+01
   7.7023880e+06   4.2236328e+01
   7.7024150e+06   4.4006348e+01
   7.7024460e+06   3.8208008e+01
   7.7024930e+06   4.0283203e+01
   7.7025160e+06   4.6081543e+01
   7.7025380e+06   4.0832520e+01
   7.7025660e+06   4.7058105e+01
   7.7026520e+06   3.9001465e+01
   7.7027560e+06   3.7170410e+01
   7.7029280e+06   4.1015625e+01
   7.7037100e+06   3.8024902e+01
   7.7066160e+06   3.7292480e+01
   7.7446790e+06   4.7241211e+01
   7.7446990e+06   5.5541992e+01
   7.7447150e+06   3.6743164e+01
   7.7447400e+06   6.7749023e+01
   7.7447690e+06   4.6630859e+01
   7.7447890e+06   3.9489746e+01
   7.7448120e+06   4.9804688e+01
   7.7448600e+06   4.6020508e+01
   7.7448730e+06   4.5898438e+01
   7.7448980e+06   4.0954590e+01
   7.7449530e+06   5.5603027e+01
   7.7449870e+06   4.7241211e+01
   7.7450280e+06   4.3395996e+01
   7.7450510e+06   3.9184570e+01
   7.7450910e+06   3.6743164e+01
   7.7451390e+06   4.0710449e+01
   7.7451930e+06   3.7963867e+01
   7.7453150e+06   3.8635254e+01
   7.8018640e+06   5.0964355e+01
   7.8019470e+06   5.2368164e+01
   7.8019690e+06   3.7414551e+01
   7.8019930e+06   6.0485840e+01
   7.8020060e+06   3.8574219e+01
   7.8020470e+06   4.2846680e+01
   7.8020760e+06   3.8146973e+01
   7.8021010e+06   6.0852051e+01
   7.8021590e+06   4.1564941e+01
   7.8021860e+06   5.9020996e+01
   7.8022510e+06   5.0048828e+01
   7.8022780e+06   3.7231445e+01
   7.8025950e+06   3.7292480e+01
   7.8214710e+06   6.7993164e+01
   7.8214920e+06   4.1137695e+01
   7.8215220e+06   3.8269043e+01
   7.8215980e+06   3.9367676e+01
   7.8216590e+06   3.7292480e+01
   7.8216980e+06   5.1818848e+01
   7.8217090e+06   4.0893555e+01
   7.8217860e+06   4.6020508e+01
   7.8218090e+06   4.1442871e+01
   7.8218980e+06   5.5114746e+01
   7.8219190e+06   3.8208008e+01
   7.8219490e+06   4.1748047e+01
   7.8219630e+06   4.5227051e+01
   7.8220260e+06   4.0161133e+01
   7.8220920e+06   3.8574219e+01
   7.8222380e+06   3.8757324e+01
   7.8224700e+06   3.6621094e+01
   7.8248610e+06   3.8085938e+01
   8.3415330e+06   6.7016602e+01
   8.3415530e+06   4.6997070e+01
   8.3415820e+06   4.2175293e+01
   8.3416100e+06   4.0954590e+01
   8.3416390e+06   7.8979492e+01
   8.3416530e+06   4.6752930e+01
   8.3416660e+06   3.7170410e+01
   8.3416910e+06   4.4006348e+01
   8.3417510e+06   4.6508789e+01
   8.3419160e+06   4.0832520e+01
   8.3435790e+06   3.7109375e+01
   8.3461260e+06   3.9062500e+01
   8.3486820e+06   3.7719727e+01
   8.3496490e+06   4.1198730e+01
   8.4993160e+06   3.9611816e+01
   8.4994760e+06   4.2053223e+01
   8.4994980e+06   8.7280273e+01
   8.4995080e+06   5.2917480e+01
   8.4995440e+06   5.4748535e+01
   8.4995650e+06   3.9062500e+01
   8.4995980e+06   3.6987305e+01
   8.4996310e+06   7.3364258e+01
   8.4996470e+06   5.1818848e+01
   8.4996790e+06   3.8574219e+01
   8.4997130e+06   4.8400879e+01
   8.4997930e+06   3.7414551e+01
   8.4998270e+06   4.1320801e+01
   8.4998520e+06   3.7231445e+01
   8.4999050e+06   4.0161133e+01
   8.5011090e+06   3.6682129e+01
   8.5038800e+06   4.7729492e+01
   8.5071060e+06   3.8146973e+01
   8.5310780e+06   5.1879883e+01
   8.5311550e+06   4.8583984e+01
   8.5311970e+06   5.5419922e+01
   8.5312420e+06   5.0842285e+01
   8.5312770e+06   7.1716309e+01
   8.5312970e+06   3.8085938e+01
   8.5313190e+06   4.7790527e+01
   8.5313490e+06   5.4809570e+01
   8.5313750e+06   3.7597656e+01
   8.5313930e+06   4.2419434e+01
   8.5314520e+06   6.3476563e+01
   8.5315310e+06   4.2541504e+01
   8.5315590e+06   4.1137695e+01
   8.5316120e+06   3.6865234e+01
   8.5326730e+06   3.8391113e+01
   8.5363580e+06   4.3090820e+01
   8.5374150e+06   3.6865234e+01
   8.5486150e+06   5.8593750e+01
   8.5487180e+06   4.1442871e+01
   8.5487430e+06   6.3293457e+01
   8.5487640e+06   4.4677734e+01
   8.5488050e+06   4.1259766e+01
   8.5488220e+06   3.8391113e+01
   8.5488520e+06   4.5898438e+01
   8.5488840e+06   4.5593262e+01
   8.5489080e+06   3.9123535e+01
   8.5489300e+06   4.4494629e+01
   8.5489570e+06   4.0893555e+01
   8.5489860e+06   4.0771484e+01
   8.5489960e+06   4.2053223e+01
   8.5490280e+06   4.3640137e+01
   8.5490880e+06   4.4067383e+01
   8.5491210e+06   4.0039063e+01
   8.5492860e+06   3.8574219e+01
   8.5494820e+06   3.9855957e+01
   8.5497690e+06   3.7231445e+01
   8.5509170e+06   3.7353516e+01
   8.5517440e+06   3.8452148e+01
   8.5557450e+06   3.7658691e+01
   8.5730210e+06   4.3090820e+01
   8.5730750e+06   3.8940430e+01
   8.5731010e+06   3.9733887e+01
   8.5731330e+06   4.4921875e+01
   8.5731620e+06   4.9804688e+01
   8.5732490e+06   3.8818359e+01
   8.5733190e+06   3.9184570e+01
   8.5733450e+06   4.5349121e+01
   8.5733710e+06   5.1147461e+01
   8.5734120e+06   4.2236328e+01
   8.5734570e+06   3.6560059e+01
   8.5735010e+06   4.2846680e+01
   8.5736130e+06   4.0344238e+01
   8.5740710e+06   4.2541504e+01
   8.6047510e+06   6.5795898e+01
   8.6047860e+06   3.7658691e+01
   8.6048570e+06   5.9753418e+01
   8.6048740e+06   3.9245605e+01
   8.6049140e+06   3.6560059e+01
   8.6049490e+06   4.3457031e+01
   8.6049670e+06   4.0527344e+01
   8.6049970e+06   3.6987305e+01
   8.6050310e+06   5.0109863e+01
   8.6050620e+06   5.1879883e+01
   8.6051030e+06   4.0954590e+01
   8.6051660e+06   3.6804199e+01
   8.6053920e+06   3.8452148e+01
   8.6055870e+06   3.7719727e+01
   8.6569240e+06   4.7973633e+01
   8.6569370e+06   4.0039063e+01
   8.6569740e+06   4.4677734e+01
   8.6570210e+06   4.2480469e+01
   8.6570510e+06   3.7902832e+01
   8.6571040e+06   6.4392090e+01
   8.6571660e+06   3.9489746e+01
   8.6572050e+06   3.6865234e+01
   8.6572350e+06   3.8574219e+01
   8.6572480e+06   4.9743652e+01
   8.6573180e+06   4.0466309e+01
   8.6573600e+06   4.2785645e+01
   8.6575790e+06   3.7353516e+01
   8.6576420e+06   3.8452148e+01
   8.6588030e+06   3.7658691e+01
   9.0751410e+06   3.8574219e+01
   9.0751660e+06   7.1777344e+01
   9.0751930e+06   6.0974121e+01
   9.0752250e+06   5.4565430e+01
   9.0752360e+06   4.9133301e+01
   9.0752670e+06   4.0710449e+01
   9.0752820e+06   4.5227051e+01
   9.0753280e+06   3.9184570e+01
   9.0753510e+06   4.6875000e+01
   9.0753910e+06   4.1625977e+01
   9.0754080e+06   4.5593262e+01
   9.0775950e+06   4.0649414e+01
   9.0793860e+06   3.7170410e+01
   9.0817140e+06   3.7292480e+01
   9.5838290e+06   3.7414551e+01
   9.5838650e+06   4.1259766e+01
   9.5838900e+06   7.7148438e+01
   9.5839180e+06   5.6030273e+01
   9.5839290e+06   5.7739258e+01
   9.5839590e+06   4.6630859e+01
   9.5840040e+06   4.7790527e+01
   9.5840210e+06   4.3701172e+01
   9.5841020e+06   4.1870117e+01
   9.5844000e+06   4.0100098e+01
   9.5885010e+06   3.7292480e+01
   9.5894690e+06   3.8391113e+01
   9.5923490e+06   4.2236328e+01
   9.9242720e+06   6.7749023e+01
   9.9243050e+06   6.8847656e+01
   9.9243250e+06   3.7841797e+01
   9.9243580e+06   5.8715820e+01
   9.9243750e+06   5.8959961e+01
   9.9243980e+06   5.2673340e+01
   9.9244250e+06   5.0598145e+01
   9.9244470e+06   4.4372559e+01
   9.9244790e+06   4.1137695e+01
   9.9245000e+06   3.8024902e+01
   9.9246460e+06   3.8574219e+01
   9.9257500e+06   3.8330078e+01
   9.9262930e+06   3.8085938e+01
   9.9267240e+06   4.1503906e+01
   9.9269050e+06   3.6865234e+01
   9.9273830e+06   3.7231445e+01
   9.9277120e+06   4.9194336e+01
   9.9294420e+06   4.0039063e+01
   9.9325910e+06   3.9978027e+01
   9.9684720e+06   7.0922852e+01
   9.9685510e+06   5.6823730e+01
   9.9685710e+06   4.2907715e+01
   9.9686070e+06   3.6987305e+01
   9.9686590e+06   4.1381836e+01
   9.9686940e+06   3.7902832e+01
   9.9687110e+06   4.2175293e+01
   9.9687340e+06   4.3457031e+01
   9.9689530e+06   4.9255371e+01
   9.9702590e+06   3.8879395e+01
   9.9708200e+06   4.0710449e+01
   9.9732320e+06   3.6682129e+01
   9.9978140e+06   4.8645020e+01
   9.9978440e+06   4.7424316e+01
   9.9979210e+06   5.0292969e+01
   9.9979670e+06   4.8950195e+01
   9.9980450e+06   4.5227051e+01
   9.9981310e+06   4.1870117e+01
   9.9981420e+06   3.8208008e+01
   9.9981690e+06   4.6020508e+01
   9.9982790e+06   3.6926270e+01
   9.9983120e+06   3.8391113e+01
   9.9983500e+06   4.8583984e+01
   9.9984370e+06   3.8085938e+01
   9.9985340e+06   4.3884277e+01
   1.0000974e+07   3.6804199e+01
   1.0037741e+07   7.1594238e+01
   1.0037829e+07   4.7180176e+01
   1.0037863e+07   4.1015625e+01
   1.0037903e+07   4.1625977e+01
   1.0037929e+07   4.8583984e+01
   1.0037941e+07   3.7048340e+01
   1.0037967e+07   3.7231445e+01
   1.0038045e+07   4.0954590e+01
   1.0038100e+07   3.8391113e+01
   1.0038189e+07   4.3823242e+01
   1.0038201e+07   4.1198730e+01
   1.0038279e+07   4.0283203e+01
   1.0046138e+07   3.7353516e+01
   1.0048921e+07   4.1931152e+01
   1.0049096e+07   4.4189453e+01
   1.0078248e+07   3.9672852e+01
   1.0078367e+07   6.1706543e+01
   1.0078390e+07   3.8452148e+01
   1.0078434e+07   5.0476074e+01
   1.0078469e+07   3.7658691e+01
   1.0078485e+07   4.9438477e+01
   1.0078529e+07   3.6987305e+01
   1.0078551e+07   4.3029785e+01
   1.0078625e+07   4.4799805e+01
   1.0078654e+07   3.7170410e+01
   1.0078687e+07   3.8818359e+01
   1.0078703e+07   3.8696289e+01
   1.0078744e+07   4.0588379e+01
   1.0078800e+07   4.1687012e+01
   1.0136920e+07   4.9682617e+01
   1.0136999e+07   3.6743164e+01
   1.0137025e+07   5.4870605e+01
   1.0137035e+07   3.9428711e+01
   1.0137069e+07   3.9978027e+01
   1.0137150e+07   4.1381836e+01
   1.0137172e+07   4.3151855e+01
   1.0137206e+07   4.3395996e+01
   1.0137263e+07   4.6142578e+01
   1.0137308e+07   3.8818359e+01
   1.0137326e+07   3.9733887e+01
   1.0137360e+07   3.7475586e+01
   1.0137575e+07   3.9978027e+01
   1.0137640e+07   3.7780762e+01
   1.0139425e+07   3.6621094e+01
   1.0859547e+07   5.7556152e+01
   1.0859577e+07   5.0720215e+01
   1.0859612e+07   6.7749023e+01
   1.0859628e+07   4.3273926e+01
   1.0859654e+07   4.2541504e+01
   1.0859676e+07   5.8227539e+01
   1.0859737e+07   3.9306641e+01
   1.0859957e+07   4.1259766e+01
   1.0862127e+07   3.9062500e+01
   1.0862196e+07   3.7963867e+01
   1.0869250e+07   4.1320801e+01
   1.1217872e+07   4.8950195e+01
   1.1217889e+07   8.0139160e+01
   1.1217914e+07   3.8574219e+01
   1.1217941e+07   4.0405273e+01
   1.1217957e+07   3.6865234e+01
   1.1217973e+07   5.0903320e+01
   1.1217991e+07   4.1687012e+01
   1.1218036e+07   5.5175781e+01
   1.1218049e+07   3.8879395e+01
   1.1218221e+07   4.1564941e+01
   1.1218793e+07   3.8513184e+01
   1.1220623e+07   3.7597656e+01
   1.1221290e+07   3.7536621e+01
   1.1221548e+07   3.8146973e+01
   1.1229771e+07   4.1564941e+01
   1.1274895e+07   5.3771973e+01
   1.1274906e+07   3.8330078e+01
   1.1274931e+07   4.0771484e+01
   1.1274970e+07   4.0893555e+01
   1.1274986e+07   6.0913086e+01
   1.1275015e+07   4.2236328e+01
   1.1275073e+07   4.0283203e+01
   1.1275106e+07   5.7922363e+01
   1.1275119e+07   4.1625977e+01
   1.1275151e+07   4.8278809e+01
   1.1275168e+07   4.6508789e+01
   1.1275198e+07   3.8085938e+01
   1.1275250e+07   4.7241211e+01
   1.1275277e+07   4.7424316e+01
   1.1275290e+07   4.8095703e+01
   1.1275313e+07   4.8583984e+01
   1.1275412e+07   3.6743164e+01
   1.1277478e+07   3.8085938e+01
   1.1277831e+07   3.7048340e+01
   1.1641573e+07   5.6152344e+01
   1.1641597e+07   4.1503906e+01
   1.1641612e+07   5.1818848e+01
   1.1641632e+07   6.3903809e+01
   1.1641667e+07   5.2490234e+01
   1.1641713e+07   5.2673340e+01
   1.1641726e+07   5.7556152e+01
   1.1641795e+07   5.1269531e+01
   1.1641926e+07   4.1748047e+01
   1.1643802e+07   3.7536621e+01
   1.1651200e+07   5.0415039e+01
   1.1654358e+07   3.7353516e+01
   1.1969593e+07   5.4687500e+01
   1.1969607e+07   6.6894531e+01
   1.1969624e+07   6.6772461e+01
   1.1969638e+07   4.3090820e+01
   1.1969665e+07   5.8715820e+01
   1.1969691e+07   3.7597656e+01
   1.1969738e+07   4.0771484e+01
   1.1969801e+07   4.1259766e+01
   1.1969878e+07   3.7048340e+01
   1.1969914e+07   3.8391113e+01
   1.1969938e+07   4.7485352e+01
   1.1974363e+07   3.6743164e+01
