   1.1999000e+07   0.0000000e+00
   5.3450000e+03   3.7963867e+01
   5.7960000e+03   3.7475586e+01
   6.1570000e+03   4.8400879e+01
   6.4000000e+03   3.2836914e+01
   6.4840000e+03   3.1555176e+01
   6.5820000e+03   4.1381836e+01
   6.6510000e+03   3.3813477e+01
   6.7520000e+03   3.8513184e+01
   6.8040000e+03   5.7067871e+01
   6.9760000e+03   3.7170410e+01
   7.0150000e+03   4.2053223e+01
   7.1450000e+03   3.4057617e+01
   7.3410000e+03   5.6945801e+01
   7.5950000e+03   3.8513184e+01
   7.6820000e+03   5.3649902e+01
   7.8360000e+03   3.2409668e+01
   8.1650000e+03   3.1494141e+01
   2.1005000e+04   4.0649414e+01
   2.1338000e+04   3.2836914e+01
   2.1361000e+04   3.4545898e+01
   2.1508000e+04   3.6865234e+01
   2.1604000e+04   3.5705566e+01
   2.1620000e+04   5.9082031e+01
   2.1657000e+04   4.8034668e+01
   2.1787000e+04   3.3569336e+01
   2.1800000e+04   7.7697754e+01
   2.1834000e+04   4.4738770e+01
   2.1863000e+04   3.7902832e+01
   2.2015000e+04   6.9274902e+01
   2.2164000e+04   4.1442871e+01
   2.2303000e+04   3.6254883e+01
   2.2456000e+04   3.6560059e+01
   2.2498000e+04   3.6560059e+01
   3.8945000e+04   4.5227051e+01
   3.9142000e+04   3.2958984e+01
   3.9226000e+04   3.9001465e+01
   3.9322000e+04   5.5419922e+01
   3.9344000e+04   3.3935547e+01
   3.9475000e+04   6.4331055e+01
   3.9489000e+04   4.2358398e+01
   3.9625000e+04   3.5278320e+01
   3.9650000e+04   4.5715332e+01
   3.9775000e+04   3.9550781e+01
   4.0005000e+04   3.8330078e+01
   4.0069000e+04   3.2470703e+01
   4.0238000e+04   3.2409668e+01
   4.0536000e+04   4.0161133e+01
   4.0611000e+04   3.3935547e+01
   5.3044000e+04   4.1076660e+01
   5.3358000e+04   3.2592773e+01
   5.3492000e+04   4.7424316e+01
   5.3636000e+04   3.6804199e+01
   5.3735000e+04   4.9621582e+01
   5.3800000e+04   3.9184570e+01
   5.3886000e+04   3.3691406e+01
   5.3903000e+04   3.7170410e+01
   5.4066000e+04   3.3569336e+01
   5.4112000e+04   5.0048828e+01
   5.4156000e+04   3.1921387e+01
   5.4236000e+04   3.5095215e+01
   5.4363000e+04   3.4545898e+01
   5.4543000e+04   3.4484863e+01
   5.4808000e+04   3.2958984e+01
   6.6786000e+04   3.3264160e+01
   6.7070000e+04   3.5583496e+01
   6.7131000e+04   5.0476074e+01
   6.7344000e+04   4.2602539e+01
   6.7357000e+04   3.1799316e+01
   6.7508000e+04   5.4016113e+01
   6.7538000e+04   3.5339355e+01
   6.7629000e+04   3.8696289e+01
   6.7680000e+04   4.7180176e+01
   6.7832000e+04   3.6499023e+01
   6.7854000e+04   3.2592773e+01
   6.7903000e+04   3.3996582e+01
   6.7996000e+04   4.4311523e+01
   6.8108000e+04   3.8818359e+01
   6.8359000e+04   3.5949707e+01
   6.8395000e+04   3.8879395e+01
   8.2826000e+04   3.1494141e+01
   8.3089000e+04   4.0222168e+01
   8.3114000e+04   3.9367676e+01
   8.3273000e+04   3.5156250e+01
   8.3333000e+04   3.3691406e+01
   8.3404000e+04   5.7250977e+01
   8.3496000e+04   3.2897949e+01
   8.3559000e+04   4.0832520e+01
   8.3585000e+04   4.0771484e+01
   8.3756000e+04   4.3273926e+01
   8.3787000e+04   3.2287598e+01
   8.3908000e+04   3.4973145e+01
   8.3996000e+04   3.2165527e+01
   8.4338000e+04   3.9428711e+01
   8.4434000e+04   3.2958984e+01
   1.0069900e+05   4.4311523e+01
   1.0096300e+05   4.1992188e+01
   1.0110000e+05   3.8696289e+01
   1.0121200e+05   3.7109375e+01
   1.0126200e+05   5.3161621e+01
   1.0139300e+05   3.1677246e+01
   1.0140500e+05   6.2988281e+01
   1.0144700e+05   5.1818848e+01
   1.0155700e+05   3.7475586e+01
   1.0162000e+05   4.4250488e+01
   1.0174300e+05   3.6254883e+01
   1.0192300e+05   3.6254883e+01
   1.0220600e+05   3.2409668e+01
   1.1929000e+05   4.9377441e+01
   1.1960000e+05   3.7231445e+01
   1.1985000e+05   4.7241211e+01
   1.1993000e+05   3.3264160e+01
   1.1997700e+05   4.8583984e+01
   1.2001700e+05   4.7363281e+01
   1.2004300e+05   3.2775879e+01
   1.2015200e+05   3.3935547e+01
   1.2017400e+05   4.8950195e+01
   1.2031200e+05   3.2043457e+01
   1.2035300e+05   3.9062500e+01
   1.2051800e+05   4.0832520e+01
   1.2065600e+05   3.3020020e+01
   1.2079500e+05   3.3996582e+01
   1.2132000e+05   4.3212891e+01
   1.3583800e+05   3.8940430e+01
   5.0885500e+05   5.3344727e+01
   5.0896200e+05   4.0588379e+01
   5.0974900e+05   4.5471191e+01
   5.0990800e+05   5.6823730e+01
   5.0993800e+05   3.2043457e+01
   5.0994900e+05   4.3029785e+01
   5.1001500e+05   4.4921875e+01
   5.1007000e+05   3.4423828e+01
   5.1010400e+05   3.2836914e+01
   5.1012600e+05   3.8024902e+01
   5.1027300e+05   3.4484863e+01
   5.1128600e+05   3.9855957e+01
   5.1154900e+05   3.2653809e+01
   5.1174600e+05   4.0771484e+01
   5.1185300e+05   3.3752441e+01
   5.1187600e+05   3.2348633e+01
   5.1218200e+05   5.5480957e+01
   5.1219200e+05   3.8635254e+01
   5.1228400e+05   3.6865234e+01
   5.1241800e+05   5.3649902e+01
   5.1248800e+05   3.3081055e+01
   5.1266100e+05   4.9987793e+01
   5.1274800e+05   3.2348633e+01
   5.1290700e+05   5.7006836e+01
   5.1318200e+05   4.5654297e+01
   5.1351100e+05   5.5053711e+01
   6.8227500e+05   5.1574707e+01
   6.8241100e+05   4.2968750e+01
   6.8332700e+05   3.6071777e+01
   6.8344600e+05   5.5603027e+01
   6.8350500e+05   4.0222168e+01
   6.8357000e+05   5.4138184e+01
   6.8361900e+05   3.5888672e+01
   6.8367000e+05   3.4362793e+01
   6.8369200e+05   3.4606934e+01
   6.8376000e+05   4.0527344e+01
   6.8379200e+05   3.4545898e+01
   6.8383600e+05   3.7170410e+01
   6.8386700e+05   3.1494141e+01
   6.8489100e+05   3.1860352e+01
   6.8498200e+05   4.6142578e+01
   6.8513800e+05   3.4423828e+01
   6.8526700e+05   4.4677734e+01
   6.8535700e+05   3.6315918e+01
   6.8538500e+05   3.4057617e+01
   6.8556400e+05   5.0598145e+01
   6.8568700e+05   3.5644531e+01
   6.8573300e+05   3.7902832e+01
   6.8574700e+05   3.2409668e+01
   6.8580300e+05   4.9621582e+01
   6.8601600e+05   3.4851074e+01
   6.8605500e+05   4.9133301e+01
   6.8615500e+05   3.3996582e+01
   6.8630300e+05   5.4565430e+01
   6.8660800e+05   4.9987793e+01
   8.3175500e+05   3.9001465e+01
   8.3187700e+05   3.7353516e+01
   8.3256700e+05   4.7973633e+01
   8.3262000e+05   5.3649902e+01
   8.3272400e+05   4.0344238e+01
   8.3274500e+05   4.0161133e+01
   8.3277400e+05   3.5095215e+01
   8.3279800e+05   3.1738281e+01
   8.3284100e+05   5.3100586e+01
   8.3286000e+05   3.5339355e+01
   8.3289300e+05   3.2409668e+01
   8.3293800e+05   4.4494629e+01
   8.3294900e+05   4.0588379e+01
   8.3298000e+05   3.2226563e+01
   8.3414200e+05   3.6682129e+01
   8.3440000e+05   4.5776367e+01
   8.3441800e+05   3.1982422e+01
   8.3443600e+05   3.2958984e+01
   8.3449500e+05   4.2602539e+01
   8.3466400e+05   4.5471191e+01
   8.3471700e+05   4.2419434e+01
   8.3478400e+05   4.8522949e+01
   8.3488800e+05   3.6132813e+01
   8.3504200e+05   4.7302246e+01
   8.3512900e+05   3.6865234e+01
   8.3531200e+05   4.6325684e+01
   8.3544600e+05   3.2165527e+01
   9.1091200e+05   4.5166016e+01
   9.1113700e+05   4.7363281e+01
   9.8675200e+05   3.8818359e+01
   9.8688700e+05   5.7250977e+01
   9.8699400e+05   3.9794922e+01
   9.8763000e+05   6.8908691e+01
   9.8772200e+05   3.9428711e+01
   9.8775500e+05   3.5156250e+01
   9.8779100e+05   4.3884277e+01
   9.8786100e+05   4.0649414e+01
   9.8794400e+05   3.1738281e+01
   9.8898700e+05   4.6325684e+01
   9.8905200e+05   4.6752930e+01
   9.8920500e+05   3.7475586e+01
   9.8927000e+05   4.0832520e+01
   9.8936600e+05   3.7109375e+01
   9.8945100e+05   3.2165527e+01
   9.8954800e+05   4.5837402e+01
   9.8964700e+05   3.8696289e+01
   9.8976900e+05   3.5156250e+01
   9.9003300e+05   4.5654297e+01
   9.9007500e+05   3.1555176e+01
   9.9009400e+05   3.7109375e+01
   9.9030900e+05   4.6875000e+01
   9.9060700e+05   5.3405762e+01
   1.1295100e+06   5.7678223e+01
   1.1296380e+06   3.4301758e+01
   1.1308680e+06   4.9011230e+01
   1.1314450e+06   4.8767090e+01
   1.1315530e+06   3.6254883e+01
   1.1504080e+06   5.4748535e+01
   1.1505610e+06   4.2358398e+01
   1.2691670e+06   3.4790039e+01
   1.2692320e+06   5.1940918e+01
   1.2692610e+06   5.8715820e+01
   1.2693050e+06   3.3813477e+01
   1.2693440e+06   6.7993164e+01
   1.2693770e+06   4.9011230e+01
   1.2694000e+06   4.0344238e+01
   1.2694480e+06   3.4973145e+01
   1.2695180e+06   3.6193848e+01
   1.2695790e+06   3.3569336e+01
   1.2707320e+06   3.5339355e+01
   1.2707840e+06   3.8085938e+01
   1.2708640e+06   3.2043457e+01
   1.2709620e+06   3.3569336e+01
   1.2710820e+06   6.0058594e+01
   1.2712930e+06   4.8095703e+01
   1.2713900e+06   3.2714844e+01
   1.2715170e+06   3.3874512e+01
   1.2717770e+06   4.4250488e+01
   1.2718880e+06   3.7353516e+01
   1.2720660e+06   4.5959473e+01
   1.2722930e+06   4.9072266e+01
   1.2725370e+06   5.0659180e+01
   1.2727880e+06   3.9978027e+01
   1.2731020e+06   5.8715820e+01
   1.2734150e+06   5.5297852e+01
   1.3680700e+06   3.5217285e+01
   1.3682020e+06   5.3039551e+01
   1.3683010e+06   3.7414551e+01
   1.3688750e+06   4.8156738e+01
   1.3689130e+06   5.9082031e+01
   1.3689790e+06   4.4738770e+01
   1.3689890e+06   3.1982422e+01
   1.3690380e+06   5.7250977e+01
   1.3690700e+06   3.1799316e+01
   1.3690890e+06   5.6579590e+01
   1.3701610e+06   3.1738281e+01
   1.3702390e+06   3.2653809e+01
   1.3703310e+06   3.2226563e+01
   1.3704800e+06   4.4006348e+01
   1.3704970e+06   3.6987305e+01
   1.3705440e+06   3.2592773e+01
   1.3707410e+06   3.4301758e+01
   1.3707620e+06   4.5104980e+01
   1.3709640e+06   3.8696289e+01
   1.3709980e+06   3.3203125e+01
   1.3711270e+06   3.3752441e+01
   1.3712220e+06   3.6743164e+01
   1.3712500e+06   3.6315918e+01
   1.3715250e+06   4.1015625e+01
   1.3718760e+06   4.8522949e+01
   1.3721840e+06   5.3161621e+01
   1.3930220e+06   3.9489746e+01
   1.3930390e+06   7.9650879e+01
   1.3930830e+06   5.0964355e+01
   1.3931090e+06   5.9997559e+01
   1.3931340e+06   4.4067383e+01
   1.3932790e+06   3.9123535e+01
   1.3933490e+06   3.2714844e+01
   1.3945480e+06   3.8879395e+01
   1.3945790e+06   3.1799316e+01
   1.3951600e+06   3.8635254e+01
   1.4063590e+06   4.0649414e+01
   1.4067280e+06   4.3884277e+01
   1.4069120e+06   5.6213379e+01
   1.4069290e+06   5.8105469e+01
   1.4069960e+06   3.2897949e+01
   1.4070410e+06   3.2592773e+01
   1.4070770e+06   6.2377930e+01
   1.4071020e+06   3.5949707e+01
   1.4072080e+06   3.2104492e+01
   1.4072330e+06   4.1992188e+01
   1.4073410e+06   3.3325195e+01
   1.4073560e+06   3.2653809e+01
   1.4074110e+06   3.2653809e+01
   1.4074320e+06   3.7231445e+01
   1.4076170e+06   3.1494141e+01
   1.4083620e+06   3.3264160e+01
   1.4084970e+06   3.8818359e+01
   1.4087680e+06   4.9194336e+01
   1.4091100e+06   3.9123535e+01
   1.4197860e+06   5.1940918e+01
   1.4201290e+06   4.6997070e+01
   1.4202040e+06   4.1687012e+01
   1.4203940e+06   4.1137695e+01
   1.4205080e+06   4.1442871e+01
   1.4207370e+06   3.6010742e+01
   1.4208010e+06   3.4057617e+01
   1.4216920e+06   3.1799316e+01
   1.4291840e+06   5.3527832e+01
   1.4294390e+06   3.7414551e+01
   1.4295090e+06   4.9804688e+01
   1.4296830e+06   5.0109863e+01
   1.4297160e+06   5.0598145e+01
   1.4297500e+06   4.1137695e+01
   1.4298120e+06   3.4790039e+01
   1.4298370e+06   5.2246094e+01
   1.4298900e+06   3.1982422e+01
   1.4299340e+06   3.5217285e+01
   1.4299630e+06   3.3569336e+01
   1.4300720e+06   4.1137695e+01
   1.4301740e+06   3.5095215e+01
   1.4302670e+06   3.4484863e+01
   1.4309380e+06   3.9489746e+01
   1.4311160e+06   3.3325195e+01
   1.4312040e+06   5.0537109e+01
   1.4404480e+06   3.9855957e+01
   1.4407560e+06   4.4372559e+01
   1.4408040e+06   3.9062500e+01
   1.4408920e+06   3.1738281e+01
   1.4410800e+06   3.5766602e+01
   1.4411050e+06   5.1147461e+01
   1.4411670e+06   3.6621094e+01
   1.4412210e+06   4.2419434e+01
   1.4412950e+06   5.7434082e+01
   1.4413880e+06   3.5400391e+01
   1.4414860e+06   3.8391113e+01
   1.4416460e+06   3.5522461e+01
   1.4417820e+06   4.2358398e+01
   1.4421740e+06   3.3752441e+01
   1.4424470e+06   4.4921875e+01
   1.4425040e+06   3.2104492e+01
   1.4427350e+06   3.3325195e+01
   1.4430770e+06   4.7302246e+01
   1.4431620e+06   3.4240723e+01
   1.4522720e+06   4.0649414e+01
   1.4584320e+06   4.2419434e+01
   1.4587800e+06   4.5471191e+01
   1.4589810e+06   4.5043945e+01
   1.4590650e+06   3.5461426e+01
   1.4591260e+06   4.8339844e+01
   1.4591400e+06   5.1940918e+01
   1.4592180e+06   5.0659180e+01
   1.4592380e+06   3.7536621e+01
   1.4592790e+06   5.2978516e+01
   1.4593740e+06   3.1738281e+01
   1.4594270e+06   3.3264160e+01
   1.4594840e+06   4.1015625e+01
   1.4595180e+06   4.0649414e+01
   1.4595910e+06   3.2592773e+01
   1.4601900e+06   4.0039063e+01
   1.4604990e+06   3.7963867e+01
   1.4607450e+06   3.1738281e+01
   1.4607700e+06   3.8818359e+01
   1.4610570e+06   4.4250488e+01
   1.4613660e+06   5.1635742e+01
   1.4699400e+06   4.5227051e+01
   1.4703010e+06   3.9855957e+01
   1.4704500e+06   5.2673340e+01
   1.4705450e+06   3.3752441e+01
   1.4705620e+06   3.8391113e+01
   1.4705750e+06   4.1931152e+01
   1.4706640e+06   4.9621582e+01
   1.4707200e+06   5.9875488e+01
   1.4707580e+06   3.2226563e+01
   1.4708440e+06   4.1198730e+01
   1.4708990e+06   3.3142090e+01
   1.4710050e+06   4.2663574e+01
   1.4711030e+06   3.4301758e+01
   1.4711540e+06   4.2846680e+01
   1.4713630e+06   3.4057617e+01
   1.4715190e+06   3.5400391e+01
   1.4717990e+06   3.3752441e+01
   1.4719570e+06   4.9255371e+01
   1.4812350e+06   4.0954590e+01
   1.4814740e+06   4.6997070e+01
   1.4820110e+06   3.1982422e+01
   1.4825620e+06   3.6376953e+01
   1.4826120e+06   4.3334961e+01
   1.4884240e+06   3.9428711e+01
   1.4889720e+06   3.6010742e+01
   1.4892190e+06   4.7668457e+01
   1.4892370e+06   3.2531738e+01
   1.4892570e+06   6.2866211e+01
   1.4892900e+06   4.4433594e+01
   1.4893360e+06   4.9499512e+01
   1.4893760e+06   3.6437988e+01
   1.4894510e+06   3.9306641e+01
   1.4894740e+06   3.4118652e+01
   1.4895020e+06   3.3691406e+01
   1.4897290e+06   3.2104492e+01
   1.4899930e+06   3.2043457e+01
   1.4902740e+06   3.2714844e+01
   1.4992640e+06   3.6682129e+01
   1.4995400e+06   3.3935547e+01
   1.4998750e+06   4.1625977e+01
   1.4999390e+06   3.3813477e+01
   1.5000220e+06   6.2622070e+01
   1.5001890e+06   3.5156250e+01
   1.5002020e+06   4.7485352e+01
   1.5003730e+06   3.8024902e+01
   1.5003920e+06   4.4494629e+01
   1.5005260e+06   3.2226563e+01
   1.5006890e+06   3.1982422e+01
   1.5098120e+06   4.5471191e+01
   1.5102250e+06   4.4433594e+01
   1.5106730e+06   4.8889160e+01
   1.5107460e+06   6.4453125e+01
   1.5107740e+06   3.4423828e+01
   1.5107940e+06   3.1677246e+01
   1.5109500e+06   4.2602539e+01
   1.5110010e+06   3.7231445e+01
   1.5111440e+06   3.8574219e+01
   1.5111940e+06   3.7780762e+01
   1.5113630e+06   3.2165527e+01
   1.5114040e+06   3.5583496e+01
   1.5117370e+06   3.2348633e+01
   1.5118800e+06   3.3752441e+01
   1.5213730e+06   4.1259766e+01
   1.5218820e+06   3.5949707e+01
   1.5219020e+06   4.6630859e+01
   1.5219480e+06   3.2836914e+01
   1.5219630e+06   6.3354492e+01
   1.5220790e+06   3.3203125e+01
   1.5221220e+06   3.2409668e+01
   1.5221440e+06   4.2663574e+01
   1.5221780e+06   3.8146973e+01
   1.5222250e+06   3.1738281e+01
   1.5222570e+06   3.2287598e+01
   1.5223470e+06   3.5400391e+01
   1.5223920e+06   3.7353516e+01
   1.5225460e+06   4.0161133e+01
   1.5225760e+06   3.3508301e+01
   1.5227660e+06   3.6437988e+01
   1.5228040e+06   3.7292480e+01
   1.5230160e+06   3.1616211e+01
   1.5327100e+06   4.9865723e+01
   1.5330110e+06   3.3813477e+01
   1.5331990e+06   4.3762207e+01
   1.5332570e+06   3.4606934e+01
   1.5333350e+06   4.9682617e+01
   1.5335310e+06   3.7292480e+01
   1.5335750e+06   3.1921387e+01
   1.5337230e+06   4.5410156e+01
   1.5337560e+06   3.4118652e+01
   1.5339550e+06   4.3151855e+01
   1.5341780e+06   3.4545898e+01
   1.5343530e+06   3.7109375e+01
   1.5470760e+06   4.8339844e+01
   1.5472990e+06   3.7536621e+01
   1.5473920e+06   4.6508789e+01
   1.5474840e+06   5.0048828e+01
   1.5475140e+06   5.0537109e+01
   1.5476470e+06   7.1289063e+01
   1.5477000e+06   3.7170410e+01
   1.5478190e+06   3.4973145e+01
   1.5478300e+06   3.3752441e+01
   1.5479640e+06   3.4851074e+01
   1.5481190e+06   3.5339355e+01
   1.5483180e+06   5.3405762e+01
   1.5485690e+06   3.1616211e+01
   1.5486120e+06   3.9001465e+01
   1.5491970e+06   3.4790039e+01
   1.5627540e+06   5.2734375e+01
   1.5629380e+06   4.4006348e+01
   1.5630020e+06   3.1799316e+01
   1.5630450e+06   3.3508301e+01
   1.5631100e+06   3.2348633e+01
   1.5631820e+06   4.1259766e+01
   1.5631930e+06   4.8583984e+01
   1.5633660e+06   7.1166992e+01
   1.5635130e+06   3.3508301e+01
   1.5749630e+06   4.2053223e+01
   1.5752500e+06   3.4362793e+01
   1.5753990e+06   5.5847168e+01
   1.5754620e+06   4.1198730e+01
   1.5754760e+06   4.5227051e+01
   1.5754920e+06   3.2348633e+01
   1.5755240e+06   3.2043457e+01
   1.5756610e+06   3.7353516e+01
   1.5757050e+06   4.0527344e+01
   1.5758830e+06   4.8583984e+01
   1.5759060e+06   3.9001465e+01
   1.5760930e+06   3.4851074e+01
   1.5761140e+06   3.2470703e+01
   1.5763050e+06   3.1555176e+01
   1.5885090e+06   4.0771484e+01
   1.5887630e+06   4.4799805e+01
   1.5888140e+06   5.6579590e+01
   1.5889310e+06   7.6354980e+01
   1.5891200e+06   4.7851563e+01
   1.5891720e+06   3.5949707e+01
   1.5892950e+06   3.4545898e+01
   1.5893460e+06   3.4301758e+01
   1.5895670e+06   3.7231445e+01
   1.5896970e+06   3.3630371e+01
   1.5899370e+06   3.7353516e+01
   1.6081870e+06   5.2124023e+01
   1.6084360e+06   4.5471191e+01
   1.6084970e+06   3.7292480e+01
   1.6085310e+06   6.6589355e+01
   1.6085580e+06   3.8513184e+01
   1.6085830e+06   3.6254883e+01
   1.6086000e+06   3.4973145e+01
   1.6086700e+06   3.6010742e+01
   1.6087000e+06   3.4423828e+01
   1.6087390e+06   3.1677246e+01
   1.6088790e+06   3.3996582e+01
   1.6090240e+06   4.1320801e+01
   1.6091530e+06   3.1860352e+01
   1.6093160e+06   4.1503906e+01
   1.6327130e+06   4.3151855e+01
   1.6327500e+06   5.3222656e+01
   1.6327750e+06   5.9997559e+01
   1.6328270e+06   4.0710449e+01
   1.6328600e+06   4.1564941e+01
   1.6328880e+06   3.2470703e+01
   1.6329790e+06   3.3020020e+01
   1.6330040e+06   3.9001465e+01
   1.6330190e+06   3.4790039e+01
   1.6331030e+06   3.4912109e+01
   1.6341800e+06   3.2653809e+01
   1.6573000e+06   4.8645020e+01
   1.6573200e+06   5.4382324e+01
   1.6573470e+06   4.4799805e+01
   1.6573930e+06   6.1950684e+01
   1.6574180e+06   3.5156250e+01
   1.6574330e+06   4.4921875e+01
   1.6574620e+06   3.6865234e+01
   1.6575300e+06   3.6926270e+01
   1.6576640e+06   3.6926270e+01
   1.6577830e+06   3.5888672e+01
   1.6579280e+06   3.3630371e+01
   1.6581080e+06   3.6743164e+01
   1.6583570e+06   3.3264160e+01
   1.6586620e+06   3.1616211e+01
   1.6783850e+06   4.8583984e+01
   1.6784190e+06   6.6162109e+01
   1.6784390e+06   5.7617188e+01
   1.6784710e+06   3.2714844e+01
   1.6785110e+06   4.3151855e+01
   1.6785210e+06   3.7841797e+01
   1.6785580e+06   3.8696289e+01
   1.6786860e+06   3.5766602e+01
   1.6788020e+06   4.3823242e+01
   1.6789390e+06   3.1738281e+01
   1.6790740e+06   3.9794922e+01
   1.6792590e+06   3.6499023e+01
   1.6794990e+06   3.4362793e+01
   1.7138790e+06   4.9865723e+01
   1.7138950e+06   4.9499512e+01
   1.7139180e+06   3.7048340e+01
   1.7139560e+06   5.9814453e+01
   1.7139720e+06   3.9367676e+01
   1.7140110e+06   3.2409668e+01
   1.7141020e+06   4.0283203e+01
   1.7141400e+06   4.3212891e+01
   1.7142490e+06   4.0649414e+01
   1.7143620e+06   3.1799316e+01
   1.7146710e+06   3.1921387e+01
   1.7151210e+06   3.7841797e+01
   1.7154660e+06   3.1921387e+01
   1.7599540e+06   5.2368164e+01
   1.7599660e+06   5.3955078e+01
   1.7600140e+06   3.7353516e+01
   1.7600460e+06   4.0588379e+01
   1.7600640e+06   4.2724609e+01
   1.7601470e+06   3.2592773e+01
   1.7602630e+06   3.5644531e+01
   1.7603640e+06   3.2104492e+01
   1.7611170e+06   3.8635254e+01
   1.7613350e+06   3.1677246e+01
   1.7614780e+06   3.7963867e+01
   2.1070490e+06   4.8583984e+01
   2.1071400e+06   3.4790039e+01
   2.1072520e+06   3.5705566e+01
   2.1072790e+06   9.9975586e+01
   2.1073230e+06   4.2358398e+01
   2.1073480e+06   6.8603516e+01
   2.1073970e+06   3.1616211e+01
   2.1074170e+06   3.7414551e+01
   2.1074410e+06   3.9611816e+01
   2.1075530e+06   3.4973145e+01
   2.1082460e+06   3.4301758e+01
   2.1083720e+06   3.9550781e+01
   2.1086010e+06   4.1625977e+01
   2.1088280e+06   3.8635254e+01
   2.1089560e+06   4.5715332e+01
   2.1089670e+06   4.8278809e+01
   2.1090600e+06   3.3386230e+01
   2.1091680e+06   3.5766602e+01
   2.1092430e+06   5.5419922e+01
   2.1093770e+06   3.9916992e+01
   2.1094850e+06   4.0954590e+01
   2.1095430e+06   4.6142578e+01
   2.1096460e+06   3.1921387e+01
   2.1097310e+06   3.3691406e+01
   2.1097830e+06   4.7058105e+01
   2.2751890e+06   4.0222168e+01
   2.2753570e+06   5.7312012e+01
   2.2754850e+06   4.2907715e+01
   2.2760490e+06   4.7119141e+01
   2.2760800e+06   5.5419922e+01
   2.2761530e+06   5.9753418e+01
   2.2761960e+06   4.1687012e+01
   2.2762680e+06   3.6499023e+01
   2.2776310e+06   4.7546387e+01
   2.2777340e+06   3.5705566e+01
   2.2778830e+06   3.4179688e+01
   2.2779620e+06   5.1025391e+01
   2.2779900e+06   3.1860352e+01
   2.2781780e+06   3.7841797e+01
   2.2783830e+06   3.4057617e+01
   2.2784920e+06   3.3813477e+01
   2.2785800e+06   3.9245605e+01
   2.2991270e+06   3.1799316e+01
   2.2991790e+06   4.6020508e+01
   2.2991940e+06   5.9326172e+01
   2.2992410e+06   4.4250488e+01
   2.2992640e+06   4.9255371e+01
   2.2992940e+06   4.5959473e+01
   2.2993660e+06   3.9489746e+01
   2.2994520e+06   3.3508301e+01
   2.2995380e+06   3.2409668e+01
   2.3001540e+06   3.2348633e+01
   2.3002520e+06   3.6193848e+01
   2.3003520e+06   4.0039063e+01
   2.3004700e+06   3.7475586e+01
   2.3004830e+06   3.7536621e+01
   2.3006420e+06   3.7414551e+01
   2.3006750e+06   3.2470703e+01
   2.5369280e+06   3.8208008e+01
   2.5370100e+06   5.5419922e+01
   2.5370900e+06   3.4912109e+01
   2.5371560e+06   6.0302734e+01
   2.5372230e+06   5.7983398e+01
   2.5372630e+06   3.7231445e+01
   2.5373040e+06   4.1687012e+01
   2.5373530e+06   4.1870117e+01
   2.5382800e+06   3.5827637e+01
   2.5385830e+06   3.9245605e+01
   2.5386040e+06   3.7719727e+01
   2.5386840e+06   3.2714844e+01
   2.5387990e+06   4.6325684e+01
   2.5388460e+06   4.3151855e+01
   2.5389300e+06   3.6193848e+01
   2.5389510e+06   3.4851074e+01
   2.5390950e+06   5.5358887e+01
   2.5391390e+06   3.4729004e+01
   2.5391500e+06   3.4545898e+01
   2.5394060e+06   3.9306641e+01
   2.5396040e+06   3.7719727e+01
   2.5396860e+06   5.1086426e+01
   2.5400590e+06   3.4118652e+01
   2.6791760e+06   4.8889160e+01
   2.6792580e+06   3.3203125e+01
   2.6794740e+06   6.4025879e+01
   2.6794950e+06   4.6081543e+01
   2.6795320e+06   3.5888672e+01
   2.6795620e+06   6.0241699e+01
   2.6796250e+06   3.4118652e+01
   2.6797670e+06   3.6010742e+01
   2.6807300e+06   3.9062500e+01
   2.6808080e+06   3.8208008e+01
   2.6809030e+06   4.2236328e+01
   2.6809970e+06   3.6376953e+01
   2.6810240e+06   5.9143066e+01
   2.6811760e+06   3.2897949e+01
   2.6811860e+06   3.9611816e+01
   2.6813750e+06   3.6743164e+01
   2.6814050e+06   3.3752441e+01
   2.6815140e+06   3.1799316e+01
   2.6816410e+06   4.0588379e+01
   2.6816650e+06   3.5766602e+01
   2.6818470e+06   3.5888672e+01
   2.6820230e+06   3.3203125e+01
   2.6820840e+06   4.1076660e+01
   2.6822900e+06   3.8879395e+01
   2.6823890e+06   5.3588867e+01
   2.8662270e+06   4.3945313e+01
   2.8663270e+06   4.3090820e+01
   2.8664740e+06   6.8481445e+01
   2.8665350e+06   5.4321289e+01
   2.8665970e+06   4.0832520e+01
   2.8666320e+06   4.5532227e+01
   2.8667540e+06   3.3264160e+01
   2.8677150e+06   3.3569336e+01
   2.8678150e+06   4.0710449e+01
   2.8680160e+06   4.7363281e+01
   2.8680660e+06   4.1259766e+01
   2.8681090e+06   3.2287598e+01
   2.8682660e+06   4.4067383e+01
   2.8683350e+06   3.2470703e+01
   2.8683990e+06   3.2531738e+01
   2.8685520e+06   3.5705566e+01
   2.8686830e+06   3.4912109e+01
   2.8687890e+06   3.4118652e+01
   2.8689410e+06   4.2663574e+01
   2.8689870e+06   3.3142090e+01
   2.8690810e+06   3.6437988e+01
   2.8691240e+06   3.2653809e+01
   2.8696190e+06   3.9367676e+01
   2.8697330e+06   5.9814453e+01
   2.8700280e+06   5.6274414e+01
   3.0754900e+06   5.2978516e+01
   3.0755800e+06   3.3630371e+01
   3.0757240e+06   4.5227051e+01
   3.0757940e+06   5.8105469e+01
   3.0758170e+06   4.9926758e+01
   3.0758330e+06   4.4006348e+01
   3.0758500e+06   4.5349121e+01
   3.0758910e+06   3.3020020e+01
   3.0771330e+06   3.3264160e+01
   3.0771690e+06   3.3081055e+01
   3.0773950e+06   3.5644531e+01
   3.0774250e+06   3.6071777e+01
   3.0774510e+06   5.3405762e+01
   3.0776130e+06   3.6621094e+01
   3.0777160e+06   3.4057617e+01
   3.0778530e+06   3.5644531e+01
   3.0780760e+06   3.4118652e+01
   3.0782090e+06   3.2104492e+01
   3.0783140e+06   3.2775879e+01
   3.0789700e+06   5.9509277e+01
   3.0791970e+06   5.7617188e+01
   3.0795340e+06   6.3415527e+01
   3.2443420e+06   5.5541992e+01
   3.2444650e+06   3.7536621e+01
   3.2448120e+06   4.9072266e+01
   3.2448520e+06   3.6987305e+01
   3.2448760e+06   7.6782227e+01
   3.2449050e+06   4.7424316e+01
   3.2449250e+06   4.4616699e+01
   3.2449990e+06   3.6315918e+01
   3.2460580e+06   3.4484863e+01
   3.2461910e+06   3.2043457e+01
   3.2462470e+06   5.8105469e+01
   3.2462570e+06   3.8452148e+01
   3.2464460e+06   3.8635254e+01
   3.2465490e+06   4.2785645e+01
   3.2466770e+06   3.9245605e+01
   3.2468850e+06   4.5471191e+01
   3.2469720e+06   3.4240723e+01
   3.2471840e+06   3.7170410e+01
   3.2472160e+06   3.8208008e+01
   3.2474390e+06   5.3771973e+01
   3.2475060e+06   3.3508301e+01
   3.3631220e+06   5.1757813e+01
   3.3632300e+06   3.8940430e+01
   3.3635310e+06   5.4138184e+01
   3.3635490e+06   4.2724609e+01
   3.3635610e+06   3.3020020e+01
   3.3635830e+06   3.2897949e+01
   3.3636110e+06   7.8613281e+01
   3.3636360e+06   4.1381836e+01
   3.3636580e+06   3.6499023e+01
   3.3637050e+06   3.7475586e+01
   3.3637190e+06   3.4851074e+01
   3.3637330e+06   4.0527344e+01
   3.3646060e+06   3.2714844e+01
   3.3647870e+06   3.2165527e+01
   3.3649660e+06   4.4372559e+01
   3.3651440e+06   3.7597656e+01
   3.3652490e+06   3.6865234e+01
   3.3652590e+06   3.3203125e+01
   3.3653550e+06   4.0466309e+01
   3.3654510e+06   4.4311523e+01
   3.3655690e+06   3.1921387e+01
   3.3656080e+06   3.4667969e+01
   3.3656520e+06   4.3762207e+01
   3.3659570e+06   5.6213379e+01
   3.3803210e+06   4.5104980e+01
   3.3805450e+06   4.5288086e+01
   3.3807490e+06   3.3996582e+01
   3.3807980e+06   4.8706055e+01
   3.3808470e+06   5.0231934e+01
   3.3808680e+06   4.9438477e+01
   3.3809160e+06   4.8645020e+01
   3.3809320e+06   3.1860352e+01
   3.3809680e+06   4.7546387e+01
   3.3810130e+06   3.8452148e+01
   3.3810510e+06   4.6447754e+01
   3.3811290e+06   3.7719727e+01
   3.3812310e+06   3.7902832e+01
   3.3813120e+06   3.3203125e+01
   3.3813910e+06   4.3518066e+01
   3.3823600e+06   3.6621094e+01
   3.3825580e+06   3.3630371e+01
   3.3826210e+06   4.3640137e+01
   3.3826570e+06   3.4118652e+01
   3.3829000e+06   3.6682129e+01
   3.3830250e+06   3.7902832e+01
   3.3832180e+06   4.2846680e+01
   3.3941970e+06   3.9306641e+01
   3.3946230e+06   4.6081543e+01
   3.3947170e+06   5.0354004e+01
   3.3948290e+06   6.3903809e+01
   3.3948770e+06   6.1523438e+01
   3.3949640e+06   3.3203125e+01
   3.3949910e+06   5.1696777e+01
   3.3950070e+06   3.5400391e+01
   3.3950580e+06   3.5888672e+01
   3.3951090e+06   3.5888672e+01
   3.3951380e+06   3.6315918e+01
   3.3952370e+06   3.5278320e+01
   3.3954570e+06   3.1555176e+01
   3.3964120e+06   4.4433594e+01
   3.3967220e+06   4.7546387e+01
   3.3968590e+06   3.1677246e+01
   3.4059770e+06   4.4433594e+01
   3.4063170e+06   3.6743164e+01
   3.4065830e+06   4.5959473e+01
   3.4066100e+06   3.1860352e+01
   3.4066380e+06   3.3325195e+01
   3.4066820e+06   5.7128906e+01
   3.4066950e+06   4.4006348e+01
   3.4067610e+06   4.8217773e+01
   3.4068130e+06   3.5705566e+01
   3.4068350e+06   7.7880859e+01
   3.4069240e+06   4.7302246e+01
   3.4069380e+06   3.3447266e+01
   3.4070010e+06   3.3203125e+01
   3.4070170e+06   3.7719727e+01
   3.4070720e+06   3.5339355e+01
   3.4071960e+06   3.3081055e+01
   3.4074460e+06   3.7292480e+01
   3.4076640e+06   4.7424316e+01
   3.4079300e+06   4.1992188e+01
   3.4082520e+06   3.3264160e+01
   3.4179950e+06   3.9550781e+01
   3.4183300e+06   4.6081543e+01
   3.4185590e+06   5.8471680e+01
   3.4185840e+06   4.2358398e+01
   3.4186220e+06   3.5827637e+01
   3.4186380e+06   5.1757813e+01
   3.4186590e+06   4.1992188e+01
   3.4187060e+06   4.0649414e+01
   3.4187560e+06   3.8146973e+01
   3.4187820e+06   3.4912109e+01
   3.4189530e+06   3.4545898e+01
   3.4190230e+06   3.2592773e+01
   3.4193540e+06   4.2297363e+01
   3.4194710e+06   3.3203125e+01
   3.4195820e+06   3.7597656e+01
   3.4196590e+06   3.5034180e+01
   3.4199110e+06   3.9733887e+01
   3.4199340e+06   3.3691406e+01
   3.4202190e+06   5.5175781e+01
   3.4202460e+06   3.4362793e+01
   3.4204390e+06   3.2470703e+01
   3.4296590e+06   4.3151855e+01
   3.4299780e+06   4.7058105e+01
   3.4300100e+06   3.3996582e+01
   3.4301580e+06   5.0659180e+01
   3.4302300e+06   4.5715332e+01
   3.4302430e+06   3.2531738e+01
   3.4303660e+06   4.8156738e+01
   3.4304050e+06   4.9194336e+01
   3.4305320e+06   3.7841797e+01
   3.4305800e+06   3.6315918e+01
   3.4306780e+06   3.7658691e+01
   3.4307390e+06   3.5461426e+01
   3.4308310e+06   3.8696289e+01
   3.4309930e+06   4.5654297e+01
   3.4311540e+06   3.1738281e+01
   3.4312640e+06   3.6865234e+01
   3.4315550e+06   4.0283203e+01
   3.4318630e+06   3.4912109e+01
   3.4432830e+06   4.1442871e+01
   3.4435360e+06   3.8024902e+01
   3.4435760e+06   3.7597656e+01
   3.4436630e+06   4.1137695e+01
   3.4437300e+06   4.7058105e+01
   3.4437870e+06   3.5400391e+01
   3.4438280e+06   3.5644531e+01
   3.4438860e+06   4.8156738e+01
   3.4439770e+06   3.5888672e+01
   3.4440050e+06   3.2714844e+01
   3.4441220e+06   3.5827637e+01
   3.4442570e+06   3.2226563e+01
   3.4443960e+06   4.4006348e+01
   3.4447150e+06   3.9916992e+01
   3.4449610e+06   3.6560059e+01
   3.4540290e+06   5.0048828e+01
   3.4545440e+06   4.1992188e+01
   3.4547300e+06   4.2358398e+01
   3.4548350e+06   5.1269531e+01
   3.4549190e+06   3.4667969e+01
   3.4549690e+06   5.2856445e+01
   3.4550990e+06   4.4372559e+01
   3.4551590e+06   4.9926758e+01
   3.4553000e+06   3.9794922e+01
   3.4553440e+06   4.7851563e+01
   3.4554790e+06   3.3630371e+01
   3.4555320e+06   3.6682129e+01
   3.4556630e+06   3.5400391e+01
   3.4557960e+06   4.3518066e+01
   3.4560940e+06   3.9916992e+01
   3.4564390e+06   4.6508789e+01
   3.4656490e+06   3.6682129e+01
   3.4659440e+06   3.4362793e+01
   3.4660100e+06   4.6875000e+01
   3.4661360e+06   3.3691406e+01
   3.4661770e+06   3.6315918e+01
   3.4661920e+06   3.2043457e+01
   3.4662190e+06   5.4931641e+01
   3.4663710e+06   4.8278809e+01
   3.4664170e+06   6.1279297e+01
   3.4665690e+06   3.4362793e+01
   3.4666180e+06   4.2907715e+01
   3.4668410e+06   4.5959473e+01
   3.4669140e+06   3.2592773e+01
   3.4671000e+06   3.2531738e+01
   3.4673880e+06   3.8818359e+01
   3.4815920e+06   4.5288086e+01
   3.4817720e+06   4.0893555e+01
   3.4817850e+06   4.8217773e+01
   3.4818690e+06   4.5471191e+01
   3.4818990e+06   3.1616211e+01
   3.4819130e+06   4.8278809e+01
   3.4819600e+06   3.3081055e+01
   3.4820240e+06   3.4973145e+01
   3.4820390e+06   4.1015625e+01
   3.4821810e+06   4.3090820e+01
   3.4822150e+06   3.1799316e+01
   3.4823100e+06   3.3935547e+01
   3.4824020e+06   3.2409668e+01
   3.4824480e+06   4.0161133e+01
   3.4829270e+06   4.0954590e+01
   3.4829420e+06   3.3386230e+01
   3.4832470e+06   3.7902832e+01
   3.4833090e+06   4.0344238e+01
   3.4942180e+06   4.6752930e+01
   3.4944310e+06   4.1503906e+01
   3.4944420e+06   4.0161133e+01
   3.4945810e+06   6.9946289e+01
   3.4946640e+06   3.3569336e+01
   3.4947470e+06   3.8085938e+01
   3.4947610e+06   4.1564941e+01
   3.4949330e+06   3.1555176e+01
   3.4949500e+06   3.5400391e+01
   3.4950970e+06   3.4057617e+01
   3.4951290e+06   3.2409668e+01
   3.4952700e+06   3.7353516e+01
   3.4953580e+06   3.1799316e+01
   3.4954550e+06   3.1677246e+01
   3.4956350e+06   4.6630859e+01
   3.5067370e+06   4.2175293e+01
   3.5070260e+06   3.9855957e+01
   3.5070640e+06   4.2236328e+01
   3.5071990e+06   6.0546875e+01
   3.5072180e+06   3.2409668e+01
   3.5072610e+06   3.2470703e+01
   3.5073640e+06   4.1320801e+01
   3.5073820e+06   4.6081543e+01
   3.5075540e+06   3.7475586e+01
   3.5075690e+06   3.1555176e+01
   3.5075940e+06   3.5461426e+01
   3.5077440e+06   3.9550781e+01
   3.5079070e+06   3.9245605e+01
   3.5079610e+06   3.9916992e+01
   3.5080970e+06   3.5766602e+01
   3.5082660e+06   3.7658691e+01
   3.5083830e+06   3.4851074e+01
   3.5188330e+06   3.9062500e+01
   3.5192030e+06   3.9184570e+01
   3.5194270e+06   5.1696777e+01
   3.5195200e+06   3.3142090e+01
   3.5195370e+06   3.4790039e+01
   3.5195520e+06   4.2663574e+01
   3.5196000e+06   4.8400879e+01
   3.5196740e+06   3.2836914e+01
   3.5197430e+06   3.7414551e+01
   3.5197740e+06   4.8583984e+01
   3.5199720e+06   6.9763184e+01
   3.5201510e+06   3.3996582e+01
   3.5201750e+06   3.3691406e+01
   3.5204200e+06   3.4851074e+01
   3.5206150e+06   3.1677246e+01
   3.5207550e+06   4.5593262e+01
   3.5324950e+06   3.3325195e+01
   3.5328360e+06   3.3691406e+01
   3.5329530e+06   4.3151855e+01
   3.5330990e+06   8.5632324e+01
   3.5332880e+06   3.8208008e+01
   3.5333240e+06   3.7780762e+01
   3.5335210e+06   3.1555176e+01
   3.5336990e+06   5.5114746e+01
   3.5338630e+06   3.8879395e+01
   3.5339730e+06   3.7536621e+01
   3.5340760e+06   3.2104492e+01
   3.5349860e+06   5.8410645e+01
   3.5554920e+06   3.9611816e+01
   3.5556120e+06   5.1635742e+01
   3.5556570e+06   4.1381836e+01
   3.5557180e+06   8.6975098e+01
   3.5558120e+06   3.6865234e+01
   3.5558290e+06   3.9550781e+01
   3.5559640e+06   3.9794922e+01
   3.5559810e+06   4.3212891e+01
   3.5560950e+06   3.2592773e+01
   3.5562220e+06   3.2958984e+01
   3.5566380e+06   3.3264160e+01
   3.5569410e+06   3.8635254e+01
   3.5572350e+06   3.5766602e+01
   3.5575520e+06   4.3518066e+01
   3.8750910e+06   5.4443359e+01
   3.8752340e+06   4.2114258e+01
   4.0291200e+06   5.8837891e+01
   4.0292830e+06   3.4057617e+01
   4.0300450e+06   5.4992676e+01
   4.0300650e+06   4.8889160e+01
   4.0300860e+06   3.2043457e+01
   4.0301210e+06   4.9194336e+01
   4.0301480e+06   5.4077148e+01
   4.0301880e+06   3.4606934e+01
   4.0302210e+06   5.4748535e+01
   4.0302580e+06   3.1982422e+01
   4.0313900e+06   3.7292480e+01
   4.0315270e+06   3.9123535e+01
   4.0316650e+06   5.4016113e+01
   4.0319040e+06   4.9499512e+01
   4.0320890e+06   3.1494141e+01
   4.0321150e+06   3.7475586e+01
   4.0321570e+06   5.4626465e+01
   4.0322060e+06   3.2958984e+01
   4.0323680e+06   4.7424316e+01
   4.0325390e+06   3.9794922e+01
   4.0326060e+06   4.0283203e+01
   4.0327120e+06   3.7292480e+01
   4.0328730e+06   4.3457031e+01
   4.0331040e+06   4.8461914e+01
   4.0339520e+06   5.1452637e+01
   4.2351590e+06   4.3090820e+01
   4.2353150e+06   4.1015625e+01
   4.2374220e+06   3.2409668e+01
   4.2376940e+06   5.2917480e+01
   4.2379820e+06   4.9316406e+01
   4.2379920e+06   7.7514648e+01
   4.2380430e+06   5.1696777e+01
   4.2380630e+06   4.4128418e+01
   4.2380840e+06   3.4423828e+01
   4.2381370e+06   5.0048828e+01
   4.2393500e+06   3.4667969e+01
   4.2394910e+06   3.6560059e+01
   4.2396160e+06   3.5644531e+01
   4.2396410e+06   3.3691406e+01
   4.2398490e+06   3.1982422e+01
   4.2398670e+06   3.7841797e+01
   4.2402000e+06   5.3833008e+01
   4.2404120e+06   5.3039551e+01
   4.2405480e+06   4.3579102e+01
   4.2406920e+06   3.3386230e+01
   4.2409950e+06   3.3264160e+01
   4.4618020e+06   4.9133301e+01
   4.4619110e+06   3.2592773e+01
   4.4621710e+06   5.7739258e+01
   4.4622020e+06   3.3874512e+01
   4.4622340e+06   4.5776367e+01
   4.4622510e+06   4.5715332e+01
   4.4622940e+06   4.7912598e+01
   4.4623350e+06   3.3264160e+01
   4.4635100e+06   3.3508301e+01
   4.4636580e+06   3.3508301e+01
   4.4637210e+06   3.2470703e+01
   4.4638450e+06   3.3691406e+01
   4.4639480e+06   4.4128418e+01
   4.4639870e+06   3.5034180e+01
   4.4642060e+06   4.1198730e+01
   4.4644570e+06   4.0466309e+01
   4.4646240e+06   3.1738281e+01
   4.4647110e+06   3.9978027e+01
   4.4647980e+06   3.8391113e+01
   4.4649170e+06   5.1391602e+01
   4.4651080e+06   3.2836914e+01
   4.6340910e+06   5.9204102e+01
   4.6341990e+06   3.4301758e+01
   4.6344180e+06   5.3161621e+01
   4.6344300e+06   6.8420410e+01
   4.6344620e+06   4.3334961e+01
   4.6345010e+06   4.9438477e+01
   4.6345380e+06   4.2114258e+01
   4.6345930e+06   3.1738281e+01
   4.6346070e+06   3.6682129e+01
   4.6346550e+06   3.7536621e+01
   4.6357700e+06   4.0405273e+01
   4.6358550e+06   3.2653809e+01
   4.6359960e+06   3.9001465e+01
   4.6361400e+06   3.5644531e+01
   4.6362530e+06   3.2897949e+01
   4.6363260e+06   3.6682129e+01
   4.6363450e+06   3.1616211e+01
   4.6364800e+06   3.3935547e+01
   4.6365130e+06   5.3039551e+01
   4.6366180e+06   3.7536621e+01
   4.6366640e+06   3.1860352e+01
   4.6367570e+06   4.6203613e+01
   4.6369030e+06   3.5095215e+01
   4.6370070e+06   4.9438477e+01
   4.6370350e+06   3.2592773e+01
   4.6371560e+06   3.2531738e+01
   4.6377540e+06   3.3630371e+01
   4.8379660e+06   6.0180664e+01
   4.8379820e+06   3.5217285e+01
   4.8380110e+06   4.8400879e+01
   4.8380300e+06   3.6560059e+01
   4.8380770e+06   4.4372559e+01
   4.8381100e+06   4.6997070e+01
   4.8381850e+06   3.7658691e+01
   4.8383040e+06   3.3813477e+01
   4.8394480e+06   3.6865234e+01
   4.8395100e+06   3.3447266e+01
   4.8396750e+06   3.5583496e+01
   4.8398230e+06   3.7109375e+01
   4.8398980e+06   3.3264160e+01
   4.8399370e+06   3.6376953e+01
   4.8400820e+06   3.1677246e+01
   4.8401530e+06   5.1696777e+01
   4.8402250e+06   3.6743164e+01
   4.8403710e+06   3.9184570e+01
   4.8405370e+06   4.7424316e+01
   4.8409340e+06   3.2348633e+01
   4.8522080e+06   3.6743164e+01
   4.8522980e+06   4.3518066e+01
   4.8523710e+06   4.9743652e+01
   4.8523880e+06   5.3649902e+01
   4.8524130e+06   3.4851074e+01
   4.8524340e+06   3.2897949e+01
   4.8524950e+06   4.3762207e+01
   4.8525150e+06   4.9804688e+01
   4.8537570e+06   3.2836914e+01
   4.8540260e+06   3.6193848e+01
   4.8541620e+06   3.1982422e+01
   4.8543720e+06   3.7963867e+01
   4.8546370e+06   4.6020508e+01
   4.8651400e+06   4.2968750e+01
   4.8655080e+06   4.0344238e+01
   4.8657420e+06   3.5644531e+01
   4.8657710e+06   5.8593750e+01
   4.8658460e+06   3.1860352e+01
   4.8658730e+06   3.2592773e+01
   4.8659290e+06   6.3354492e+01
   4.8659750e+06   4.3029785e+01
   4.8660440e+06   3.7353516e+01
   4.8660760e+06   3.6010742e+01
   4.8660920e+06   4.8156738e+01
   4.8668420e+06   3.3874512e+01
   4.8670780e+06   3.6132813e+01
   4.8670900e+06   3.2470703e+01
   4.8673830e+06   3.5095215e+01
   4.8770190e+06   4.6020508e+01
   4.8779670e+06   3.7109375e+01
   4.8783510e+06   3.5400391e+01
   4.8786880e+06   3.5278320e+01
   4.8787640e+06   5.0048828e+01
   4.8787810e+06   6.5307617e+01
   4.8788360e+06   3.3813477e+01
   4.8788660e+06   4.9499512e+01
   4.8788880e+06   4.0344238e+01
   4.8789440e+06   4.7851563e+01
   4.8790360e+06   3.2653809e+01
   4.8790480e+06   3.4362793e+01
   4.8791020e+06   3.3752441e+01
   4.8791800e+06   4.8217773e+01
   4.8792990e+06   3.7841797e+01
   4.8797010e+06   3.7719727e+01
   4.8800430e+06   3.1982422e+01
   4.8802600e+06   4.2175293e+01
   4.8805840e+06   4.4433594e+01
   4.8909740e+06   4.4982910e+01
   4.8926900e+06   3.4973145e+01
   4.8964000e+06   3.8635254e+01
   4.9017660e+06   5.4138184e+01
   4.9021270e+06   3.6499023e+01
   4.9022770e+06   4.4860840e+01
   4.9023330e+06   3.4362793e+01
   4.9023670e+06   3.3447266e+01
   4.9024090e+06   4.2419434e+01
   4.9024500e+06   3.6865234e+01
   4.9025020e+06   4.7546387e+01
   4.9025320e+06   4.0100098e+01
   4.9025500e+06   3.8208008e+01
   4.9026100e+06   3.9001465e+01
   4.9026570e+06   3.1921387e+01
   4.9027450e+06   3.6560059e+01
   4.9034820e+06   4.1870117e+01
   4.9036420e+06   3.9001465e+01
   4.9037180e+06   4.6691895e+01
   4.9041810e+06   3.3081055e+01
   4.9043740e+06   3.4423828e+01
   4.9212070e+06   5.0659180e+01
   4.9215290e+06   3.2897949e+01
   4.9216160e+06   4.4189453e+01
   4.9216970e+06   3.1921387e+01
   4.9217220e+06   3.2226563e+01
   4.9217490e+06   6.2011719e+01
   4.9218120e+06   4.5227051e+01
   4.9218470e+06   4.6264648e+01
   4.9218840e+06   4.9255371e+01
   4.9219550e+06   3.6987305e+01
   4.9219940e+06   3.2653809e+01
   4.9220230e+06   3.2165527e+01
   4.9220840e+06   3.7780762e+01
   4.9221930e+06   3.9733887e+01
   4.9222960e+06   3.3508301e+01
   4.9229260e+06   3.3447266e+01
   4.9229990e+06   3.1738281e+01
   4.9232270e+06   3.6254883e+01
   4.9234980e+06   3.7536621e+01
   4.9236440e+06   3.2104492e+01
   4.9238000e+06   4.7058105e+01
   4.9241140e+06   5.2734375e+01
   4.9370650e+06   4.3701172e+01
   4.9372780e+06   4.5349121e+01
   4.9373160e+06   3.8513184e+01
   4.9373610e+06   3.3569336e+01
   4.9373990e+06   6.3110352e+01
   4.9374710e+06   3.5156250e+01
   4.9374860e+06   4.6813965e+01
   4.9375490e+06   4.4677734e+01
   4.9376390e+06   3.9367676e+01
   4.9376880e+06   3.1677246e+01
   4.9377710e+06   4.5532227e+01
   4.9378880e+06   3.5888672e+01
   4.9384250e+06   3.2348633e+01
   4.9390340e+06   3.1860352e+01
   4.9495700e+06   4.5166016e+01
   4.9498820e+06   3.9306641e+01
   4.9499350e+06   4.3273926e+01
   4.9500350e+06   4.7912598e+01
   4.9500930e+06   3.3264160e+01
   4.9501930e+06   3.9245605e+01
   4.9502270e+06   3.9611816e+01
   4.9503750e+06   3.5095215e+01
   4.9504060e+06   4.8034668e+01
   4.9505950e+06   3.8391113e+01
   4.9506710e+06   3.7780762e+01
   4.9511050e+06   3.4729004e+01
   4.9511380e+06   3.1738281e+01
   4.9513830e+06   3.2287598e+01
   4.9517150e+06   4.3395996e+01
   4.9520610e+06   3.4667969e+01
   4.9615100e+06   3.7841797e+01
   4.9673860e+06   4.0283203e+01
   4.9676640e+06   3.6437988e+01
   4.9677450e+06   5.4565430e+01
   4.9677800e+06   3.6804199e+01
   4.9678180e+06   3.2592773e+01
   4.9678470e+06   3.3508301e+01
   4.9678720e+06   3.1555176e+01
   4.9678870e+06   4.3151855e+01
   4.9679160e+06   3.6193848e+01
   4.9680090e+06   3.4179688e+01
   4.9680360e+06   3.6560059e+01
   4.9682620e+06   3.3996582e+01
   4.9683890e+06   3.2226563e+01
   4.9684930e+06   3.3813477e+01
   4.9687160e+06   4.4555664e+01
   4.9688730e+06   3.4423828e+01
   4.9690170e+06   3.9489746e+01
   4.9693220e+06   4.3823242e+01
   4.9694520e+06   3.2592773e+01
   4.9696010e+06   4.6447754e+01
   4.9698750e+06   3.3081055e+01
   4.9699510e+06   4.7729492e+01
   4.9806200e+06   3.7597656e+01
   4.9808740e+06   3.6499023e+01
   4.9809580e+06   4.8461914e+01
   4.9810360e+06   5.6823730e+01
   4.9811630e+06   3.5461426e+01
   4.9812290e+06   4.2297363e+01
   4.9813470e+06   3.3508301e+01
   4.9813860e+06   3.7292480e+01
   4.9814950e+06   3.1738281e+01
   4.9816530e+06   3.1921387e+01
   4.9820980e+06   3.1494141e+01
   4.9824250e+06   3.9916992e+01
   4.9825100e+06   3.3020020e+01
   4.9929620e+06   4.1198730e+01
   4.9933430e+06   4.6020508e+01
   4.9934590e+06   3.9184570e+01
   4.9934750e+06   3.5827637e+01
   4.9936200e+06   3.4545898e+01
   4.9936530e+06   5.0903320e+01
   4.9938150e+06   3.8757324e+01
   4.9938420e+06   3.7841797e+01
   4.9939900e+06   3.4057617e+01
   4.9940500e+06   3.3020020e+01
   4.9943390e+06   4.0161133e+01
   4.9943500e+06   3.8208008e+01
   4.9946060e+06   3.3020020e+01
   4.9946680e+06   4.1625977e+01
   4.9950500e+06   5.4199219e+01
   5.0075500e+06   3.7414551e+01
   5.0078370e+06   3.1738281e+01
   5.0079500e+06   4.1931152e+01
   5.0079900e+06   3.9794922e+01
   5.0080510e+06   3.1860352e+01
   5.0080810e+06   3.6437988e+01
   5.0080920e+06   6.3781738e+01
   5.0081670e+06   3.9428711e+01
   5.0082460e+06   3.1738281e+01
   5.0082570e+06   5.0903320e+01
   5.0083570e+06   3.7963867e+01
   5.0084260e+06   4.0161133e+01
   5.0085140e+06   3.5888672e+01
   5.0088290e+06   5.1025391e+01
   5.0092700e+06   3.1494141e+01
   5.0208790e+06   3.5766602e+01
   5.0210830e+06   3.1799316e+01
   5.0211860e+06   5.0170898e+01
   5.0213180e+06   5.0048828e+01
   5.0214200e+06   3.5217285e+01
   5.0214970e+06   3.9062500e+01
   5.0215290e+06   5.1574707e+01
   5.0216980e+06   4.2236328e+01
   5.0217530e+06   3.2897949e+01
   5.0218940e+06   3.8024902e+01
   5.0219740e+06   3.6071777e+01
   5.0222830e+06   3.8452148e+01
   5.0225730e+06   4.0466309e+01
   5.0353510e+06   3.3569336e+01
   5.0355190e+06   3.5461426e+01
   5.0355890e+06   4.8034668e+01
   5.0356750e+06   3.5522461e+01
   5.0357240e+06   4.0832520e+01
   5.0358780e+06   4.5043945e+01
   5.0359270e+06   4.6081543e+01
   5.0360500e+06   3.8513184e+01
   5.0361180e+06   3.4362793e+01
   5.0362070e+06   3.9306641e+01
   5.0366930e+06   3.9672852e+01
   5.0368100e+06   3.3203125e+01
   5.0483840e+06   4.2968750e+01
   5.0486830e+06   3.5888672e+01
   5.0488350e+06   4.5410156e+01
   5.0488910e+06   4.6386719e+01
   5.0489450e+06   3.8330078e+01
   5.0490930e+06   4.1687012e+01
   5.0491360e+06   5.2368164e+01
   5.0493340e+06   3.9794922e+01
   5.0495200e+06   3.1982422e+01
   5.0495590e+06   3.6865234e+01
   5.0497170e+06   4.4799805e+01
   5.0498040e+06   3.5766602e+01
   5.0499270e+06   4.0222168e+01
   5.0501980e+06   4.3762207e+01
   5.0506520e+06   3.7231445e+01
   5.0722330e+06   4.5959473e+01
   5.0724560e+06   3.9123535e+01
   5.0724750e+06   5.2551270e+01
   5.0725640e+06   6.7443848e+01
   5.0726180e+06   4.4677734e+01
   5.0727040e+06   4.1076660e+01
   5.0727340e+06   3.2226563e+01
   5.0728410e+06   3.4545898e+01
   5.0728810e+06   4.3823242e+01
   5.0729950e+06   3.9123535e+01
   5.0732440e+06   3.1738281e+01
   5.0735280e+06   3.1555176e+01
   5.5405620e+06   5.1574707e+01
   5.5406560e+06   3.2043457e+01
   5.5408570e+06   1.0424805e+02
   5.5409320e+06   5.9265137e+01
   5.5410080e+06   4.1076660e+01
   5.5410680e+06   3.8635254e+01
   5.5422480e+06   3.3203125e+01
   5.5423090e+06   3.4423828e+01
   5.5423760e+06   3.7048340e+01
   5.5424560e+06   3.7597656e+01
   5.5425260e+06   4.2907715e+01
   5.5427060e+06   3.5522461e+01
   5.5427870e+06   4.5410156e+01
   5.5428170e+06   3.3142090e+01
   5.5429200e+06   3.6987305e+01
   5.5429940e+06   3.2897949e+01
   5.5430960e+06   4.0039063e+01
   5.5431080e+06   3.8574219e+01
   5.5433200e+06   4.9133301e+01
   5.5435120e+06   3.4118652e+01
   5.5435460e+06   4.4982910e+01
   5.5437910e+06   6.1340332e+01
   5.5440710e+06   4.6386719e+01
   5.5444350e+06   5.4260254e+01
   5.5445360e+06   3.4240723e+01
   5.8315490e+06   3.2226563e+01
   5.8315790e+06   4.4677734e+01
   5.8317590e+06   5.4748535e+01
   5.8318210e+06   3.2958984e+01
   5.8318790e+06   3.7109375e+01
   5.8319240e+06   5.0170898e+01
   5.8330160e+06   3.5461426e+01
   5.8333440e+06   4.5104980e+01
   5.8334930e+06   4.4982910e+01
   5.8335800e+06   3.2470703e+01
   5.8337040e+06   4.1198730e+01
   5.8338930e+06   3.3081055e+01
   5.8339780e+06   3.9245605e+01
   5.8341920e+06   3.2104492e+01
   5.8342530e+06   3.5156250e+01
   5.8344070e+06   4.2785645e+01
   5.8344580e+06   3.3508301e+01
   5.8346640e+06   5.1574707e+01
   5.8349280e+06   4.6203613e+01
   5.8351720e+06   4.2236328e+01
   5.8497410e+06   4.1259766e+01
   5.8498700e+06   1.2548828e+02
   5.8499150e+06   6.6223145e+01
   5.8499260e+06   3.3813477e+01
   5.8499630e+06   3.5644531e+01
   5.8499800e+06   3.4484863e+01
   5.8499970e+06   3.5156250e+01
   5.8510480e+06   3.6254883e+01
   5.8512110e+06   4.8522949e+01
   5.8515120e+06   3.3508301e+01
   5.8517560e+06   3.3264160e+01
   5.8517680e+06   3.7109375e+01
   5.8520510e+06   4.0283203e+01
   5.8698950e+06   4.6630859e+01
   5.8699500e+06   4.6203613e+01
   5.8699830e+06   3.7658691e+01
   5.8700050e+06   5.4199219e+01
   5.8700470e+06   5.2001953e+01
   5.8700750e+06   3.3264160e+01
   5.8701060e+06   3.6437988e+01
   5.8701800e+06   3.4484863e+01
   5.8702140e+06   3.5034180e+01
   5.8702970e+06   3.6987305e+01
   5.8703870e+06   3.5034180e+01
   5.8704810e+06   3.1921387e+01
   5.8714110e+06   3.5705566e+01
   5.8715340e+06   4.0344238e+01
   5.8716660e+06   3.4606934e+01
   5.8718190e+06   4.4067383e+01
   5.8720830e+06   4.5166016e+01
   5.8952120e+06   4.5776367e+01
   5.8952760e+06   5.8959961e+01
   5.8952950e+06   4.5410156e+01
   5.8953510e+06   3.8269043e+01
   5.8953970e+06   4.4860840e+01
   5.8954400e+06   3.3020020e+01
   5.8955580e+06   3.7780762e+01
   5.8961140e+06   3.1555176e+01
   5.8965730e+06   3.5156250e+01
   5.8968110e+06   3.5766602e+01
   5.8968330e+06   4.9987793e+01
   5.8971660e+06   3.5095215e+01
   5.9264320e+06   5.5847168e+01
   5.9264480e+06   3.6743164e+01
   5.9264710e+06   4.6020508e+01
   5.9265030e+06   3.7170410e+01
   5.9265170e+06   3.9062500e+01
   5.9265430e+06   3.7170410e+01
   5.9265730e+06   3.7536621e+01
   5.9265860e+06   3.2714844e+01
   5.9266190e+06   4.8278809e+01
   5.9271520e+06   3.1860352e+01
   5.9273840e+06   4.7119141e+01
   5.9274360e+06   3.5949707e+01
   5.9275210e+06   3.5339355e+01
   5.9277100e+06   3.6193848e+01
   5.9278780e+06   4.0039063e+01
   5.9281340e+06   3.2348633e+01
   5.9281490e+06   3.8818359e+01
   5.9282660e+06   3.6987305e+01
   5.9284080e+06   3.8818359e+01
   5.9285440e+06   3.2836914e+01
   5.9286940e+06   4.7058105e+01
   5.9289570e+06   4.5898438e+01
   5.9296030e+06   5.3466797e+01
   5.9299520e+06   4.3151855e+01
   5.9435870e+06   4.4250488e+01
   5.9438630e+06   3.6071777e+01
   5.9439740e+06   5.6457520e+01
   5.9440050e+06   5.0964355e+01
   5.9440290e+06   3.7353516e+01
   5.9440480e+06   3.8635254e+01
   5.9440920e+06   4.1198730e+01
   5.9441550e+06   6.9274902e+01
   5.9442190e+06   4.7912598e+01
   5.9442730e+06   3.6865234e+01
   5.9443370e+06   3.3508301e+01
   5.9444090e+06   3.4973145e+01
   5.9444570e+06   3.3508301e+01
   5.9453770e+06   3.5522461e+01
   5.9457130e+06   3.9672852e+01
   5.9655100e+06   3.9062500e+01
   5.9660500e+06   4.7241211e+01
   5.9662800e+06   5.6457520e+01
   5.9663040e+06   6.5429688e+01
   5.9663280e+06   4.2114258e+01
   5.9663930e+06   3.3020020e+01
   5.9664490e+06   3.4362793e+01
   5.9664750e+06   5.6823730e+01
   5.9665200e+06   3.6315918e+01
   5.9665480e+06   4.5898438e+01
   5.9666160e+06   4.1137695e+01
   5.9666710e+06   3.5156250e+01
   5.9668720e+06   3.2165527e+01
   5.9674460e+06   3.1799316e+01
   5.9674990e+06   3.2653809e+01
   5.9677020e+06   3.1860352e+01
   5.9677550e+06   3.8391113e+01
   5.9679320e+06   3.6499023e+01
   5.9680580e+06   3.4912109e+01
   5.9683610e+06   3.6926270e+01
   5.9686230e+06   4.6569824e+01
   5.9689380e+06   4.6936035e+01
   5.9924100e+06   4.1809082e+01
   5.9927100e+06   3.6499023e+01
   5.9927830e+06   3.8940430e+01
   5.9928570e+06   6.5429688e+01
   5.9928980e+06   3.6132813e+01
   5.9929340e+06   4.5288086e+01
   5.9929940e+06   4.5104980e+01
   5.9930180e+06   3.6743164e+01
   5.9930700e+06   4.3212891e+01
   5.9941830e+06   3.4912109e+01
   5.9943510e+06   3.6499023e+01
   5.9944520e+06   3.6193848e+01
   5.9952140e+06   5.8715820e+01
   5.9955360e+06   4.6142578e+01
   5.9959010e+06   5.7617188e+01
   6.0162460e+06   4.1992188e+01
   6.0164690e+06   4.3762207e+01
   6.0165090e+06   3.7658691e+01
   6.0165470e+06   3.9062500e+01
   6.0166010e+06   3.2043457e+01
   6.0166290e+06   3.3752441e+01
   6.0166620e+06   5.5053711e+01
   6.0167210e+06   3.5583496e+01
   6.0167890e+06   3.5156250e+01
   6.0168850e+06   3.6682129e+01
   6.0169900e+06   3.2348633e+01
   6.0174630e+06   3.4606934e+01
   6.0175300e+06   3.1494141e+01
   6.0178080e+06   5.7556152e+01
   6.0181160e+06   4.8950195e+01
   6.0184190e+06   4.8278809e+01
   6.0186910e+06   4.7363281e+01
   6.4812920e+06   4.8889160e+01
   6.4814680e+06   4.5166016e+01
   6.5478170e+06   4.3518066e+01
   6.5484880e+06   5.3466797e+01
   6.5485130e+06   4.5410156e+01
   6.5485980e+06   7.0068359e+01
   6.5486470e+06   3.4667969e+01
   6.5487040e+06   4.3762207e+01
   6.5487380e+06   4.3212891e+01
   6.5487740e+06   3.4973145e+01
   6.5499940e+06   3.1860352e+01
   6.5502400e+06   3.5461426e+01
   6.5503880e+06   3.3996582e+01
   6.5505400e+06   4.5837402e+01
   6.5505940e+06   3.6071777e+01
   6.5506740e+06   4.0771484e+01
   6.5507690e+06   3.6193848e+01
   6.5508170e+06   3.4545898e+01
   6.5509700e+06   3.3325195e+01
   6.5510370e+06   3.7170410e+01
   6.5512710e+06   3.1616211e+01
   6.5512870e+06   4.1687012e+01
   6.8381410e+06   4.7424316e+01
   6.8382120e+06   3.6315918e+01
   6.8383010e+06   3.4301758e+01
   6.8383330e+06   5.7617188e+01
   6.8383660e+06   3.2592773e+01
   6.8383810e+06   7.2265625e+01
   6.8384170e+06   4.7729492e+01
   6.8384280e+06   3.6315918e+01
   6.8384520e+06   4.0100098e+01
   6.8385080e+06   3.4912109e+01
   6.8395080e+06   3.2592773e+01
   6.8397230e+06   3.5034180e+01
   6.8398210e+06   3.9123535e+01
   6.8399350e+06   3.1616211e+01
   6.8399550e+06   4.7119141e+01
   6.8399820e+06   4.5471191e+01
   6.8402110e+06   3.2165527e+01
   6.8404060e+06   3.4912109e+01
   6.8404300e+06   3.1494141e+01
   6.8405360e+06   3.7902832e+01
   6.8406570e+06   4.0771484e+01
   6.8409340e+06   3.8940430e+01
   6.8412050e+06   5.2490234e+01
   6.8413700e+06   3.4606934e+01
   6.8414810e+06   4.0039062e+01
   6.8417730e+06   5.2917480e+01
   6.8560160e+06   4.4372559e+01
   6.8560400e+06   4.1687012e+01
   6.8560640e+06   5.0231934e+01
   6.8560740e+06   3.4423828e+01
   6.8560860e+06   3.7780762e+01
   6.8561230e+06   4.7119141e+01
   6.8561500e+06   3.6621094e+01
   6.8561740e+06   5.2246094e+01
   6.8562250e+06   3.5095215e+01
   6.8562640e+06   3.5095215e+01
   6.8563550e+06   4.4067383e+01
   6.8564370e+06   3.4729004e+01
   6.8576660e+06   3.1799316e+01
   6.8577860e+06   3.7109375e+01
   6.8580740e+06   4.9743652e+01
   6.8584620e+06   3.3081055e+01
   6.8726270e+06   4.3090820e+01
   6.8730980e+06   4.6508789e+01
   6.8733660e+06   3.3386230e+01
   6.8734050e+06   5.4443359e+01
   6.8734320e+06   5.5419922e+01
   6.8735120e+06   4.0283203e+01
   6.8735830e+06   5.1635742e+01
   6.8736590e+06   3.5461426e+01
   6.8736860e+06   3.2409668e+01
   6.8737240e+06   4.4677734e+01
   6.8737580e+06   3.3386230e+01
   6.8738580e+06   4.1015625e+01
   6.8747070e+06   3.6499023e+01
   6.8752050e+06   3.1555176e+01
   6.8752630e+06   3.7658691e+01
   6.8755520e+06   5.4382324e+01
   6.8756120e+06   3.6926270e+01
   6.8938180e+06   4.8339844e+01
   6.8938610e+06   5.9387207e+01
   6.8938740e+06   5.2612305e+01
   6.8939030e+06   3.6499023e+01
   6.8939260e+06   4.1015625e+01
   6.8939660e+06   4.0100098e+01
   6.8939820e+06   4.5166016e+01
   6.8940060e+06   3.6010742e+01
   6.8940980e+06   3.9367676e+01
   6.8941440e+06   4.0100098e+01
   6.8947490e+06   3.4729004e+01
   6.8948960e+06   3.4973145e+01
   6.8950630e+06   3.1738281e+01
   6.8951760e+06   3.8330078e+01
   6.8954480e+06   4.9194336e+01
   6.8957000e+06   4.2785645e+01
   6.8958340e+06   3.8269043e+01
   6.8959940e+06   3.6132813e+01
   6.8962730e+06   3.7902832e+01
   6.8962980e+06   5.7312012e+01
   6.9138890e+06   6.0119629e+01
   6.9139380e+06   4.8889160e+01
   6.9139600e+06   5.2795410e+01
   6.9139980e+06   4.3395996e+01
   6.9140840e+06   5.2856445e+01
   6.9141160e+06   3.5400391e+01
   6.9149700e+06   3.3630371e+01
   6.9152140e+06   3.4240723e+01
   6.9154070e+06   3.3447266e+01
   6.9155130e+06   4.2968750e+01
   6.9156180e+06   3.1616211e+01
   6.9157680e+06   4.6691895e+01
   6.9160650e+06   4.5593262e+01
   6.9294450e+06   4.5776367e+01
   6.9296860e+06   3.3813477e+01
   6.9297120e+06   4.5471191e+01
   6.9298240e+06   3.6743164e+01
   6.9298850e+06   7.3547363e+01
   6.9299420e+06   3.3142090e+01
   6.9299720e+06   3.9123535e+01
   6.9300530e+06   5.5236816e+01
   6.9301750e+06   4.1381836e+01
   6.9302120e+06   3.7597656e+01
   6.9303020e+06   3.6560059e+01
   6.9304380e+06   3.6071777e+01
   6.9305590e+06   3.4057617e+01
   6.9308030e+06   3.3752441e+01
   6.9308310e+06   3.3325195e+01
   6.9314400e+06   3.1982422e+01
   6.9315650e+06   3.7536621e+01
   6.9317310e+06   4.1625977e+01
   6.9500320e+06   3.7902832e+01
   6.9502310e+06   5.1757813e+01
   6.9502730e+06   4.0527344e+01
   6.9503810e+06   4.0222168e+01
   6.9504430e+06   4.9621582e+01
   6.9505450e+06   3.3813477e+01
   6.9505870e+06   4.5959473e+01
   6.9506860e+06   4.5349121e+01
   6.9507000e+06   4.0771484e+01
   6.9508200e+06   3.2653809e+01
   6.9508870e+06   3.4973145e+01
   6.9509350e+06   3.2531738e+01
   6.9510290e+06   3.5156250e+01
   6.9511430e+06   3.4973145e+01
   6.9519820e+06   3.2897949e+01
   6.9523330e+06   3.6560059e+01
   6.9523710e+06   4.0039063e+01
   6.9679020e+06   3.6682129e+01
   6.9681000e+06   4.1687012e+01
   6.9681270e+06   3.5156250e+01
   6.9681750e+06   3.4240723e+01
   6.9682230e+06   3.5278320e+01
   6.9682730e+06   3.5705566e+01
   6.9683370e+06   3.2470703e+01
   6.9684380e+06   4.2297363e+01
   6.9684480e+06   3.6071777e+01
   6.9685790e+06   4.1748047e+01
   6.9686400e+06   3.3447266e+01
   6.9689390e+06   3.4973145e+01
   6.9696850e+06   3.2592773e+01
   6.9697860e+06   4.6142578e+01
   6.9700970e+06   3.8513184e+01
   6.9702770e+06   3.1616211e+01
   6.9850790e+06   3.5217285e+01
   6.9853030e+06   3.3752441e+01
   6.9853750e+06   4.0405273e+01
   6.9854160e+06   3.2226563e+01
   6.9854990e+06   4.2297363e+01
   6.9855680e+06   3.6743164e+01
   6.9856070e+06   6.5124512e+01
   6.9856230e+06   3.2897949e+01
   6.9857360e+06   3.2287598e+01
   6.9857710e+06   4.0466309e+01
   6.9858750e+06   3.1677246e+01
   6.9860060e+06   3.3264160e+01
   6.9862800e+06   3.7536621e+01
   6.9864430e+06   3.3935547e+01
   6.9865170e+06   3.1982422e+01
   6.9866370e+06   3.2958984e+01
   6.9868220e+06   3.3691406e+01
   6.9871730e+06   4.2602539e+01
   6.9994380e+06   4.6813965e+01
   6.9997880e+06   4.8522949e+01
   6.9998530e+06   4.7851563e+01
   6.9998810e+06   4.2297363e+01
   7.0000090e+06   5.0048828e+01
   7.0000700e+06   4.1503906e+01
   7.0001050e+06   3.3203125e+01
   7.0002080e+06   3.5644531e+01
   7.0002700e+06   5.1269531e+01
   7.0003770e+06   3.4667969e+01
   7.0004700e+06   3.2409668e+01
   7.0005450e+06   3.1799316e+01
   7.0007240e+06   3.5278320e+01
   7.0010230e+06   4.3029785e+01
   7.0011690e+06   3.6926270e+01
   7.0013270e+06   3.7658691e+01
   7.0017040e+06   5.6152344e+01
   7.0116110e+06   4.1320801e+01
   7.0119650e+06   3.5278320e+01
   7.0120330e+06   4.5837402e+01
   7.0121760e+06   4.0283203e+01
   7.0122200e+06   3.4790039e+01
   7.0123030e+06   4.4982910e+01
   7.0124560e+06   3.4545898e+01
   7.0126130e+06   4.6630859e+01
   7.0127270e+06   4.8400879e+01
   7.0128820e+06   3.9794922e+01
   7.0129490e+06   3.9672852e+01
   7.0131190e+06   3.2409668e+01
   7.0132100e+06   3.7536621e+01
   7.0134870e+06   5.0354004e+01
   7.0138930e+06   4.5410156e+01
   7.0346210e+06   4.4616699e+01
   7.0347710e+06   3.4545898e+01
   7.0347970e+06   4.4555664e+01
   7.0348100e+06   3.4240723e+01
   7.0348820e+06   5.7617188e+01
   7.0349060e+06   3.4301758e+01
   7.0349930e+06   3.6254883e+01
   7.0350030e+06   3.2226563e+01
   7.0350350e+06   4.7241211e+01
   7.0351430e+06   3.4973145e+01
   7.0351990e+06   4.2602539e+01
   7.0352680e+06   4.1992188e+01
   7.0353770e+06   3.1860352e+01
   7.0358900e+06   5.7250977e+01
   7.0361890e+06   4.1748047e+01
   7.0363980e+06   3.2592773e+01
   7.0364680e+06   4.4311523e+01
   7.0364980e+06   3.6132813e+01
   7.0520630e+06   4.2419434e+01
   7.0524050e+06   5.1879883e+01
   7.0524780e+06   4.9743652e+01
   7.0525110e+06   5.7067871e+01
   7.0526110e+06   3.4912109e+01
   7.0526910e+06   4.7058105e+01
   7.0528460e+06   3.1738281e+01
   7.0529570e+06   3.3874512e+01
   7.0531180e+06   4.6813965e+01
   7.0532720e+06   3.3996582e+01
   7.0532940e+06   3.5827637e+01
   7.0535790e+06   3.9611816e+01
   7.0538710e+06   4.9438477e+01
   7.0895030e+06   4.0405273e+01
   7.0897540e+06   4.2785645e+01
   7.0897760e+06   4.5959473e+01
   7.0898170e+06   4.5104980e+01
   7.0898640e+06   3.4606934e+01
   7.0899190e+06   3.1616211e+01
   7.0899320e+06   3.4362793e+01
   7.0899580e+06   4.5227051e+01
   7.0900670e+06   3.4179688e+01
   7.0911190e+06   3.2104492e+01
   7.0913770e+06   3.3447266e+01
   7.0916610e+06   3.2470703e+01
   7.4075650e+06   5.2917480e+01
   7.4078100e+06   5.0720215e+01
   7.6221160e+06   3.2287598e+01
   7.6221450e+06   5.2246094e+01
   7.6222010e+06   5.3161621e+01
   7.6222170e+06   5.8044434e+01
   7.6222530e+06   3.5827637e+01
   7.6222750e+06   3.3142090e+01
   7.6223060e+06   3.4118652e+01
   7.6223180e+06   3.3569336e+01
   7.6223550e+06   3.2531738e+01
   7.6223840e+06   3.6621094e+01
   7.6224480e+06   3.1677246e+01
   7.6239800e+06   4.2358398e+01
   7.6239950e+06   3.8574219e+01
   7.6241010e+06   3.3447266e+01
   7.6242050e+06   4.2602539e+01
   7.6245790e+06   3.3752441e+01
   7.6247060e+06   3.1921387e+01
   7.6251070e+06   3.5522461e+01
   7.6251510e+06   6.3659668e+01
   7.6263380e+06   5.4077148e+01
   7.6587360e+06   5.0598145e+01
   7.6587510e+06   3.4057617e+01
   7.6587740e+06   4.3518066e+01
   7.6588260e+06   3.3813477e+01
   7.6588460e+06   4.8950195e+01
   7.6588670e+06   3.8085938e+01
   7.6588970e+06   3.7048340e+01
   7.6589170e+06   5.4077148e+01
   7.6589800e+06   3.3874512e+01
   7.6590710e+06   3.2043457e+01
   7.6591300e+06   4.2297363e+01
   7.6602100e+06   3.4057617e+01
   7.6605760e+06   3.3447266e+01
   7.6606760e+06   3.2836914e+01
   7.6606860e+06   3.6499023e+01
   7.6607140e+06   3.2165527e+01
   7.6610350e+06   3.1860352e+01
   7.7024600e+06   5.7800293e+01
   7.7024700e+06   5.3100586e+01
   7.7025270e+06   6.8481445e+01
   7.7025440e+06   3.5339355e+01
   7.7025640e+06   3.3203125e+01
   7.7026180e+06   4.9255371e+01
   7.7026330e+06   3.5217285e+01
   7.7026690e+06   3.6071777e+01
   7.7027200e+06   4.0954590e+01
   7.7037620e+06   3.4240723e+01
   7.7038750e+06   4.0405273e+01
   7.7039450e+06   3.8330078e+01
   7.7041190e+06   3.7353516e+01
   7.7043650e+06   3.3020020e+01
   7.7043780e+06   3.7109375e+01
   7.7045160e+06   4.0405273e+01
   7.7046390e+06   3.6315918e+01
   7.7049740e+06   4.2907715e+01
   7.7052440e+06   4.1564941e+01
   7.7449230e+06   5.6884766e+01
   7.7449580e+06   5.7373047e+01
   7.7449820e+06   3.3447266e+01
   7.7450140e+06   7.3852539e+01
   7.7450440e+06   3.3020020e+01
   7.7450660e+06   3.7841797e+01
   7.7450920e+06   3.4545898e+01
   7.7451450e+06   3.2226563e+01
   7.7451740e+06   3.2043457e+01
   7.7452600e+06   3.6071777e+01
   7.7461940e+06   3.3203125e+01
   7.7463450e+06   3.2958984e+01
   7.7464450e+06   3.6560059e+01
   7.7467180e+06   4.7729492e+01
   7.7467750e+06   3.2287598e+01
   7.7469480e+06   3.8024902e+01
   7.7471260e+06   3.4362793e+01
   7.7472090e+06   4.5471191e+01
   7.7472230e+06   3.8574219e+01
   7.7474620e+06   4.5654297e+01
   7.7476460e+06   3.1860352e+01
   7.7477720e+06   4.2785645e+01
   7.7767020e+06   3.3569336e+01
   7.7773740e+06   4.9255371e+01
   7.8020980e+06   3.7109375e+01
   7.8021330e+06   9.1918945e+01
   7.8021770e+06   7.3120117e+01
   7.8022040e+06   5.2062988e+01
   7.8022180e+06   3.3264160e+01
   7.8022440e+06   4.7607422e+01
   7.8022700e+06   3.6682129e+01
   7.8022850e+06   3.6071777e+01
   7.8023740e+06   4.1442871e+01
   7.8030290e+06   3.1494141e+01
   7.8034860e+06   3.7719727e+01
   7.8036270e+06   4.2724609e+01
   7.8036620e+06   3.3203125e+01
   7.8037270e+06   3.2836914e+01
   7.8208920e+06   3.9733887e+01
   7.8213260e+06   3.2897949e+01
   7.8213920e+06   6.0119629e+01
   7.8214020e+06   4.9194336e+01
   7.8214340e+06   3.3630371e+01
   7.8214640e+06   3.8940430e+01
   7.8214930e+06   3.9367676e+01
   7.8215720e+06   5.1025391e+01
   7.8216310e+06   3.6560059e+01
   7.8216910e+06   3.4118652e+01
   7.8217220e+06   3.8818359e+01
   7.8218640e+06   3.5278320e+01
   7.8227590e+06   3.5888672e+01
   7.8228190e+06   3.3325195e+01
   7.8230220e+06   3.2836914e+01
   7.8233050e+06   3.6071777e+01
   7.8235180e+06   3.1555176e+01
   7.8239480e+06   5.4016113e+01
   8.2610790e+06   4.4799805e+01
   8.2612530e+06   4.4433594e+01
   8.3414020e+06   4.8583984e+01
   8.3414400e+06   8.6975098e+01
   8.3414780e+06   3.7719727e+01
   8.3415040e+06   3.5827637e+01
   8.3415280e+06   4.1992188e+01
   8.3415650e+06   4.1076660e+01
   8.3429480e+06   3.5278320e+01
   8.3431600e+06   4.2297363e+01
   8.3432030e+06   3.2287598e+01
   8.3432550e+06   3.6682129e+01
   8.3433650e+06   5.6396484e+01
   8.3434630e+06   3.7719727e+01
   8.3435470e+06   3.7353516e+01
   8.3436530e+06   4.2968750e+01
   8.3437860e+06   3.3264160e+01
   8.3439180e+06   4.6020508e+01
   8.3439410e+06   3.1860352e+01
   8.3441650e+06   3.7353516e+01
   8.3454830e+06   3.1799316e+01
   8.4992890e+06   3.3081055e+01
   8.4993510e+06   5.5053711e+01
   8.4994550e+06   3.3996582e+01
   8.4996450e+06   4.9560547e+01
   8.4996660e+06   3.8085938e+01
   8.4996810e+06   3.3813477e+01
   8.4997320e+06   3.2104492e+01
   8.4997740e+06   3.7536621e+01
   8.5009070e+06   3.3630371e+01
   8.5010140e+06   3.2104492e+01
   8.5011490e+06   4.6997070e+01
   8.5012970e+06   3.5766602e+01
   8.5013750e+06   3.8391113e+01
   8.5014640e+06   3.1860352e+01
   8.5016390e+06   5.1696777e+01
   8.5017110e+06   3.5766602e+01
   8.5019070e+06   4.7668457e+01
   8.5019640e+06   3.2287598e+01
   8.5021830e+06   4.4921875e+01
   8.5026710e+06   3.2531738e+01
   8.5313100e+06   4.4128418e+01
   8.5313620e+06   5.8837891e+01
   8.5313770e+06   4.8034668e+01
   8.5314150e+06   4.0832520e+01
   8.5314420e+06   4.3090820e+01
   8.5314910e+06   4.5593262e+01
   8.5315300e+06   4.1076660e+01
   8.5326480e+06   3.2226563e+01
   8.5329650e+06   3.4362793e+01
   8.5329840e+06   3.3142090e+01
   8.5331840e+06   3.3935547e+01
   8.5332440e+06   4.5471191e+01
   8.5334990e+06   4.4555664e+01
   8.5338920e+06   5.6457520e+01
   8.5478220e+06   3.6132813e+01
   8.5483840e+06   4.4067383e+01
   8.5485110e+06   5.1208496e+01
   8.5485470e+06   4.7607422e+01
   8.5485790e+06   3.2836914e+01
   8.5486160e+06   5.1208496e+01
   8.5486400e+06   4.0283203e+01
   8.5487090e+06   4.4494629e+01
   8.5488380e+06   3.8024902e+01
   8.5488760e+06   4.0710449e+01
   8.5490010e+06   3.4973145e+01
   8.5490960e+06   3.4484863e+01
   8.5500630e+06   3.4118652e+01
   8.5503200e+06   5.3710938e+01
   8.5503560e+06   3.3020020e+01
   8.5503930e+06   3.3935547e+01
   8.5505650e+06   3.5522461e+01
   8.5733190e+06   5.3649902e+01
   8.5733450e+06   3.3081055e+01
   8.5733810e+06   5.2124023e+01
   8.5733910e+06   5.9936523e+01
   8.5734460e+06   4.0954590e+01
   8.5734890e+06   3.2043457e+01
   8.5735100e+06   3.3386230e+01
   8.5735600e+06   4.4982910e+01
   8.5736620e+06   3.2043457e+01
   8.5744080e+06   3.1799316e+01
   8.5746470e+06   3.4240723e+01
   8.5746570e+06   3.3569336e+01
   8.5747750e+06   3.3081055e+01
   8.5749370e+06   3.3569336e+01
   8.5749960e+06   3.1616211e+01
   8.5751850e+06   3.8146973e+01
   8.5752880e+06   3.1860352e+01
   8.5755000e+06   4.5593262e+01
   8.6038380e+06   4.2236328e+01
   8.6044130e+06   3.6499023e+01
   8.6044530e+06   4.4067383e+01
   8.6046140e+06   3.1616211e+01
   8.6046260e+06   4.4250488e+01
   8.6046800e+06   4.7241211e+01
   8.6047660e+06   4.7180176e+01
   8.6048300e+06   4.2968750e+01
   8.6049300e+06   3.1616211e+01
   8.6049590e+06   3.2470703e+01
   8.6050650e+06   3.1494141e+01
   8.6062960e+06   3.6071777e+01
   8.6065520e+06   3.6315918e+01
   8.6068460e+06   5.0659180e+01
   8.6071590e+06   4.4555664e+01
   8.6572030e+06   9.6984863e+01
   8.6572480e+06   4.9682617e+01
   8.6572670e+06   3.4790039e+01
   8.6572910e+06   4.9987793e+01
   8.6573230e+06   4.3212891e+01
   8.6574100e+06   3.1982422e+01
   8.6575560e+06   3.4118652e+01
   8.6581930e+06   3.6071777e+01
   8.6584680e+06   3.1555176e+01
   8.6586370e+06   3.2226563e+01
   8.6587350e+06   3.6254883e+01
   8.6588050e+06   4.6264648e+01
   8.6595430e+06   3.3569336e+01
   8.7103390e+06   4.4250488e+01
   8.7105300e+06   4.4494629e+01
   8.7136220e+06   4.0832520e+01
   9.0750150e+06   5.2185059e+01
   9.0750450e+06   5.3527832e+01
   9.0750590e+06   4.2419434e+01
   9.0750720e+06   3.2043457e+01
   9.0751450e+06   4.6752930e+01
   9.0751680e+06   4.4860840e+01
   9.0752330e+06   3.6071777e+01
   9.0753320e+06   3.3569336e+01
   9.0763150e+06   3.2592773e+01
   9.0765240e+06   3.4240723e+01
   9.0765570e+06   3.1616211e+01
   9.0765880e+06   3.2958984e+01
   9.0766420e+06   3.2836914e+01
   9.0767810e+06   4.3334961e+01
   9.0768430e+06   3.4545898e+01
   9.0769500e+06   3.6010742e+01
   9.0769920e+06   4.7119141e+01
   9.0770450e+06   3.1738281e+01
   9.0772350e+06   5.6030273e+01
   9.0775330e+06   3.4362793e+01
   9.0782530e+06   3.5827637e+01
   9.0785630e+06   5.6762695e+01
   9.5837580e+06   3.5339355e+01
   9.5838370e+06   4.0954590e+01
   9.5839200e+06   3.1921387e+01
   9.5840150e+06   3.9184570e+01
   9.5840300e+06   5.0903320e+01
   9.5840780e+06   4.9804688e+01
   9.5841330e+06   4.3518066e+01
   9.5841920e+06   3.4545898e+01
   9.5853940e+06   3.5034180e+01
   9.5856280e+06   4.1320801e+01
   9.5858620e+06   4.2541504e+01
   9.5861280e+06   4.0771484e+01
   9.5864070e+06   4.0771484e+01
   9.5864900e+06   3.6987305e+01
   9.5866310e+06   4.2175293e+01
   9.5869100e+06   4.4616699e+01
   9.5872000e+06   5.0048828e+01
   9.5873300e+06   3.7963867e+01
   9.9241530e+06   3.2287598e+01
   9.9242560e+06   6.0729980e+01
   9.9242900e+06   3.9550781e+01
   9.9243260e+06   7.3303223e+01
   9.9243450e+06   3.1738281e+01
   9.9243990e+06   3.9916992e+01
   9.9244810e+06   3.3691406e+01
   9.9256690e+06   3.1677246e+01
   9.9258320e+06   3.4179688e+01
   9.9260830e+06   3.8696289e+01
   9.9262740e+06   3.4057617e+01
   9.9263070e+06   3.7963867e+01
   9.9265060e+06   4.3334961e+01
   9.9265340e+06   3.2165527e+01
   9.9267490e+06   4.3518066e+01
   9.9270020e+06   3.6865234e+01
   9.9272810e+06   3.9245605e+01
   9.9274960e+06   3.2897949e+01
   9.9275660e+06   3.7475586e+01
   9.9279120e+06   3.5583496e+01
   9.9686930e+06   3.6376953e+01
   9.9687100e+06   7.6904297e+01
   9.9687510e+06   4.7119141e+01
   9.9687840e+06   6.7382813e+01
   9.9687960e+06   4.2602539e+01
   9.9688450e+06   4.8095703e+01
   9.9689120e+06   4.2297363e+01
   9.9689550e+06   3.5949707e+01
   9.9690520e+06   3.5339355e+01
   9.9702540e+06   3.2653809e+01
   9.9704000e+06   3.2897949e+01
   9.9708550e+06   3.4179688e+01
   9.9711090e+06   3.9306641e+01
   9.9712570e+06   3.2409668e+01
   9.9714230e+06   4.6142578e+01
   9.9717850e+06   3.7109375e+01
   9.9898610e+06   3.7658691e+01
   9.9980630e+06   4.7363281e+01
   9.9981110e+06   5.4321289e+01
   9.9981570e+06   5.1147461e+01
   9.9981860e+06   3.4790039e+01
   9.9981980e+06   5.2734375e+01
   9.9982690e+06   5.5908203e+01
   9.9983470e+06   3.4362793e+01
   9.9983800e+06   3.1677246e+01
   9.9984180e+06   3.7902832e+01
   9.9995510e+06   4.8339844e+01
   9.9998210e+06   3.7292480e+01
   1.0000089e+07   3.9550781e+01
   1.0037441e+07   4.4433594e+01
   1.0037647e+07   5.4321289e+01
   1.0037659e+07   6.6955566e+01
   1.0037708e+07   3.2531738e+01
   1.0037742e+07   3.2531738e+01
   1.0037771e+07   5.3527832e+01
   1.0037798e+07   4.8583984e+01
   1.0037869e+07   4.4982910e+01
   1.0039177e+07   5.2673340e+01
   1.0039392e+07   3.5644531e+01
   1.0039444e+07   3.3752441e+01
   1.0039709e+07   3.4484863e+01
   1.0040042e+07   3.5766602e+01
   1.0040139e+07   3.6010742e+01
   1.0078481e+07   3.6010742e+01
   1.0078529e+07   5.1513672e+01
   1.0078565e+07   6.6467285e+01
   1.0078587e+07   3.9123535e+01
   1.0078642e+07   3.5888672e+01
   1.0078672e+07   3.9672852e+01
   1.0078710e+07   4.3029785e+01
   1.0078748e+07   4.1259766e+01
   1.0079700e+07   3.1738281e+01
   1.0079728e+07   3.1555176e+01
   1.0079995e+07   3.2653809e+01
   1.0080251e+07   4.7546387e+01
   1.0080569e+07   3.6193848e+01
   1.0080782e+07   3.2531738e+01
   1.0080838e+07   4.3823242e+01
   1.0081119e+07   4.3762207e+01
   1.0137108e+07   5.2612305e+01
   1.0137153e+07   4.2358398e+01
   1.0137165e+07   5.5114746e+01
   1.0137222e+07   5.8776855e+01
   1.0137250e+07   4.4189453e+01
   1.0137303e+07   4.6081543e+01
   1.0137341e+07   3.9916992e+01
   1.0137367e+07   4.1381836e+01
   1.0137433e+07   4.1625977e+01
   1.0137509e+07   3.5888672e+01
   1.0138127e+07   3.2958984e+01
   1.0138623e+07   3.7353516e+01
   1.0138838e+07   3.1982422e+01
   1.0138891e+07   4.2724609e+01
   1.0139108e+07   3.5949707e+01
   1.0139159e+07   4.5532227e+01
   1.0139482e+07   4.4311523e+01
   1.0139518e+07   3.1982422e+01
   1.0139829e+07   3.9367676e+01
   1.0859417e+07   4.9316406e+01
   1.0859516e+07   4.4677734e+01
   1.0859591e+07   4.1259766e+01
   1.0859619e+07   6.2805176e+01
   1.0859652e+07   3.3935547e+01
   1.0859674e+07   3.8635254e+01
   1.0859708e+07   3.6315918e+01
   1.0859743e+07   4.4189453e+01
   1.0859868e+07   3.3569336e+01
   1.0861076e+07   3.2409668e+01
   1.0861339e+07   3.7719727e+01
   1.0861430e+07   3.8940430e+01
   1.0861660e+07   3.8574219e+01
   1.0861908e+07   3.6254883e+01
   1.0862173e+07   3.6071777e+01
   1.0862362e+07   3.2409668e+01
   1.1217358e+07   4.6875000e+01
   1.1217466e+07   4.1320801e+01
   1.1217950e+07   4.4616699e+01
   1.1217971e+07   4.2053223e+01
   1.1218017e+07   5.1208496e+01
   1.1218088e+07   4.4250488e+01
   1.1218117e+07   3.5644531e+01
   1.1218144e+07   3.6621094e+01
   1.1219365e+07   4.9560547e+01
   1.1219595e+07   4.4799805e+01
   1.1219648e+07   3.3447266e+01
   1.1219836e+07   4.8828125e+01
   1.1220077e+07   5.4443359e+01
   1.1220411e+07   3.3508301e+01
   1.1220726e+07   3.8330078e+01
   1.1275115e+07   4.1198730e+01
   1.1275130e+07   5.3161621e+01
   1.1275174e+07   3.9672852e+01
   1.1275200e+07   4.1748047e+01
   1.1275228e+07   4.0100098e+01
   1.1275241e+07   4.6691895e+01
   1.1275273e+07   3.3569336e+01
   1.1275310e+07   3.3020020e+01
   1.1275370e+07   3.2958984e+01
   1.1275385e+07   3.6499023e+01
   1.1275449e+07   3.5156250e+01
   1.1276781e+07   3.1860352e+01
   1.1276938e+07   3.5827637e+01
   1.1277407e+07   3.2592773e+01
   1.1277713e+07   3.4729004e+01
   1.1278035e+07   4.0161133e+01
   1.1278195e+07   3.5522461e+01
   1.1278350e+07   4.8400879e+01
   1.1641043e+07   4.9621582e+01
   1.1641186e+07   3.4973145e+01
   1.1641726e+07   4.2358398e+01
   1.1641745e+07   3.9733887e+01
   1.1641802e+07   4.5898438e+01
   1.1641819e+07   4.2297363e+01
   1.1641908e+07   3.8146973e+01
   1.1643635e+07   3.6621094e+01
   1.1643842e+07   3.2409668e+01
   1.1643884e+07   4.1931152e+01
   1.1644130e+07   3.8940430e+01
   1.1644766e+07   3.2226563e+01
   1.1645326e+07   3.3264160e+01
   1.1967885e+07   5.0964355e+01
   1.1969404e+07   4.1809082e+01
   1.1969689e+07   4.7729492e+01
   1.1969738e+07   4.6081543e+01
   1.1969794e+07   3.5766602e+01
   1.1969814e+07   3.5461426e+01
   1.1969824e+07   4.4860840e+01
   1.1969958e+07   3.4790039e+01
   1.1970008e+07   3.6499023e+01
   1.1971207e+07   3.1738281e+01
   1.1971447e+07   3.6376953e+01
   1.1971629e+07   3.3081055e+01
   1.1971656e+07   3.6682129e+01
   1.1971896e+07   3.7292480e+01
   1.1972119e+07   3.4423828e+01
   1.1972408e+07   4.4250488e+01
   1.1972678e+07   4.4738770e+01
   1.1972959e+07   3.4973145e+01
   1.1973274e+07   4.3701172e+01
