   1.1999000e+07   0.0000000e+00
   6.6100000e+03   4.7729492e+01
   6.7160000e+03   4.5532227e+01
   6.7340000e+03   4.8889160e+01
   7.0000000e+03   3.9978027e+01
   7.0870000e+03   4.1687012e+01
   2.1667000e+04   5.9875488e+01
   2.1696000e+04   4.1809082e+01
   2.1775000e+04   5.2856445e+01
   2.1823000e+04   4.1137695e+01
   2.1978000e+04   4.0527344e+01
   2.2044000e+04   4.0588379e+01
   2.2311000e+04   4.0100098e+01
   3.9365000e+04   4.2419434e+01
   3.9383000e+04   4.3945313e+01
   3.9719000e+04   4.0039063e+01
   3.9838000e+04   4.6936035e+01
   5.3998000e+04   4.8950195e+01
   5.4029000e+04   3.9489746e+01
   5.4058000e+04   4.0649414e+01
   5.4126000e+04   4.1870117e+01
   5.4438000e+04   4.0832520e+01
   6.7427000e+04   4.1992188e+01
   6.7810000e+04   4.8828125e+01
   6.7861000e+04   4.8034668e+01
   6.7903000e+04   5.3100586e+01
   6.8098000e+04   4.2663574e+01
   8.3371000e+04   5.4260254e+01
   8.3459000e+04   4.9743652e+01
   8.3512000e+04   4.3151855e+01
   8.3577000e+04   3.9489746e+01
   8.3671000e+04   4.3762207e+01
   8.3785000e+04   3.9367676e+01
   8.4168000e+04   4.2480469e+01
   1.0117000e+05   4.0222168e+01
   1.0124100e+05   4.9743652e+01
   1.0130700e+05   4.1259766e+01
   1.0134500e+05   4.6936035e+01
   1.0137200e+05   4.5349121e+01
   1.0139600e+05   5.3222656e+01
   1.0141700e+05   4.1992188e+01
   1.0148000e+05   4.3640137e+01
   1.0152100e+05   5.2429199e+01
   1.0157100e+05   4.7241211e+01
   1.0164500e+05   4.1442871e+01
   1.0173300e+05   4.3945313e+01
   1.2007300e+05   4.9255371e+01
   1.2009200e+05   4.9621582e+01
   1.2029000e+05   3.9184570e+01
   1.2043100e+05   4.5532227e+01
   1.2049000e+05   4.2785645e+01
   5.1007700e+05   4.1564941e+01
   5.1010600e+05   4.3212891e+01
   5.1011900e+05   5.7373047e+01
   5.1014700e+05   4.2053223e+01
   5.1017900e+05   3.9184570e+01
   5.1019600e+05   4.2480469e+01
   5.1023000e+05   4.9377441e+01
   5.1027300e+05   5.8166504e+01
   5.1030000e+05   3.9245605e+01
   5.1205300e+05   4.6813965e+01
   5.1211200e+05   4.6447754e+01
   5.1249000e+05   3.9794922e+01
   6.8363800e+05   3.9489746e+01
   6.8366400e+05   4.6020508e+01
   6.8369500e+05   5.2978516e+01
   6.8385000e+05   4.7546387e+01
   6.8388100e+05   4.1564941e+01
   6.8394700e+05   3.9245605e+01
   6.8578000e+05   3.9611816e+01
   8.3280300e+05   6.4331055e+01
   8.3284200e+05   4.6264648e+01
   8.3286000e+05   6.2011719e+01
   8.3288800e+05   5.0048828e+01
   8.3291900e+05   3.9123535e+01
   8.3295400e+05   5.9020996e+01
   8.3298500e+05   3.9184570e+01
   8.3314600e+05   4.7973633e+01
   9.8772600e+05   3.9367676e+01
   9.8774700e+05   6.6101074e+01
   9.8777800e+05   4.0954590e+01
   9.8780600e+05   3.9978027e+01
   9.8782900e+05   4.2785645e+01
   9.8789900e+05   3.9306641e+01
   9.8791000e+05   5.0598145e+01
   9.8798100e+05   4.4921875e+01
   9.9391600e+05   3.9184570e+01
   1.2693030e+06   5.3100586e+01
   1.2693240e+06   3.9855957e+01
   1.2693720e+06   4.2114258e+01
   1.2694110e+06   5.2001953e+01
   1.2694340e+06   4.1076660e+01
   1.2694630e+06   5.0598145e+01
   1.2694990e+06   4.2053223e+01
   1.2695740e+06   4.0893555e+01
   1.2696160e+06   4.5227051e+01
   1.2696480e+06   4.2053223e+01
   1.3689710e+06   4.6020508e+01
   1.3690020e+06   3.9306641e+01
   1.3690140e+06   5.0292969e+01
   1.3690390e+06   6.1889648e+01
   1.3690540e+06   4.7119141e+01
   1.3691080e+06   4.6325684e+01
   1.3691690e+06   5.1330566e+01
   1.3692090e+06   4.1198730e+01
   1.3692700e+06   4.9560547e+01
   1.3708740e+06   4.1320801e+01
   1.3929990e+06   4.5043945e+01
   1.3930140e+06   4.3151855e+01
   1.3930430e+06   5.4687500e+01
   1.3930840e+06   5.0537109e+01
   1.3931750e+06   4.4860840e+01
   1.3932120e+06   5.3588867e+01
   1.3932310e+06   5.2490234e+01
   1.3933060e+06   3.9428711e+01
   1.3984350e+06   3.9611816e+01
   1.4033530e+06   4.0161133e+01
   1.4068090e+06   3.9489746e+01
   1.4069130e+06   5.2795410e+01
   1.4070260e+06   3.9367676e+01
   1.4070370e+06   4.9987793e+01
   1.4071300e+06   4.4799805e+01
   1.4072620e+06   5.0720215e+01
   1.4073740e+06   3.9611816e+01
   1.4076210e+06   4.0039063e+01
   1.4296660e+06   5.3833008e+01
   1.4297070e+06   3.9733887e+01
   1.4297410e+06   7.2814941e+01
   1.4298180e+06   4.3762207e+01
   1.4298520e+06   5.2124023e+01
   1.4299310e+06   4.3273926e+01
   1.4299850e+06   4.2907715e+01
   1.4300740e+06   4.2114258e+01
   1.4303050e+06   3.9123535e+01
   1.4411520e+06   4.0344238e+01
   1.4411670e+06   5.1696777e+01
   1.4411890e+06   4.7241211e+01
   1.4414090e+06   4.5959473e+01
   1.4414730e+06   4.7485352e+01
   1.4415730e+06   3.9184570e+01
   1.4590520e+06   5.3161621e+01
   1.4590950e+06   4.7912598e+01
   1.4591360e+06   5.2917480e+01
   1.4591850e+06   4.1564941e+01
   1.4592070e+06   4.7485352e+01
   1.4592430e+06   4.3762207e+01
   1.4593220e+06   3.9550781e+01
   1.4593920e+06   4.4494629e+01
   1.4595010e+06   4.0100098e+01
   1.4704140e+06   3.9794922e+01
   1.4704500e+06   4.1259766e+01
   1.4705430e+06   4.5471191e+01
   1.4706900e+06   4.0527344e+01
   1.4709160e+06   5.5053711e+01
   1.4709340e+06   4.6264648e+01
   1.4890570e+06   3.9123535e+01
   1.4891780e+06   5.6579590e+01
   1.4892210e+06   5.5053711e+01
   1.4892480e+06   4.2663574e+01
   1.4892680e+06   7.3242188e+01
   1.4892840e+06   4.6020508e+01
   1.4893880e+06   5.0598145e+01
   1.4894110e+06   3.9916992e+01
   1.4894810e+06   4.0527344e+01
   1.4895830e+06   4.2602539e+01
   1.4998330e+06   4.2114258e+01
   1.5000310e+06   4.6691895e+01
   1.5003620e+06   3.9123535e+01
   1.5006420e+06   4.2907715e+01
   1.5006860e+06   4.8828125e+01
   1.5106520e+06   4.2114258e+01
   1.5107660e+06   4.5166016e+01
   1.5109840e+06   3.9733887e+01
   1.5220030e+06   3.9428711e+01
   1.5221870e+06   4.5471191e+01
   1.5222550e+06   4.1748047e+01
   1.5223570e+06   4.4860840e+01
   1.5332030e+06   4.6752930e+01
   1.5335310e+06   4.6875000e+01
   1.5335900e+06   4.5349121e+01
   1.5336720e+06   4.4921875e+01
   1.5338970e+06   4.2785645e+01
   1.5474120e+06   4.2968750e+01
   1.5474950e+06   3.9916992e+01
   1.5475990e+06   4.4860840e+01
   1.5477440e+06   4.0649414e+01
   1.5478060e+06   4.9377441e+01
   1.5478550e+06   4.5471191e+01
   1.5629320e+06   4.0222168e+01
   1.5630680e+06   4.1503906e+01
   1.5631030e+06   4.3212891e+01
   1.5632140e+06   4.2236328e+01
   1.5632760e+06   4.3273926e+01
   1.5633090e+06   4.4006348e+01
   1.5633900e+06   4.2846680e+01
   1.5636970e+06   4.0344238e+01
   1.5753280e+06   5.5175781e+01
   1.5755290e+06   4.1564941e+01
   1.5755550e+06   4.0222168e+01
   1.5759050e+06   5.6091309e+01
   1.5888570e+06   4.8950195e+01
   1.5889460e+06   4.7546387e+01
   1.5889640e+06   3.9611816e+01
   1.5890470e+06   3.9367676e+01
   1.5891230e+06   4.5654297e+01
   1.5894240e+06   4.0893555e+01
   1.6085180e+06   4.7424316e+01
   1.6086150e+06   5.1330566e+01
   1.6086300e+06   4.1381836e+01
   1.6087390e+06   4.7607422e+01
   1.6087640e+06   4.0893555e+01
   1.6088010e+06   4.0100098e+01
   1.6089030e+06   4.1198730e+01
   1.6089140e+06   3.9855957e+01
   1.6327270e+06   4.5532227e+01
   1.6327400e+06   4.5898438e+01
   1.6327550e+06   5.8593750e+01
   1.6328220e+06   4.6630859e+01
   1.6328560e+06   3.9733887e+01
   1.6329740e+06   4.1442871e+01
   1.6336250e+06   4.2541504e+01
   1.6572700e+06   4.1748047e+01
   1.6573040e+06   4.0344238e+01
   1.6573760e+06   5.5786133e+01
   1.6574300e+06   4.8095703e+01
   1.6575470e+06   5.5847168e+01
   1.6577380e+06   3.9794922e+01
   1.6783840e+06   4.4799805e+01
   1.6784160e+06   3.9306641e+01
   1.6784550e+06   3.9306641e+01
   1.6784810e+06   5.9509277e+01
   1.6785310e+06   3.9794922e+01
   1.6786130e+06   4.0893555e+01
   1.6787820e+06   3.9306641e+01
   1.6791410e+06   4.1015625e+01
   1.7138500e+06   4.9011230e+01
   1.7138970e+06   4.7973633e+01
   1.7139510e+06   4.6142578e+01
   1.7139880e+06   5.1147461e+01
   1.7140540e+06   4.3029785e+01
   1.7140840e+06   5.1147461e+01
   1.7141210e+06   4.4799805e+01
   1.7599250e+06   4.7790527e+01
   1.7599440e+06   4.6569824e+01
   1.7600240e+06   4.5959473e+01
   1.7600670e+06   4.8828125e+01
   1.7601060e+06   4.0649414e+01
   1.7601220e+06   4.6447754e+01
   1.7601680e+06   4.3701172e+01
   1.7602590e+06   4.0283203e+01
   1.7603630e+06   4.2175293e+01
   1.7620860e+06   4.2724609e+01
   2.1072730e+06   5.0476074e+01
   2.1072870e+06   4.7302246e+01
   2.1073290e+06   4.2175293e+01
   2.1073560e+06   4.1809082e+01
   2.1073780e+06   4.7363281e+01
   2.1074110e+06   4.0039063e+01
   2.1074640e+06   5.5725098e+01
   2.1074860e+06   4.0893555e+01
   2.1076160e+06   4.1687012e+01
   2.1077080e+06   3.9123535e+01
   2.1089230e+06   4.0893555e+01
   2.1100320e+06   4.0222168e+01
   2.1101560e+06   4.2053223e+01
   2.2761320e+06   4.5593262e+01
   2.2761570e+06   4.1320801e+01
   2.2761900e+06   3.9245605e+01
   2.2762090e+06   6.5490723e+01
   2.2762400e+06   3.9672852e+01
   2.2763320e+06   4.4677734e+01
   2.2764330e+06   4.0954590e+01
   2.2767130e+06   4.2480469e+01
   2.2991690e+06   6.0424805e+01
   2.2991950e+06   4.2114258e+01
   2.2992150e+06   5.2856445e+01
   2.2992650e+06   5.1635742e+01
   2.2992800e+06   4.7607422e+01
   2.2994620e+06   3.9428711e+01
   2.2994990e+06   4.6325684e+01
   2.2995800e+06   4.4433594e+01
   2.2997630e+06   4.1076660e+01
   2.3056120e+06   4.2785645e+01
   2.5371590e+06   4.5898438e+01
   2.5371970e+06   6.0424805e+01
   2.5372190e+06   5.2490234e+01
   2.5372460e+06   5.5236816e+01
   2.5372900e+06   3.9916992e+01
   2.5373290e+06   4.0100098e+01
   2.5373490e+06   3.9611816e+01
   2.5374000e+06   4.5837402e+01
   2.6794920e+06   6.0668945e+01
   2.6795210e+06   5.2429199e+01
   2.6795430e+06   5.3466797e+01
   2.6796360e+06   3.9855957e+01
   2.6796680e+06   4.4067383e+01
   2.6797940e+06   4.1748047e+01
   2.6800410e+06   4.2846680e+01
   2.6808970e+06   4.0893555e+01
   2.6811200e+06   4.0222168e+01
   2.6813010e+06   4.0649414e+01
   2.8664790e+06   4.6081543e+01
   2.8664970e+06   4.8156738e+01
   2.8665260e+06   4.6386719e+01
   2.8665460e+06   4.7302246e+01
   2.8665610e+06   4.9560547e+01
   2.8665710e+06   4.3334961e+01
   2.8666420e+06   4.7790527e+01
   2.8667220e+06   4.3518066e+01
   2.8678360e+06   4.4128418e+01
   2.8681510e+06   4.3823242e+01
   2.8683460e+06   4.6508789e+01
   3.0757470e+06   6.0668945e+01
   3.0757900e+06   5.4504395e+01
   3.0758170e+06   4.2724609e+01
   3.0758800e+06   3.9184570e+01
   3.0758990e+06   4.2297363e+01
   3.0768310e+06   4.1015625e+01
   3.0772350e+06   4.0466309e+01
   3.2448070e+06   4.3701172e+01
   3.2448380e+06   4.6508789e+01
   3.2448590e+06   6.1401367e+01
   3.2448930e+06   4.2663574e+01
   3.2449080e+06   4.0649414e+01
   3.2449540e+06   4.6142578e+01
   3.2449650e+06   4.5532227e+01
   3.2451900e+06   4.0405273e+01
   3.3635510e+06   4.2541504e+01
   3.3635620e+06   4.8583984e+01
   3.3635860e+06   4.3457031e+01
   3.3636210e+06   6.0485840e+01
   3.3636550e+06   3.9611816e+01
   3.3636820e+06   6.1889648e+01
   3.3637420e+06   6.4575195e+01
   3.3638890e+06   4.0893555e+01
   3.3653810e+06   4.0100098e+01
   3.3808140e+06   5.2978516e+01
   3.3808400e+06   4.4921875e+01
   3.3808820e+06   4.0649414e+01
   3.3809000e+06   5.6640625e+01
   3.3809690e+06   4.0405273e+01
   3.3810640e+06   4.2236328e+01
   3.3814040e+06   4.4677734e+01
   3.3948240e+06   4.0405273e+01
   3.3948530e+06   4.2053223e+01
   3.3948740e+06   4.7729492e+01
   3.3949130e+06   3.9123535e+01
   3.3949330e+06   4.0161133e+01
   3.3949640e+06   4.3151855e+01
   3.3951280e+06   4.6752930e+01
   3.3951550e+06   4.7058105e+01
   3.3952800e+06   3.9306641e+01
   3.3953120e+06   4.0588379e+01
   3.4001520e+06   3.9428711e+01
   3.4065910e+06   4.5532227e+01
   3.4066910e+06   4.4189453e+01
   3.4067310e+06   5.0537109e+01
   3.4067860e+06   4.1198730e+01
   3.4068880e+06   4.1503906e+01
   3.4070240e+06   4.3457031e+01
   3.4074350e+06   4.1137695e+01
   3.4185300e+06   4.0527344e+01
   3.4185520e+06   4.5593262e+01
   3.4186060e+06   4.8645020e+01
   3.4186950e+06   4.1564941e+01
   3.4188040e+06   3.9794922e+01
   3.4189700e+06   4.3395996e+01
   3.4191160e+06   4.0527344e+01
   3.4302620e+06   4.0222168e+01
   3.4302970e+06   4.4494629e+01
   3.4303680e+06   4.4799805e+01
   3.4304270e+06   4.2785645e+01
   3.4304490e+06   4.2785645e+01
   3.4312150e+06   4.1564941e+01
   3.4436420e+06   4.4250488e+01
   3.4437060e+06   4.6997070e+01
   3.4437320e+06   4.3762207e+01
   3.4437810e+06   4.6569824e+01
   3.4437990e+06   4.7058105e+01
   3.4440170e+06   4.1076660e+01
   3.4549910e+06   4.2663574e+01
   3.4555520e+06   4.2846680e+01
   3.4661130e+06   4.1564941e+01
   3.4663550e+06   4.3334961e+01
   3.4664370e+06   4.4311523e+01
   3.4665130e+06   5.0537109e+01
   3.4667090e+06   4.3945313e+01
   3.4670100e+06   4.2358398e+01
   3.4818010e+06   4.4799805e+01
   3.4819370e+06   4.7241211e+01
   3.4820460e+06   4.1381836e+01
   3.4820690e+06   4.1870117e+01
   3.4945070e+06   4.4677734e+01
   3.4945530e+06   5.1208496e+01
   3.4949550e+06   3.9855957e+01
   3.4950580e+06   3.9184570e+01
   3.5074140e+06   4.6508789e+01
   3.5194210e+06   4.3090820e+01
   3.5196510e+06   3.9733887e+01
   3.5196980e+06   4.2480469e+01
   3.5200190e+06   4.7485352e+01
   3.5329350e+06   4.2419434e+01
   3.5330360e+06   4.4738770e+01
   3.5332330e+06   4.5227051e+01
   3.5333710e+06   4.0832520e+01
   3.5334080e+06   5.0170898e+01
   3.5337180e+06   4.1931152e+01
   3.5556340e+06   4.0466309e+01
   3.5556530e+06   4.9438477e+01
   3.5558090e+06   4.3212891e+01
   3.5558590e+06   4.6386719e+01
   3.5558910e+06   4.2602539e+01
   3.5592050e+06   3.9794922e+01
   4.0300490e+06   4.9560547e+01
   4.0300670e+06   4.2236328e+01
   4.0301180e+06   3.9611816e+01
   4.0301780e+06   4.1198730e+01
   4.0302040e+06   5.0354004e+01
   4.0302400e+06   4.2480469e+01
   4.0316930e+06   4.1137695e+01
   4.0387930e+06   4.4128418e+01
   4.2379810e+06   3.9184570e+01
   4.2380060e+06   4.7790527e+01
   4.2380350e+06   4.2480469e+01
   4.2380670e+06   7.1289063e+01
   4.2381080e+06   5.1330566e+01
   4.2381610e+06   5.0354004e+01
   4.4621550e+06   3.9489746e+01
   4.4622140e+06   4.4006348e+01
   4.4622310e+06   6.5551758e+01
   4.4622620e+06   4.3640137e+01
   4.4622730e+06   4.2114258e+01
   4.4623440e+06   4.7546387e+01
   4.6344070e+06   4.0344238e+01
   4.6344260e+06   4.6569824e+01
   4.6344460e+06   5.2551270e+01
   4.6344800e+06   5.3405762e+01
   4.6344990e+06   4.4677734e+01
   4.6345120e+06   4.1076660e+01
   4.6345280e+06   4.5776367e+01
   4.6345590e+06   4.1015625e+01
   4.6346090e+06   4.3273926e+01
   4.6346460e+06   4.3212891e+01
   4.6346560e+06   4.4067383e+01
   4.6429620e+06   4.0588379e+01
   4.8380360e+06   5.0170898e+01
   4.8380760e+06   4.8339844e+01
   4.8381030e+06   6.2011719e+01
   4.8381530e+06   4.2663574e+01
   4.8381750e+06   3.9672852e+01
   4.8382560e+06   4.0710449e+01
   4.8391880e+06   4.0588379e+01
   4.8522530e+06   5.8410645e+01
   4.8524090e+06   5.2551270e+01
   4.8524260e+06   4.4860840e+01
   4.8524480e+06   4.3334961e+01
   4.8524780e+06   4.0832520e+01
   4.8525320e+06   4.1320801e+01
   4.8526160e+06   4.1564941e+01
   4.8526750e+06   4.1015625e+01
   4.8656720e+06   3.9978027e+01
   4.8658310e+06   4.6569824e+01
   4.8658790e+06   4.8583984e+01
   4.8659200e+06   4.2724609e+01
   4.8661100e+06   4.0710449e+01
   4.8665850e+06   3.9855957e+01
   4.8787790e+06   5.2062988e+01
   4.8788130e+06   4.4616699e+01
   4.8788360e+06   4.2236328e+01
   4.8789200e+06   3.9123535e+01
   4.8789700e+06   4.7302246e+01
   4.8790500e+06   3.9123535e+01
   4.8790830e+06   4.2236328e+01
   4.9023720e+06   5.0598145e+01
   4.9024080e+06   4.8278809e+01
   4.9024720e+06   4.3273926e+01
   4.9025490e+06   4.1687012e+01
   4.9026520e+06   4.8034668e+01
   4.9219430e+06   4.1137695e+01
   4.9221010e+06   4.1015625e+01
   4.9221420e+06   4.0222168e+01
   4.9223830e+06   4.1137695e+01
   4.9372450e+06   4.4921875e+01
   4.9373680e+06   4.0161133e+01
   4.9374460e+06   4.5593262e+01
   4.9375220e+06   5.2795410e+01
   4.9376010e+06   4.3090820e+01
   4.9376620e+06   4.1748047e+01
   4.9379060e+06   3.9123535e+01
   4.9499390e+06   4.6081543e+01
   4.9500360e+06   3.9550781e+01
   4.9501080e+06   3.9794922e+01
   4.9505460e+06   4.2114258e+01
   4.9506380e+06   3.9367676e+01
   4.9676470e+06   5.2612305e+01
   4.9676710e+06   4.6264648e+01
   4.9677590e+06   4.5898438e+01
   4.9678480e+06   4.2175293e+01
   4.9679510e+06   4.6752930e+01
   4.9809030e+06   4.5776367e+01
   4.9813150e+06   4.0954590e+01
   4.9819830e+06   4.0161133e+01
   4.9933260e+06   4.1564941e+01
   4.9933800e+06   4.1076660e+01
   4.9935970e+06   4.3518066e+01
   4.9937120e+06   4.0039063e+01
   4.9939400e+06   4.1198730e+01
   5.0079430e+06   4.2175293e+01
   5.0080790e+06   4.2907715e+01
   5.0082160e+06   4.1564941e+01
   5.0083560e+06   4.1809082e+01
   5.0084170e+06   4.1748047e+01
   5.0212190e+06   4.2419434e+01
   5.0212510e+06   3.9489746e+01
   5.0355140e+06   4.7180176e+01
   5.0358610e+06   4.8461914e+01
   5.0360350e+06   3.9428711e+01
   5.0360540e+06   4.0405273e+01
   5.0361900e+06   3.9184570e+01
   5.0491390e+06   4.8095703e+01
   5.0726480e+06   5.3771973e+01
   5.0726950e+06   4.0954590e+01
   5.0728480e+06   3.9855957e+01
   5.0728750e+06   4.4677734e+01
   5.5408670e+06   4.2419434e+01
   5.5408940e+06   4.2846680e+01
   5.5409160e+06   5.0842285e+01
   5.5409400e+06   4.7851563e+01
   5.5409540e+06   4.6508789e+01
   5.5409910e+06   4.7607422e+01
   5.5411100e+06   4.4555664e+01
   5.5411470e+06   4.2602539e+01
   5.5426050e+06   4.5715332e+01
   5.5432120e+06   3.9855957e+01
   5.5436090e+06   4.2236328e+01
   5.8317430e+06   7.0983887e+01
   5.8318270e+06   4.8156738e+01
   5.8318830e+06   4.0832520e+01
   5.8319120e+06   4.6813965e+01
   5.8319940e+06   4.3457031e+01
   5.8335480e+06   4.1564941e+01
   5.8498200e+06   4.6508789e+01
   5.8498460e+06   5.4870605e+01
   5.8499000e+06   4.4372559e+01
   5.8499640e+06   5.3527832e+01
   5.8500950e+06   4.2236328e+01
   5.8698980e+06   4.2480469e+01
   5.8699340e+06   4.1748047e+01
   5.8699520e+06   4.4372559e+01
   5.8699750e+06   4.2968750e+01
   5.8699850e+06   5.2612305e+01
   5.8700070e+06   4.8217773e+01
   5.8701050e+06   4.4616699e+01
   5.8702050e+06   4.0039063e+01
   5.8702550e+06   5.0170898e+01
   5.8952180e+06   4.4921875e+01
   5.8952470e+06   5.3344727e+01
   5.8952650e+06   4.0954590e+01
   5.8954140e+06   4.6875000e+01
   5.8954480e+06   4.5227051e+01
   5.8954760e+06   4.0161133e+01
   5.8955120e+06   4.4311523e+01
   5.8955510e+06   4.3212891e+01
   5.8956090e+06   3.9184570e+01
   5.9263480e+06   4.5959473e+01
   5.9263820e+06   4.4250488e+01
   5.9264090e+06   4.4860840e+01
   5.9264630e+06   4.0405273e+01
   5.9264920e+06   4.6386719e+01
   5.9265750e+06   4.0771484e+01
   5.9266470e+06   3.9367676e+01
   5.9439070e+06   5.0781250e+01
   5.9439950e+06   4.4311523e+01
   5.9440390e+06   3.9367676e+01
   5.9441470e+06   3.9672852e+01
   5.9442360e+06   4.4372559e+01
   5.9443000e+06   4.9682617e+01
   5.9443730e+06   4.1381836e+01
   5.9444420e+06   4.1809082e+01
   5.9445430e+06   3.9489746e+01
   5.9663290e+06   4.9377441e+01
   5.9663600e+06   4.9804688e+01
   5.9665070e+06   4.7973633e+01
   5.9665410e+06   3.9428711e+01
   5.9666440e+06   4.5349121e+01
   5.9667810e+06   4.6020508e+01
   5.9927460e+06   3.9489746e+01
   5.9928380e+06   3.9550781e+01
   5.9929200e+06   4.2236328e+01
   5.9929450e+06   4.9621582e+01
   5.9929650e+06   4.0588379e+01
   5.9931240e+06   4.1442871e+01
   5.9931870e+06   4.2968750e+01
   5.9932410e+06   4.0527344e+01
   6.0164340e+06   4.7912598e+01
   6.0165020e+06   4.5898438e+01
   6.0165470e+06   4.0954590e+01
   6.0166220e+06   3.9733887e+01
   6.0167540e+06   3.9550781e+01
   6.0169520e+06   3.9367676e+01
   6.0169870e+06   3.9794922e+01
   6.0170750e+06   4.0405273e+01
   6.5485710e+06   4.4372559e+01
   6.5486050e+06   4.0100098e+01
   6.5486500e+06   4.6142578e+01
   6.5487140e+06   3.9672852e+01
   6.5488600e+06   4.1198730e+01
   6.5488710e+06   3.9184570e+01
   6.5489700e+06   3.9245605e+01
   6.5493610e+06   4.1320801e+01
   6.5502970e+06   4.2663574e+01
   6.8383040e+06   5.1391602e+01
   6.8383210e+06   4.0283203e+01
   6.8383700e+06   4.0344238e+01
   6.8383890e+06   4.7790527e+01
   6.8384360e+06   4.0710449e+01
   6.8384940e+06   4.0954590e+01
   6.8385670e+06   4.7790527e+01
   6.8390650e+06   3.9794922e+01
   6.8404030e+06   4.1625977e+01
   6.8559910e+06   5.4687500e+01
   6.8560360e+06   4.4189453e+01
   6.8560530e+06   4.6142578e+01
   6.8560780e+06   4.8217773e+01
   6.8561140e+06   4.5104980e+01
   6.8561700e+06   4.8278809e+01
   6.8562200e+06   4.0893555e+01
   6.8732980e+06   4.2785645e+01
   6.8734190e+06   3.9489746e+01
   6.8734930e+06   4.3395996e+01
   6.8736060e+06   3.9733887e+01
   6.8736770e+06   4.8461914e+01
   6.8737120e+06   4.2236328e+01
   6.8740190e+06   4.3212891e+01
   6.8743260e+06   3.9733887e+01
   6.8937620e+06   4.3029785e+01
   6.8938610e+06   5.0659180e+01
   6.8939000e+06   4.6997070e+01
   6.8939580e+06   4.7912598e+01
   6.8940370e+06   4.2175293e+01
   6.8941010e+06   4.2724609e+01
   6.9138840e+06   4.8583984e+01
   6.9139330e+06   3.9489746e+01
   6.9139430e+06   4.8522949e+01
   6.9139710e+06   3.9428711e+01
   6.9297940e+06   4.2541504e+01
   6.9299190e+06   4.3029785e+01
   6.9300090e+06   4.8034668e+01
   6.9302160e+06   4.1259766e+01
   6.9302840e+06   4.1625977e+01
   6.9503500e+06   4.2175293e+01
   6.9504370e+06   4.7607422e+01
   6.9505950e+06   4.6264648e+01
   6.9508050e+06   4.1809082e+01
   6.9681270e+06   4.0954590e+01
   6.9682800e+06   4.9194336e+01
   6.9683420e+06   5.3405762e+01
   6.9684920e+06   4.1748047e+01
   6.9685820e+06   4.0588379e+01
   6.9686820e+06   3.9672852e+01
   6.9853070e+06   4.2480469e+01
   6.9854210e+06   4.4921875e+01
   6.9854680e+06   4.4555664e+01
   6.9855480e+06   3.9550781e+01
   6.9856150e+06   5.2612305e+01
   6.9857170e+06   4.3640137e+01
   6.9860410e+06   4.7180176e+01
   7.0002050e+06   4.0344238e+01
   7.0003980e+06   4.2358398e+01
   7.0120440e+06   4.2785645e+01
   7.0121240e+06   4.5288086e+01
   7.0123560e+06   4.6691895e+01
   7.0127220e+06   4.5471191e+01
   7.0347950e+06   4.4860840e+01
   7.0348100e+06   4.6997070e+01
   7.0349220e+06   4.1076660e+01
   7.0349520e+06   3.9855957e+01
   7.0350460e+06   3.9611816e+01
   7.0352180e+06   4.3090820e+01
   7.0353390e+06   5.0231934e+01
   7.0523160e+06   4.4311523e+01
   7.0524410e+06   4.6813965e+01
   7.0525050e+06   4.4677734e+01
   7.0526550e+06   5.0781250e+01
   7.0528640e+06   4.0344238e+01
   7.0897710e+06   6.3476563e+01
   7.0898490e+06   4.4860840e+01
   7.0899030e+06   4.2053223e+01
   7.0901500e+06   4.2480469e+01
   7.6222580e+06   5.9020996e+01
   7.6222810e+06   4.9316406e+01
   7.6223100e+06   5.3405762e+01
   7.6223310e+06   4.9316406e+01
   7.6223520e+06   5.4382324e+01
   7.6225070e+06   3.9672852e+01
   7.6225310e+06   3.9794922e+01
   7.6225540e+06   4.2175293e+01
   7.6587950e+06   4.0649414e+01
   7.6588300e+06   4.4738770e+01
   7.6588720e+06   6.7993164e+01
   7.6588930e+06   3.9611816e+01
   7.6589460e+06   4.6386719e+01
   7.6590060e+06   4.4921875e+01
   7.6590380e+06   4.4006348e+01
   7.6590740e+06   5.0842285e+01
   7.7024660e+06   5.1208496e+01
   7.7025040e+06   4.3334961e+01
   7.7025560e+06   4.4006348e+01
   7.7026140e+06   4.6569824e+01
   7.7027040e+06   4.2236328e+01
   7.7028630e+06   4.6508789e+01
   7.7106710e+06   4.4738770e+01
   7.7449380e+06   4.0893555e+01
   7.7449590e+06   4.7851563e+01
   7.7450100e+06   4.5166016e+01
   7.7450640e+06   4.5898438e+01
   7.7450910e+06   3.9550781e+01
   7.7454320e+06   3.9978027e+01
   7.7456510e+06   4.1198730e+01
   7.8021120e+06   5.8166504e+01
   7.8022570e+06   4.6447754e+01
   7.8022920e+06   4.0466309e+01
   7.8023690e+06   4.1076660e+01
   7.8024150e+06   4.2968750e+01
   7.8212320e+06   5.2490234e+01
   7.8213000e+06   4.0527344e+01
   7.8213980e+06   4.3884277e+01
   7.8215110e+06   4.0771484e+01
   7.8215600e+06   4.9011230e+01
   7.8216440e+06   4.6447754e+01
   7.8218020e+06   4.3029785e+01
   8.3414540e+06   4.5227051e+01
   8.3414760e+06   4.4372559e+01
   8.3414950e+06   4.3090820e+01
   8.3415470e+06   5.2673340e+01
   8.3416040e+06   4.0710449e+01
   8.3416860e+06   4.4250488e+01
   8.3417420e+06   4.2236328e+01
   8.4996590e+06   5.4687500e+01
   8.4996750e+06   5.1330566e+01
   8.4997440e+06   4.5776367e+01
   8.4997930e+06   3.9855957e+01
   8.4998050e+06   4.2724609e+01
   8.4998880e+06   3.9245605e+01
   8.4999230e+06   5.2856445e+01
   8.5313670e+06   3.9916992e+01
   8.5314290e+06   4.3701172e+01
   8.5314840e+06   5.2124023e+01
   8.5315540e+06   4.1015625e+01
   8.5315800e+06   4.3090820e+01
   8.5316650e+06   3.9672852e+01
   8.5483920e+06   4.2968750e+01
   8.5485040e+06   5.3466797e+01
   8.5485380e+06   4.3518066e+01
   8.5487190e+06   4.0954590e+01
   8.5487680e+06   5.2734375e+01
   8.5487840e+06   4.5227051e+01
   8.5488170e+06   3.9367676e+01
   8.5733230e+06   4.5043945e+01
   8.5733460e+06   4.3029785e+01
   8.5733590e+06   4.3579102e+01
   8.5734080e+06   4.2541504e+01
   8.5734280e+06   4.4433594e+01
   8.5734760e+06   5.1208496e+01
   8.5735490e+06   4.4860840e+01
   8.5735590e+06   4.8706055e+01
   8.5736390e+06   5.0659180e+01
   8.5736950e+06   4.2419434e+01
   8.6046380e+06   5.1818848e+01
   8.6047070e+06   4.3395996e+01
   8.6047820e+06   4.9255371e+01
   8.6050320e+06   4.1015625e+01
   8.6050600e+06   4.1198730e+01
   8.6052530e+06   4.1687012e+01
   8.6571790e+06   4.3701172e+01
   8.6572180e+06   4.0954590e+01
   8.6572570e+06   4.6325684e+01
   8.6573090e+06   4.5227051e+01
   8.6573220e+06   4.9682617e+01
   8.6574810e+06   3.9855957e+01
   8.6575050e+06   5.3833008e+01
   9.0750690e+06   5.2307129e+01
   9.0751150e+06   3.9550781e+01
   9.0751290e+06   6.5551758e+01
   9.0751730e+06   4.3151855e+01
   9.0752120e+06   6.1584473e+01
   9.0753100e+06   3.9733887e+01
   9.0754170e+06   4.1015625e+01
   9.5840210e+06   4.7424316e+01
   9.5841010e+06   4.3029785e+01
   9.5841310e+06   4.2297363e+01
   9.5842130e+06   4.1381836e+01
   9.9242980e+06   5.2673340e+01
   9.9243350e+06   4.0588379e+01
   9.9243750e+06   5.2307129e+01
   9.9244390e+06   4.5532227e+01
   9.9244610e+06   4.0466309e+01
   9.9246000e+06   4.4433594e+01
   9.9686830e+06   4.1198730e+01
   9.9688650e+06   4.8706055e+01
   9.9689240e+06   5.1818848e+01
   9.9690310e+06   3.9489746e+01
   9.9690650e+06   4.6997070e+01
   9.9981020e+06   4.6813965e+01
   9.9981850e+06   5.0964355e+01
   9.9982390e+06   3.9184570e+01
   1.0037672e+07   4.1015625e+01
   1.0037716e+07   3.9489746e+01
   1.0037745e+07   4.1503906e+01
   1.0037835e+07   4.5776367e+01
   1.0037917e+07   4.7851563e+01
   1.0037985e+07   4.6081543e+01
   1.0078513e+07   4.7058105e+01
   1.0078533e+07   4.4250488e+01
   1.0078583e+07   4.1687012e+01
   1.0078602e+07   4.3029785e+01
   1.0137088e+07   4.0283203e+01
   1.0137161e+07   4.2053223e+01
   1.0137207e+07   4.9255371e+01
   1.0137229e+07   4.4006348e+01
   1.0137322e+07   4.1137695e+01
   1.0859561e+07   4.1076660e+01
   1.0859597e+07   3.9978027e+01
   1.0859619e+07   4.9072266e+01
   1.0859632e+07   4.6691895e+01
   1.0859672e+07   4.7790527e+01
   1.0859718e+07   4.0405273e+01
   1.0859768e+07   4.0588379e+01
   1.1217944e+07   4.1015625e+01
   1.1217975e+07   4.6447754e+01
   1.1218016e+07   5.1452637e+01
   1.1218029e+07   3.9184570e+01
   1.1218068e+07   4.3212891e+01
   1.1218084e+07   4.1259766e+01
   1.1218120e+07   4.1137695e+01
   1.1218139e+07   4.7485352e+01
   1.1218167e+07   3.9367676e+01
   1.1275052e+07   4.0649414e+01
   1.1275201e+07   4.1381836e+01
   1.1275239e+07   5.6274414e+01
   1.1275355e+07   4.1870117e+01
   1.1275368e+07   4.7363281e+01
   1.1275539e+07   3.9672852e+01
   1.1641691e+07   4.2236328e+01
   1.1641786e+07   4.0893555e+01
   1.1641959e+07   4.0039063e+01
   1.1969699e+07   4.1992188e+01
   1.1969726e+07   4.2907715e+01
   1.1969795e+07   4.1015625e+01
   1.1969845e+07   3.9489746e+01
   1.1969965e+07   4.2236328e+01
