   1.1999000e+07   0.0000000e+00
   2.1695000e+04   3.5766602e+01
   2.1844000e+04   3.8269043e+01
   8.3298000e+04   4.9682617e+01
   1.1998700e+05   4.3640137e+01
   5.1002000e+05   4.4738770e+01
   5.1014900e+05   3.4912109e+01
   6.8356900e+05   3.5095215e+01
   6.8358800e+05   3.5522461e+01
   6.8369400e+05   3.4423828e+01
   6.8372100e+05   3.8391113e+01
   8.3274600e+05   4.9743652e+01
   8.3278100e+05   3.5278320e+01
   8.3288300e+05   4.4494629e+01
   9.5470400e+05   3.6315918e+01
   9.8779500e+05   3.6254883e+01
   9.8782800e+05   3.4301758e+01
   9.8931600e+05   4.0100098e+01
   1.2693110e+06   3.7048340e+01
   1.2693630e+06   3.7292480e+01
   1.3689810e+06   4.1992188e+01
   1.3690990e+06   3.4973145e+01
   1.3930430e+06   4.4189453e+01
   1.4068490e+06   3.5095215e+01
   1.4068930e+06   3.5278320e+01
   1.4295800e+06   3.6865234e+01
   1.4412450e+06   3.5888672e+01
   1.4412700e+06   4.0710449e+01
   1.4592230e+06   3.6010742e+01
   1.4891980e+06   4.0893555e+01
   1.5000510e+06   4.0466309e+01
   1.5222910e+06   3.6865234e+01
   1.6328040e+06   3.5339355e+01
   1.6572720e+06   3.5034180e+01
   1.6573310e+06   3.4729004e+01
   1.6575160e+06   3.5583496e+01
   1.6783940e+06   4.0649414e+01
   1.7138970e+06   3.5095215e+01
   1.7139460e+06   3.4362793e+01
   1.7139990e+06   4.2297363e+01
   1.7140700e+06   3.8330078e+01
   1.7599090e+06   4.0649414e+01
   1.7600050e+06   3.6865234e+01
   1.7601330e+06   3.9062500e+01
   2.1072480e+06   3.4240723e+01
   2.1074050e+06   3.4912109e+01
   2.2352030e+06   3.6621094e+01
   2.2760090e+06   3.5461426e+01
   2.2761490e+06   4.0466309e+01
   2.2761610e+06   3.5766602e+01
   2.2761900e+06   4.4921875e+01
   2.2762130e+06   3.6560059e+01
   2.2992020e+06   3.5461426e+01
   2.5371210e+06   3.5217285e+01
   2.6794610e+06   3.7170410e+01
   2.6795000e+06   3.5156250e+01
   2.6795980e+06   3.5461426e+01
   2.8664600e+06   4.1625977e+01
   2.8666190e+06   3.9062500e+01
   2.8686430e+06   3.5156250e+01
   3.0757120e+06   3.8757324e+01
   3.0758210e+06   3.8024902e+01
   3.2447870e+06   3.4301758e+01
   3.2448640e+06   3.7353516e+01
   3.3635500e+06   4.4250488e+01
   3.3636580e+06   4.4250488e+01
   3.3808670e+06   3.7963867e+01
   3.4066750e+06   3.6804199e+01
   3.4301630e+06   3.6071777e+01
   3.4301890e+06   3.4606934e+01
   3.4548720e+06   3.4240723e+01
   3.4550100e+06   3.5888672e+01
   3.4551710e+06   3.6132813e+01
   3.4665060e+06   3.6865234e+01
   3.5071760e+06   3.7780762e+01
   3.5330290e+06   3.9123535e+01
   3.5332720e+06   3.6621094e+01
   3.5559110e+06   3.9794922e+01
   4.0300430e+06   3.8146973e+01
   4.0320360e+06   3.7841797e+01
   4.2379690e+06   4.3701172e+01
   4.4621610e+06   3.7780762e+01
   4.4622300e+06   3.4179688e+01
   4.4622620e+06   3.7963867e+01
   4.6344040e+06   3.6560059e+01
   4.6344140e+06   4.3457031e+01
   4.8381460e+06   3.4912109e+01
   4.8525740e+06   3.4912109e+01
   4.8656880e+06   4.3701172e+01
   4.8658120e+06   3.4545898e+01
   4.9024210e+06   3.6193848e+01
   4.9217040e+06   3.4912109e+01
   4.9219140e+06   3.4973145e+01
   4.9219790e+06   3.4301758e+01
   4.9375210e+06   3.5339355e+01
   4.9678290e+06   3.5034180e+01
   5.0489160e+06   3.4484863e+01
   5.5408470e+06   3.7170410e+01
   5.5408870e+06   3.6132813e+01
   5.8317710e+06   3.4790039e+01
   5.8319090e+06   3.6865234e+01
   5.8498090e+06   3.7231445e+01
   5.8499540e+06   3.8940430e+01
   5.8700540e+06   3.6987305e+01
   5.8700860e+06   4.4616699e+01
   5.8952880e+06   3.4790039e+01
   5.8953510e+06   3.8757324e+01
   5.9265040e+06   3.6987305e+01
   5.9265500e+06   3.7658691e+01
   5.9664090e+06   3.4790039e+01
   5.9666600e+06   3.6682129e+01
   5.9926780e+06   4.2236328e+01
   5.9928480e+06   4.3029785e+01
   6.5484820e+06   3.6132813e+01
   6.5485830e+06   3.4301758e+01
   6.8384890e+06   3.6132813e+01
   6.8560150e+06   4.1137695e+01
   6.8560750e+06   3.6682129e+01
   6.8938330e+06   3.5888672e+01
   6.8939460e+06   4.1625977e+01
   6.9138570e+06   3.4729004e+01
   6.9298770e+06   4.1259766e+01
   6.9682230e+06   3.6987305e+01
   7.0003370e+06   3.6315918e+01
   7.0125660e+06   3.5400391e+01
   7.0346150e+06   3.6315918e+01
   7.5930380e+06   3.7292480e+01
   7.6221490e+06   4.0588379e+01
   7.6588270e+06   3.7292480e+01
   7.7025140e+06   4.2236328e+01
   7.7026080e+06   3.5095215e+01
   7.7026750e+06   3.9062500e+01
   7.7449880e+06   4.4982910e+01
   7.7451540e+06   3.5644531e+01
   7.8022660e+06   3.8269043e+01
   7.8213820e+06   3.5522461e+01
   8.3414060e+06   3.6071777e+01
   8.3414500e+06   3.8085938e+01
   8.4996780e+06   3.6865234e+01
   8.4996900e+06   3.6987305e+01
   8.4997830e+06   3.4973145e+01
   8.5313680e+06   4.4494629e+01
   8.5485780e+06   3.4851074e+01
   8.5733950e+06   3.8818359e+01
   8.6047370e+06   3.5400391e+01
   8.6572270e+06   4.6936035e+01
   8.6572900e+06   3.6376953e+01
   9.0749650e+06   4.0161133e+01
   9.0750740e+06   3.5156250e+01
   9.0753410e+06   3.6010742e+01
   9.9688450e+06   3.8391113e+01
   9.9688870e+06   3.4484863e+01
   9.9981530e+06   4.3823242e+01
   1.0037648e+07   3.4729004e+01
   1.0037673e+07   3.5583496e+01
   1.0078537e+07   4.4799805e+01
   1.0137284e+07   3.5461426e+01
   1.0859571e+07   3.6132813e+01
   1.1641755e+07   3.6254883e+01
   1.1969716e+07   3.6499023e+01
   1.1969767e+07   3.5522461e+01
   1.1969810e+07   3.4179688e+01
