   1.1999000e+07   0.0000000e+00
   6.0220000e+03   3.3508301e+01
   6.4260000e+03   5.5419922e+01
   6.4680000e+03   3.9672852e+01
   6.5430000e+03   3.7902832e+01
   6.6210000e+03   4.6386719e+01
   6.6940000e+03   3.3508301e+01
   6.7200000e+03   5.8593750e+01
   6.7510000e+03   3.5705566e+01
   6.8530000e+03   3.8391113e+01
   6.8880000e+03   4.2907715e+01
   6.9250000e+03   3.3569336e+01
   6.9380000e+03   5.5603027e+01
   6.9910000e+03   3.8024902e+01
   7.0340000e+03   5.4016113e+01
   7.1940000e+03   5.0415039e+01
   7.2240000e+03   5.3710938e+01
   7.2720000e+03   3.8391113e+01
   7.2970000e+03   3.6254883e+01
   7.4620000e+03   3.3813477e+01
   2.1479000e+04   3.5339355e+01
   2.1567000e+04   3.3569336e+01
   2.1648000e+04   4.9560547e+01
   2.1707000e+04   4.7180176e+01
   2.1789000e+04   7.4951172e+01
   2.1805000e+04   3.3325195e+01
   2.1838000e+04   4.4372559e+01
   2.1881000e+04   3.8269043e+01
   2.1897000e+04   3.9978027e+01
   2.1937000e+04   3.9672852e+01
   2.1969000e+04   4.0588379e+01
   2.2081000e+04   5.0048828e+01
   2.2164000e+04   4.4677734e+01
   2.2246000e+04   4.5410156e+01
   2.2326000e+04   4.2175293e+01
   2.2437000e+04   3.5278320e+01
   2.2483000e+04   3.5217285e+01
   2.2642000e+04   3.6621094e+01
   2.2915000e+04   3.7536621e+01
   3.9210000e+04   3.5034180e+01
   3.9233000e+04   3.8757324e+01
   3.9294000e+04   4.2785645e+01
   3.9324000e+04   4.0588379e+01
   3.9356000e+04   5.7495117e+01
   3.9366000e+04   5.9265137e+01
   3.9404000e+04   4.0527344e+01
   3.9420000e+04   4.2724609e+01
   3.9462000e+04   5.2673340e+01
   3.9484000e+04   3.8574219e+01
   3.9510000e+04   6.1340332e+01
   3.9534000e+04   3.5461426e+01
   3.9549000e+04   3.5339355e+01
   3.9624000e+04   4.5654297e+01
   3.9643000e+04   3.5888672e+01
   3.9697000e+04   4.4921875e+01
   3.9770000e+04   3.9245605e+01
   3.9861000e+04   3.5400391e+01
   4.0067000e+04   3.4606934e+01
   4.0102000e+04   4.1259766e+01
   5.3574000e+04   4.0527344e+01
   5.3628000e+04   3.9123535e+01
   5.3654000e+04   3.6437988e+01
   5.3707000e+04   4.6813965e+01
   5.3724000e+04   3.3081055e+01
   5.3821000e+04   6.0485840e+01
   5.3843000e+04   4.3762207e+01
   5.3867000e+04   3.8635254e+01
   5.3911000e+04   4.6508789e+01
   5.3993000e+04   3.7475586e+01
   5.4025000e+04   3.7292480e+01
   5.4051000e+04   3.3447266e+01
   5.4080000e+04   3.7048340e+01
   5.4113000e+04   4.7302246e+01
   5.4179000e+04   3.5339355e+01
   5.4205000e+04   3.3264160e+01
   5.4277000e+04   4.1687012e+01
   5.4306000e+04   3.9916992e+01
   5.4325000e+04   3.5705566e+01
   5.4375000e+04   3.6560059e+01
   6.7202000e+04   4.1015625e+01
   6.7288000e+04   3.7658691e+01
   6.7400000e+04   4.7546387e+01
   6.7471000e+04   5.6396484e+01
   6.7598000e+04   3.3264160e+01
   6.7627000e+04   4.1076660e+01
   6.7704000e+04   6.1889648e+01
   6.7727000e+04   4.2663574e+01
   6.7795000e+04   3.9001465e+01
   6.7819000e+04   3.5095215e+01
   6.7841000e+04   3.4240723e+01
   6.7885000e+04   3.3386230e+01
   6.7984000e+04   4.3518066e+01
   6.8042000e+04   3.4423828e+01
   6.8084000e+04   5.2856445e+01
   6.8188000e+04   3.3264160e+01
   6.8296000e+04   3.5644531e+01
   6.8349000e+04   3.6865234e+01
   6.8438000e+04   3.8269043e+01
   8.3197000e+04   5.1818848e+01
   8.3207000e+04   4.4738770e+01
   8.3229000e+04   3.3264160e+01
   8.3300000e+04   3.5217285e+01
   8.3358000e+04   5.7312012e+01
   8.3376000e+04   3.5888672e+01
   8.3472000e+04   4.2419434e+01
   8.3490000e+04   3.5461426e+01
   8.3509000e+04   3.3325195e+01
   8.3555000e+04   3.3325195e+01
   8.3587000e+04   5.3771973e+01
   8.3619000e+04   4.2968750e+01
   8.3644000e+04   5.0354004e+01
   8.3655000e+04   5.1818848e+01
   8.3701000e+04   4.4128418e+01
   8.3727000e+04   3.4057617e+01
   8.3768000e+04   4.0771484e+01
   8.3792000e+04   4.0893555e+01
   8.3823000e+04   3.3508301e+01
   8.3856000e+04   4.0466309e+01
   8.3975000e+04   3.7658691e+01
   8.4030000e+04   3.5034180e+01
   8.4065000e+04   4.0039063e+01
   1.0106400e+05   3.5400391e+01
   1.0118500e+05   3.8574219e+01
   1.0124500e+05   3.4912109e+01
   1.0130600e+05   4.3823242e+01
   1.0133500e+05   3.7353516e+01
   1.0137000e+05   3.5583496e+01
   1.0138500e+05   5.0231934e+01
   1.0143100e+05   5.5236816e+01
   1.0144500e+05   3.4362793e+01
   1.0149500e+05   4.4677734e+01
   1.0151800e+05   4.8339844e+01
   1.0155000e+05   3.3935547e+01
   1.0156600e+05   3.6315918e+01
   1.0158300e+05   3.3264160e+01
   1.0161100e+05   4.1015625e+01
   1.0166100e+05   3.3996582e+01
   1.0167200e+05   3.6193848e+01
   1.0174200e+05   3.4606934e+01
   1.0175900e+05   3.6254883e+01
   1.0186100e+05   3.4484863e+01
   1.0192000e+05   3.6254883e+01
   1.0199400e+05   3.5644531e+01
   1.0209400e+05   3.6193848e+01
   1.0218600e+05   3.5217285e+01
   1.1965900e+05   3.4912109e+01
   1.1977400e+05   3.5095215e+01
   1.1994100e+05   3.5461426e+01
   1.1996600e+05   5.0415039e+01
   1.1998000e+05   5.1086426e+01
   1.1999500e+05   3.3630371e+01
   1.2004400e+05   4.6691895e+01
   1.2008700e+05   5.1391602e+01
   1.2012800e+05   8.4289551e+01
   1.2013800e+05   4.0710449e+01
   1.2016700e+05   5.2307129e+01
   1.2019500e+05   5.2795410e+01
   1.2023300e+05   4.0710449e+01
   1.2029400e+05   3.7170410e+01
   1.2033000e+05   3.8818359e+01
   1.2039700e+05   3.8757324e+01
   1.2044000e+05   3.3996582e+01
   1.2049200e+05   3.3691406e+01
   1.2059300e+05   4.2053223e+01
   1.2067300e+05   4.7302246e+01
   1.2068900e+05   3.6987305e+01
   1.2095000e+05   3.3264160e+01
   1.2128400e+05   3.4729004e+01
   5.0990900e+05   3.5278320e+01
   5.0997600e+05   3.3142090e+01
   5.0999800e+05   4.1198730e+01
   5.1002400e+05   7.4951172e+01
   5.1006100e+05   3.9062500e+01
   5.1007800e+05   8.5937500e+01
   5.1009300e+05   4.7973633e+01
   5.1014000e+05   7.1228027e+01
   5.1015300e+05   4.0405273e+01
   5.1019600e+05   3.6682129e+01
   5.1021300e+05   3.8940430e+01
   5.1022400e+05   4.4616699e+01
   5.1024200e+05   4.8706055e+01
   5.1029600e+05   5.2978516e+01
   5.1036400e+05   3.6193848e+01
   5.1042500e+05   4.3151855e+01
   5.1047300e+05   3.5339355e+01
   5.1133500e+05   3.4729004e+01
   5.1140200e+05   3.6010742e+01
   5.1148400e+05   3.7475586e+01
   5.1166900e+05   3.4057617e+01
   5.1199400e+05   3.5278320e+01
   5.1204400e+05   3.4851074e+01
   5.1218900e+05   4.1015625e+01
   5.1221400e+05   3.5095215e+01
   5.1235200e+05   3.5705566e+01
   5.1304800e+05   3.6315918e+01
   5.2542300e+05   4.8339844e+01
   6.8351700e+05   3.7536621e+01
   6.8354900e+05   3.6071777e+01
   6.8357500e+05   4.1625977e+01
   6.8359700e+05   3.8146973e+01
   6.8361200e+05   5.8166504e+01
   6.8362600e+05   3.4545898e+01
   6.8364300e+05   4.5654297e+01
   6.8365300e+05   5.9936523e+01
   6.8367900e+05   3.3874512e+01
   6.8370500e+05   7.5439453e+01
   6.8374500e+05   4.0344238e+01
   6.8376700e+05   7.0739746e+01
   6.8378100e+05   4.4799805e+01
   6.8379400e+05   3.3874512e+01
   6.8383900e+05   5.3283691e+01
   6.8387900e+05   3.9062500e+01
   6.8390400e+05   3.6682129e+01
   6.8396900e+05   3.4606934e+01
   6.8522400e+05   4.1198730e+01
   6.8537400e+05   3.9672852e+01
   6.8540900e+05   3.5217285e+01
   6.8561200e+05   3.8269043e+01
   6.8582000e+05   5.2185059e+01
   6.8598100e+05   3.6071777e+01
   7.0065000e+05   3.4545898e+01
   8.3264800e+05   4.0039062e+01
   8.3270600e+05   3.5217285e+01
   8.3273600e+05   4.6203613e+01
   8.3276000e+05   3.3386230e+01
   8.3278200e+05   4.5471191e+01
   8.3282000e+05   8.1970215e+01
   8.3284700e+05   4.0100098e+01
   8.3287500e+05   5.8776855e+01
   8.3288900e+05   4.6508789e+01
   8.3290800e+05   3.6804199e+01
   8.3293700e+05   4.6936035e+01
   8.3296800e+05   3.6743164e+01
   8.3299500e+05   4.9133301e+01
   8.3306300e+05   3.3508301e+01
   8.3396300e+05   3.6682129e+01
   8.3401500e+05   3.3569336e+01
   8.3407400e+05   3.5949707e+01
   8.3424400e+05   4.0161133e+01
   8.3433400e+05   3.6010742e+01
   8.3443300e+05   6.2500000e+01
   8.3457400e+05   4.2419434e+01
   8.3469300e+05   3.6560059e+01
   8.3492500e+05   3.3325195e+01
   8.3501800e+05   3.9794922e+01
   8.3523800e+05   4.1076660e+01
   8.4409000e+05   3.3142090e+01
   9.8764800e+05   3.3996582e+01
   9.8767600e+05   4.2114258e+01
   9.8771300e+05   3.6376953e+01
   9.8774300e+05   6.1218262e+01
   9.8775700e+05   5.5664063e+01
   9.8777600e+05   3.5278320e+01
   9.8780100e+05   3.3874512e+01
   9.8782400e+05   3.7719727e+01
   9.8784500e+05   3.4606934e+01
   9.8786900e+05   4.9072266e+01
   9.8789300e+05   3.4057617e+01
   9.8792700e+05   5.1940918e+01
   9.8795200e+05   3.8940430e+01
   9.8802500e+05   3.8940430e+01
   9.8804000e+05   3.5461426e+01
   9.8878500e+05   3.5522461e+01
   9.8898200e+05   3.5400391e+01
   9.8914400e+05   3.6315918e+01
   9.8922000e+05   3.4973145e+01
   9.8926100e+05   3.9245605e+01
   9.8938700e+05   4.8889160e+01
   9.8945900e+05   3.5522461e+01
   9.8953500e+05   3.7658691e+01
   9.8969300e+05   4.8950195e+01
   9.8988600e+05   3.6376953e+01
   9.9007100e+05   3.7963867e+01
   1.2691980e+06   4.1625977e+01
   1.2692480e+06   4.1381836e+01
   1.2692920e+06   6.0546875e+01
   1.2693140e+06   4.5959473e+01
   1.2693420e+06   3.7292480e+01
   1.2693750e+06   1.0833740e+02
   1.2693960e+06   3.7902832e+01
   1.2694240e+06   6.1096191e+01
   1.2694490e+06   4.4555664e+01
   1.2694670e+06   4.6997070e+01
   1.2694880e+06   4.0344238e+01
   1.2695480e+06   3.9062500e+01
   1.2695590e+06   4.4372559e+01
   1.2706560e+06   3.3935547e+01
   1.2708160e+06   3.4362793e+01
   1.2709760e+06   3.6315918e+01
   1.2711070e+06   3.6560059e+01
   1.2712950e+06   5.2062988e+01
   1.2714940e+06   5.1452637e+01
   1.2716130e+06   3.6926270e+01
   1.2718310e+06   3.3752441e+01
   1.2719760e+06   3.8574219e+01
   1.2721220e+06   3.7048340e+01
   1.3689710e+06   3.4729004e+01
   1.3689990e+06   1.0272217e+02
   1.3690120e+06   4.8522949e+01
   1.3690390e+06   3.3264160e+01
   1.3690660e+06   5.8349609e+01
   1.3690950e+06   4.6508789e+01
   1.3691070e+06   5.0231934e+01
   1.3691370e+06   3.3996582e+01
   1.3691600e+06   3.7109375e+01
   1.3691940e+06   4.9316406e+01
   1.3692880e+06   4.0039063e+01
   1.3701730e+06   4.8828125e+01
   1.3702720e+06   4.0283203e+01
   1.3705140e+06   3.6071777e+01
   1.3705440e+06   4.3701172e+01
   1.3705820e+06   3.6865234e+01
   1.3706290e+06   3.7658691e+01
   1.3707900e+06   4.0527344e+01
   1.3709310e+06   3.3752441e+01
   1.3710650e+06   3.5461426e+01
   1.3929890e+06   4.1320801e+01
   1.3930190e+06   7.0800781e+01
   1.3930490e+06   5.3527832e+01
   1.3930780e+06   5.0659180e+01
   1.3931210e+06   3.6132813e+01
   1.3931450e+06   4.2968750e+01
   1.3931660e+06   3.5278320e+01
   1.3931830e+06   5.9448242e+01
   1.3932330e+06   3.9550781e+01
   1.3932490e+06   5.1025391e+01
   1.3932890e+06   4.8522949e+01
   1.3933030e+06   3.5156250e+01
   1.3933250e+06   4.1503906e+01
   1.3933530e+06   3.5095215e+01
   1.3933960e+06   3.5583496e+01
   1.3946870e+06   3.6743164e+01
   1.3948920e+06   3.8879395e+01
   1.3950680e+06   3.7536621e+01
   1.4067780e+06   4.5776367e+01
   1.4068560e+06   4.9560547e+01
   1.4069000e+06   7.1655273e+01
   1.4069650e+06   3.5888672e+01
   1.4069870e+06   4.4067383e+01
   1.4070040e+06   4.2053223e+01
   1.4070400e+06   4.5715332e+01
   1.4070640e+06   3.4118652e+01
   1.4070990e+06   3.6437988e+01
   1.4071670e+06   4.1931152e+01
   1.4072130e+06   3.6132813e+01
   1.4072530e+06   5.1940918e+01
   1.4072840e+06   4.3884277e+01
   1.4074110e+06   3.5034180e+01
   1.4074960e+06   3.3569336e+01
   1.4076370e+06   3.4179688e+01
   1.4083140e+06   3.5827637e+01
   1.4084640e+06   3.7963867e+01
   1.4296060e+06   3.5644531e+01
   1.4296460e+06   3.5583496e+01
   1.4296860e+06   4.1076660e+01
   1.4297220e+06   5.5786133e+01
   1.4297630e+06   4.4921875e+01
   1.4298070e+06   3.8085938e+01
   1.4298480e+06   3.3203125e+01
   1.4298780e+06   5.7189941e+01
   1.4299310e+06   4.7424316e+01
   1.4300020e+06   4.7363281e+01
   1.4300380e+06   3.6682129e+01
   1.4300560e+06   3.8024902e+01
   1.4300870e+06   3.6499023e+01
   1.4301290e+06   3.3752441e+01
   1.4301840e+06   4.1503906e+01
   1.4302170e+06   3.8269043e+01
   1.4305100e+06   3.8146973e+01
   1.4307380e+06   3.3264160e+01
   1.4308230e+06   3.4851074e+01
   1.4311650e+06   3.6315918e+01
   1.4313010e+06   3.6071777e+01
   1.4408810e+06   4.4677734e+01
   1.4409650e+06   4.7668457e+01
   1.4410020e+06   3.8574219e+01
   1.4410370e+06   4.7729492e+01
   1.4410670e+06   5.8166504e+01
   1.4410790e+06   4.0954590e+01
   1.4411160e+06   5.9997559e+01
   1.4411760e+06   3.6071777e+01
   1.4411950e+06   5.0231934e+01
   1.4412110e+06   5.2429199e+01
   1.4412320e+06   4.1870117e+01
   1.4412740e+06   4.9011230e+01
   1.4413330e+06   4.3701172e+01
   1.4413750e+06   3.9062500e+01
   1.4414110e+06   3.5461426e+01
   1.4414210e+06   3.7658691e+01
   1.4414450e+06   4.4433594e+01
   1.4414710e+06   3.3630371e+01
   1.4416520e+06   3.3569336e+01
   1.4416910e+06   3.3081055e+01
   1.4417320e+06   3.4057617e+01
   1.4418940e+06   3.7170410e+01
   1.4422550e+06   3.3996582e+01
   1.4425240e+06   3.3752441e+01
   1.4589930e+06   4.1809082e+01
   1.4590110e+06   3.3325195e+01
   1.4590290e+06   3.6560059e+01
   1.4590540e+06   4.8645020e+01
   1.4590710e+06   4.0893555e+01
   1.4590960e+06   3.9855957e+01
   1.4591110e+06   6.3171387e+01
   1.4591540e+06   6.6406250e+01
   1.4591680e+06   6.2988281e+01
   1.4592410e+06   4.9255371e+01
   1.4592670e+06   3.7536621e+01
   1.4592950e+06   3.4301758e+01
   1.4593150e+06   4.7607422e+01
   1.4593470e+06   3.6621094e+01
   1.4593890e+06   4.1687012e+01
   1.4595030e+06   3.3935547e+01
   1.4595270e+06   3.4790039e+01
   1.4596010e+06   3.4118652e+01
   1.4596940e+06   3.3508301e+01
   1.4597130e+06   3.4606934e+01
   1.4601060e+06   3.4545898e+01
   1.4606500e+06   3.4851074e+01
   1.4608690e+06   3.8269043e+01
   1.4700070e+06   3.5461426e+01
   1.4702820e+06   3.6254883e+01
   1.4704330e+06   3.6865234e+01
   1.4704480e+06   3.6010742e+01
   1.4704790e+06   5.1025391e+01
   1.4704990e+06   4.0344238e+01
   1.4705180e+06   4.0588379e+01
   1.4705810e+06   3.9123535e+01
   1.4706120e+06   3.8635254e+01
   1.4706580e+06   3.8269043e+01
   1.4707080e+06   5.5419922e+01
   1.4707360e+06   3.5034180e+01
   1.4707920e+06   4.0039063e+01
   1.4708060e+06   4.5471191e+01
   1.4708600e+06   4.1503906e+01
   1.4709150e+06   4.8950195e+01
   1.4709980e+06   4.4250488e+01
   1.4710400e+06   3.5705566e+01
   1.4710700e+06   3.5522461e+01
   1.4711490e+06   4.1015625e+01
   1.4711660e+06   3.4118652e+01
   1.4713970e+06   3.6499023e+01
   1.4715280e+06   3.8269043e+01
   1.4716450e+06   3.3813477e+01
   1.4719600e+06   3.4973145e+01
   1.4721210e+06   3.6865234e+01
   1.4891710e+06   3.3020020e+01
   1.4892260e+06   3.8024902e+01
   1.4892450e+06   3.5888672e+01
   1.4892590e+06   3.9978027e+01
   1.4893170e+06   6.0607910e+01
   1.4893980e+06   3.3081055e+01
   1.4894430e+06   4.4372559e+01
   1.4895110e+06   3.4851074e+01
   1.4895520e+06   3.3264160e+01
   1.4895630e+06   3.4973145e+01
   1.4896370e+06   3.5583496e+01
   1.4897170e+06   3.3630371e+01
   1.4897810e+06   3.3569336e+01
   1.4900440e+06   3.6376953e+01
   1.4907150e+06   3.3996582e+01
   1.4997560e+06   3.8635254e+01
   1.4998020e+06   4.1442871e+01
   1.4998630e+06   3.4484863e+01
   1.4999080e+06   4.2297363e+01
   1.4999500e+06   6.1157227e+01
   1.4999960e+06   3.8391113e+01
   1.5000100e+06   3.7292480e+01
   1.5000510e+06   3.7719727e+01
   1.5000710e+06   4.2175293e+01
   1.5000930e+06   4.3212891e+01
   1.5002130e+06   3.7170410e+01
   1.5002670e+06   3.3325195e+01
   1.5002970e+06   4.2175293e+01
   1.5003760e+06   3.7414551e+01
   1.5004470e+06   3.5034180e+01
   1.5006350e+06   3.4851074e+01
   1.5008150e+06   3.5461426e+01
   1.5010060e+06   3.3447266e+01
   1.5011420e+06   3.7902832e+01
   1.5105970e+06   4.2724609e+01
   1.5106240e+06   4.4982910e+01
   1.5106430e+06   3.5461426e+01
   1.5107380e+06   5.4016113e+01
   1.5107530e+06   6.7932129e+01
   1.5108270e+06   3.6926270e+01
   1.5108580e+06   4.3884277e+01
   1.5108820e+06   5.2978516e+01
   1.5109500e+06   3.6926270e+01
   1.5109830e+06   4.0405273e+01
   1.5111080e+06   4.4494629e+01
   1.5111250e+06   3.7231445e+01
   1.5111820e+06   4.7729492e+01
   1.5113910e+06   3.4423828e+01
   1.5114240e+06   3.3508301e+01
   1.5116170e+06   3.3264160e+01
   1.5217620e+06   3.6071777e+01
   1.5218390e+06   3.3752441e+01
   1.5218760e+06   3.5888672e+01
   1.5219610e+06   6.5917969e+01
   1.5219730e+06   7.0739746e+01
   1.5220290e+06   3.6437988e+01
   1.5220740e+06   4.9011230e+01
   1.5221620e+06   3.8024902e+01
   1.5221910e+06   4.4128418e+01
   1.5222070e+06   3.6132813e+01
   1.5222590e+06   4.2968750e+01
   1.5223470e+06   4.0344238e+01
   1.5223810e+06   3.3142090e+01
   1.5224360e+06   3.5400391e+01
   1.5224930e+06   3.4057617e+01
   1.5226000e+06   3.5339355e+01
   1.5227990e+06   3.6193848e+01
   1.5330110e+06   4.0283203e+01
   1.5330850e+06   3.8513184e+01
   1.5331120e+06   3.3386230e+01
   1.5331860e+06   3.7963867e+01
   1.5332030e+06   6.8115234e+01
   1.5332390e+06   3.6132813e+01
   1.5332790e+06   3.4606934e+01
   1.5333030e+06   4.1687012e+01
   1.5333210e+06   5.3527832e+01
   1.5333480e+06   4.5959473e+01
   1.5333770e+06   3.4362793e+01
   1.5334250e+06   4.4494629e+01
   1.5335290e+06   6.7810059e+01
   1.5335650e+06   3.8146973e+01
   1.5335960e+06   5.3466797e+01
   1.5336230e+06   4.1015625e+01
   1.5336390e+06   4.4982910e+01
   1.5337610e+06   3.6437988e+01
   1.5338150e+06   4.0161133e+01
   1.5338560e+06   3.9245605e+01
   1.5339720e+06   3.3691406e+01
   1.5473280e+06   3.6499023e+01
   1.5473610e+06   4.1137695e+01
   1.5474310e+06   3.6376953e+01
   1.5474450e+06   7.7514648e+01
   1.5474620e+06   5.5358887e+01
   1.5474880e+06   4.1076660e+01
   1.5475190e+06   4.6691895e+01
   1.5475440e+06   4.2602539e+01
   1.5476420e+06   3.8330078e+01
   1.5476760e+06   3.4973145e+01
   1.5477030e+06   3.7658691e+01
   1.5477340e+06   3.7109375e+01
   1.5477870e+06   4.5410156e+01
   1.5478720e+06   3.7597656e+01
   1.5479150e+06   3.3203125e+01
   1.5479640e+06   3.5461426e+01
   1.5479930e+06   4.1320801e+01
   1.5480210e+06   3.3020020e+01
   1.5481570e+06   3.4301758e+01
   1.5481840e+06   3.5034180e+01
   1.5482110e+06   3.3630371e+01
   1.5628310e+06   3.5949707e+01
   1.5629580e+06   3.4118652e+01
   1.5629680e+06   5.8959961e+01
   1.5630360e+06   4.6447754e+01
   1.5630580e+06   5.2612305e+01
   1.5631430e+06   4.8828125e+01
   1.5631680e+06   6.3049316e+01
   1.5631810e+06   3.8085938e+01
   1.5632380e+06   3.4851074e+01
   1.5633240e+06   4.1381836e+01
   1.5633730e+06   3.9672852e+01
   1.5635170e+06   4.2175293e+01
   1.5636330e+06   3.9855957e+01
   1.5639740e+06   3.3935547e+01
   1.5752150e+06   3.7353516e+01
   1.5752890e+06   4.0527344e+01
   1.5753830e+06   3.9245605e+01
   1.5754100e+06   4.7485352e+01
   1.5754260e+06   4.4799805e+01
   1.5754870e+06   3.8635254e+01
   1.5755620e+06   3.6621094e+01
   1.5755840e+06   5.8532715e+01
   1.5756140e+06   3.3386230e+01
   1.5756360e+06   3.8330078e+01
   1.5756730e+06   5.2612305e+01
   1.5757160e+06   3.5705566e+01
   1.5758060e+06   3.5095215e+01
   1.5758200e+06   3.7780762e+01
   1.5759320e+06   3.3996582e+01
   1.5759600e+06   3.9062500e+01
   1.5760340e+06   4.4982910e+01
   1.5762370e+06   3.3020020e+01
   1.5765000e+06   3.8452148e+01
   1.5885550e+06   3.5278320e+01
   1.5887690e+06   3.5644531e+01
   1.5888230e+06   3.4118652e+01
   1.5888830e+06   4.9804688e+01
   1.5889090e+06   3.7963867e+01
   1.5889480e+06   3.7902832e+01
   1.5889770e+06   5.0048828e+01
   1.5890570e+06   4.8645020e+01
   1.5890670e+06   3.4057617e+01
   1.5890880e+06   3.8208008e+01
   1.5891230e+06   3.4240723e+01
   1.5891470e+06   3.7963867e+01
   1.5891720e+06   3.4667969e+01
   1.5892240e+06   3.7109375e+01
   1.5892820e+06   3.9733887e+01
   1.5893130e+06   3.3691406e+01
   1.5893330e+06   4.1320801e+01
   1.5893850e+06   4.0222168e+01
   1.5894190e+06   3.5522461e+01
   1.5895260e+06   3.5461426e+01
   1.5898380e+06   3.5400391e+01
   1.6084570e+06   3.5827637e+01
   1.6084850e+06   3.4606934e+01
   1.6085010e+06   4.7912598e+01
   1.6085240e+06   5.0598145e+01
   1.6085730e+06   4.2846680e+01
   1.6085830e+06   3.3386230e+01
   1.6086240e+06   3.6987305e+01
   1.6086690e+06   5.5847168e+01
   1.6087100e+06   4.1809082e+01
   1.6087330e+06   5.7189941e+01
   1.6087600e+06   4.3518066e+01
   1.6087820e+06   4.1748047e+01
   1.6088550e+06   3.9489746e+01
   1.6089280e+06   3.7353516e+01
   1.6089460e+06   3.7414551e+01
   1.6089690e+06   4.9255371e+01
   1.6090330e+06   4.0222168e+01
   1.6090760e+06   3.3203125e+01
   1.6091320e+06   3.7841797e+01
   1.6092760e+06   3.5949707e+01
   1.6326890e+06   5.3100586e+01
   1.6327070e+06   4.2175293e+01
   1.6327410e+06   6.9946289e+01
   1.6327520e+06   3.5339355e+01
   1.6327840e+06   3.3020020e+01
   1.6328190e+06   4.5898438e+01
   1.6328380e+06   4.2602539e+01
   1.6328660e+06   3.8269043e+01
   1.6328920e+06   5.7556152e+01
   1.6329140e+06   5.8959961e+01
   1.6329330e+06   4.1320801e+01
   1.6329640e+06   5.5664062e+01
   1.6329790e+06   4.2419434e+01
   1.6330080e+06   3.5400391e+01
   1.6330350e+06   3.6499023e+01
   1.6330620e+06   4.1259766e+01
   1.6330900e+06   3.6315918e+01
   1.6331160e+06   4.3212891e+01
   1.6332510e+06   4.0710449e+01
   1.6332740e+06   3.7841797e+01
   1.6333470e+06   3.7597656e+01
   1.6341100e+06   3.5522461e+01
   1.6572420e+06   3.9306641e+01
   1.6572790e+06   4.6508789e+01
   1.6572960e+06   4.5715332e+01
   1.6573130e+06   6.5490723e+01
   1.6573400e+06   3.5339355e+01
   1.6573940e+06   4.6813965e+01
   1.6574090e+06   4.0710449e+01
   1.6574370e+06   3.5400391e+01
   1.6574580e+06   5.3222656e+01
   1.6574940e+06   5.6152344e+01
   1.6575040e+06   4.1198730e+01
   1.6575220e+06   4.6569824e+01
   1.6575420e+06   3.3020020e+01
   1.6575790e+06   3.4667969e+01
   1.6576360e+06   3.3386230e+01
   1.6576630e+06   3.9001465e+01
   1.6577950e+06   3.4362793e+01
   1.6579370e+06   4.3579102e+01
   1.6783500e+06   5.0415039e+01
   1.6783710e+06   4.7729492e+01
   1.6784430e+06   5.4748535e+01
   1.6784820e+06   5.2307129e+01
   1.6784950e+06   5.5664063e+01
   1.6785660e+06   3.4790039e+01
   1.6785900e+06   3.5522461e+01
   1.6786190e+06   5.2246094e+01
   1.6786640e+06   5.0354004e+01
   1.6786910e+06   4.4250488e+01
   1.6787380e+06   3.3264160e+01
   1.6787680e+06   4.9072266e+01
   1.6787930e+06   4.0222168e+01
   1.6788280e+06   3.5644531e+01
   1.6788540e+06   4.0588379e+01
   1.6788800e+06   3.4912109e+01
   1.6789530e+06   3.9550781e+01
   1.6791320e+06   3.4729004e+01
   1.6793570e+06   3.3508301e+01
   1.7137910e+06   3.4973145e+01
   1.7138030e+06   4.1442871e+01
   1.7138520e+06   5.3649902e+01
   1.7138660e+06   4.3945313e+01
   1.7138980e+06   4.5104980e+01
   1.7139110e+06   3.3874512e+01
   1.7139410e+06   3.8269043e+01
   1.7139610e+06   5.0842285e+01
   1.7139810e+06   5.3466797e+01
   1.7140310e+06   5.3405762e+01
   1.7140660e+06   5.0659180e+01
   1.7141300e+06   3.4240723e+01
   1.7141530e+06   4.4006348e+01
   1.7141680e+06   3.6071777e+01
   1.7142200e+06   3.7414551e+01
   1.7142590e+06   3.5339355e+01
   1.7143380e+06   3.5583496e+01
   1.7143720e+06   3.7780762e+01
   1.7144640e+06   4.1503906e+01
   1.7145900e+06   3.3142090e+01
   1.7146640e+06   3.7475586e+01
   1.7151930e+06   3.8574219e+01
   1.7599190e+06   4.0466309e+01
   1.7599440e+06   4.6936035e+01
   1.7599620e+06   5.5786133e+01
   1.7599850e+06   3.3508301e+01
   1.7600100e+06   4.4616699e+01
   1.7600330e+06   4.6203613e+01
   1.7600560e+06   3.6254883e+01
   1.7600660e+06   3.6315918e+01
   1.7600910e+06   3.5522461e+01
   1.7601040e+06   4.8889160e+01
   1.7601440e+06   5.6823730e+01
   1.7601720e+06   4.6264648e+01
   1.7602040e+06   4.0832520e+01
   1.7602220e+06   4.2358398e+01
   1.7602570e+06   4.6264648e+01
   1.7602680e+06   3.8208008e+01
   1.7603090e+06   3.4179688e+01
   1.7604790e+06   3.4301758e+01
   1.7608710e+06   3.4362793e+01
   1.7612090e+06   3.3508301e+01
   1.7614360e+06   3.6437988e+01
   2.1072370e+06   4.6569824e+01
   2.1072680e+06   7.2387695e+01
   2.1072780e+06   5.7617188e+01
   2.1073090e+06   6.3354492e+01
   2.1073230e+06   5.2001953e+01
   2.1073360e+06   3.5766602e+01
   2.1073500e+06   6.3476563e+01
   2.1073800e+06   6.7199707e+01
   2.1073980e+06   4.9865723e+01
   2.1074240e+06   3.8757324e+01
   2.1074350e+06   3.3264160e+01
   2.1074980e+06   3.6804199e+01
   2.1075240e+06   3.5400391e+01
   2.1075810e+06   3.7353516e+01
   2.1075930e+06   3.6071777e+01
   2.1080950e+06   3.3813477e+01
   2.1081660e+06   3.3630371e+01
   2.1087000e+06   4.9255371e+01
   2.1087750e+06   3.4179688e+01
   2.1088920e+06   3.3996582e+01
   2.1092890e+06   3.3996582e+01
   2.1096010e+06   5.0537109e+01
   2.1096810e+06   3.3020020e+01
   2.2760720e+06   3.9062500e+01
   2.2761120e+06   4.0466309e+01
   2.2761580e+06   3.7902832e+01
   2.2761980e+06   4.3090820e+01
   2.2762190e+06   6.1706543e+01
   2.2762540e+06   3.5949707e+01
   2.2762830e+06   3.4179688e+01
   2.2762980e+06   3.8513184e+01
   2.2763280e+06   3.4362793e+01
   2.2763420e+06   5.1574707e+01
   2.2772870e+06   3.3203125e+01
   2.2773160e+06   3.4484863e+01
   2.2776000e+06   3.5583496e+01
   2.2776620e+06   3.6193848e+01
   2.2778970e+06   3.4545898e+01
   2.2779300e+06   3.6437988e+01
   2.2780480e+06   4.5654297e+01
   2.2782030e+06   4.6997070e+01
   2.2784000e+06   4.0649414e+01
   2.2785710e+06   3.8452148e+01
   2.2991020e+06   3.7048340e+01
   2.2991270e+06   3.3020020e+01
   2.2991450e+06   5.3833008e+01
   2.2991700e+06   7.3791504e+01
   2.2991900e+06   5.4077148e+01
   2.2992000e+06   5.0903320e+01
   2.2992250e+06   3.9367676e+01
   2.2992530e+06   4.9377441e+01
   2.2992740e+06   4.4921875e+01
   2.2993060e+06   6.4453125e+01
   2.2993270e+06   4.9316406e+01
   2.2993450e+06   3.8085938e+01
   2.2993560e+06   3.9611816e+01
   2.2994040e+06   3.4973145e+01
   2.2994440e+06   3.7292480e+01
   2.2994690e+06   4.6203613e+01
   2.2994920e+06   4.1625977e+01
   2.2995440e+06   4.1076660e+01
   2.3004150e+06   3.3447266e+01
   2.3006460e+06   3.7414551e+01
   2.5371170e+06   4.8522949e+01
   2.5371380e+06   3.6560059e+01
   2.5371630e+06   4.9011230e+01
   2.5371880e+06   6.3415527e+01
   2.5372100e+06   4.1564941e+01
   2.5372260e+06   5.6579590e+01
   2.5372510e+06   5.3283691e+01
   2.5372670e+06   4.9560547e+01
   2.5372990e+06   5.0659180e+01
   2.5373280e+06   4.2907715e+01
   2.5373420e+06   4.0588379e+01
   2.5373630e+06   4.3273926e+01
   2.5374840e+06   3.4301758e+01
   2.5383180e+06   3.5644531e+01
   2.5384990e+06   4.0039063e+01
   2.5389180e+06   4.7851562e+01
   2.5390440e+06   3.9978027e+01
   2.5394650e+06   3.3386230e+01
   2.6794640e+06   4.0283203e+01
   2.6795180e+06   5.1574707e+01
   2.6795420e+06   4.2236328e+01
   2.6795770e+06   6.3293457e+01
   2.6796110e+06   7.4645996e+01
   2.6796320e+06   4.6020508e+01
   2.6796740e+06   3.9123535e+01
   2.6797090e+06   4.1687012e+01
   2.6797640e+06   4.0344238e+01
   2.6806990e+06   3.3630371e+01
   2.6808350e+06   3.5095215e+01
   2.6810480e+06   4.3518066e+01
   2.6811900e+06   3.6376953e+01
   2.6813220e+06   3.4912109e+01
   2.6814330e+06   3.6437988e+01
   2.6816650e+06   3.6560059e+01
   2.6818060e+06   3.5339355e+01
   2.8664490e+06   4.7485352e+01
   2.8664830e+06   4.1931152e+01
   2.8664950e+06   9.7595215e+01
   2.8665240e+06   6.6345215e+01
   2.8665560e+06   5.2856445e+01
   2.8665840e+06   7.4096680e+01
   2.8666120e+06   3.3447266e+01
   2.8666480e+06   4.3334961e+01
   2.8666980e+06   3.5705566e+01
   2.8667260e+06   4.0405273e+01
   2.8673860e+06   3.4301758e+01
   2.8677290e+06   3.5766602e+01
   2.8679300e+06   3.6376953e+01
   2.8679660e+06   3.8940430e+01
   2.8681700e+06   3.8574219e+01
   2.8682020e+06   3.5522461e+01
   2.8684430e+06   3.3630371e+01
   2.8684770e+06   3.4851074e+01
   2.8686930e+06   4.0405273e+01
   2.8689090e+06   3.9611816e+01
   3.0757120e+06   3.5217285e+01
   3.0757420e+06   5.7556152e+01
   3.0757680e+06   7.3364258e+01
   3.0757980e+06   5.2978516e+01
   3.0758220e+06   4.7058105e+01
   3.0758330e+06   6.7016602e+01
   3.0758610e+06   4.6142578e+01
   3.0758850e+06   3.9794922e+01
   3.0759200e+06   4.8767090e+01
   3.0759410e+06   3.6132813e+01
   3.0769160e+06   3.5278320e+01
   3.0771030e+06   3.5705566e+01
   3.0772450e+06   3.4057617e+01
   3.0773300e+06   3.4057617e+01
   3.0773460e+06   3.6804199e+01
   3.0774450e+06   3.6315918e+01
   3.0774750e+06   3.4729004e+01
   3.0775560e+06   3.5278320e+01
   3.0776880e+06   3.5522461e+01
   3.0782300e+06   3.3081055e+01
   3.2447770e+06   4.6264648e+01
   3.2448290e+06   4.2419434e+01
   3.2448490e+06   3.6254883e+01
   3.2449030e+06   4.0161133e+01
   3.2449280e+06   4.2602539e+01
   3.2449510e+06   4.2358398e+01
   3.2449690e+06   5.2734375e+01
   3.2449840e+06   5.5786133e+01
   3.2450160e+06   4.6630859e+01
   3.2451860e+06   3.6071777e+01
   3.2461320e+06   4.2724609e+01
   3.2463100e+06   3.9978027e+01
   3.2465230e+06   3.3630371e+01
   3.2466230e+06   3.4973145e+01
   3.2467460e+06   3.3020020e+01
   3.2470600e+06   3.8696289e+01
   3.2472160e+06   3.3386230e+01
   3.2472820e+06   3.5827637e+01
   3.3635110e+06   4.1137695e+01
   3.3635650e+06   4.5410156e+01
   3.3635840e+06   7.5256348e+01
   3.3636070e+06   4.7058105e+01
   3.3636210e+06   4.3457031e+01
   3.3636430e+06   5.1940918e+01
   3.3636660e+06   7.5622559e+01
   3.3636760e+06   7.1472168e+01
   3.3637090e+06   3.7780762e+01
   3.3637400e+06   3.8146973e+01
   3.3638150e+06   3.8208008e+01
   3.3638520e+06   3.5278320e+01
   3.3639470e+06   3.3813477e+01
   3.3647850e+06   3.3325195e+01
   3.3648650e+06   3.5705566e+01
   3.3649670e+06   3.3691406e+01
   3.3650800e+06   4.0039063e+01
   3.3651920e+06   3.6865234e+01
   3.3653150e+06   3.5827637e+01
   3.3656690e+06   3.6865234e+01
   3.3658220e+06   3.3081055e+01
   3.3806470e+06   3.5705566e+01
   3.3807830e+06   4.6386719e+01
   3.3807930e+06   7.8918457e+01
   3.3808210e+06   4.0283203e+01
   3.3808860e+06   6.8298340e+01
   3.3809030e+06   6.5185547e+01
   3.3809450e+06   4.7180176e+01
   3.3809700e+06   3.9916992e+01
   3.3809800e+06   3.9489746e+01
   3.3810120e+06   4.1259766e+01
   3.3810610e+06   4.0832520e+01
   3.3810790e+06   4.9194336e+01
   3.3811050e+06   4.1442871e+01
   3.3811560e+06   4.6386719e+01
   3.3814690e+06   3.3813477e+01
   3.3819240e+06   3.4362793e+01
   3.3945860e+06   3.4057617e+01
   3.3947930e+06   4.1198730e+01
   3.3948040e+06   4.4189453e+01
   3.3948190e+06   4.6691895e+01
   3.3948590e+06   3.4179688e+01
   3.3948790e+06   3.8635254e+01
   3.3948950e+06   3.6743164e+01
   3.3949200e+06   3.4240723e+01
   3.3949320e+06   5.7128906e+01
   3.3949710e+06   4.7180176e+01
   3.3949830e+06   4.3762207e+01
   3.3950400e+06   3.7109375e+01
   3.3950530e+06   6.2316895e+01
   3.3950840e+06   3.4057617e+01
   3.3951100e+06   3.4729004e+01
   3.3951330e+06   4.7912598e+01
   3.3951860e+06   3.5949707e+01
   3.3952540e+06   4.6752930e+01
   3.3954080e+06   3.4790039e+01
   3.3954850e+06   4.1809082e+01
   3.3958510e+06   3.3081055e+01
   3.4064880e+06   3.4667969e+01
   3.4065420e+06   5.4260254e+01
   3.4066020e+06   5.0964355e+01
   3.4066420e+06   5.8410645e+01
   3.4066780e+06   5.6213379e+01
   3.4067250e+06   3.4545898e+01
   3.4067530e+06   5.6152344e+01
   3.4067710e+06   3.5949707e+01
   3.4067860e+06   4.0832520e+01
   3.4069110e+06   4.4860840e+01
   3.4069400e+06   3.8146973e+01
   3.4069610e+06   3.4179688e+01
   3.4070010e+06   4.2785645e+01
   3.4070170e+06   3.4667969e+01
   3.4070470e+06   4.5104980e+01
   3.4071480e+06   3.3935547e+01
   3.4071960e+06   3.5278320e+01
   3.4072150e+06   3.5705566e+01
   3.4073280e+06   3.6315918e+01
   3.4075870e+06   3.3630371e+01
   3.4077740e+06   3.4912109e+01
   3.4078000e+06   3.7536621e+01
   3.4079180e+06   4.0222168e+01
   3.4183950e+06   3.3935547e+01
   3.4184920e+06   3.5278320e+01
   3.4185120e+06   3.3325195e+01
   3.4185450e+06   4.2663574e+01
   3.4185980e+06   3.5217285e+01
   3.4186200e+06   5.0537109e+01
   3.4186390e+06   3.7780762e+01
   3.4186950e+06   4.8278809e+01
   3.4187520e+06   3.4606934e+01
   3.4187750e+06   4.7668457e+01
   3.4188040e+06   5.2978516e+01
   3.4188230e+06   4.3823242e+01
   3.4188630e+06   5.0354004e+01
   3.4189590e+06   4.7119141e+01
   3.4190180e+06   3.9306641e+01
   3.4190340e+06   3.4973145e+01
   3.4190720e+06   3.8452148e+01
   3.4191530e+06   3.8024902e+01
   3.4192360e+06   3.7292480e+01
   3.4193250e+06   3.4240723e+01
   3.4194090e+06   3.6621094e+01
   3.4195070e+06   3.3874512e+01
   3.4195920e+06   3.6865234e+01
   3.4199200e+06   3.5827637e+01
   3.4200560e+06   3.3447266e+01
   3.4300580e+06   4.4250488e+01
   3.4300950e+06   3.5644531e+01
   3.4301050e+06   5.9631348e+01
   3.4301710e+06   5.3161621e+01
   3.4301850e+06   5.6030273e+01
   3.4302370e+06   3.7780762e+01
   3.4302620e+06   4.5532227e+01
   3.4302800e+06   5.2795410e+01
   3.4303390e+06   3.7414551e+01
   3.4303650e+06   4.2968750e+01
   3.4304580e+06   4.1809082e+01
   3.4304720e+06   3.3630371e+01
   3.4305040e+06   3.7231445e+01
   3.4305500e+06   3.4973145e+01
   3.4305760e+06   4.4921875e+01
   3.4306240e+06   3.8452148e+01
   3.4306980e+06   3.3874512e+01
   3.4308400e+06   3.7719727e+01
   3.4309220e+06   3.3996582e+01
   3.4310010e+06   3.4851074e+01
   3.4311910e+06   3.8879395e+01
   3.4434990e+06   3.7353516e+01
   3.4435840e+06   3.5339355e+01
   3.4436100e+06   4.8583984e+01
   3.4436540e+06   3.7536621e+01
   3.4436870e+06   4.2724609e+01
   3.4437090e+06   3.6437988e+01
   3.4437350e+06   4.7790527e+01
   3.4437880e+06   3.3386230e+01
   3.4438410e+06   4.2846680e+01
   3.4438670e+06   5.8715820e+01
   3.4438950e+06   3.5339355e+01
   3.4439820e+06   3.6132813e+01
   3.4439930e+06   5.4687500e+01
   3.4440520e+06   3.3264160e+01
   3.4440850e+06   3.8391113e+01
   3.4442290e+06   3.4606934e+01
   3.4442440e+06   4.0405273e+01
   3.4444240e+06   3.3813477e+01
   3.4453830e+06   3.3508301e+01
   3.4545830e+06   3.9184570e+01
   3.4547190e+06   4.5654297e+01
   3.4548110e+06   6.0058594e+01
   3.4548380e+06   4.4677734e+01
   3.4548840e+06   3.6254883e+01
   3.4549290e+06   4.9438477e+01
   3.4549540e+06   3.3630371e+01
   3.4549730e+06   4.5227051e+01
   3.4550090e+06   3.7719727e+01
   3.4550260e+06   3.6804199e+01
   3.4550520e+06   3.3691406e+01
   3.4550880e+06   3.8696289e+01
   3.4551300e+06   4.1503906e+01
   3.4551550e+06   4.8278809e+01
   3.4552230e+06   3.6621094e+01
   3.4552430e+06   3.7109375e+01
   3.4552710e+06   3.5644531e+01
   3.4553060e+06   4.0710449e+01
   3.4553300e+06   3.6254883e+01
   3.4553450e+06   3.3325195e+01
   3.4554210e+06   4.2785645e+01
   3.4554690e+06   3.9001465e+01
   3.4555190e+06   6.6528320e+01
   3.4555290e+06   3.4301758e+01
   3.4556160e+06   3.6682129e+01
   3.4556370e+06   4.0222168e+01
   3.4558200e+06   3.4790039e+01
   3.4659800e+06   3.5156250e+01
   3.4660030e+06   4.3884277e+01
   3.4660310e+06   3.4362793e+01
   3.4660670e+06   3.4790039e+01
   3.4661040e+06   4.2236328e+01
   3.4661300e+06   3.3142090e+01
   3.4661450e+06   4.3273926e+01
   3.4661740e+06   3.3569336e+01
   3.4661970e+06   5.7556152e+01
   3.4662340e+06   4.2114258e+01
   3.4663030e+06   4.8583984e+01
   3.4663410e+06   3.8879395e+01
   3.4663660e+06   5.0415039e+01
   3.4663790e+06   3.7414551e+01
   3.4664110e+06   3.9123535e+01
   3.4664440e+06   3.5339355e+01
   3.4664800e+06   3.8635254e+01
   3.4665640e+06   4.3823242e+01
   3.4665820e+06   3.4851074e+01
   3.4666170e+06   4.4250488e+01
   3.4666460e+06   3.9062500e+01
   3.4667430e+06   4.4555664e+01
   3.4668280e+06   3.6193848e+01
   3.4669190e+06   4.9987793e+01
   3.4669340e+06   3.4118652e+01
   3.4815900e+06   3.7597656e+01
   3.4817430e+06   6.7199707e+01
   3.4818330e+06   4.3640137e+01
   3.4818480e+06   4.8583984e+01
   3.4818850e+06   5.3222656e+01
   3.4818990e+06   3.3386230e+01
   3.4819320e+06   3.5095215e+01
   3.4819570e+06   3.8269043e+01
   3.4820130e+06   3.9367676e+01
   3.4820480e+06   4.1320801e+01
   3.4820970e+06   3.5278320e+01
   3.4821240e+06   6.9458008e+01
   3.4821410e+06   4.3457031e+01
   3.4821510e+06   3.6071777e+01
   3.4822410e+06   4.0527344e+01
   3.4822740e+06   4.5959473e+01
   3.4823420e+06   3.8879395e+01
   3.4824220e+06   3.8513184e+01
   3.4943580e+06   3.3508301e+01
   3.4943980e+06   4.3884277e+01
   3.4944200e+06   5.1391602e+01
   3.4944940e+06   3.6254883e+01
   3.4945510e+06   3.7658691e+01
   3.4945640e+06   4.6325684e+01
   3.4946700e+06   5.4870605e+01
   3.4947230e+06   3.6010742e+01
   3.4947480e+06   6.3964844e+01
   3.4948360e+06   3.3691406e+01
   3.4948470e+06   3.5339355e+01
   3.4948620e+06   3.3935547e+01
   3.4949180e+06   5.2246094e+01
   3.4950040e+06   5.3833008e+01
   3.4952310e+06   4.6081543e+01
   3.4952690e+06   3.4851074e+01
   3.4953730e+06   4.1320801e+01
   3.4954190e+06   3.9733887e+01
   3.4954950e+06   3.3630371e+01
   3.5069760e+06   4.7424316e+01
   3.5070930e+06   4.6325684e+01
   3.5071320e+06   3.6743164e+01
   3.5071760e+06   5.6396484e+01
   3.5071940e+06   3.9855957e+01
   3.5072530e+06   3.3508301e+01
   3.5072690e+06   4.3090820e+01
   3.5072990e+06   4.4921875e+01
   3.5074150e+06   3.5278320e+01
   3.5074730e+06   3.5400391e+01
   3.5074940e+06   3.5644531e+01
   3.5075600e+06   4.1503906e+01
   3.5076490e+06   3.6376953e+01
   3.5076840e+06   6.8420410e+01
   3.5078530e+06   4.6936035e+01
   3.5080530e+06   3.9062500e+01
   3.5193740e+06   4.1625977e+01
   3.5194250e+06   5.8898926e+01
   3.5195080e+06   4.4311523e+01
   3.5195470e+06   4.0710449e+01
   3.5196590e+06   4.2175293e+01
   3.5197380e+06   3.7048340e+01
   3.5197800e+06   3.6315918e+01
   3.5197930e+06   4.4738770e+01
   3.5198350e+06   5.8288574e+01
   3.5199030e+06   4.1320801e+01
   3.5199460e+06   3.3508301e+01
   3.5200520e+06   3.9733887e+01
   3.5201060e+06   3.3935547e+01
   3.5203400e+06   5.0354004e+01
   3.5328910e+06   3.8208008e+01
   3.5329640e+06   4.1809082e+01
   3.5330150e+06   4.1015625e+01
   3.5330620e+06   3.3874512e+01
   3.5331090e+06   6.8237305e+01
   3.5332200e+06   5.3466797e+01
   3.5333160e+06   3.4667969e+01
   3.5333420e+06   3.6132813e+01
   3.5334180e+06   4.2724609e+01
   3.5334500e+06   3.7902832e+01
   3.5334820e+06   3.8940430e+01
   3.5335240e+06   3.7170410e+01
   3.5337170e+06   3.9794922e+01
   3.5338560e+06   4.1442871e+01
   3.5340640e+06   3.3081055e+01
   3.5342500e+06   3.3569336e+01
   3.5555740e+06   4.9316406e+01
   3.5556040e+06   3.9916992e+01
   3.5556240e+06   5.7678223e+01
   3.5556560e+06   5.4870605e+01
   3.5556860e+06   4.6875000e+01
   3.5556990e+06   3.9672852e+01
   3.5557440e+06   3.6315918e+01
   3.5557830e+06   4.0161133e+01
   3.5558290e+06   4.9682617e+01
   3.5558580e+06   3.5156250e+01
   3.5558780e+06   3.4423828e+01
   3.5559070e+06   3.5217285e+01
   3.5559390e+06   4.4433594e+01
   3.5560210e+06   4.1687012e+01
   3.5561370e+06   3.6926270e+01
   3.5561590e+06   3.4301758e+01
   3.5561930e+06   3.8696289e+01
   3.5562380e+06   3.3264160e+01
   3.5567200e+06   3.3508301e+01
   3.5571780e+06   3.3142090e+01
   4.0300430e+06   3.5949707e+01
   4.0300690e+06   4.7790527e+01
   4.0300820e+06   7.0739746e+01
   4.0301420e+06   3.6132813e+01
   4.0301770e+06   4.3579102e+01
   4.0301990e+06   6.3842773e+01
   4.0302450e+06   3.5278320e+01
   4.0302830e+06   3.6132813e+01
   4.0303180e+06   3.9855957e+01
   4.0303460e+06   4.3395996e+01
   4.0310660e+06   3.3081055e+01
   4.0313680e+06   3.7536621e+01
   4.0315050e+06   3.5888672e+01
   4.0316800e+06   4.1687012e+01
   4.0318790e+06   3.5766602e+01
   4.0319620e+06   4.0649414e+01
   4.0322780e+06   4.3395996e+01
   4.0323990e+06   3.3142090e+01
   4.0418340e+06   3.3020020e+01
   4.2379270e+06   3.5705566e+01
   4.2379390e+06   4.8217773e+01
   4.2379630e+06   3.5278320e+01
   4.2379850e+06   4.3273926e+01
   4.2380190e+06   6.6772461e+01
   4.2380320e+06   4.8217773e+01
   4.2380560e+06   5.7617188e+01
   4.2380710e+06   5.6884766e+01
   4.2381160e+06   4.4921875e+01
   4.2381310e+06   3.3081055e+01
   4.2381770e+06   4.4860840e+01
   4.2395030e+06   3.3386230e+01
   4.2396430e+06   3.3264160e+01
   4.2398210e+06   3.6315918e+01
   4.2398720e+06   3.3874512e+01
   4.2399380e+06   3.9916992e+01
   4.2401490e+06   3.4729004e+01
   4.2403920e+06   3.6437988e+01
   4.2405560e+06   3.3020020e+01
   4.4621320e+06   3.7353516e+01
   4.4621570e+06   4.7119141e+01
   4.4621810e+06   5.3161621e+01
   4.4621940e+06   6.1645508e+01
   4.4622230e+06   3.3325195e+01
   4.4622520e+06   5.7678223e+01
   4.4622720e+06   5.3527832e+01
   4.4622960e+06   4.7424316e+01
   4.4623130e+06   3.7109375e+01
   4.4623380e+06   4.8767090e+01
   4.4623690e+06   4.0832520e+01
   4.4625290e+06   3.4790039e+01
   4.4635270e+06   4.6264648e+01
   4.4636480e+06   3.7475586e+01
   4.4637710e+06   4.7119141e+01
   4.4639810e+06   3.8330078e+01
   4.4641460e+06   4.0039063e+01
   4.4648510e+06   3.3203125e+01
   4.6343810e+06   5.0964355e+01
   4.6344060e+06   4.6752930e+01
   4.6344200e+06   5.2246094e+01
   4.6344460e+06   6.3415527e+01
   4.6344630e+06   3.6193848e+01
   4.6344940e+06   5.4565430e+01
   4.6345090e+06   4.1931152e+01
   4.6345450e+06   3.6071777e+01
   4.6345640e+06   5.2856445e+01
   4.6345950e+06   4.2175293e+01
   4.6359960e+06   3.5339355e+01
   4.6360460e+06   3.5949707e+01
   4.6361700e+06   3.5156250e+01
   4.6363360e+06   3.7658691e+01
   4.6364770e+06   4.1625977e+01
   4.6367070e+06   3.3813477e+01
   4.8379530e+06   3.4729004e+01
   4.8379830e+06   3.6499023e+01
   4.8380130e+06   7.6232910e+01
   4.8380260e+06   8.2702637e+01
   4.8380660e+06   3.5827637e+01
   4.8380840e+06   5.1757813e+01
   4.8381010e+06   3.5644531e+01
   4.8381210e+06   3.7231445e+01
   4.8381480e+06   3.5949707e+01
   4.8381680e+06   5.0109863e+01
   4.8382020e+06   5.2551270e+01
   4.8382420e+06   4.4738770e+01
   4.8383800e+06   3.5156250e+01
   4.8393760e+06   4.4738770e+01
   4.8395560e+06   3.9916992e+01
   4.8398790e+06   3.3752441e+01
   4.8400270e+06   3.8208008e+01
   4.8406950e+06   3.4851074e+01
   4.8521900e+06   4.1076660e+01
   4.8522420e+06   3.8024902e+01
   4.8522690e+06   4.2602539e+01
   4.8523060e+06   4.5349121e+01
   4.8523420e+06   5.0964355e+01
   4.8523940e+06   3.9611816e+01
   4.8524360e+06   4.2907715e+01
   4.8524670e+06   3.3752441e+01
   4.8524820e+06   3.3630371e+01
   4.8525080e+06   5.0415039e+01
   4.8525390e+06   3.5522461e+01
   4.8525690e+06   3.5278320e+01
   4.8525860e+06   5.0842285e+01
   4.8526510e+06   4.4860840e+01
   4.8526930e+06   4.0161133e+01
   4.8527470e+06   3.4179688e+01
   4.8536400e+06   3.7719727e+01
   4.8656090e+06   3.6193848e+01
   4.8656410e+06   3.4667969e+01
   4.8656790e+06   3.9611816e+01
   4.8656970e+06   5.4138184e+01
   4.8657530e+06   3.8879395e+01
   4.8657720e+06   3.8330078e+01
   4.8658140e+06   3.3569336e+01
   4.8658340e+06   4.7607422e+01
   4.8658750e+06   4.9072266e+01
   4.8658890e+06   4.6203613e+01
   4.8659000e+06   3.5095215e+01
   4.8659170e+06   3.9550781e+01
   4.8659830e+06   4.2602539e+01
   4.8660160e+06   3.3935547e+01
   4.8660450e+06   4.0222168e+01
   4.8660700e+06   5.3161621e+01
   4.8661240e+06   4.1687012e+01
   4.8661490e+06   3.7841797e+01
   4.8662380e+06   3.4484863e+01
   4.8664020e+06   3.4179688e+01
   4.8665570e+06   3.8696289e+01
   4.8672280e+06   3.4301758e+01
   4.8786090e+06   3.6376953e+01
   4.8786650e+06   5.8715820e+01
   4.8787270e+06   5.7983398e+01
   4.8787650e+06   3.6621094e+01
   4.8787770e+06   3.6010742e+01
   4.8788130e+06   3.7231445e+01
   4.8788770e+06   3.5461426e+01
   4.8788890e+06   4.6020508e+01
   4.8789090e+06   3.3935547e+01
   4.8789310e+06   3.7963867e+01
   4.8789470e+06   4.1259766e+01
   4.8790410e+06   3.6560059e+01
   4.8790600e+06   4.0283203e+01
   4.8791240e+06   3.4729004e+01
   4.8793000e+06   4.0039063e+01
   4.8793420e+06   4.0161133e+01
   4.8794760e+06   4.2114258e+01
   4.8796330e+06   3.3081055e+01
   4.8801880e+06   3.6865234e+01
   4.9023250e+06   3.7963867e+01
   4.9023650e+06   4.4860840e+01
   4.9023800e+06   4.1564941e+01
   4.9024290e+06   4.9682617e+01
   4.9024440e+06   5.4260254e+01
   4.9025070e+06   7.8552246e+01
   4.9025430e+06   5.0903320e+01
   4.9025880e+06   4.6936035e+01
   4.9026850e+06   4.5654297e+01
   4.9027110e+06   4.3457031e+01
   4.9027280e+06   3.5705566e+01
   4.9028350e+06   4.0222168e+01
   4.9028820e+06   3.7048340e+01
   4.9030100e+06   3.4179688e+01
   4.9037630e+06   4.0222168e+01
   4.9216500e+06   5.6579590e+01
   4.9216810e+06   5.6945801e+01
   4.9217160e+06   3.7414551e+01
   4.9217380e+06   3.5095215e+01
   4.9217560e+06   3.8452148e+01
   4.9217810e+06   4.8400879e+01
   4.9218150e+06   3.5644531e+01
   4.9218310e+06   5.4626465e+01
   4.9218640e+06   3.7292480e+01
   4.9218900e+06   4.3029785e+01
   4.9219060e+06   3.5156250e+01
   4.9219380e+06   3.5339355e+01
   4.9220310e+06   3.9245605e+01
   4.9220600e+06   4.6813965e+01
   4.9220800e+06   3.4851074e+01
   4.9221880e+06   4.2358398e+01
   4.9222100e+06   3.4179688e+01
   4.9222660e+06   3.7719727e+01
   4.9223960e+06   3.3996582e+01
   4.9224690e+06   3.4484863e+01
   4.9226470e+06   3.7109375e+01
   4.9372140e+06   4.1198730e+01
   4.9372490e+06   3.3386230e+01
   4.9372800e+06   5.4199219e+01
   4.9373140e+06   4.1320801e+01
   4.9373250e+06   4.7241211e+01
   4.9373550e+06   3.6254883e+01
   4.9373910e+06   5.0415039e+01
   4.9374350e+06   4.8217773e+01
   4.9374650e+06   3.5949707e+01
   4.9374850e+06   3.8085938e+01
   4.9375100e+06   4.3884277e+01
   4.9375390e+06   4.9804688e+01
   4.9375780e+06   3.4545898e+01
   4.9376250e+06   4.3334961e+01
   4.9376490e+06   3.5949707e+01
   4.9376820e+06   4.1809082e+01
   4.9376920e+06   4.7790527e+01
   4.9377170e+06   3.7292480e+01
   4.9377940e+06   3.5705566e+01
   4.9378300e+06   3.7780762e+01
   4.9378410e+06   3.5583496e+01
   4.9384940e+06   3.6254883e+01
   4.9385850e+06   4.1015625e+01
   4.9388010e+06   3.5095215e+01
   4.9498220e+06   4.3640137e+01
   4.9498780e+06   3.4240723e+01
   4.9499170e+06   3.6132813e+01
   4.9499540e+06   4.5410156e+01
   4.9499820e+06   7.0556641e+01
   4.9500330e+06   3.4484863e+01
   4.9500480e+06   3.5339355e+01
   4.9501030e+06   4.0100098e+01
   4.9501280e+06   4.2663574e+01
   4.9501850e+06   3.3813477e+01
   4.9502030e+06   5.9387207e+01
   4.9502360e+06   3.6315918e+01
   4.9502550e+06   4.1564941e+01
   4.9504000e+06   3.8024902e+01
   4.9504110e+06   4.3457031e+01
   4.9504440e+06   3.3142090e+01
   4.9504630e+06   3.8146973e+01
   4.9505140e+06   3.4179688e+01
   4.9505380e+06   3.8879395e+01
   4.9506580e+06   3.8635254e+01
   4.9508190e+06   3.4545898e+01
   4.9676730e+06   5.2917480e+01
   4.9676980e+06   4.6875000e+01
   4.9677330e+06   3.3935547e+01
   4.9677770e+06   5.7495117e+01
   4.9677960e+06   3.3142090e+01
   4.9678530e+06   4.1870117e+01
   4.9678740e+06   3.5766602e+01
   4.9679210e+06   4.8767090e+01
   4.9681450e+06   4.9987793e+01
   4.9683830e+06   3.4484863e+01
   4.9808390e+06   4.0344238e+01
   4.9808900e+06   3.5217285e+01
   4.9809300e+06   5.0170898e+01
   4.9809680e+06   4.9072266e+01
   4.9809830e+06   3.6560059e+01
   4.9810190e+06   4.6020508e+01
   4.9810650e+06   4.6813965e+01
   4.9811210e+06   3.7963867e+01
   4.9811550e+06   3.4484863e+01
   4.9811880e+06   3.8940430e+01
   4.9812020e+06   3.8452148e+01
   4.9813480e+06   4.3945313e+01
   4.9813700e+06   3.8208008e+01
   4.9815290e+06   4.1870117e+01
   4.9816200e+06   4.0100098e+01
   4.9817920e+06   3.9184570e+01
   4.9819900e+06   3.6376953e+01
   4.9933780e+06   3.3264160e+01
   4.9934080e+06   4.5349121e+01
   4.9934340e+06   3.7719727e+01
   4.9934620e+06   3.3569336e+01
   4.9934720e+06   5.0109863e+01
   4.9935360e+06   4.5227051e+01
   4.9935810e+06   4.7485352e+01
   4.9936640e+06   3.6376953e+01
   4.9937340e+06   3.9855957e+01
   4.9937860e+06   3.9001465e+01
   4.9938230e+06   3.4423828e+01
   4.9939280e+06   4.2785645e+01
   4.9939840e+06   3.6743164e+01
   4.9941850e+06   3.5949707e+01
   4.9942860e+06   3.5827637e+01
   4.9943850e+06   3.3203125e+01
   4.9945270e+06   3.4118652e+01
   4.9947190e+06   3.6499023e+01
   4.9949980e+06   4.1564941e+01
   5.0078920e+06   4.0344238e+01
   5.0079390e+06   5.0964355e+01
   5.0079680e+06   5.0292969e+01
   5.0080170e+06   3.9978027e+01
   5.0080330e+06   3.9672852e+01
   5.0080560e+06   5.0170898e+01
   5.0080880e+06   3.3386230e+01
   5.0081780e+06   3.4179688e+01
   5.0082100e+06   4.1931152e+01
   5.0082610e+06   4.9194336e+01
   5.0083620e+06   5.1086426e+01
   5.0084300e+06   3.3325195e+01
   5.0084790e+06   4.4921875e+01
   5.0085370e+06   3.5705566e+01
   5.0085860e+06   3.5034180e+01
   5.0087320e+06   4.3212891e+01
   5.0088340e+06   3.9672852e+01
   5.0090860e+06   3.5766602e+01
   5.0092570e+06   3.4118652e+01
   5.0210770e+06   3.9428711e+01
   5.0211090e+06   6.2744141e+01
   5.0211330e+06   3.9367676e+01
   5.0212280e+06   4.9743652e+01
   5.0212600e+06   4.4982910e+01
   5.0212880e+06   3.5156250e+01
   5.0213420e+06   3.8818359e+01
   5.0213770e+06   4.9377441e+01
   5.0214810e+06   5.8593750e+01
   5.0214980e+06   4.8278809e+01
   5.0215790e+06   4.3334961e+01
   5.0216750e+06   4.4372559e+01
   5.0217140e+06   4.3029785e+01
   5.0217380e+06   4.2907715e+01
   5.0219270e+06   3.5278320e+01
   5.0219610e+06   3.7536621e+01
   5.0221020e+06   3.4423828e+01
   5.0222730e+06   3.6010742e+01
   5.0354670e+06   3.6193848e+01
   5.0355190e+06   3.3691406e+01
   5.0355610e+06   3.5400391e+01
   5.0355800e+06   5.1696777e+01
   5.0356030e+06   3.8085938e+01
   5.0356290e+06   5.6396484e+01
   5.0356490e+06   4.1320801e+01
   5.0357150e+06   5.0842285e+01
   5.0358000e+06   3.3386230e+01
   5.0358120e+06   3.7170410e+01
   5.0358630e+06   6.3354492e+01
   5.0358850e+06   3.5217285e+01
   5.0358990e+06   4.1137695e+01
   5.0359730e+06   3.6437988e+01
   5.0360330e+06   3.6560059e+01
   5.0360820e+06   3.5400391e+01
   5.0361210e+06   4.1137695e+01
   5.0361360e+06   3.3569336e+01
   5.0485940e+06   3.7597656e+01
   5.0487250e+06   3.7109375e+01
   5.0487670e+06   3.3508301e+01
   5.0488080e+06   3.6254883e+01
   5.0489270e+06   6.7382813e+01
   5.0490360e+06   3.5461426e+01
   5.0491430e+06   3.6010742e+01
   5.0491570e+06   3.7658691e+01
   5.0492540e+06   4.8217773e+01
   5.0496210e+06   3.6315918e+01
   5.0499110e+06   4.8828125e+01
   5.0723910e+06   3.7170410e+01
   5.0724390e+06   4.6691895e+01
   5.0724990e+06   4.7668457e+01
   5.0725360e+06   3.8635254e+01
   5.0725470e+06   3.3874512e+01
   5.0725850e+06   3.3935547e+01
   5.0726390e+06   3.6376953e+01
   5.0726730e+06   5.9875488e+01
   5.0727130e+06   4.0710449e+01
   5.0727490e+06   3.8696289e+01
   5.0727820e+06   3.6987305e+01
   5.0728200e+06   3.7658691e+01
   5.0728340e+06   4.7790527e+01
   5.0729110e+06   4.4860840e+01
   5.0730460e+06   3.3874512e+01
   5.0730600e+06   3.8574219e+01
   5.0731780e+06   3.7170410e+01
   5.5408360e+06   3.3325195e+01
   5.5408600e+06   3.4545898e+01
   5.5408720e+06   4.1442871e+01
   5.5409050e+06   6.0546875e+01
   5.5409330e+06   3.7353516e+01
   5.5409560e+06   4.8645020e+01
   5.5409690e+06   6.7749023e+01
   5.5410000e+06   5.6396484e+01
   5.5410190e+06   3.3874512e+01
   5.5410350e+06   4.2297363e+01
   5.5410500e+06   5.1025391e+01
   5.5410770e+06   3.4606934e+01
   5.5420400e+06   3.6437988e+01
   5.5421010e+06   3.4423828e+01
   5.5421470e+06   4.2785645e+01
   5.5428340e+06   4.1259766e+01
   5.5428740e+06   3.7414551e+01
   5.5430270e+06   3.5278320e+01
   5.5431550e+06   3.4179688e+01
   5.5432440e+06   4.1687012e+01
   5.5433200e+06   3.4851074e+01
   5.8317370e+06   3.5522461e+01
   5.8317630e+06   4.5532227e+01
   5.8317730e+06   3.7902832e+01
   5.8317950e+06   5.7006836e+01
   5.8318120e+06   4.0588379e+01
   5.8318350e+06   4.1564941e+01
   5.8318540e+06   5.2917480e+01
   5.8318640e+06   5.6884766e+01
   5.8318940e+06   5.1513672e+01
   5.8319430e+06   4.8522949e+01
   5.8319640e+06   4.2480469e+01
   5.8320260e+06   3.6865234e+01
   5.8320450e+06   4.0771484e+01
   5.8330900e+06   3.4362793e+01
   5.8332390e+06   3.5156250e+01
   5.8334050e+06   3.6010742e+01
   5.8334530e+06   3.5522461e+01
   5.8335090e+06   3.5522461e+01
   5.8336110e+06   3.4667969e+01
   5.8336880e+06   3.6315918e+01
   5.8338070e+06   3.7841797e+01
   5.8497640e+06   3.8208008e+01
   5.8497870e+06   4.1137695e+01
   5.8498140e+06   3.3142090e+01
   5.8498350e+06   3.6987305e+01
   5.8498540e+06   6.0852051e+01
   5.8498770e+06   3.7109375e+01
   5.8499190e+06   6.5979004e+01
   5.8499590e+06   3.8024902e+01
   5.8499770e+06   5.2429199e+01
   5.8500140e+06   4.1320801e+01
   5.8500250e+06   4.4372559e+01
   5.8500430e+06   3.7170410e+01
   5.8500710e+06   3.6987305e+01
   5.8500950e+06   4.2968750e+01
   5.8501260e+06   4.7851563e+01
   5.8502560e+06   3.6682129e+01
   5.8505490e+06   3.6254883e+01
   5.8513870e+06   3.7170410e+01
   5.8698530e+06   3.9733887e+01
   5.8698930e+06   5.5419922e+01
   5.8699290e+06   5.9265137e+01
   5.8699750e+06   6.6589355e+01
   5.8699990e+06   5.1757813e+01
   5.8700430e+06   4.8156738e+01
   5.8700550e+06   5.4321289e+01
   5.8700980e+06   3.5644531e+01
   5.8701430e+06   3.3996582e+01
   5.8701770e+06   4.1870117e+01
   5.8702610e+06   4.9377441e+01
   5.8702750e+06   4.1259766e+01
   5.8703660e+06   3.6071777e+01
   5.8704120e+06   3.6376953e+01
   5.8704820e+06   3.3142090e+01
   5.8709680e+06   3.3569336e+01
   5.8951790e+06   3.6682129e+01
   5.8952330e+06   3.9062500e+01
   5.8952630e+06   5.3710938e+01
   5.8953320e+06   4.7607422e+01
   5.8953640e+06   3.4606934e+01
   5.8953900e+06   4.9987793e+01
   5.8954030e+06   6.2011719e+01
   5.8954330e+06   4.7790527e+01
   5.8954730e+06   3.9001465e+01
   5.8955340e+06   3.5461426e+01
   5.8955500e+06   3.3630371e+01
   5.8955990e+06   3.8513184e+01
   5.8957310e+06   3.3081055e+01
   5.8963070e+06   3.3630371e+01
   5.8966020e+06   3.3630371e+01
   5.8966990e+06   3.5583496e+01
   5.8968430e+06   4.0893555e+01
   5.9263650e+06   4.2419434e+01
   5.9264070e+06   4.9438477e+01
   5.9264370e+06   5.7861328e+01
   5.9264620e+06   3.3142090e+01
   5.9264890e+06   7.1716309e+01
   5.9265210e+06   3.6376953e+01
   5.9265460e+06   4.4799805e+01
   5.9265610e+06   4.3029785e+01
   5.9265970e+06   4.6630859e+01
   5.9266190e+06   4.1625977e+01
   5.9266320e+06   3.6621094e+01
   5.9266730e+06   4.7912598e+01
   5.9267500e+06   3.9733887e+01
   5.9267730e+06   3.5766602e+01
   5.9276120e+06   3.9855957e+01
   5.9278020e+06   3.3508301e+01
   5.9280880e+06   3.4362793e+01
   5.9438480e+06   3.4057617e+01
   5.9438690e+06   4.4860840e+01
   5.9439130e+06   4.5471191e+01
   5.9439370e+06   3.6132813e+01
   5.9439900e+06   3.7170410e+01
   5.9440450e+06   4.7790527e+01
   5.9440650e+06   3.4118652e+01
   5.9440960e+06   3.6804199e+01
   5.9441190e+06   5.5053711e+01
   5.9441730e+06   3.5278320e+01
   5.9441930e+06   5.2368164e+01
   5.9442450e+06   3.3630371e+01
   5.9442620e+06   4.4921875e+01
   5.9443230e+06   3.3813477e+01
   5.9444310e+06   3.3142090e+01
   5.9444430e+06   3.4912109e+01
   5.9445790e+06   3.4423828e+01
   5.9446420e+06   3.7658691e+01
   5.9448600e+06   3.3935547e+01
   5.9455680e+06   3.7597656e+01
   5.9661570e+06   3.8940430e+01
   5.9661730e+06   3.8391113e+01
   5.9661930e+06   3.5461426e+01
   5.9662590e+06   8.1665039e+01
   5.9663110e+06   4.1809082e+01
   5.9663360e+06   5.2185059e+01
   5.9663810e+06   3.3081055e+01
   5.9664060e+06   4.8706055e+01
   5.9664470e+06   6.6589355e+01
   5.9664690e+06   4.6142578e+01
   5.9664930e+06   3.7170410e+01
   5.9665310e+06   3.4729004e+01
   5.9665610e+06   3.4729004e+01
   5.9666410e+06   3.3081055e+01
   5.9667730e+06   3.3203125e+01
   5.9668530e+06   3.9978027e+01
   5.9676360e+06   3.3752441e+01
   5.9927840e+06   4.9743652e+01
   5.9927940e+06   3.4973145e+01
   5.9928170e+06   4.1748047e+01
   5.9928630e+06   4.8767090e+01
   5.9929280e+06   5.7250977e+01
   5.9929960e+06   4.4006348e+01
   5.9930500e+06   4.4250488e+01
   5.9931000e+06   3.7963867e+01
   5.9931130e+06   4.0039063e+01
   5.9932430e+06   3.3081055e+01
   5.9943690e+06   3.4484863e+01
   6.0163510e+06   3.7292480e+01
   6.0164000e+06   4.0283203e+01
   6.0164400e+06   4.5776367e+01
   6.0164630e+06   4.3640137e+01
   6.0164820e+06   4.4738770e+01
   6.0165170e+06   4.7241211e+01
   6.0165330e+06   4.7241211e+01
   6.0165630e+06   3.9306641e+01
   6.0166040e+06   4.4616699e+01
   6.0166140e+06   3.5766602e+01
   6.0166420e+06   3.7719727e+01
   6.0167060e+06   3.3996582e+01
   6.0167370e+06   5.4809570e+01
   6.0167600e+06   3.8513184e+01
   6.0168130e+06   3.3447266e+01
   6.0168530e+06   3.6499023e+01
   6.0169900e+06   3.6682129e+01
   6.0172570e+06   3.5400391e+01
   6.4880580e+06   3.4301758e+01
   6.5484980e+06   3.4484863e+01
   6.5485100e+06   3.8146973e+01
   6.5485670e+06   8.9660645e+01
   6.5485790e+06   3.5400391e+01
   6.5486200e+06   6.0546875e+01
   6.5486500e+06   5.0354004e+01
   6.5486650e+06   4.5410156e+01
   6.5487010e+06   5.2551270e+01
   6.5487380e+06   5.7250977e+01
   6.5487550e+06   3.9978027e+01
   6.5488570e+06   3.3386230e+01
   6.5488860e+06   3.6987305e+01
   6.5502560e+06   4.7729492e+01
   6.5504190e+06   3.9062500e+01
   6.5508620e+06   3.9367676e+01
   6.5512030e+06   3.5949707e+01
   6.8382790e+06   3.9062500e+01
   6.8383100e+06   3.4973145e+01
   6.8383410e+06   7.0129395e+01
   6.8383680e+06   3.4545898e+01
   6.8383990e+06   5.0537109e+01
   6.8384100e+06   5.1757813e+01
   6.8384540e+06   4.5410156e+01
   6.8384700e+06   3.9794922e+01
   6.8385010e+06   3.3447266e+01
   6.8385220e+06   4.2358398e+01
   6.8385490e+06   4.3823242e+01
   6.8386240e+06   3.4912109e+01
   6.8396700e+06   4.1564941e+01
   6.8398170e+06   3.3630371e+01
   6.8399660e+06   3.7414551e+01
   6.8400240e+06   4.2053223e+01
   6.8401430e+06   3.6437988e+01
   6.8404240e+06   4.1015625e+01
   6.8405870e+06   3.4179688e+01
   6.8559620e+06   4.0405273e+01
   6.8560290e+06   6.1706543e+01
   6.8560830e+06   3.3325195e+01
   6.8560970e+06   5.4016113e+01
   6.8561500e+06   5.7739258e+01
   6.8561760e+06   4.1809082e+01
   6.8562070e+06   4.7485352e+01
   6.8562270e+06   3.9978027e+01
   6.8562530e+06   3.5827637e+01
   6.8562630e+06   3.7963867e+01
   6.8563010e+06   3.8269043e+01
   6.8563740e+06   4.9194336e+01
   6.8564270e+06   3.3691406e+01
   6.8564930e+06   3.4729004e+01
   6.8567220e+06   3.3508301e+01
   6.8570620e+06   3.3386230e+01
   6.8574560e+06   3.5522461e+01
   6.8733880e+06   4.3090820e+01
   6.8734020e+06   5.9570313e+01
   6.8734230e+06   3.6560059e+01
   6.8734810e+06   7.6538086e+01
   6.8735080e+06   3.3081055e+01
   6.8735390e+06   5.6823730e+01
   6.8735650e+06   4.1992188e+01
   6.8735810e+06   3.7048340e+01
   6.8736070e+06   3.6376953e+01
   6.8736280e+06   3.6926270e+01
   6.8736750e+06   4.5776367e+01
   6.8736880e+06   5.1452637e+01
   6.8737530e+06   3.4484863e+01
   6.8737780e+06   3.5461426e+01
   6.8738110e+06   3.6315918e+01
   6.8738910e+06   3.6499023e+01
   6.8740030e+06   4.1198730e+01
   6.8745930e+06   4.2419434e+01
   6.8748760e+06   3.5278320e+01
   6.8937540e+06   3.3935547e+01
   6.8938060e+06   4.4799805e+01
   6.8938400e+06   5.3955078e+01
   6.8938510e+06   6.8054199e+01
   6.8938700e+06   3.7841797e+01
   6.8939070e+06   5.4138184e+01
   6.8939330e+06   3.7475586e+01
   6.8939440e+06   6.1523438e+01
   6.8939770e+06   3.9672852e+01
   6.8940110e+06   3.6010742e+01
   6.8940370e+06   5.3771973e+01
   6.8940520e+06   3.8269043e+01
   6.8941100e+06   4.5104980e+01
   6.8941410e+06   4.0832520e+01
   6.8942960e+06   4.4494629e+01
   6.8943150e+06   3.6010742e+01
   6.8943520e+06   3.3325195e+01
   6.8952170e+06   3.3325195e+01
   6.9138370e+06   4.9377441e+01
   6.9138760e+06   3.9916992e+01
   6.9139150e+06   3.4973145e+01
   6.9139360e+06   3.5034180e+01
   6.9139640e+06   3.7597656e+01
   6.9139910e+06   5.7373047e+01
   6.9140010e+06   5.5664063e+01
   6.9140340e+06   3.9611816e+01
   6.9140530e+06   4.0039062e+01
   6.9140770e+06   4.6691895e+01
   6.9140890e+06   5.6152344e+01
   6.9142970e+06   3.3264160e+01
   6.9143540e+06   3.5034180e+01
   6.9144980e+06   4.0466309e+01
   6.9296870e+06   4.1564941e+01
   6.9297790e+06   3.3325195e+01
   6.9298160e+06   3.5278320e+01
   6.9298480e+06   4.1992188e+01
   6.9298690e+06   4.7790527e+01
   6.9298850e+06   3.7048340e+01
   6.9299270e+06   3.3142090e+01
   6.9299460e+06   5.3894043e+01
   6.9299740e+06   3.6560059e+01
   6.9300150e+06   3.8513184e+01
   6.9300610e+06   3.9306641e+01
   6.9300970e+06   4.5532227e+01
   6.9301840e+06   3.5217285e+01
   6.9302010e+06   4.1015625e+01
   6.9302140e+06   3.3935547e+01
   6.9302850e+06   3.3325195e+01
   6.9303280e+06   3.4484863e+01
   6.9304490e+06   3.4606934e+01
   6.9305110e+06   4.4372559e+01
   6.9305790e+06   3.3081055e+01
   6.9307140e+06   4.0161133e+01
   6.9311090e+06   3.4851074e+01
   6.9503760e+06   3.9489746e+01
   6.9503980e+06   3.4912109e+01
   6.9504390e+06   3.9367676e+01
   6.9504580e+06   4.8522949e+01
   6.9505040e+06   3.7231445e+01
   6.9505300e+06   4.8706055e+01
   6.9505630e+06   3.8208008e+01
   6.9505860e+06   4.6569824e+01
   6.9506320e+06   3.4240723e+01
   6.9506640e+06   4.1870117e+01
   6.9506920e+06   4.1076660e+01
   6.9507440e+06   3.7841797e+01
   6.9507860e+06   3.5827637e+01
   6.9508040e+06   3.8574219e+01
   6.9508860e+06   3.9184570e+01
   6.9509170e+06   3.9794922e+01
   6.9510460e+06   4.3823242e+01
   6.9680080e+06   4.1748047e+01
   6.9680770e+06   3.9611816e+01
   6.9681690e+06   5.8776855e+01
   6.9682100e+06   3.7841797e+01
   6.9682630e+06   3.6010742e+01
   6.9683380e+06   4.1015625e+01
   6.9683690e+06   4.0344238e+01
   6.9684160e+06   5.5358887e+01
   6.9684740e+06   3.5400391e+01
   6.9684970e+06   4.5410156e+01
   6.9685730e+06   3.5217285e+01
   6.9685930e+06   4.0466309e+01
   6.9686360e+06   3.4423828e+01
   6.9686930e+06   3.9245605e+01
   6.9688290e+06   3.3386230e+01
   6.9688930e+06   3.3508301e+01
   6.9689180e+06   3.3630371e+01
   6.9690440e+06   3.4484863e+01
   6.9699300e+06   3.3203125e+01
   6.9852510e+06   3.6865234e+01
   6.9852940e+06   3.5217285e+01
   6.9853250e+06   3.3508301e+01
   6.9853500e+06   4.9926758e+01
   6.9853680e+06   3.8024902e+01
   6.9853990e+06   3.4667969e+01
   6.9854390e+06   5.0598145e+01
   6.9854790e+06   4.3334961e+01
   6.9855220e+06   4.4311523e+01
   6.9855390e+06   3.4729004e+01
   6.9855670e+06   4.3945313e+01
   6.9855920e+06   4.5959473e+01
   6.9856310e+06   3.6621094e+01
   6.9856830e+06   3.4667969e+01
   6.9857220e+06   3.7841797e+01
   6.9858110e+06   4.1748047e+01
   6.9858810e+06   4.1381836e+01
   6.9859490e+06   3.5034180e+01
   6.9859970e+06   3.3020020e+01
   6.9862140e+06   3.3142090e+01
   6.9996510e+06   3.7658691e+01
   6.9996930e+06   3.7292480e+01
   6.9997280e+06   4.5898438e+01
   6.9997840e+06   4.0222168e+01
   6.9998090e+06   4.3090820e+01
   6.9998350e+06   6.6955566e+01
   6.9999280e+06   5.4809570e+01
   6.9999630e+06   3.4973145e+01
   6.9999810e+06   3.3386230e+01
   7.0000010e+06   3.5461426e+01
   7.0000870e+06   3.3386230e+01
   7.0001230e+06   3.5095215e+01
   7.0002040e+06   4.5837402e+01
   7.0002980e+06   3.7231445e+01
   7.0003800e+06   4.1137695e+01
   7.0003980e+06   3.4301758e+01
   7.0005110e+06   3.6071777e+01
   7.0012990e+06   3.3874512e+01
   7.0117530e+06   3.4423828e+01
   7.0120470e+06   3.8757324e+01
   7.0121650e+06   4.5043945e+01
   7.0122380e+06   3.3752441e+01
   7.0122530e+06   3.4301758e+01
   7.0123120e+06   3.3508301e+01
   7.0125060e+06   3.5156250e+01
   7.0125400e+06   3.9306641e+01
   7.0125550e+06   4.2602539e+01
   7.0125970e+06   4.0527344e+01
   7.0127390e+06   3.4729004e+01
   7.0128040e+06   4.7119141e+01
   7.0128300e+06   3.9916992e+01
   7.0129300e+06   3.8085938e+01
   7.0129640e+06   3.3020020e+01
   7.0130560e+06   3.5644531e+01
   7.0132250e+06   3.3020020e+01
   7.0136080e+06   3.9733887e+01
   7.0347220e+06   3.7841797e+01
   7.0347390e+06   5.4077148e+01
   7.0347690e+06   3.8635254e+01
   7.0348040e+06   3.5583496e+01
   7.0348340e+06   3.6865234e+01
   7.0348560e+06   5.0537109e+01
   7.0349010e+06   5.5114746e+01
   7.0349290e+06   3.3996582e+01
   7.0349820e+06   5.3833008e+01
   7.0350120e+06   4.1748047e+01
   7.0350250e+06   4.1137695e+01
   7.0350630e+06   5.7128906e+01
   7.0350790e+06   3.5644531e+01
   7.0351140e+06   3.3142090e+01
   7.0351940e+06   3.9978027e+01
   7.0352180e+06   3.6132813e+01
   7.0353780e+06   3.8635254e+01
   7.0354560e+06   3.4912109e+01
   7.0355190e+06   3.8452148e+01
   7.0521810e+06   3.4362793e+01
   7.0522500e+06   4.0710449e+01
   7.0522900e+06   3.4240723e+01
   7.0523730e+06   5.0964355e+01
   7.0524010e+06   4.1931152e+01
   7.0524400e+06   4.9316406e+01
   7.0524670e+06   3.6376953e+01
   7.0524900e+06   3.6254883e+01
   7.0525370e+06   3.7170410e+01
   7.0525710e+06   3.8208008e+01
   7.0526540e+06   4.0283203e+01
   7.0526670e+06   4.3884277e+01
   7.0527290e+06   4.2785645e+01
   7.0527510e+06   3.6499023e+01
   7.0527970e+06   3.6376953e+01
   7.0528380e+06   3.4973145e+01
   7.0529100e+06   5.7067871e+01
   7.0529550e+06   3.4912109e+01
   7.0529770e+06   3.6804199e+01
   7.0530700e+06   4.8461914e+01
   7.0531090e+06   3.9306641e+01
   7.0531460e+06   4.5288086e+01
   7.0532530e+06   3.3264160e+01
   7.0896780e+06   3.9978027e+01
   7.0897560e+06   5.7739258e+01
   7.0897850e+06   3.4851074e+01
   7.0898380e+06   5.1452637e+01
   7.0899090e+06   3.5522461e+01
   7.0899440e+06   4.8034668e+01
   7.0899570e+06   4.0100098e+01
   7.0899860e+06   5.0537109e+01
   7.0900330e+06   3.3081055e+01
   7.0900610e+06   3.3203125e+01
   7.0901290e+06   3.5766602e+01
   7.0901920e+06   3.6132813e+01
   7.0902490e+06   4.0649414e+01
   7.0902650e+06   3.8146973e+01
   7.0903330e+06   4.3884277e+01
   7.0912300e+06   3.3752441e+01
   7.6221740e+06   4.0649414e+01
   7.6222200e+06   7.4157715e+01
   7.6222400e+06   4.1564941e+01
   7.6222710e+06   4.3212891e+01
   7.6223000e+06   7.9284668e+01
   7.6223660e+06   4.4067383e+01
   7.6224040e+06   4.1076660e+01
   7.6224140e+06   3.4301758e+01
   7.6225440e+06   4.0466309e+01
   7.6237490e+06   3.5217285e+01
   7.6237760e+06   3.8696289e+01
   7.6241530e+06   3.6621094e+01
   7.6245180e+06   3.9367676e+01
   7.6587710e+06   3.4606934e+01
   7.6588010e+06   5.7434082e+01
   7.6588240e+06   4.3823242e+01
   7.6588570e+06   4.4616699e+01
   7.6588890e+06   3.5766602e+01
   7.6589220e+06   5.1025391e+01
   7.6589470e+06   5.2429199e+01
   7.6589700e+06   3.4606934e+01
   7.6590130e+06   5.1208496e+01
   7.6590660e+06   3.8879395e+01
   7.6590870e+06   3.4606934e+01
   7.6591210e+06   5.1391602e+01
   7.6591320e+06   3.8818359e+01
   7.6592150e+06   3.6315918e+01
   7.6592610e+06   3.3386230e+01
   7.6593090e+06   3.9367676e+01
   7.6598910e+06   3.6010742e+01
   7.7024290e+06   3.5949707e+01
   7.7024820e+06   3.7231445e+01
   7.7025090e+06   7.4707031e+01
   7.7025260e+06   4.0161133e+01
   7.7025490e+06   3.9245605e+01
   7.7025660e+06   4.2541504e+01
   7.7025870e+06   6.2683105e+01
   7.7026210e+06   4.5837402e+01
   7.7026400e+06   3.3020020e+01
   7.7026550e+06   3.9184570e+01
   7.7026760e+06   3.3996582e+01
   7.7027010e+06   3.7048340e+01
   7.7027340e+06   4.0161133e+01
   7.7027530e+06   3.4606934e+01
   7.7027630e+06   3.7170410e+01
   7.7036060e+06   3.4118652e+01
   7.7036370e+06   3.6560059e+01
   7.7037370e+06   3.4667969e+01
   7.7038190e+06   3.4606934e+01
   7.7042750e+06   3.8085938e+01
   7.7044290e+06   4.1503906e+01
   7.7449420e+06   4.6936035e+01
   7.7449660e+06   3.5705566e+01
   7.7449940e+06   4.6264648e+01
   7.7450070e+06   6.3903809e+01
   7.7450300e+06   4.3334961e+01
   7.7450680e+06   5.9509277e+01
   7.7450830e+06   5.4626465e+01
   7.7451020e+06   3.3508301e+01
   7.7451220e+06   3.4851074e+01
   7.7451570e+06   4.8706055e+01
   7.7451770e+06   4.2846680e+01
   7.7452000e+06   4.3151855e+01
   7.7452290e+06   4.8095703e+01
   7.7452570e+06   3.8635254e+01
   7.7452930e+06   3.3569336e+01
   7.7462310e+06   3.4240723e+01
   7.7467130e+06   3.5217285e+01
   7.8020620e+06   4.0832520e+01
   7.8021040e+06   4.3212891e+01
   7.8021250e+06   4.7180176e+01
   7.8021400e+06   7.2509766e+01
   7.8022000e+06   4.9133301e+01
   7.8022180e+06   3.3630371e+01
   7.8022530e+06   3.3752441e+01
   7.8022690e+06   3.6193848e+01
   7.8022860e+06   3.6254883e+01
   7.8023150e+06   3.4667969e+01
   7.8023540e+06   6.0424805e+01
   7.8023770e+06   3.4240723e+01
   7.8023930e+06   4.2785645e+01
   7.8024900e+06   3.3752441e+01
   7.8045740e+06   4.8706055e+01
   7.8212140e+06   3.3325195e+01
   7.8212730e+06   3.3325195e+01
   7.8213120e+06   4.2785645e+01
   7.8213310e+06   6.6711426e+01
   7.8213540e+06   3.9611816e+01
   7.8214110e+06   3.6682129e+01
   7.8214780e+06   4.6264648e+01
   7.8215200e+06   3.6987305e+01
   7.8215300e+06   3.8024902e+01
   7.8215440e+06   3.6926270e+01
   7.8216090e+06   3.3447266e+01
   7.8216240e+06   4.2541504e+01
   7.8217360e+06   3.4484863e+01
   7.8219140e+06   3.3569336e+01
   8.3413710e+06   3.8391113e+01
   8.3414130e+06   3.5156250e+01
   8.3414340e+06   3.8879395e+01
   8.3414550e+06   3.9978027e+01
   8.3414960e+06   3.3630371e+01
   8.3415240e+06   4.4006348e+01
   8.3415470e+06   4.5471191e+01
   8.3415600e+06   3.5644531e+01
   8.3415800e+06   5.2673340e+01
   8.3416050e+06   3.8696289e+01
   8.3416220e+06   3.4240723e+01
   8.3416440e+06   4.0161133e+01
   8.3418050e+06   3.4362793e+01
   8.3433100e+06   3.8757324e+01
   8.3435050e+06   3.5400391e+01
   8.3436070e+06   4.1198730e+01
   8.3436860e+06   4.1076660e+01
   8.3437800e+06   3.3386230e+01
   8.4996150e+06   3.4606934e+01
   8.4996430e+06   3.3020020e+01
   8.4996850e+06   4.6447754e+01
   8.4997070e+06   6.8908691e+01
   8.4997330e+06   4.0527344e+01
   8.4997620e+06   5.5480957e+01
   8.4997910e+06   3.9794922e+01
   8.4998140e+06   3.9733887e+01
   8.4998290e+06   3.5217285e+01
   8.4998430e+06   3.6560059e+01
   8.4998600e+06   3.4606934e+01
   8.4998760e+06   3.3996582e+01
   8.4999050e+06   3.3508301e+01
   8.4999320e+06   4.1931152e+01
   8.4999420e+06   3.5644531e+01
   8.5009880e+06   3.4179688e+01
   8.5011480e+06   3.5583496e+01
   8.5015190e+06   3.5461426e+01
   8.5313200e+06   3.4912109e+01
   8.5313730e+06   8.2641602e+01
   8.5314000e+06   3.8635254e+01
   8.5314200e+06   4.9316406e+01
   8.5314330e+06   7.1533203e+01
   8.5314730e+06   4.3334961e+01
   8.5314850e+06   4.6569824e+01
   8.5315120e+06   4.6936035e+01
   8.5315500e+06   5.3771973e+01
   8.5315820e+06   4.4616699e+01
   8.5315940e+06   3.8940430e+01
   8.5316210e+06   3.3020020e+01
   8.5316800e+06   4.2236328e+01
   8.5324390e+06   3.6499023e+01
   8.5326700e+06   3.8269043e+01
   8.5328420e+06   3.3325195e+01
   8.5329250e+06   3.4606934e+01
   8.5480170e+06   3.7963867e+01
   8.5484190e+06   3.3386230e+01
   8.5485200e+06   5.1147461e+01
   8.5485520e+06   3.5583496e+01
   8.5486000e+06   5.7250977e+01
   8.5486300e+06   3.4118652e+01
   8.5486700e+06   3.6437988e+01
   8.5486870e+06   4.6203613e+01
   8.5487060e+06   3.4057617e+01
   8.5487310e+06   3.4362793e+01
   8.5487630e+06   4.3701172e+01
   8.5487730e+06   3.9367676e+01
   8.5488190e+06   3.8269043e+01
   8.5488800e+06   4.1687012e+01
   8.5488930e+06   3.3508301e+01
   8.5489360e+06   3.9733887e+01
   8.5489640e+06   5.9020996e+01
   8.5491400e+06   3.3935547e+01
   8.5491940e+06   3.8146973e+01
   8.5492740e+06   3.9489746e+01
   8.5498640e+06   3.4118652e+01
   8.5499300e+06   4.3579102e+01
   8.5732930e+06   5.0354004e+01
   8.5733430e+06   3.9855957e+01
   8.5733700e+06   3.9428711e+01
   8.5733980e+06   4.1137695e+01
   8.5734400e+06   3.9672852e+01
   8.5734700e+06   4.6264648e+01
   8.5734950e+06   5.3527832e+01
   8.5735270e+06   4.8522949e+01
   8.5735370e+06   3.4912109e+01
   8.5735570e+06   3.5400391e+01
   8.5735820e+06   3.4179688e+01
   8.5736070e+06   3.3752441e+01
   8.5736350e+06   3.4606934e+01
   8.5736600e+06   4.6386719e+01
   8.5737370e+06   3.6621094e+01
   8.5743760e+06   3.3142090e+01
   8.6045390e+06   3.3203125e+01
   8.6045630e+06   3.4484863e+01
   8.6046480e+06   6.6284180e+01
   8.6046730e+06   4.6142578e+01
   8.6047270e+06   6.5612793e+01
   8.6047430e+06   4.6203613e+01
   8.6047770e+06   3.6560059e+01
   8.6047880e+06   7.3364258e+01
   8.6048130e+06   4.2114258e+01
   8.6048480e+06   4.3029785e+01
   8.6048690e+06   4.1748047e+01
   8.6048950e+06   4.5349121e+01
   8.6049120e+06   3.7231445e+01
   8.6049680e+06   3.8146973e+01
   8.6050180e+06   4.5959473e+01
   8.6050580e+06   3.4790039e+01
   8.6052580e+06   3.3447266e+01
   8.6053420e+06   3.8574219e+01
   8.6062880e+06   3.3752441e+01
   8.6571530e+06   3.5522461e+01
   8.6571700e+06   4.8156738e+01
   8.6571950e+06   5.4870605e+01
   8.6572210e+06   6.4270020e+01
   8.6572430e+06   4.3579102e+01
   8.6572710e+06   3.6743164e+01
   8.6572830e+06   5.7250977e+01
   8.6573080e+06   3.8818359e+01
   8.6573410e+06   4.4006348e+01
   8.6573620e+06   3.3996582e+01
   8.6573950e+06   3.9184570e+01
   8.6574390e+06   4.1503906e+01
   8.6574680e+06   3.7292480e+01
   8.6574880e+06   3.7841797e+01
   8.6575830e+06   3.4667969e+01
   8.6584240e+06   3.3203125e+01
   9.0750050e+06   3.6193848e+01
   9.0750380e+06   5.0354004e+01
   9.0750610e+06   4.8950195e+01
   9.0751180e+06   6.5063477e+01
   9.0751460e+06   4.6142578e+01
   9.0751590e+06   3.5095215e+01
   9.0751740e+06   4.0283203e+01
   9.0751890e+06   5.3100586e+01
   9.0752300e+06   4.4311523e+01
   9.0752620e+06   4.1198730e+01
   9.0753040e+06   3.3569336e+01
   9.0753890e+06   3.3569336e+01
   9.0764170e+06   3.5400391e+01
   9.0770730e+06   3.7170410e+01
   9.0774320e+06   3.5034180e+01
   9.5840100e+06   3.4118652e+01
   9.5840370e+06   6.2927246e+01
   9.5840570e+06   5.4565430e+01
   9.5840700e+06   3.9794922e+01
   9.5840950e+06   3.6743164e+01
   9.5841140e+06   5.2551270e+01
   9.5841460e+06   4.0710449e+01
   9.5841760e+06   4.2663574e+01
   9.5841980e+06   3.6010742e+01
   9.5842300e+06   3.7780762e+01
   9.5844670e+06   3.3813477e+01
   9.5857570e+06   3.6926270e+01
   9.5859360e+06   3.4851074e+01
   9.5864510e+06   3.6743164e+01
   9.9242330e+06   3.3203125e+01
   9.9242590e+06   6.1279297e+01
   9.9242710e+06   6.0546875e+01
   9.9242960e+06   3.3935547e+01
   9.9243200e+06   5.3894043e+01
   9.9243570e+06   4.2480469e+01
   9.9243670e+06   6.3110352e+01
   9.9244140e+06   3.7292480e+01
   9.9244300e+06   3.5461426e+01
   9.9244630e+06   5.2551270e+01
   9.9244770e+06   3.3081055e+01
   9.9258290e+06   3.3447266e+01
   9.9261600e+06   4.9438477e+01
   9.9686640e+06   3.5827637e+01
   9.9686990e+06   6.8359375e+01
   9.9687280e+06   4.2480469e+01
   9.9687390e+06   5.8288574e+01
   9.9687800e+06   4.0222168e+01
   9.9688060e+06   5.3161621e+01
   9.9688510e+06   3.7292480e+01
   9.9688620e+06   3.8146973e+01
   9.9688930e+06   3.9733887e+01
   9.9689180e+06   5.6213379e+01
   9.9689510e+06   3.5766602e+01
   9.9689760e+06   3.8024902e+01
   9.9690430e+06   4.7424316e+01
   9.9690970e+06   3.4301758e+01
   9.9701790e+06   3.6926270e+01
   9.9704060e+06   3.3020020e+01
   9.9704280e+06   3.7292480e+01
   9.9705030e+06   3.6743164e+01
   9.9981000e+06   4.2846680e+01
   9.9981300e+06   3.3569336e+01
   9.9981470e+06   3.7780762e+01
   9.9981830e+06   3.9672852e+01
   9.9982110e+06   5.8288574e+01
   9.9982440e+06   3.8024902e+01
   9.9982820e+06   3.6315918e+01
   9.9983310e+06   4.7424316e+01
   9.9983510e+06   4.7851563e+01
   9.9983910e+06   3.8513184e+01
   9.9984210e+06   4.1503906e+01
   9.9984310e+06   3.5705566e+01
   9.9984780e+06   3.4484863e+01
   9.9993070e+06   3.6010742e+01
   9.9994710e+06   3.5400391e+01
   1.0037511e+07   4.6508789e+01
   1.0037570e+07   3.3386230e+01
   1.0037604e+07   3.3508301e+01
   1.0037637e+07   3.7048340e+01
   1.0037660e+07   4.2968750e+01
   1.0037738e+07   4.0222168e+01
   1.0037768e+07   3.7902832e+01
   1.0037809e+07   6.3903809e+01
   1.0037842e+07   3.4667969e+01
   1.0037925e+07   4.7424316e+01
   1.0037945e+07   5.8227539e+01
   1.0037972e+07   3.5522461e+01
   1.0038010e+07   3.8269043e+01
   1.0039077e+07   3.7231445e+01
   1.0039325e+07   3.8208008e+01
   1.0078447e+07   3.4790039e+01
   1.0078481e+07   3.6621094e+01
   1.0078493e+07   5.4992676e+01
   1.0078544e+07   9.1003418e+01
   1.0078648e+07   4.6997070e+01
   1.0078659e+07   4.9133301e+01
   1.0078689e+07   5.1879883e+01
   1.0078709e+07   3.4912109e+01
   1.0078731e+07   4.3823242e+01
   1.0078771e+07   3.3020020e+01
   1.0078808e+07   5.1269531e+01
   1.0078865e+07   3.5644531e+01
   1.0078887e+07   3.4362793e+01
   1.0078973e+07   3.8513184e+01
   1.0137113e+07   3.7658691e+01
   1.0137129e+07   5.8959961e+01
   1.0137148e+07   5.4931641e+01
   1.0137180e+07   5.5419922e+01
   1.0137198e+07   7.3608398e+01
   1.0137213e+07   3.7231445e+01
   1.0137258e+07   4.6142578e+01
   1.0137282e+07   4.6875000e+01
   1.0137310e+07   3.4484863e+01
   1.0137331e+07   5.4138184e+01
   1.0137367e+07   3.8818359e+01
   1.0137429e+07   4.6264648e+01
   1.0137574e+07   3.5705566e+01
   1.0137992e+07   3.6865234e+01
   1.0138238e+07   3.4790039e+01
   1.0138368e+07   3.4484863e+01
   1.0138779e+07   4.3090820e+01
   1.0859563e+07   4.7180176e+01
   1.0859579e+07   5.8593750e+01
   1.0859605e+07   3.3813477e+01
   1.0859635e+07   4.5593262e+01
   1.0859667e+07   5.2246094e+01
   1.0859688e+07   5.4809570e+01
   1.0859737e+07   4.6020508e+01
   1.0859777e+07   4.3823242e+01
   1.0859788e+07   3.9001465e+01
   1.0859863e+07   3.3874512e+01
   1.0861310e+07   3.5949707e+01
   1.1217940e+07   4.6508789e+01
   1.1217971e+07   4.6508789e+01
   1.1217981e+07   6.3720703e+01
   1.1218038e+07   3.4301758e+01
   1.1218050e+07   3.3447266e+01
   1.1218079e+07   5.3161621e+01
   1.1218095e+07   5.1513672e+01
   1.1218122e+07   3.5766602e+01
   1.1218150e+07   4.1320801e+01
   1.1219362e+07   3.3813477e+01
   1.1219593e+07   4.1320801e+01
   1.1219756e+07   3.8879395e+01
   1.1220053e+07   3.5034180e+01
   1.1275084e+07   3.4973145e+01
   1.1275116e+07   3.5156250e+01
   1.1275149e+07   4.3090820e+01
   1.1275174e+07   5.8105469e+01
   1.1275190e+07   3.6132813e+01
   1.1275204e+07   3.8208008e+01
   1.1275237e+07   4.0588379e+01
   1.1275272e+07   5.8593750e+01
   1.1275291e+07   3.6376953e+01
   1.1275335e+07   4.2236328e+01
   1.1275359e+07   3.9123535e+01
   1.1275369e+07   3.8818359e+01
   1.1276564e+07   3.5949707e+01
   1.1276650e+07   4.0588379e+01
   1.1277160e+07   3.7170410e+01
   1.1641703e+07   3.8696289e+01
   1.1641736e+07   4.5776367e+01
   1.1641758e+07   3.6437988e+01
   1.1641783e+07   4.6936035e+01
   1.1641795e+07   4.3762207e+01
   1.1641817e+07   4.0405273e+01
   1.1641835e+07   4.5288086e+01
   1.1641862e+07   8.4228516e+01
   1.1641934e+07   3.7353516e+01
   1.1642002e+07   3.7292480e+01
   1.1643218e+07   3.6682129e+01
   1.1643808e+07   4.0344238e+01
   1.1969701e+07   3.4790039e+01
   1.1969728e+07   6.0424805e+01
   1.1969754e+07   4.3884277e+01
   1.1969766e+07   4.6752930e+01
   1.1969779e+07   5.4199219e+01
   1.1969821e+07   5.3527832e+01
   1.1969840e+07   5.0598145e+01
   1.1969861e+07   6.0607910e+01
   1.1969882e+07   3.7658691e+01
   1.1969894e+07   3.6621094e+01
   1.1969921e+07   3.7353516e+01
   1.1969952e+07   3.5644531e+01
   1.1969963e+07   3.3935547e+01
   1.1970065e+07   3.9184570e+01
   1.1970879e+07   3.3203125e+01
   1.1971172e+07   3.4423828e+01
   1.1971301e+07   3.4240723e+01
   1.1971746e+07   3.4790039e+01
