   1.1999000e+07   0.0000000e+00
   1.4356000e+04   3.4912109e+01
   1.4400000e+04   3.3630371e+01
   1.4457000e+04   3.3203125e+01
   1.4488000e+04   4.3945313e+01
   1.4533000e+04   4.4738770e+01
   1.4546000e+04   3.6743164e+01
   4.1055000e+04   4.1870117e+01
   4.1095000e+04   3.8696289e+01
   4.1195000e+04   4.2114258e+01
   4.1211000e+04   5.7067871e+01
   4.1244000e+04   3.9428711e+01
   4.1272000e+04   3.6132813e+01
   4.1375000e+04   3.3508301e+01
   4.1411000e+04   3.3508301e+01
   4.1451000e+04   3.7109375e+01
   4.1461000e+04   3.2897949e+01
   4.1601000e+04   4.1015625e+01
   4.1661000e+04   3.9123535e+01
   4.1772000e+04   3.4973145e+01
   6.2609000e+04   3.2836914e+01
   7.9036000e+04   3.6132813e+01
   7.9131000e+04   3.5583496e+01
   7.9142000e+04   5.1696777e+01
   7.9161000e+04   3.9611816e+01
   7.9199000e+04   3.9611816e+01
   7.9231000e+04   4.7363281e+01
   7.9298000e+04   3.6071777e+01
   7.9334000e+04   3.3203125e+01
   7.9353000e+04   4.0344238e+01
   7.9382000e+04   3.3325195e+01
   7.9561000e+04   3.5461426e+01
   7.9574000e+04   3.4057617e+01
   8.0322000e+04   3.2714844e+01
   1.1823000e+05   3.8635254e+01
   1.1827000e+05   4.2602539e+01
   1.1829200e+05   3.4851074e+01
   1.4281200e+05   3.2958984e+01
   1.4283100e+05   3.5217285e+01
   1.5108200e+05   3.2470703e+01
   1.5168700e+05   3.6499023e+01
   1.5174700e+05   3.2470703e+01
   1.5177100e+05   4.1381836e+01
   1.5185200e+05   3.2836914e+01
   1.5203300e+05   3.5156250e+01
   1.5259500e+05   3.5644531e+01
   1.8167400e+05   3.6437988e+01
   1.8170700e+05   3.6804199e+01
   1.8188800e+05   4.7973633e+01
   1.8191200e+05   3.6071777e+01
   1.8192500e+05   3.6193848e+01
   1.8197800e+05   3.4851074e+01
   1.8230000e+05   3.4545898e+01
   1.8232100e+05   3.3813477e+01
   1.8237100e+05   3.4423828e+01
   1.8240300e+05   3.2958984e+01
   1.8253200e+05   3.6315918e+01
   1.8261600e+05   4.3334961e+01
   1.8269600e+05   3.5461426e+01
   2.2492600e+05   4.2663574e+01
   2.2498700e+05   3.4912109e+01
   2.2508700e+05   4.6508789e+01
   2.2511100e+05   3.3996582e+01
   2.2515100e+05   3.9611816e+01
   2.2529400e+05   3.3264160e+01
   2.2532300e+05   3.5766602e+01
   2.4623800e+05   3.8940430e+01
   2.4626600e+05   3.3264160e+01
   2.4631900e+05   3.3691406e+01
   2.5953800e+05   3.6682129e+01
   2.5961300e+05   3.4179688e+01
   2.5965100e+05   3.3691406e+01
   2.5967500e+05   4.0222168e+01
   2.5970400e+05   4.6142578e+01
   2.5972500e+05   4.3945313e+01
   2.5977800e+05   3.2775879e+01
   2.5983000e+05   3.7231445e+01
   2.6065900e+05   3.2714844e+01
   2.6075900e+05   4.6447754e+01
   2.6087100e+05   3.5217285e+01
   2.6149000e+05   3.4667969e+01
   3.3103900e+05   3.6132813e+01
   3.3106900e+05   4.1625977e+01
   3.3128700e+05   4.6630859e+01
   3.3133200e+05   3.6193848e+01
   3.3136100e+05   3.3874512e+01
   3.3144000e+05   3.4484863e+01
   3.3176800e+05   5.1757813e+01
   3.3192100e+05   3.3142090e+01
   3.3194400e+05   3.2897949e+01
   3.5730700e+05   3.6804199e+01
   3.5733700e+05   3.5278320e+01
   3.5735300e+05   3.4179688e+01
   3.7276500e+05   3.9245605e+01
   3.7277500e+05   3.8208008e+01
   3.7300200e+05   4.8278809e+01
   3.7315400e+05   3.8391113e+01
   3.7323500e+05   3.3752441e+01
   3.7331600e+05   3.2653809e+01
   3.7339000e+05   3.4545898e+01
   3.7341400e+05   3.4423828e+01
   3.7388300e+05   3.2897949e+01
   3.7397400e+05   4.1137695e+01
   4.1514900e+05   3.2897949e+01
   4.1517900e+05   4.7424316e+01
   4.1521100e+05   3.4057617e+01
   4.1522200e+05   4.8278809e+01
   4.1524800e+05   4.8645020e+01
   4.1527500e+05   3.9489746e+01
   4.1535200e+05   3.3508301e+01
   4.1539600e+05   3.7231445e+01
   4.1542000e+05   3.5888672e+01
   4.1543100e+05   3.5278320e+01
   4.1550200e+05   3.5766602e+01
   4.1676300e+05   3.3630371e+01
   4.1694200e+05   3.4606934e+01
   4.1704000e+05   3.2531738e+01
   4.6031300e+05   4.2358398e+01
   4.6033100e+05   4.0161133e+01
   4.6036800e+05   3.7292480e+01
   4.6055400e+05   3.3386230e+01
   4.6060400e+05   3.2470703e+01
   4.6085400e+05   3.4667969e+01
   4.9176400e+05   3.3325195e+01
   4.9177600e+05   3.3386230e+01
   4.9180700e+05   3.5827637e+01
   4.9183700e+05   3.3508301e+01
   4.9186900e+05   4.3701172e+01
   4.9190000e+05   4.2053223e+01
   4.9194600e+05   3.3752441e+01
   4.9200800e+05   3.6499023e+01
   4.9211500e+05   3.6315918e+01
   4.9216000e+05   3.6010742e+01
   4.9222200e+05   4.4372559e+01
   4.9229100e+05   3.3386230e+01
   4.9231900e+05   3.5156250e+01
   4.9247200e+05   3.6132813e+01
   4.9305900e+05   3.2470703e+01
   4.9370100e+05   3.9306641e+01
   5.3295400e+05   3.8269043e+01
   5.3313300e+05   3.3325195e+01
   5.3320700e+05   3.5827637e+01
   5.6153600e+05   3.2470703e+01
   5.6169500e+05   3.7597656e+01
   5.6170700e+05   3.8513184e+01
   5.6176500e+05   4.6691895e+01
   5.6177800e+05   4.7729492e+01
   5.6179900e+05   4.2480469e+01
   5.6183000e+05   3.5583496e+01
   5.6187800e+05   5.1452637e+01
   5.6194500e+05   4.9072266e+01
   5.6196800e+05   3.5522461e+01
   5.6203800e+05   3.4729004e+01
   5.6208900e+05   3.6499023e+01
   5.6283000e+05   3.4484863e+01
   5.6294500e+05   3.3142090e+01
   5.6340800e+05   3.2714844e+01
   6.0770900e+05   3.4057617e+01
   6.0773700e+05   3.3935547e+01
   6.0787200e+05   3.4729004e+01
   6.0809100e+05   3.2836914e+01
   6.3064200e+05   4.5227051e+01
   6.3065500e+05   3.8574219e+01
   6.3070600e+05   3.5583496e+01
   6.3072400e+05   3.9916992e+01
   6.3077800e+05   3.4729004e+01
   6.3084900e+05   3.6804199e+01
   6.3091400e+05   3.4729004e+01
   6.3100600e+05   3.3386230e+01
   6.3117000e+05   3.3630371e+01
   6.3120400e+05   3.2470703e+01
   6.3164800e+05   3.6010742e+01
   6.5976300e+05   3.2470703e+01
   6.6536700e+05   5.7006836e+01
   6.6538600e+05   4.1625977e+01
   6.6540200e+05   4.1259766e+01
   6.6543800e+05   4.2907715e+01
   6.6545400e+05   3.3691406e+01
   6.6550700e+05   4.3334961e+01
   6.6552800e+05   3.4545898e+01
   6.6555000e+05   4.5715332e+01
   6.6559000e+05   4.1748047e+01
   6.6561800e+05   4.0405273e+01
   6.6569300e+05   4.4738770e+01
   6.6661100e+05   3.4851074e+01
   7.2430100e+05   3.9184570e+01
   7.2434200e+05   4.0527344e+01
   7.2438300e+05   3.4729004e+01
   7.2440500e+05   3.6926270e+01
   7.2445800e+05   3.6254883e+01
   7.2446800e+05   4.4982910e+01
   7.2487000e+05   3.4912109e+01
   7.2505200e+05   3.4729004e+01
   7.5664600e+05   3.8757324e+01
   7.5684300e+05   3.4362793e+01
   7.5686800e+05   3.4362793e+01
   7.5690000e+05   3.5034180e+01
   7.5696900e+05   3.4362793e+01
   7.5698300e+05   3.7353516e+01
   7.5704800e+05   3.7170410e+01
   7.5707300e+05   3.8085938e+01
   7.5711100e+05   4.0344238e+01
   7.5720900e+05   3.3142090e+01
   7.9508500e+05   4.7790527e+01
   7.9514900e+05   4.0100098e+01
   7.9516400e+05   3.5522461e+01
   7.9519200e+05   3.7658691e+01
   7.9520700e+05   3.2714844e+01
   7.9528500e+05   3.3691406e+01
   8.2439500e+05   3.3203125e+01
   8.2442500e+05   3.4301758e+01
   8.2444500e+05   4.5471191e+01
   8.2446900e+05   5.0415039e+01
   8.2450200e+05   5.6091309e+01
   8.2466200e+05   4.1259766e+01
   8.2470400e+05   3.3874512e+01
   8.2482200e+05   3.3081055e+01
   8.2483400e+05   3.6743164e+01
   8.2487700e+05   3.4362793e+01
   8.2491000e+05   3.3569336e+01
   8.2560400e+05   3.3752441e+01
   8.6197600e+05   3.9001465e+01
   8.6203900e+05   3.9245605e+01
   8.6208200e+05   3.2470703e+01
   8.6220900e+05   3.5156250e+01
   8.8675300e+05   4.0527344e+01
   8.8678200e+05   3.5095215e+01
   8.8685300e+05   4.2358398e+01
   8.8688400e+05   3.3020020e+01
   8.8691400e+05   5.0048828e+01
   8.8697900e+05   3.2775879e+01
   8.8698900e+05   3.9489746e+01
   8.8717800e+05   3.3447266e+01
   8.8742600e+05   3.7231445e+01
   9.1589600e+05   3.6071777e+01
   9.1600500e+05   3.2592773e+01
   9.1607500e+05   3.3935547e+01
   9.1627100e+05   3.9978027e+01
   9.1642100e+05   3.5156250e+01
   9.2177100e+05   3.2470703e+01
   9.2186900e+05   3.2531738e+01
   9.2191100e+05   3.8513184e+01
   9.2194200e+05   3.4606934e+01
   9.2260000e+05   3.2958984e+01
   9.4583000e+05   4.4982910e+01
   9.5947800e+05   4.7912598e+01
   9.5956100e+05   3.4362793e+01
   9.5959100e+05   3.5644531e+01
   9.6171400e+05   3.7353516e+01
   9.6179000e+05   3.5339355e+01
   9.6180800e+05   3.2531738e+01
   9.6187800e+05   3.3386230e+01
   9.6189800e+05   3.3020020e+01
   9.6190800e+05   4.2907715e+01
   9.6192300e+05   3.6865234e+01
   9.6195600e+05   3.5644531e+01
   9.6205400e+05   5.0048828e+01
   9.6217000e+05   3.5278320e+01
   9.6244300e+05   3.2592773e+01
   9.6247800e+05   3.3142090e+01
   9.6412200e+05   3.4790039e+01
   9.9361800e+05   3.3874512e+01
   9.9373000e+05   4.0954590e+01
   9.9375200e+05   4.1442871e+01
   9.9381000e+05   4.0222168e+01
   9.9615700e+05   3.6621094e+01
   9.9618600e+05   3.2714844e+01
   9.9620100e+05   3.3386230e+01
   9.9622900e+05   3.5095215e+01
   1.0104010e+06   3.3203125e+01
   1.0292360e+06   3.9367676e+01
   1.0293430e+06   3.6865234e+01
   1.0296060e+06   3.6193848e+01
   1.0626240e+06   3.3020020e+01
   1.0626840e+06   3.3874512e+01
   1.0626990e+06   4.9743652e+01
   1.0627340e+06   3.4240723e+01
   1.0627660e+06   3.8574219e+01
   1.0627780e+06   3.7719727e+01
   1.0628120e+06   3.7475586e+01
   1.0628330e+06   3.2897949e+01
   1.0628690e+06   4.0832520e+01
   1.0629430e+06   4.2480469e+01
   1.0631910e+06   3.5461426e+01
   1.0632100e+06   3.8818359e+01
   1.0632410e+06   3.6987305e+01
   1.0635110e+06   3.3630371e+01
   1.0989170e+06   3.4301758e+01
   1.0989340e+06   3.5705566e+01
   1.0989950e+06   3.4790039e+01
   1.0990290e+06   4.8156738e+01
   1.0990520e+06   4.2541504e+01
   1.0990740e+06   3.2592773e+01
   1.0994820e+06   3.7048340e+01
   1.1249630e+06   3.4973145e+01
   1.1250730e+06   3.3447266e+01
   1.1261630e+06   3.8635254e+01
   1.1263700e+06   3.6987305e+01
   1.1264370e+06   3.4667969e+01
   1.1264610e+06   3.5095215e+01
   1.1266170e+06   3.5095215e+01
   1.1267290e+06   3.4240723e+01
   1.1571450e+06   3.5949707e+01
   1.1572770e+06   3.3142090e+01
   1.1573120e+06   3.5827637e+01
   1.1573540e+06   3.8391113e+01
   1.1574100e+06   4.2236328e+01
   1.1574360e+06   3.2897949e+01
   1.1574530e+06   3.3386230e+01
   1.1575190e+06   3.3874512e+01
   1.1575460e+06   3.5949707e+01
   1.1733150e+06   3.8146973e+01
   1.1820930e+06   3.4851074e+01
   1.1822450e+06   3.3630371e+01
   1.1822820e+06   3.3325195e+01
   1.1823800e+06   3.9123535e+01
   1.1824740e+06   3.7292480e+01
   1.1827050e+06   3.6499023e+01
   1.2037600e+06   3.3203125e+01
   1.2068400e+06   3.3264160e+01
   1.2069050e+06   3.7048340e+01
   1.2077970e+06   3.4667969e+01
   1.2261920e+06   3.3447266e+01
   1.2262020e+06   3.2775879e+01
   1.2262330e+06   3.6010742e+01
   1.2264850e+06   3.5949707e+01
   1.2269590e+06   3.4179688e+01
   1.2270910e+06   4.1076660e+01
   1.2573030e+06   3.8269043e+01
   1.2574360e+06   4.1931152e+01
   1.2576180e+06   3.9611816e+01
   1.2740330e+06   3.3752441e+01
   1.2753520e+06   3.9245605e+01
   1.2753660e+06   3.7719727e+01
   1.2753870e+06   3.5034180e+01
   1.2754670e+06   5.1818848e+01
   1.2755640e+06   3.5644531e+01
   1.3084070e+06   3.3935547e+01
   1.3086240e+06   3.4301758e+01
   1.3086610e+06   4.1931152e+01
   1.3087660e+06   3.4912109e+01
   1.3090450e+06   3.5705566e+01
   1.3452180e+06   3.5766602e+01
   1.3452530e+06   3.3508301e+01
   1.3453060e+06   6.2988281e+01
   1.3699480e+06   3.6193848e+01
   1.3700190e+06   3.6499023e+01
   1.3700480e+06   3.8146973e+01
   1.3701220e+06   3.7841797e+01
   1.3702300e+06   3.7658691e+01
   1.3702560e+06   3.6132813e+01
   1.3702800e+06   3.3020020e+01
   1.3703010e+06   3.6193848e+01
   1.3932150e+06   3.4240723e+01
   1.3934050e+06   3.4301758e+01
   1.3934640e+06   3.8818359e+01
   1.3935300e+06   4.3029785e+01
   1.3935430e+06   3.3813477e+01
   1.3935650e+06   3.8574219e+01
   1.3936300e+06   3.9306641e+01
   1.3936930e+06   3.7841797e+01
   1.3937170e+06   3.4423828e+01
   1.3937380e+06   4.0344238e+01
   1.3937540e+06   3.4606934e+01
   1.3940710e+06   3.3386230e+01
   1.4181070e+06   3.7780762e+01
   1.4184970e+06   4.1442871e+01
   1.4185900e+06   5.3344727e+01
   1.4186110e+06   6.0119629e+01
   1.4186590e+06   3.4179688e+01
   1.4189850e+06   3.2714844e+01
   1.4193720e+06   3.6437988e+01
   1.4469960e+06   3.5400391e+01
   1.4471500e+06   3.4973145e+01
   1.4471710e+06   3.5400391e+01
   1.4471900e+06   4.4677734e+01
   1.4473140e+06   3.6071777e+01
   1.4473820e+06   3.3081055e+01
   1.4474570e+06   3.3691406e+01
   1.4474740e+06   4.0039063e+01
   1.4475260e+06   4.3579102e+01
   1.4475420e+06   3.2775879e+01
   1.4478300e+06   3.3691406e+01
   1.4480130e+06   3.4973145e+01
   1.4747240e+06   3.2958984e+01
   1.4747570e+06   3.4423828e+01
   1.4747940e+06   3.2714844e+01
   1.4748560e+06   3.4301758e+01
   1.4749960e+06   3.4362793e+01
   1.4770340e+06   3.3630371e+01
   1.4770640e+06   4.0954590e+01
   1.4771760e+06   3.8818359e+01
   1.4772180e+06   4.1748047e+01
   1.4772890e+06   3.3508301e+01
   1.5020870e+06   3.6621094e+01
   1.5021060e+06   3.5461426e+01
   1.5021490e+06   3.3386230e+01
   1.5021880e+06   3.3569336e+01
   1.5022350e+06   3.3447266e+01
   1.5023220e+06   3.7536621e+01
   1.5024330e+06   3.5156250e+01
   1.5026180e+06   3.3142090e+01
   1.5337920e+06   3.2714844e+01
   1.5346700e+06   3.5888672e+01
   1.5348350e+06   4.3029785e+01
   1.5348450e+06   3.4545898e+01
   1.5348870e+06   3.8024902e+01
   1.5349670e+06   3.6071777e+01
   1.5350190e+06   3.5461426e+01
   1.5351100e+06   3.6437988e+01
   1.5352570e+06   3.3996582e+01
   1.5352870e+06   3.9306641e+01
   1.5365940e+06   3.9672852e+01
   1.5746470e+06   3.6804199e+01
   1.5747130e+06   3.6682129e+01
   1.5747430e+06   3.3508301e+01
   1.5747700e+06   3.6926270e+01
   1.5748140e+06   3.5156250e+01
   1.5749010e+06   4.1320801e+01
   1.5981670e+06   3.3081055e+01
   1.5984270e+06   3.4790039e+01
   1.5984520e+06   5.3955078e+01
   1.5985130e+06   3.5583496e+01
   1.5985300e+06   3.3874512e+01
   1.5985670e+06   3.4240723e+01
   1.5986490e+06   3.8818359e+01
   1.5987170e+06   3.3447266e+01
   1.5987790e+06   4.6447754e+01
   1.5988050e+06   3.3874512e+01
   1.5988290e+06   4.1992188e+01
   1.5989150e+06   3.7414551e+01
   1.5990720e+06   4.2358398e+01
   1.6233870e+06   4.2663574e+01
   1.6235470e+06   3.3569336e+01
   1.6251650e+06   3.2714844e+01
   1.6252070e+06   3.9245605e+01
   1.6268190e+06   4.8889160e+01
   1.6269550e+06   3.2714844e+01
   1.6270090e+06   4.7180176e+01
   1.6271140e+06   3.8208008e+01
   1.6272440e+06   3.4729004e+01
   1.6564350e+06   4.4433594e+01
   1.6817820e+06   3.7536621e+01
   1.6818040e+06   4.0466309e+01
   1.6818380e+06   3.8513184e+01
   1.6818650e+06   3.2470703e+01
   1.6819210e+06   3.3020020e+01
   1.6820590e+06   3.4362793e+01
   1.6821100e+06   3.4912109e+01
   1.6822100e+06   3.4057617e+01
   1.6824660e+06   3.5583496e+01
   1.7084120e+06   3.3935547e+01
   1.7084550e+06   3.7719727e+01
   1.7085480e+06   3.4423828e+01
   1.7086810e+06   3.6376953e+01
   1.7274110e+06   3.6010742e+01
   1.7274410e+06   3.3691406e+01
   1.7275360e+06   3.3874512e+01
   1.7278360e+06   4.2541504e+01
   1.7450740e+06   3.3325195e+01
   1.7450960e+06   3.7841797e+01
   1.7451440e+06   3.3142090e+01
   1.7451920e+06   3.2653809e+01
   1.7452510e+06   4.8034668e+01
   1.7455970e+06   3.3630371e+01
   1.7456230e+06   3.4301758e+01
   1.7634370e+06   4.4982910e+01
   1.7634890e+06   3.6376953e+01
   1.7655550e+06   4.1931152e+01
   1.7655870e+06   4.1076660e+01
   1.7656130e+06   4.1625977e+01
   1.7656610e+06   4.8461914e+01
   1.7657270e+06   3.6132813e+01
   1.7657490e+06   3.7536621e+01
   1.7657940e+06   3.3142090e+01
   1.7658210e+06   3.5034180e+01
   1.7658840e+06   4.5043945e+01
   1.7659280e+06   3.6804199e+01
   1.7659610e+06   3.2958984e+01
   1.7660510e+06   5.6274414e+01
   1.7661860e+06   3.3325195e+01
   1.7663420e+06   3.6193848e+01
   1.8011100e+06   3.3996582e+01
   1.8110110e+06   3.5949707e+01
   1.8110460e+06   3.6315918e+01
   1.8111220e+06   4.4311523e+01
   1.8269750e+06   3.3996582e+01
   1.8274080e+06   3.4851074e+01
   1.8274430e+06   3.4790039e+01
   1.8559960e+06   4.2114258e+01
   1.8560070e+06   4.9499512e+01
   1.8560970e+06   4.2297363e+01
   1.8561220e+06   3.4118652e+01
   1.8561580e+06   3.4118652e+01
   1.8562020e+06   4.5349121e+01
   1.8562660e+06   3.5583496e+01
   1.8563190e+06   3.5888672e+01
   1.8564890e+06   3.9245605e+01
   1.8566250e+06   3.2653809e+01
   1.8566640e+06   3.2531738e+01
   1.8886090e+06   3.6376953e+01
   1.8886340e+06   3.5339355e+01
   1.8887520e+06   3.4667969e+01
   1.8888830e+06   3.8574219e+01
   1.8889060e+06   3.5095215e+01
   1.8889770e+06   3.6254883e+01
   1.8890700e+06   3.5156250e+01
   1.8891040e+06   3.6437988e+01
   1.8892400e+06   4.1870117e+01
   1.8892640e+06   3.5339355e+01
   1.8892890e+06   3.5644531e+01
   1.8907190e+06   3.6560059e+01
   1.9314980e+06   3.3264160e+01
   1.9315840e+06   3.4240723e+01
   1.9316010e+06   5.0109863e+01
   1.9316580e+06   3.5949707e+01
   1.9316880e+06   4.2297363e+01
   1.9317630e+06   3.9550781e+01
   1.9318340e+06   3.5034180e+01
   1.9318450e+06   3.5583496e+01
   1.9319280e+06   3.8024902e+01
   1.9320060e+06   3.4606934e+01
   1.9332180e+06   3.6743164e+01
   1.9333420e+06   3.3081055e+01
   1.9336090e+06   3.3813477e+01
   1.9729830e+06   3.4362793e+01
   1.9729970e+06   3.3203125e+01
   1.9730410e+06   3.7292480e+01
   1.9731210e+06   3.6743164e+01
   1.9733540e+06   3.4057617e+01
   1.9733780e+06   3.4667969e+01
   1.9736670e+06   3.3508301e+01
   1.9994120e+06   3.5278320e+01
   2.0003090e+06   3.2470703e+01
   2.0003470e+06   3.3020020e+01
   2.0003910e+06   4.7363281e+01
   2.0004580e+06   3.5034180e+01
   2.0004980e+06   4.0283203e+01
   2.0005330e+06   4.4433594e+01
   2.0005950e+06   5.1086426e+01
   2.0006200e+06   3.3996582e+01
   2.0006520e+06   3.4790039e+01
   2.0006710e+06   3.5827637e+01
   2.0006930e+06   3.7597656e+01
   2.0012060e+06   3.8024902e+01
   2.0015950e+06   3.9672852e+01
   2.0416660e+06   3.3081055e+01
   2.0470520e+06   3.3996582e+01
   2.0470800e+06   3.2836914e+01
   2.0471120e+06   3.4912109e+01
   2.0471760e+06   4.2053223e+01
   2.0471940e+06   3.3569336e+01
   2.0472200e+06   3.3386230e+01
   2.0473000e+06   3.9245605e+01
   2.0473430e+06   3.3752441e+01
   2.0473980e+06   4.0283203e+01
   2.0481710e+06   3.3874512e+01
   2.0486390e+06   3.3020020e+01
   2.0493110e+06   3.3264160e+01
   2.0909700e+06   4.1748047e+01
   2.0910180e+06   3.6437988e+01
   2.0910440e+06   3.7231445e+01
   2.0910670e+06   3.6621094e+01
   2.0910890e+06   3.5705566e+01
   2.0911150e+06   3.7902832e+01
   2.0911580e+06   3.5644531e+01
   2.0911830e+06   4.4494629e+01
   2.0912070e+06   3.5461426e+01
   2.0912760e+06   4.0283203e+01
   2.0913050e+06   3.7170410e+01
   2.0913150e+06   4.2053223e+01
   2.0913530e+06   4.0771484e+01
   2.0913690e+06   3.6865234e+01
   2.0916010e+06   3.8269043e+01
   2.0921900e+06   3.2592773e+01
   2.1256350e+06   3.8208008e+01
   2.1298090e+06   3.5095215e+01
   2.1298380e+06   3.4790039e+01
   2.1298490e+06   3.3630371e+01
   2.1298750e+06   4.0039063e+01
   2.1299010e+06   3.4118652e+01
   2.1299120e+06   3.6132813e+01
   2.1299570e+06   4.3395996e+01
   2.1300300e+06   3.7841797e+01
   2.1301850e+06   4.5227051e+01
   2.1302120e+06   3.2592773e+01
   2.1304910e+06   3.4912109e+01
   2.1719260e+06   3.2592773e+01
   2.1752090e+06   3.3325195e+01
   2.1752300e+06   3.6865234e+01
   2.1752570e+06   4.5471191e+01
   2.1752890e+06   3.8024902e+01
   2.1753010e+06   3.4240723e+01
   2.1753510e+06   3.3813477e+01
   2.1753630e+06   3.3508301e+01
   2.1754080e+06   3.3874512e+01
   2.1754380e+06   3.5339355e+01
   2.1754620e+06   3.8085938e+01
   2.1756090e+06   3.8940430e+01
   2.1756470e+06   3.5034180e+01
   2.1757830e+06   3.3813477e+01
   2.1758780e+06   3.5461426e+01
   2.1760490e+06   3.2714844e+01
   2.2410000e+06   3.5766602e+01
   2.2410770e+06   3.6132813e+01
   2.2411100e+06   3.6376953e+01
   2.2412040e+06   4.1564941e+01
   2.2414990e+06   3.4240723e+01
   2.2650120e+06   3.5156250e+01
   2.2651380e+06   3.4423828e+01
   2.2652200e+06   3.5888672e+01
   2.2825580e+06   3.2470703e+01
   2.2851800e+06   3.2897949e+01
   2.2851940e+06   6.3781738e+01
   2.2852660e+06   3.2775879e+01
   2.2853590e+06   3.4423828e+01
   2.3291990e+06   3.9062500e+01
   2.3293170e+06   3.2470703e+01
   2.3293360e+06   5.3527832e+01
   2.3293630e+06   3.2897949e+01
   2.3294590e+06   3.3264160e+01
   2.3295210e+06   3.2958984e+01
   2.3670920e+06   3.5095215e+01
   2.3671340e+06   5.1086426e+01
   2.3671780e+06   3.3447266e+01
   2.3672380e+06   3.9245605e+01
   2.3672720e+06   4.7912598e+01
   2.3673370e+06   3.9978027e+01
   2.3673500e+06   3.2470703e+01
   2.3674020e+06   3.5034180e+01
   2.3674610e+06   3.4118652e+01
   2.3676990e+06   3.4790039e+01
   2.3681500e+06   3.3142090e+01
   2.4060140e+06   4.3273926e+01
   2.4087720e+06   3.3508301e+01
   2.4089280e+06   4.1442871e+01
   2.4090040e+06   3.3203125e+01
   2.4090380e+06   3.2775879e+01
   2.4091150e+06   3.3935547e+01
   2.4092450e+06   3.3020020e+01
   2.4363080e+06   3.3569336e+01
   2.4424970e+06   3.4851074e+01
   2.4425090e+06   4.1564941e+01
   2.4425500e+06   4.0710449e+01
   2.4426110e+06   3.3447266e+01
   2.4427040e+06   3.8146973e+01
   2.4428680e+06   3.2653809e+01
   2.4429650e+06   3.4606934e+01
   2.4443730e+06   3.2836914e+01
   2.4444950e+06   3.3264160e+01
   2.4445610e+06   3.7170410e+01
   2.4447320e+06   3.6987305e+01
   2.4754530e+06   3.9916992e+01
   2.4754740e+06   3.6804199e+01
   2.4755440e+06   3.3874512e+01
   2.4755740e+06   3.3508301e+01
   2.4758470e+06   4.6325684e+01
   2.4759780e+06   3.5034180e+01
   2.5025910e+06   3.5705566e+01
   2.5026050e+06   5.8532715e+01
   2.5026730e+06   3.5888672e+01
   2.5236620e+06   3.6010742e+01
   2.5237340e+06   3.4912109e+01
   2.5238010e+06   3.3203125e+01
   2.5238130e+06   3.8635254e+01
   2.5238620e+06   3.2592773e+01
   2.5238740e+06   3.7475586e+01
   2.5246320e+06   3.3020020e+01
   2.5247410e+06   3.8635254e+01
   2.5247880e+06   3.5949707e+01
   2.5248880e+06   3.3386230e+01
   2.5582400e+06   3.2592773e+01
   2.5582680e+06   3.5827637e+01
   2.5583080e+06   4.7973633e+01
   2.5583550e+06   3.9611816e+01
   2.5584080e+06   3.5766602e+01
   2.5585020e+06   3.8208008e+01
   2.5585320e+06   3.6621094e+01
   2.5946460e+06   3.9794922e+01
   2.5947250e+06   3.3325195e+01
   2.5947610e+06   3.3386230e+01
   2.5948720e+06   3.3264160e+01
   2.6126450e+06   3.9916992e+01
   2.6126700e+06   3.4423828e+01
   2.6126880e+06   3.4851074e+01
   2.6127250e+06   3.4118652e+01
   2.6128700e+06   3.2714844e+01
   2.6128980e+06   3.4667969e+01
   2.6131100e+06   3.4179688e+01
   2.6134700e+06   3.4851074e+01
   2.6135200e+06   3.8818359e+01
   2.6421860e+06   3.6071777e+01
   2.6534050e+06   3.8208008e+01
   2.6549880e+06   3.3081055e+01
   2.6550790e+06   3.8940430e+01
   2.6551380e+06   3.4179688e+01
   2.6551550e+06   3.2714844e+01
   2.6552160e+06   3.3386230e+01
   2.6552470e+06   3.5461426e+01
   2.6554400e+06   3.3386230e+01
   2.6765850e+06   3.5827637e+01
   2.6801430e+06   3.7719727e+01
   2.6801620e+06   3.4423828e+01
   2.6802020e+06   3.3325195e+01
   2.6802250e+06   3.5888672e+01
   2.6802410e+06   3.6621094e+01
   2.6803080e+06   3.7170410e+01
   2.6804040e+06   4.8522949e+01
   2.6804610e+06   4.1687012e+01
   2.6806770e+06   3.4790039e+01
   2.6807140e+06   3.8879395e+01
   2.6807620e+06   4.0344238e+01
   2.6810840e+06   3.3203125e+01
   2.7114900e+06   3.5888672e+01
   2.7115800e+06   3.5034180e+01
   2.7119000e+06   3.6804199e+01
   2.7136360e+06   3.2592773e+01
   2.7136660e+06   4.3212891e+01
   2.7140830e+06   3.8513184e+01
   2.7143710e+06   3.8696289e+01
   2.7144370e+06   3.2836914e+01
   2.7541650e+06   3.2714844e+01
   2.7542530e+06   4.2968750e+01
   2.7542910e+06   3.3386230e+01
   2.7543600e+06   3.5217285e+01
   2.7543830e+06   4.8278809e+01
   2.7544350e+06   4.8889160e+01
   2.7544530e+06   4.0588379e+01
   2.7544790e+06   3.6865234e+01
   2.7545440e+06   5.4870605e+01
   2.7546070e+06   3.4912109e+01
   2.7546480e+06   3.3325195e+01
   2.7549890e+06   3.6376953e+01
   2.7551750e+06   3.3203125e+01
   2.7552260e+06   3.5400391e+01
   2.7553320e+06   3.5888672e+01
   2.7553490e+06   3.3813477e+01
   2.7559250e+06   3.2958984e+01
   2.7835400e+06   3.2592773e+01
   2.7835560e+06   3.3569336e+01
   2.8138720e+06   3.6254883e+01
   2.8140440e+06   4.0283203e+01
   2.8140850e+06   3.6621094e+01
   2.8142410e+06   3.7414551e+01
   2.8165580e+06   3.3691406e+01
   2.8165800e+06   3.3752441e+01
   2.8166010e+06   3.5766602e+01
   2.8166390e+06   3.3630371e+01
   2.8167480e+06   4.2785645e+01
   2.8168140e+06   3.6804199e+01
   2.8168470e+06   3.2836914e+01
   2.8168620e+06   3.8574219e+01
   2.8169060e+06   3.2531738e+01
   2.8169720e+06   3.3264160e+01
   2.8171510e+06   3.3081055e+01
   2.8600060e+06   3.4912109e+01
   2.8600190e+06   4.4311523e+01
   2.8829750e+06   3.4545898e+01
   2.8830140e+06   3.2653809e+01
   2.8830660e+06   3.4179688e+01
   2.8830960e+06   3.2592773e+01
   2.8831200e+06   3.3935547e+01
   2.8832320e+06   3.7231445e+01
   2.8832730e+06   4.1381836e+01
   2.8833330e+06   3.3142090e+01
   2.8833480e+06   3.4973145e+01
   2.8834440e+06   3.6621094e+01
   2.8834930e+06   3.6926270e+01
   2.8835120e+06   3.9855957e+01
   2.8835890e+06   3.8024902e+01
   2.8837710e+06   3.5461426e+01
   2.9155410e+06   3.8330078e+01
   2.9155540e+06   3.6254883e+01
   2.9157290e+06   3.6132813e+01
   2.9157730e+06   3.4912109e+01
   2.9159800e+06   3.8391113e+01
   2.9412720e+06   3.2653809e+01
   2.9415750e+06   3.6926270e+01
   2.9416200e+06   3.3020020e+01
   2.9416350e+06   3.3752441e+01
   2.9416690e+06   3.3874512e+01
   2.9419500e+06   3.4179688e+01
   2.9753200e+06   3.6010742e+01
   2.9754480e+06   3.5156250e+01
   2.9755960e+06   3.2958984e+01
   2.9756140e+06   3.2897949e+01
   2.9757050e+06   3.7841797e+01
   2.9758100e+06   3.9306641e+01
   3.0086850e+06   3.3142090e+01
   3.0087360e+06   3.8940430e+01
   3.0088440e+06   3.8452148e+01
   3.0088780e+06   4.1198730e+01
   3.0089940e+06   3.8146973e+01
   3.0090920e+06   3.3508301e+01
   3.0117560e+06   3.3386230e+01
   3.0118180e+06   3.2897949e+01
   3.0118330e+06   4.2968750e+01
   3.0121950e+06   3.7048340e+01
   3.0122290e+06   3.9794922e+01
   3.0126550e+06   3.4240723e+01
   3.0134630e+06   3.2470703e+01
   3.0550420e+06   3.7292480e+01
   3.0550950e+06   3.2653809e+01
   3.0553210e+06   4.1137695e+01
   3.0569750e+06   3.4729004e+01
   3.0570040e+06   4.3762207e+01
   3.0570380e+06   3.8635254e+01
   3.0571810e+06   3.4667969e+01
   3.0571940e+06   3.7780762e+01
   3.0572210e+06   4.0771484e+01
   3.0572400e+06   3.4057617e+01
   3.0572640e+06   3.3752441e+01
   3.0573540e+06   3.9367676e+01
   3.0821040e+06   4.1870117e+01
   3.0821360e+06   3.9916992e+01
   3.0821590e+06   3.9184570e+01
   3.0822380e+06   3.2714844e+01
   3.0822640e+06   3.5095215e+01
   3.0822900e+06   4.4921875e+01
   3.0823340e+06   3.5705566e+01
   3.0824270e+06   3.3203125e+01
   3.0824740e+06   3.4973145e+01
   3.1014550e+06   3.3447266e+01
   3.1015180e+06   3.3508301e+01
   3.1015780e+06   3.4912109e+01
   3.1016150e+06   4.5166016e+01
   3.1016500e+06   3.7963867e+01
   3.1017210e+06   3.6621094e+01
   3.1018350e+06   4.2358398e+01
   3.1019680e+06   3.4912109e+01
   3.1199700e+06   3.5522461e+01
   3.1199970e+06   3.3386230e+01
   3.1200130e+06   3.8818359e+01
   3.1200640e+06   4.8278809e+01
   3.1201560e+06   3.7902832e+01
   3.1202360e+06   4.4860840e+01
   3.1203290e+06   3.3081055e+01
   3.1204040e+06   4.2541504e+01
   3.1204580e+06   3.2714844e+01
   3.1204840e+06   3.4851074e+01
   3.1209410e+06   3.5217285e+01
   3.1472520e+06   3.2653809e+01
   3.1556950e+06   4.2236328e+01
   3.1557990e+06   4.9194336e+01
   3.1558140e+06   4.2602539e+01
   3.1559480e+06   3.8391113e+01
   3.1560240e+06   3.9062500e+01
   3.1781050e+06   3.2836914e+01
   3.1781340e+06   4.8400879e+01
   3.1782320e+06   3.8940430e+01
   3.1783610e+06   3.7841797e+01
   3.1966950e+06   3.4851074e+01
   3.1967350e+06   3.5949707e+01
   3.1967650e+06   3.6987305e+01
   3.1969480e+06   4.9804688e+01
   3.1971930e+06   3.6743164e+01
   3.1979080e+06   3.3325195e+01
   3.2296470e+06   3.2714844e+01
   3.2349850e+06   3.4240723e+01
   3.2350210e+06   3.6254883e+01
   3.2350450e+06   3.8208008e+01
   3.2351070e+06   3.9123535e+01
   3.2352290e+06   5.0109863e+01
   3.2352640e+06   3.4301758e+01
   3.2353210e+06   3.6621094e+01
   3.2353640e+06   3.5034180e+01
   3.2353970e+06   4.3212891e+01
   3.2354380e+06   3.4545898e+01
   3.2354830e+06   4.3640137e+01
   3.2354970e+06   3.6743164e+01
   3.2355210e+06   3.4118652e+01
   3.2356300e+06   3.7109375e+01
   3.2356840e+06   3.7902832e+01
   3.2357440e+06   3.3691406e+01
   3.2363240e+06   3.4484863e+01
   3.2758080e+06   3.3813477e+01
   3.2759940e+06   3.4484863e+01
   3.2764040e+06   3.8024902e+01
   3.2768310e+06   3.3935547e+01
   3.3017440e+06   3.8940430e+01
   3.3018900e+06   3.4973145e+01
   3.3019020e+06   3.4606934e+01
   3.3019710e+06   3.3081055e+01
   3.3020970e+06   3.4912109e+01
   3.3259170e+06   3.4545898e+01
   3.3260700e+06   3.3020020e+01
   3.3260910e+06   3.9062500e+01
   3.3261720e+06   4.0344238e+01
   3.3262110e+06   3.7231445e+01
   3.3262330e+06   3.9672852e+01
   3.3262820e+06   3.3508301e+01
   3.3263420e+06   3.4057617e+01
   3.3264280e+06   3.6560059e+01
   3.3265280e+06   3.5583496e+01
   3.3266730e+06   3.6682129e+01
   3.3269120e+06   3.9001465e+01
   3.3610190e+06   3.2775879e+01
   3.3619270e+06   3.2897949e+01
   3.3750620e+06   4.0161133e+01
   3.3750990e+06   3.3630371e+01
   3.3899320e+06   3.8513184e+01
   3.3899940e+06   3.3996582e+01
   3.3900740e+06   4.2419434e+01
   3.3900970e+06   3.3691406e+01
   3.3902870e+06   3.4057617e+01
   3.3903880e+06   3.5156250e+01
   3.3906870e+06   3.6987305e+01
   3.3910140e+06   3.3020020e+01
   3.4094560e+06   3.3264160e+01
   3.4094750e+06   3.8574219e+01
   3.4094960e+06   3.5827637e+01
   3.4095240e+06   3.3020020e+01
   3.4105810e+06   3.6315918e+01
   3.4392510e+06   4.1564941e+01
   3.4392720e+06   3.8024902e+01
   3.4392940e+06   4.1015625e+01
   3.4393110e+06   3.3813477e+01
   3.4393890e+06   3.2531738e+01
   3.4394150e+06   3.8146973e+01
   3.4394690e+06   4.0161133e+01
   3.4394960e+06   4.1503906e+01
   3.4395100e+06   3.7170410e+01
   3.4395620e+06   3.6132813e+01
   3.4396410e+06   3.4484863e+01
   3.4399960e+06   3.5522461e+01
   3.4831840e+06   3.5827637e+01
   3.4832800e+06   3.5034180e+01
   3.4833120e+06   3.6682129e+01
   3.4833390e+06   3.3081055e+01
   3.4833500e+06   3.9978027e+01
   3.5088980e+06   3.2775879e+01
   3.5089220e+06   4.1198730e+01
   3.5089810e+06   3.3447266e+01
   3.5090110e+06   3.4729004e+01
   3.5090370e+06   3.3874512e+01
   3.5090670e+06   3.4851074e+01
   3.5091320e+06   3.5766602e+01
   3.5091570e+06   3.7841797e+01
   3.5091730e+06   4.3334961e+01
   3.5091950e+06   3.2592773e+01
   3.5092360e+06   3.6132813e+01
   3.5093610e+06   3.6132813e+01
   3.5115600e+06   3.7536621e+01
   3.5118080e+06   3.7109375e+01
   3.5357480e+06   3.3996582e+01
   3.5357990e+06   3.3813477e+01
   3.5359050e+06   3.5461426e+01
   3.5380720e+06   4.8095703e+01
   3.5380990e+06   3.7963867e+01
   3.5382310e+06   4.0039063e+01
   3.5382610e+06   4.1564941e+01
   3.5383560e+06   3.4179688e+01
   3.5385170e+06   4.7302246e+01
   3.5843370e+06   3.8085938e+01
   3.5848000e+06   3.5095215e+01
   3.5849430e+06   3.2897949e+01
   3.5849980e+06   3.7414551e+01
   3.6127460e+06   3.5705566e+01
   3.6127610e+06   3.4179688e+01
   3.6128140e+06   3.9306641e+01
   3.6128920e+06   3.6682129e+01
   3.6129300e+06   3.5217285e+01
   3.6129780e+06   3.2531738e+01
   3.6130430e+06   3.6621094e+01
   3.6131590e+06   3.5156250e+01
   3.6132400e+06   3.8879395e+01
   3.6132740e+06   3.2592773e+01
   3.6132950e+06   4.0222168e+01
   3.6138380e+06   3.7292480e+01
   3.6472720e+06   3.7536621e+01
   3.6473470e+06   3.9001465e+01
   3.6473600e+06   3.5217285e+01
   3.6473920e+06   3.8269043e+01
   3.6478420e+06   3.3935547e+01
   3.6478910e+06   3.5827637e+01
   3.6791960e+06   3.3691406e+01
   3.6792170e+06   3.6193848e+01
   3.6792440e+06   3.3874512e+01
   3.6794980e+06   4.0649414e+01
   3.6801700e+06   3.2470703e+01
   3.6820690e+06   3.4423828e+01
   3.6821430e+06   4.2236328e+01
   3.6821950e+06   3.3996582e+01
   3.6822150e+06   3.3935547e+01
   3.6823230e+06   3.3081055e+01
   3.6823640e+06   3.3935547e+01
   3.6823780e+06   3.5278320e+01
   3.6824610e+06   3.7536621e+01
   3.6825880e+06   3.7597656e+01
   3.6826910e+06   4.0161133e+01
   3.6831090e+06   3.3630371e+01
   3.6836820e+06   3.7536621e+01
   3.7272790e+06   3.6193848e+01
   3.7273010e+06   3.5644531e+01
   3.7273370e+06   3.6621094e+01
   3.7273530e+06   3.7719727e+01
   3.7273720e+06   3.4606934e+01
   3.7273830e+06   3.3325195e+01
   3.7280940e+06   3.5339355e+01
   3.7294350e+06   3.6804199e+01
   3.7294900e+06   4.2541504e+01
   3.7295080e+06   3.5278320e+01
   3.7445650e+06   4.2541504e+01
   3.7447330e+06   3.8818359e+01
   3.7449140e+06   3.5827637e+01
   3.7474410e+06   4.6936035e+01
   3.7474690e+06   3.4667969e+01
   3.7474860e+06   4.7058105e+01
   3.7475410e+06   3.6193848e+01
   3.7475570e+06   4.1137695e+01
   3.7476510e+06   4.0832520e+01
   3.7476650e+06   4.5898438e+01
   3.7477310e+06   3.3874512e+01
   3.7477490e+06   3.6254883e+01
   3.7477700e+06   3.7780762e+01
   3.7478230e+06   3.2470703e+01
   3.7478480e+06   3.5766602e+01
   3.7479750e+06   4.4799805e+01
   3.7928630e+06   3.3874512e+01
   3.8026320e+06   3.4484863e+01
   3.8026610e+06   4.0344238e+01
   3.8027530e+06   4.1809082e+01
   3.8027990e+06   4.4250488e+01
   3.8172580e+06   3.6621094e+01
   3.8173190e+06   3.5827637e+01
   3.8173410e+06   3.3020020e+01
   3.8173840e+06   4.0893555e+01
   3.8174580e+06   4.3273926e+01
   3.8175250e+06   3.2653809e+01
   3.8175590e+06   3.8024902e+01
   3.8318970e+06   3.6071777e+01
   3.8319320e+06   3.3325195e+01
   3.8319540e+06   3.4362793e+01
   3.8319690e+06   3.9489746e+01
   3.8322600e+06   3.6987305e+01
   3.8541170e+06   3.3142090e+01
   3.8541710e+06   3.3630371e+01
   3.8542380e+06   4.5104980e+01
   3.8542580e+06   4.5104980e+01
   3.8542940e+06   3.3081055e+01
   3.8543510e+06   3.2653809e+01
   3.8544600e+06   3.6987305e+01
   3.8544990e+06   3.2470703e+01
   3.8545790e+06   3.9306641e+01
   3.8547730e+06   3.5400391e+01
   3.8832920e+06   3.3813477e+01
   3.8833770e+06   3.6926270e+01
   3.8834130e+06   3.4484863e+01
   3.8834290e+06   3.4973145e+01
   3.8835160e+06   3.3264160e+01
   3.8835930e+06   3.2958984e+01
   3.8837600e+06   3.6315918e+01
   3.8840640e+06   3.8330078e+01
   3.9126440e+06   3.4423828e+01
   3.9126660e+06   5.0598145e+01
   3.9126840e+06   3.3264160e+01
   3.9128480e+06   3.2836914e+01
   3.9131140e+06   3.9794922e+01
   3.9178570e+06   3.3752441e+01
   3.9183140e+06   3.3996582e+01
   3.9183630e+06   3.4606934e+01
   3.9183920e+06   3.2470703e+01
   3.9184280e+06   3.4851074e+01
   3.9184770e+06   3.3996582e+01
   3.9185950e+06   3.3630371e+01
   3.9186190e+06   3.3447266e+01
   3.9186940e+06   3.7414551e+01
   3.9188890e+06   3.3874512e+01
   3.9192910e+06   3.5400391e+01
   3.9573190e+06   4.0283203e+01
   3.9573320e+06   4.2602539e+01
   3.9575770e+06   3.9794922e+01
   3.9731060e+06   3.4240723e+01
   3.9732530e+06   3.6437988e+01
   3.9732960e+06   3.6499023e+01
   3.9733140e+06   4.0161133e+01
   3.9733580e+06   4.1870117e+01
   3.9733880e+06   3.7658691e+01
   3.9734080e+06   3.3935547e+01
   3.9735100e+06   3.9184570e+01
   3.9735530e+06   3.2653809e+01
   3.9735930e+06   3.8391113e+01
   3.9736630e+06   3.3325195e+01
   3.9738370e+06   3.3264160e+01
   4.0030750e+06   3.3020020e+01
   4.0293400e+06   3.7475586e+01
   4.0293610e+06   3.7597656e+01
   4.0294050e+06   4.6997070e+01
   4.0294430e+06   3.4240723e+01
   4.0295300e+06   3.8940430e+01
   4.0295740e+06   3.3996582e+01
   4.0296890e+06   3.3935547e+01
   4.0419380e+06   3.2897949e+01
   4.0423740e+06   3.5644531e+01
   4.0424580e+06   3.7292480e+01
   4.0834450e+06   4.5959473e+01
   4.0834770e+06   4.2785645e+01
   4.0835010e+06   3.9672852e+01
   4.0835300e+06   4.4189453e+01
   4.0835580e+06   3.7658691e+01
   4.0835810e+06   3.7414551e+01
   4.0836020e+06   4.9316406e+01
   4.0836740e+06   3.9978027e+01
   4.0837030e+06   3.4240723e+01
   4.0837330e+06   3.2653809e+01
   4.0837630e+06   4.0771484e+01
   4.0838720e+06   4.0832520e+01
   4.0839260e+06   3.3935547e+01
   4.0839730e+06   3.4423828e+01
   4.0840430e+06   3.4057617e+01
   4.0845230e+06   3.7841797e+01
   4.0848190e+06   3.2958984e+01
   4.1222330e+06   4.2175293e+01
   4.1223170e+06   3.4484863e+01
   4.1223530e+06   3.5339355e+01
   4.1224060e+06   4.1931152e+01
   4.1224370e+06   3.7353516e+01
   4.1225470e+06   4.4982910e+01
   4.1229140e+06   3.6010742e+01
   4.1581890e+06   3.3630371e+01
   4.1585980e+06   3.2531738e+01
   4.1730220e+06   3.3752441e+01
   4.1731040e+06   3.6926270e+01
   4.1855220e+06   3.8757324e+01
   4.1855420e+06   3.3691406e+01
   4.1857700e+06   3.3508301e+01
   4.1859430e+06   3.4545898e+01
   4.1859540e+06   3.2958984e+01
   4.2057310e+06   3.8452148e+01
   4.2057850e+06   3.7048340e+01
   4.2062640e+06   3.5766602e+01
   4.2278690e+06   3.3264160e+01
   4.2279700e+06   3.3996582e+01
   4.2280020e+06   3.3081055e+01
   4.2280160e+06   3.4606934e+01
   4.2280780e+06   3.3203125e+01
   4.2281110e+06   4.0771484e+01
   4.2282120e+06   3.7780762e+01
   4.2283410e+06   3.4301758e+01
   4.2284140e+06   3.5156250e+01
   4.2587660e+06   3.2958984e+01
   4.2727070e+06   3.5705566e+01
   4.2727340e+06   3.8208008e+01
   4.2728480e+06   3.4729004e+01
   4.2729010e+06   3.4301758e+01
   4.2730210e+06   3.5766602e+01
   4.3047390e+06   3.2470703e+01
   4.3105380e+06   3.3020020e+01
   4.3106460e+06   3.4790039e+01
   4.3107680e+06   4.5593262e+01
   4.3108070e+06   3.4362793e+01
   4.3229830e+06   3.8635254e+01
   4.3234110e+06   3.6010742e+01
   4.3238420e+06   3.4912109e+01
   4.3575390e+06   3.4057617e+01
   4.3575730e+06   4.1931152e+01
   4.3576220e+06   3.8879395e+01
   4.3576860e+06   3.3264160e+01
   4.3578010e+06   4.7790527e+01
   4.3578540e+06   3.7902832e+01
   4.3579370e+06   4.7546387e+01
   4.3579800e+06   3.8818359e+01
   4.3581540e+06   3.2836914e+01
   4.3582100e+06   3.7597656e+01
   4.3582290e+06   3.2592773e+01
   4.3582820e+06   3.8513184e+01
   4.3593450e+06   3.3386230e+01
   4.3983340e+06   3.3325195e+01
   4.3983460e+06   4.1564941e+01
   4.3984280e+06   4.1809082e+01
   4.3985010e+06   3.8879395e+01
   4.3986270e+06   3.5339355e+01
   4.3986750e+06   3.6560059e+01
   4.3988670e+06   3.2653809e+01
   4.3989050e+06   3.8879395e+01
   4.3990070e+06   4.2236328e+01
   4.3995760e+06   4.1137695e+01
   4.4362650e+06   3.7963867e+01
   4.4365350e+06   3.3996582e+01
   4.4530740e+06   3.8574219e+01
   4.4532460e+06   3.7719727e+01
   4.4533060e+06   3.9428711e+01
   4.4535420e+06   3.4790039e+01
   4.4792350e+06   3.4667969e+01
   4.4792910e+06   4.1259766e+01
   4.4793030e+06   3.2897949e+01
   4.4793270e+06   3.2958984e+01
   4.4793450e+06   3.4484863e+01
   4.4793720e+06   3.7414551e+01
   4.4796020e+06   3.6132813e+01
   4.5070010e+06   3.6315918e+01
   4.5070310e+06   3.8940430e+01
   4.5070630e+06   3.5583496e+01
   4.5071230e+06   3.5644531e+01
   4.5071700e+06   4.1198730e+01
   4.5073140e+06   3.8879395e+01
   4.5355490e+06   3.4423828e+01
   4.5355790e+06   3.5461426e+01
   4.5356350e+06   3.2775879e+01
   4.5550170e+06   3.3935547e+01
   4.5553460e+06   3.4912109e+01
   4.5554510e+06   3.4545898e+01
   4.5555320e+06   3.2531738e+01
   4.5556060e+06   3.2531738e+01
   4.5557310e+06   3.3386230e+01
   4.5969830e+06   4.7180176e+01
   4.5972350e+06   3.6376953e+01
   4.6375210e+06   3.5949707e+01
   4.6377380e+06   3.2714844e+01
   4.6377970e+06   3.7170410e+01
   4.6378140e+06   4.0161133e+01
   4.6379840e+06   3.6071777e+01
   4.6381310e+06   3.4179688e+01
   4.6691030e+06   3.6560059e+01
   4.6692710e+06   3.4912109e+01
   4.6692990e+06   4.0832520e+01
   4.6693230e+06   3.7475586e+01
   4.6874050e+06   3.4729004e+01
   4.6874560e+06   3.5461426e+01
   4.6875790e+06   3.6560059e+01
   4.6877260e+06   3.6437988e+01
   4.7091710e+06   3.8208008e+01
   4.7092230e+06   3.3264160e+01
   4.7092810e+06   3.5949707e+01
   4.7094430e+06   4.0039063e+01
   4.7094790e+06   4.0954590e+01
   4.7096190e+06   3.2714844e+01
   4.7096780e+06   3.4851074e+01
   4.7369950e+06   3.2531738e+01
   4.7371840e+06   3.3325195e+01
   4.7373080e+06   5.2062988e+01
   4.7650180e+06   3.2775879e+01
   4.7653000e+06   3.2531738e+01
   4.7653680e+06   3.3935547e+01
   4.7654930e+06   3.5766602e+01
   4.7656720e+06   3.3691406e+01
   4.7901110e+06   3.7414551e+01
   4.7901320e+06   3.2897949e+01
   4.7901690e+06   3.4790039e+01
   4.7902780e+06   3.2897949e+01
   4.7903380e+06   3.5217285e+01
   4.8168130e+06   3.4606934e+01
   4.8169000e+06   3.7231445e+01
   4.8170130e+06   3.4545898e+01
   4.8170930e+06   3.3447266e+01
   4.8373560e+06   3.7231445e+01
   4.8377710e+06   3.6926270e+01
   4.8378020e+06   3.9428711e+01
   4.8385350e+06   3.5278320e+01
   4.8386950e+06   3.2653809e+01
   4.8387360e+06   3.7048340e+01
   4.8559670e+06   3.6987305e+01
   4.8646950e+06   3.3935547e+01
   4.8647600e+06   3.4240723e+01
   4.8648200e+06   3.5888672e+01
   4.8648440e+06   3.9550781e+01
   4.8649920e+06   3.2775879e+01
   4.8650100e+06   3.3813477e+01
   4.8650420e+06   3.6437988e+01
   4.8652400e+06   3.3386230e+01
   4.8652660e+06   3.3020020e+01
   4.8855730e+06   3.3813477e+01
   4.9004680e+06   3.2714844e+01
   4.9005150e+06   3.7475586e+01
   4.9006240e+06   3.5156250e+01
   4.9006700e+06   3.2592773e+01
   4.9006980e+06   3.6376953e+01
   4.9007150e+06   3.5156250e+01
   4.9007780e+06   3.7902832e+01
   4.9008110e+06   3.3142090e+01
   4.9008710e+06   4.1931152e+01
   4.9009070e+06   5.1757813e+01
   4.9401300e+06   3.2653809e+01
   4.9402070e+06   3.4729004e+01
   4.9403050e+06   4.2419434e+01
   4.9405510e+06   3.6621094e+01
   4.9410570e+06   3.3203125e+01
   4.9648270e+06   3.4240723e+01
   4.9648990e+06   3.7292480e+01
   4.9649520e+06   3.5095215e+01
   4.9649790e+06   3.6499023e+01
   4.9650290e+06   3.7475586e+01
   4.9651550e+06   4.1320801e+01
   4.9651960e+06   4.5043945e+01
   4.9652070e+06   3.5888672e+01
   4.9652270e+06   3.6560059e+01
   4.9652660e+06   3.5339355e+01
   4.9652800e+06   3.4301758e+01
   4.9653610e+06   3.4545898e+01
   4.9654440e+06   3.4118652e+01
   4.9655790e+06   3.4729004e+01
   4.9657670e+06   3.7048340e+01
   5.0120460e+06   3.4851074e+01
   5.0121130e+06   3.2531738e+01
   5.0147720e+06   4.1381836e+01
   5.0148660e+06   4.7729492e+01
   5.0148810e+06   3.5705566e+01
   5.0149330e+06   3.3142090e+01
   5.0149780e+06   3.6315918e+01
   5.0149890e+06   3.6804199e+01
   5.0150040e+06   4.5654297e+01
   5.0150440e+06   6.3842773e+01
   5.0151980e+06   3.9916992e+01
   5.0152510e+06   3.6315918e+01
   5.0152660e+06   3.6804199e+01
   5.0153950e+06   3.3935547e+01
   5.0164450e+06   3.2470703e+01
   5.0568270e+06   3.3081055e+01
   5.0694010e+06   3.9001465e+01
   5.0769000e+06   3.6987305e+01
   5.0769710e+06   3.3447266e+01
   5.0769990e+06   4.3334961e+01
   5.0770230e+06   3.8208008e+01
   5.0770520e+06   3.9001465e+01
   5.0771030e+06   4.1748047e+01
   5.0772080e+06   3.4057617e+01
   5.0772200e+06   5.0231934e+01
   5.0774140e+06   3.9306641e+01
   5.0775130e+06   3.5827637e+01
   5.0778170e+06   3.6437988e+01
   5.1282490e+06   3.6193848e+01
   5.1284260e+06   3.3264160e+01
   5.1284640e+06   3.9245605e+01
   5.1285020e+06   4.0527344e+01
   5.1285300e+06   3.2897949e+01
   5.1527830e+06   3.4057617e+01
   5.1528150e+06   5.0048828e+01
   5.1528480e+06   3.3569336e+01
   5.1528590e+06   5.1818848e+01
   5.1529260e+06   3.4484863e+01
   5.1529560e+06   3.5644531e+01
   5.1530010e+06   4.8828125e+01
   5.1530980e+06   5.3466797e+01
   5.1531490e+06   3.4729004e+01
   5.1531870e+06   3.3874512e+01
   5.1532500e+06   4.6691895e+01
   5.1532890e+06   4.5654297e+01
   5.1533880e+06   3.5949707e+01
   5.1534540e+06   4.0832520e+01
   5.1534660e+06   3.7963867e+01
   5.1840780e+06   3.3142090e+01
   5.2015940e+06   4.2907715e+01
   5.2016820e+06   3.8085938e+01
   5.2017190e+06   3.6804199e+01
   5.2017290e+06   4.7119141e+01
   5.2017680e+06   3.6132813e+01
   5.2048590e+06   3.4118652e+01
   5.2048920e+06   3.6621094e+01
   5.2049210e+06   3.5766602e+01
   5.2049420e+06   3.5827637e+01
   5.2049550e+06   4.1564941e+01
   5.2049840e+06   3.9001465e+01
   5.2050150e+06   4.1687012e+01
   5.2050700e+06   3.7170410e+01
   5.2051120e+06   3.4973145e+01
   5.2051490e+06   3.6071777e+01
   5.2051940e+06   3.5766602e+01
   5.2056760e+06   3.4423828e+01
   5.2410310e+06   3.3325195e+01
   5.2413680e+06   3.6193848e+01
   5.2583950e+06   3.5705566e+01
   5.2584100e+06   3.8208008e+01
   5.2586240e+06   3.3264160e+01
   5.2586410e+06   3.5461426e+01
   5.2588480e+06   4.2236328e+01
   5.2871310e+06   3.6499023e+01
   5.2872140e+06   3.6865234e+01
   5.3047960e+06   3.3264160e+01
   5.3049790e+06   3.7902832e+01
   5.3051810e+06   3.2592773e+01
   5.3054060e+06   3.4118652e+01
   5.3295690e+06   3.2775879e+01
   5.3297290e+06   3.9611816e+01
   5.3389200e+06   3.3813477e+01
   5.3389810e+06   3.8391113e+01
   5.3390120e+06   3.3264160e+01
   5.3391220e+06   4.3701172e+01
   5.3392230e+06   3.6560059e+01
   5.3393240e+06   3.3386230e+01
   5.3657610e+06   3.5156250e+01
   5.3658140e+06   3.5705566e+01
   5.3660190e+06   3.4667969e+01
   5.3660780e+06   3.5400391e+01
   5.3666170e+06   3.3264160e+01
   5.3669370e+06   3.3752441e+01
   5.3669510e+06   3.5888672e+01
   5.3919940e+06   3.2958984e+01
   5.3937950e+06   3.3752441e+01
   5.3952900e+06   3.6804199e+01
   5.3955000e+06   3.8208008e+01
   5.3956550e+06   4.9926758e+01
   5.3956780e+06   3.3386230e+01
   5.4204280e+06   3.5034180e+01
   5.4204670e+06   3.3508301e+01
   5.4205580e+06   3.3264160e+01
   5.4334500e+06   3.2897949e+01
   5.4368380e+06   3.5522461e+01
   5.4369220e+06   3.3142090e+01
   5.4370530e+06   4.4860840e+01
   5.4371730e+06   3.9306641e+01
   5.4575090e+06   3.3508301e+01
   5.4577980e+06   4.0466309e+01
   5.4841880e+06   3.9794922e+01
   5.4842240e+06   3.5705566e+01
   5.4843020e+06   3.2836914e+01
   5.4843370e+06   3.9184570e+01
   5.4844300e+06   3.9062500e+01
   5.4844710e+06   3.2531738e+01
   5.5176200e+06   3.8635254e+01
   5.5176410e+06   3.4912109e+01
   5.5176560e+06   4.0222168e+01
   5.5177540e+06   3.3325195e+01
   5.5178510e+06   4.2358398e+01
   5.5178620e+06   3.8513184e+01
   5.5179420e+06   3.2531738e+01
   5.5180460e+06   3.3142090e+01
   5.5533950e+06   4.1137695e+01
   5.5654390e+06   3.5888672e+01
   5.5654690e+06   4.5776367e+01
   5.5655240e+06   5.3710938e+01
   5.5655490e+06   3.4851074e+01
   5.5656130e+06   3.3020020e+01
   5.5656360e+06   3.2470703e+01
   5.5656600e+06   3.7536621e+01
   5.5657070e+06   3.7170410e+01
   5.5657520e+06   3.8024902e+01
   5.5658020e+06   3.3752441e+01
   5.6250540e+06   3.4179688e+01
   5.6251490e+06   3.2714844e+01
   5.6251950e+06   3.6743164e+01
   5.6252650e+06   3.3752441e+01
   5.6256050e+06   3.3142090e+01
   5.6332040e+06   3.3630371e+01
   5.6333630e+06   3.2714844e+01
   5.6499420e+06   3.5888672e+01
   5.6688360e+06   4.5288086e+01
   5.6688570e+06   3.2653809e+01
   5.6688860e+06   3.9428711e+01
   5.6689080e+06   3.6193848e+01
   5.6689250e+06   3.5827637e+01
   5.6689790e+06   3.2470703e+01
   5.6689990e+06   3.5156250e+01
   5.6690440e+06   3.8879395e+01
   5.6690620e+06   3.3935547e+01
   5.6692430e+06   3.5583496e+01
   5.7142430e+06   3.5461426e+01
   5.7147130e+06   3.4362793e+01
   5.7147410e+06   4.1992188e+01
   5.7149290e+06   4.6569824e+01
   5.7150390e+06   4.2053223e+01
   5.7150850e+06   3.2470703e+01
   5.7151970e+06   3.2836914e+01
   5.7153100e+06   3.6376953e+01
   5.7387290e+06   3.3020020e+01
   5.7389010e+06   3.3874512e+01
   5.7501150e+06   3.5034180e+01
   5.7545020e+06   3.4912109e+01
   5.7553220e+06   3.2531738e+01
   5.7768870e+06   4.9865723e+01
   5.7769140e+06   3.7353516e+01
   5.7769590e+06   3.3569336e+01
   5.7769740e+06   3.7902832e+01
   5.7770170e+06   3.7536621e+01
   5.7770770e+06   3.3447266e+01
   5.7771190e+06   3.5278320e+01
   5.7771320e+06   3.9428711e+01
   5.7771940e+06   3.3386230e+01
   5.7772190e+06   4.6081543e+01
   5.7773070e+06   3.2653809e+01
   5.7781270e+06   3.2836914e+01
   5.8052900e+06   3.3386230e+01
   5.8053990e+06   3.4484863e+01
   5.8076400e+06   3.3081055e+01
   5.8076920e+06   3.9489746e+01
   5.8077130e+06   3.8513184e+01
   5.8077400e+06   4.3151855e+01
   5.8077510e+06   4.1381836e+01
   5.8077830e+06   3.4606934e+01
   5.8078000e+06   4.5227051e+01
   5.8078260e+06   4.0710449e+01
   5.8078720e+06   3.3813477e+01
   5.8078950e+06   3.3935547e+01
   5.8079780e+06   3.7353516e+01
   5.8080100e+06   3.3813477e+01
   5.8081190e+06   3.3691406e+01
   5.8088500e+06   3.6437988e+01
   5.8094000e+06   3.6621094e+01
   5.8096680e+06   3.6621094e+01
   5.8433600e+06   3.4240723e+01
   5.8434370e+06   3.3508301e+01
   5.8434600e+06   3.3752441e+01
   5.8434730e+06   3.5156250e+01
   5.8686500e+06   4.9682617e+01
   5.8687040e+06   3.9062500e+01
   5.8687940e+06   3.7170410e+01
   5.8688460e+06   4.2175293e+01
   5.8689570e+06   4.5043945e+01
   5.8689840e+06   4.1870117e+01
   5.8690310e+06   4.3273926e+01
   5.8690420e+06   3.6315918e+01
   5.8691220e+06   3.3264160e+01
   5.8702540e+06   3.4362793e+01
   5.8712590e+06   3.4912109e+01
   5.9051950e+06   3.6315918e+01
   5.9183580e+06   3.4301758e+01
   5.9184300e+06   3.4301758e+01
   5.9368720e+06   3.3447266e+01
   5.9415800e+06   3.6743164e+01
   5.9416060e+06   4.6813965e+01
   5.9416630e+06   3.2592773e+01
   5.9417000e+06   3.8208008e+01
   5.9417480e+06   3.2470703e+01
   5.9417890e+06   3.7048340e+01
   5.9418370e+06   3.3996582e+01
   5.9419620e+06   3.4362793e+01
   5.9420460e+06   3.5461426e+01
   5.9421130e+06   4.0344238e+01
   5.9425460e+06   3.6437988e+01
   5.9433630e+06   3.8513184e+01
   6.0040590e+06   3.3630371e+01
   6.0041790e+06   3.8574219e+01
   6.0219570e+06   3.8635254e+01
   6.0220220e+06   3.8024902e+01
   6.0228860e+06   3.2775879e+01
   6.0229260e+06   3.6865234e+01
   6.0229710e+06   3.3691406e+01
   6.0229910e+06   3.5766602e+01
   6.0230310e+06   3.7170410e+01
   6.0512970e+06   3.4118652e+01
   6.0513970e+06   3.7414551e+01
   6.0514820e+06   3.7841797e+01
   6.0515310e+06   3.5400391e+01
   6.0515460e+06   3.4179688e+01
   6.0519980e+06   3.7170410e+01
   6.0767560e+06   3.5705566e+01
   6.0805150e+06   3.3874512e+01
   6.0826560e+06   3.9062500e+01
   6.0827290e+06   3.4973145e+01
   6.0827610e+06   3.3874512e+01
   6.0828180e+06   4.6081543e+01
   6.0828390e+06   3.2531738e+01
   6.0829120e+06   5.5480957e+01
   6.0830520e+06   3.4545898e+01
   6.1198550e+06   3.3203125e+01
   6.1199400e+06   3.5583496e+01
   6.1199980e+06   4.0405273e+01
   6.1200820e+06   3.3996582e+01
   6.1201720e+06   3.2531738e+01
   6.1202090e+06   3.2470703e+01
   6.1202870e+06   3.7719727e+01
   6.1203230e+06   4.2602539e+01
   6.1203990e+06   3.6254883e+01
   6.1500700e+06   3.3630371e+01
   6.1500890e+06   3.5095215e+01
   6.1501210e+06   3.5583496e+01
   6.1501370e+06   3.8574219e+01
   6.1628070e+06   3.2775879e+01
   6.1628700e+06   4.0039063e+01
   6.1828760e+06   4.1809082e+01
   6.1831640e+06   3.2775879e+01
   6.1832120e+06   3.3020020e+01
   6.1832530e+06   3.6499023e+01
   6.1835790e+06   4.1687012e+01
   6.2210900e+06   3.5644531e+01
   6.2211750e+06   4.0405273e+01
   6.2211870e+06   3.4667969e+01
   6.2212180e+06   3.2958984e+01
   6.2212480e+06   3.7597656e+01
   6.2212790e+06   4.3151855e+01
   6.2213310e+06   4.5410156e+01
   6.2214650e+06   3.3142090e+01
   6.2214970e+06   3.4179688e+01
   6.2215390e+06   3.9062500e+01
   6.2216150e+06   3.8696289e+01
   6.2216260e+06   3.3020020e+01
   6.2217040e+06   4.0954590e+01
   6.2220290e+06   3.5888672e+01
   6.2519800e+06   3.3691406e+01
   6.2522990e+06   3.3569336e+01
   6.2523370e+06   3.4301758e+01
   6.2524540e+06   3.3142090e+01
   6.2525110e+06   3.6254883e+01
   6.2525460e+06   3.6621094e+01
   6.2525680e+06   3.8696289e+01
   6.2525880e+06   3.3081055e+01
   6.2526730e+06   3.3752441e+01
   6.2527930e+06   4.8339844e+01
   6.2528680e+06   3.8085938e+01
   6.2529790e+06   3.2470703e+01
   6.2529940e+06   3.3935547e+01
   6.2533130e+06   3.5461426e+01
   6.2789260e+06   3.2836914e+01
   6.2789580e+06   3.3691406e+01
   6.2789770e+06   3.7719727e+01
   6.2790470e+06   3.3508301e+01
   6.2811410e+06   3.5949707e+01
   6.2811560e+06   4.5715332e+01
   6.2812100e+06   3.3020020e+01
   6.2812420e+06   3.3020020e+01
   6.2812880e+06   3.4179688e+01
   6.2813170e+06   3.3508301e+01
   6.2813750e+06   3.3264160e+01
   6.3054930e+06   3.3081055e+01
   6.3206720e+06   3.4118652e+01
   6.3208500e+06   3.5522461e+01
   6.3209130e+06   3.5217285e+01
   6.3209340e+06   3.9123535e+01
   6.3437370e+06   3.3630371e+01
   6.3438520e+06   3.2653809e+01
   6.3439490e+06   3.8146973e+01
   6.3440310e+06   3.4851074e+01
   6.3440600e+06   4.1015625e+01
   6.3440720e+06   3.7048340e+01
   6.3441040e+06   4.4616699e+01
   6.3441470e+06   4.0832520e+01
   6.3444150e+06   3.5095215e+01
   6.3446040e+06   3.2592773e+01
   6.3450430e+06   3.3020020e+01
   6.3450790e+06   3.3386230e+01
   6.3752100e+06   3.2470703e+01
   6.3757140e+06   3.4667969e+01
   6.3758040e+06   3.6865234e+01
   6.3758410e+06   3.5400391e+01
   6.3965430e+06   3.7292480e+01
   6.3967110e+06   3.6437988e+01
   6.3967450e+06   4.0771484e+01
   6.3967820e+06   3.4423828e+01
   6.3984470e+06   3.3935547e+01
   6.4176220e+06   3.2836914e+01
   6.4176400e+06   3.7902832e+01
   6.4177020e+06   3.3996582e+01
   6.4177450e+06   4.1259766e+01
   6.4178410e+06   4.1198730e+01
   6.4178650e+06   3.5522461e+01
   6.4179580e+06   3.3691406e+01
   6.4180510e+06   3.3264160e+01
   6.4180910e+06   4.0649414e+01
   6.4185270e+06   3.7841797e+01
   6.4186520e+06   3.2836914e+01
   6.4187600e+06   4.2175293e+01
   6.4189620e+06   3.4362793e+01
   6.4499340e+06   3.2653809e+01
   6.4737370e+06   3.3203125e+01
   6.4737640e+06   3.2714844e+01
   6.4737960e+06   3.7658691e+01
   6.4738750e+06   4.5349121e+01
   6.4739320e+06   4.6997070e+01
   6.4740170e+06   3.6193848e+01
   6.4740980e+06   3.5583496e+01
   6.4741080e+06   3.9245605e+01
   6.5233770e+06   4.1320801e+01
   6.5234480e+06   3.3691406e+01
   6.5234710e+06   3.4851074e+01
   6.5235060e+06   3.3691406e+01
   6.5235470e+06   4.1503906e+01
   6.5235690e+06   3.3691406e+01
   6.5236000e+06   4.9621582e+01
   6.5236210e+06   3.5400391e+01
   6.5236550e+06   4.0771484e+01
   6.5236720e+06   3.7719727e+01
   6.5237160e+06   3.4484863e+01
   6.5237360e+06   4.8461914e+01
   6.5238020e+06   3.3691406e+01
   6.5248300e+06   3.8574219e+01
   6.5641240e+06   3.8269043e+01
   6.5641870e+06   4.1992188e+01
   6.5642440e+06   3.6743164e+01
   6.5644410e+06   3.4118652e+01
   6.5807540e+06   3.8085938e+01
   6.5807640e+06   3.2592773e+01
   6.5807910e+06   3.9489746e+01
   6.5808570e+06   3.5095215e+01
   6.5809150e+06   3.8024902e+01
   6.5810300e+06   3.8330078e+01
   6.6060300e+06   3.2470703e+01
   6.6060640e+06   3.9123535e+01
   6.6061410e+06   3.7231445e+01
   6.6061550e+06   3.7658691e+01
   6.6062060e+06   4.1076660e+01
   6.6062170e+06   4.0039063e+01
   6.6063060e+06   3.6865234e+01
   6.6063360e+06   3.6010742e+01
   6.6064310e+06   3.7963867e+01
   6.6064470e+06   3.6193848e+01
   6.6065040e+06   3.3142090e+01
   6.6065640e+06   4.5166016e+01
   6.6066760e+06   3.2897949e+01
   6.6067790e+06   3.5827637e+01
   6.6069050e+06   3.5766602e+01
   6.6070240e+06   3.7353516e+01
   6.6070490e+06   3.2592773e+01
   6.6076640e+06   3.8024902e+01
   6.6408590e+06   3.5156250e+01
   6.6630690e+06   3.5522461e+01
   6.6630800e+06   3.4423828e+01
   6.6630960e+06   3.4423828e+01
   6.6631480e+06   4.2236328e+01
   6.6631800e+06   3.4240723e+01
   6.6631950e+06   3.4606934e+01
   6.6632300e+06   3.5766602e+01
   6.6632510e+06   3.6376953e+01
   6.6632830e+06   3.5400391e+01
   6.6633040e+06   3.2592773e+01
   6.6633310e+06   3.9550781e+01
   6.6633710e+06   3.2531738e+01
   6.6634320e+06   3.5583496e+01
   6.6634740e+06   3.4240723e+01
   6.6637060e+06   4.7302246e+01
   6.6637270e+06   3.4179688e+01
   6.7011460e+06   4.0283203e+01
   6.7012040e+06   3.2470703e+01
   6.7012460e+06   3.4179688e+01
   6.7012810e+06   3.6865234e+01
   6.7013400e+06   4.5166016e+01
   6.7014000e+06   4.4738770e+01
   6.7019540e+06   3.3264160e+01
   6.7427850e+06   3.3813477e+01
   6.7428790e+06   4.0161133e+01
   6.7433320e+06   3.3752441e+01
   6.7457780e+06   4.9133301e+01
   6.7458210e+06   4.4067383e+01
   6.7458540e+06   3.5522461e+01
   6.7458810e+06   3.5400391e+01
   6.7459150e+06   4.6997070e+01
   6.7459520e+06   3.5461426e+01
   6.7460540e+06   5.6640625e+01
   6.7460990e+06   4.0588379e+01
   6.7461210e+06   3.4118652e+01
   6.7462510e+06   4.2907715e+01
   6.7463000e+06   3.8146973e+01
   6.7463680e+06   3.6621094e+01
   6.7478410e+06   3.2775879e+01
   6.7795880e+06   3.4545898e+01
   6.7797530e+06   4.0466309e+01
   6.7797880e+06   3.5705566e+01
   6.7798340e+06   3.6560059e+01
   6.7798450e+06   3.3081055e+01
   6.7969190e+06   4.0466309e+01
   6.7970260e+06   3.7109375e+01
   6.7971080e+06   3.2592773e+01
   6.7974370e+06   3.3630371e+01
   6.8211040e+06   3.3264160e+01
   6.8211590e+06   3.3020020e+01
   6.8212430e+06   3.6865234e+01
   6.8215960e+06   3.6376953e+01
   6.8216100e+06   4.2419434e+01
   6.8216260e+06   3.3386230e+01
   6.8216620e+06   3.6499023e+01
   6.8216860e+06   3.4301758e+01
   6.8217280e+06   3.2531738e+01
   6.8223090e+06   3.3264160e+01
   6.8414170e+06   3.5400391e+01
   6.8414610e+06   3.3752441e+01
   6.8414970e+06   3.3447266e+01
   6.8415070e+06   4.1687012e+01
   6.8415700e+06   4.5410156e+01
   6.8416940e+06   3.9306641e+01
   6.8420250e+06   3.9733887e+01
   6.8420440e+06   3.5278320e+01
   6.8421560e+06   3.6376953e+01
   6.8422220e+06   3.6010742e+01
   6.8784240e+06   3.4240723e+01
   6.8785450e+06   3.6071777e+01
   6.8868580e+06   3.5583496e+01
   6.8869420e+06   3.5156250e+01
   6.8869660e+06   3.3813477e+01
   6.8870400e+06   3.2897949e+01
   6.8870720e+06   3.5827637e+01
   6.8871090e+06   3.4423828e+01
   6.8871610e+06   3.5400391e+01
   6.9059060e+06   3.9978027e+01
   6.9059420e+06   3.3813477e+01
   6.9062220e+06   3.4362793e+01
   6.9332990e+06   3.2592773e+01
   6.9333170e+06   3.6437988e+01
   6.9333690e+06   3.3325195e+01
   6.9334300e+06   3.4423828e+01
   6.9335630e+06   3.4362793e+01
   6.9336180e+06   3.3569336e+01
   6.9722070e+06   3.3020020e+01
   6.9722790e+06   3.4423828e+01
   6.9722970e+06   3.2897949e+01
   6.9723450e+06   3.9245605e+01
   6.9723720e+06   5.2001953e+01
   6.9723870e+06   3.2653809e+01
   6.9724280e+06   3.3020020e+01
   6.9724440e+06   3.2836914e+01
   6.9725000e+06   3.5217285e+01
   6.9725610e+06   3.5339355e+01
   6.9726200e+06   3.4240723e+01
   6.9939500e+06   3.3630371e+01
   6.9950750e+06   3.3691406e+01
   7.0277070e+06   3.4545898e+01
   7.0277560e+06   3.9306641e+01
   7.0282200e+06   3.7841797e+01
   7.0282300e+06   3.3569336e+01
   7.0282940e+06   3.6804199e+01
   7.0283500e+06   3.5522461e+01
   7.0284950e+06   3.4240723e+01
   7.0609030e+06   3.3386230e+01
   7.0609130e+06   3.2897949e+01
   7.0610040e+06   3.5156250e+01
   7.0610690e+06   3.7963867e+01
   7.0611600e+06   3.3569336e+01
   7.0612870e+06   3.4057617e+01
   7.0613400e+06   4.1870117e+01
   7.0613830e+06   3.3569336e+01
   7.0984540e+06   3.3630371e+01
   7.0984860e+06   4.8034668e+01
   7.0985200e+06   3.4301758e+01
   7.0985900e+06   3.2592773e+01
   7.0986730e+06   3.7109375e+01
   7.0987220e+06   3.3325195e+01
   7.1408850e+06   3.2531738e+01
   7.1409000e+06   3.6499023e+01
   7.1409300e+06   3.8085938e+01
   7.1409540e+06   4.1503906e+01
   7.1409690e+06   3.3081055e+01
   7.1410000e+06   3.2470703e+01
   7.1410970e+06   3.5766602e+01
   7.1413170e+06   3.3386230e+01
   7.1584720e+06   3.3996582e+01
   7.1584900e+06   3.2470703e+01
   7.1592580e+06   3.3325195e+01
   7.1989820e+06   3.5339355e+01
   7.1990390e+06   3.5400391e+01
   7.1990820e+06   3.8024902e+01
   7.1991410e+06   4.0344238e+01
   7.1991850e+06   3.3264160e+01
   7.1992330e+06   3.5461426e+01
   7.1992720e+06   3.8024902e+01
   7.2254090e+06   3.6743164e+01
   7.2254310e+06   3.3081055e+01
   7.2254530e+06   3.3142090e+01
   7.2254800e+06   4.0832520e+01
   7.2255060e+06   3.6743164e+01
   7.2255500e+06   4.3701172e+01
   7.2256720e+06   3.6193848e+01
   7.2256960e+06   3.3325195e+01
   7.2257430e+06   3.7414551e+01
   7.2257930e+06   3.7170410e+01
   7.2258510e+06   3.9672852e+01
   7.2258890e+06   3.2653809e+01
   7.2268200e+06   3.8208008e+01
   7.2711080e+06   3.2897949e+01
   7.2711660e+06   3.4667969e+01
   7.2712100e+06   3.8024902e+01
   7.2973440e+06   3.3935547e+01
   7.2975130e+06   3.6132813e+01
   7.2975770e+06   3.7048340e+01
   7.2975940e+06   4.0283203e+01
   7.2976430e+06   3.4423828e+01
   7.2976530e+06   3.3874512e+01
   7.2977030e+06   3.5705566e+01
   7.3203890e+06   3.7902832e+01
   7.3241780e+06   4.4982910e+01
   7.3242180e+06   3.3996582e+01
   7.3242820e+06   3.6315918e+01
   7.3242950e+06   3.3569336e+01
   7.3243820e+06   3.6254883e+01
   7.3244110e+06   3.7841797e+01
   7.3244260e+06   3.5827637e+01
   7.3244770e+06   3.3752441e+01
   7.3245330e+06   3.4118652e+01
   7.3246180e+06   3.6193848e+01
   7.3246810e+06   3.2531738e+01
   7.3248960e+06   3.6315918e+01
   7.3498360e+06   3.7536621e+01
   7.3498970e+06   3.2531738e+01
   7.3499140e+06   4.4860840e+01
   7.3499890e+06   3.2836914e+01
   7.3501700e+06   3.5644531e+01
   7.3505300e+06   3.4912109e+01
   7.3659180e+06   3.8818359e+01
   7.3659810e+06   3.3508301e+01
   7.3811110e+06   3.3020020e+01
   7.3812070e+06   3.2897949e+01
   7.3812360e+06   3.5217285e+01
   7.3812810e+06   4.1748047e+01
   7.3813500e+06   3.3203125e+01
   7.3813800e+06   5.2734375e+01
   7.3814530e+06   3.4301758e+01
   7.3814770e+06   3.5278320e+01
   7.3815390e+06   3.3752441e+01
   7.3816070e+06   3.7780762e+01
   7.3816550e+06   3.3325195e+01
   7.3819370e+06   3.5522461e+01
   7.4166360e+06   3.4545898e+01
   7.4169340e+06   3.4179688e+01
   7.4169530e+06   3.9123535e+01
   7.4169800e+06   4.1320801e+01
   7.4170210e+06   3.6743164e+01
   7.4170340e+06   3.8574219e+01
   7.4170790e+06   4.3884277e+01
   7.4171410e+06   4.9987793e+01
   7.4176910e+06   3.7902832e+01
   7.4409620e+06   3.6071777e+01
   7.4435090e+06   3.2714844e+01
   7.4435380e+06   3.9062500e+01
   7.4435990e+06   4.1687012e+01
   7.4436520e+06   4.1564941e+01
   7.4436990e+06   4.5043945e+01
   7.4437700e+06   4.0405273e+01
   7.4437920e+06   3.4973145e+01
   7.4438850e+06   3.5461426e+01
   7.4682660e+06   3.5156250e+01
   7.4682970e+06   4.5532227e+01
   7.4683860e+06   3.5766602e+01
   7.4684030e+06   4.0710449e+01
   7.4684850e+06   3.8513184e+01
   7.4685480e+06   4.3212891e+01
   7.4685780e+06   4.0832520e+01
   7.4687580e+06   3.4912109e+01
   7.4692360e+06   3.3264160e+01
   7.4973790e+06   3.7109375e+01
   7.4974120e+06   3.6804199e+01
   7.4974220e+06   3.5644531e+01
   7.4974760e+06   3.8146973e+01
   7.4975160e+06   4.5043945e+01
   7.4976040e+06   3.4484863e+01
   7.4977190e+06   3.9489746e+01
   7.5190080e+06   3.6560059e+01
   7.5190320e+06   3.5644531e+01
   7.5190680e+06   3.3203125e+01
   7.5191590e+06   3.5888672e+01
   7.5192100e+06   4.1381836e+01
   7.5192540e+06   3.6071777e+01
   7.5192960e+06   3.8452148e+01
   7.5195010e+06   3.7841797e+01
   7.5195220e+06   3.6865234e+01
   7.5195430e+06   3.2470703e+01
   7.5195820e+06   3.3569336e+01
   7.5196820e+06   4.0893555e+01
   7.5197550e+06   3.2714844e+01
   7.5200760e+06   3.3142090e+01
   7.5534150e+06   3.7048340e+01
   7.5535370e+06   3.5400391e+01
   7.5537920e+06   3.3203125e+01
   7.5540070e+06   3.2836914e+01
   7.5541810e+06   4.0649414e+01
   7.5758590e+06   4.1564941e+01
   7.5759150e+06   3.4973145e+01
   7.5759800e+06   3.3569336e+01
   7.5760010e+06   3.7170410e+01
   7.5760310e+06   3.5583496e+01
   7.5760730e+06   3.9428711e+01
   7.5761230e+06   3.6193848e+01
   7.5761980e+06   4.0649414e+01
   7.5762220e+06   3.7170410e+01
   7.5762490e+06   3.5827637e+01
   7.5762790e+06   3.8146973e+01
   7.5767140e+06   3.3935547e+01
   7.5768900e+06   3.3691406e+01
   7.5770530e+06   3.9489746e+01
   7.5770890e+06   3.7231445e+01
   7.6071690e+06   3.2958984e+01
   7.6075500e+06   3.3691406e+01
   7.6076200e+06   4.0222168e+01
   7.6080450e+06   3.3508301e+01
   7.6344390e+06   3.4362793e+01
   7.6344760e+06   3.5339355e+01
   7.6344970e+06   3.6560059e+01
   7.6345200e+06   3.3752441e+01
   7.6345520e+06   3.2897949e+01
   7.6348700e+06   3.4729004e+01
   7.6349470e+06   3.3325195e+01
   7.6349850e+06   4.4189453e+01
   7.6597810e+06   3.7658691e+01
   7.6599000e+06   3.5156250e+01
   7.6599270e+06   3.3142090e+01
   7.6602080e+06   3.2775879e+01
   7.6604020e+06   3.5583496e+01
   7.6803690e+06   3.6560059e+01
   7.6819430e+06   3.6560059e+01
   7.6819720e+06   3.4362793e+01
   7.6819820e+06   3.6621094e+01
   7.6820600e+06   3.2653809e+01
   7.6821280e+06   3.5705566e+01
   7.6822130e+06   3.8146973e+01
   7.6822800e+06   3.5217285e+01
   7.6823010e+06   3.3508301e+01
   7.6828190e+06   3.6437988e+01
   7.7015350e+06   3.3813477e+01
   7.7015710e+06   3.9367676e+01
   7.7015960e+06   3.5095215e+01
   7.7016270e+06   3.3325195e+01
   7.7016650e+06   3.6499023e+01
   7.7017810e+06   3.2836914e+01
   7.7019160e+06   3.2531738e+01
   7.7019690e+06   3.4851074e+01
   7.7022390e+06   3.7109375e+01
   7.7025030e+06   3.2531738e+01
   7.7364070e+06   3.7780762e+01
   7.7364320e+06   3.7902832e+01
   7.7366380e+06   3.3874512e+01
   7.7368150e+06   3.8269043e+01
   7.7368850e+06   3.3264160e+01
   7.7369580e+06   3.4118652e+01
   7.7370620e+06   3.4667969e+01
   7.7821600e+06   4.0039063e+01
   7.7822430e+06   3.7841797e+01
   7.7840940e+06   3.2714844e+01
   7.7841390e+06   3.3569336e+01
   7.7976190e+06   3.5888672e+01
   7.7980630e+06   3.9001465e+01
   7.8101510e+06   3.9611816e+01
   7.8101930e+06   3.4057617e+01
   7.8103120e+06   3.8574219e+01
   7.8362500e+06   3.5827637e+01
   7.8364310e+06   4.1137695e+01
   7.8365830e+06   3.3203125e+01
   7.8368100e+06   3.4851074e+01
   7.8619020e+06   3.5034180e+01
   7.8621800e+06   3.6071777e+01
   7.8840400e+06   3.8085938e+01
   7.8841300e+06   3.8330078e+01
   7.8842440e+06   4.3823242e+01
   7.8842760e+06   3.7414551e+01
   7.8847860e+06   3.3386230e+01
   7.9092230e+06   3.6804199e+01
   7.9093170e+06   4.0588379e+01
   7.9093300e+06   3.3569336e+01
   7.9094360e+06   4.2724609e+01
   7.9096710e+06   4.3518066e+01
   7.9098270e+06   3.3569336e+01
   7.9401170e+06   3.7109375e+01
   7.9403290e+06   3.5583496e+01
   7.9403700e+06   5.2124023e+01
   7.9404320e+06   3.2653809e+01
   7.9405140e+06   3.7597656e+01
   7.9406130e+06   3.3447266e+01
   7.9406500e+06   3.4484863e+01
   7.9729130e+06   3.3325195e+01
   7.9730430e+06   3.2836914e+01
   7.9733340e+06   3.5766602e+01
   7.9734340e+06   3.4484863e+01
   7.9740700e+06   3.4545898e+01
   7.9988240e+06   3.2653809e+01
   8.0010010e+06   3.2714844e+01
   8.0011110e+06   3.8391113e+01
   8.0048940e+06   3.2958984e+01
   8.0051750e+06   3.3325195e+01
   8.0053980e+06   3.7719727e+01
   8.0057500e+06   3.3691406e+01
   8.0058470e+06   4.1931152e+01
   8.0058680e+06   3.6010742e+01
   8.0059570e+06   3.8146973e+01
   8.0060430e+06   3.5217285e+01
   8.0423450e+06   4.9865723e+01
   8.0424420e+06   4.4067383e+01
   8.0424600e+06   4.3762207e+01
   8.0425020e+06   3.3203125e+01
   8.0425120e+06   4.3945313e+01
   8.0425820e+06   3.9916992e+01
   8.0426430e+06   3.8085938e+01
   8.0426820e+06   3.6621094e+01
   8.0427230e+06   3.3264160e+01
   8.0436160e+06   3.6499023e+01
   8.0436470e+06   3.6621094e+01
   8.0436610e+06   3.3508301e+01
   8.0702180e+06   3.5644531e+01
   8.0702660e+06   3.7902832e+01
   8.0878560e+06   3.3142090e+01
   8.0878730e+06   3.3874512e+01
   8.1001550e+06   4.0527344e+01
   8.1001790e+06   3.6071777e+01
   8.1001920e+06   3.3569336e+01
   8.1002860e+06   3.4301758e+01
   8.1155350e+06   4.1625977e+01
   8.1155640e+06   3.7353516e+01
   8.1156160e+06   3.6682129e+01
   8.1156780e+06   3.2897949e+01
   8.1157380e+06   3.5888672e+01
   8.1158200e+06   3.9550781e+01
   8.1158810e+06   4.0466309e+01
   8.1159680e+06   3.5400391e+01
   8.1161270e+06   3.4851074e+01
   8.1161610e+06   3.6376953e+01
   8.1162770e+06   3.3386230e+01
   8.1163460e+06   3.8330078e+01
   8.1165680e+06   3.2958984e+01
   8.1168040e+06   3.3813477e+01
   8.1168970e+06   3.3996582e+01
   8.1169210e+06   3.2836914e+01
   8.1364230e+06   3.4362793e+01
   8.1364610e+06   3.2714844e+01
   8.1366890e+06   3.4057617e+01
   8.1408740e+06   3.8513184e+01
   8.1409240e+06   4.1137695e+01
   8.1409630e+06   3.6132813e+01
   8.1409940e+06   4.7119141e+01
   8.1410230e+06   3.8513184e+01
   8.1410330e+06   3.7780762e+01
   8.1411520e+06   3.4240723e+01
   8.1411740e+06   3.7658691e+01
   8.1412930e+06   3.8513184e+01
   8.1415890e+06   3.6499023e+01
   8.1420630e+06   3.5034180e+01
   8.1604150e+06   3.6132813e+01
   8.1605940e+06   3.4423828e+01
   8.1742490e+06   3.6865234e+01
   8.1743760e+06   3.5278320e+01
   8.1874840e+06   3.3264160e+01
   8.1961450e+06   3.3508301e+01
   8.1961830e+06   3.2653809e+01
   8.1962230e+06   3.7475586e+01
   8.1962340e+06   3.4545898e+01
   8.1962870e+06   3.9123535e+01
   8.1963800e+06   3.4973145e+01
   8.1964050e+06   4.4433594e+01
   8.1964790e+06   3.4240723e+01
   8.1965240e+06   4.1076660e+01
   8.1965680e+06   3.8085938e+01
   8.1965840e+06   3.4606934e+01
   8.1966590e+06   3.6682129e+01
   8.1967800e+06   4.0710449e+01
   8.2187520e+06   4.1931152e+01
   8.2188170e+06   3.6621094e+01
   8.2188780e+06   3.7292480e+01
   8.2189780e+06   3.3752441e+01
   8.2190090e+06   4.0161133e+01
   8.2190360e+06   3.4790039e+01
   8.2190880e+06   4.8889160e+01
   8.2191670e+06   3.2775879e+01
   8.2192240e+06   3.3081055e+01
   8.2192520e+06   3.3264160e+01
   8.2200840e+06   3.2653809e+01
   8.2206140e+06   3.7658691e+01
   8.2366500e+06   3.2958984e+01
   8.2481090e+06   3.9611816e+01
   8.2482240e+06   3.6743164e+01
   8.2482880e+06   3.4606934e+01
   8.2483290e+06   3.5827637e+01
   8.2486690e+06   3.9306641e+01
   8.2702090e+06   4.2358398e+01
   8.2702190e+06   3.6499023e+01
   8.2702980e+06   4.3212891e+01
   8.2703160e+06   3.5156250e+01
   8.2703750e+06   3.2775879e+01
   8.2704090e+06   3.8269043e+01
   8.2704470e+06   4.1137695e+01
   8.2704740e+06   3.6804199e+01
   8.2706190e+06   3.3020020e+01
   8.2706750e+06   3.3508301e+01
   8.2709400e+06   3.4057617e+01
   8.2955320e+06   3.5034180e+01
   8.2979330e+06   3.3020020e+01
   8.2979480e+06   4.0100098e+01
   8.2980040e+06   3.6254883e+01
   8.2980750e+06   3.8757324e+01
   8.2980890e+06   3.5522461e+01
   8.2981890e+06   3.6560059e+01
   8.2982170e+06   3.6682129e+01
   8.2983190e+06   3.3203125e+01
   8.2983520e+06   3.3264160e+01
   8.3237820e+06   3.4973145e+01
   8.3239140e+06   3.9001465e+01
   8.3241020e+06   3.9672852e+01
   8.3242800e+06   3.4545898e+01
   8.3244490e+06   3.3264160e+01
   8.3481300e+06   3.8452148e+01
   8.3481490e+06   3.3386230e+01
   8.3481770e+06   3.4179688e+01
   8.3485300e+06   3.3752441e+01
   8.3485400e+06   3.8330078e+01
   8.3485780e+06   3.5217285e+01
   8.3672380e+06   3.2958984e+01
   8.3674690e+06   3.2531738e+01
   8.3674810e+06   3.2958984e+01
   8.3675080e+06   4.0527344e+01
   8.3694280e+06   3.3020020e+01
   8.3694470e+06   3.3142090e+01
   8.3694850e+06   4.1503906e+01
   8.3695630e+06   3.3142090e+01
   8.3874110e+06   3.7109375e+01
   8.3877540e+06   3.3874512e+01
   8.3988510e+06   3.5400391e+01
   8.3988860e+06   3.4545898e+01
   8.3989070e+06   3.2470703e+01
   8.4121650e+06   3.6376953e+01
   8.4122030e+06   3.7719727e+01
   8.4172930e+06   3.8696289e+01
   8.4173650e+06   3.5522461e+01
   8.4173810e+06   6.0913086e+01
   8.4174500e+06   5.5053711e+01
   8.4174630e+06   3.2836914e+01
   8.4175750e+06   4.3884277e+01
   8.4176150e+06   3.6071777e+01
   8.4176930e+06   3.8452148e+01
   8.4505900e+06   3.4423828e+01
   8.4607210e+06   3.5766602e+01
   8.4627410e+06   3.3386230e+01
   8.4627910e+06   4.2358398e+01
   8.4629080e+06   3.3935547e+01
   8.4631140e+06   3.2531738e+01
   8.4845430e+06   4.0649414e+01
   8.4845810e+06   3.3996582e+01
   8.4851140e+06   3.5888672e+01
   8.4872850e+06   3.3630371e+01
   8.4873610e+06   3.4179688e+01
   8.4874330e+06   3.5461426e+01
   8.4875790e+06   3.4790039e+01
   8.4877840e+06   3.3935547e+01
   8.4878660e+06   3.4362793e+01
   8.5120910e+06   3.2958984e+01
   8.5125920e+06   3.3386230e+01
   8.5146930e+06   3.8024902e+01
   8.5147250e+06   3.5461426e+01
   8.5147820e+06   3.4301758e+01
   8.5147960e+06   3.5888672e+01
   8.5149120e+06   3.5034180e+01
   8.5149330e+06   3.9855957e+01
   8.5149870e+06   3.8757324e+01
   8.5150140e+06   3.3874512e+01
   8.5151140e+06   3.4973145e+01
   8.5151790e+06   3.6621094e+01
   8.5155890e+06   3.2714844e+01
   8.5486170e+06   3.2470703e+01
   8.5526670e+06   3.3020020e+01
   8.5558760e+06   3.4179688e+01
   8.5559120e+06   3.5461426e+01
   8.5560640e+06   3.4423828e+01
   8.5560790e+06   3.6315918e+01
   8.5794420e+06   3.3813477e+01
   8.5795870e+06   6.0974121e+01
   8.5796400e+06   3.2470703e+01
   8.5797900e+06   3.6499023e+01
   8.6007170e+06   3.4973145e+01
   8.6157060e+06   3.4057617e+01
   8.6157280e+06   3.5583496e+01
   8.6157560e+06   3.2714844e+01
   8.6158430e+06   3.7536621e+01
   8.6159900e+06   3.2836914e+01
   8.6164480e+06   3.3325195e+01
   8.6164790e+06   3.2470703e+01
   8.6505600e+06   3.3386230e+01
   8.6506020e+06   3.9367676e+01
   8.6506390e+06   3.3142090e+01
   8.6506650e+06   3.3813477e+01
   8.6506890e+06   3.4973145e+01
   8.6508210e+06   3.2897949e+01
   8.6508570e+06   4.2419434e+01
   8.7075270e+06   3.4301758e+01
   8.7076550e+06   3.6682129e+01
   8.7413180e+06   4.1381836e+01
   8.7440540e+06   3.3264160e+01
   8.7443240e+06   3.2592773e+01
   8.7443650e+06   3.9123535e+01
   8.7841890e+06   3.7475586e+01
   8.7844110e+06   3.3813477e+01
   8.7844650e+06   3.3569336e+01
   8.7960540e+06   3.4545898e+01
   8.7961660e+06   3.6010742e+01
   8.7961780e+06   3.9184570e+01
   8.8124390e+06   3.4729004e+01
   8.8124620e+06   3.6071777e+01
   8.8124850e+06   3.2775879e+01
   8.8125250e+06   4.0893555e+01
   8.8125450e+06   4.5410156e+01
   8.8125810e+06   3.4606934e+01
   8.8126080e+06   4.6142578e+01
   8.8126560e+06   3.4790039e+01
   8.8126750e+06   3.3081055e+01
   8.8127070e+06   4.1076660e+01
   8.8127270e+06   3.6621094e+01
   8.8127530e+06   3.4667969e+01
   8.8128160e+06   3.5339355e+01
   8.8128760e+06   3.7353516e+01
   8.8129030e+06   3.4912109e+01
   8.8138750e+06   3.8757324e+01
   8.8512920e+06   3.2470703e+01
   8.8513090e+06   3.3813477e+01
   8.8653860e+06   3.7841797e+01
   8.8654650e+06   3.4484863e+01
   8.8654870e+06   3.4179688e+01
   8.8655110e+06   3.5278320e+01
   8.8829730e+06   3.9367676e+01
   8.8916250e+06   3.4729004e+01
   8.8919340e+06   3.2897949e+01
   8.8919930e+06   3.6071777e+01
   8.8920130e+06   3.3752441e+01
   8.9202250e+06   3.8024902e+01
   8.9202440e+06   3.8696289e+01
   8.9202700e+06   3.6682129e+01
   8.9203570e+06   3.5095215e+01
   8.9204150e+06   3.7841797e+01
   8.9204420e+06   4.8278809e+01
   8.9204780e+06   3.5034180e+01
   8.9540270e+06   3.6865234e+01
   8.9545640e+06   3.3691406e+01
   8.9885760e+06   3.2775879e+01
   8.9886070e+06   3.5583496e+01
   8.9886660e+06   3.5583496e+01
   9.0105860e+06   3.4851074e+01
   9.0106060e+06   4.3029785e+01
   9.0106760e+06   3.5888672e+01
   9.0107160e+06   3.4790039e+01
   9.0107490e+06   4.2297363e+01
   9.0108430e+06   3.9733887e+01
   9.0108590e+06   4.2541504e+01
   9.0109340e+06   3.6132812e+01
   9.0109970e+06   4.6203613e+01
   9.0111550e+06   3.3264160e+01
   9.0111990e+06   3.4057617e+01
   9.0112230e+06   3.4545898e+01
   9.0113210e+06   3.4301758e+01
   9.0120540e+06   3.3874512e+01
   9.0587320e+06   3.6071777e+01
   9.0614140e+06   4.0283203e+01
   9.0614870e+06   3.6437988e+01
   9.0616050e+06   3.3386230e+01
   9.0616260e+06   4.4372559e+01
   9.0845150e+06   3.4667969e+01
   9.0845390e+06   3.6987305e+01
   9.0845510e+06   3.6682129e+01
   9.0845960e+06   3.2836914e+01
   9.0846210e+06   4.6691895e+01
   9.0847850e+06   4.6203613e+01
   9.1029120e+06   4.3457031e+01
   9.1160400e+06   3.5034180e+01
   9.1164430e+06   3.4362793e+01
   9.1337050e+06   3.5827637e+01
   9.1337850e+06   3.8940430e+01
   9.1338140e+06   3.7353516e+01
   9.1342190e+06   3.5034180e+01
   9.1591040e+06   3.5217285e+01
   9.1593590e+06   3.8940430e+01
   9.1594500e+06   4.0161133e+01
   9.1594710e+06   3.6621094e+01
   9.1595160e+06   3.2958984e+01
   9.1595380e+06   4.0832520e+01
   9.1597920e+06   3.5583496e+01
   9.1946200e+06   3.3142090e+01
   9.1946700e+06   3.3874512e+01
   9.1947650e+06   4.1076660e+01
   9.1947990e+06   3.7902832e+01
   9.1948890e+06   3.5400391e+01
   9.1949420e+06   3.2714844e+01
   9.1949810e+06   3.3630371e+01
   9.1950030e+06   3.5705566e+01
   9.1953090e+06   3.2531738e+01
   9.2146330e+06   3.3996582e+01
   9.2147370e+06   4.3334961e+01
   9.2147540e+06   3.2653809e+01
   9.2277820e+06   3.4179688e+01
   9.2278670e+06   3.5522461e+01
   9.2472340e+06   3.9611816e+01
   9.2473420e+06   3.6254883e+01
   9.2474830e+06   3.2775879e+01
   9.2493950e+06   3.4423828e+01
   9.2494230e+06   3.7231445e+01
   9.2494960e+06   3.3020020e+01
   9.2495340e+06   3.4973145e+01
   9.2495450e+06   4.7424316e+01
   9.2495760e+06   3.3325195e+01
   9.2496090e+06   5.5847168e+01
   9.2496660e+06   3.3508301e+01
   9.2496900e+06   5.4504395e+01
   9.2497450e+06   3.6804199e+01
   9.2505430e+06   3.2775879e+01
   9.2803390e+06   3.7658691e+01
   9.2819510e+06   3.8391113e+01
   9.2819700e+06   3.4606934e+01
   9.2821430e+06   3.5705566e+01
   9.2821900e+06   3.2775879e+01
   9.2999890e+06   3.5034180e+01
   9.3001300e+06   4.0710449e+01
   9.3031620e+06   3.2897949e+01
   9.3032280e+06   3.6499023e+01
   9.3032550e+06   4.2663574e+01
   9.3032820e+06   4.3579102e+01
   9.3033330e+06   3.8574219e+01
   9.3033510e+06   3.4057617e+01
   9.3033750e+06   4.0344238e+01
   9.3041490e+06   3.2531738e+01
   9.3332630e+06   3.3020020e+01
   9.3333130e+06   3.2958984e+01
   9.3333640e+06   3.4973145e+01
   9.3334830e+06   3.5095215e+01
   9.3335540e+06   3.5522461e+01
   9.3335670e+06   3.3874512e+01
   9.3336310e+06   3.6499023e+01
   9.3336670e+06   3.4423828e+01
   9.3340630e+06   3.4667969e+01
   9.3571330e+06   3.8269043e+01
   9.3571930e+06   3.2836914e+01
   9.3572850e+06   3.2592773e+01
   9.3578630e+06   3.3203125e+01
   9.3580340e+06   3.3935547e+01
   9.3580940e+06   3.2592773e+01
   9.3581720e+06   3.4362793e+01
   9.3582060e+06   4.1381836e+01
   9.3809240e+06   3.4118652e+01
   9.3809860e+06   3.2897949e+01
   9.3815940e+06   4.5288086e+01
   9.3816090e+06   3.4667969e+01
   9.3816470e+06   4.2724609e+01
   9.3816850e+06   4.3151855e+01
   9.3817220e+06   4.6508789e+01
   9.3817720e+06   3.4118652e+01
   9.3819030e+06   3.3264160e+01
   9.3819800e+06   3.8024902e+01
   9.3820900e+06   3.5278320e+01
   9.3824060e+06   3.3142090e+01
   9.4001340e+06   4.0466309e+01
   9.4001660e+06   3.4606934e+01
   9.4001840e+06   3.6437988e+01
   9.4002190e+06   3.6254883e+01
   9.4002680e+06   3.4667969e+01
   9.4004260e+06   3.5339355e+01
   9.4006900e+06   3.2531738e+01
   9.4179940e+06   3.3203125e+01
   9.4182290e+06   3.8635254e+01
   9.4182990e+06   3.6315918e+01
   9.4183350e+06   3.7353516e+01
   9.4183930e+06   3.4667969e+01
   9.4339290e+06   3.6682129e+01
   9.4339670e+06   4.2846680e+01
   9.4343130e+06   3.4973145e+01
   9.4346490e+06   3.3935547e+01
   9.4346950e+06   3.6987305e+01
   9.4347280e+06   3.6132813e+01
   9.4347380e+06   4.2480469e+01
   9.4347590e+06   4.2541504e+01
   9.4347790e+06   3.3081055e+01
   9.4348130e+06   3.9428711e+01
   9.4348230e+06   3.2470703e+01
   9.4348440e+06   3.4545898e+01
   9.4348970e+06   3.7170410e+01
   9.4349560e+06   3.4240723e+01
   9.4349980e+06   3.4179688e+01
   9.4511120e+06   3.3874512e+01
   9.4512290e+06   3.6865234e+01
   9.4513290e+06   3.4973145e+01
   9.4514280e+06   3.6254883e+01
   9.4514420e+06   3.3081055e+01
   9.4514710e+06   3.9428711e+01
   9.4514970e+06   3.9733887e+01
   9.4515380e+06   3.2897949e+01
   9.4516070e+06   3.3020020e+01
   9.4516780e+06   4.1076660e+01
   9.4660870e+06   3.5156250e+01
   9.4661400e+06   3.9733887e+01
   9.4663030e+06   3.6682129e+01
   9.4663380e+06   3.9184570e+01
   9.4664060e+06   3.2531738e+01
   9.4664420e+06   3.8818359e+01
   9.4664660e+06   4.5227051e+01
   9.4791340e+06   4.6630859e+01
   9.4793140e+06   3.4057617e+01
   9.4794760e+06   3.4179688e+01
   9.4794900e+06   3.3020020e+01
   9.4795470e+06   3.4240723e+01
   9.4795680e+06   4.7729492e+01
   9.4796260e+06   3.3874512e+01
   9.4796570e+06   4.1809082e+01
   9.4917100e+06   3.4301758e+01
   9.4917960e+06   3.5827637e+01
   9.4918800e+06   3.6437988e+01
   9.4919050e+06   3.6804199e+01
   9.4920060e+06   3.3935547e+01
   9.4920440e+06   3.5827637e+01
   9.4920610e+06   3.8818359e+01
   9.4921300e+06   3.3996582e+01
   9.4924180e+06   4.1015625e+01
   9.4927820e+06   3.7658691e+01
   9.5056290e+06   3.3630371e+01
   9.5056620e+06   3.9916992e+01
   9.5057030e+06   3.4912109e+01
   9.5057160e+06   4.8950195e+01
   9.5057920e+06   3.4973145e+01
   9.5058660e+06   3.7902832e+01
   9.5178850e+06   3.5949707e+01
   9.5179180e+06   4.4616699e+01
   9.5179490e+06   3.3081055e+01
   9.5298580e+06   4.1748047e+01
   9.5299330e+06   3.7231445e+01
   9.5299480e+06   4.5776367e+01
   9.5299820e+06   3.8391113e+01
   9.5300470e+06   3.8452148e+01
   9.5300730e+06   3.8513184e+01
   9.5434580e+06   3.4362793e+01
   9.5435700e+06   5.2734375e+01
   9.5436930e+06   3.7841797e+01
   9.5438630e+06   3.2958984e+01
   9.5439250e+06   3.3813477e+01
   9.5572010e+06   3.6193848e+01
   9.5573250e+06   3.4301758e+01
   9.5573640e+06   3.2897949e+01
   9.5574540e+06   4.2602539e+01
   9.5574750e+06   4.1687012e+01
   9.5576070e+06   3.5095215e+01
   9.5576320e+06   3.2592773e+01
   9.5576510e+06   3.4240723e+01
   9.5580360e+06   3.2836914e+01
   9.5580700e+06   3.5278320e+01
   9.5581860e+06   3.4240723e+01
   9.5708620e+06   3.3752441e+01
   9.5714860e+06   3.4667969e+01
   9.5716860e+06   3.5217285e+01
   9.5824450e+06   3.2958984e+01
   9.5825310e+06   3.7231445e+01
   9.5830140e+06   3.8757324e+01
   9.5833480e+06   3.6010742e+01
   9.5946760e+06   3.5522461e+01
   9.5947680e+06   4.0466309e+01
   9.5947780e+06   3.4729004e+01
   9.5948500e+06   3.6315918e+01
   9.6064830e+06   3.3386230e+01
   9.6066130e+06   3.3508301e+01
   9.6071270e+06   3.5095215e+01
   9.6201180e+06   3.7414551e+01
   9.6210120e+06   3.2592773e+01
   9.6377060e+06   3.9733887e+01
   9.6379980e+06   4.2480469e+01
   9.6386580e+06   3.3508301e+01
   9.6591350e+06   3.3020020e+01
   9.6593490e+06   3.4851074e+01
   9.6594110e+06   3.4912109e+01
   9.6594700e+06   4.2053223e+01
   9.6596520e+06   3.2775879e+01
   9.7075230e+06   4.0466309e+01
   9.7261740e+06   3.7231445e+01
   9.7435460e+06   3.2531738e+01
   9.7701290e+06   3.3630371e+01
   9.8070330e+06   3.8269043e+01
   9.8070620e+06   4.7119141e+01
   9.8070990e+06   3.2531738e+01
   9.8071660e+06   3.4973145e+01
   9.8072050e+06   3.6437988e+01
   9.8074900e+06   3.9550781e+01
   9.8280480e+06   4.0832520e+01
   9.8282180e+06   3.9611816e+01
   9.8378320e+06   4.4189453e+01
   9.8415880e+06   3.5644531e+01
   9.8416710e+06   3.3325195e+01
   9.8417490e+06   3.7231445e+01
   9.8417830e+06   3.4179688e+01
   9.8420290e+06   3.2897949e+01
   9.8735500e+06   3.4240723e+01
   9.8878610e+06   3.6315918e+01
   9.9054420e+06   3.9428711e+01
   9.9054710e+06   3.5217285e+01
   9.9054930e+06   3.9550781e+01
   9.9056290e+06   4.5166016e+01
   9.9056440e+06   4.2114258e+01
   9.9057380e+06   3.3081055e+01
   9.9059820e+06   3.9184570e+01
   9.9068930e+06   3.3874512e+01
   9.9426110e+06   3.3813477e+01
   9.9427210e+06   3.4240723e+01
   9.9429540e+06   3.2592773e+01
   9.9655550e+06   3.2958984e+01
   9.9914650e+06   3.3325195e+01
   9.9915060e+06   3.3996582e+01
   9.9918730e+06   3.4545898e+01
   1.0035968e+07   3.3508301e+01
   1.0065267e+07   3.5156250e+01
   1.0065348e+07   4.0344238e+01
   1.0065404e+07   3.3874512e+01
   1.0077055e+07   3.5400391e+01
   1.0077132e+07   3.3752441e+01
   1.0077209e+07   3.3447266e+01
   1.0110894e+07   4.7790527e+01
   1.0110939e+07   3.8696289e+01
   1.0111046e+07   4.5471191e+01
   1.0111106e+07   3.7658691e+01
   1.0111121e+07   4.1870117e+01
   1.0111181e+07   3.3264160e+01
   1.0142826e+07   3.3386230e+01
   1.0142927e+07   3.4057617e+01
   1.0151817e+07   3.8757324e+01
   1.0153003e+07   3.2531738e+01
   1.0176977e+07   3.4790039e+01
   1.0190160e+07   3.9672852e+01
   1.0190264e+07   3.2592773e+01
   1.0190325e+07   3.2836914e+01
   1.0190489e+07   3.6437988e+01
   1.0190513e+07   3.9611816e+01
   1.0190880e+07   3.3325195e+01
   1.0191038e+07   3.4423828e+01
   1.0217912e+07   3.3142090e+01
   1.0217935e+07   3.4240723e+01
   1.0218017e+07   3.6499023e+01
   1.0218072e+07   4.0100098e+01
   1.0218087e+07   3.6254883e+01
   1.0218160e+07   3.4606934e+01
   1.0218209e+07   3.7109375e+01
   1.0218383e+07   3.3813477e+01
   1.0235081e+07   3.4179688e+01
   1.0235108e+07   3.9550781e+01
   1.0235215e+07   4.7729492e+01
   1.0235825e+07   3.6315918e+01
   1.0261917e+07   3.2836914e+01
   1.0261950e+07   3.6437988e+01
   1.0264305e+07   3.4545898e+01
   1.0264326e+07   3.5156250e+01
   1.0264364e+07   3.5827637e+01
   1.0264447e+07   3.2653809e+01
   1.0264534e+07   3.9672852e+01
   1.0264763e+07   3.7719727e+01
   1.0264920e+07   3.3508301e+01
   1.0290624e+07   3.2897949e+01
   1.0290674e+07   3.6743164e+01
   1.0290741e+07   4.0527344e+01
   1.0311016e+07   3.6682129e+01
   1.0311269e+07   3.6621094e+01
   1.0311888e+07   3.4240723e+01
   1.0328704e+07   3.3569336e+01
   1.0328716e+07   4.1320801e+01
   1.0328800e+07   3.3142090e+01
   1.0328838e+07   3.2653809e+01
   1.0346776e+07   3.6987305e+01
   1.0346898e+07   3.2775879e+01
   1.0362428e+07   3.4606934e+01
   1.0377502e+07   3.4729004e+01
   1.0377535e+07   5.2429199e+01
   1.0377552e+07   4.0588379e+01
   1.0377598e+07   3.3325195e+01
   1.0377689e+07   3.4362793e+01
   1.0377717e+07   3.4729004e+01
   1.0377731e+07   3.6682129e+01
   1.0377786e+07   3.7170410e+01
   1.0391207e+07   3.3081055e+01
   1.0391239e+07   3.8940430e+01
   1.0391267e+07   3.8208008e+01
   1.0391311e+07   3.5949707e+01
   1.0391393e+07   3.2531738e+01
   1.0391443e+07   3.9001465e+01
   1.0391470e+07   4.1992188e+01
   1.0391524e+07   3.5827637e+01
   1.0391589e+07   3.3874512e+01
   1.0427724e+07   4.4128418e+01
   1.0446022e+07   3.5705566e+01
   1.0446033e+07   3.3447266e+01
   1.0446074e+07   3.2958984e+01
   1.0446137e+07   3.6865234e+01
   1.0446451e+07   3.4851074e+01
   1.0446540e+07   3.5339355e+01
   1.0460632e+07   3.2958984e+01
   1.0460666e+07   3.6437988e+01
   1.0475420e+07   3.3569336e+01
   1.0475839e+07   3.6926270e+01
   1.0487219e+07   3.2836914e+01
   1.0487248e+07   4.4006348e+01
   1.0487293e+07   3.8818359e+01
   1.0487358e+07   4.4555664e+01
   1.0487423e+07   4.5654297e+01
   1.0487448e+07   4.1687012e+01
   1.0487471e+07   3.3813477e+01
   1.0487546e+07   3.2897949e+01
   1.0487628e+07   3.7231445e+01
   1.0487653e+07   3.5827637e+01
   1.0487667e+07   3.5034180e+01
   1.0487752e+07   3.4423828e+01
   1.0487845e+07   4.1259766e+01
   1.0488431e+07   3.2897949e+01
   1.0489834e+07   4.0283203e+01
   1.0508275e+07   3.5522461e+01
   1.0514315e+07   3.5217285e+01
   1.0531519e+07   3.7414551e+01
   1.0531551e+07   4.1503906e+01
   1.0531574e+07   3.6437988e+01
   1.0531648e+07   3.2470703e+01
   1.0531658e+07   3.8452148e+01
   1.0531710e+07   4.1198730e+01
   1.0531735e+07   3.5766602e+01
   1.0531767e+07   3.8696289e+01
   1.0531780e+07   3.4240723e+01
   1.0531864e+07   3.8452148e+01
   1.0532000e+07   3.4912109e+01
   1.0532230e+07   3.4545898e+01
   1.0532487e+07   3.9672852e+01
   1.0550437e+07   3.5278320e+01
   1.0563279e+07   3.3142090e+01
   1.0563289e+07   3.6315918e+01
   1.0563314e+07   4.0466309e+01
   1.0563337e+07   3.6315918e+01
   1.0563352e+07   3.6437988e+01
   1.0563393e+07   3.3264160e+01
   1.0563411e+07   4.8583984e+01
   1.0563471e+07   3.4667969e+01
   1.0563504e+07   3.3386230e+01
   1.0563520e+07   3.9978027e+01
   1.0563634e+07   3.9428711e+01
   1.0563687e+07   3.3020020e+01
   1.0563793e+07   3.3874512e+01
   1.0580311e+07   3.5278320e+01
   1.0584504e+07   3.4729004e+01
   1.0584737e+07   3.4179688e+01
   1.0584823e+07   3.6560059e+01
   1.0584844e+07   4.3334961e+01
   1.0584896e+07   3.9367676e+01
   1.0585081e+07   4.2236328e+01
   1.0600953e+07   3.2592773e+01
   1.0603317e+07   3.5949707e+01
   1.0603397e+07   4.1625977e+01
   1.0603407e+07   4.5227051e+01
   1.0603441e+07   3.3813477e+01
   1.0603606e+07   4.2175293e+01
   1.0620571e+07   3.2653809e+01
   1.0620604e+07   3.9245605e+01
   1.0620675e+07   3.6865234e+01
   1.0620705e+07   3.7109375e+01
   1.0620754e+07   4.0527344e+01
   1.0620894e+07   3.3203125e+01
   1.0621035e+07   3.5095215e+01
   1.0621122e+07   3.4057617e+01
   1.0637416e+07   3.3264160e+01
   1.0637728e+07   3.2958984e+01
   1.0637818e+07   3.4790039e+01
   1.0637984e+07   3.5217285e+01
   1.0637997e+07   3.6560059e+01
   1.0654196e+07   3.4423828e+01
   1.0654586e+07   3.2775879e+01
   1.0654880e+07   3.6621094e+01
   1.0655037e+07   3.3569336e+01
   1.0655053e+07   3.8146973e+01
   1.0655148e+07   3.4423828e+01
   1.0655251e+07   3.4240723e+01
   1.0655280e+07   3.4912109e+01
   1.0655387e+07   3.2653809e+01
   1.0671276e+07   3.5217285e+01
   1.0671318e+07   3.3264160e+01
   1.0671542e+07   4.2602539e+01
   1.0671616e+07   4.6875000e+01
   1.0671630e+07   3.7170410e+01
   1.0671672e+07   3.4301758e+01
   1.0671691e+07   3.9550781e+01
   1.0671715e+07   3.3203125e+01
   1.0671745e+07   3.7048340e+01
   1.0672117e+07   3.4667969e+01
   1.0688710e+07   3.3630371e+01
   1.0688864e+07   3.3447266e+01
   1.0688922e+07   3.4912109e+01
   1.0688946e+07   3.6254883e+01
   1.0688970e+07   3.5522461e+01
   1.0689137e+07   3.6926270e+01
   1.0689175e+07   3.9855957e+01
   1.0689249e+07   3.5461426e+01
   1.0689570e+07   4.3762207e+01
   1.0705088e+07   5.2001953e+01
   1.0705147e+07   3.8940430e+01
   1.0705598e+07   3.5278320e+01
   1.0705702e+07   3.3752441e+01
   1.0705903e+07   3.3508301e+01
   1.0721841e+07   4.2175293e+01
   1.0722284e+07   3.8757324e+01
   1.0722299e+07   4.6203613e+01
   1.0722514e+07   3.4484863e+01
   1.0722547e+07   3.3996582e+01
   1.0722977e+07   3.5400391e+01
   1.0738824e+07   3.3325195e+01
   1.0739548e+07   3.3203125e+01
   1.0739884e+07   3.4851074e+01
   1.0739936e+07   3.3752441e+01
   1.0739972e+07   4.2785645e+01
   1.0740247e+07   3.4179688e+01
   1.0758105e+07   3.4362793e+01
   1.0758122e+07   3.3508301e+01
   1.0758161e+07   3.9367676e+01
   1.0758199e+07   3.5522461e+01
   1.0758269e+07   3.5034180e+01
   1.0758379e+07   3.5034180e+01
   1.0758406e+07   3.6376953e+01
   1.0758715e+07   3.5583496e+01
   1.0759684e+07   3.3447266e+01
   1.0776736e+07   3.2592773e+01
   1.0791453e+07   3.5644531e+01
   1.0791606e+07   3.3874512e+01
   1.0792671e+07   3.3874512e+01
   1.0792756e+07   3.8879395e+01
   1.0792818e+07   3.3569336e+01
   1.0792988e+07   4.0832520e+01
   1.0793025e+07   3.4240723e+01
   1.0793350e+07   3.6499023e+01
   1.0793579e+07   3.2592773e+01
   1.0810131e+07   3.5400391e+01
   1.0810160e+07   3.8513184e+01
   1.0824246e+07   3.6071777e+01
   1.0824601e+07   3.5644531e+01
   1.0838904e+07   3.3020020e+01
   1.0839429e+07   3.3386230e+01
   1.0839680e+07   3.4729004e+01
   1.0839990e+07   3.6132813e+01
   1.0854847e+07   3.2897949e+01
   1.0856615e+07   3.2958984e+01
   1.0856654e+07   3.9367676e+01
   1.0856861e+07   3.3569336e+01
   1.0869062e+07   3.7780762e+01
   1.0869150e+07   3.8391113e+01
   1.0869281e+07   3.2470703e+01
   1.0869416e+07   4.0222168e+01
   1.0887102e+07   3.2653809e+01
   1.0907016e+07   4.5959473e+01
   1.0907101e+07   3.3508301e+01
   1.0907137e+07   3.6865234e+01
   1.0907155e+07   3.7719727e+01
   1.0907177e+07   3.5217285e+01
   1.0907190e+07   3.6254883e+01
   1.0907220e+07   3.8330078e+01
   1.0907243e+07   3.6560059e+01
   1.0907257e+07   3.6865234e+01
   1.0907309e+07   4.4311523e+01
   1.0907330e+07   3.6315918e+01
   1.0907840e+07   3.3569336e+01
   1.0908282e+07   3.4973145e+01
   1.0908636e+07   3.3020020e+01
   1.0908732e+07   3.3691406e+01
   1.0936538e+07   3.6804199e+01
   1.0936819e+07   3.4973145e+01
   1.0937068e+07   4.2602539e+01
   1.0938152e+07   3.9184570e+01
   1.0951485e+07   3.4912109e+01
   1.0951835e+07   3.3020020e+01
   1.0952965e+07   3.5095215e+01
   1.0952993e+07   3.4606934e+01
   1.0953116e+07   3.3630371e+01
   1.0953191e+07   3.4790039e+01
   1.0953224e+07   3.6682129e+01
   1.0953264e+07   4.5715332e+01
   1.0953335e+07   3.2836914e+01
   1.0953374e+07   3.6560059e+01
   1.0954523e+07   3.2958984e+01
   1.0971063e+07   3.4179688e+01
   1.0979434e+07   3.6071777e+01
   1.0986839e+07   3.7780762e+01
   1.0986972e+07   3.7780762e+01
   1.1002707e+07   3.2714844e+01
   1.1002821e+07   3.9916992e+01
   1.1015055e+07   3.3081055e+01
   1.1015268e+07   3.4179688e+01
   1.1015332e+07   3.7719727e+01
   1.1015553e+07   3.4057617e+01
   1.1015564e+07   3.4667969e+01
   1.1030606e+07   3.4179688e+01
   1.1030674e+07   3.7414551e+01
   1.1045533e+07   3.4118652e+01
   1.1045571e+07   3.4912109e+01
   1.1045646e+07   4.0344238e+01
   1.1045724e+07   3.5400391e+01
   1.1045763e+07   3.5095215e+01
   1.1045820e+07   3.4301758e+01
   1.1045836e+07   3.8208008e+01
   1.1045856e+07   3.7536621e+01
   1.1070679e+07   3.6010742e+01
   1.1070766e+07   3.3752441e+01
   1.1070794e+07   4.2663574e+01
   1.1070826e+07   3.2470703e+01
   1.1070856e+07   3.8757324e+01
   1.1070888e+07   4.2053223e+01
   1.1071284e+07   3.4973145e+01
   1.1092277e+07   3.2958984e+01
   1.1101893e+07   3.4118652e+01
   1.1101968e+07   3.4912109e+01
   1.1114729e+07   3.6987305e+01
   1.1114878e+07   3.2958984e+01
   1.1115082e+07   3.8208008e+01
   1.1130506e+07   3.3142090e+01
   1.1130706e+07   3.3142090e+01
   1.1131063e+07   3.3142090e+01
   1.1145859e+07   3.6437988e+01
   1.1145918e+07   3.3691406e+01
   1.1145933e+07   4.0649414e+01
   1.1145989e+07   4.7546387e+01
   1.1146034e+07   3.6743164e+01
   1.1146066e+07   3.3325195e+01
   1.1146091e+07   3.6376953e+01
   1.1146134e+07   3.2714844e+01
   1.1146165e+07   4.6081543e+01
   1.1146232e+07   3.7597656e+01
   1.1146364e+07   3.3020020e+01
   1.1146508e+07   3.6315918e+01
   1.1146725e+07   3.2531738e+01
   1.1165127e+07   3.5583496e+01
   1.1176457e+07   3.3264160e+01
   1.1176500e+07   4.3029785e+01
   1.1176583e+07   3.8513184e+01
   1.1187554e+07   3.2836914e+01
   1.1187695e+07   3.4301758e+01
   1.1187793e+07   3.2653809e+01
   1.1187818e+07   3.7414551e+01
   1.1187966e+07   3.3569336e+01
   1.1202400e+07   3.5827637e+01
   1.1202417e+07   4.0527344e+01
   1.1203548e+07   3.3752441e+01
   1.1221763e+07   3.5827637e+01
   1.1221825e+07   3.6254883e+01
   1.1240360e+07   3.6254883e+01
   1.1240389e+07   3.5644531e+01
   1.1240561e+07   3.9611816e+01
   1.1254710e+07   3.5949707e+01
   1.1254740e+07   3.8818359e+01
   1.1254785e+07   3.7780762e+01
   1.1254893e+07   3.4606934e+01
   1.1254943e+07   4.2114258e+01
   1.1255199e+07   3.3630371e+01
   1.1255244e+07   3.5766602e+01
   1.1255397e+07   3.9489746e+01
   1.1275490e+07   3.4606934e+01
   1.1275960e+07   3.3142090e+01
   1.1286351e+07   3.2958984e+01
   1.1286467e+07   3.6926270e+01
   1.1286534e+07   3.3325195e+01
   1.1286677e+07   3.8085938e+01
   1.1286796e+07   3.2714844e+01
   1.1286821e+07   3.5888672e+01
   1.1302116e+07   3.4423828e+01
   1.1302143e+07   3.8391113e+01
   1.1302252e+07   3.6621094e+01
   1.1302519e+07   3.5034180e+01
   1.1320228e+07   3.3813477e+01
   1.1333690e+07   3.8330078e+01
   1.1333735e+07   3.5705566e+01
   1.1333767e+07   3.7292480e+01
   1.1333808e+07   3.2470703e+01
   1.1333831e+07   3.2531738e+01
   1.1333848e+07   6.1767578e+01
   1.1334040e+07   3.3020020e+01
   1.1334253e+07   3.4118652e+01
   1.1360381e+07   3.3325195e+01
   1.1360406e+07   3.2531738e+01
   1.1360547e+07   3.8879395e+01
   1.1360815e+07   3.7841797e+01
   1.1400341e+07   3.2897949e+01
   1.1400400e+07   3.3203125e+01
   1.1400567e+07   3.7597656e+01
   1.1400801e+07   3.6010742e+01
   1.1415353e+07   3.3691406e+01
   1.1415412e+07   3.4240723e+01
   1.1415439e+07   3.5949707e+01
   1.1415466e+07   3.6804199e+01
   1.1430138e+07   3.5217285e+01
   1.1430171e+07   3.6071777e+01
   1.1430587e+07   3.4606934e+01
   1.1446720e+07   3.4912109e+01
   1.1446742e+07   3.6621094e+01
   1.1446773e+07   3.2958984e+01
   1.1446809e+07   3.3691406e+01
   1.1446940e+07   3.5461426e+01
   1.1490319e+07   3.2470703e+01
   1.1490342e+07   3.4912109e+01
   1.1490360e+07   3.4667969e+01
   1.1490386e+07   3.8818359e+01
   1.1490455e+07   3.4606934e+01
   1.1490539e+07   3.3447266e+01
   1.1511120e+07   3.2897949e+01
   1.1522820e+07   3.7170410e+01
   1.1522868e+07   3.3142090e+01
   1.1522902e+07   3.9611816e+01
   1.1539495e+07   3.6010742e+01
   1.1539548e+07   3.2836914e+01
   1.1560364e+07   3.6987305e+01
   1.1560389e+07   3.5705566e+01
   1.1560447e+07   3.2897949e+01
   1.1570802e+07   3.3569336e+01
   1.1579515e+07   3.3081055e+01
   1.1583481e+07   3.2592773e+01
   1.1583723e+07   3.5095215e+01
   1.1583741e+07   3.6254883e+01
   1.1583799e+07   3.4484863e+01
   1.1608824e+07   3.3935547e+01
   1.1609113e+07   3.6376953e+01
   1.1629817e+07   3.8513184e+01
   1.1655914e+07   3.3874512e+01
   1.1655964e+07   3.8024902e+01
   1.1656026e+07   3.5705566e+01
   1.1696299e+07   3.3630371e+01
   1.1696978e+07   3.9123535e+01
   1.1697104e+07   3.3935547e+01
   1.1716269e+07   3.5339355e+01
   1.1716376e+07   3.7536621e+01
   1.1770614e+07   4.0527344e+01
   1.1770693e+07   3.7170410e+01
   1.1770865e+07   3.4790039e+01
   1.1782837e+07   3.6743164e+01
   1.1782932e+07   3.3020020e+01
   1.1787902e+07   3.3386230e+01
   1.1787926e+07   3.3325195e+01
   1.1788000e+07   3.2470703e+01
   1.1788027e+07   3.6132813e+01
   1.1788112e+07   4.2236328e+01
   1.1808689e+07   4.4982910e+01
   1.1809072e+07   3.4301758e+01
   1.1847238e+07   3.2714844e+01
   1.1847539e+07   3.2470703e+01
   1.1864178e+07   3.7353516e+01
   1.1864201e+07   3.2653809e+01
   1.1864378e+07   3.2653809e+01
   1.1864766e+07   3.6987305e+01
   1.1894599e+07   4.0405273e+01
   1.1894641e+07   3.9062500e+01
   1.1894786e+07   3.3203125e+01
   1.1894828e+07   4.0588379e+01
   1.1894954e+07   3.4790039e+01
   1.1923289e+07   3.5339355e+01
   1.1923319e+07   3.4362793e+01
   1.1923648e+07   3.8024902e+01
   1.1950682e+07   3.7658691e+01
   1.1950889e+07   3.7414551e+01
   1.1950903e+07   3.9123535e+01
   1.1950985e+07   4.2907715e+01
   1.1979010e+07   3.5888672e+01
   1.1979132e+07   3.5156250e+01
   1.1995624e+07   3.8574219e+01
   1.1995666e+07   3.4667969e+01
   1.1995762e+07   3.2470703e+01
   1.1995774e+07   4.8217773e+01
   1.1995807e+07   4.5227051e+01
   1.1995965e+07   3.6132813e+01
   1.1996012e+07   3.7963867e+01
   1.1996054e+07   3.2531738e+01
   1.1996068e+07   3.4362793e+01
   1.1996121e+07   3.3630371e+01
   1.1996262e+07   3.5217285e+01
   1.1996289e+07   3.3264160e+01
