   1.1999000e+07   0.0000000e+00
   2.4639800e+05   3.6560059e+01
   4.1519000e+05   4.1198730e+01
   1.4471830e+06   4.0039063e+01
   1.7656080e+06   3.8574219e+01
   1.9314600e+06   3.6560059e+01
   1.9314750e+06   3.8635254e+01
   2.0003720e+06   3.8024902e+01
   2.1298060e+06   3.7963867e+01
   2.1754630e+06   3.7902832e+01
   2.3672580e+06   4.1503906e+01
   2.6551840e+06   3.8024902e+01
   2.8139030e+06   3.8940430e+01
   2.8167530e+06   3.6254883e+01
   3.8023840e+06   3.6621094e+01
   4.1724670e+06   3.6804199e+01
   4.5554020e+06   3.8757324e+01
   4.9648710e+06   3.6376953e+01
   5.0147730e+06   3.7841797e+01
   5.2866050e+06   3.7231445e+01
   6.0514600e+06   3.7048340e+01
   6.1628780e+06   3.6315918e+01
   6.1828770e+06   3.6254883e+01
   6.9333350e+06   4.0527344e+01
   6.9726070e+06   3.6621094e+01
   7.1587050e+06   3.7170410e+01
   7.3498200e+06   3.7475586e+01
   7.4435950e+06   3.6621094e+01
   7.4684740e+06   3.6437988e+01
   7.7364030e+06   3.7292480e+01
   7.8840330e+06   3.7719727e+01
   8.1154660e+06   3.6804199e+01
   8.1409870e+06   3.9123535e+01
   8.5793990e+06   3.7353516e+01
   8.6506830e+06   4.5166016e+01
   9.0844930e+06   4.4250488e+01
   9.1595430e+06   3.6254883e+01
   9.2819420e+06   4.0039063e+01
   9.3030200e+06   3.7231445e+01
   9.3031310e+06   3.6682129e+01
   9.3333850e+06   3.7292480e+01
   9.3336180e+06   3.7292480e+01
   9.5713860e+06   3.8940430e+01
   9.6593350e+06   3.6132813e+01
   9.6593460e+06   3.8940430e+01
   9.7841790e+06   3.6804199e+01
   9.9915150e+06   3.8635254e+01
   1.0392490e+07   3.6254883e+01
   1.0487231e+07   4.2968750e+01
   1.0654983e+07   3.7048340e+01
   1.0758276e+07   3.6743164e+01
   1.0758496e+07   3.6254883e+01
   1.1070814e+07   4.0588379e+01
   1.1522838e+07   4.7851563e+01
   1.1609117e+07   3.8208008e+01
   1.1808524e+07   3.6743164e+01
   1.1894732e+07   3.6926270e+01
   1.1894894e+07   3.9001465e+01
   1.1979156e+07   3.6682129e+01
   1.1995661e+07   3.6254883e+01
