   1.1999000e+07   0.0000000e+00
   4.1982000e+04   2.4230957e+01
   1.5299600e+05   2.3498535e+01
   1.8311100e+05   2.4658203e+01
   2.2506300e+05   2.3010254e+01
   2.2524900e+05   2.4414063e+01
   2.6010000e+05   2.4780273e+01
   3.0545900e+05   2.4108887e+01
   3.3207400e+05   2.7587891e+01
   4.1548100e+05   2.3742676e+01
   4.1567900e+05   2.4047852e+01
   4.9234700e+05   2.3559570e+01
   4.9246000e+05   2.3620605e+01
   4.9249600e+05   3.4057617e+01
   5.3349000e+05   2.3193359e+01
   5.3368200e+05   2.3315430e+01
   6.3122000e+05   3.1250000e+01
   6.3126200e+05   2.4475098e+01
   6.3136600e+05   2.5146484e+01
   7.2497400e+05   2.3376465e+01
   7.2502500e+05   2.3498535e+01
   7.2510800e+05   2.6855469e+01
   7.5689200e+05   2.5146484e+01
   7.5762100e+05   2.5451660e+01
   8.2485000e+05   2.5207520e+01
   8.2502200e+05   2.5024414e+01
   8.2504600e+05   2.3376465e+01
   8.6242800e+05   2.4169922e+01
   8.6269300e+05   2.3498535e+01
   1.0301000e+06   2.5268555e+01
   1.0301240e+06   2.6428223e+01
   1.0629950e+06   2.5939941e+01
   1.1275990e+06   2.3498535e+01
   1.2270230e+06   2.3437500e+01
   1.2271270e+06   3.1250000e+01
   1.3091440e+06   2.7221680e+01
   1.3092480e+06   2.4780273e+01
   1.3094390e+06   2.4353027e+01
   1.3712670e+06   2.4169922e+01
   1.6271940e+06   2.3437500e+01
   1.6282140e+06   2.8015137e+01
   1.6569960e+06   2.5329590e+01
   1.6832380e+06   2.3010254e+01
   1.6834620e+06   2.6489258e+01
   1.7675510e+06   2.5817871e+01
   1.8280100e+06   2.7404785e+01
   1.8895050e+06   2.6123047e+01
   1.8895390e+06   2.4353027e+01
   1.8896050e+06   2.3315430e+01
   1.8896940e+06   2.6855469e+01
   1.9736870e+06   2.6000977e+01
   1.9737320e+06   2.3193359e+01
   2.0011290e+06   2.7526855e+01
   2.0012230e+06   2.5024414e+01
   2.0013310e+06   2.3132324e+01
   2.0478480e+06   2.6062012e+01
   2.0916160e+06   2.3437500e+01
   2.0916590e+06   2.4169922e+01
   2.2417340e+06   2.7648926e+01
   2.2857900e+06   2.5634766e+01
   2.3678970e+06   2.3559570e+01
   2.4760260e+06   2.3742676e+01
   2.5253350e+06   2.4780273e+01
   2.5254030e+06   2.4536133e+01
   2.5255380e+06   2.4353027e+01
   2.5594190e+06   2.3010254e+01
   2.6136560e+06   2.6916504e+01
   2.6568610e+06   2.6794434e+01
   2.7905760e+06   2.6123047e+01
   2.7907290e+06   2.3132324e+01
   2.7907710e+06   2.5024414e+01
   2.7908510e+06   2.3742676e+01
   2.8177840e+06   2.6916504e+01
   2.8838620e+06   2.3071289e+01
   2.8841030e+06   2.4597168e+01
   2.9428850e+06   2.4047852e+01
   2.9432640e+06   2.3620605e+01
   3.0579150e+06   2.3925781e+01
   3.0579650e+06   2.4475098e+01
   3.1204350e+06   2.4963379e+01
   3.1205440e+06   2.3376465e+01
   3.1205570e+06   2.6489258e+01
   3.1207100e+06   2.7465820e+01
   3.1208340e+06   2.3864746e+01
   3.1975740e+06   2.4597168e+01
   3.1976030e+06   2.3193359e+01
   3.1977190e+06   2.8442383e+01
   3.2362110e+06   2.3071289e+01
   3.2773660e+06   2.3986816e+01
   3.3267540e+06   2.8015137e+01
   3.3907640e+06   2.4475098e+01
   3.3910020e+06   2.3498535e+01
   3.4400860e+06   2.9663086e+01
   3.4840980e+06   2.7038574e+01
   3.4843880e+06   2.3193359e+01
   3.4845020e+06   2.3742676e+01
   3.4848790e+06   2.4475098e+01
   3.6483920e+06   2.4963379e+01
   3.8549650e+06   2.3315430e+01
   3.8551170e+06   2.3559570e+01
   3.8552670e+06   2.4963379e+01
   3.8844640e+06   2.3071289e+01
   3.8850280e+06   2.3010254e+01
   3.9737900e+06   2.3742676e+01
   3.9738610e+06   2.7465820e+01
   3.9740740e+06   2.3681641e+01
   4.1864030e+06   2.6611328e+01
   4.1864950e+06   2.6306152e+01
   4.1865620e+06   2.3986816e+01
   4.3237270e+06   2.5878906e+01
   4.3244820e+06   2.3132324e+01
   4.3246850e+06   2.3376465e+01
   4.3584480e+06   2.4414063e+01
   4.3585270e+06   2.7221680e+01
   4.3585370e+06   2.4597168e+01
   4.4801580e+06   2.6062012e+01
   4.5560290e+06   2.6245117e+01
   4.5974360e+06   2.4536133e+01
   4.5978480e+06   2.4108887e+01
   4.6383640e+06   3.0883789e+01
   4.6384660e+06   2.7099609e+01
   4.6385690e+06   2.5573730e+01
   4.7101540e+06   2.8869629e+01
   4.7379700e+06   2.5024414e+01
   4.7381900e+06   2.3986816e+01
   4.9416170e+06   2.4230957e+01
   4.9658890e+06   2.4169922e+01
   4.9661980e+06   2.6306152e+01
   5.0775900e+06   2.3254395e+01
   5.0777140e+06   2.5329590e+01
   5.0778500e+06   2.4169922e+01
   5.1119590e+06   2.5695801e+01
   5.1295920e+06   2.4047852e+01
   5.3053700e+06   2.3071289e+01
   5.3963640e+06   3.4545898e+01
   5.5181780e+06   2.4230957e+01
   5.5182890e+06   2.4780273e+01
   5.5183680e+06   3.0456543e+01
   5.5663510e+06   2.3315430e+01
   5.6261560e+06   2.7404785e+01
   5.6698290e+06   2.2949219e+01
   5.7775050e+06   2.3803711e+01
   5.8083030e+06   2.4719238e+01
   5.9423370e+06   2.3925781e+01
   5.9816110e+06   2.6733398e+01
   6.0252670e+06   2.4108887e+01
   6.0521650e+06   2.4658203e+01
   6.0522140e+06   2.3132324e+01
   6.0523080e+06   2.8564453e+01
   6.0524000e+06   2.3193359e+01
   6.0524870e+06   2.8015137e+01
   6.0843990e+06   2.3132324e+01
   6.0845470e+06   2.3681641e+01
   6.2219920e+06   2.7221680e+01
   6.3444650e+06   2.2949219e+01
   6.3445860e+06   2.4047852e+01
   6.3764650e+06   2.4597168e+01
   6.5818660e+06   2.3437500e+01
   6.5821190e+06   2.4902344e+01
   6.5822390e+06   2.3742676e+01
   6.6634390e+06   2.3681641e+01
   6.6635800e+06   2.3437500e+01
   6.7471780e+06   2.4353027e+01
   6.8423140e+06   2.3437500e+01
   6.8875350e+06   2.4597168e+01
   6.9738690e+06   2.3986816e+01
   7.1424200e+06   2.7038574e+01
   7.2263550e+06   2.5512695e+01
   7.2264480e+06   2.5756836e+01
   7.2980350e+06   2.5756836e+01
   7.2980720e+06   2.5695801e+01
   7.3817300e+06   2.4719238e+01
   7.3817650e+06   2.8198242e+01
   7.4175060e+06   2.3803711e+01
   7.4688820e+06   2.3803711e+01
   7.4691160e+06   2.4414063e+01
   7.4985340e+06   2.3376465e+01
   7.4986770e+06   2.3742676e+01
   7.4987180e+06   2.7343750e+01
   7.5205520e+06   2.3437500e+01
   7.6085850e+06   3.0761719e+01
   7.6361880e+06   2.4291992e+01
   7.6362340e+06   2.4597168e+01
   7.6362930e+06   2.5207520e+01
   7.6363320e+06   2.3071289e+01
   7.7370790e+06   2.4230957e+01
   7.7373670e+06   2.4475098e+01
   7.8851530e+06   2.6855469e+01
   7.9416200e+06   2.5085449e+01
   7.9417990e+06   2.8320313e+01
   8.0065500e+06   2.2949219e+01
   8.0065650e+06   2.3803711e+01
   8.1425610e+06   2.5939941e+01
   8.1968850e+06   2.3620605e+01
   8.1969530e+06   2.4414063e+01
   8.1970300e+06   2.3193359e+01
   8.2201050e+06   2.5573730e+01
   8.2202220e+06   2.4902344e+01
   8.2495780e+06   2.5268555e+01
   8.3495650e+06   2.2949219e+01
   8.3497030e+06   2.3742676e+01
   8.4183150e+06   2.3010254e+01
   8.4640260e+06   2.3620605e+01
   8.5158160e+06   2.3193359e+01
   8.5159220e+06   2.4169922e+01
   8.5160400e+06   2.2949219e+01
   8.5810580e+06   2.6977539e+01
   8.8132030e+06   2.5390625e+01
   8.8133020e+06   2.3437500e+01
   8.8133310e+06   2.3681641e+01
   8.9213900e+06   2.3498535e+01
   8.9214410e+06   2.4719238e+01
   8.9887840e+06   2.5085449e+01
   8.9890840e+06   2.4536133e+01
   8.9891780e+06   2.5146484e+01
   8.9893410e+06   2.4291992e+01
   9.0116790e+06   2.4169922e+01
   9.0118880e+06   2.5085449e+01
   9.1173810e+06   2.3986816e+01
   9.1602010e+06   3.0883789e+01
   9.3340630e+06   2.3864746e+01
   9.3587680e+06   2.6000977e+01
   9.3822250e+06   2.5390625e+01
   9.3824720e+06   2.3498535e+01
   9.4191190e+06   2.5451660e+01
   9.7849320e+06   2.6062012e+01
   9.7850660e+06   2.3132324e+01
   9.7851320e+06   2.3803711e+01
   9.9673040e+06   2.5512695e+01
   9.9673730e+06   2.4658203e+01
   1.0078145e+07   2.3925781e+01
   1.0155394e+07   2.6245117e+01
   1.0235647e+07   2.4658203e+01
   1.0235843e+07   2.6245117e+01
   1.0265345e+07   2.4719238e+01
   1.0429159e+07   2.3803711e+01
   1.0429276e+07   2.5451660e+01
   1.0429421e+07   2.3559570e+01
   1.0462024e+07   2.5390625e+01
   1.0462193e+07   2.6000977e+01
   1.0488245e+07   2.7587891e+01
   1.0531973e+07   2.3620605e+01
   1.0532157e+07   2.4169922e+01
   1.0585426e+07   2.3132324e+01
   1.0585678e+07   2.5085449e+01
   1.0604111e+07   2.3559570e+01
   1.0621997e+07   2.5939941e+01
   1.0656360e+07   2.3498535e+01
   1.0690341e+07   2.2949219e+01
   1.0793470e+07   2.4658203e+01
   1.0793687e+07   2.3559570e+01
   1.0907984e+07   2.4169922e+01
   1.0988060e+07   2.6550293e+01
   1.1071597e+07   2.4108887e+01
   1.1116729e+07   2.8320313e+01
   1.1203004e+07   2.2949219e+01
   1.1256110e+07   2.7099609e+01
   1.1335317e+07   2.3498535e+01
   1.1335458e+07   2.3681641e+01
   1.1335510e+07   2.3681641e+01
   1.1387653e+07   2.3498535e+01
   1.1453388e+07   2.9418945e+01
   1.1542852e+07   2.3010254e+01
   1.1543149e+07   2.3254395e+01
   1.1583847e+07   2.3498535e+01
   1.1613693e+07   2.8015137e+01
   1.1696795e+07   2.9785156e+01
   1.1696943e+07   2.3681641e+01
   1.1809680e+07   2.3193359e+01
   1.1809777e+07   2.5878906e+01
   1.1996529e+07   2.4169922e+01
