   1.1999000e+07   0.0000000e+00
   1.4463000e+04   3.0230713e+01
   4.0462000e+04   5.2130127e+01
   5.0712000e+04   3.8800049e+01
   5.0827000e+04   6.9982910e+01
   5.0839000e+04   4.2370605e+01
   5.0928000e+04   6.5698242e+01
   6.5317000e+04   3.3801270e+01
   6.5669000e+04   3.5467529e+01
   9.3129000e+04   3.2135010e+01
   9.3156000e+04   3.5467529e+01
   1.2732300e+05   3.3801270e+01
   1.2734900e+05   7.8314209e+01
   1.2736300e+05   2.9516602e+01
   1.2748600e+05   7.0220947e+01
   1.2829200e+05   8.3312988e+01
   1.2831900e+05   3.9514160e+01
   1.2836400e+05   4.9987793e+01
   1.2838600e+05   6.4746094e+01
   1.2840800e+05   3.5943604e+01
   1.4944200e+05   2.9516602e+01
   1.4945900e+05   6.2127686e+01
   1.6476600e+05   4.9987793e+01
   1.7325200e+05   2.9516602e+01
   1.7329900e+05   7.3077393e+01
   1.8170700e+05   4.1656494e+01
   1.8178500e+05   3.0468750e+01
   1.8179800e+05   6.1651611e+01
   1.8193400e+05   5.1892090e+01
   1.8256800e+05   2.9992676e+01
   1.8266800e+05   3.1658936e+01
   1.8271500e+05   3.3801270e+01
   1.8274900e+05   5.1416016e+01
   1.8277700e+05   3.1658936e+01
   1.8281400e+05   4.4989014e+01
   1.8282400e+05   3.1420898e+01
   1.8291100e+05   3.0468750e+01
   1.8292500e+05   2.9516602e+01
   2.0546900e+05   3.6657715e+01
   2.0550800e+05   2.9754639e+01
   2.0563400e+05   7.2839355e+01
   2.0576700e+05   5.4510498e+01
   2.0579500e+05   5.1654053e+01
   2.0592900e+05   5.5700684e+01
   2.2751100e+05   7.1887207e+01
   2.3414800e+05   3.0706787e+01
   2.3418400e+05   3.2849121e+01
   2.3429200e+05   8.5455322e+01
   2.4100000e+05   3.0468750e+01
   2.4117200e+05   3.5705566e+01
   2.4119300e+05   7.0697021e+01
   2.4120500e+05   2.9516602e+01
   2.4123300e+05   5.7128906e+01
   2.4129900e+05   4.4750977e+01
   2.4131000e+05   4.5227051e+01
   2.4136000e+05   3.3325195e+01
   2.6698800e+05   5.3558350e+01
   2.6705800e+05   3.7609863e+01
   2.6709100e+05   6.5222168e+01
   2.6715100e+05   3.9276123e+01
   2.6716700e+05   4.8797607e+01
   2.6729400e+05   5.2130127e+01
   2.7718600e+05   6.7840576e+01
   2.8239300e+05   3.1182861e+01
   2.8246900e+05   4.8321533e+01
   2.8310900e+05   6.9030762e+01
   2.8316400e+05   3.5705566e+01
   2.8319000e+05   3.0944824e+01
   2.8322200e+05   5.5462646e+01
   2.9597900e+05   3.3801270e+01
   2.9617800e+05   5.0701904e+01
   2.9862400e+05   3.0468750e+01
   3.1090400e+05   3.6895752e+01
   3.2689400e+05   3.0230713e+01
   3.2706900e+05   4.1418457e+01
   3.7036200e+05   3.3801270e+01
   3.7047700e+05   3.4277344e+01
   3.7049600e+05   7.5695801e+01
   3.7669700e+05   6.3317871e+01
   3.7678400e+05   5.8081055e+01
   3.9493700e+05   3.5705566e+01
   3.9499200e+05   4.8559570e+01
   3.9506800e+05   4.5227051e+01
   3.9522100e+05   6.7602539e+01
   3.9538200e+05   6.3317871e+01
   4.0829700e+05   3.1420898e+01
   4.0958200e+05   7.4981689e+01
   4.3326700e+05   5.3082275e+01
   4.3332700e+05   6.6412354e+01
   4.3358700e+05   5.8081055e+01
   4.3362900e+05   3.0944824e+01
   4.3993700e+05   3.3563232e+01
   4.5572100e+05   7.9504395e+01
   4.5617700e+05   7.4505615e+01
   4.5626600e+05   7.0697021e+01
   4.7148600e+05   3.0944824e+01
   4.7158200e+05   3.7847900e+01
   4.7171600e+05   4.2846680e+01
   4.7179000e+05   4.8083496e+01
   4.8375100e+05   3.6419678e+01
   4.8379200e+05   6.9030762e+01
   4.8381900e+05   3.4753418e+01
   4.8389400e+05   6.3555908e+01
   4.8392400e+05   4.2370605e+01
   4.8395200e+05   3.3325195e+01
   4.9011900e+05   2.9992676e+01
   5.1673200e+05   3.3325195e+01
   5.1674200e+05   7.1649170e+01
   5.1677700e+05   4.0228271e+01
   5.1682800e+05   6.1175537e+01
   5.1684000e+05   3.1420898e+01
   5.1924900e+05   3.2849121e+01
   5.2411100e+05   3.1896973e+01
   5.2460400e+05   3.2373047e+01
   5.5563500e+05   3.4277344e+01
   5.6530900e+05   3.8323975e+01
   5.6536300e+05   6.9030762e+01
   5.6543800e+05   7.3791504e+01
   5.8342500e+05   4.5227051e+01
   6.1364000e+05   3.8085938e+01
   6.1374500e+05   3.3087158e+01
   6.1397000e+05   7.7362061e+01
   6.1662600e+05   4.2132568e+01
   6.1668600e+05   7.9980469e+01
   6.1671600e+05   3.7371826e+01
   6.1673100e+05   5.3558350e+01
   6.1679400e+05   6.4746094e+01
   6.1680800e+05   3.2849121e+01
   6.1796300e+05   3.0230713e+01
   6.1956700e+05   2.9516602e+01
   6.3276700e+05   3.0468750e+01
   6.5083100e+05   3.3325195e+01
   6.5741200e+05   2.9992676e+01
   6.7082600e+05   3.7133789e+01
   6.7090600e+05   3.0468750e+01
   6.7093000e+05   3.1420898e+01
   6.7097500e+05   3.0468750e+01
   6.8432400e+05   2.9992676e+01
   6.8438700e+05   7.2601318e+01
   6.8440100e+05   3.3801270e+01
   6.8453800e+05   6.6888428e+01
   6.8463300e+05   4.2132568e+01
   6.8499300e+05   3.0468750e+01
   6.9718800e+05   7.1173096e+01
   7.0179300e+05   3.0468750e+01
   7.1491500e+05   4.3084717e+01
   7.1498100e+05   3.0230713e+01
   7.1499400e+05   3.5467529e+01
   7.1513800e+05   6.9982910e+01
   7.2665400e+05   2.9992676e+01
   7.3511200e+05   6.9506836e+01
   7.3520800e+05   4.4989014e+01
   7.3522100e+05   7.5219727e+01
   7.4257100e+05   2.9754639e+01
   7.6272300e+05   3.1896973e+01
   7.6289300e+05   3.4991455e+01
   7.6290700e+05   3.9514160e+01
   7.6300000e+05   2.9754639e+01
   7.6301600e+05   5.4748535e+01
   7.6305900e+05   3.0468750e+01
   7.6309300e+05   6.3793945e+01
   7.6596000e+05   3.7847900e+01
   7.7845800e+05   6.0461426e+01
   7.7852200e+05   2.9992676e+01
   7.9031200e+05   3.2611084e+01
   7.9689000e+05   3.1658936e+01
   7.9700600e+05   3.0944824e+01
   7.9829500e+05   2.9754639e+01
   8.0787400e+05   3.2135010e+01
   8.1614200e+05   4.7845459e+01
   8.2446000e+05   2.9754639e+01
   8.2457100e+05   3.0706787e+01
   8.2459200e+05   9.0454102e+01
   8.2470900e+05   3.7133789e+01
   8.3980100e+05   3.0230713e+01
   8.3982700e+05   3.8800049e+01
   8.3987300e+05   7.8076172e+01
   8.3991400e+05   6.6650391e+01
   8.3992400e+05   4.9511719e+01
   8.5330700e+05   2.9992676e+01
   8.5427500e+05   3.0230713e+01
   8.5477700e+05   6.5460205e+01
   8.7344200e+05   3.2611084e+01
   8.7374400e+05   3.0230713e+01
   8.7384300e+05   5.4986572e+01
   8.7389600e+05   3.0944824e+01
   8.9541900e+05   5.6414795e+01
   8.9558400e+05   4.4989014e+01
   9.1283500e+05   3.3087158e+01
   9.1284700e+05   3.1182861e+01
   9.2574700e+05   4.9987793e+01
   9.4120900e+05   3.9038086e+01
   9.4130000e+05   4.2608643e+01
   9.4321000e+05   6.7602539e+01
   9.6113400e+05   3.0230713e+01
   9.6115100e+05   3.2135010e+01
   9.6123600e+05   2.9754639e+01
   9.7524500e+05   4.2846680e+01
   9.7529800e+05   6.9744873e+01
   9.8370300e+05   3.6419678e+01
   9.8383700e+05   9.7357178e+01
   9.8388500e+05   3.4039307e+01
   9.8401100e+05   7.2125244e+01
   9.8437800e+05   3.0706787e+01
   9.8450700e+05   7.7362061e+01
   9.8496000e+05   6.5698242e+01
   9.8505600e+05   3.4515381e+01
   9.8620800e+05   3.1420898e+01
   9.8659900e+05   3.1658936e+01
   9.8837000e+05   3.0706787e+01
   1.0210060e+06   3.9514160e+01
   1.0210240e+06   7.7838135e+01
   1.0211180e+06   2.9754639e+01
   1.0352930e+06   7.1649170e+01
   1.0488780e+06   6.7364502e+01
   1.0563790e+06   4.5703125e+01
   1.0564930e+06   7.9266357e+01
   1.0565690e+06   4.7369385e+01
   1.0566710e+06   3.3563232e+01
   1.0790890e+06   4.8321533e+01
   1.0884360e+06   7.5695801e+01
   1.0975320e+06   4.9749756e+01
   1.1031120e+06   2.9754639e+01
   1.1031630e+06   8.3312988e+01
   1.1032100e+06   2.9516602e+01
   1.1032440e+06   7.3553467e+01
   1.1032720e+06   2.9516602e+01
   1.1252820e+06   3.3563232e+01
   1.1254160e+06   3.1182861e+01
   1.1254430e+06   6.6888428e+01
   1.1255450e+06   6.7602539e+01
   1.1358610e+06   5.1177979e+01
   1.1358910e+06   4.0704346e+01
   1.1359200e+06   2.9516602e+01
   1.1452620e+06   3.3087158e+01
   1.1453660e+06   3.0468750e+01
   1.1454310e+06   6.3317871e+01
   1.1455370e+06   3.0706787e+01
   1.1455700e+06   3.0468750e+01
   1.1456680e+06   3.3563232e+01
   1.1458480e+06   6.4031982e+01
   1.1460160e+06   5.8081055e+01
   1.1461510e+06   5.3558350e+01
   1.1461900e+06   5.9747314e+01
   1.1470030e+06   3.0944824e+01
   1.1470300e+06   5.6176758e+01
   1.1470540e+06   7.0220947e+01
   1.1471270e+06   3.5705566e+01
   1.1471480e+06   3.8085938e+01
   1.1625030e+06   3.3801270e+01
   1.1625480e+06   8.0456543e+01
   1.1625600e+06   3.7371826e+01
   1.1625830e+06   3.3087158e+01
   1.1626020e+06   4.6893311e+01
   1.1626130e+06   4.8797607e+01
   1.1769730e+06   3.3801270e+01
   1.1787020e+06   3.0230713e+01
   1.1881530e+06   7.6171875e+01
   1.1906200e+06   3.2373047e+01
   1.1926540e+06   3.4277344e+01
   1.2017290e+06   3.4753418e+01
   1.2017510e+06   3.4753418e+01
   1.2018210e+06   5.0939941e+01
   1.2019210e+06   6.1175537e+01
   1.2171230e+06   3.4515381e+01
   1.2171710e+06   7.6885986e+01
   1.2171840e+06   4.6179199e+01
   1.2172200e+06   7.8314209e+01
   1.2172350e+06   3.0468750e+01
   1.2172640e+06   5.0463867e+01
   1.2173350e+06   3.0944824e+01
   1.2309550e+06   6.9982910e+01
   1.2310040e+06   5.4034424e+01
   1.2312400e+06   2.9992676e+01
   1.2409970e+06   6.2841797e+01
   1.2410130e+06   3.3801270e+01
   1.2410830e+06   5.0225830e+01
   1.2411120e+06   6.9030762e+01
   1.2476150e+06   5.0225830e+01
   1.2543980e+06   6.7840576e+01
   1.2544590e+06   4.1656494e+01
   1.2668470e+06   2.9754639e+01
   1.2721410e+06   6.6174316e+01
   1.2844500e+06   3.1658936e+01
   1.2931130e+06   3.8085938e+01
   1.2932250e+06   5.8795166e+01
   1.2932860e+06   2.9516602e+01
   1.2933220e+06   3.6419678e+01
   1.3122790e+06   6.6650391e+01
   1.3123190e+06   2.9992676e+01
   1.3140050e+06   3.0468750e+01
   1.3154190e+06   6.7364502e+01
   1.3155340e+06   4.6179199e+01
   1.3155460e+06   3.6419678e+01
   1.3156440e+06   3.1658936e+01
   1.3428890e+06   3.0230713e+01
   1.3494290e+06   3.7847900e+01
   1.3494460e+06   3.0230713e+01
   1.3495150e+06   3.3801270e+01
   1.3495910e+06   5.0939941e+01
   1.3496210e+06   4.7369385e+01
   1.3650910e+06   3.4991455e+01
   1.3652550e+06   3.0706787e+01
   1.3652770e+06   7.2125244e+01
   1.3653930e+06   8.7121582e+01
   1.3785150e+06   3.1420898e+01
   1.3787380e+06   3.7609863e+01
   1.3798480e+06   4.7607422e+01
   1.3801650e+06   3.4753418e+01
   1.3801830e+06   6.8792725e+01
   1.3802620e+06   6.1175537e+01
   1.3802730e+06   3.2849121e+01
   1.3803210e+06   3.3087158e+01
   1.3803460e+06   3.9038086e+01
   1.3984350e+06   4.0466309e+01
   1.4146720e+06   4.1656494e+01
   1.4146850e+06   7.2363281e+01
   1.4147130e+06   3.0468750e+01
   1.4346870e+06   3.1420898e+01
   1.4472110e+06   3.0230713e+01
   1.4473770e+06   8.2836914e+01
   1.4474580e+06   5.4510498e+01
   1.4580190e+06   6.3317871e+01
   1.4580760e+06   5.1654053e+01
   1.4581520e+06   4.5227051e+01
   1.4600580e+06   3.7371826e+01
   1.4600840e+06   3.0468750e+01
   1.4601080e+06   5.2130127e+01
   1.4720510e+06   6.2127686e+01
   1.4720900e+06   4.6179199e+01
   1.4814140e+06   3.1182861e+01
   1.4814460e+06   3.3801270e+01
   1.4821250e+06   3.2849121e+01
   1.4821570e+06   2.9754639e+01
   1.5033730e+06   3.4753418e+01
   1.5036620e+06   3.0468750e+01
   1.5036880e+06   6.5698242e+01
   1.5168090e+06   3.0944824e+01
   1.5171370e+06   3.1420898e+01
   1.5335140e+06   6.4031982e+01
   1.5335260e+06   2.9754639e+01
   1.5338510e+06   3.3801270e+01
   1.5340470e+06   8.0218506e+01
   1.5341410e+06   5.5938721e+01
   1.5341750e+06   4.8559570e+01
   1.5534100e+06   3.6181641e+01
   1.5541570e+06   9.0454102e+01
   1.5541870e+06   3.1420898e+01
   1.5699610e+06   3.5705566e+01
   1.5699800e+06   2.9992676e+01
   1.5700170e+06   7.1411133e+01
   1.5883840e+06   3.0230713e+01
   1.5890370e+06   3.6419678e+01
   1.5890560e+06   3.2135010e+01
   1.5890670e+06   9.6881104e+01
   1.5890810e+06   3.9276123e+01
   1.5891070e+06   4.5227051e+01
   1.5891730e+06   3.4039307e+01
   1.5891890e+06   4.1894531e+01
   1.6210010e+06   3.2135010e+01
   1.6211010e+06   6.3793945e+01
   1.6211440e+06   3.9276123e+01
   1.6321360e+06   3.3801270e+01
   1.6426760e+06   3.1182861e+01
   1.6428480e+06   3.4991455e+01
   1.6429270e+06   5.9985352e+01
   1.6430250e+06   3.1182861e+01
   1.6431240e+06   4.7845459e+01
   1.6432370e+06   4.1894531e+01
   1.6587540e+06   2.9992676e+01
   1.6591450e+06   3.3087158e+01
   1.6698990e+06   3.5943604e+01
   1.6920230e+06   3.4991455e+01
   1.6921890e+06   4.1656494e+01
   1.6931570e+06   7.1411133e+01
   1.7024060e+06   3.1420898e+01
   1.7024600e+06   3.0706787e+01
   1.7127320e+06   2.9754639e+01
   1.7148900e+06   2.9754639e+01
   1.7242580e+06   4.1894531e+01
   1.7243520e+06   6.0461426e+01
   1.7245570e+06   6.4508057e+01
   1.7247600e+06   3.1658936e+01
   1.7249610e+06   4.3560791e+01
   1.7361740e+06   6.8078613e+01
   1.7418930e+06   3.3087158e+01
   1.7563960e+06   3.0706787e+01
   1.7585510e+06   3.1182861e+01
   1.7719480e+06   2.9516602e+01
   1.7808250e+06   3.1658936e+01
   1.7808480e+06   3.1658936e+01
   1.7809390e+06   5.9747314e+01
   1.7977250e+06   3.0944824e+01
   1.7985200e+06   3.0468750e+01
   1.8081920e+06   3.4277344e+01
   1.8086110e+06   5.8319092e+01
   1.8314680e+06   2.9992676e+01
   1.8316180e+06   2.9516602e+01
   1.8316790e+06   3.1896973e+01
   1.8417450e+06   8.1408691e+01
   1.8418190e+06   3.9514160e+01
   1.8418740e+06   6.3317871e+01
   1.8568070e+06   4.0704346e+01
   1.8569010e+06   3.2849121e+01
   1.8574220e+06   7.7362061e+01
   1.8857150e+06   4.1180420e+01
   1.8945070e+06   3.0706787e+01
   1.8945300e+06   4.3084717e+01
   1.9011660e+06   3.5229492e+01
   1.9026150e+06   3.0706787e+01
   1.9029880e+06   4.8797607e+01
   1.9151770e+06   3.2135010e+01
   1.9151920e+06   3.1420898e+01
   1.9155370e+06   3.2849121e+01
   1.9160300e+06   3.0468750e+01
   1.9406820e+06   7.7838135e+01
   1.9406950e+06   2.9992676e+01
   1.9407200e+06   2.9516602e+01
   1.9407400e+06   2.9516602e+01
   1.9435700e+06   3.0706787e+01
   1.9436350e+06   3.0706787e+01
   1.9577400e+06   3.4039307e+01
   1.9707430e+06   3.0230713e+01
   1.9830470e+06   6.9506836e+01
   1.9830570e+06   3.4991455e+01
   2.0003030e+06   3.0468750e+01
   2.0079780e+06   7.2601318e+01
   2.0081010e+06   5.5938721e+01
   2.0178370e+06   7.2839355e+01
   2.0189010e+06   3.0468750e+01
   2.0302580e+06   3.1420898e+01
   2.0461750e+06   3.0468750e+01
   2.0464290e+06   8.0694580e+01
   2.0465690e+06   7.2601318e+01
   2.0569040e+06   5.0463867e+01
   2.0798260e+06   2.9992676e+01
   2.0853680e+06   3.0468750e+01
   2.0854380e+06   3.1658936e+01
   2.0957620e+06   3.2135010e+01
   2.0957880e+06   8.6169434e+01
   2.0959090e+06   5.1177979e+01
   2.1065500e+06   5.7604980e+01
   2.1065870e+06   3.2135010e+01
   2.1272720e+06   4.1894531e+01
   2.1409080e+06   3.2611084e+01
   2.1455330e+06   3.3801270e+01
   2.1455570e+06   8.2598877e+01
   2.1455860e+06   5.5224609e+01
   2.1456180e+06   3.6181641e+01
   2.1639580e+06   2.9516602e+01
   2.1724210e+06   3.3325195e+01
   2.1863350e+06   2.9754639e+01
   2.1865390e+06   5.4034424e+01
   2.1874370e+06   3.4039307e+01
   2.1902060e+06   3.1420898e+01
   2.1902340e+06   3.0706787e+01
   2.2082170e+06   5.0225830e+01
   2.2257460e+06   3.2373047e+01
   2.2292960e+06   3.0944824e+01
   2.2293190e+06   3.0706787e+01
   2.2303800e+06   3.0944824e+01
   2.2413510e+06   3.2135010e+01
   2.2415340e+06   3.0230713e+01
   2.2415550e+06   6.6174316e+01
   2.2508380e+06   3.6419678e+01
   2.2767620e+06   2.9754639e+01
   2.2769450e+06   5.6176758e+01
   2.2859600e+06   3.3563232e+01
   2.2947220e+06   7.0458984e+01
   2.2948920e+06   8.0932617e+01
   2.2949920e+06   5.8319092e+01
   2.3101320e+06   3.3087158e+01
   2.3104330e+06   6.7364502e+01
   2.3179310e+06   6.5698242e+01
   2.3179490e+06   3.8800049e+01
   2.3179760e+06   4.4989014e+01
   2.3180280e+06   2.9754639e+01
   2.3180440e+06   3.2373047e+01
   2.3348820e+06   7.6409912e+01
   2.3348930e+06   3.0944824e+01
   2.3554620e+06   5.6414795e+01
   2.3556560e+06   3.1182861e+01
   2.3556710e+06   3.0468750e+01
   2.3565460e+06   3.0468750e+01
   2.3565800e+06   5.8081055e+01
   2.3665330e+06   7.3791504e+01
   2.3665910e+06   5.2844238e+01
   2.3758220e+06   3.6181641e+01
   2.3857400e+06   8.0932617e+01
   2.3858150e+06   3.1658936e+01
   2.3858270e+06   5.6652832e+01
   2.3858700e+06   4.7607422e+01
   2.4052140e+06   8.5455322e+01
   2.4053720e+06   4.9511719e+01
   2.4053920e+06   3.2135010e+01
   2.4082130e+06   3.2135010e+01
   2.4200850e+06   2.9516602e+01
   2.4313240e+06   3.8085938e+01
   2.4313540e+06   3.0468750e+01
   2.4314540e+06   7.1411133e+01
   2.4314810e+06   3.0944824e+01
   2.4401650e+06   5.7843018e+01
   2.4434790e+06   8.4979248e+01
   2.4435740e+06   3.9514160e+01
   2.4546530e+06   4.7607422e+01
   2.4549880e+06   3.4515381e+01
   2.4650540e+06   4.7845459e+01
   2.4721820e+06   6.2603760e+01
   2.4789320e+06   8.9025879e+01
   2.4790140e+06   3.1896973e+01
   2.4879400e+06   2.9992676e+01
   2.4879540e+06   4.9035645e+01
   2.4879710e+06   9.3786621e+01
   2.4880310e+06   2.9992676e+01
   2.4918640e+06   3.0230713e+01
   2.4918920e+06   8.7835693e+01
   2.5038790e+06   3.3087158e+01
   2.5050420e+06   2.9992676e+01
   2.5077630e+06   3.3087158e+01
   2.5090920e+06   3.3325195e+01
   2.5091050e+06   3.4277344e+01
   2.5091300e+06   8.9501953e+01
   2.5091410e+06   6.0223389e+01
   2.5091510e+06   3.1658936e+01
   2.5091880e+06   3.3325195e+01
   2.5382790e+06   6.8078613e+01
   2.5410520e+06   3.6895752e+01
   2.5493560e+06   2.9516602e+01
   2.5561980e+06   3.3325195e+01
   2.5563060e+06   3.4039307e+01
   2.5565250e+06   4.3798828e+01
   2.5655550e+06   3.5229492e+01
   2.5690790e+06   7.1173096e+01
   2.5691020e+06   3.9990234e+01
   2.5691720e+06   5.6176758e+01
   2.5696800e+06   3.0230713e+01
   2.5832690e+06   3.4991455e+01
   2.5852550e+06   3.0230713e+01
   2.5872470e+06   3.1896973e+01
   2.5874250e+06   3.8562012e+01
   2.5910620e+06   6.1651611e+01
   2.5972460e+06   4.0466309e+01
   2.5972940e+06   7.0935059e+01
   2.5973290e+06   3.8085938e+01
   2.5973500e+06   3.0468750e+01
   2.6166860e+06   6.7840576e+01
   2.6204930e+06   3.3087158e+01
   2.6205060e+06   3.9038086e+01
   2.6205570e+06   8.4027100e+01
   2.6206530e+06   3.2135010e+01
   2.6361520e+06   6.9744873e+01
   2.6448310e+06   6.7364502e+01
   2.6547630e+06   7.0458984e+01
   2.6547770e+06   3.1896973e+01
   2.6548130e+06   3.7371826e+01
   2.6680540e+06   5.8795166e+01
   2.6680850e+06   4.7131348e+01
   2.6814640e+06   7.4267578e+01
   2.6890120e+06   7.3077393e+01
   2.6914420e+06   4.5703125e+01
   2.6914550e+06   1.0211792e+02
   2.6914970e+06   2.9516602e+01
   2.6915070e+06   3.4039307e+01
   2.6915470e+06   2.9754639e+01
   2.7096490e+06   5.0225830e+01
   2.7099080e+06   4.7369385e+01
   2.7103340e+06   2.9516602e+01
   2.7104750e+06   4.7607422e+01
   2.7105410e+06   3.9990234e+01
   2.7114390e+06   5.8081055e+01
   2.7341650e+06   5.9271240e+01
   2.7346780e+06   3.0468750e+01
   2.7348930e+06   7.9028320e+01
   2.7446810e+06   7.6409912e+01
   2.7454320e+06   2.9992676e+01
   2.7454750e+06   3.2373047e+01
   2.7654450e+06   5.9509277e+01
   2.7657770e+06   3.1420898e+01
   2.7778980e+06   3.1896973e+01
   2.7792050e+06   8.4741211e+01
   2.7885060e+06   7.0220947e+01
   2.7892420e+06   6.4031982e+01
   2.7969110e+06   3.0944824e+01
   2.8043260e+06   7.1649170e+01
   2.8043360e+06   3.4515381e+01
   2.8267430e+06   3.2611084e+01
   2.8268330e+06   5.8081055e+01
   2.8275600e+06   3.2373047e+01
   2.8456930e+06   6.2841797e+01
   2.8612290e+06   3.0944824e+01
   2.8927230e+06   2.9992676e+01
   2.8933010e+06   3.1658936e+01
   2.9239890e+06   3.1658936e+01
   2.9373220e+06   4.8321533e+01
   2.9477260e+06   3.0706787e+01
   2.9477740e+06   7.3315430e+01
   2.9477910e+06   3.0944824e+01
   2.9652180e+06   3.7609863e+01
   2.9904260e+06   6.1889648e+01
   3.0042360e+06   3.2849121e+01
   3.0042630e+06   7.3791504e+01
   3.0042800e+06   3.4991455e+01
   3.0043000e+06   3.0230713e+01
   3.0043450e+06   4.5941162e+01
   3.0203120e+06   6.9268799e+01
   3.0258600e+06   2.9754639e+01
   3.0284540e+06   2.9516602e+01
   3.0287450e+06   3.1182861e+01
   3.0288790e+06   3.3325195e+01
   3.0449890e+06   4.8083496e+01
   3.0568310e+06   3.1182861e+01
   3.0780930e+06   7.8076172e+01
   3.0781520e+06   3.2135010e+01
   3.0799050e+06   3.5705566e+01
   3.0989270e+06   3.1420898e+01
   3.0989470e+06   4.5703125e+01
   3.0996150e+06   2.9754639e+01
   3.1124870e+06   2.9516602e+01
   3.1144410e+06   3.1658936e+01
   3.1267020e+06   2.9516602e+01
   3.1269370e+06   3.6181641e+01
   3.1269550e+06   8.1884766e+01
   3.1378960e+06   3.3563232e+01
   3.1463720e+06   3.1896973e+01
   3.1464830e+06   3.8085938e+01
   3.1465030e+06   3.0230713e+01
   3.1541770e+06   4.1656494e+01
   3.1668170e+06   3.3563232e+01
   3.1668280e+06   3.4515381e+01
   3.1669320e+06   3.1420898e+01
   3.1669480e+06   3.2373047e+01
   3.1758780e+06   3.4039307e+01
   3.1759940e+06   3.3087158e+01
   3.1846120e+06   3.2611084e+01
   3.1932990e+06   3.6181641e+01
   3.1933180e+06   6.9506836e+01
   3.1933480e+06   3.5229492e+01
   3.2062110e+06   2.9754639e+01
   3.2062470e+06   3.0468750e+01
   3.2063340e+06   2.9516602e+01
   3.2064060e+06   5.9033203e+01
   3.2183520e+06   3.1658936e+01
   3.2199910e+06   3.0944824e+01
   3.2200110e+06   7.6885986e+01
   3.2200220e+06   2.9516602e+01
   3.2200910e+06   6.1889648e+01
   3.2201210e+06   4.6893311e+01
   3.2563220e+06   7.5695801e+01
   3.2663050e+06   3.2135010e+01
   3.2664270e+06   3.3563232e+01
   3.2751440e+06   5.9509277e+01
   3.2825860e+06   6.5936279e+01
   3.2853550e+06   3.7133789e+01
   3.2967080e+06   2.9516602e+01
   3.2967280e+06   3.5705566e+01
   3.2967480e+06   6.0223389e+01
   3.2967900e+06   4.5941162e+01
   3.3106690e+06   7.1173096e+01
   3.3181090e+06   3.3325195e+01
   3.3204450e+06   3.1420898e+01
   3.3228150e+06   3.2373047e+01
   3.3228300e+06   1.0568848e+02
   3.3370390e+06   2.9754639e+01
   3.3440560e+06   2.9992676e+01
   3.3523380e+06   6.5698242e+01
   3.3523540e+06   3.0706787e+01
   3.3641180e+06   5.4748535e+01
   3.3662520e+06   2.9516602e+01
   3.3673340e+06   3.1182861e+01
   3.3743220e+06   3.9514160e+01
   3.3813360e+06   5.8319092e+01
   3.3996980e+06   3.4039307e+01
   3.3997110e+06   4.4274902e+01
   3.4046180e+06   3.2373047e+01
   3.4081460e+06   3.1420898e+01
   3.4101550e+06   2.9754639e+01
   3.4148560e+06   7.3315430e+01
   3.4290610e+06   2.9516602e+01
   3.4306630e+06   2.9516602e+01
   3.4340300e+06   3.0230713e+01
   3.4357240e+06   3.7133789e+01
   3.4552090e+06   3.1420898e+01
   3.4552700e+06   7.3077393e+01
   3.4556250e+06   3.3563232e+01
   3.4640410e+06   2.9992676e+01
   3.4641530e+06   3.8800049e+01
   3.4643320e+06   3.2849121e+01
   3.4653610e+06   3.5705566e+01
   3.4720920e+06   9.1168213e+01
   3.4721080e+06   3.2373047e+01
   3.4721550e+06   4.5465088e+01
   3.4721650e+06   2.9992676e+01
   3.4726940e+06   3.1420898e+01
   3.4832690e+06   3.1420898e+01
   3.4861390e+06   2.9992676e+01
   3.4971710e+06   3.2373047e+01
   3.4971990e+06   5.4510498e+01
   3.4972140e+06   3.3563232e+01
   3.4973370e+06   2.9992676e+01
   3.5111850e+06   6.6888428e+01
   3.5212350e+06   2.9516602e+01
   3.5234950e+06   8.9978027e+01
   3.5317590e+06   2.9992676e+01
   3.5429170e+06   2.9754639e+01
   3.5429640e+06   7.3315430e+01
   3.5468820e+06   3.1896973e+01
   3.5691360e+06   3.0944824e+01
   3.5701610e+06   3.1658936e+01
   3.5772340e+06   6.0461426e+01
   3.5776180e+06   4.9511719e+01
   3.5799020e+06   3.1896973e+01
   3.5799750e+06   2.9754639e+01
   3.5800500e+06   7.0935059e+01
   3.5899960e+06   2.9516602e+01
   3.5900170e+06   3.4991455e+01
   3.5985960e+06   3.0706787e+01
   3.6038660e+06   3.1420898e+01
   3.6129290e+06   3.9990234e+01
   3.6129830e+06   6.4746094e+01
   3.6130040e+06   3.3563232e+01
   3.6130160e+06   2.9992676e+01
   3.6257350e+06   3.6419678e+01
   3.6267590e+06   6.4031982e+01
   3.6398790e+06   3.0468750e+01
   3.6398950e+06   3.2849121e+01
   3.6400130e+06   4.3560791e+01
   3.6557770e+06   3.1420898e+01
   3.6558120e+06   7.0220947e+01
   3.6558380e+06   5.5462646e+01
   3.6674240e+06   7.0697021e+01
   3.6674540e+06   3.4515381e+01
   3.6674650e+06   3.5705566e+01
   3.6787550e+06   8.0218506e+01
   3.6798100e+06   2.9754639e+01
   3.6888540e+06   6.3793945e+01
   3.6888700e+06   3.0944824e+01
   3.6989820e+06   7.4743652e+01
   3.7154850e+06   7.5457764e+01
   3.7155050e+06   4.4750977e+01
   3.7252870e+06   3.4277344e+01
   3.7315550e+06   6.7126465e+01
   3.7316440e+06   3.3563232e+01
   3.7320600e+06   3.2611084e+01
   3.7411980e+06   3.2849121e+01
   3.7413710e+06   4.1656494e+01
   3.7498430e+06   3.1420898e+01
   3.7501940e+06   3.2611084e+01
   3.7577170e+06   5.5462646e+01
   3.7800780e+06   7.4743652e+01
   3.7899270e+06   5.6652832e+01
   3.7976190e+06   3.2373047e+01
   3.7976450e+06   6.3317871e+01
   3.8001430e+06   3.1896973e+01
   3.8132510e+06   3.0468750e+01
   3.8133530e+06   5.0463867e+01
   3.8226570e+06   3.4039307e+01
   3.8241460e+06   4.4512939e+01
   3.8242080e+06   6.9744873e+01
   3.8397100e+06   3.1182861e+01
   3.8397640e+06   3.2135010e+01
   3.8412200e+06   3.5467529e+01
   3.8532770e+06   3.7133789e+01
   3.8533220e+06   5.9033203e+01
   3.8680730e+06   2.9516602e+01
   3.8684000e+06   2.9992676e+01
   3.8684580e+06   6.9268799e+01
   3.8781760e+06   3.4991455e+01
   3.8933910e+06   7.4981689e+01
   3.8934150e+06   3.7133789e+01
   3.8934330e+06   6.4984131e+01
   3.9078300e+06   3.1182861e+01
   3.9079250e+06   3.2611084e+01
   3.9079380e+06   3.8323975e+01
   3.9080110e+06   7.2125244e+01
   3.9199910e+06   3.0944824e+01
   3.9200590e+06   3.1182861e+01
   3.9302700e+06   6.6174316e+01
   3.9302940e+06   3.2373047e+01
   3.9303170e+06   4.2846680e+01
   3.9380790e+06   3.5467529e+01
   3.9384670e+06   7.0935059e+01
   3.9614130e+06   3.0706787e+01
   3.9679760e+06   6.5936279e+01
   3.9733440e+06   5.8081055e+01
   3.9733880e+06   3.8085938e+01
   3.9734770e+06   3.0230713e+01
   3.9842700e+06   7.5695801e+01
   3.9936030e+06   3.4277344e+01
   3.9936720e+06   3.8562012e+01
   3.9940840e+06   3.3563232e+01
   4.0162840e+06   2.9754639e+01
   4.0181180e+06   2.9516602e+01
   4.0181490e+06   3.5705566e+01
   4.0181650e+06   6.0461426e+01
   4.0182230e+06   4.2846680e+01
   4.0182640e+06   3.2849121e+01
   4.0313720e+06   2.9754639e+01
   4.0313940e+06   4.6417236e+01
   4.0417720e+06   3.2373047e+01
   4.0418010e+06   7.6409912e+01
   4.0434470e+06   3.0468750e+01
   4.0531610e+06   3.6419678e+01
   4.0531950e+06   6.5222168e+01
   4.0675180e+06   3.1658936e+01
   4.0675480e+06   6.6174316e+01
   4.0675590e+06   4.8321533e+01
   4.0775610e+06   7.8552246e+01
   4.0775730e+06   2.9516602e+01
   4.0776410e+06   3.1420898e+01
   4.0868000e+06   4.3322754e+01
   4.0868860e+06   3.1420898e+01
   4.0941010e+06   4.6655273e+01
   4.0941250e+06   7.0697021e+01
   4.0941500e+06   3.4991455e+01
   4.0941610e+06   3.7133789e+01
   4.0941920e+06   3.4753418e+01
   4.0942280e+06   3.4515381e+01
   4.0942440e+06   7.5695801e+01
   4.1108420e+06   5.1177979e+01
   4.1108590e+06   9.1882324e+01
   4.1108940e+06   6.3793945e+01
   4.1109600e+06   7.6647949e+01
   4.1109790e+06   3.0230713e+01
   4.1109970e+06   6.4984131e+01
   4.1110440e+06   3.0230713e+01
   4.1110540e+06   3.7133789e+01
   4.1115080e+06   3.4277344e+01
   4.1123140e+06   3.1420898e+01
   4.1147540e+06   2.9754639e+01
   4.1416700e+06   3.1420898e+01
   4.1417710e+06   3.3087158e+01
   4.1473630e+06   7.3553467e+01
   4.1474440e+06   6.5936279e+01
   4.1477310e+06   7.3315430e+01
   4.1591490e+06   8.2360840e+01
   4.1591820e+06   6.2841797e+01
   4.1592150e+06   5.4986572e+01
   4.1592330e+06   5.0939941e+01
   4.1592530e+06   7.0220947e+01
   4.1733850e+06   2.9992676e+01
   4.1842960e+06   5.5224609e+01
   4.1843890e+06   6.1175537e+01
   4.1844160e+06   3.7371826e+01
   4.1844350e+06   3.7847900e+01
   4.1844530e+06   6.4270020e+01
   4.1844750e+06   3.4991455e+01
   4.1990330e+06   3.2135010e+01
   4.1990890e+06   4.1180420e+01
   4.1991830e+06   3.1896973e+01
   4.2130550e+06   5.9747314e+01
   4.2130700e+06   3.3563232e+01
   4.2130970e+06   7.1887207e+01
   4.2148390e+06   3.2373047e+01
   4.2281420e+06   6.2841797e+01
   4.2287110e+06   5.9509277e+01
   4.2422180e+06   7.4029541e+01
   4.2422550e+06   3.1658936e+01
   4.2422760e+06   3.4991455e+01
   4.2548670e+06   5.3796387e+01
   4.2549540e+06   5.9747314e+01
   4.2685980e+06   6.6174316e+01
   4.2828990e+06   5.0701904e+01
   4.2831920e+06   3.3801270e+01
   4.2924950e+06   6.1175537e+01
   4.2925420e+06   4.8321533e+01
   4.2925530e+06   4.7607422e+01
   4.3059910e+06   7.2363281e+01
   4.3161070e+06   3.6419678e+01
   4.3161510e+06   3.7133789e+01
   4.3161630e+06   4.5703125e+01
   4.3161760e+06   3.5705566e+01
   4.3288770e+06   6.6888428e+01
   4.3359540e+06   6.4270020e+01
   4.3360410e+06   2.9992676e+01
   4.3378480e+06   5.8795166e+01
   4.3378600e+06   3.0706787e+01
   4.3379030e+06   3.3801270e+01
   4.3379700e+06   3.2611084e+01
   4.3541570e+06   6.0937500e+01
   4.3541730e+06   3.3087158e+01
   4.3542310e+06   3.5229492e+01
   4.3678580e+06   2.9992676e+01
   4.3834020e+06   6.1889648e+01
   4.3834280e+06   3.2611084e+01
   4.3834750e+06   5.8557129e+01
   4.3834960e+06   4.5227051e+01
   4.3957790e+06   7.2125244e+01
   4.3958080e+06   3.4277344e+01
   4.3958400e+06   3.0944824e+01
   4.3985510e+06   6.0699463e+01
   4.4108290e+06   5.1177979e+01
   4.4108740e+06   3.7847900e+01
   4.4108980e+06   4.8083496e+01
   4.4109120e+06   3.4991455e+01
   4.4213600e+06   6.0461426e+01
   4.4213930e+06   4.3798828e+01
   4.4214730e+06   3.5705566e+01
   4.4320540e+06   3.3801270e+01
   4.4324150e+06   6.3555908e+01
   4.4324280e+06   3.0706787e+01
   4.4324740e+06   6.4984131e+01
   4.4324860e+06   5.6414795e+01
   4.4325330e+06   3.7371826e+01
   4.4437770e+06   7.2601318e+01
   4.4438430e+06   6.1175537e+01
   4.4523040e+06   5.5462646e+01
   4.4523590e+06   3.0944824e+01
   4.4630870e+06   7.0697021e+01
   4.4631030e+06   3.0706787e+01
   4.4631380e+06   3.0706787e+01
   4.4724640e+06   3.1182861e+01
   4.4748380e+06   5.6414795e+01
   4.4748490e+06   2.9754639e+01
   4.4748730e+06   5.3558350e+01
   4.4749120e+06   3.4039307e+01
   4.4749380e+06   3.7133789e+01
   4.4749780e+06   2.9516602e+01
   4.4750670e+06   3.0706787e+01
   4.4941260e+06   6.8316650e+01
   4.4942350e+06   3.0944824e+01
   4.5041040e+06   3.0706787e+01
   4.5041350e+06   6.7364502e+01
   4.5041620e+06   3.2611084e+01
   4.5158000e+06   7.0697021e+01
   4.5236740e+06   6.6888428e+01
   4.5236840e+06   3.2611084e+01
   4.5237100e+06   7.9742432e+01
   4.5237250e+06   8.4027100e+01
   4.5237370e+06   6.1175537e+01
   4.5237570e+06   3.1896973e+01
   4.5237820e+06   4.0704346e+01
   4.5238000e+06   5.3082275e+01
   4.5238470e+06   3.2373047e+01
   4.5238960e+06   3.1658936e+01
   4.5313200e+06   4.8321533e+01
   4.5434210e+06   5.8319092e+01
   4.5575710e+06   3.2135010e+01
   4.5575960e+06   8.3312988e+01
   4.5576650e+06   6.6888428e+01
   4.5631210e+06   5.7604980e+01
   4.5631350e+06   5.9747314e+01
   4.5737120e+06   3.1182861e+01
   4.5738210e+06   8.4027100e+01
   4.5738960e+06   6.0937500e+01
   4.5739830e+06   4.3322754e+01
   4.5886290e+06   7.0220947e+01
   4.5886800e+06   3.4277344e+01
   4.6025270e+06   3.8085938e+01
   4.6026590e+06   3.0468750e+01
   4.6122740e+06   7.0220947e+01
   4.6123690e+06   4.7607422e+01
   4.6123960e+06   6.4270020e+01
   4.6241870e+06   3.0230713e+01
   4.6242650e+06   5.6176758e+01
   4.6242940e+06   3.5467529e+01
   4.6243120e+06   7.5695801e+01
   4.6243890e+06   3.9514160e+01
   4.6330840e+06   9.1882324e+01
   4.6331570e+06   6.2127686e+01
   4.6515660e+06   6.6650391e+01
   4.6516090e+06   5.2368164e+01
   4.6654560e+06   3.0944824e+01
   4.6654930e+06   6.7602539e+01
   4.6655660e+06   6.1651611e+01
   4.6655790e+06   3.5229492e+01
   4.6656210e+06   3.3325195e+01
   4.6802370e+06   6.3317871e+01
   4.6803150e+06   3.7133789e+01
   4.6922150e+06   4.5703125e+01
   4.6922990e+06   6.3317871e+01
   4.6923250e+06   4.5703125e+01
   4.6923460e+06   3.6419678e+01
   4.6923650e+06   3.6657715e+01
   4.6924210e+06   3.3563232e+01
   4.7094720e+06   3.4277344e+01
   4.7094940e+06   8.4741211e+01
   4.7095620e+06   4.0228271e+01
   4.7096270e+06   7.2125244e+01
   4.7096450e+06   3.1420898e+01
   4.7259940e+06   5.6652832e+01
   4.7260810e+06   5.7604980e+01
   4.7394070e+06   6.6888428e+01
   4.7394270e+06   3.3563232e+01
   4.7394650e+06   6.7364502e+01
   4.7394790e+06   3.8085937e+01
   4.7395030e+06   3.2373047e+01
   4.7395580e+06   3.3325195e+01
   4.7439680e+06   3.6657715e+01
   4.7440180e+06   6.1413574e+01
   4.7587290e+06   3.2373047e+01
   4.7588100e+06   5.9271240e+01
   4.7588330e+06   6.6174316e+01
   4.7589580e+06   3.1658936e+01
   4.7742340e+06   6.1413574e+01
   4.7743400e+06   6.2841797e+01
   4.7745660e+06   5.5462646e+01
   4.7746900e+06   4.0704346e+01
   4.7747040e+06   3.4753418e+01
   4.7747770e+06   5.4034424e+01
   4.7790530e+06   3.1182861e+01
   4.7790670e+06   6.2127686e+01
   4.7791290e+06   3.3563232e+01
   4.7791780e+06   3.1420898e+01
   4.7792000e+06   3.7847900e+01
   4.7951430e+06   6.2603760e+01
   4.7952220e+06   6.0223389e+01
   4.7952460e+06   3.0468750e+01
   4.7953020e+06   2.9516602e+01
   4.7953130e+06   4.0942383e+01
   4.7954000e+06   3.4039307e+01
   4.8001010e+06   7.9980469e+01
   4.8001270e+06   6.1651611e+01
   4.8001420e+06   3.5229492e+01
   4.8001570e+06   3.1896973e+01
   4.8001810e+06   7.7838135e+01
   4.8001960e+06   5.5224609e+01
   4.8002150e+06   3.6181641e+01
   4.8002390e+06   4.4989014e+01
   4.8002770e+06   3.1658936e+01
   4.8003480e+06   3.6181641e+01
   4.8233250e+06   6.3079834e+01
   4.8233580e+06   3.3801270e+01
   4.8234100e+06   4.2370605e+01
   4.8235130e+06   6.3317871e+01
   4.8235760e+06   3.1658936e+01
   4.8279480e+06   7.9742432e+01
   4.8279740e+06   5.8081055e+01
   4.8279990e+06   4.4989014e+01
   4.8280210e+06   3.3325195e+01
   4.8280530e+06   5.2368164e+01
   4.8280650e+06   3.5229492e+01
   4.8281080e+06   5.3558350e+01
   4.8281360e+06   3.0706787e+01
   4.8281530e+06   3.1658936e+01
   4.8284500e+06   3.3801270e+01
   4.8284660e+06   3.2611084e+01
   4.8285890e+06   2.9754639e+01
   4.8286250e+06   3.1182861e+01
   4.8307140e+06   3.2135010e+01
   4.8342100e+06   3.5943604e+01
   4.8342810e+06   5.8557129e+01
   4.8343120e+06   7.5457764e+01
   4.8343340e+06   3.3563232e+01
   4.8343540e+06   5.9271240e+01
   4.8343910e+06   3.6657715e+01
   4.8344460e+06   3.0468750e+01
   4.8344930e+06   6.4270020e+01
   4.8345570e+06   5.7604980e+01
   4.8618110e+06   7.0697021e+01
   4.8618270e+06   8.3074951e+01
   4.8618530e+06   3.8800049e+01
   4.8618740e+06   7.2839355e+01
   4.8618890e+06   4.5941162e+01
   4.8619140e+06   5.4986572e+01
   4.8619400e+06   3.7371826e+01
   4.8619550e+06   3.4753418e+01
   4.8619870e+06   4.5941162e+01
   4.8695910e+06   4.8083496e+01
   4.8696060e+06   5.8081055e+01
   4.8696340e+06   8.4265137e+01
   4.8696530e+06   7.0697021e+01
   4.8696780e+06   4.7369385e+01
   4.8696900e+06   4.7131348e+01
   4.8697230e+06   4.0466309e+01
   4.8697580e+06   3.4277344e+01
   4.8697940e+06   4.4750977e+01
   4.8699580e+06   4.1180420e+01
   4.8701150e+06   4.2846680e+01
   4.8702730e+06   2.9754639e+01
   4.8704680e+06   2.9992676e+01
   4.8706260e+06   2.9516602e+01
   4.8933700e+06   7.2363281e+01
   4.8934090e+06   3.4277344e+01
   4.8934280e+06   4.2608643e+01
   4.8934390e+06   4.1894531e+01
   4.8934630e+06   3.4039307e+01
   4.8934870e+06   5.8081055e+01
   4.8935210e+06   3.4991455e+01
   4.8935370e+06   3.6419678e+01
   4.8935580e+06   6.1413574e+01
   4.8935990e+06   3.2849121e+01
   4.8936210e+06   4.1418457e+01
   4.8936720e+06   4.1656494e+01
   4.8936980e+06   3.6419678e+01
   4.8939840e+06   3.6419678e+01
   4.8973300e+06   3.3563232e+01
   4.8998710e+06   6.2365723e+01
   4.8998930e+06   3.4039307e+01
   4.8999170e+06   6.1889648e+01
   4.8999720e+06   6.7364502e+01
   4.9000170e+06   3.1420898e+01
   4.9000400e+06   5.4986572e+01
   4.9217050e+06   6.4508057e+01
   4.9217190e+06   3.0706787e+01
   4.9217470e+06   9.8785400e+01
   4.9217850e+06   5.8557129e+01
   4.9217980e+06   4.1656494e+01
   4.9218430e+06   6.4508057e+01
   4.9223300e+06   3.4515381e+01
   4.9224280e+06   3.1420898e+01
   4.9226220e+06   3.1420898e+01
   4.9229000e+06   3.6657715e+01
   4.9244430e+06   3.0230713e+01
   4.9260450e+06   2.9516602e+01
   4.9260970e+06   2.9992676e+01
   4.9457070e+06   7.2125244e+01
   4.9457330e+06   6.2365723e+01
   4.9457500e+06   6.4031982e+01
   4.9457600e+06   3.4753418e+01
   4.9457940e+06   3.5705566e+01
   4.9458130e+06   6.2841797e+01
   4.9458240e+06   3.5467529e+01
   4.9458520e+06   3.4753418e+01
   4.9458730e+06   3.4277344e+01
   4.9459220e+06   3.1658936e+01
   4.9459680e+06   3.2849121e+01
   4.9462800e+06   6.3317871e+01
   4.9659830e+06   3.1420898e+01
   4.9660090e+06   6.7364502e+01
   4.9660220e+06   6.5460205e+01
   4.9660410e+06   3.4039307e+01
   4.9660590e+06   4.3084717e+01
   4.9660890e+06   5.4986572e+01
   4.9661030e+06   4.9273682e+01
   4.9661250e+06   3.9990234e+01
   4.9661520e+06   5.2606201e+01
   4.9661890e+06   3.7371826e+01
   4.9662280e+06   3.0230713e+01
   4.9664690e+06   3.1182861e+01
   4.9665090e+06   3.5467529e+01
   4.9665280e+06   3.5943604e+01
   4.9665790e+06   3.0706787e+01
   4.9666080e+06   3.3087158e+01
   4.9666940e+06   3.3087158e+01
   4.9672270e+06   3.4277344e+01
   4.9714210e+06   3.1182861e+01
   4.9714570e+06   6.8792725e+01
   4.9714700e+06   3.4039307e+01
   4.9715100e+06   2.9516602e+01
   4.9715200e+06   5.3796387e+01
   4.9715520e+06   4.4750977e+01
   4.9715740e+06   5.2130127e+01
   4.9716180e+06   3.7847900e+01
   4.9716860e+06   3.0706787e+01
   4.9813590e+06   5.5938721e+01
   4.9813910e+06   6.1889648e+01
   4.9814020e+06   3.3563232e+01
   4.9814210e+06   6.8078613e+01
   4.9814370e+06   3.7847900e+01
   4.9814470e+06   3.3325195e+01
   4.9814730e+06   3.5705566e+01
   4.9815170e+06   5.4034424e+01
   4.9815300e+06   3.1182861e+01
   4.9818290e+06   3.0706787e+01
   4.9818500e+06   3.5943604e+01
   4.9819300e+06   2.9992676e+01
   4.9852040e+06   7.9980469e+01
   4.9852190e+06   3.6181641e+01
   4.9852550e+06   3.4515381e+01
   4.9853130e+06   3.0944824e+01
   4.9909490e+06   5.9033203e+01
   4.9909730e+06   5.9271240e+01
   4.9909880e+06   6.2603760e+01
   4.9910060e+06   4.1180420e+01
   4.9910160e+06   2.9992676e+01
   4.9910530e+06   3.9276123e+01
   4.9910700e+06   3.9990234e+01
   4.9911170e+06   4.0228271e+01
   4.9911280e+06   3.0230713e+01
   4.9911560e+06   3.3801270e+01
   4.9916840e+06   4.4750977e+01
   4.9929440e+06   3.0944824e+01
   4.9944830e+06   3.2611084e+01
   4.9944990e+06   7.9742432e+01
   4.9945170e+06   3.9752197e+01
   4.9945440e+06   8.0456543e+01
   4.9945760e+06   3.1896973e+01
   4.9945960e+06   4.3798828e+01
   5.0024370e+06   5.8557129e+01
   5.0024560e+06   3.7371826e+01
   5.0024760e+06   3.4515381e+01
   5.0024890e+06   5.6890869e+01
   5.0025100e+06   3.9752197e+01
   5.0025380e+06   3.4515381e+01
   5.0025640e+06   3.5467529e+01
   5.0026030e+06   3.0468750e+01
   5.0026470e+06   3.5229492e+01
   5.0029620e+06   3.4039307e+01
   5.0029940e+06   3.3087158e+01
   5.0061660e+06   7.7362061e+01
   5.0061790e+06   4.4274902e+01
   5.0061980e+06   2.9516602e+01
   5.0062400e+06   2.9516602e+01
   5.0062550e+06   4.4512939e+01
   5.0062790e+06   5.0701904e+01
   5.0063010e+06   4.4512939e+01
   5.0135530e+06   7.3315430e+01
   5.0135760e+06   6.6412354e+01
   5.0135900e+06   6.1889648e+01
   5.0136230e+06   3.6181641e+01
   5.0136420e+06   4.2132568e+01
   5.0136740e+06   3.0706787e+01
   5.0136980e+06   4.0942383e+01
   5.0137510e+06   3.0230713e+01
   5.0173040e+06   3.1182861e+01
   5.0173190e+06   1.0521240e+02
   5.0173290e+06   4.5227051e+01
   5.0173790e+06   8.5931396e+01
   5.0174490e+06   3.5229492e+01
   5.0236380e+06   3.2611084e+01
   5.0236870e+06   5.8557129e+01
   5.0237130e+06   6.0699463e+01
   5.0237250e+06   3.9514160e+01
   5.0237550e+06   3.2849121e+01
   5.0237780e+06   3.0468750e+01
   5.0237970e+06   3.7133789e+01
   5.0238080e+06   4.2132568e+01
   5.0239350e+06   3.0944824e+01
   5.0244140e+06   4.5703125e+01
   5.0249600e+06   3.2373047e+01
   5.0272670e+06   6.0461426e+01
   5.0272840e+06   5.6652832e+01
   5.0272990e+06   4.4750977e+01
   5.0273140e+06   3.2611084e+01
   5.0273430e+06   3.9752197e+01
   5.0273730e+06   3.8323975e+01
   5.0330100e+06   2.9516602e+01
   5.0330280e+06   4.1418457e+01
   5.0330400e+06   5.9271240e+01
   5.0330650e+06   4.5227051e+01
   5.0330760e+06   5.8557129e+01
   5.0331160e+06   3.8562012e+01
   5.0331730e+06   3.8562012e+01
   5.0362640e+06   3.1182861e+01
   5.0362910e+06   7.9266357e+01
   5.0363090e+06   5.0701904e+01
   5.0363300e+06   4.9749756e+01
   5.0363740e+06   4.7845459e+01
   5.0363970e+06   3.1658936e+01
   5.0436330e+06   7.9742432e+01
   5.0436450e+06   3.9990234e+01
   5.0436670e+06   4.9035645e+01
   5.0436930e+06   3.2135010e+01
   5.0437060e+06   4.4274902e+01
   5.0437490e+06   5.1654053e+01
   5.0437950e+06   3.4753418e+01
   5.0440780e+06   3.0468750e+01
   5.0490350e+06   7.7838135e+01
   5.0490600e+06   6.0223389e+01
   5.0490870e+06   4.7845459e+01
   5.0491130e+06   3.9038086e+01
   5.0491380e+06   4.0704346e+01
   5.0491720e+06   3.1182861e+01
   5.0515460e+06   6.0223389e+01
   5.0515610e+06   3.4991455e+01
   5.0515890e+06   5.5224609e+01
   5.0515990e+06   3.0706787e+01
   5.0581590e+06   6.7364502e+01
   5.0581800e+06   1.0378418e+02
   5.0582010e+06   5.1654053e+01
   5.0582120e+06   5.9271240e+01
   5.0582440e+06   2.9754639e+01
   5.0582550e+06   4.6893311e+01
   5.0583000e+06   3.9752197e+01
   5.0653760e+06   6.9030762e+01
   5.0653860e+06   5.5700684e+01
   5.0654220e+06   5.4034424e+01
   5.0654390e+06   4.8797607e+01
   5.0654850e+06   6.3555908e+01
   5.0655190e+06   2.9516602e+01
   5.0655340e+06   2.9992676e+01
   5.0678900e+06   3.0944824e+01
   5.0680900e+06   2.9992676e+01
   5.0769060e+06   5.3796387e+01
   5.0769170e+06   6.7602539e+01
   5.0769480e+06   4.6417236e+01
   5.0769900e+06   5.6890869e+01
   5.0770320e+06   3.6657715e+01
   5.0770480e+06   3.6419678e+01
   5.0770930e+06   3.2373047e+01
   5.0774370e+06   3.0230713e+01
   5.0895480e+06   3.9514160e+01
   5.0895590e+06   7.2601318e+01
   5.0895860e+06   4.2608643e+01
   5.0896180e+06   4.8083496e+01
   5.0896300e+06   3.6895752e+01
   5.0896420e+06   3.5467529e+01
   5.0896670e+06   3.5467529e+01
   5.0897090e+06   5.6890869e+01
   5.0899810e+06   3.0230713e+01
   5.0926460e+06   4.8083496e+01
   5.0926720e+06   7.0220947e+01
   5.1020780e+06   3.0230713e+01
   5.1020930e+06   7.3077393e+01
   5.1021160e+06   5.4748535e+01
   5.1021440e+06   5.3082275e+01
   5.1021870e+06   2.9754639e+01
   5.1022200e+06   3.7133789e+01
   5.1022310e+06   3.2373047e+01
   5.1022520e+06   3.2611084e+01
   5.1043200e+06   3.1658936e+01
   5.1231450e+06   7.7600098e+01
   5.1231600e+06   6.3793945e+01
   5.1231900e+06   4.8797607e+01
   5.1232060e+06   3.6657715e+01
   5.1232180e+06   2.9754639e+01
   5.1232310e+06   3.6181641e+01
   5.1232460e+06   3.6657715e+01
   5.1232910e+06   5.8557129e+01
   5.1233140e+06   3.0468750e+01
   5.1257420e+06   3.1658936e+01
   5.1258110e+06   3.3325195e+01
   5.1431740e+06   3.0468750e+01
   5.1431890e+06   4.7131348e+01
   5.1432060e+06   5.3082275e+01
   5.1432250e+06   6.0937500e+01
   5.1432540e+06   3.0706787e+01
   5.1432980e+06   3.6419678e+01
   5.1433130e+06   2.9516602e+01
   5.1436130e+06   2.9516602e+01
   5.1444670e+06   3.0468750e+01
   5.1460680e+06   3.1658936e+01
   5.1460780e+06   2.9516602e+01
   5.1461040e+06   3.6181641e+01
   5.1461410e+06   4.9511719e+01
   5.1461960e+06   3.0706787e+01
   5.1701990e+06   3.5705566e+01
   5.1702150e+06   8.4979248e+01
   5.1702370e+06   8.5931396e+01
   5.1702690e+06   3.1658936e+01
   5.1702930e+06   8.0932617e+01
   5.1703030e+06   3.6181641e+01
   5.1703610e+06   3.5229492e+01
   5.1719110e+06   3.3087158e+01
   5.1719290e+06   4.3560791e+01
   5.2032050e+06   3.4515381e+01
   5.2032200e+06   6.3555908e+01
   5.2032400e+06   3.1658936e+01
   5.2032810e+06   3.9752197e+01
   5.2040000e+06   3.7609863e+01
   5.2159390e+06   2.9516602e+01
   5.2160090e+06   6.4031982e+01
   5.2160320e+06   3.2373047e+01
   5.2160550e+06   4.2846680e+01
   5.2160800e+06   4.2608643e+01
   5.2160970e+06   3.2373047e+01
   5.2509380e+06   3.2135010e+01
   5.2509700e+06   7.5933838e+01
   5.2509860e+06   3.7371826e+01
   5.2510440e+06   3.0706787e+01
   5.2511220e+06   2.9516602e+01
   5.2784170e+06   3.0944824e+01
   5.2786640e+06   2.9516602e+01
   5.2787240e+06   3.5467529e+01
   5.2787420e+06   8.1884766e+01
   5.2792860e+06   2.9754639e+01
   5.2918890e+06   3.2611084e+01
   5.2919670e+06   2.9516602e+01
   5.2922140e+06   2.9754639e+01
   5.2928040e+06   3.1182861e+01
   5.3143260e+06   3.3563232e+01
   5.3145070e+06   4.6893311e+01
   5.3281920e+06   2.9754639e+01
   5.3305190e+06   3.1658936e+01
   5.3306190e+06   3.0468750e+01
   5.3307080e+06   3.7371826e+01
   5.3308450e+06   3.2373047e+01
   5.3308820e+06   2.9992676e+01
   5.3312310e+06   2.9516602e+01
   5.3509870e+06   3.2135010e+01
   5.3510500e+06   2.9992676e+01
   5.3510730e+06   8.6883545e+01
   5.3511940e+06   3.0944824e+01
   5.3515000e+06   3.0944824e+01
   5.3517340e+06   3.0230713e+01
   5.3521700e+06   2.9992676e+01
   5.3522740e+06   2.9754639e+01
   5.3526970e+06   3.4039307e+01
   5.3537780e+06   3.1420898e+01
   5.3923790e+06   3.2373047e+01
   5.3924210e+06   3.0706787e+01
   5.3925040e+06   8.3789063e+01
   5.3927070e+06   3.6419678e+01
   5.3929400e+06   3.5229492e+01
   5.3929600e+06   3.1420898e+01
   5.3930500e+06   3.0468750e+01
   5.3931330e+06   3.4991455e+01
   5.4252300e+06   3.3087158e+01
   5.4254020e+06   2.9992676e+01
   5.4255550e+06   7.1173096e+01
   5.4255670e+06   2.9992676e+01
   5.4261120e+06   2.9754639e+01
   5.4262760e+06   2.9754639e+01
   5.4263220e+06   3.1182861e+01
   5.4264880e+06   6.2365723e+01
   5.4523760e+06   7.7838135e+01
   5.4525290e+06   7.1173096e+01
   5.4526890e+06   5.3796387e+01
   5.4764260e+06   3.4277344e+01
   5.4764660e+06   2.9516602e+01
   5.4765890e+06   3.4277344e+01
   5.4766110e+06   6.1651611e+01
   5.4775260e+06   2.9992676e+01
   5.4781380e+06   3.7609863e+01
   5.4782030e+06   3.2849121e+01
   5.4782380e+06   5.7128906e+01
   5.4936950e+06   6.1889648e+01
   5.4939430e+06   3.7609863e+01
   5.4940830e+06   6.0699463e+01
   5.5058800e+06   3.1420898e+01
   5.5060260e+06   6.7126465e+01
   5.5062090e+06   6.5936279e+01
   5.5063610e+06   3.1182861e+01
   5.5190150e+06   7.5219727e+01
   5.5280200e+06   6.3793945e+01
   5.5280760e+06   3.2849121e+01
   5.5280910e+06   5.8319092e+01
   5.5282930e+06   6.8316650e+01
   5.5509150e+06   3.3087158e+01
   5.5509490e+06   5.8557129e+01
   5.5510500e+06   2.9992676e+01
   5.5510910e+06   5.6890869e+01
   5.5516070e+06   5.9985352e+01
   5.5517210e+06   5.7366943e+01
   5.5715100e+06   6.7364502e+01
   5.5715230e+06   3.6181641e+01
   5.5715970e+06   8.2360840e+01
   5.5716140e+06   3.3801270e+01
   5.5718700e+06   6.6412354e+01
   5.5719940e+06   4.3798828e+01
   5.5741430e+06   2.9992676e+01
   5.5741610e+06   3.2611084e+01
   5.5742680e+06   7.4267578e+01
   5.5746600e+06   3.6181641e+01
   5.5746720e+06   6.9268799e+01
   5.6030650e+06   6.1889648e+01
   5.6030840e+06   4.4989014e+01
   5.6236610e+06   7.5933838e+01
   5.6238350e+06   6.6174316e+01
   5.6239160e+06   5.6414795e+01
   5.6239350e+06   3.4515381e+01
   5.6325560e+06   3.1182861e+01
   5.6326470e+06   6.4508057e+01
   5.6327090e+06   6.1175537e+01
   5.6327550e+06   5.1416016e+01
   5.6519770e+06   3.0706787e+01
   5.6521380e+06   3.1658936e+01
   5.6529340e+06   6.6650391e+01
   5.6672160e+06   2.9992676e+01
   5.6672720e+06   7.0220947e+01
   5.6673080e+06   3.1658936e+01
   5.6673330e+06   5.6176758e+01
   5.6674000e+06   4.6893311e+01
   5.6674280e+06   3.1182861e+01
   5.6762210e+06   5.2844238e+01
   5.6762330e+06   3.4753418e+01
   5.6892780e+06   2.9754639e+01
   5.6893610e+06   6.5222168e+01
   5.7054830e+06   5.1892090e+01
   5.7090290e+06   4.0942383e+01
   5.7090460e+06   5.7128906e+01
   5.7091230e+06   6.1413574e+01
   5.7091890e+06   3.4039307e+01
   5.7092690e+06   5.0939941e+01
   5.7101410e+06   3.7847900e+01
   5.7226510e+06   3.1420898e+01
   5.7226650e+06   6.5698242e+01
   5.7227340e+06   6.0223389e+01
   5.7296290e+06   6.9506836e+01
   5.7299360e+06   7.0697021e+01
   5.7300180e+06   3.5467529e+01
   5.7300470e+06   6.4746094e+01
   5.7428410e+06   6.2603760e+01
   5.7429290e+06   5.7128906e+01
   5.7430090e+06   5.1177979e+01
   5.7532280e+06   3.2135010e+01
   5.7533380e+06   7.5933838e+01
   5.7687080e+06   3.4515381e+01
   5.7687570e+06   6.8316650e+01
   5.7791070e+06   6.7840576e+01
   5.7880000e+06   3.4753418e+01
   5.7881210e+06   5.1177979e+01
   5.8088950e+06   5.5700684e+01
   5.8090150e+06   3.1420898e+01
   5.8115680e+06   7.9980469e+01
   5.8211470e+06   3.4515381e+01
   5.8212380e+06   5.1416016e+01
   5.8212750e+06   3.0230713e+01
   5.8393400e+06   3.1420898e+01
   5.8396160e+06   3.3563232e+01
   5.8397110e+06   5.6890869e+01
   5.8397220e+06   2.9754639e+01
   5.8489230e+06   3.2373047e+01
   5.8489470e+06   6.9268799e+01
   5.8597940e+06   3.0468750e+01
   5.8619420e+06   2.9516602e+01
   5.8849910e+06   3.0468750e+01
   5.8850750e+06   3.5467529e+01
   5.8850850e+06   6.5936279e+01
   5.8851280e+06   3.9990234e+01
   5.9084350e+06   3.1896973e+01
   5.9189260e+06   2.9754639e+01
   5.9189760e+06   7.1649170e+01
   5.9192740e+06   6.6650391e+01
   5.9192840e+06   2.9516602e+01
   5.9197000e+06   4.7607422e+01
   5.9296160e+06   3.0230713e+01
   5.9297300e+06   6.4984131e+01
   5.9408490e+06   3.4277344e+01
   5.9408720e+06   7.4505615e+01
   5.9410020e+06   6.7602539e+01
   5.9410310e+06   3.2849121e+01
   5.9681770e+06   3.2849121e+01
   5.9683430e+06   3.9514160e+01
   5.9766920e+06   3.1182861e+01
   5.9773910e+06   6.9506836e+01
   5.9774730e+06   6.5698242e+01
   5.9775270e+06   3.1420898e+01
   5.9854700e+06   2.9992676e+01
   5.9854950e+06   1.0187988e+02
   5.9855720e+06   6.3555908e+01
   5.9856680e+06   4.6655273e+01
   6.0125000e+06   7.3315430e+01
   6.0203520e+06   7.3553467e+01
   6.0204920e+06   5.5224609e+01
   6.0205740e+06   3.8562012e+01
   6.0205840e+06   4.5941162e+01
   6.0323760e+06   3.7371826e+01
   6.0516210e+06   3.8085938e+01
   6.0517590e+06   6.4270020e+01
   6.0518860e+06   5.4272461e+01
   6.0519620e+06   5.3082275e+01
   6.0633310e+06   7.3791504e+01
   6.0633800e+06   3.9514160e+01
   6.0634480e+06   7.5219727e+01
   6.0635000e+06   3.3325195e+01
   6.0835150e+06   3.4515381e+01
   6.0835700e+06   6.1889648e+01
   6.0836520e+06   5.1416016e+01
   6.0920150e+06   3.2849121e+01
   6.0921160e+06   7.0697021e+01
   6.1139650e+06   3.2611084e+01
   6.1140780e+06   3.8085938e+01
   6.1141350e+06   6.7126465e+01
   6.1141530e+06   5.0463867e+01
   6.1298980e+06   3.4277344e+01
   6.1299810e+06   4.1656494e+01
   6.1301000e+06   6.4984131e+01
   6.1709560e+06   7.1649170e+01
   6.1711170e+06   3.7371826e+01
   6.1781980e+06   5.8319092e+01
   6.1783900e+06   4.5941162e+01
   6.1842350e+06   5.3320312e+01
   6.1878260e+06   6.4984131e+01
   6.1878520e+06   3.2849121e+01
   6.1987310e+06   3.2849121e+01
   6.2024790e+06   8.8073730e+01
   6.2024900e+06   3.0468750e+01
   6.2025280e+06   3.0468750e+01
   6.2238130e+06   3.0944824e+01
   6.2239900e+06   6.3555908e+01
   6.2331560e+06   3.5943604e+01
   6.2332290e+06   6.9030762e+01
   6.2333370e+06   5.5700684e+01
   6.2333740e+06   4.9749756e+01
   6.2433300e+06   3.0230713e+01
   6.2435080e+06   5.4510498e+01
   6.2435710e+06   4.6417236e+01
   6.2581850e+06   4.2846680e+01
   6.2582190e+06   6.9030762e+01
   6.2583080e+06   7.4029541e+01
   6.2583250e+06   3.9038086e+01
   6.2682810e+06   3.1420898e+01
   6.2683550e+06   8.0218506e+01
   6.2683970e+06   4.9511719e+01
   6.2684560e+06   6.5222168e+01
   6.2684850e+06   3.6657715e+01
   6.2770850e+06   3.0468750e+01
   6.2772240e+06   6.4270020e+01
   6.2773350e+06   6.7126465e+01
   6.2773470e+06   4.4274902e+01
   6.2863840e+06   3.2849121e+01
   6.2867220e+06   7.0935059e+01
   6.2867330e+06   3.3563232e+01
   6.2912130e+06   2.9754639e+01
   6.2912720e+06   7.1887207e+01
   6.2913050e+06   3.9276123e+01
   6.3038880e+06   3.2135010e+01
   6.3085910e+06   3.4753418e+01
   6.3087460e+06   6.3793945e+01
   6.3089100e+06   5.0225830e+01
   6.3236510e+06   6.1651611e+01
   6.3236700e+06   3.6895752e+01
   6.3294150e+06   3.1182861e+01
   6.3295020e+06   3.4991455e+01
   6.3295720e+06   7.0697021e+01
   6.3296760e+06   5.5700684e+01
   6.3296870e+06   3.0944824e+01
   6.3462030e+06   3.2373047e+01
   6.3466070e+06   3.0944824e+01
   6.3467390e+06   5.9033203e+01
   6.3468010e+06   3.0944824e+01
   6.3546520e+06   3.4753418e+01
   6.3547250e+06   6.3317871e+01
   6.3547790e+06   3.1420898e+01
   6.3548080e+06   5.5224609e+01
   6.3796540e+06   3.3563232e+01
   6.3800030e+06   7.9980469e+01
   6.3801040e+06   5.1177979e+01
   6.3801220e+06   4.5465088e+01
   6.3801360e+06   3.1658936e+01
   6.3973890e+06   3.0706787e+01
   6.3975720e+06   3.3801270e+01
   6.3975870e+06   7.4981689e+01
   6.3975970e+06   3.2611084e+01
   6.3976780e+06   3.1420898e+01
   6.4217820e+06   5.6652832e+01
   6.4226440e+06   6.3793945e+01
   6.4334190e+06   3.3563232e+01
   6.4335550e+06   3.2373047e+01
   6.4443510e+06   3.1896973e+01
   6.4566540e+06   4.0228271e+01
   6.4567200e+06   7.0697021e+01
   6.4567710e+06   5.4034424e+01
   6.4567930e+06   4.6417236e+01
   6.4666410e+06   3.7609863e+01
   6.4666640e+06   5.7843018e+01
   6.4667510e+06   5.5700684e+01
   6.4667720e+06   3.7609863e+01
   6.4667830e+06   3.0944824e+01
   6.4787010e+06   7.6885986e+01
   6.4788010e+06   6.4984131e+01
   6.4903390e+06   3.0468750e+01
   6.4991210e+06   2.9754639e+01
   6.4992600e+06   7.1887207e+01
   6.5195220e+06   2.9754639e+01
   6.5196190e+06   6.3079834e+01
   6.5196310e+06   7.1411133e+01
   6.5196410e+06   3.4515381e+01
   6.5297560e+06   6.4508057e+01
   6.5349090e+06   5.9747314e+01
   6.5464400e+06   3.0468750e+01
   6.5464760e+06   6.0699463e+01
   6.5541950e+06   3.4515381e+01
   6.5543410e+06   6.4984131e+01
   6.5543520e+06   3.1896973e+01
   6.5544120e+06   6.6888428e+01
   6.5545050e+06   5.7604980e+01
   6.5545420e+06   4.9035645e+01
   6.5661260e+06   3.5943604e+01
   6.5665370e+06   8.2360840e+01
   6.5665710e+06   4.2846680e+01
   6.5666950e+06   5.8081055e+01
   6.5735480e+06   3.8323975e+01
   6.5736330e+06   3.1896973e+01
   6.5918390e+06   7.2839355e+01
   6.5997050e+06   3.2373047e+01
   6.5997790e+06   3.2611084e+01
   6.5997930e+06   6.4746094e+01
   6.5998060e+06   3.0468750e+01
   6.5998360e+06   3.2373047e+01
   6.6166890e+06   3.1420898e+01
   6.6167050e+06   7.3077393e+01
   6.6254800e+06   3.5467529e+01
   6.6255820e+06   3.3325195e+01
   6.6257140e+06   7.6885986e+01
   6.6257560e+06   5.0463867e+01
   6.6355710e+06   3.4515381e+01
   6.6356040e+06   2.9754639e+01
   6.6381950e+06   7.8076172e+01
   6.6383170e+06   6.2841797e+01
   6.6623030e+06   2.9516602e+01
   6.6623850e+06   4.7607422e+01
   6.6710650e+06   2.9516602e+01
   6.6712140e+06   3.0230713e+01
   6.6906670e+06   7.4029541e+01
   6.6906900e+06   3.2373047e+01
   6.6907770e+06   5.8081055e+01
   6.7106290e+06   7.2363281e+01
   6.7107410e+06   3.5467529e+01
   6.7107670e+06   6.2603760e+01
   6.7107930e+06   3.4753418e+01
   6.7550130e+06   8.0218506e+01
   6.7551150e+06   5.0701904e+01
   6.7620410e+06   3.4277344e+01
   6.7622380e+06   3.7133789e+01
   6.7623230e+06   6.5936279e+01
   6.7623400e+06   4.9511719e+01
   6.7624210e+06   4.9511719e+01
   6.7765000e+06   3.0944824e+01
   6.7765200e+06   5.8795166e+01
   6.7765700e+06   3.0944824e+01
   6.7766580e+06   6.8316650e+01
   6.7960160e+06   7.0697021e+01
   6.7960400e+06   2.9516602e+01
   6.7964630e+06   4.5227051e+01
   6.8180740e+06   4.2608643e+01
   6.8206950e+06   6.6412354e+01
   6.8207460e+06   3.3325195e+01
   6.8449190e+06   3.7847900e+01
   6.8449600e+06   3.2611084e+01
   6.8449810e+06   6.5936279e+01
   6.8450310e+06   2.9992676e+01
   6.8450850e+06   4.4989014e+01
   6.8542200e+06   3.0230713e+01
   6.8542520e+06   7.8790283e+01
   6.8544210e+06   3.0944824e+01
   6.8549960e+06   3.0944824e+01
   6.8551960e+06   3.2849121e+01
   6.8553740e+06   7.2125244e+01
   6.8554120e+06   3.2849121e+01
   6.8555060e+06   2.9992676e+01
   6.8748820e+06   4.9035645e+01
   6.8934750e+06   6.1413574e+01
   6.9062360e+06   7.5933838e+01
   6.9062470e+06   2.9992676e+01
   6.9063430e+06   4.1180420e+01
   6.9176390e+06   4.6655273e+01
   6.9275990e+06   3.3563232e+01
   6.9276100e+06   8.3074951e+01
   6.9276540e+06   3.0230713e+01
   6.9277170e+06   3.0944824e+01
   6.9456740e+06   3.0944824e+01
   6.9542510e+06   3.7133789e+01
   6.9546970e+06   3.1182861e+01
   6.9709760e+06   3.1182861e+01
   6.9711130e+06   4.1418457e+01
   6.9711430e+06   6.1175537e+01
   6.9711860e+06   3.0944824e+01
   6.9712180e+06   3.2849121e+01
   6.9712280e+06   6.4031982e+01
   6.9712770e+06   2.9516602e+01
   6.9911560e+06   3.4753418e+01
   6.9913070e+06   5.5700684e+01
   7.0071990e+06   3.9038086e+01
   7.0072460e+06   7.1173096e+01
   7.0073090e+06   6.1413574e+01
   7.0073290e+06   4.0466309e+01
   7.0073470e+06   3.0230713e+01
   7.0216670e+06   5.6176758e+01
   7.0217240e+06   2.9754639e+01
   7.0217410e+06   2.9516602e+01
   7.0486080e+06   3.1420898e+01
   7.0536290e+06   2.9754639e+01
   7.0557480e+06   3.8323975e+01
   7.0557910e+06   4.2132568e+01
   7.0558120e+06   2.9754639e+01
   7.0558610e+06   3.6419678e+01
   7.0718400e+06   5.9985352e+01
   7.0784420e+06   3.1182861e+01
   7.0785870e+06   3.6181641e+01
   7.0849750e+06   3.0230713e+01
   7.0850180e+06   4.0228271e+01
   7.0850350e+06   5.3558350e+01
   7.0851330e+06   5.0701904e+01
   7.0938990e+06   3.0468750e+01
   7.1010750e+06   3.1420898e+01
   7.1012650e+06   3.5229492e+01
   7.1090370e+06   3.8085937e+01
   7.1094380e+06   3.0468750e+01
   7.1254280e+06   3.0468750e+01
   7.1513810e+06   6.3079834e+01
   7.1652950e+06   3.2373047e+01
   7.1728020e+06   2.9516602e+01
   7.1939880e+06   3.6181641e+01
   7.1945900e+06   2.9992676e+01
   7.2098090e+06   6.8078613e+01
   7.2098220e+06   6.9268799e+01
   7.2388320e+06   3.2849121e+01
   7.2389190e+06   7.3077393e+01
   7.2390260e+06   3.9038086e+01
   7.2734670e+06   3.1896973e+01
   7.2808840e+06   6.2365723e+01
   7.2968800e+06   4.2370605e+01
   7.2969090e+06   4.6893311e+01
   7.2974950e+06   3.4991455e+01
   7.3085350e+06   5.4510498e+01
   7.3285520e+06   3.1658936e+01
   7.3289830e+06   3.0230713e+01
   7.3373990e+06   2.9516602e+01
   7.3409160e+06   3.7847900e+01
   7.3479530e+06   3.0230713e+01
   7.3480390e+06   8.1408691e+01
   7.3633920e+06   3.0230713e+01
   7.3745330e+06   3.0468750e+01
   7.3745690e+06   5.9747314e+01
   7.4036110e+06   7.8790283e+01
   7.4149020e+06   2.9992676e+01
   7.4348910e+06   6.3317871e+01
   7.4582940e+06   6.5698242e+01
   7.4839600e+06   3.2611084e+01
   7.5215610e+06   3.4277344e+01
   7.5220160e+06   2.9754639e+01
   7.5378570e+06   7.3315430e+01
   7.5470900e+06   2.9516602e+01
   7.5904740e+06   3.1896973e+01
   7.5916890e+06   2.9992676e+01
   7.5980450e+06   3.4991455e+01
   7.5981650e+06   3.1658936e+01
   7.6075710e+06   6.1889648e+01
   7.6166200e+06   3.1420898e+01
   7.6232080e+06   5.6652832e+01
   7.6443930e+06   7.0935059e+01
   7.6444420e+06   3.2135010e+01
   7.6519080e+06   2.9992676e+01
   7.6573020e+06   2.9516602e+01
   7.6579170e+06   3.1182861e+01
   7.6579560e+06   6.5222168e+01
   7.6579820e+06   7.4981689e+01
   7.6680680e+06   5.3320313e+01
   7.6683760e+06   3.2135010e+01
   7.6748880e+06   2.9516602e+01
   7.6759480e+06   6.4031982e+01
   7.6911270e+06   3.5705566e+01
   7.6979350e+06   4.9987793e+01
   7.6979490e+06   6.3793945e+01
   7.7065680e+06   7.5219727e+01
   7.7212170e+06   2.9992676e+01
   7.7213250e+06   3.8085938e+01
   7.7297800e+06   5.4034424e+01
   7.7298530e+06   3.2135010e+01
   7.7303490e+06   3.1658936e+01
   7.7457610e+06   6.1889648e+01
   7.7665610e+06   7.1411133e+01
   7.7770930e+06   6.4984131e+01
   7.7843290e+06   6.5698242e+01
   7.8069890e+06   3.6895752e+01
   7.8070160e+06   5.4986572e+01
   7.8154120e+06   2.9754639e+01
   7.8232240e+06   3.0230713e+01
   7.8232670e+06   3.7371826e+01
   7.8314400e+06   4.3084717e+01
   7.8366450e+06   6.4031982e+01
   7.8366560e+06   3.3087158e+01
   7.8366910e+06   2.9754639e+01
   7.8479390e+06   3.2135010e+01
   7.8480140e+06   3.1420898e+01
   7.8552630e+06   1.0045166e+02
   7.8658870e+06   7.3791504e+01
   7.8659490e+06   3.3325195e+01
   7.8870090e+06   3.3087158e+01
   7.8870390e+06   6.0699463e+01
   7.8870570e+06   5.0939941e+01
   7.8870860e+06   5.9271240e+01
   7.9097510e+06   6.5936279e+01
   7.9097730e+06   3.9752197e+01
   7.9198720e+06   6.9744873e+01
   7.9198990e+06   5.2844238e+01
   7.9199200e+06   3.4991455e+01
   7.9199350e+06   3.3325195e+01
   7.9319410e+06   3.3087158e+01
   7.9490330e+06   7.6171875e+01
   7.9490490e+06   3.3325195e+01
   7.9490720e+06   4.3560791e+01
   7.9491000e+06   3.4991455e+01
   7.9621440e+06   3.4277344e+01
   7.9734220e+06   2.9992676e+01
   7.9811450e+06   6.9268799e+01
   7.9811560e+06   3.1896973e+01
   7.9811780e+06   3.9514160e+01
   7.9988640e+06   6.7602539e+01
   7.9988760e+06   5.8319092e+01
   8.0096520e+06   3.0944824e+01
   8.0162330e+06   6.3317871e+01
   8.0162480e+06   3.9990234e+01
   8.0162750e+06   3.8085938e+01
   8.0162850e+06   3.0230713e+01
   8.0292320e+06   3.3087158e+01
   8.0292570e+06   4.1656494e+01
   8.0292750e+06   4.1894531e+01
   8.0396520e+06   3.4277344e+01
   8.0501830e+06   6.3317871e+01
   8.0502140e+06   3.0468750e+01
   8.0605950e+06   3.1658936e+01
   8.0922360e+06   3.2373047e+01
   8.0922840e+06   8.6169434e+01
   8.1004030e+06   3.6657715e+01
   8.1004280e+06   8.3312988e+01
   8.1004560e+06   3.6419678e+01
   8.1004690e+06   3.8800049e+01
   8.1116140e+06   3.2373047e+01
   8.1116460e+06   5.1892090e+01
   8.1163430e+06   3.9990234e+01
   8.1163720e+06   6.9506836e+01
   8.1299780e+06   3.1182861e+01
   8.1385160e+06   5.2130127e+01
   8.1385310e+06   4.9749756e+01
   8.1385470e+06   5.1177979e+01
   8.1385590e+06   4.3560791e+01
   8.1502460e+06   3.0944824e+01
   8.1618480e+06   3.0230713e+01
   8.1618730e+06   3.5943604e+01
   8.1618840e+06   6.7602539e+01
   8.1619060e+06   3.6181641e+01
   8.1619300e+06   3.0468750e+01
   8.1913140e+06   6.8078613e+01
   8.1913270e+06   4.9511719e+01
   8.2024530e+06   3.4277344e+01
   8.2024640e+06   7.1649170e+01
   8.2024750e+06   3.1658936e+01
   8.2024990e+06   5.4510498e+01
   8.2254430e+06   3.8800049e+01
   8.2255150e+06   3.5467529e+01
   8.2384210e+06   2.9992676e+01
   8.2467590e+06   2.9516602e+01
   8.2467820e+06   4.8797607e+01
   8.2539500e+06   3.3801270e+01
   8.2620730e+06   7.7600098e+01
   8.2621020e+06   3.8085938e+01
   8.2621190e+06   3.4039307e+01
   8.2743400e+06   5.8795166e+01
   8.2744200e+06   4.4036865e+01
   8.2887260e+06   3.0706787e+01
   8.2887370e+06   6.2603760e+01
   8.2887580e+06   3.5229492e+01
   8.3003850e+06   3.1420898e+01
   8.3086220e+06   3.3325195e+01
   8.3175410e+06   3.3801270e+01
   8.3175770e+06   2.9992676e+01
   8.3176480e+06   4.6417236e+01
   8.3267470e+06   3.3325195e+01
   8.3268210e+06   4.8559570e+01
   8.3268310e+06   2.9754639e+01
   8.3379860e+06   3.0230713e+01
   8.3381300e+06   4.6655273e+01
   8.3421010e+06   6.5936279e+01
   8.3421140e+06   4.0704346e+01
   8.3421370e+06   5.0225830e+01
   8.3421630e+06   3.2373047e+01
   8.3421790e+06   6.6174316e+01
   8.3421930e+06   3.1896973e+01
   8.3422070e+06   3.2373047e+01
   8.3422300e+06   3.2135010e+01
   8.3555590e+06   3.0468750e+01
   8.3556830e+06   4.8321533e+01
   8.3557090e+06   3.7609863e+01
   8.3636620e+06   7.4267578e+01
   8.3636780e+06   3.5229492e+01
   8.3637040e+06   3.0944824e+01
   8.3737620e+06   3.0230713e+01
   8.3737790e+06   3.2849121e+01
   8.3738240e+06   5.8795166e+01
   8.3738400e+06   4.8559570e+01
   8.3738600e+06   2.9516602e+01
   8.3738810e+06   3.0230713e+01
   8.3739240e+06   3.0706787e+01
   8.3856870e+06   3.1182861e+01
   8.3858700e+06   3.7847900e+01
   8.3861890e+06   3.4277344e+01
   8.3862630e+06   6.2603760e+01
   8.3862750e+06   4.0704346e+01
   8.3862920e+06   3.3563232e+01
   8.3979200e+06   4.3322754e+01
   8.3979640e+06   5.5700684e+01
   8.4090360e+06   6.1413574e+01
   8.4090580e+06   6.7602539e+01
   8.4093570e+06   4.8559570e+01
   8.4173660e+06   3.1182861e+01
   8.4173950e+06   3.1658936e+01
   8.4174390e+06   6.5460205e+01
   8.4174600e+06   5.3320313e+01
   8.4174710e+06   3.1658936e+01
   8.4277350e+06   4.7607422e+01
   8.4330290e+06   8.9263916e+01
   8.4330410e+06   3.2135010e+01
   8.4330710e+06   3.0706787e+01
   8.4331000e+06   3.1420898e+01
   8.4331650e+06   3.3325195e+01
   8.4460320e+06   3.0706787e+01
   8.4527070e+06   3.0706787e+01
   8.4527590e+06   5.2130127e+01
   8.4527820e+06   4.1418457e+01
   8.4527950e+06   4.1418457e+01
   8.4638280e+06   3.1658936e+01
   8.4639360e+06   3.0944824e+01
   8.4741010e+06   3.0944824e+01
   8.4741770e+06   7.4743652e+01
   8.4814900e+06   3.0230713e+01
   8.4815800e+06   5.8319092e+01
   8.4816100e+06   3.6419678e+01
   8.4919680e+06   3.6181641e+01
   8.4920900e+06   3.9514160e+01
   8.5010210e+06   3.1658936e+01
   8.5010700e+06   3.0230713e+01
   8.5043770e+06   3.1658936e+01
   8.5044080e+06   5.4272461e+01
   8.5044420e+06   7.9504395e+01
   8.5045230e+06   4.2132568e+01
   8.5220680e+06   3.0230713e+01
   8.5222060e+06   4.0466309e+01
   8.5222230e+06   5.2844238e+01
   8.5315110e+06   7.7362061e+01
   8.5317960e+06   5.5938721e+01
   8.5320570e+06   4.0704346e+01
   8.5330810e+06   4.7845459e+01
   8.5350660e+06   3.3087158e+01
   8.5499000e+06   7.6647949e+01
   8.5616360e+06   6.4508057e+01
   8.5625920e+06   3.7133789e+01
   8.5626120e+06   3.1658936e+01
   8.5702750e+06   3.1420898e+01
   8.5703150e+06   4.9273682e+01
   8.5703490e+06   3.4753418e+01
   8.5824680e+06   3.1896973e+01
   8.5910180e+06   9.6166992e+01
   8.5980430e+06   3.4277344e+01
   8.5980570e+06   5.6414795e+01
   8.5981900e+06   3.3801270e+01
   8.5982160e+06   3.6895752e+01
   8.6090470e+06   3.3325195e+01
   8.6093010e+06   7.6647949e+01
   8.6115200e+06   5.8557129e+01
   8.6115400e+06   4.3084717e+01
   8.6115810e+06   3.5467529e+01
   8.6115910e+06   5.6414795e+01
   8.6248860e+06   6.2127686e+01
   8.6305620e+06   3.6419678e+01
   8.6391100e+06   5.1416016e+01
   8.6391330e+06   4.0704346e+01
   8.6391530e+06   4.4274902e+01
   8.6392080e+06   3.3801270e+01
   8.6521070e+06   4.6893311e+01
   8.6521950e+06   3.2849121e+01
   8.6606260e+06   6.2603760e+01
   8.6683740e+06   3.5943604e+01
   8.6683860e+06   5.9747314e+01
   8.6684630e+06   3.6181641e+01
   8.6797310e+06   3.1896973e+01
   8.6815280e+06   5.3320312e+01
   8.6815860e+06   3.1182861e+01
   8.6924160e+06   6.6412354e+01
   8.6926060e+06   3.0230713e+01
   8.7006500e+06   2.9754639e+01
   8.7014570e+06   7.4743652e+01
   8.7015220e+06   4.6417236e+01
   8.7026010e+06   3.0468750e+01
   8.7101420e+06   3.4277344e+01
   8.7102200e+06   3.0944824e+01
   8.7102310e+06   7.4029541e+01
   8.7191350e+06   2.9516602e+01
   8.7191970e+06   3.2135010e+01
   8.7204900e+06   3.1658936e+01
   8.7285800e+06   5.3558350e+01
   8.7369370e+06   3.6895752e+01
   8.7369550e+06   3.0944824e+01
   8.7370020e+06   6.1651611e+01
   8.7470470e+06   5.2844238e+01
   8.7470580e+06   5.7366943e+01
   8.7471000e+06   3.3563232e+01
   8.7566620e+06   3.5705566e+01
   8.7566870e+06   5.0939941e+01
   8.7567270e+06   3.7133789e+01
   8.7685760e+06   6.4746094e+01
   8.7686260e+06   7.0458984e+01
   8.7686400e+06   3.7609863e+01
   8.7686910e+06   3.2373047e+01
   8.7805930e+06   3.2849121e+01
   8.7809620e+06   4.5703125e+01
   8.7809830e+06   7.6409912e+01
   8.7839590e+06   1.0830688e+02
   8.7839890e+06   6.6888428e+01
   8.7840190e+06   5.6890869e+01
   8.7840520e+06   4.1180420e+01
   8.7841120e+06   4.6655273e+01
   8.7841510e+06   3.6181641e+01
   8.7988490e+06   7.0697021e+01
   8.7995850e+06   5.0939941e+01
   8.7996670e+06   2.9516602e+01
   8.7997170e+06   4.9987793e+01
   8.7997410e+06   3.5705566e+01
   8.7997800e+06   6.2365723e+01
   8.8098180e+06   6.2127686e+01
   8.8098720e+06   3.0468750e+01
   8.8099480e+06   3.7133789e+01
   8.8107520e+06   3.1182861e+01
   8.8210510e+06   3.0706787e+01
   8.8210610e+06   3.7133789e+01
   8.8210840e+06   6.0937500e+01
   8.8210950e+06   3.2373047e+01
   8.8211260e+06   3.6657715e+01
   8.8211590e+06   3.5229492e+01
   8.8211940e+06   4.4989014e+01
   8.8325580e+06   7.1649170e+01
   8.8334560e+06   5.4034424e+01
   8.8334790e+06   6.3079834e+01
   8.8412380e+06   3.2373047e+01
   8.8413220e+06   3.9752197e+01
   8.8413680e+06   2.9992676e+01
   8.8414090e+06   6.5460205e+01
   8.8415520e+06   3.6181641e+01
   8.8507710e+06   5.8795166e+01
   8.8508310e+06   2.9992676e+01
   8.8589700e+06   2.9754639e+01
   8.8590130e+06   5.3796387e+01
   8.8590320e+06   4.3084717e+01
   8.8590500e+06   3.1896973e+01
   8.8590740e+06   4.9749756e+01
   8.8710700e+06   5.7604980e+01
   8.8721730e+06   2.9754639e+01
   8.8722360e+06   7.9028320e+01
   8.8722650e+06   3.0230713e+01
   8.8815640e+06   4.4750977e+01
   8.8816650e+06   7.5457764e+01
   8.8816860e+06   4.4989014e+01
   8.8817300e+06   3.3087158e+01
   8.8935480e+06   7.2839355e+01
   8.8938410e+06   3.0230713e+01
   8.8947440e+06   5.8319092e+01
   8.8947650e+06   7.1649170e+01
   8.8947760e+06   2.9754639e+01
   8.8948010e+06   3.4277344e+01
   8.8948220e+06   3.6657715e+01
   8.8948530e+06   5.2844238e+01
   8.8948670e+06   4.3560791e+01
   8.8948830e+06   4.4989014e+01
   8.8949150e+06   3.0230713e+01
   8.8949480e+06   3.1420898e+01
   8.9094350e+06   6.6888428e+01
   8.9094470e+06   3.2135010e+01
   8.9174650e+06   6.6650391e+01
   8.9175160e+06   3.2849121e+01
   8.9175360e+06   5.6652832e+01
   8.9281070e+06   3.2611084e+01
   8.9281300e+06   6.2603760e+01
   8.9282080e+06   4.9035645e+01
   8.9282260e+06   5.6414795e+01
   8.9282830e+06   3.0944824e+01
   8.9407100e+06   2.9992676e+01
   8.9410240e+06   3.1658936e+01
   8.9454380e+06   8.4503174e+01
   8.9454640e+06   4.1656494e+01
   8.9454910e+06   4.4512939e+01
   8.9455050e+06   3.5943604e+01
   8.9455440e+06   3.3801270e+01
   8.9455560e+06   3.7847900e+01
   8.9456010e+06   2.9516602e+01
   8.9456960e+06   3.1896973e+01
   8.9571750e+06   6.5222168e+01
   8.9651300e+06   8.8549805e+01
   8.9651780e+06   3.8323975e+01
   8.9652000e+06   5.3082275e+01
   8.9663160e+06   4.7131348e+01
   8.9734350e+06   7.2125244e+01
   8.9734950e+06   3.4991455e+01
   8.9735110e+06   3.2373047e+01
   8.9735380e+06   2.9992676e+01
   8.9735540e+06   5.2844238e+01
   8.9825940e+06   5.9509277e+01
   8.9826660e+06   5.8319092e+01
   8.9826890e+06   7.7362061e+01
   8.9827680e+06   3.5705566e+01
   8.9925650e+06   6.9268799e+01
   8.9925930e+06   3.2849121e+01
   8.9926240e+06   3.2373047e+01
   8.9926340e+06   4.9749756e+01
   8.9926580e+06   2.9754639e+01
   8.9927060e+06   3.6181641e+01
   8.9927370e+06   3.1896973e+01
   8.9982370e+06   6.2365723e+01
   8.9982930e+06   3.4039307e+01
   8.9983290e+06   5.8081055e+01
   9.0054150e+06   5.9985352e+01
   9.0054450e+06   5.4986572e+01
   9.0054600e+06   4.2846680e+01
   9.0055200e+06   2.9516602e+01
   9.0055510e+06   7.1411133e+01
   9.0055950e+06   3.2135010e+01
   9.0056650e+06   3.5705566e+01
   9.0137100e+06   3.5467529e+01
   9.0137230e+06   4.0942383e+01
   9.0137460e+06   6.3317871e+01
   9.0137650e+06   6.7602539e+01
   9.0137920e+06   6.1889648e+01
   9.0138050e+06   3.2849121e+01
   9.0138630e+06   3.9038086e+01
   9.0139800e+06   3.4277344e+01
   9.0210260e+06   6.6412354e+01
   9.0210420e+06   7.9742432e+01
   9.0210590e+06   4.4036865e+01
   9.0211020e+06   4.8321533e+01
   9.0211210e+06   6.5222168e+01
   9.0211690e+06   3.5467529e+01
   9.0211940e+06   4.8321533e+01
   9.0212360e+06   4.9749756e+01
   9.0212900e+06   4.7369385e+01
   9.0278230e+06   6.2127686e+01
   9.0278370e+06   3.5467529e+01
   9.0278480e+06   4.0942383e+01
   9.0278720e+06   3.1182861e+01
   9.0279010e+06   4.6417236e+01
   9.0279320e+06   5.9985352e+01
   9.0279470e+06   2.9516602e+01
   9.0344730e+06   6.0699463e+01
   9.0344960e+06   3.8562012e+01
   9.0345060e+06   4.4036865e+01
   9.0345380e+06   5.3320313e+01
   9.0345760e+06   3.4039307e+01
   9.0346210e+06   6.4746094e+01
   9.0346650e+06   5.2130127e+01
   9.0347090e+06   3.4515381e+01
   9.0347230e+06   3.9038086e+01
   9.0416910e+06   6.4984131e+01
   9.0417040e+06   6.2365723e+01
   9.0417330e+06   5.6652832e+01
   9.0417460e+06   3.1182861e+01
   9.0417700e+06   5.3320312e+01
   9.0417870e+06   3.7609863e+01
   9.0418230e+06   2.9992676e+01
   9.0418360e+06   3.4515381e+01
   9.0419090e+06   4.6893311e+01
   9.0489180e+06   7.7124023e+01
   9.0489370e+06   4.3322754e+01
   9.0489510e+06   5.9985352e+01
   9.0489790e+06   6.4031982e+01
   9.0489950e+06   5.6652832e+01
   9.0490230e+06   5.3796387e+01
   9.0490440e+06   4.3322754e+01
   9.0490600e+06   4.1656494e+01
   9.0491030e+06   4.7369385e+01
   9.0491550e+06   4.0228271e+01
   9.0492180e+06   4.7369385e+01
   9.0557930e+06   6.9506836e+01
   9.0558110e+06   5.7604980e+01
   9.0558450e+06   4.9035645e+01
   9.0558610e+06   4.7131348e+01
   9.0558850e+06   4.0704346e+01
   9.0559120e+06   3.0468750e+01
   9.0559350e+06   3.1420898e+01
   9.0559940e+06   4.0942383e+01
   9.0560470e+06   3.1420898e+01
   9.0659910e+06   7.2839355e+01
   9.0660210e+06   6.8316650e+01
   9.0660520e+06   5.0463867e+01
   9.0660810e+06   4.1656494e+01
   9.0661370e+06   4.1180420e+01
   9.0664220e+06   3.1182861e+01
   9.0664720e+06   3.1182861e+01
   9.0664970e+06   4.7369385e+01
   9.0735170e+06   5.2606201e+01
   9.0735370e+06   5.7604980e+01
   9.0735620e+06   4.8797607e+01
   9.0735760e+06   6.2603760e+01
   9.0736100e+06   3.4515381e+01
   9.0736540e+06   3.6181641e+01
   9.0736770e+06   3.0944824e+01
   9.0736980e+06   4.1894531e+01
   9.0737490e+06   3.6181641e+01
   9.0824240e+06   9.0454102e+01
   9.0824470e+06   3.9276123e+01
   9.0824610e+06   5.1654053e+01
   9.0824930e+06   5.7366943e+01
   9.0825120e+06   7.0458984e+01
   9.0825710e+06   5.0701904e+01
   9.0826290e+06   4.2846680e+01
   9.0858710e+06   5.9985352e+01
   9.0859120e+06   3.7133789e+01
   9.0859230e+06   4.0466309e+01
   9.0904750e+06   3.1896973e+01
   9.0905110e+06   5.1416016e+01
   9.0905290e+06   4.0466309e+01
   9.0905530e+06   4.5703125e+01
   9.0905650e+06   4.3560791e+01
   9.0905850e+06   4.4036865e+01
   9.0906110e+06   4.3560791e+01
   9.0906530e+06   4.5227051e+01
   9.0907180e+06   4.1418457e+01
   9.0962160e+06   7.4743652e+01
   9.0962400e+06   4.6417236e+01
   9.0962540e+06   4.6417236e+01
   9.0962940e+06   3.0468750e+01
   9.0963190e+06   3.3801270e+01
   9.0963320e+06   3.4515381e+01
   9.0963670e+06   2.9992676e+01
   9.0963810e+06   4.7845459e+01
   9.1015910e+06   4.8321533e+01
   9.1016050e+06   3.3325195e+01
   9.1016270e+06   5.6176758e+01
   9.1016400e+06   4.4036865e+01
   9.1016740e+06   5.9747314e+01
   9.1016890e+06   3.0230713e+01
   9.1017150e+06   3.1182861e+01
   9.1017340e+06   3.4753418e+01
   9.1017670e+06   3.2849121e+01
   9.1070310e+06   5.8557129e+01
   9.1070670e+06   3.9990234e+01
   9.1070840e+06   5.1416016e+01
   9.1071070e+06   4.7369385e+01
   9.1071220e+06   3.6181641e+01
   9.1071500e+06   5.4510498e+01
   9.1071830e+06   3.4753418e+01
   9.1072120e+06   4.4274902e+01
   9.1112310e+06   6.2127686e+01
   9.1112420e+06   3.4991455e+01
   9.1112540e+06   3.6657715e+01
   9.1113290e+06   6.0699463e+01
   9.1113620e+06   2.9516602e+01
   9.1155630e+06   6.1175537e+01
   9.1155920e+06   5.2606201e+01
   9.1156230e+06   6.9268799e+01
   9.1156330e+06   3.5229492e+01
   9.1156760e+06   4.0228271e+01
   9.1157050e+06   3.6419678e+01
   9.1200950e+06   4.3084717e+01
   9.1201060e+06   3.4753418e+01
   9.1201280e+06   5.3796387e+01
   9.1201450e+06   3.1420898e+01
   9.1201810e+06   2.9992676e+01
   9.1201960e+06   4.5703125e+01
   9.1202350e+06   3.0230713e+01
   9.1202900e+06   3.1658936e+01
   9.1247050e+06   7.0458984e+01
   9.1247150e+06   3.5943604e+01
   9.1247450e+06   5.1177979e+01
   9.1247960e+06   5.3796387e+01
   9.1297080e+06   3.1182861e+01
   9.1297180e+06   8.0218506e+01
   9.1297300e+06   4.0228271e+01
   9.1297650e+06   4.9511719e+01
   9.1297900e+06   3.5943604e+01
   9.1298010e+06   5.4748535e+01
   9.1342680e+06   6.3317871e+01
   9.1342780e+06   4.7607422e+01
   9.1342910e+06   3.1896973e+01
   9.1343150e+06   5.8795166e+01
   9.1343390e+06   3.4515381e+01
   9.1344140e+06   3.2135010e+01
   9.1383990e+06   3.4039307e+01
   9.1384160e+06   7.2601318e+01
   9.1384310e+06   4.3798828e+01
   9.1384490e+06   3.0944824e+01
   9.1384950e+06   5.8319092e+01
   9.1385100e+06   3.0230713e+01
   9.1385640e+06   4.1656494e+01
   9.1433780e+06   4.0942383e+01
   9.1434050e+06   5.3082275e+01
   9.1434320e+06   3.0706787e+01
   9.1434490e+06   6.4270020e+01
   9.1434830e+06   3.0230713e+01
   9.1435680e+06   3.0706787e+01
   9.1491320e+06   5.1416016e+01
   9.1491420e+06   6.9744873e+01
   9.1491780e+06   3.8085938e+01
   9.1491920e+06   6.3793945e+01
   9.1546510e+06   3.4991455e+01
   9.1546610e+06   7.8314209e+01
   9.1546820e+06   6.2841797e+01
   9.1547020e+06   5.1892090e+01
   9.1547320e+06   3.9276123e+01
   9.1548010e+06   4.3084717e+01
   9.1548480e+06   2.9754639e+01
   9.1589880e+06   3.4753418e+01
   9.1590000e+06   8.8311768e+01
   9.1590300e+06   4.7131348e+01
   9.1590850e+06   2.9516602e+01
   9.1591620e+06   4.3322754e+01
   9.1652540e+06   6.3555908e+01
   9.1652700e+06   4.7369385e+01
   9.1653000e+06   5.0225830e+01
   9.1653260e+06   3.5229492e+01
   9.1653400e+06   3.3087158e+01
   9.1653510e+06   3.9752197e+01
   9.1653760e+06   3.2135010e+01
   9.1715050e+06   6.5936279e+01
   9.1715180e+06   4.2132568e+01
   9.1715480e+06   3.0944824e+01
   9.1715730e+06   5.7604980e+01
   9.1716340e+06   3.6419678e+01
   9.1781460e+06   2.9992676e+01
   9.1781670e+06   8.9978027e+01
   9.1781880e+06   3.3087158e+01
   9.1782460e+06   5.0939941e+01
   9.1782630e+06   3.6895752e+01
   9.1783000e+06   2.9516602e+01
   9.1847950e+06   3.9038086e+01
   9.1848060e+06   3.9752197e+01
   9.1848510e+06   3.0468750e+01
   9.1848730e+06   5.4034424e+01
   9.1848880e+06   3.3563232e+01
   9.1915960e+06   3.1896973e+01
   9.1916080e+06   7.9028320e+01
   9.1916440e+06   4.4036865e+01
   9.1916730e+06   3.7133789e+01
   9.1916900e+06   3.4277344e+01
   9.1917080e+06   5.5938721e+01
   9.1983330e+06   6.5936279e+01
   9.1983630e+06   3.2135010e+01
   9.1983750e+06   5.3796387e+01
   9.1984000e+06   5.4748535e+01
   9.1984120e+06   3.4277344e+01
   9.2059440e+06   6.9744873e+01
   9.2059560e+06   4.5227051e+01
   9.2059830e+06   3.2135010e+01
   9.2060300e+06   6.1651611e+01
   9.2147290e+06   7.4505615e+01
   9.2147520e+06   6.1413574e+01
   9.2147620e+06   5.5700684e+01
   9.2147910e+06   4.2132568e+01
   9.2148100e+06   3.4991455e+01
   9.2148250e+06   3.0230713e+01
   9.2148670e+06   3.4277344e+01
   9.2149110e+06   2.9992676e+01
   9.2177190e+06   3.3087158e+01
   9.2177460e+06   5.5938721e+01
   9.2177660e+06   3.1182861e+01
   9.2264800e+06   4.1180420e+01
   9.2264970e+06   8.8073730e+01
   9.2265280e+06   3.4277344e+01
   9.2265410e+06   5.0225830e+01
   9.2265610e+06   2.9992676e+01
   9.2266250e+06   2.9516602e+01
   9.2370870e+06   3.3801270e+01
   9.2371020e+06   3.6657715e+01
   9.2371270e+06   6.4270020e+01
   9.2371550e+06   4.1418457e+01
   9.2371670e+06   4.0466309e+01
   9.2454420e+06   3.3325195e+01
   9.2454540e+06   7.3077393e+01
   9.2454930e+06   3.8562012e+01
   9.2455120e+06   4.9987793e+01
   9.2455470e+06   4.0704346e+01
   9.2456310e+06   3.6657715e+01
   9.2580420e+06   3.1896973e+01
   9.2580570e+06   6.5222168e+01
   9.2580990e+06   3.1420898e+01
   9.2581390e+06   3.6181641e+01
   9.2581510e+06   3.3087158e+01
   9.2581840e+06   3.8800049e+01
   9.2582190e+06   2.9992676e+01
   9.2713810e+06   3.1182861e+01
   9.2713930e+06   7.5457764e+01
   9.2714100e+06   3.4039307e+01
   9.2714250e+06   3.8085938e+01
   9.2714430e+06   4.6179199e+01
   9.2714530e+06   4.6417236e+01
   9.2714850e+06   3.1182861e+01
   9.2714980e+06   3.0706787e+01
   9.2715310e+06   2.9992676e+01
   9.2715730e+06   2.9516602e+01
   9.2879660e+06   3.4515381e+01
   9.2879930e+06   8.6169434e+01
   9.2880110e+06   4.3084717e+01
   9.2880270e+06   3.6181641e+01
   9.2880490e+06   3.9276123e+01
   9.2880600e+06   4.5465088e+01
   9.2880720e+06   3.8562012e+01
   9.2881290e+06   3.1896973e+01
   9.2881440e+06   4.1656494e+01
   9.2886240e+06   3.2135010e+01
   9.3034230e+06   3.6181641e+01
   9.3034400e+06   7.9266357e+01
   9.3034640e+06   4.9035645e+01
   9.3034870e+06   5.9985352e+01
   9.3035010e+06   3.0230713e+01
   9.3035140e+06   3.6657715e+01
   9.3035330e+06   3.8085938e+01
   9.3035870e+06   4.6417236e+01
   9.3157560e+06   2.9992676e+01
   9.3157960e+06   3.5943604e+01
   9.3158200e+06   5.4748535e+01
   9.3158330e+06   3.0230713e+01
   9.3158700e+06   3.4753418e+01
   9.3158810e+06   5.9509277e+01
   9.3159040e+06   3.4277344e+01
   9.3159290e+06   3.8323975e+01
   9.3159530e+06   3.4753418e+01
   9.3343700e+06   3.4277344e+01
   9.3343810e+06   3.8800049e+01
   9.3344040e+06   4.2132568e+01
   9.3344190e+06   4.2370605e+01
   9.3344860e+06   3.7371826e+01
   9.3349840e+06   3.4039307e+01
   9.3527620e+06   2.9754639e+01
   9.3527790e+06   3.7847900e+01
   9.3528070e+06   7.2839355e+01
   9.3528180e+06   3.8562012e+01
   9.3528540e+06   3.4515381e+01
   9.3528920e+06   2.9516602e+01
   9.3529070e+06   3.5943604e+01
   9.3529390e+06   5.4986572e+01
   9.3533030e+06   2.9992676e+01
   9.3535790e+06   3.8323975e+01
   9.3717390e+06   5.8557129e+01
   9.3717510e+06   3.4515381e+01
   9.3717840e+06   3.6657715e+01
   9.3718550e+06   3.9276123e+01
   9.3897350e+06   3.7609863e+01
   9.3897580e+06   3.5229492e+01
   9.3897810e+06   3.3801270e+01
   9.3897990e+06   5.5700684e+01
   9.3898090e+06   3.9514160e+01
   9.3898940e+06   4.8321533e+01
   9.3901100e+06   4.1180420e+01
   9.3905580e+06   3.3087158e+01
   9.4075850e+06   3.2373047e+01
   9.4076120e+06   6.9982910e+01
   9.4076730e+06   2.9754639e+01
   9.4077470e+06   4.2132568e+01
   9.4079410e+06   3.1896973e+01
   9.4256290e+06   3.3325195e+01
   9.4256510e+06   3.3801270e+01
   9.4256750e+06   3.3801270e+01
   9.4257410e+06   5.9271240e+01
   9.4257740e+06   2.9516602e+01
   9.4258050e+06   3.1658936e+01
   9.4439910e+06   2.9754639e+01
   9.4440240e+06   4.2370605e+01
   9.4597540e+06   2.9516602e+01
   9.4598050e+06   6.8554688e+01
   9.4598380e+06   3.9514160e+01
   9.4599240e+06   3.6419678e+01
   9.4600470e+06   3.3325195e+01
   9.4601850e+06   3.0944824e+01
   9.4754110e+06   3.1182861e+01
   9.4755020e+06   3.0230713e+01
   9.4755840e+06   3.6419678e+01
   9.4906750e+06   6.1413574e+01
   9.4907680e+06   3.7609863e+01
   9.4908720e+06   4.0704346e+01
   9.5038250e+06   3.3801270e+01
   9.5039550e+06   3.3563232e+01
   9.5039730e+06   3.1420898e+01
   9.5178930e+06   3.1182861e+01
   9.5304640e+06   6.4984131e+01
   9.5306920e+06   3.2373047e+01
   9.5424840e+06   3.3087158e+01
   9.5426770e+06   7.4505615e+01
   9.5693180e+06   3.0944824e+01
   9.5820210e+06   6.5222168e+01
   9.5952920e+06   4.1656494e+01
   9.5954730e+06   3.3563232e+01
   9.5956430e+06   6.5460205e+01
   9.6091190e+06   3.3801270e+01
   9.6120220e+06   3.3563232e+01
   9.6121480e+06   7.6171875e+01
   9.6132020e+06   3.1658936e+01
   9.6132380e+06   3.5705566e+01
   9.6133380e+06   3.1182861e+01
   9.6552650e+06   3.0944824e+01
   9.6555170e+06   2.9754639e+01
   9.6556780e+06   3.1420898e+01
   9.6558020e+06   3.4515381e+01
   9.6564220e+06   3.1420898e+01
   9.6730600e+06   3.0468750e+01
   9.6731540e+06   6.3317871e+01
   9.6731840e+06   3.4039307e+01
   9.6733110e+06   7.4029541e+01
   9.6891700e+06   3.0944824e+01
   9.6892760e+06   7.0697021e+01
   9.6895430e+06   5.7843018e+01
   9.6895660e+06   2.9516602e+01
   9.7028030e+06   3.0468750e+01
   9.7028880e+06   7.7600098e+01
   9.7029830e+06   5.9747314e+01
   9.7242850e+06   3.2849121e+01
   9.7244230e+06   3.0468750e+01
   9.7246910e+06   6.2841797e+01
   9.7249330e+06   2.9754639e+01
   9.7250400e+06   5.9509277e+01
   9.7256500e+06   2.9516602e+01
   9.7259310e+06   4.6655273e+01
   9.7476680e+06   6.4031982e+01
   9.7477650e+06   3.3563232e+01
   9.7480750e+06   3.0706787e+01
   9.7482160e+06   5.9747314e+01
   9.7722970e+06   3.1658936e+01
   9.7723720e+06   6.5222168e+01
   9.7724310e+06   2.9516602e+01
   9.7724610e+06   5.5700684e+01
   9.7726060e+06   3.1420898e+01
   9.7726340e+06   3.0944824e+01
   9.7726900e+06   4.8321533e+01
   9.7878320e+06   9.5690918e+01
   9.7879270e+06   5.8795166e+01
   9.8032380e+06   3.5705566e+01
   9.8033060e+06   5.6414795e+01
   9.8033240e+06   3.2849121e+01
   9.8199730e+06   3.0468750e+01
   9.8199990e+06   5.1654053e+01
   9.8200320e+06   3.1896973e+01
   9.8200630e+06   5.6652832e+01
   9.8200820e+06   3.4991455e+01
   9.8201480e+06   4.1894531e+01
   9.8201580e+06   4.7131348e+01
   9.8352620e+06   3.5467529e+01
   9.8352800e+06   6.4031982e+01
   9.8353300e+06   2.9992676e+01
   9.8353530e+06   4.5703125e+01
   9.8353700e+06   3.2849121e+01
   9.8513120e+06   3.1182861e+01
   9.8513520e+06   5.5700684e+01
   9.8514700e+06   5.9985352e+01
   9.8515690e+06   5.4748535e+01
   9.8518650e+06   3.5705566e+01
   9.8518860e+06   5.4510498e+01
   9.8521660e+06   4.6893311e+01
   9.8522670e+06   4.5465088e+01
   9.8523260e+06   5.3320313e+01
   9.8524130e+06   5.2844238e+01
   9.8524350e+06   2.9992676e+01
   9.8524890e+06   3.4753418e+01
   9.8525180e+06   3.9514160e+01
   9.8526080e+06   3.7133789e+01
   9.8527740e+06   3.2135010e+01
   9.8529090e+06   3.4991455e+01
   9.8529850e+06   4.3084717e+01
   9.8531010e+06   3.1182861e+01
   9.8532140e+06   3.1420898e+01
   9.8533230e+06   3.2135010e+01
   9.8740500e+06   3.1896973e+01
   9.8740640e+06   6.4746094e+01
   9.8890070e+06   3.2373047e+01
   9.8890510e+06   8.3789063e+01
   9.8891150e+06   3.2849121e+01
   9.8894810e+06   3.2135010e+01
   9.8895740e+06   5.2130127e+01
   9.8895970e+06   3.7133789e+01
   9.9055140e+06   3.4039307e+01
   9.9055420e+06   3.2135010e+01
   9.9056080e+06   6.4984131e+01
   9.9056920e+06   5.3558350e+01
   9.9057210e+06   4.9511719e+01
   9.9175990e+06   3.0468750e+01
   9.9176620e+06   7.4029541e+01
   9.9177270e+06   5.4986572e+01
   9.9178080e+06   4.5465088e+01
   9.9178370e+06   5.8795166e+01
   9.9304190e+06   2.9516602e+01
   9.9305370e+06   6.5698242e+01
   9.9305860e+06   3.0706787e+01
   9.9306220e+06   4.6893311e+01
   9.9306570e+06   4.8797607e+01
   9.9436160e+06   6.2841797e+01
   9.9436260e+06   3.6181641e+01
   9.9436910e+06   6.0699463e+01
   9.9437230e+06   3.6419678e+01
   9.9589660e+06   7.3553467e+01
   9.9590560e+06   5.0463867e+01
   9.9782050e+06   6.5936279e+01
   9.9782840e+06   3.3563232e+01
   9.9783610e+06   3.9514160e+01
   9.9928630e+06   5.1654053e+01
   9.9929740e+06   6.5936279e+01
   1.0003764e+07   6.4746094e+01
   1.0003840e+07   5.0225830e+01
   1.0010892e+07   3.3087158e+01
   1.0010997e+07   5.3082275e+01
   1.0011086e+07   3.9514160e+01
   1.0011103e+07   3.0468750e+01
   1.0025369e+07   3.2373047e+01
   1.0025383e+07   6.9506836e+01
   1.0025499e+07   3.0706787e+01
   1.0025511e+07   5.1654053e+01
   1.0025542e+07   6.1889648e+01
   1.0025686e+07   4.3084717e+01
   1.0042178e+07   3.1420898e+01
   1.0042252e+07   5.3558350e+01
   1.0042327e+07   3.3801270e+01
   1.0054027e+07   3.2849121e+01
   1.0054135e+07   6.6888428e+01
   1.0054149e+07   3.1182861e+01
   1.0054178e+07   3.5467529e+01
   1.0054215e+07   5.5224609e+01
   1.0054250e+07   3.9514160e+01
   1.0071032e+07   2.9754639e+01
   1.0071101e+07   3.1896973e+01
   1.0071170e+07   5.6652832e+01
   1.0071227e+07   4.8797607e+01
   1.0083337e+07   2.9516602e+01
   1.0083404e+07   8.1646729e+01
   1.0083439e+07   3.1896973e+01
   1.0083477e+07   6.5698242e+01
   1.0083524e+07   4.0228271e+01
   1.0095857e+07   6.0223389e+01
   1.0095953e+07   6.0937500e+01
   1.0114948e+07   3.1658936e+01
   1.0115003e+07   6.5460205e+01
   1.0115046e+07   3.1420898e+01
   1.0115092e+07   5.2130127e+01
   1.0115171e+07   6.7602539e+01
   1.0127789e+07   3.8800049e+01
   1.0127930e+07   3.0944824e+01
   1.0127961e+07   5.7366943e+01
   1.0128061e+07   4.5227051e+01
   1.0128195e+07   3.4039307e+01
   1.0128270e+07   3.7847900e+01
   1.0143700e+07   3.2849121e+01
   1.0143866e+07   5.9747314e+01
   1.0144001e+07   5.6414795e+01
   1.0144046e+07   4.3560791e+01
   1.0144083e+07   4.8559570e+01
   1.0168591e+07   3.6895752e+01
   1.0168622e+07   6.6650391e+01
   1.0168797e+07   1.1211548e+02
   1.0172754e+07   3.1420898e+01
   1.0190038e+07   2.9992676e+01
   1.0190188e+07   9.3072510e+01
   1.0190493e+07   7.2125244e+01
   1.0191740e+07   3.0230713e+01
   1.0191805e+07   4.2132568e+01
   1.0191823e+07   4.1656494e+01
   1.0191898e+07   2.9516602e+01
   1.0191910e+07   3.8800049e+01
   1.0211527e+07   7.0220947e+01
   1.0211548e+07   3.2373047e+01
   1.0211621e+07   4.9749756e+01
   1.0211667e+07   3.4753418e+01
   1.0211707e+07   5.2844238e+01
   1.0244324e+07   2.9992676e+01
   1.0244362e+07   7.0458984e+01
   1.0244445e+07   6.1651611e+01
   1.0258336e+07   6.9982910e+01
   1.0258444e+07   6.3555908e+01
   1.0258629e+07   3.2611084e+01
   1.0258730e+07   7.4505615e+01
   1.0280574e+07   3.9990234e+01
   1.0280640e+07   6.5936279e+01
   1.0307492e+07   7.4505615e+01
   1.0307547e+07   3.3087158e+01
   1.0325912e+07   3.3325195e+01
   1.0325938e+07   6.9744873e+01
   1.0326048e+07   5.2130127e+01
   1.0326222e+07   6.2841797e+01
   1.0326634e+07   7.8076172e+01
   1.0326774e+07   5.3796387e+01
   1.0345911e+07   3.1182861e+01
   1.0345980e+07   5.4510498e+01
   1.0346067e+07   6.4508057e+01
   1.0346143e+07   5.2368164e+01
   1.0371827e+07   3.1182861e+01
   1.0371911e+07   2.9754639e+01
   1.0371999e+07   6.4031982e+01
   1.0387434e+07   2.9754639e+01
   1.0404685e+07   3.2373047e+01
   1.0413576e+07   3.1658936e+01
   1.0422190e+07   3.2611084e+01
   1.0422334e+07   8.2836914e+01
   1.0422432e+07   7.2839355e+01
   1.0440449e+07   2.9992676e+01
   1.0440607e+07   6.3555908e+01
   1.0440622e+07   3.0944824e+01
   1.0440910e+07   3.1896973e+01
   1.0462184e+07   3.6181641e+01
   1.0462267e+07   3.2373047e+01
   1.0462281e+07   6.3555908e+01
   1.0462432e+07   5.8795166e+01
   1.0480711e+07   3.1896973e+01
   1.0480803e+07   5.9747314e+01
   1.0480835e+07   3.0230713e+01
   1.0495164e+07   3.0944824e+01
   1.0495183e+07   8.6645508e+01
   1.0495251e+07   6.4031982e+01
   1.0495307e+07   3.0706787e+01
   1.0495361e+07   5.6890869e+01
   1.0521421e+07   2.9992676e+01
   1.0521483e+07   3.0230713e+01
   1.0521501e+07   7.5457764e+01
   1.0521619e+07   6.2603760e+01
   1.0521738e+07   5.7604980e+01
   1.0568396e+07   3.3325195e+01
   1.0568561e+07   3.1420898e+01
   1.0568807e+07   6.3555908e+01
   1.0593227e+07   7.1887207e+01
   1.0593377e+07   7.6171875e+01
   1.0594061e+07   2.9992676e+01
   1.0608790e+07   6.5222168e+01
   1.0608923e+07   5.9033203e+01
   1.0623834e+07   7.3077393e+01
   1.0623931e+07   5.7604980e+01
   1.0624024e+07   3.0706787e+01
   1.0624222e+07   6.5222168e+01
   1.0640841e+07   3.2373047e+01
   1.0653127e+07   8.3074951e+01
   1.0653312e+07   3.1420898e+01
   1.0653367e+07   6.3555908e+01
   1.0668475e+07   7.2363281e+01
   1.0668622e+07   7.0458984e+01
   1.0702103e+07   3.2611084e+01
   1.0702160e+07   6.0461426e+01
   1.0702195e+07   3.1420898e+01
   1.0702290e+07   5.3320313e+01
   1.0702322e+07   5.1654053e+01
   1.0710759e+07   2.9992676e+01
   1.0710822e+07   6.1175537e+01
   1.0710848e+07   4.4750977e+01
   1.0710894e+07   5.7128906e+01
   1.0728182e+07   6.7840576e+01
   1.0728214e+07   5.0463867e+01
   1.0728341e+07   6.3555908e+01
   1.0736925e+07   3.0468750e+01
   1.0736954e+07   3.3325195e+01
   1.0736971e+07   5.2606201e+01
   1.0737042e+07   3.8323975e+01
   1.0737153e+07   3.1182861e+01
   1.0748852e+07   6.2841797e+01
   1.0763248e+07   3.0468750e+01
   1.0763367e+07   8.9501953e+01
   1.0772123e+07   6.1175537e+01
   1.0786623e+07   3.0706787e+01
   1.0786675e+07   4.3322754e+01
   1.0797347e+07   3.1182861e+01
   1.0797448e+07   5.6652832e+01
   1.0816896e+07   3.4039307e+01
   1.0816964e+07   7.6647949e+01
   1.0817014e+07   5.0463867e+01
   1.0836539e+07   3.9752197e+01
   1.0846530e+07   3.7847900e+01
   1.0846647e+07   2.9754639e+01
   1.0854650e+07   3.0468750e+01
   1.0871748e+07   6.4984131e+01
   1.0871784e+07   2.9992676e+01
   1.0880469e+07   2.9754639e+01
   1.0889378e+07   6.7364502e+01
   1.0900809e+07   3.1182861e+01
   1.0900915e+07   4.1418457e+01
   1.0901089e+07   6.2127686e+01
   1.0901130e+07   2.9516602e+01
   1.0910117e+07   6.9744873e+01
   1.0921294e+07   3.0468750e+01
   1.0921689e+07   3.1182861e+01
   1.0921745e+07   4.9273682e+01
   1.0949147e+07   3.3325195e+01
   1.0956011e+07   3.1896973e+01
   1.0973720e+07   6.4031982e+01
   1.0997145e+07   5.8081055e+01
   1.0998913e+07   3.5467529e+01
   1.1014336e+07   2.9992676e+01
   1.1022605e+07   3.2373047e+01
   1.1039045e+07   3.1896973e+01
   1.1039078e+07   2.9754639e+01
   1.1039164e+07   5.8081055e+01
   1.1039194e+07   5.8557129e+01
   1.1047414e+07   3.6419678e+01
   1.1047542e+07   5.6652832e+01
   1.1064753e+07   2.9754639e+01
   1.1096848e+07   3.4277344e+01
   1.1096871e+07   5.6176758e+01
   1.1096881e+07   3.4515381e+01
   1.1126159e+07   4.5227051e+01
   1.1134289e+07   7.4267578e+01
   1.1134299e+07   3.3563232e+01
   1.1134354e+07   3.8085938e+01
   1.1143952e+07   2.9992676e+01
   1.1171444e+07   4.8797607e+01
   1.1193121e+07   3.3325195e+01
   1.1211400e+07   3.0468750e+01
   1.1218281e+07   3.1420898e+01
   1.1270432e+07   3.0944824e+01
   1.1286688e+07   3.6181641e+01
   1.1286721e+07   3.1896973e+01
   1.1294098e+07   3.0706787e+01
   1.1316227e+07   3.0706787e+01
   1.1323896e+07   3.1182861e+01
   1.1332371e+07   4.1894531e+01
   1.1338576e+07   5.0463867e+01
   1.1338618e+07   3.0468750e+01
   1.1364529e+07   2.9754639e+01
   1.1372522e+07   7.4743652e+01
   1.1380186e+07   2.9516602e+01
   1.1387720e+07   3.1658936e+01
   1.1387836e+07   2.9992676e+01
   1.1395231e+07   2.9516602e+01
   1.1410264e+07   6.0223389e+01
   1.1418387e+07   2.9516602e+01
   1.1418449e+07   3.2373047e+01
   1.1418551e+07   3.0468750e+01
   1.1418892e+07   2.9754639e+01
   1.1425885e+07   3.2135010e+01
   1.1425944e+07   7.9504395e+01
   1.1434907e+07   3.8562012e+01
   1.1434983e+07   4.8321533e+01
   1.1449252e+07   6.0937500e+01
   1.1449277e+07   3.7371826e+01
   1.1454481e+07   2.9992676e+01
   1.1455282e+07   3.0468750e+01
   1.1463004e+07   3.5943604e+01
   1.1471189e+07   3.0230713e+01
   1.1478759e+07   6.3793945e+01
   1.1487412e+07   3.0468750e+01
   1.1494145e+07   3.6419678e+01
   1.1524833e+07   3.0230713e+01
   1.1524858e+07   6.7602539e+01
   1.1540916e+07   5.5700684e+01
   1.1543171e+07   4.4036865e+01
   1.1552879e+07   3.0944824e+01
   1.1582222e+07   3.1658936e+01
   1.1588402e+07   6.3317871e+01
   1.1588422e+07   3.0706787e+01
   1.1596205e+07   6.4031982e+01
   1.1611831e+07   2.9992676e+01
   1.1611906e+07   6.3793945e+01
   1.1626982e+07   3.5467529e+01
   1.1627137e+07   3.5943604e+01
   1.1627605e+07   2.9754639e+01
   1.1641929e+07   3.0468750e+01
   1.1651049e+07   3.4515381e+01
   1.1659972e+07   3.2135010e+01
   1.1684319e+07   3.2849121e+01
   1.1692465e+07   3.1420898e+01
   1.1700328e+07   3.0944824e+01
   1.1700905e+07   5.3082275e+01
   1.1724824e+07   6.9030762e+01
   1.1732951e+07   2.9516602e+01
   1.1757962e+07   2.9754639e+01
   1.1782856e+07   6.4984131e+01
   1.1782891e+07   3.2135010e+01
   1.1812365e+07   3.6181641e+01
   1.1812399e+07   3.3563232e+01
   1.1812420e+07   6.8792725e+01
   1.1812450e+07   3.4039307e+01
   1.1822240e+07   3.2849121e+01
   1.1845959e+07   3.3801270e+01
   1.1846150e+07   2.9992676e+01
   1.1854526e+07   3.0468750e+01
   1.1875415e+07   3.0468750e+01
   1.1885571e+07   8.2836914e+01
   1.1894339e+07   3.0468750e+01
   1.1911432e+07   2.9754639e+01
   1.1925046e+07   2.9754639e+01
   1.1940577e+07   6.5936279e+01
   1.1947616e+07   7.6409912e+01
   1.1947644e+07   3.0944824e+01
   1.1955751e+07   2.9516602e+01
   1.1955774e+07   6.4508057e+01
   1.1955860e+07   2.9992676e+01
   1.1990926e+07   3.0230713e+01
   1.1990980e+07   2.9754639e+01
   1.1991059e+07   5.1177979e+01
