   1.1999000e+07   0.0000000e+00
   2.4789830e+06   3.6181641e+01
   3.4149260e+06   3.5229492e+01
   3.8933760e+06   3.6657715e+01
   4.5887080e+06   4.5227051e+01
   7.8552630e+06   3.5705566e+01
   8.3421000e+06   3.5229492e+01
   8.6391320e+06   3.6657715e+01
   8.7567740e+06   3.5943604e+01
   8.7686080e+06   4.1894531e+01
   8.8098760e+06   3.8323975e+01
   8.8334850e+06   3.8562012e+01
   8.8947960e+06   3.8085938e+01
   8.8949360e+06   3.8085937e+01
   9.0054140e+06   3.5943604e+01
   9.0138270e+06   3.5229492e+01
   9.1155900e+06   3.5229492e+01
