   1.1999000e+07   0.0000000e+00
   9.3000000e+01   3.2611084e+01
   4.1311000e+04   3.6181641e+01
   4.1330000e+04   3.8562012e+01
   4.1413000e+04   3.3801270e+01
   1.4716300e+05   3.2135010e+01
   1.6323200e+05   3.2135010e+01
   1.6424300e+05   3.2611084e+01
   1.6438600e+05   3.4991455e+01
   1.6458000e+05   4.2608643e+01
   1.8285200e+05   3.2373047e+01
   1.8291300e+05   3.6181641e+01
   2.1842000e+05   3.1896973e+01
   2.5976800e+05   3.3325195e+01
   2.6015400e+05   3.4515381e+01
   2.9859100e+05   3.3325195e+01
   2.9870600e+05   4.0704346e+01
   2.9876500e+05   3.7609863e+01
   3.1138700e+05   4.2370605e+01
   3.2704000e+05   3.8323975e+01
   3.2827500e+05   3.4753418e+01
   3.2953100e+05   3.3563232e+01
   3.3375800e+05   3.1896973e+01
   3.4973100e+05   4.5941162e+01
   3.6133200e+05   3.2611084e+01
   3.6143300e+05   3.3087158e+01
   3.7089200e+05   3.8562012e+01
   3.7091400e+05   3.2135010e+01
   3.7178500e+05   3.2373047e+01
   3.7195700e+05   3.2135010e+01
   3.7623700e+05   3.5229492e+01
   3.7673300e+05   3.2135010e+01
   3.9537600e+05   3.3087158e+01
   3.9544900e+05   3.2135010e+01
   3.9555500e+05   3.4753418e+01
   3.9562800e+05   4.3798828e+01
   4.2830800e+05   3.3325195e+01
   4.2861700e+05   4.3084717e+01
   4.2867900e+05   3.3563232e+01
   4.2880100e+05   3.2135010e+01
   4.2885900e+05   4.3084717e+01
   4.2943100e+05   3.4277344e+01
   4.3231700e+05   3.2135010e+01
   4.3276200e+05   3.4277344e+01
   4.3574400e+05   3.2849121e+01
   4.5667400e+05   3.1896973e+01
   4.5669900e+05   3.2135010e+01
   4.5674300e+05   3.2611084e+01
   4.6087100e+05   3.6181641e+01
   4.7389100e+05   3.3801270e+01
   4.7393200e+05   3.3801270e+01
   4.8429300e+05   3.5705566e+01
   4.8444200e+05   3.1896973e+01
   4.9008700e+05   3.2611084e+01
   5.0181900e+05   4.8797607e+01
   5.0210500e+05   3.2373047e+01
   5.0305400e+05   3.5467529e+01
   5.0349300e+05   3.3801270e+01
   5.0380200e+05   3.6181641e+01
   5.2278000e+05   3.4515381e+01
   5.3407600e+05   3.2611084e+01
   5.3496600e+05   3.1896973e+01
   5.6600800e+05   3.3801270e+01
   5.7952000e+05   3.5229492e+01
   5.9426300e+05   3.2611084e+01
   5.9821400e+05   3.5705566e+01
   6.1580700e+05   3.3325195e+01
   6.1707200e+05   3.2373047e+01
   6.1990300e+05   4.6893311e+01
   6.3307100e+05   3.8085938e+01
   6.5776600e+05   3.5705566e+01
   6.5782000e+05   3.7847900e+01
   6.5788400e+05   3.8323975e+01
   7.1347100e+05   3.2135010e+01
   7.1507300e+05   3.2611084e+01
   7.1696700e+05   3.6419678e+01
   7.4014600e+05   3.4277344e+01
   7.6391000e+05   3.4515381e+01
   7.8242000e+05   3.2849121e+01
   7.8341800e+05   3.3087158e+01
   7.9833500e+05   3.2611084e+01
   8.4036600e+05   3.2611084e+01
   8.5479200e+05   3.2135010e+01
   8.6219600e+05   3.2611084e+01
   8.7504700e+05   3.5705566e+01
   8.7905000e+05   3.4277344e+01
   8.9561600e+05   3.8323975e+01
   9.1290400e+05   3.4753418e+01
   9.3201900e+05   3.5467529e+01
   9.5816300e+05   3.1896973e+01
   9.6120400e+05   3.3087158e+01
   9.7531800e+05   4.6179199e+01
   9.8473800e+05   3.3325195e+01
   1.0388820e+06   3.3325195e+01
   1.0684610e+06   3.4039307e+01
   1.0778060e+06   3.4515381e+01
   1.1189430e+06   3.3087158e+01
   1.1471300e+06   3.9752197e+01
   1.1471930e+06   4.5703125e+01
   1.1777520e+06   3.9514160e+01
   1.1779170e+06   3.5467529e+01
   1.1780440e+06   3.3801270e+01
   1.1926660e+06   3.9514160e+01
   1.1928060e+06   3.6895752e+01
   1.1929560e+06   3.8800049e+01
   1.1931620e+06   3.4515381e+01
   1.2172330e+06   3.2849121e+01
   1.2177260e+06   3.9752197e+01
   1.2177930e+06   3.4753418e+01
   1.2834430e+06   3.9514160e+01
   1.2845490e+06   3.6419678e+01
   1.2851080e+06   3.2373047e+01
   1.2933220e+06   3.2373047e+01
   1.3043910e+06   3.6895752e+01
   1.3048060e+06   3.6657715e+01
   1.3140910e+06   4.0704346e+01
   1.3505300e+06   3.2373047e+01
   1.3556940e+06   3.2849121e+01
   1.3803650e+06   3.1896973e+01
   1.4147240e+06   3.3087158e+01
   1.4148710e+06   3.4039307e+01
   1.4152840e+06   4.0942383e+01
   1.4347000e+06   3.3325195e+01
   1.4476320e+06   3.1896973e+01
   1.4875370e+06   3.3325195e+01
   1.5334310e+06   3.1896973e+01
   1.5358110e+06   3.3325195e+01
   1.5607690e+06   3.6181641e+01
   1.5877220e+06   3.4753418e+01
   1.5886290e+06   3.2373047e+01
   1.6322500e+06   4.0466309e+01
   1.6323400e+06   3.5229492e+01
   1.6357870e+06   3.7609863e+01
   1.6373540e+06   3.3087158e+01
   1.6546020e+06   3.8562012e+01
   1.6592840e+06   3.3325195e+01
   1.6593330e+06   3.3801270e+01
   1.6697510e+06   3.2849121e+01
   1.6699100e+06   4.1656494e+01
   1.6929470e+06   3.4515381e+01
   1.7126480e+06   3.6181641e+01
   1.7334160e+06   3.4039307e+01
   1.7336650e+06   3.2849121e+01
   1.7362820e+06   3.7609863e+01
   1.7364820e+06   3.3801270e+01
   1.7367250e+06   3.1896973e+01
   1.7423780e+06   3.4039307e+01
   1.7424880e+06   3.2373047e+01
   1.7564090e+06   3.3801270e+01
   1.7634640e+06   3.2611084e+01
   1.7839470e+06   3.4277344e+01
   1.8334300e+06   3.4039307e+01
   1.8508560e+06   3.7133789e+01
   1.8664970e+06   3.2373047e+01
   1.8758080e+06   3.7371826e+01
   1.8758290e+06   3.3801270e+01
   1.8762290e+06   3.5943604e+01
   1.8858920e+06   3.3087158e+01
   1.9160270e+06   3.4277344e+01
   1.9339740e+06   3.2611084e+01
   1.9380050e+06   3.1896973e+01
   1.9402500e+06   3.2611084e+01
   1.9407380e+06   3.7609863e+01
   1.9577090e+06   3.2611084e+01
   1.9806510e+06   3.7609863e+01
   1.9818340e+06   3.3087158e+01
   1.9821540e+06   3.1896973e+01
   1.9836770e+06   3.7609863e+01
   2.0003520e+06   3.3087158e+01
   2.0080330e+06   3.4515381e+01
   2.0191440e+06   3.6657715e+01
   2.0212920e+06   3.2373047e+01
   2.0303470e+06   4.6893311e+01
   2.0318260e+06   3.4039307e+01
   2.0507630e+06   3.3087158e+01
   2.0668520e+06   4.1418457e+01
   2.0675030e+06   3.4039307e+01
   2.0781790e+06   3.3325195e+01
   2.0797870e+06   3.2135010e+01
   2.1243390e+06   3.4277344e+01
   2.1272860e+06   3.2135010e+01
   2.1456260e+06   3.6657715e+01
   2.1457380e+06   3.7133789e+01
   2.1460140e+06   3.3801270e+01
   2.1639280e+06   3.1896973e+01
   2.1874470e+06   3.8085938e+01
   2.1878000e+06   3.8323975e+01
   2.1904020e+06   3.2849121e+01
   2.2129050e+06   3.5943604e+01
   2.2129680e+06   3.3087158e+01
   2.2265390e+06   3.3801270e+01
   2.2303860e+06   3.1896973e+01
   2.2499580e+06   3.4753418e+01
   2.2508840e+06   3.4515381e+01
   2.2594190e+06   4.2370605e+01
   2.2860390e+06   3.2135010e+01
   2.3019680e+06   3.6419678e+01
   2.3020450e+06   4.3798828e+01
   2.3113980e+06   3.2611084e+01
   2.3127820e+06   3.2373047e+01
   2.3129260e+06   3.1896973e+01
   2.3131300e+06   3.7371826e+01
   2.3131590e+06   3.4515381e+01
   2.3131840e+06   3.5943604e+01
   2.3152290e+06   3.2611084e+01
   2.3348480e+06   3.2135010e+01
   2.3355620e+06   3.5467529e+01
   2.3565470e+06   3.4991455e+01
   2.3566360e+06   3.4515381e+01
   2.4083700e+06   3.2373047e+01
   2.4200580e+06   3.4039307e+01
   2.4789930e+06   3.2373047e+01
   2.5040860e+06   3.4753418e+01
   2.5091790e+06   4.0704346e+01
   2.5092790e+06   3.2135010e+01
   2.5280830e+06   3.7371826e+01
   2.5409910e+06   3.2611084e+01
   2.5567560e+06   3.2135010e+01
   2.5691300e+06   3.9990234e+01
   2.5691930e+06   3.3325195e+01
   2.5833180e+06   3.9990234e+01
   2.5973230e+06   3.3801270e+01
   2.6172880e+06   3.6419678e+01
   2.6174060e+06   3.3563232e+01
   2.6548110e+06   3.4753418e+01
   2.6793920e+06   3.3801270e+01
   2.6812270e+06   3.4039307e+01
   2.6914860e+06   4.1418457e+01
   2.6915110e+06   3.2373047e+01
   2.6916000e+06   3.1896973e+01
   2.6917920e+06   3.2373047e+01
   2.7093630e+06   3.4753418e+01
   2.7095050e+06   3.2611084e+01
   2.7095980e+06   3.8323975e+01
   2.7102910e+06   3.2611084e+01
   2.7110200e+06   3.4277344e+01
   2.7111670e+06   3.4039307e+01
   2.7114200e+06   3.4039307e+01
   2.7115780e+06   3.4753418e+01
   2.7131850e+06   3.2373047e+01
   2.7144910e+06   3.4991455e+01
   2.7157780e+06   3.1896973e+01
   2.7349760e+06   3.4277344e+01
   2.7452470e+06   3.2849121e+01
   2.7453830e+06   3.4753418e+01
   2.7454130e+06   3.6419678e+01
   2.7455560e+06   3.1896973e+01
   2.7458970e+06   4.1180420e+01
   2.7463190e+06   3.7371826e+01
   2.7467080e+06   3.2135010e+01
   2.7471070e+06   3.3087158e+01
   2.7654430e+06   3.3087158e+01
   2.7657690e+06   3.1896973e+01
   2.7658150e+06   3.4515381e+01
   2.7658970e+06   3.6419678e+01
   2.7665500e+06   4.5465088e+01
   2.7672760e+06   3.4753418e+01
   2.7844440e+06   3.1896973e+01
   2.7892410e+06   3.6657715e+01
   2.7972350e+06   3.7847900e+01
   2.8046490e+06   3.4515381e+01
   2.8052150e+06   3.2373047e+01
   2.8176900e+06   3.5229492e+01
   2.8274100e+06   3.9514160e+01
   2.8274290e+06   3.3563232e+01
   2.8275830e+06   3.1896973e+01
   2.8277250e+06   3.3563232e+01
   2.8278350e+06   3.6181641e+01
   2.8467130e+06   3.2135010e+01
   2.8470460e+06   3.9514160e+01
   2.8475320e+06   3.6181641e+01
   2.8620290e+06   3.5943604e+01
   2.8620470e+06   3.5467529e+01
   2.8620860e+06   3.4039307e+01
   2.8792510e+06   3.4277344e+01
   2.8804570e+06   3.2849121e+01
   2.8927350e+06   3.2135010e+01
   2.8933010e+06   3.8562012e+01
   2.9234900e+06   3.8085938e+01
   2.9239940e+06   3.7609863e+01
   2.9240330e+06   3.4277344e+01
   2.9241500e+06   3.1896973e+01
   2.9242330e+06   3.2611084e+01
   2.9311190e+06   3.2611084e+01
   2.9373840e+06   3.7133789e+01
   2.9477830e+06   3.3801270e+01
   2.9478870e+06   3.3801270e+01
   2.9482630e+06   3.4039307e+01
   2.9488630e+06   3.2373047e+01
   2.9745300e+06   3.2135010e+01
   2.9908300e+06   3.9276123e+01
   2.9909750e+06   3.2611084e+01
   3.0043020e+06   3.2135010e+01
   3.0047680e+06   3.3801270e+01
   3.0260900e+06   3.6419678e+01
   3.0564550e+06   3.3087158e+01
   3.0566430e+06   3.5705566e+01
   3.0570210e+06   3.6181641e+01
   3.0570560e+06   3.6419678e+01
   3.0781540e+06   3.2373047e+01
   3.0989320e+06   3.6419678e+01
   3.0994470e+06   4.7369385e+01
   3.0996690e+06   3.6895752e+01
   3.1111940e+06   3.6181641e+01
   3.1126280e+06   3.6895752e+01
   3.1275740e+06   4.8083496e+01
   3.1579840e+06   3.7371826e+01
   3.1764640e+06   3.5467529e+01
   3.1847360e+06   3.7133789e+01
   3.1847950e+06   3.2611084e+01
   3.1862680e+06   3.3087158e+01
   3.1917720e+06   3.2849121e+01
   3.2190770e+06   3.2135010e+01
   3.2200600e+06   3.6181641e+01
   3.2563490e+06   3.2135010e+01
   3.2831840e+06   3.2849121e+01
   3.3107960e+06   3.4753418e+01
   3.3229120e+06   3.5229492e+01
   3.3229520e+06   3.4277344e+01
   3.3230170e+06   3.5467529e+01
   3.3530250e+06   3.3087158e+01
   3.3661690e+06   3.3563232e+01
   3.3814730e+06   3.5229492e+01
   3.3925260e+06   3.4515381e+01
   3.3926870e+06   3.2373047e+01
   3.4099370e+06   3.2135010e+01
   3.4152340e+06   3.5229492e+01
   3.4267910e+06   3.4515381e+01
   3.4345110e+06   3.2373047e+01
   3.4370150e+06   3.5467529e+01
   3.4371310e+06   3.2611084e+01
   3.4655930e+06   3.4277344e+01
   3.5038560e+06   3.5705566e+01
   3.5077660e+06   3.2373047e+01
   3.5147630e+06   3.8800049e+01
   3.5323820e+06   3.4753418e+01
   3.5366840e+06   3.1896973e+01
   3.5616810e+06   3.5705566e+01
   3.5690780e+06   3.2373047e+01
   3.5794240e+06   3.4039307e+01
   3.6600480e+06   3.8323975e+01
   3.6993560e+06   3.3325195e+01
   3.7013720e+06   3.1896973e+01
   3.7501690e+06   3.2611084e+01
   3.7687440e+06   3.9752197e+01
   3.7689240e+06   3.3801270e+01
   3.7705420e+06   5.2606201e+01
   3.7797220e+06   3.2611084e+01
   3.7901260e+06   3.4039307e+01
   3.8397330e+06   3.4277344e+01
   3.8403810e+06   3.2611084e+01
   3.8657970e+06   3.4277344e+01
   3.8685070e+06   3.3325195e+01
   3.8934450e+06   3.6181641e+01
   3.9078960e+06   3.1896973e+01
   3.9384790e+06   3.5943604e+01
   3.9733810e+06   3.7609863e+01
   3.9734300e+06   3.7133789e+01
   3.9843410e+06   3.4753418e+01
   3.9936970e+06   3.4753418e+01
   4.0100380e+06   3.2849121e+01
   4.0184080e+06   3.2611084e+01
   4.0184380e+06   3.9276123e+01
   4.0318090e+06   3.7133789e+01
   4.0532430e+06   3.5229492e+01
   4.0880430e+06   3.4277344e+01
   4.0942520e+06   3.4753418e+01
   4.1108680e+06   3.3087158e+01
   4.1109100e+06   4.1418457e+01
   4.1109970e+06   4.2370605e+01
   4.1110300e+06   3.7133789e+01
   4.1112750e+06   3.3325195e+01
   4.1115330e+06   3.2373047e+01
   4.1422110e+06   3.8562012e+01
   4.1431770e+06   3.6419678e+01
   4.1434170e+06   3.5943604e+01
   4.1475130e+06   3.1896973e+01
   4.1592190e+06   3.5229492e+01
   4.1593160e+06   3.7847900e+01
   4.1594620e+06   3.4753418e+01
   4.1598170e+06   3.2135010e+01
   4.1598620e+06   3.3325195e+01
   4.1606560e+06   3.2611084e+01
   4.1728340e+06   3.3087158e+01
   4.1740680e+06   3.2135010e+01
   4.1844570e+06   3.3325195e+01
   4.1846960e+06   3.2135010e+01
   4.1847460e+06   3.3801270e+01
   4.1990730e+06   3.6419678e+01
   4.1992890e+06   3.3325195e+01
   4.1995130e+06   3.3563232e+01
   4.1996020e+06   3.7847900e+01
   4.2003140e+06   3.3087158e+01
   4.2131320e+06   3.6657715e+01
   4.2284750e+06   3.4753418e+01
   4.2284920e+06   3.5229492e+01
   4.2285430e+06   3.5705566e+01
   4.2285950e+06   3.3801270e+01
   4.2291860e+06   3.3801270e+01
   4.2422730e+06   3.4277344e+01
   4.2423540e+06   3.7133789e+01
   4.2425320e+06   3.1896973e+01
   4.2426760e+06   3.2849121e+01
   4.2426860e+06   3.5705566e+01
   4.2438570e+06   3.1896973e+01
   4.2550080e+06   3.5943604e+01
   4.2551590e+06   3.2373047e+01
   4.2552760e+06   3.7847900e+01
   4.2555250e+06   3.3801270e+01
   4.2686940e+06   3.3087158e+01
   4.2689850e+06   3.2611084e+01
   4.2690460e+06   3.7133789e+01
   4.2692590e+06   3.3563232e+01
   4.2826010e+06   3.9990234e+01
   4.2827800e+06   3.4039307e+01
   4.2828580e+06   3.8085938e+01
   4.2925500e+06   4.6179199e+01
   4.2926110e+06   3.3801270e+01
   4.2928130e+06   3.4039307e+01
   4.2929020e+06   3.2135010e+01
   4.3162050e+06   3.2373047e+01
   4.3165040e+06   3.4753418e+01
   4.3166120e+06   3.2373047e+01
   4.3166600e+06   3.5943604e+01
   4.3380240e+06   3.1896973e+01
   4.3382240e+06   3.3563232e+01
   4.3383340e+06   3.2611084e+01
   4.3384980e+06   3.1896973e+01
   4.3542380e+06   3.9038086e+01
   4.3542950e+06   3.6181641e+01
   4.3547880e+06   3.4753418e+01
   4.3560930e+06   3.1896973e+01
   4.3838040e+06   3.6657715e+01
   4.3838230e+06   3.3325195e+01
   4.3838780e+06   3.3087158e+01
   4.3846300e+06   3.3801270e+01
   4.3985320e+06   3.2611084e+01
   4.4325160e+06   3.7847900e+01
   4.4325630e+06   3.3325195e+01
   4.4524500e+06   3.7371826e+01
   4.4548010e+06   3.2849121e+01
   4.4748920e+06   3.4039307e+01
   4.4751110e+06   3.4753418e+01
   4.4753190e+06   3.1896973e+01
   4.5044490e+06   3.5229492e+01
   4.5158480e+06   3.4039307e+01
   4.5238810e+06   3.4277344e+01
   4.5435550e+06   3.4991455e+01
   4.5630940e+06   3.9514160e+01
   4.5631690e+06   3.4277344e+01
   4.5632120e+06   3.2611084e+01
   4.5741540e+06   3.4753418e+01
   4.5887500e+06   3.3325195e+01
   4.5888280e+06   3.4515381e+01
   4.6125030e+06   3.3087158e+01
   4.6243380e+06   3.4991455e+01
   4.6243940e+06   3.2135010e+01
   4.6244380e+06   3.2849121e+01
   4.6331860e+06   3.8562012e+01
   4.6332200e+06   3.4515381e+01
   4.6332580e+06   3.2849121e+01
   4.6518330e+06   3.1896973e+01
   4.6656340e+06   3.2373047e+01
   4.6657300e+06   3.5943604e+01
   4.6657670e+06   3.6657715e+01
   4.6805940e+06   3.2611084e+01
   4.6923940e+06   4.5703125e+01
   4.6924840e+06   3.4277344e+01
   4.7097760e+06   3.5705566e+01
   4.7261850e+06   3.9038086e+01
   4.7262430e+06   3.2135010e+01
   4.7590640e+06   3.2611084e+01
   4.7590960e+06   3.4277344e+01
   4.7595540e+06   3.2849121e+01
   4.7953560e+06   3.2373047e+01
   4.7953800e+06   3.3087158e+01
   4.7954370e+06   3.4991455e+01
   4.8000750e+06   3.5943604e+01
   4.8001940e+06   3.3325195e+01
   4.8002400e+06   3.1896973e+01
   4.8279680e+06   5.1177979e+01
   4.8280160e+06   3.2135010e+01
   4.8280860e+06   3.4039307e+01
   4.8281490e+06   3.3563232e+01
   4.8283920e+06   3.2849121e+01
   4.8285080e+06   3.3087158e+01
   4.8300490e+06   3.2373047e+01
   4.8302800e+06   3.2135010e+01
   4.8618410e+06   3.6657715e+01
   4.8618550e+06   3.2135010e+01
   4.8619370e+06   3.3801270e+01
   4.8696090e+06   4.4274902e+01
   4.8696700e+06   3.2611084e+01
   4.8697630e+06   3.2135010e+01
   4.8701120e+06   3.2135010e+01
   4.8934210e+06   3.3325195e+01
   4.8934670e+06   3.4039307e+01
   4.8935110e+06   3.8800049e+01
   4.8935240e+06   3.6419678e+01
   4.8936090e+06   3.4277344e+01
   4.8936300e+06   3.4515381e+01
   4.8973280e+06   3.2849121e+01
   4.8998830e+06   3.1896973e+01
   4.9000440e+06   3.2135010e+01
   4.9218330e+06   3.4515381e+01
   4.9219590e+06   3.4753418e+01
   4.9219840e+06   3.2611084e+01
   4.9224790e+06   3.7847900e+01
   4.9226160e+06   3.6657715e+01
   4.9261410e+06   3.3087158e+01
   4.9457440e+06   4.2132568e+01
   4.9458230e+06   3.3563232e+01
   4.9458400e+06   3.9276123e+01
   4.9459190e+06   4.1180420e+01
   4.9461940e+06   3.4753418e+01
   4.9660560e+06   3.5229492e+01
   4.9661340e+06   3.6895752e+01
   4.9662120e+06   3.4277344e+01
   4.9662220e+06   3.2373047e+01
   4.9665020e+06   3.4039307e+01
   4.9682940e+06   3.2611084e+01
   4.9700630e+06   3.2373047e+01
   4.9715170e+06   3.6895752e+01
   4.9715380e+06   3.1896973e+01
   4.9715700e+06   3.2611084e+01
   4.9814150e+06   3.2849121e+01
   4.9814950e+06   4.2608643e+01
   4.9816420e+06   3.2135010e+01
   4.9852440e+06   3.2373047e+01
   4.9860620e+06   3.2849121e+01
   4.9910160e+06   3.8323975e+01
   4.9912930e+06   3.3325195e+01
   4.9947690e+06   3.5467529e+01
   5.0024580e+06   3.6181641e+01
   5.0025760e+06   3.2373047e+01
   5.0031490e+06   3.4991455e+01
   5.0061890e+06   3.5705566e+01
   5.0062260e+06   3.9752197e+01
   5.0136140e+06   4.3798828e+01
   5.0136380e+06   3.2849121e+01
   5.0137290e+06   3.6419678e+01
   5.0137720e+06   3.3087158e+01
   5.0138080e+06   3.3325195e+01
   5.0173500e+06   3.7371826e+01
   5.0236980e+06   3.7371826e+01
   5.0238210e+06   3.6657715e+01
   5.0273060e+06   3.7847900e+01
   5.0436950e+06   3.2611084e+01
   5.0437980e+06   3.2373047e+01
   5.0490600e+06   3.9276123e+01
   5.0491550e+06   3.4991455e+01
   5.0492110e+06   3.2135010e+01
   5.0517220e+06   3.3325195e+01
   5.0581780e+06   3.7847900e+01
   5.0654580e+06   4.0228271e+01
   5.0656290e+06   3.6895752e+01
   5.0668640e+06   3.2849121e+01
   5.0769320e+06   3.2849121e+01
   5.0769730e+06   3.6181641e+01
   5.0770240e+06   3.4753418e+01
   5.0774120e+06   3.3087158e+01
   5.0779010e+06   3.2611084e+01
   5.0896370e+06   3.2849121e+01
   5.0897120e+06   3.4753418e+01
   5.0907300e+06   3.2135010e+01
   5.0926590e+06   3.3325195e+01
   5.0927570e+06   3.2135010e+01
   5.1021080e+06   3.2373047e+01
   5.1021330e+06   3.9990234e+01
   5.1021850e+06   3.6181641e+01
   5.1023150e+06   3.2135010e+01
   5.1034700e+06   3.2611084e+01
   5.1232030e+06   3.7133789e+01
   5.1232400e+06   3.4039307e+01
   5.1232610e+06   3.2373047e+01
   5.1232860e+06   3.3563232e+01
   5.1233020e+06   3.2611084e+01
   5.1233810e+06   3.4753418e+01
   5.1239610e+06   3.4991455e+01
   5.1258520e+06   3.2373047e+01
   5.1259810e+06   3.3087158e+01
   5.1433170e+06   3.2611084e+01
   5.1461350e+06   3.8562012e+01
   5.1461830e+06   3.2373047e+01
   5.1702140e+06   3.2135010e+01
   5.1703020e+06   3.2849121e+01
   5.1703890e+06   3.3563232e+01
   5.1720630e+06   3.1896973e+01
   5.2030220e+06   3.3801270e+01
   5.2033260e+06   3.2135010e+01
   5.2039860e+06   3.5943604e+01
   5.2157990e+06   3.3563232e+01
   5.2159010e+06   3.4753418e+01
   5.2509310e+06   3.2849121e+01
   5.2509980e+06   3.9276123e+01
   5.2787250e+06   3.2135010e+01
   5.2919780e+06   3.3325195e+01
   5.2922520e+06   3.2135010e+01
   5.3308510e+06   3.3325195e+01
   5.4256070e+06   3.2135010e+01
   5.4526130e+06   3.4039307e+01
   5.5061530e+06   3.2611084e+01
   5.5518320e+06   3.3087158e+01
   5.5965700e+06   3.5943604e+01
   5.6603490e+06   3.5705566e+01
   5.8119810e+06   3.2611084e+01
   5.8573940e+06   3.1896973e+01
   5.8850930e+06   3.4277344e+01
   5.8852220e+06   3.2135010e+01
   5.8856490e+06   3.2849121e+01
   5.8892480e+06   3.3325195e+01
   5.9323100e+06   3.1896973e+01
   5.9323380e+06   3.3325195e+01
   5.9682100e+06   3.4753418e+01
   5.9863770e+06   3.6657715e+01
   6.0009840e+06   3.2373047e+01
   6.1063540e+06   3.2849121e+01
   6.1092340e+06   3.1896973e+01
   6.1141570e+06   3.4039307e+01
   6.2026670e+06   3.4515381e+01
   6.2590630e+06   3.5229492e+01
   6.2601970e+06   3.2135010e+01
   6.3468910e+06   3.1896973e+01
   6.3976460e+06   3.4515381e+01
   6.6259300e+06   3.4277344e+01
   6.6489550e+06   3.2135010e+01
   6.7140050e+06   3.4753418e+01
   6.7398740e+06   3.2135010e+01
   6.8074830e+06   3.2135010e+01
   6.8207530e+06   3.4515381e+01
   6.8748580e+06   3.7371826e+01
   6.9276430e+06   3.2135010e+01
   6.9276980e+06   4.8559570e+01
   6.9278060e+06   3.1896973e+01
   6.9278570e+06   3.2373047e+01
   6.9279730e+06   3.4515381e+01
   6.9280830e+06   4.0942383e+01
   6.9281240e+06   3.2611084e+01
   6.9712660e+06   3.5229492e+01
   6.9720670e+06   3.9752197e+01
   6.9720910e+06   3.7609863e+01
   6.9721160e+06   3.4515381e+01
   6.9721560e+06   3.2135010e+01
   6.9722090e+06   3.6181641e+01
   6.9733670e+06   3.1896973e+01
   6.9766380e+06   3.3801270e+01
   7.0216940e+06   3.4991455e+01
   7.0217680e+06   3.2373047e+01
   7.0533320e+06   3.2135010e+01
   7.0558350e+06   3.2611084e+01
   7.0560860e+06   3.6181641e+01
   7.0851150e+06   3.2135010e+01
   7.1013400e+06   3.3325195e+01
   7.1089480e+06   3.3801270e+01
   7.1093510e+06   3.5705566e+01
   7.1093700e+06   3.2849121e+01
   7.1094380e+06   3.6181641e+01
   7.1094990e+06   3.3325195e+01
   7.1095640e+06   3.3801270e+01
   7.1096060e+06   3.4039307e+01
   7.1415450e+06   3.1896973e+01
   7.1520950e+06   3.5229492e+01
   7.1522280e+06   3.4277344e+01
   7.1733960e+06   3.4753418e+01
   7.1735330e+06   3.2373047e+01
   7.1737120e+06   3.3563232e+01
   7.1946000e+06   3.7133789e+01
   7.1946560e+06   3.5467529e+01
   7.1948600e+06   3.2849121e+01
   7.2098640e+06   3.6181641e+01
   7.2396150e+06   3.6895752e+01
   7.2397040e+06   3.3087158e+01
   7.2397450e+06   3.2849121e+01
   7.2399120e+06   3.1896973e+01
   7.2626160e+06   3.4277344e+01
   7.2809600e+06   3.6181641e+01
   7.2812660e+06   4.3322754e+01
   7.2974870e+06   3.5943604e+01
   7.2975650e+06   3.4991455e+01
   7.3085270e+06   3.8085938e+01
   7.3087950e+06   3.3563232e+01
   7.3089600e+06   3.2373047e+01
   7.3203900e+06   3.2611084e+01
   7.3288780e+06   3.4991455e+01
   7.3289520e+06   4.0942383e+01
   7.3289640e+06   3.3325195e+01
   7.3290680e+06   3.2373047e+01
   7.3480580e+06   3.6895752e+01
   7.3487380e+06   3.9752197e+01
   7.3487760e+06   3.1896973e+01
   7.3488240e+06   3.2611084e+01
   7.3488420e+06   3.2135010e+01
   7.3489070e+06   4.2608643e+01
   7.3633350e+06   3.7371826e+01
   7.3633560e+06   3.1896973e+01
   7.3752560e+06   3.2135010e+01
   7.4040120e+06   3.3801270e+01
   7.4040690e+06   3.2849121e+01
   7.4041270e+06   3.3087158e+01
   7.4149840e+06   3.5467529e+01
   7.4349400e+06   4.2370605e+01
   7.4576950e+06   3.4277344e+01
   7.4583070e+06   3.3563232e+01
   7.4686540e+06   3.2849121e+01
   7.4773710e+06   3.3801270e+01
   7.4853910e+06   3.2373047e+01
   7.4860460e+06   3.3801270e+01
   7.4861120e+06   3.1896973e+01
   7.4861450e+06   3.4515381e+01
   7.4862340e+06   3.9752197e+01
   7.4862540e+06   3.2611084e+01
   7.4862920e+06   3.6657715e+01
   7.4957370e+06   3.5943604e+01
   7.4960030e+06   3.2135010e+01
   7.5055600e+06   3.2135010e+01
   7.5162880e+06   3.4753418e+01
   7.5190560e+06   3.2849121e+01
   7.5215500e+06   3.6895752e+01
   7.5216000e+06   3.7133789e+01
   7.5216860e+06   3.3325195e+01
   7.5243110e+06   3.1896973e+01
   7.5378270e+06   3.6419678e+01
   7.5379090e+06   3.3325195e+01
   7.5556950e+06   3.2611084e+01
   7.5557550e+06   3.3087158e+01
   7.5558080e+06   3.3563232e+01
   7.5655900e+06   3.4039307e+01
   7.5656740e+06   3.1896973e+01
   7.5722960e+06   3.2373047e+01
   7.5917120e+06   3.9514160e+01
   7.5981870e+06   3.2373047e+01
   7.5982530e+06   3.2611084e+01
   7.5982780e+06   3.2135010e+01
   7.5983580e+06   3.6181641e+01
   7.6080450e+06   3.4277344e+01
   7.6232720e+06   3.4515381e+01
   7.6298890e+06   3.3563232e+01
   7.6444620e+06   3.2135010e+01
   7.6683450e+06   3.6419678e+01
   7.6684400e+06   3.9990234e+01
   7.6752360e+06   3.5229492e+01
   7.6759770e+06   3.4753418e+01
   7.6838510e+06   3.3325195e+01
   7.6922880e+06   3.2849121e+01
   7.6923970e+06   3.1896973e+01
   7.6979760e+06   3.4515381e+01
   7.7133390e+06   3.2135010e+01
   7.7213090e+06   3.3563232e+01
   7.7298660e+06   3.2849121e+01
   7.7303730e+06   3.3801270e+01
   7.7384870e+06   3.4277344e+01
   7.7457920e+06   3.5229492e+01
   7.7543730e+06   3.7133789e+01
   7.7611310e+06   3.7847900e+01
   7.7617220e+06   3.3563232e+01
   7.7665650e+06   3.5467529e+01
   7.7928020e+06   3.1896973e+01
   7.8002130e+06   3.3801270e+01
   7.8153020e+06   3.3563232e+01
   7.8232960e+06   3.2849121e+01
   7.8367370e+06   3.4277344e+01
   7.8367720e+06   3.1896973e+01
   7.8553070e+06   3.3325195e+01
   7.8659380e+06   3.5229492e+01
   7.8870890e+06   3.9752197e+01
   7.8871110e+06   3.4515381e+01
   7.9008540e+06   3.4991455e+01
   7.9019620e+06   3.2849121e+01
   7.9097550e+06   3.4991455e+01
   7.9241700e+06   3.3087158e+01
   7.9250690e+06   3.3563232e+01
   7.9320040e+06   3.8562012e+01
   7.9490850e+06   4.1894531e+01
   7.9622000e+06   3.4753418e+01
   7.9731050e+06   3.2611084e+01
   7.9736030e+06   3.4039307e+01
   7.9777320e+06   3.3563232e+01
   7.9811400e+06   3.2135010e+01
   7.9811580e+06   3.5229492e+01
   7.9811980e+06   3.7371826e+01
   7.9881510e+06   3.8800049e+01
   7.9976260e+06   3.5229492e+01
   7.9988310e+06   3.2373047e+01
   7.9989320e+06   3.4277344e+01
   8.0094850e+06   3.7133789e+01
   8.0096000e+06   3.1896973e+01
   8.0096230e+06   3.1896973e+01
   8.0125060e+06   3.2373047e+01
   8.0126760e+06   3.2849121e+01
   8.0162810e+06   3.4991455e+01
   8.0264630e+06   3.4039307e+01
   8.0267170e+06   3.1896973e+01
   8.0286320e+06   3.3325195e+01
   8.0293460e+06   3.4277344e+01
   8.0380910e+06   3.3563232e+01
   8.0397290e+06   3.2849121e+01
   8.0502320e+06   3.2849121e+01
   8.0605670e+06   3.5229492e+01
   8.0605840e+06   3.3563232e+01
   8.0641560e+06   3.3563232e+01
   8.0643670e+06   3.4039307e+01
   8.0845400e+06   3.3087158e+01
   8.0860510e+06   3.1896973e+01
   8.0923330e+06   3.1896973e+01
   8.1004660e+06   3.5943604e+01
   8.1115800e+06   4.3798828e+01
   8.1121150e+06   3.2135010e+01
   8.1295160e+06   3.2135010e+01
   8.1386090e+06   3.5229492e+01
   8.1413250e+06   3.4991455e+01
   8.1418130e+06   3.3087158e+01
   8.1502750e+06   3.7371826e+01
   8.1589840e+06   3.3325195e+01
   8.1607010e+06   3.1896973e+01
   8.1986780e+06   3.3325195e+01
   8.2025050e+06   5.4510498e+01
   8.2210720e+06   3.5705566e+01
   8.2254740e+06   3.4515381e+01
   8.2255440e+06   3.3563232e+01
   8.2384880e+06   4.3084717e+01
   8.2467650e+06   4.8797607e+01
   8.2538970e+06   3.4515381e+01
   8.2575550e+06   3.3087158e+01
   8.2621320e+06   3.1896973e+01
   8.2632650e+06   3.5229492e+01
   8.2828350e+06   3.2611084e+01
   8.2851640e+06   3.4039307e+01
   8.2887950e+06   3.8323975e+01
   8.2888450e+06   3.3087158e+01
   8.2902240e+06   3.1896973e+01
   8.3092750e+06   3.1896973e+01
   8.3112720e+06   3.1896973e+01
   8.3126230e+06   3.1896973e+01
   8.3176570e+06   4.0942383e+01
   8.3268120e+06   3.3801270e+01
   8.3270820e+06   3.1896973e+01
   8.3380640e+06   3.4277344e+01
   8.3388710e+06   3.3801270e+01
   8.3739910e+06   3.6419678e+01
   8.3746540e+06   3.2373047e+01
   8.3855580e+06   3.2849121e+01
   8.3862760e+06   3.6419678e+01
   8.3863290e+06   3.3325195e+01
   8.3865990e+06   3.6419678e+01
   8.3869040e+06   3.3087158e+01
   8.3872070e+06   4.0942383e+01
   8.3984530e+06   3.1896973e+01
   8.4174780e+06   3.6419678e+01
   8.4178140e+06   3.1896973e+01
   8.4330480e+06   3.8323975e+01
   8.4331480e+06   4.1894531e+01
   8.4331770e+06   3.4277344e+01
   8.4332420e+06   3.6181641e+01
   8.4462490e+06   3.8085938e+01
   8.4538450e+06   3.4991455e+01
   8.4816690e+06   3.5229492e+01
   8.4823880e+06   3.2373047e+01
   8.5044890e+06   3.1896973e+01
   8.5045120e+06   3.2135010e+01
   8.5045560e+06   4.0942383e+01
   8.5046220e+06   3.2849121e+01
   8.5048210e+06   3.1896973e+01
   8.5222450e+06   3.5467529e+01
   8.5331950e+06   3.4277344e+01
   8.5332410e+06   3.4753418e+01
   8.5355810e+06   3.3325195e+01
   8.5511780e+06   3.4515381e+01
   8.5703600e+06   3.6895752e+01
   8.5823730e+06   3.7847900e+01
   8.5981810e+06   3.7609863e+01
   8.5993720e+06   3.6181641e+01
   8.6090190e+06   3.2849121e+01
   8.6092270e+06   3.2611084e+01
   8.6100160e+06   3.4039307e+01
   8.6115470e+06   3.1896973e+01
   8.6115840e+06   3.2373047e+01
   8.6116070e+06   3.2849121e+01
   8.6116690e+06   3.2849121e+01
   8.6312260e+06   3.2135010e+01
   8.6312920e+06   3.2373047e+01
   8.6391790e+06   3.1896973e+01
   8.6392330e+06   3.5705566e+01
   8.6397270e+06   3.4753418e+01
   8.6517740e+06   3.2849121e+01
   8.6521290e+06   3.4991455e+01
   8.6522570e+06   3.3087158e+01
   8.6684220e+06   3.2373047e+01
   8.6797310e+06   3.3563232e+01
   8.6816300e+06   3.2135010e+01
   8.6928080e+06   3.2611084e+01
   8.7193460e+06   3.1896973e+01
   8.7286950e+06   3.3563232e+01
   8.7293310e+06   3.5229492e+01
   8.7294450e+06   3.4515381e+01
   8.7475630e+06   3.3801270e+01
   8.7686810e+06   3.4753418e+01
   8.7687460e+06   3.3087158e+01
   8.7840070e+06   3.7371826e+01
   8.7840980e+06   3.3087158e+01
   8.7841630e+06   3.3801270e+01
   8.7988420e+06   3.4277344e+01
   8.7996340e+06   3.6895752e+01
   8.7997050e+06   3.1896973e+01
   8.8098750e+06   3.3325195e+01
   8.8211150e+06   3.9514160e+01
   8.8212130e+06   3.4753418e+01
   8.8226090e+06   3.3325195e+01
   8.8414130e+06   3.9514160e+01
   8.8414250e+06   3.8323975e+01
   8.8590800e+06   3.4991455e+01
   8.8591440e+06   4.3798828e+01
   8.8816440e+06   3.1896973e+01
   8.8818560e+06   3.3087158e+01
   8.8948390e+06   3.2849121e+01
   8.8949390e+06   3.6181641e+01
   8.9174930e+06   3.6657715e+01
   8.9281890e+06   3.6895752e+01
   8.9282280e+06   3.3325195e+01
   8.9285780e+06   3.3801270e+01
   8.9454960e+06   3.2373047e+01
   8.9455950e+06   4.3798828e+01
   8.9456470e+06   3.4039307e+01
   8.9457620e+06   3.2849121e+01
   8.9574700e+06   3.3325195e+01
   8.9651420e+06   3.5943604e+01
   8.9665510e+06   3.3325195e+01
   8.9734320e+06   3.7847900e+01
   8.9734460e+06   3.5705566e+01
   8.9825750e+06   3.1896973e+01
   8.9826110e+06   3.2135010e+01
   8.9926070e+06   4.4512939e+01
   8.9981930e+06   3.8800049e+01
   9.0054360e+06   3.8562012e+01
   9.0055940e+06   3.3563232e+01
   9.0056460e+06   3.3087158e+01
   9.0056820e+06   3.2611084e+01
   9.0106260e+06   3.3087158e+01
   9.0137650e+06   3.6419678e+01
   9.0210430e+06   4.2846680e+01
   9.0277450e+06   3.5705566e+01
   9.0278110e+06   3.1896973e+01
   9.0344470e+06   4.7845459e+01
   9.0346240e+06   3.5467529e+01
   9.0416690e+06   3.2373047e+01
   9.0417880e+06   3.5467529e+01
   9.0418490e+06   3.6657715e+01
   9.0489100e+06   3.2135010e+01
   9.0489350e+06   3.2373047e+01
   9.0490530e+06   3.5943604e+01
   9.0492200e+06   3.5943604e+01
   9.0497010e+06   3.1896973e+01
   9.0557780e+06   4.2846680e+01
   9.0558420e+06   3.7133789e+01
   9.0564480e+06   3.6419678e+01
   9.0600080e+06   3.1896973e+01
   9.0659940e+06   3.4515381e+01
   9.0660740e+06   3.2611084e+01
   9.0660860e+06   4.2608643e+01
   9.0664700e+06   3.4991455e+01
   9.0735070e+06   3.6895752e+01
   9.0735400e+06   3.6181641e+01
   9.0735910e+06   3.9514160e+01
   9.0736460e+06   3.5229492e+01
   9.0778450e+06   3.3563232e+01
   9.0824670e+06   3.4039307e+01
   9.0825110e+06   4.0704346e+01
   9.0826500e+06   4.4750977e+01
   9.0827120e+06   3.2135010e+01
   9.0905430e+06   3.3801270e+01
   9.0906700e+06   3.6419678e+01
   9.0907170e+06   3.2849121e+01
   9.0962410e+06   3.4991455e+01
   9.0963040e+06   3.4277344e+01
   9.0964070e+06   3.3801270e+01
   9.0964680e+06   3.3087158e+01
   9.1016690e+06   3.3325195e+01
   9.1017580e+06   3.9514160e+01
   9.1071920e+06   3.3325195e+01
   9.1072250e+06   3.4277344e+01
   9.1113690e+06   3.4277344e+01
   9.1113990e+06   3.1896973e+01
   9.1157070e+06   3.5467529e+01
   9.1157500e+06   3.4039307e+01
   9.1247250e+06   3.6657715e+01
   9.1297670e+06   4.2608643e+01
   9.1384670e+06   4.0704346e+01
   9.1386920e+06   3.2135010e+01
   9.1434570e+06   3.5229492e+01
   9.1434930e+06   3.3325195e+01
   9.1493290e+06   3.6657715e+01
   9.1497590e+06   3.4277344e+01
   9.1547140e+06   3.3087158e+01
   9.1547320e+06   3.4039307e+01
   9.1590420e+06   3.4277344e+01
   9.1653700e+06   4.0466309e+01
   9.1715480e+06   3.4039307e+01
   9.1716040e+06   3.5229492e+01
   9.1717310e+06   3.9514160e+01
   9.1782120e+06   3.7133789e+01
   9.1983510e+06   3.3563232e+01
   9.1984600e+06   3.6895752e+01
   9.1986730e+06   3.2135010e+01
   9.2059940e+06   3.2849121e+01
   9.2060360e+06   3.1896973e+01
   9.2060750e+06   4.1894531e+01
   9.2147450e+06   4.2846680e+01
   9.2147870e+06   3.2373047e+01
   9.2177920e+06   4.2846680e+01
   9.2265540e+06   3.7371826e+01
   9.2371000e+06   3.2611084e+01
   9.2371470e+06   3.2611084e+01
   9.2372640e+06   3.6181641e+01
   9.2377740e+06   3.4991455e+01
   9.2455070e+06   3.2611084e+01
   9.2455270e+06   3.1896973e+01
   9.2456100e+06   3.3325195e+01
   9.2581220e+06   3.8323975e+01
   9.2714050e+06   3.5229492e+01
   9.2714570e+06   3.4515381e+01
   9.2880000e+06   3.8323975e+01
   9.2880860e+06   3.6895752e+01
   9.3035910e+06   3.4277344e+01
   9.3158360e+06   3.2135010e+01
   9.3344500e+06   3.4515381e+01
   9.3350270e+06   3.1896973e+01
   9.3355710e+06   3.2135010e+01
   9.3528060e+06   3.1896973e+01
   9.3528950e+06   3.4515381e+01
   9.3534050e+06   3.3087158e+01
   9.3535250e+06   3.2373047e+01
   9.4256960e+06   3.6895752e+01
   9.4257790e+06   3.3801270e+01
   9.4439650e+06   3.9038086e+01
   9.4602960e+06   3.3087158e+01
   9.5552070e+06   3.9276123e+01
   9.8051360e+06   3.2611084e+01
   9.8052720e+06   4.0228271e+01
   9.8053190e+06   4.0228271e+01
   9.8530810e+06   3.7133789e+01
   9.9179320e+06   3.3087158e+01
   1.0172784e+07   3.4277344e+01
   1.0191823e+07   3.4039307e+01
   1.0191923e+07   4.0466309e+01
   1.0192280e+07   3.5705566e+01
   1.0193572e+07   3.5467529e+01
   1.0245265e+07   3.3801270e+01
   1.0245399e+07   3.2611084e+01
   1.0245430e+07   3.4039307e+01
   1.0294605e+07   3.2849121e+01
   1.0294620e+07   4.4750977e+01
   1.0294679e+07   3.1896973e+01
   1.0294832e+07   3.4753418e+01
   1.0326849e+07   3.8323975e+01
   1.0326871e+07   3.7371826e+01
   1.0326971e+07   3.2135010e+01
   1.0327644e+07   3.2611084e+01
   1.0346589e+07   3.2849121e+01
   1.0346677e+07   3.4039307e+01
   1.0347358e+07   3.1896973e+01
   1.0387308e+07   3.2373047e+01
   1.0387404e+07   3.6895752e+01
   1.0387458e+07   3.3087158e+01
   1.0387499e+07   3.4039307e+01
   1.0387823e+07   3.7133789e+01
   1.0422842e+07   3.5229492e+01
   1.0422878e+07   3.2849121e+01
   1.0423028e+07   3.3801270e+01
   1.0441269e+07   4.3084717e+01
   1.0441313e+07   3.6419678e+01
   1.0441402e+07   3.3325195e+01
   1.0463653e+07   3.3325195e+01
   1.0463686e+07   3.7847900e+01
   1.0463715e+07   3.1896973e+01
   1.0464078e+07   3.2373047e+01
   1.0481599e+07   3.7609863e+01
   1.0481618e+07   3.8800049e+01
   1.0495808e+07   3.3087158e+01
   1.0495860e+07   3.2611084e+01
   1.0495939e+07   3.6181641e+01
   1.0496023e+07   3.3325195e+01
   1.0496108e+07   3.2135010e+01
   1.0510150e+07   3.7609863e+01
   1.0510192e+07   3.3325195e+01
   1.0522275e+07   3.5229492e+01
   1.0522412e+07   3.5705566e+01
   1.0534507e+07   3.3563232e+01
   1.0534566e+07   3.4753418e+01
   1.0546903e+07   3.4277344e+01
   1.0547214e+07   3.2373047e+01
   1.0558154e+07   3.2135010e+01
   1.0558255e+07   3.1896973e+01
   1.0558288e+07   3.2849121e+01
   1.0581981e+07   3.5467529e+01
   1.0582024e+07   3.1896973e+01
   1.0582125e+07   3.2611084e+01
   1.0594058e+07   4.6655273e+01
   1.0610011e+07   3.3087158e+01
   1.0624499e+07   3.1896973e+01
   1.0624794e+07   3.5229492e+01
   1.0640710e+07   3.5705566e+01
   1.0640784e+07   3.4753418e+01
   1.0654160e+07   3.4515381e+01
   1.0678648e+07   3.1896973e+01
   1.0678735e+07   4.6417236e+01
   1.0678762e+07   3.5467529e+01
   1.0678818e+07   3.3325195e+01
   1.0711861e+07   3.6419678e+01
   1.0712053e+07   3.1896973e+01
   1.0748724e+07   3.2373047e+01
   1.0749743e+07   3.5467529e+01
   1.0772107e+07   3.5467529e+01
   1.0797246e+07   3.5705566e+01
   1.0797896e+07   3.4991455e+01
   1.0830276e+07   4.0228271e+01
   1.0830478e+07   3.4277344e+01
   1.0830724e+07   3.2849121e+01
   1.0836498e+07   3.3801270e+01
   1.0854731e+07   3.2849121e+01
   1.0880677e+07   3.6181641e+01
   1.0880885e+07   3.1896973e+01
   1.0889726e+07   3.6181641e+01
   1.0901072e+07   3.2611084e+01
   1.0940887e+07   3.2135010e+01
   1.0949114e+07   3.6181641e+01
   1.0949565e+07   3.4991455e+01
   1.0956059e+07   3.1896973e+01
   1.0965058e+07   3.7371826e+01
   1.0965368e+07   3.2135010e+01
   1.0973703e+07   3.4753418e+01
   1.0982586e+07   3.3801270e+01
   1.0997082e+07   3.3325195e+01
   1.1006468e+07   3.2849121e+01
   1.1006726e+07   3.5229492e+01
   1.1014568e+07   3.3087158e+01
   1.1032127e+07   3.3325195e+01
   1.1032264e+07   3.4515381e+01
   1.1064960e+07   3.4753418e+01
   1.1072725e+07   3.8085938e+01
   1.1081142e+07   3.2373047e+01
   1.1088650e+07   3.3087158e+01
   1.1119563e+07   3.2373047e+01
   1.1126189e+07   3.4039307e+01
   1.1134313e+07   3.2135010e+01
   1.1143955e+07   3.6895752e+01
   1.1152095e+07   3.3801270e+01
   1.1156008e+07   3.8800049e+01
   1.1182318e+07   3.1896973e+01
   1.1191345e+07   4.1418457e+01
   1.1201731e+07   3.4039307e+01
   1.1202495e+07   3.5705566e+01
   1.1211311e+07   3.8323975e+01
   1.1226041e+07   3.6419678e+01
   1.1229421e+07   3.2135010e+01
   1.1234670e+07   3.3801270e+01
   1.1240042e+07   3.2373047e+01
   1.1254390e+07   3.1896973e+01
   1.1254734e+07   3.8085938e+01
   1.1254822e+07   3.2849121e+01
   1.1261900e+07   3.2373047e+01
   1.1270773e+07   3.3563232e+01
   1.1285084e+07   3.4991455e+01
   1.1308805e+07   3.2611084e+01
   1.1316160e+07   3.5705566e+01
   1.1324200e+07   3.3325195e+01
   1.1332299e+07   3.4039307e+01
   1.1332998e+07   3.3325195e+01
   1.1338674e+07   3.2611084e+01
   1.1347810e+07   3.2849121e+01
   1.1355191e+07   3.2373047e+01
   1.1356216e+07   3.3563232e+01
   1.1366103e+07   3.4039307e+01
   1.1410265e+07   3.4991455e+01
   1.1410293e+07   3.1896973e+01
   1.1418451e+07   3.3087158e+01
   1.1418964e+07   3.8323975e+01
   1.1425928e+07   3.3801270e+01
   1.1434961e+07   3.1896973e+01
   1.1442558e+07   3.3325195e+01
   1.1453343e+07   3.5229492e+01
   1.1454997e+07   3.3087158e+01
   1.1462960e+07   3.1896973e+01
   1.1478731e+07   3.2849121e+01
   1.1481563e+07   3.2849121e+01
   1.1486776e+07   3.9990234e+01
   1.1494496e+07   3.4753418e+01
   1.1495313e+07   3.3563232e+01
   1.1502042e+07   3.2373047e+01
   1.1509972e+07   3.4515381e+01
   1.1518250e+07   3.3801270e+01
   1.1518517e+07   3.3563232e+01
   1.1533945e+07   3.3563232e+01
   1.1559940e+07   3.3563232e+01
   1.1567128e+07   3.5229492e+01
   1.1582253e+07   3.7609863e+01
   1.1582634e+07   3.3563232e+01
   1.1596293e+07   3.3087158e+01
   1.1596451e+07   3.4277344e+01
   1.1627619e+07   3.4277344e+01
   1.1635544e+07   3.3563232e+01
   1.1641918e+07   3.4277344e+01
   1.1649508e+07   3.2849121e+01
   1.1651094e+07   3.2611084e+01
   1.1660414e+07   3.3801270e+01
   1.1668649e+07   3.5229492e+01
   1.1668974e+07   3.3325195e+01
   1.1676978e+07   3.4515381e+01
   1.1684673e+07   3.2373047e+01
   1.1693143e+07   3.7609863e+01
   1.1700367e+07   3.1896973e+01
   1.1700885e+07   3.3325195e+01
   1.1701948e+07   3.6895752e+01
   1.1716383e+07   3.5467529e+01
   1.1724817e+07   3.8562012e+01
   1.1732852e+07   3.9514160e+01
   1.1740603e+07   3.4039307e+01
   1.1740692e+07   3.5229492e+01
   1.1764765e+07   3.4039307e+01
   1.1773232e+07   3.2373047e+01
   1.1801419e+07   3.2373047e+01
   1.1812446e+07   3.9038086e+01
   1.1812587e+07   3.2849121e+01
   1.1813267e+07   3.2373047e+01
   1.1830931e+07   3.3087158e+01
   1.1831634e+07   3.3563232e+01
   1.1838736e+07   3.3801270e+01
   1.1854650e+07   3.4753418e+01
   1.1861738e+07   3.3325195e+01
   1.1861824e+07   3.6419678e+01
   1.1870764e+07   3.6657715e+01
   1.1871365e+07   3.7371826e+01
   1.1874916e+07   3.1896973e+01
   1.1875300e+07   3.5943604e+01
   1.1875389e+07   3.2373047e+01
   1.1876910e+07   3.2849121e+01
   1.1881407e+07   3.3801270e+01
   1.1894073e+07   3.9990234e+01
   1.1894298e+07   3.2135010e+01
   1.1911029e+07   3.5467529e+01
   1.1918939e+07   3.3325195e+01
   1.1932990e+07   3.7609863e+01
   1.1940627e+07   3.1896973e+01
   1.1965970e+07   3.1896973e+01
   1.1966137e+07   3.2135010e+01
   1.1974429e+07   3.1896973e+01
   1.1974806e+07   3.2849121e+01
   1.1982615e+07   3.2373047e+01
   1.1991090e+07   3.5229492e+01
