   1.1999000e+07   0.0000000e+00
   3.4900000e+02   3.1127930e+01
   2.7773000e+04   3.5644531e+01
   3.3231000e+04   3.4179688e+01
   4.3734000e+04   3.2836914e+01
   4.4131000e+04   3.3325195e+01
   4.4327000e+04   3.1250000e+01
   5.5855000e+04   3.3081055e+01
   5.5900000e+04   3.2653809e+01
   5.6355000e+04   3.7475586e+01
   6.3036000e+04   3.2165527e+01
   6.8595000e+04   3.7475586e+01
   6.8938000e+04   3.7231445e+01
   8.1516000e+04   3.6132813e+01
   8.2023000e+04   3.1921387e+01
   9.2700000e+04   3.6132813e+01
   9.2942000e+04   3.4118652e+01
   9.3604000e+04   3.3203125e+01
   9.8793000e+04   3.2836914e+01
   9.9447000e+04   3.5644531e+01
   1.0498600e+05   3.8940430e+01
   1.0528400e+05   3.4729004e+01
   1.1524100e+05   3.8940430e+01
   1.1544400e+05   3.7658691e+01
   1.2129800e+05   3.7963867e+01
   1.2149400e+05   3.1921387e+01
   1.2153900e+05   3.4484863e+01
   1.2171400e+05   3.3935547e+01
   1.3272100e+05   4.6203613e+01
   1.3296100e+05   3.1127930e+01
   1.3306500e+05   3.3447266e+01
   1.3877000e+05   4.2175293e+01
   1.3905500e+05   3.0578613e+01
   1.3917300e+05   3.1188965e+01
   1.4515100e+05   4.1564941e+01
   1.4545500e+05   3.3752441e+01
   1.5496400e+05   3.8940430e+01
   1.5508300e+05   3.7536621e+01
   1.5532200e+05   3.2043457e+01
   1.6132900e+05   3.1127930e+01
   1.6156400e+05   3.5156250e+01
   1.6161800e+05   3.2287598e+01
   1.6799300e+05   3.3264160e+01
   1.6809400e+05   3.0578613e+01
   1.7335900e+05   3.2958984e+01
   1.7844300e+05   3.2714844e+01
   1.8406000e+05   3.5583496e+01
   1.8412300e+05   3.1494141e+01
   1.8415000e+05   3.1799316e+01
   1.8423800e+05   5.1452637e+01
   1.8444900e+05   4.9438477e+01
   1.8836600e+05   3.5156250e+01
   2.0171100e+05   3.2714844e+01
   2.0209000e+05   3.1250000e+01
   2.1280500e+05   3.7414551e+01
   2.1319900e+05   3.6437988e+01
   2.2117600e+05   3.7719727e+01
   2.2137500e+05   3.3142090e+01
   2.2152200e+05   3.1738281e+01
   2.2167200e+05   3.1311035e+01
   2.2875900e+05   3.1250000e+01
   2.2915300e+05   3.1127930e+01
   2.3355800e+05   3.6804199e+01
   2.3424400e+05   3.3081055e+01
   2.3815900e+05   3.6621094e+01
   2.4291600e+05   4.0710449e+01
   2.4315300e+05   5.0354004e+01
   2.4320500e+05   3.2653809e+01
   2.4344300e+05   3.2409668e+01
   2.4821000e+05   3.1066895e+01
   2.4843100e+05   3.5766602e+01
   2.4861300e+05   3.9611816e+01
   2.5398800e+05   3.8208008e+01
   2.5412300e+05   4.1442871e+01
   2.5415800e+05   4.1992188e+01
   2.5421500e+05   4.0771484e+01
   2.5423500e+05   6.6528320e+01
   2.5430800e+05   3.3813477e+01
   2.5435300e+05   4.9743652e+01
   2.6228600e+05   3.6132813e+01
   2.6750000e+05   4.3701172e+01
   2.6771300e+05   5.7128906e+01
   2.6795700e+05   3.3386230e+01
   2.7245500e+05   4.9194336e+01
   2.7249100e+05   3.1616211e+01
   2.7255400e+05   3.2287598e+01
   2.7258200e+05   3.8024902e+01
   2.7279100e+05   3.1982422e+01
   2.7774500e+05   4.0710449e+01
   2.7781300e+05   3.4118652e+01
   2.7796400e+05   3.3935547e+01
   2.8319300e+05   3.5827637e+01
   2.8342400e+05   4.1137695e+01
   2.8922000e+05   3.6865234e+01
   2.8931600e+05   3.4484863e+01
   2.8935100e+05   3.3691406e+01
   2.8943400e+05   3.0578613e+01
   2.8945400e+05   3.9855957e+01
   2.8951100e+05   3.2409668e+01
   2.8954100e+05   3.3935547e+01
   2.8955900e+05   3.1250000e+01
   2.8963900e+05   3.2958984e+01
   2.8973200e+05   3.5644531e+01
   2.9041400e+05   3.1188965e+01
   2.9735400e+05   4.0283203e+01
   2.9740500e+05   3.2897949e+01
   2.9748300e+05   3.0761719e+01
   2.9751300e+05   3.1738281e+01
   3.0172000e+05   3.1372070e+01
   3.0596400e+05   3.1616211e+01
   3.0627100e+05   3.3203125e+01
   3.0629700e+05   3.5888672e+01
   3.1003800e+05   3.6376953e+01
   3.1039400e+05   3.1311035e+01
   3.1043500e+05   3.0883789e+01
   3.1050100e+05   3.4118652e+01
   3.1402200e+05   3.5522461e+01
   3.1445300e+05   3.6254883e+01
   3.1857200e+05   3.7780762e+01
   3.1880600e+05   3.4484863e+01
   3.1886200e+05   3.9550781e+01
   3.1896400e+05   3.4179688e+01
   3.1900600e+05   4.1076660e+01
   3.1903100e+05   3.5217285e+01
   3.2420200e+05   3.4545898e+01
   3.2435500e+05   3.6987305e+01
   3.2440100e+05   4.2602539e+01
   3.2455100e+05   3.4484863e+01
   3.2456300e+05   5.0109863e+01
   3.2462400e+05   4.2297363e+01
   3.2463800e+05   3.0578613e+01
   3.3070400e+05   3.4179688e+01
   3.3072800e+05   3.2226563e+01
   3.3097200e+05   3.1982422e+01
   3.3104300e+05   3.2348633e+01
   3.3113800e+05   3.2775879e+01
   3.3688700e+05   4.1809082e+01
   3.3704700e+05   3.4973145e+01
   3.3710700e+05   3.9001465e+01
   3.3712200e+05   3.3081055e+01
   3.3716800e+05   3.4484863e+01
   3.3718500e+05   3.9794922e+01
   3.3721800e+05   3.8085938e+01
   3.3724900e+05   3.5400391e+01
   3.3728800e+05   4.3762207e+01
   3.3740300e+05   3.4667969e+01
   3.3769100e+05   3.5705566e+01
   3.3780800e+05   3.2348633e+01
   3.3788800e+05   4.2358398e+01
   3.3790700e+05   3.5339355e+01
   3.3802100e+05   3.2592773e+01
   3.3851400e+05   3.6254883e+01
   3.4583100e+05   4.2907715e+01
   3.4590100e+05   3.1127930e+01
   3.4598400e+05   3.2897949e+01
   3.5070300e+05   3.7597656e+01
   3.5078300e+05   3.0822754e+01
   3.5082700e+05   4.5104980e+01
   3.5084700e+05   3.0578613e+01
   3.5088500e+05   3.0700684e+01
   3.5095800e+05   3.1433105e+01
   3.5599500e+05   3.2958984e+01
   3.5603300e+05   3.4729004e+01
   3.5609300e+05   3.3569336e+01
   3.5616100e+05   4.2053223e+01
   3.6176500e+05   3.2348633e+01
   3.6184000e+05   3.0883789e+01
   3.6187400e+05   3.9367676e+01
   3.6188700e+05   5.9204102e+01
   3.6190700e+05   4.0222168e+01
   3.6200500e+05   3.2653809e+01
   3.6210200e+05   3.0639648e+01
   3.6834600e+05   3.4484863e+01
   3.6839200e+05   3.1799316e+01
   3.6841800e+05   3.0700684e+01
   3.6844600e+05   4.9194336e+01
   3.6847100e+05   4.2358398e+01
   3.6849500e+05   3.4667969e+01
   3.6852400e+05   3.6499023e+01
   3.6860700e+05   3.1250000e+01
   3.6863800e+05   3.1127930e+01
   3.6867000e+05   4.2297363e+01
   3.7567100e+05   3.7536621e+01
   3.7573000e+05   3.4484863e+01
   3.7574400e+05   4.2907715e+01
   3.7575500e+05   4.8217773e+01
   3.7576900e+05   3.6865234e+01
   3.7579500e+05   3.3386230e+01
   3.7582100e+05   4.8522949e+01
   3.7584500e+05   3.0822754e+01
   3.7586000e+05   3.1555176e+01
   3.7589500e+05   4.5837402e+01
   3.7597300e+05   3.0761719e+01
   3.7629700e+05   3.1372070e+01
   3.7631200e+05   3.8330078e+01
   3.7642000e+05   3.1372070e+01
   3.7650500e+05   3.1982422e+01
   3.7860700e+05   3.4362793e+01
   3.8411000e+05   3.1066895e+01
   3.8429500e+05   4.1564941e+01
   3.8442000e+05   3.8146973e+01
   3.8446200e+05   4.6630859e+01
   3.8957100e+05   3.6621094e+01
   3.8970700e+05   3.3386230e+01
   3.8985100e+05   3.7109375e+01
   3.9495000e+05   3.7963867e+01
   3.9508500e+05   3.1555176e+01
   3.9510700e+05   3.8085938e+01
   3.9525900e+05   4.8400879e+01
   3.9529500e+05   3.6010742e+01
   4.0131500e+05   4.0039063e+01
   4.0137300e+05   3.0883789e+01
   4.0139500e+05   3.4790039e+01
   4.0141400e+05   3.6193848e+01
   4.0144600e+05   3.9062500e+01
   4.0147000e+05   3.2409668e+01
   4.0151400e+05   3.2470703e+01
   4.0155500e+05   3.1005859e+01
   4.0158500e+05   4.4250488e+01
   4.0159900e+05   3.6865234e+01
   4.0162000e+05   3.3264160e+01
   4.0168200e+05   4.4433594e+01
   4.0801900e+05   3.4423828e+01
   4.0803500e+05   3.1127930e+01
   4.0807400e+05   7.5439453e+01
   4.0809700e+05   4.4860840e+01
   4.0820700e+05   3.3264160e+01
   4.0825000e+05   3.1066895e+01
   4.0826200e+05   3.5583496e+01
   4.0830900e+05   3.1311035e+01
   4.0835800e+05   4.0466309e+01
   4.0870600e+05   3.2409668e+01
   4.0884800e+05   3.3386230e+01
   4.0886100e+05   3.1066895e+01
   4.0912400e+05   3.7231445e+01
   4.0913900e+05   3.0883789e+01
   4.1597700e+05   3.7231445e+01
   4.1602000e+05   3.0944824e+01
   4.1604400e+05   5.4138184e+01
   4.1606600e+05   3.6621094e+01
   4.1609200e+05   3.1311035e+01
   4.1610300e+05   3.5583496e+01
   4.1611300e+05   4.2114258e+01
   4.1619900e+05   3.6682129e+01
   4.1656200e+05   3.0944824e+01
   4.1697700e+05   3.0578613e+01
   4.1710800e+05   3.2897949e+01
   4.1740800e+05   3.6804199e+01
   4.2363900e+05   3.7109375e+01
   4.2376800e+05   3.6193848e+01
   4.2379600e+05   4.2724609e+01
   4.2381400e+05   4.2785645e+01
   4.2388800e+05   3.5705566e+01
   4.2392100e+05   3.1250000e+01
   4.2395900e+05   3.1921387e+01
   4.2398800e+05   3.3447266e+01
   4.2410700e+05   4.0832520e+01
   4.3089300e+05   4.0771484e+01
   4.3092800e+05   3.5217285e+01
   4.3094500e+05   4.1076660e+01
   4.3098900e+05   3.2165527e+01
   4.3101000e+05   3.4240723e+01
   4.3104100e+05   4.8950195e+01
   4.3107800e+05   3.1311035e+01
   4.3110100e+05   5.4870605e+01
   4.3165900e+05   4.1870117e+01
   4.3180300e+05   3.1372070e+01
   4.3884400e+05   3.1433105e+01
   4.3887900e+05   4.3395996e+01
   4.3888900e+05   3.8940430e+01
   4.3893700e+05   3.4423828e+01
   4.3991500e+05   3.1494141e+01
   4.4699800e+05   3.9916992e+01
   4.4702200e+05   3.4790039e+01
   4.4705200e+05   5.6091309e+01
   4.4708500e+05   3.9978027e+01
   4.4712800e+05   3.2897949e+01
   4.4716600e+05   3.4667969e+01
   4.4719300e+05   3.1677246e+01
   4.4781100e+05   3.5949707e+01
   4.5485400e+05   3.7048340e+01
   4.5487100e+05   5.5969238e+01
   4.5490800e+05   3.2714844e+01
   4.5491900e+05   3.8879395e+01
   4.5493300e+05   3.6621094e+01
   4.5497400e+05   3.2165527e+01
   4.5506300e+05   3.0700684e+01
   4.6253600e+05   3.2592773e+01
   4.6256100e+05   4.4921875e+01
   4.6258900e+05   3.6621094e+01
   4.6260100e+05   6.3232422e+01
   4.6261300e+05   4.1870117e+01
   4.6263700e+05   3.4240723e+01
   4.6266500e+05   3.6682129e+01
   4.6348400e+05   3.1311035e+01
   4.6419000e+05   3.1433105e+01
   4.6976700e+05   3.3142090e+01
   4.6978600e+05   4.2236328e+01
   4.6981000e+05   6.2194824e+01
   4.6982000e+05   5.0659180e+01
   4.6984700e+05   4.7546387e+01
   4.6986000e+05   3.5522461e+01
   4.6989000e+05   4.5104980e+01
   4.6993600e+05   3.2592773e+01
   4.7000000e+05   3.2165527e+01
   4.7734700e+05   4.6813965e+01
   4.7737500e+05   5.8959961e+01
   4.7739000e+05   5.3283691e+01
   4.7741200e+05   3.5888672e+01
   4.7744400e+05   4.5776367e+01
   4.7745900e+05   3.4606934e+01
   4.7813800e+05   3.0578613e+01
   4.7872000e+05   3.3569336e+01
   4.8467100e+05   3.1494141e+01
   4.8470900e+05   4.5043945e+01
   4.8472400e+05   5.8410645e+01
   4.8474300e+05   4.5776367e+01
   4.8482000e+05   3.5339355e+01
   4.8486500e+05   3.3264160e+01
   4.8495200e+05   3.3203125e+01
   4.8542600e+05   3.1311035e+01
   4.9163600e+05   3.6254883e+01
   4.9169300e+05   3.4118652e+01
   4.9171500e+05   7.3059082e+01
   4.9172700e+05   5.9997559e+01
   4.9174800e+05   4.5532227e+01
   4.9176500e+05   3.2958984e+01
   4.9178600e+05   4.3579102e+01
   4.9297400e+05   3.2226563e+01
   4.9929500e+05   3.4057617e+01
   4.9933000e+05   5.3955078e+01
   4.9934200e+05   3.7292480e+01
   4.9938500e+05   3.6987305e+01
   4.9940700e+05   3.2226563e+01
   4.9942700e+05   3.3691406e+01
   4.9952100e+05   3.1799316e+01
   4.9975200e+05   3.0578613e+01
   5.0717700e+05   3.3508301e+01
   5.0721200e+05   3.1433105e+01
   5.0722400e+05   7.0739746e+01
   5.0724700e+05   4.2785645e+01
   5.0726600e+05   3.1555176e+01
   5.0730500e+05   3.5217285e+01
   5.0735200e+05   4.4128418e+01
   5.1435500e+05   3.5095215e+01
   5.1439500e+05   5.9326172e+01
   5.1440900e+05   3.5522461e+01
   5.1444100e+05   3.8146973e+01
   5.1447000e+05   3.2836914e+01
   5.1459800e+05   4.5654297e+01
   5.1501700e+05   3.0944824e+01
   5.1503500e+05   3.7231445e+01
   5.2129500e+05   3.4484863e+01
   5.2131600e+05   3.6254883e+01
   5.2133500e+05   8.8256836e+01
   5.2135000e+05   3.6926270e+01
   5.2137800e+05   3.5583496e+01
   5.2146500e+05   3.5034180e+01
   5.2828300e+05   3.1311035e+01
   5.2831100e+05   5.0659180e+01
   5.2832500e+05   3.7780762e+01
   5.2839400e+05   3.2958984e+01
   5.2928000e+05   3.0944824e+01
   5.3632100e+05   3.0578613e+01
   5.3636000e+05   3.9489746e+01
   5.3637200e+05   6.9030762e+01
   5.3642000e+05   3.1921387e+01
   5.3646400e+05   3.3020020e+01
   5.4424100e+05   3.3447266e+01
   5.4428700e+05   3.5339355e+01
   5.4430600e+05   6.4514160e+01
   5.4432400e+05   3.7780762e+01
   5.4435800e+05   3.1494141e+01
   5.4437300e+05   3.4606934e+01
   5.4439700e+05   4.2114258e+01
   5.4441900e+05   3.4423828e+01
   5.4452000e+05   3.2348633e+01
   5.4503000e+05   3.2653809e+01
   5.5222900e+05   3.0822754e+01
   5.5228500e+05   7.6782227e+01
   5.5229600e+05   3.9489746e+01
   5.5232900e+05   3.6621094e+01
   5.5234400e+05   4.3090820e+01
   5.5240500e+05   3.9245605e+01
   5.5294000e+05   3.5461426e+01
   5.5356100e+05   3.1982422e+01
   5.6025400e+05   4.0527344e+01
   5.6026500e+05   7.0495605e+01
   5.6027900e+05   4.6752930e+01
   5.6060700e+05   3.2836914e+01
   5.6789500e+05   3.8696289e+01
   5.6792800e+05   3.1433105e+01
   5.6796000e+05   6.0974121e+01
   5.6797200e+05   3.4484863e+01
   5.6803600e+05   3.5156250e+01
   5.6808300e+05   3.1799316e+01
   5.6815200e+05   3.1005859e+01
   5.7619100e+05   3.1860352e+01
   5.7624900e+05   5.0598145e+01
   5.7627800e+05   6.0546875e+01
   5.7628800e+05   5.0781250e+01
   5.7631400e+05   3.9794922e+01
   5.7632800e+05   3.5400391e+01
   5.7633900e+05   3.8574219e+01
   5.8416600e+05   3.9855957e+01
   5.8419800e+05   3.4667969e+01
   5.8420800e+05   6.0791016e+01
   5.8423900e+05   3.3996582e+01
   5.8427600e+05   4.9133301e+01
   5.8429600e+05   3.6499023e+01
   5.8441300e+05   3.4484863e+01
   5.9244900e+05   3.3630371e+01
   5.9247300e+05   5.5786133e+01
   5.9248300e+05   3.4667969e+01
   5.9251100e+05   3.2287598e+01
   5.9253100e+05   3.5217285e+01
   5.9256300e+05   3.4179688e+01
   5.9260700e+05   3.2226563e+01
   6.0080800e+05   5.8288574e+01
   6.0083100e+05   4.8583984e+01
   6.0086500e+05   3.6315918e+01
   6.0087600e+05   3.0578613e+01
   6.0090000e+05   3.2958984e+01
   6.0094000e+05   3.0822754e+01
   6.0146500e+05   3.1799316e+01
   6.0914800e+05   3.6560059e+01
   6.0918900e+05   5.0720215e+01
   6.0920000e+05   6.0729980e+01
   6.0923400e+05   3.1005859e+01
   6.0928100e+05   3.5827637e+01
   6.0932800e+05   3.2226563e+01
   6.0939600e+05   3.7963867e+01
   6.1762500e+05   4.0222168e+01
   6.1764500e+05   3.6560059e+01
   6.1765800e+05   3.6437988e+01
   6.1767200e+05   3.5400391e+01
   6.1774900e+05   3.0883789e+01
   6.1785900e+05   3.4301758e+01
   6.1863200e+05   3.2592773e+01
   6.1883100e+05   3.1494141e+01
   6.2586100e+05   3.2348633e+01
   6.2588500e+05   3.0761719e+01
   6.2590400e+05   4.3029785e+01
   6.2593500e+05   3.7048340e+01
   6.2596300e+05   5.6518555e+01
   6.2598900e+05   4.0161133e+01
   6.2601200e+05   3.6743164e+01
   6.2722600e+05   3.4606934e+01
   6.3476400e+05   3.4179688e+01
   6.3479700e+05   3.1677246e+01
   6.3481700e+05   3.9672852e+01
   6.3483500e+05   3.2226563e+01
   6.3485600e+05   3.1738281e+01
   6.3487800e+05   3.4179688e+01
   6.3489200e+05   3.1677246e+01
   6.3494800e+05   3.2409668e+01
   6.3561300e+05   3.2958984e+01
   6.4319000e+05   3.2165527e+01
   6.4320600e+05   3.8757324e+01
   6.4322400e+05   4.3273926e+01
   6.4325400e+05   4.2053223e+01
   6.4326500e+05   3.9489746e+01
   6.4330100e+05   3.3569336e+01
   6.4335300e+05   3.1982422e+01
   6.4342200e+05   3.3691406e+01
   6.5161500e+05   3.5583496e+01
   6.5163900e+05   4.0344238e+01
   6.5165800e+05   4.0344238e+01
   6.5166800e+05   3.7780762e+01
   6.5171300e+05   5.0109863e+01
   6.5173800e+05   3.2165527e+01
   6.5180800e+05   3.5095215e+01
   6.5313800e+05   3.1066895e+01
   6.6062700e+05   3.4423828e+01
   6.6063800e+05   3.7170410e+01
   6.6066300e+05   3.2531738e+01
   6.6067700e+05   3.0639648e+01
   6.6070100e+05   4.1320801e+01
   6.6072100e+05   4.7790527e+01
   6.6075700e+05   3.4118652e+01
   6.6080700e+05   3.6987305e+01
   6.6087000e+05   3.1921387e+01
   6.6979000e+05   3.4606934e+01
   6.6983600e+05   3.0944824e+01
   6.6985900e+05   3.7963867e+01
   6.6987000e+05   4.8828125e+01
   6.6990100e+05   3.5461426e+01
   6.6996000e+05   3.3264160e+01
   6.7001100e+05   3.9550781e+01
   6.7102600e+05   3.4423828e+01
   6.7913300e+05   3.2287598e+01
   6.7919100e+05   3.8940430e+01
   6.7921600e+05   3.7109375e+01
   6.7923300e+05   3.9978027e+01
   6.7925800e+05   3.3386230e+01
   6.7927200e+05   3.6132813e+01
   6.7929900e+05   3.6071777e+01
   6.7935900e+05   3.2531738e+01
   6.7938800e+05   3.4606934e+01
   6.7965100e+05   3.1372070e+01
   6.8858400e+05   3.6621094e+01
   6.8860400e+05   7.0983887e+01
   6.8862900e+05   4.7973633e+01
   6.8870600e+05   3.0944824e+01
   6.8872300e+05   3.9489746e+01
   6.8881400e+05   3.1494141e+01
   6.9819500e+05   3.5095215e+01
   6.9820900e+05   3.5095215e+01
   6.9824100e+05   4.8522949e+01
   6.9826300e+05   5.6579590e+01
   6.9827800e+05   3.2348633e+01
   6.9830200e+05   4.2663574e+01
   6.9831200e+05   3.7841797e+01
   6.9837500e+05   4.0283203e+01
   6.9846600e+05   3.1188965e+01
   7.0751000e+05   4.1564941e+01
   7.0754300e+05   3.1433105e+01
   7.0755600e+05   4.6386719e+01
   7.0756700e+05   7.8735352e+01
   7.0759200e+05   5.3222656e+01
   7.0762300e+05   3.5156250e+01
   7.0763300e+05   3.9550781e+01
   7.0766600e+05   4.6447754e+01
   7.0778800e+05   3.1433105e+01
   7.0825800e+05   3.2653809e+01
   7.1723600e+05   3.2348633e+01
   7.1726400e+05   4.0954590e+01
   7.1728300e+05   5.5175781e+01
   7.1731000e+05   4.2602539e+01
   7.1733400e+05   3.8940430e+01
   7.1735500e+05   5.0048828e+01
   7.1751000e+05   3.7719727e+01
   7.1835500e+05   3.5522461e+01
   7.2664700e+05   3.1005859e+01
   7.2667200e+05   3.5522461e+01
   7.2670200e+05   5.5114746e+01
   7.2672200e+05   3.7292480e+01
   7.2675500e+05   3.1860352e+01
   7.2677900e+05   3.5339355e+01
   7.2680400e+05   3.1188965e+01
   7.2684600e+05   3.2958984e+01
   7.2689300e+05   3.3142090e+01
   7.2696000e+05   3.1921387e+01
   7.3612700e+05   3.1250000e+01
   7.3615700e+05   3.0944824e+01
   7.3618000e+05   3.2226563e+01
   7.3621500e+05   3.6804199e+01
   7.3629400e+05   4.2663574e+01
   7.3633000e+05   3.1127930e+01
   7.4581400e+05   3.1066895e+01
   7.4585100e+05   3.3569336e+01
   7.4587700e+05   4.7546387e+01
   7.4590300e+05   4.0893555e+01
   7.4591600e+05   3.0578613e+01
   7.4595200e+05   3.4118652e+01
   7.4597600e+05   4.2541504e+01
   7.4600400e+05   3.3996582e+01
   7.4602300e+05   3.5156250e+01
   7.5507200e+05   3.5949707e+01
   7.5513300e+05   4.6936035e+01
   7.5515500e+05   4.4799805e+01
   7.5521500e+05   3.5339355e+01
   7.5524800e+05   3.0761719e+01
   7.5529000e+05   3.1921387e+01
   7.6464900e+05   3.2653809e+01
   7.6469000e+05   4.0344238e+01
   7.6470300e+05   6.8359375e+01
   7.6478200e+05   3.2714844e+01
   7.6479900e+05   3.6987305e+01
   7.6485600e+05   3.2409668e+01
   7.6487300e+05   3.5095215e+01
   7.7478800e+05   3.5034180e+01
   7.7482500e+05   3.8208008e+01
   7.7487200e+05   3.9855957e+01
   7.7500600e+05   3.0578613e+01
   7.7516100e+05   3.1066895e+01
   7.8439000e+05   3.6132813e+01
   7.8444500e+05   3.2226563e+01
   7.8446700e+05   4.2663574e+01
   7.8450000e+05   3.7292480e+01
   7.8451000e+05   4.2968750e+01
   7.8461500e+05   3.7963867e+01
   7.9413300e+05   3.2592773e+01
   7.9423800e+05   3.1616211e+01
   7.9426200e+05   5.2124023e+01
   7.9429000e+05   3.0822754e+01
   7.9448800e+05   3.1860352e+01
   8.0402000e+05   3.2409668e+01
   8.0404000e+05   4.0649414e+01
   8.0410900e+05   3.2897949e+01
   8.0418000e+05   3.2592773e+01
   8.0449200e+05   3.2653809e+01
   8.1378500e+05   3.6315918e+01
   8.1387300e+05   3.7780762e+01
   8.1409200e+05   3.6926270e+01
   8.2401000e+05   3.6437988e+01
   8.2429500e+05   3.0761719e+01
   8.2441800e+05   3.3752441e+01
   8.3362700e+05   3.4362793e+01
   8.3367500e+05   3.0578613e+01
   8.3372500e+05   3.3203125e+01
   8.4452900e+05   3.4301758e+01
   8.5515500e+05   3.2470703e+01
   8.5541800e+05   3.0944824e+01
   8.5552900e+05   3.2775879e+01
   8.5569600e+05   4.5410156e+01
   8.6611800e+05   3.7170410e+01
   8.6618400e+05   3.1188965e+01
   8.7626400e+05   3.4606934e+01
   8.8768000e+05   3.4484863e+01
   8.9777000e+05   3.5644531e+01
   8.9802200e+05   3.2104492e+01
   9.0839400e+05   3.5034180e+01
   9.3000600e+05   3.2409668e+01
   9.4208400e+05   3.1677246e+01
   9.5333900e+05   3.3996582e+01
   9.5390100e+05   3.3142090e+01
   9.7935100e+05   3.2775879e+01
   9.7961000e+05   3.2531738e+01
   1.1201730e+06   3.1250000e+01
   1.1270020e+06   3.9062500e+01
   1.2104940e+06   3.7048340e+01
   1.3048050e+06   3.2348633e+01
   1.3163360e+06   3.6376953e+01
   1.3234170e+06   3.5583496e+01
   1.3570960e+06   3.3508301e+01
   1.4072220e+06   3.6254883e+01
   1.4407260e+06   3.2409668e+01
   1.4594550e+06   3.3691406e+01
   1.4829330e+06   4.4860840e+01
   1.5104230e+06   3.3203125e+01
   1.5655820e+06   3.1066895e+01
   1.5911010e+06   3.9001465e+01
   1.5919530e+06   3.4851074e+01
   1.6211980e+06   3.5095215e+01
   1.6470510e+06   3.0944824e+01
   1.6764450e+06   3.1311035e+01
   1.6888460e+06   3.3325195e+01
   1.6985400e+06   3.5461426e+01
   1.7100620e+06   3.1250000e+01
   1.7192990e+06   3.1860352e+01
   1.7328310e+06   3.0761719e+01
   1.7346440e+06   4.6813965e+01
   1.7391760e+06   3.1250000e+01
   1.7468740e+06   3.6010742e+01
   1.7479860e+06   3.1616211e+01
   1.7588160e+06   3.3447266e+01
   1.7765930e+06   3.2775879e+01
   1.8483580e+06   3.3935547e+01
   1.8672830e+06   3.1738281e+01
   1.8747820e+06   3.3691406e+01
   1.8752050e+06   3.5217285e+01
   1.9134430e+06   3.4973145e+01
   1.9701760e+06   3.3325195e+01
   1.9706710e+06   3.1860352e+01
   1.9709410e+06   3.3508301e+01
   2.0231550e+06   3.2653809e+01
   2.0732980e+06   3.5949707e+01
   2.0819590e+06   3.7780762e+01
   2.1496240e+06   3.5156250e+01
   2.1499100e+06   3.2409668e+01
   2.1776690e+06   3.2165527e+01
   2.2359060e+06   3.2409668e+01
   2.2363030e+06   3.3630371e+01
   2.2426550e+06   3.8208008e+01
   2.2426980e+06   3.0578613e+01
   2.2655260e+06   3.7719727e+01
   2.2735000e+06   3.3020020e+01
   2.2743200e+06   3.2348633e+01
   2.2850760e+06   3.8330078e+01
   2.3126340e+06   3.3996582e+01
   2.3308690e+06   3.4973145e+01
   2.3313670e+06   3.1066895e+01
   2.3630890e+06   3.2531738e+01
   2.3635730e+06   3.2714844e+01
   2.3888050e+06   3.3630371e+01
   2.3952660e+06   3.5522461e+01
   2.4125050e+06   3.1982422e+01
   2.4131280e+06   3.0944824e+01
   2.4369140e+06   3.5949707e+01
   2.4547330e+06   3.3813477e+01
   2.4723920e+06   3.4790039e+01
   2.4798170e+06   3.3020020e+01
   2.5066570e+06   3.3203125e+01
   2.5348280e+06   3.6743164e+01
   2.5349530e+06   3.1005859e+01
   2.5460450e+06   3.1860352e+01
   2.5516530e+06   3.8391113e+01
   2.5579560e+06   3.9001465e+01
   2.5582550e+06   3.1433105e+01
   2.5739810e+06   3.2775879e+01
   2.5796120e+06   3.7170410e+01
   2.5913050e+06   3.7780762e+01
   2.6009680e+06   3.6621094e+01
   2.6065000e+06   3.1677246e+01
   2.6067490e+06   3.2470703e+01
   2.6249080e+06   3.9916992e+01
   2.6250630e+06   3.3508301e+01
   2.6300700e+06   3.9489746e+01
   2.6304090e+06   3.1250000e+01
   2.6412450e+06   3.4240723e+01
   2.6465630e+06   3.6010742e+01
   2.6467660e+06   3.0883789e+01
   2.6468640e+06   3.2226563e+01
   2.6529620e+06   3.0944824e+01
   2.6590620e+06   3.4057617e+01
   2.6655180e+06   3.6193848e+01
   2.6725210e+06   3.2287598e+01
   2.6787120e+06   3.8452148e+01
   2.6790610e+06   3.3203125e+01
   2.6852850e+06   3.1311035e+01
   2.6962340e+06   3.7292480e+01
   2.7089380e+06   3.2836914e+01
   2.7090660e+06   3.0761719e+01
   2.7157140e+06   4.0710449e+01
   2.7220810e+06   4.0222168e+01
   2.7221960e+06   3.1677246e+01
   2.7223260e+06   3.0822754e+01
   2.7287760e+06   3.3203125e+01
   2.7289580e+06   3.1066895e+01
   2.7354440e+06   3.1250000e+01
   2.7355620e+06   3.4545898e+01
   2.7357860e+06   3.0883789e+01
   2.7423820e+06   3.4851074e+01
   2.7426690e+06   3.2714844e+01
   2.7494710e+06   3.1982422e+01
   2.7560930e+06   3.1311035e+01
   2.7630380e+06   3.8452148e+01
   2.7765790e+06   3.4729004e+01
   2.7768100e+06   3.2653809e+01
   2.7822970e+06   3.2653809e+01
   2.7868540e+06   3.4362793e+01
   2.7869270e+06   3.0883789e+01
   2.7870140e+06   3.1738281e+01
   2.7870350e+06   3.2836914e+01
   2.7870570e+06   3.6437988e+01
   2.7871960e+06   3.1616211e+01
   2.7872880e+06   3.1005859e+01
   2.7972010e+06   3.3813477e+01
   2.7973330e+06   4.3640137e+01
   2.8030790e+06   3.2104492e+01
   2.8085710e+06   4.1564941e+01
   2.8088860e+06   3.2470703e+01
   2.8143100e+06   3.5461426e+01
   2.8145740e+06   3.0822754e+01
   2.8209740e+06   3.3447266e+01
   2.8210330e+06   3.1372070e+01
   2.8285570e+06   3.7353516e+01
   2.8355340e+06   3.2592773e+01
   2.8357370e+06   3.0761719e+01
   2.8357920e+06   3.1250000e+01
   2.8434430e+06   3.1799316e+01
   2.8436210e+06   3.6865234e+01
   2.8436350e+06   3.1005859e+01
   2.8502960e+06   3.0761719e+01
   2.8505940e+06   3.4423828e+01
   2.8573970e+06   3.9916992e+01
   2.8575660e+06   3.1799316e+01
   2.8576290e+06   3.1860352e+01
   2.8578410e+06   3.0578613e+01
   2.8645570e+06   3.0822754e+01
   2.8708540e+06   3.4057617e+01
   2.8776070e+06   3.2958984e+01
   2.8778120e+06   3.3630371e+01
   2.8778330e+06   3.5034180e+01
   2.8778820e+06   3.5339355e+01
   2.8779180e+06   3.2409668e+01
   2.8779820e+06   3.1127930e+01
   2.8780320e+06   3.0700684e+01
   2.8864230e+06   3.8452148e+01
   2.8912530e+06   3.2470703e+01
   2.8915780e+06   3.0761719e+01
   2.8963630e+06   3.8513184e+01
   2.9015760e+06   3.4423828e+01
   2.9131870e+06   3.2531738e+01
   2.9135650e+06   3.3203125e+01
   2.9196840e+06   4.2114258e+01
   2.9198910e+06   4.1625977e+01
   2.9199380e+06   3.3935547e+01
   2.9199800e+06   3.0700684e+01
   2.9200430e+06   3.5644531e+01
   2.9201560e+06   3.4179688e+01
   2.9268340e+06   3.0883789e+01
   2.9269540e+06   4.4006348e+01
   2.9338890e+06   3.8818359e+01
   2.9339950e+06   3.4606934e+01
   2.9340940e+06   3.7963867e+01
   2.9341220e+06   4.3029785e+01
   2.9425190e+06   3.5644531e+01
   2.9427260e+06   3.2287598e+01
   2.9427710e+06   3.0883789e+01
   2.9428050e+06   3.1005859e+01
   2.9428590e+06   3.3325195e+01
   2.9429940e+06   3.6499023e+01
   2.9501500e+06   3.4240723e+01
   2.9504000e+06   3.0883789e+01
   2.9504260e+06   3.4729004e+01
   2.9504570e+06   3.2897949e+01
   2.9504840e+06   4.0649414e+01
   2.9507530e+06   3.5217285e+01
   2.9587780e+06   3.5400391e+01
   2.9590190e+06   3.2409668e+01
   2.9590460e+06   3.4790039e+01
   2.9590670e+06   3.2897949e+01
   2.9590990e+06   5.4382324e+01
   2.9591330e+06   4.8889160e+01
   2.9591870e+06   3.5644531e+01
   2.9592780e+06   3.1616211e+01
   2.9592950e+06   3.9001465e+01
   2.9681530e+06   3.1250000e+01
   2.9683710e+06   3.7292480e+01
   2.9684110e+06   3.4057617e+01
   2.9743250e+06   3.6315918e+01
   2.9743770e+06   4.1687012e+01
   2.9744100e+06   3.8513184e+01
   2.9744360e+06   3.6865234e+01
   2.9744670e+06   3.9489746e+01
   2.9744980e+06   3.1066895e+01
   2.9746230e+06   3.3996582e+01
   2.9806070e+06   3.1311035e+01
   2.9809620e+06   4.3029785e+01
   2.9810960e+06   3.5400391e+01
   2.9881500e+06   4.1687012e+01
   2.9884000e+06   3.2897949e+01
   2.9884430e+06   3.1555176e+01
   2.9884610e+06   3.7902832e+01
   2.9885740e+06   3.4606934e+01
   2.9886370e+06   3.2531738e+01
   2.9888810e+06   3.3264160e+01
   2.9971490e+06   3.2470703e+01
   2.9972160e+06   5.6335449e+01
   2.9972560e+06   3.2714844e+01
   2.9973590e+06   3.1616211e+01
   3.0043790e+06   3.3081055e+01
   3.0045180e+06   3.3996582e+01
   3.0045950e+06   3.1616211e+01
   3.0046670e+06   3.6682129e+01
   3.0047380e+06   3.6743164e+01
   3.0047570e+06   4.3029785e+01
   3.0048260e+06   3.4851074e+01
   3.0048530e+06   3.5949707e+01
   3.0133240e+06   3.2043457e+01
   3.0133670e+06   3.3020020e+01
   3.0134420e+06   3.2104492e+01
   3.0134980e+06   3.5766602e+01
   3.0135220e+06   3.9306641e+01
   3.0136950e+06   4.0954590e+01
   3.0216630e+06   3.9428711e+01
   3.0217270e+06   3.2592773e+01
   3.0217460e+06   4.0954590e+01
   3.0217710e+06   4.0405273e+01
   3.0217930e+06   4.6386719e+01
   3.0218140e+06   3.3752441e+01
   3.0218420e+06   3.5949707e+01
   3.0218800e+06   3.3142090e+01
   3.0219200e+06   3.3447266e+01
   3.0223430e+06   4.9438477e+01
   3.0224570e+06   3.4362793e+01
   3.0228070e+06   3.1982422e+01
   3.0300900e+06   3.0822754e+01
   3.0303650e+06   3.1799316e+01
   3.0303940e+06   3.1127930e+01
   3.0304210e+06   3.5461426e+01
   3.0304590e+06   4.5837402e+01
   3.0305190e+06   3.1311035e+01
   3.0306740e+06   3.1738281e+01
   3.0359070e+06   3.7841797e+01
   3.0359230e+06   3.6376953e+01
   3.0359510e+06   4.1625977e+01
   3.0360650e+06   3.1555176e+01
   3.0407680e+06   3.1494141e+01
   3.0410920e+06   3.8879395e+01
   3.0411560e+06   3.1860352e+01
   3.0412710e+06   3.8330078e+01
   3.0415290e+06   3.9245605e+01
   3.0457830e+06   3.2409668e+01
   3.0461000e+06   3.1066895e+01
   3.0461110e+06   3.5095215e+01
   3.0462060e+06   3.2409668e+01
   3.0462180e+06   4.6630859e+01
   3.0463720e+06   3.2287598e+01
   3.0516180e+06   3.2653809e+01
   3.0516880e+06   3.4301758e+01
   3.0516980e+06   4.5166016e+01
   3.0573320e+06   3.6193848e+01
   3.0576580e+06   3.2714844e+01
   3.0576950e+06   4.6875000e+01
   3.0577230e+06   3.1860352e+01
   3.0578030e+06   4.1015625e+01
   3.0578450e+06   3.2348633e+01
   3.0637660e+06   3.2836914e+01
   3.0638560e+06   4.3579102e+01
   3.0639020e+06   3.4790039e+01
   3.0640290e+06   4.6203613e+01
   3.0641130e+06   4.4372559e+01
   3.0641280e+06   3.6499023e+01
   3.0641700e+06   3.4729004e+01
   3.0700570e+06   3.6437988e+01
   3.0701680e+06   3.2470703e+01
   3.0703010e+06   3.2104492e+01
   3.0703330e+06   3.2714844e+01
   3.0705060e+06   3.6254883e+01
   3.0707970e+06   3.0578613e+01
   3.0771430e+06   3.3386230e+01
   3.0771710e+06   3.3935547e+01
   3.0771950e+06   3.3447266e+01
   3.0773730e+06   5.0109863e+01
   3.0773970e+06   3.1494141e+01
   3.0774390e+06   3.3935547e+01
   3.0775220e+06   3.7109375e+01
   3.0776570e+06   3.4851074e+01
   3.0850060e+06   3.7170410e+01
   3.0850610e+06   3.5522461e+01
   3.0850760e+06   3.4729004e+01
   3.0851350e+06   3.2531738e+01
   3.0851720e+06   3.8513184e+01
   3.0852280e+06   3.1860352e+01
   3.0852450e+06   3.8391113e+01
   3.0852820e+06   4.0100098e+01
   3.0853160e+06   3.3142090e+01
   3.0853290e+06   3.3752441e+01
   3.0853700e+06   3.9550781e+01
   3.0854600e+06   3.3630371e+01
   3.0932660e+06   3.1372070e+01
   3.0933090e+06   3.9306641e+01
   3.0933240e+06   5.6274414e+01
   3.0933360e+06   3.3264160e+01
   3.0933730e+06   4.0771484e+01
   3.0933840e+06   3.4484863e+01
   3.0934280e+06   4.3334961e+01
   3.0934410e+06   3.4240723e+01
   3.0935590e+06   3.0822754e+01
   3.0939810e+06   3.1616211e+01
   3.0941400e+06   3.4423828e+01
   3.1022240e+06   3.3752441e+01
   3.1022600e+06   3.2531738e+01
   3.1023260e+06   3.1066895e+01
   3.1024530e+06   3.4301758e+01
   3.1024980e+06   3.4301758e+01
   3.1087870e+06   3.3996582e+01
   3.1088130e+06   4.9987793e+01
   3.1088520e+06   4.6203613e+01
   3.1088650e+06   4.3090820e+01
   3.1088900e+06   3.1311035e+01
   3.1089510e+06   3.4606934e+01
   3.1091050e+06   3.1066895e+01
   3.1091700e+06   3.2043457e+01
   3.1156290e+06   4.0832520e+01
   3.1156500e+06   3.1311035e+01
   3.1156790e+06   5.9814453e+01
   3.1157000e+06   5.3405762e+01
   3.1157180e+06   3.7109375e+01
   3.1157460e+06   3.7536621e+01
   3.1157790e+06   5.1452637e+01
   3.1158000e+06   3.2592773e+01
   3.1158140e+06   3.1799316e+01
   3.1158830e+06   3.4423828e+01
   3.1159810e+06   3.3386230e+01
   3.1228520e+06   3.2592773e+01
   3.1229000e+06   4.7485352e+01
   3.1229170e+06   5.6091309e+01
   3.1229440e+06   4.9560547e+01
   3.1229670e+06   3.1311035e+01
   3.1230050e+06   4.1503906e+01
   3.1230270e+06   3.5034180e+01
   3.1230500e+06   3.1372070e+01
   3.1230660e+06   3.2409668e+01
   3.1230930e+06   3.1188965e+01
   3.1231270e+06   3.0761719e+01
   3.1235780e+06   3.2714844e+01
   3.1313330e+06   3.2775879e+01
   3.1313570e+06   3.4057617e+01
   3.1313790e+06   3.1616211e+01
   3.1313900e+06   5.7067871e+01
   3.1314150e+06   3.7353516e+01
   3.1314330e+06   4.1503906e+01
   3.1314440e+06   4.8156738e+01
   3.1314720e+06   5.5908203e+01
   3.1314980e+06   4.1931152e+01
   3.1315410e+06   3.7963867e+01
   3.1315600e+06   3.9184570e+01
   3.1315790e+06   3.6071777e+01
   3.1322010e+06   3.0700684e+01
   3.1397160e+06   3.3752441e+01
   3.1397720e+06   3.2531738e+01
   3.1397940e+06   3.4973145e+01
   3.1398210e+06   4.2480469e+01
   3.1398580e+06   3.9733887e+01
   3.1398750e+06   6.6894531e+01
   3.1398910e+06   4.8156738e+01
   3.1399270e+06   3.7902832e+01
   3.1399560e+06   3.2958984e+01
   3.1399940e+06   4.2541504e+01
   3.1485510e+06   3.4362793e+01
   3.1485840e+06   4.0222168e+01
   3.1485960e+06   6.2988281e+01
   3.1486170e+06   3.6193848e+01
   3.1486450e+06   3.5156250e+01
   3.1486750e+06   3.1555176e+01
   3.1487080e+06   3.8269043e+01
   3.1487310e+06   3.4912109e+01
   3.1492600e+06   3.1494141e+01
   3.1494200e+06   3.1188965e+01
   3.1568520e+06   3.1982422e+01
   3.1568970e+06   4.2236328e+01
   3.1569370e+06   3.9672852e+01
   3.1569690e+06   3.1005859e+01
   3.1570290e+06   3.3081055e+01
   3.1570860e+06   3.4851074e+01
   3.1635710e+06   3.2287598e+01
   3.1636180e+06   3.6804199e+01
   3.1636410e+06   3.9489746e+01
   3.1636540e+06   3.6804199e+01
   3.1636880e+06   3.0822754e+01
   3.1637100e+06   3.9672852e+01
   3.1637590e+06   3.3569336e+01
   3.1645080e+06   3.2897949e+01
   3.1709740e+06   3.4362793e+01
   3.1710090e+06   5.4931641e+01
   3.1710290e+06   3.9306641e+01
   3.1710440e+06   3.8269043e+01
   3.1711460e+06   3.6743164e+01
   3.1790130e+06   3.6865234e+01
   3.1790460e+06   3.4057617e+01
   3.1790610e+06   3.8513184e+01
   3.1790750e+06   5.7922363e+01
   3.1791140e+06   3.7170410e+01
   3.1791580e+06   3.4667969e+01
   3.1869490e+06   4.3090820e+01
   3.1869790e+06   3.1677246e+01
   3.1870060e+06   4.3029785e+01
   3.1870200e+06   3.1921387e+01
   3.1870440e+06   3.5888672e+01
   3.1877120e+06   3.0822754e+01
   3.1950170e+06   3.4912109e+01
   3.1950330e+06   5.3527832e+01
   3.1950450e+06   3.5644531e+01
   3.1950560e+06   3.4912109e+01
   3.1951150e+06   3.2409668e+01
   3.1957430e+06   3.3569336e+01
   3.2034620e+06   3.5644531e+01
   3.2034840e+06   3.2653809e+01
   3.2035100e+06   6.3659668e+01
   3.2035200e+06   6.5429688e+01
   3.2035440e+06   3.3447266e+01
   3.2036230e+06   3.9245605e+01
   3.2112680e+06   3.1188965e+01
   3.2113000e+06   3.1433105e+01
   3.2113290e+06   6.4880371e+01
   3.2113480e+06   3.0883789e+01
   3.2113800e+06   3.5095215e+01
   3.2114350e+06   3.9978027e+01
   3.2190420e+06   3.6315918e+01
   3.2190620e+06   6.4697266e+01
   3.2190780e+06   3.5217285e+01
   3.2271960e+06   3.3142090e+01
   3.2272360e+06   6.3598633e+01
   3.2272490e+06   4.7180176e+01
   3.2272600e+06   3.2897949e+01
   3.2272890e+06   3.2043457e+01
   3.2273180e+06   3.6560059e+01
   3.2273640e+06   3.2653809e+01
   3.2280250e+06   3.0761719e+01
   3.2344270e+06   3.4423828e+01
   3.2344770e+06   3.4729004e+01
   3.2344870e+06   5.7983398e+01
   3.2345460e+06   4.1625977e+01
   3.2345700e+06   4.1198730e+01
   3.2346020e+06   3.4179688e+01
   3.2421850e+06   3.2592773e+01
   3.2422350e+06   4.4006348e+01
   3.2422490e+06   3.4851074e+01
   3.2422770e+06   3.2897949e+01
   3.2423470e+06   3.1555176e+01
   3.2423590e+06   3.3874512e+01
   3.2430070e+06   3.0883789e+01
   3.2435190e+06   3.3203125e+01
   3.2503390e+06   4.0344238e+01
   3.2503690e+06   4.0832520e+01
   3.2503850e+06   6.8054199e+01
   3.2504010e+06   3.4240723e+01
   3.2504410e+06   3.2043457e+01
   3.2504730e+06   3.2897949e+01
   3.2583770e+06   3.1066895e+01
   3.2584090e+06   3.1982422e+01
   3.2584210e+06   4.0771484e+01
   3.2584580e+06   3.2470703e+01
   3.2584900e+06   3.5705566e+01
   3.2585520e+06   3.2836914e+01
   3.2653610e+06   3.7597656e+01
   3.2654200e+06   3.9184570e+01
   3.2654410e+06   3.0578613e+01
   3.2654650e+06   4.3701172e+01
   3.2655390e+06   3.5766602e+01
   3.2657610e+06   3.6071777e+01
   3.2725740e+06   3.2104492e+01
   3.2725840e+06   4.5104980e+01
   3.2726050e+06   5.4321289e+01
   3.2726280e+06   3.3386230e+01
   3.2726530e+06   3.4118652e+01
   3.2726790e+06   3.8879395e+01
   3.2731670e+06   3.3874512e+01
   3.2737670e+06   3.1372070e+01
   3.2803250e+06   3.1616211e+01
   3.2803490e+06   3.1738281e+01
   3.2803760e+06   3.4179688e+01
   3.2803910e+06   4.1809082e+01
   3.2804190e+06   3.8085938e+01
   3.2804400e+06   3.8024902e+01
   3.2804580e+06   3.3142090e+01
   3.2805110e+06   3.0822754e+01
   3.2878530e+06   3.0944824e+01
   3.2878900e+06   3.1860352e+01
   3.2879160e+06   5.0964355e+01
   3.2879360e+06   3.1860352e+01
   3.2879690e+06   4.5410156e+01
   3.2880070e+06   3.2043457e+01
   3.2952790e+06   3.6437988e+01
   3.2953280e+06   3.4484863e+01
   3.2953440e+06   4.1076660e+01
   3.2953770e+06   3.9062500e+01
   3.3029300e+06   3.5034180e+01
   3.3029840e+06   3.5095215e+01
   3.3029970e+06   7.1105957e+01
   3.3030110e+06   3.4362793e+01
   3.3030690e+06   3.9428711e+01
   3.3030930e+06   3.2714844e+01
   3.3114650e+06   3.1005859e+01
   3.3114840e+06   3.4729004e+01
   3.3115040e+06   3.2592773e+01
   3.3115210e+06   4.4311523e+01
   3.3115480e+06   3.5583496e+01
   3.3115700e+06   3.1860352e+01
   3.3115920e+06   3.6071777e+01
   3.3192530e+06   3.0883789e+01
   3.3192960e+06   3.0639648e+01
   3.3193200e+06   3.3996582e+01
   3.3194040e+06   3.2409668e+01
   3.3194260e+06   3.0700684e+01
   3.3272830e+06   3.1433105e+01
   3.3273030e+06   8.1909180e+01
   3.3273440e+06   3.6376953e+01
   3.3273720e+06   3.7414551e+01
   3.3274050e+06   3.4057617e+01
   3.3355730e+06   3.3203125e+01
   3.3356050e+06   3.0700684e+01
   3.3356310e+06   6.8664551e+01
   3.3356450e+06   5.1513672e+01
   3.3356720e+06   3.7841797e+01
   3.3356990e+06   4.6264648e+01
   3.3357570e+06   3.9489746e+01
   3.3358820e+06   3.2409668e+01
   3.3435350e+06   3.5644531e+01
   3.3435830e+06   4.8583984e+01
   3.3436120e+06   6.6955566e+01
   3.3436620e+06   3.5156250e+01
   3.3436830e+06   3.5400391e+01
   3.3516980e+06   3.4118652e+01
   3.3517280e+06   3.4729004e+01
   3.3517480e+06   5.6274414e+01
   3.3517700e+06   5.4321289e+01
   3.3518190e+06   4.3457031e+01
   3.3602510e+06   3.8208008e+01
   3.3602990e+06   3.3020020e+01
   3.3603220e+06   4.2724609e+01
   3.3603490e+06   3.7902832e+01
   3.3603680e+06   3.8940430e+01
   3.3603950e+06   3.9855957e+01
   3.3688610e+06   3.0883789e+01
   3.3689400e+06   3.8452148e+01
   3.3689670e+06   5.1086426e+01
   3.3689880e+06   4.8339844e+01
   3.3690270e+06   3.7719727e+01
   3.3690450e+06   4.3395996e+01
   3.3691370e+06   3.2165527e+01
   3.3779930e+06   3.3996582e+01
   3.3780500e+06   3.6987305e+01
   3.3780600e+06   4.7668457e+01
   3.3780830e+06   4.9926758e+01
   3.3780940e+06   3.7536621e+01
   3.3781170e+06   3.1616211e+01
   3.3781490e+06   4.1748047e+01
   3.3783210e+06   3.5827637e+01
   3.3785930e+06   3.1799316e+01
   3.3869510e+06   3.1860352e+01
   3.3870210e+06   3.3081055e+01
   3.3870430e+06   3.2592773e+01
   3.3870620e+06   4.3395996e+01
   3.3870730e+06   4.3945313e+01
   3.3871000e+06   3.2165527e+01
   3.3871340e+06   3.6499023e+01
   3.3964200e+06   3.3569336e+01
   3.3964790e+06   3.6865234e+01
   3.3965050e+06   3.9916992e+01
   3.3965380e+06   4.0039063e+01
   3.3965590e+06   5.0170898e+01
   3.3966220e+06   3.0822754e+01
   3.3966320e+06   3.8452148e+01
   3.3966840e+06   3.1860352e+01
   3.4063190e+06   4.8828125e+01
   3.4063360e+06   4.3029785e+01
   3.4063610e+06   3.4851074e+01
   3.4064260e+06   4.1625977e+01
   3.4064420e+06   4.2785645e+01
   3.4164910e+06   3.9489746e+01
   3.4165140e+06   4.2846680e+01
   3.4165250e+06   5.3283691e+01
   3.4165730e+06   3.0761719e+01
   3.4166350e+06   3.4667969e+01
   3.4167160e+06   3.5461426e+01
   3.4272460e+06   3.0944824e+01
   3.4272990e+06   3.7475586e+01
   3.4273280e+06   4.7546387e+01
   3.4273450e+06   3.3020020e+01
   3.4273680e+06   3.9428711e+01
   3.4273920e+06   5.2062988e+01
   3.4274230e+06   4.0405273e+01
   3.4274350e+06   5.0781250e+01
   3.4279970e+06   3.3325195e+01
   3.4375190e+06   3.2592773e+01
   3.4375770e+06   3.6010742e+01
   3.4375940e+06   3.2531738e+01
   3.4376370e+06   3.8513184e+01
   3.4376860e+06   3.4423828e+01
   3.4479940e+06   3.1738281e+01
   3.4480370e+06   3.2775879e+01
   3.4480720e+06   3.0578613e+01
   3.4481170e+06   4.9621582e+01
   3.4481560e+06   5.2307129e+01
   3.4584410e+06   3.0822754e+01
   3.4585230e+06   3.6315918e+01
   3.4585370e+06   4.3762207e+01
   3.4585700e+06   3.7658691e+01
   3.4585810e+06   3.3996582e+01
   3.4700550e+06   3.4790039e+01
   3.4700780e+06   3.2470703e+01
   3.4701280e+06   3.3020020e+01
   3.4818070e+06   3.4545898e+01
   3.4819030e+06   3.1677246e+01
   3.4819430e+06   3.4912109e+01
   3.4922560e+06   4.3212891e+01
   3.5062610e+06   3.8024902e+01
   3.5196500e+06   3.2165527e+01
   3.5198230e+06   3.0700684e+01
   3.5345950e+06   3.6499023e+01
   3.5482240e+06   3.3142090e+01
   3.9311000e+06   3.3752441e+01
   3.9914600e+06   3.1250000e+01
   3.9920200e+06   3.3203125e+01
   4.1329840e+06   3.2958984e+01
   4.1636490e+06   3.5766602e+01
   4.1687700e+06   3.3447266e+01
   4.1981310e+06   3.7536621e+01
   4.2802150e+06   3.0700684e+01
   4.3127940e+06   3.2592773e+01
   4.3602130e+06   3.4790039e+01
   4.3775980e+06   3.6865234e+01
   4.3911500e+06   3.7536621e+01
   4.4044710e+06   3.4301758e+01
   4.4391710e+06   3.1860352e+01
   4.4472830e+06   3.6804199e+01
   4.4622340e+06   3.4362793e+01
   4.5146690e+06   3.1677246e+01
   4.6126800e+06   3.3874512e+01
   4.6557260e+06   3.2104492e+01
   4.7776870e+06   3.5156250e+01
   4.7953020e+06   3.3081055e+01
   4.8220690e+06   3.7475586e+01
   4.8377320e+06   3.1616211e+01
   4.9596510e+06   3.3386230e+01
   4.9673590e+06   4.0893555e+01
   5.0210220e+06   3.3386230e+01
   5.0747500e+06   3.3569336e+01
   5.2061900e+06   3.1555176e+01
   5.2301360e+06   3.4118652e+01
   5.2775860e+06   3.1738281e+01
   5.2864340e+06   4.2236328e+01
   5.2941930e+06   3.3264160e+01
   5.2946550e+06   3.6071777e+01
   5.3034690e+06   3.4912109e+01
   5.3104070e+06   3.2287598e+01
   5.3218400e+06   3.7109375e+01
   5.3248620e+06   3.2470703e+01
   5.3406870e+06   3.6804199e+01
   5.3497180e+06   3.1372070e+01
   5.3591790e+06   3.1433105e+01
   5.3598130e+06   3.8269043e+01
   5.3756630e+06   3.5095215e+01
   5.3851260e+06   3.4973145e+01
   5.3867130e+06   3.2775879e+01
   5.3881120e+06   3.1433105e+01
   5.3990550e+06   3.1005859e+01
   5.4173950e+06   3.3691406e+01
   5.4363020e+06   3.4423828e+01
   5.4502470e+06   3.7109375e+01
   5.4589420e+06   3.4851074e+01
   5.4766520e+06   3.4179688e+01
   5.4957210e+06   3.8513184e+01
   5.5114140e+06   3.7109375e+01
   5.5213940e+06   3.4240723e+01
   5.5280560e+06   3.0700684e+01
   5.5301870e+06   3.7109375e+01
   5.5365840e+06   3.1860352e+01
   5.5542460e+06   3.1616211e+01
   5.5558490e+06   3.0639648e+01
   5.6120790e+06   3.1616211e+01
   5.6125820e+06   3.4606934e+01
   5.6140480e+06   3.1677246e+01
   5.6329150e+06   3.4301758e+01
   5.6522720e+06   3.6560059e+01
   5.6596730e+06   3.3691406e+01
   5.6755660e+06   3.4729004e+01
   5.6761930e+06   3.1677246e+01
   5.6845720e+06   3.2470703e+01
   5.6848450e+06   3.1005859e+01
   5.6940030e+06   3.0944824e+01
   5.6941610e+06   3.1616211e+01
   5.7038340e+06   3.4362793e+01
   5.7042180e+06   3.0883789e+01
   5.7202900e+06   3.4973145e+01
   5.7206820e+06   3.7780762e+01
   5.7288210e+06   3.7658691e+01
   5.7291780e+06   3.4118652e+01
   5.7354160e+06   3.1860352e+01
   5.7357300e+06   3.2470703e+01
   5.7430360e+06   3.3020020e+01
   5.7431530e+06   3.0639648e+01
   5.7501820e+06   3.3874512e+01
   5.7506020e+06   3.6621094e+01
   5.7568510e+06   3.5278320e+01
   5.7636710e+06   3.0883789e+01
   5.7691990e+06   3.2592773e+01
   5.7693170e+06   3.0944824e+01
   5.7693570e+06   3.4973145e+01
   5.7694810e+06   3.1372070e+01
   5.7752530e+06   3.1860352e+01
   5.7821790e+06   3.7841797e+01
   5.7824060e+06   3.1433105e+01
   5.7883780e+06   3.8208008e+01
   5.7886500e+06   3.0883789e+01
   5.7890320e+06   3.1860352e+01
   5.7946560e+06   4.1748047e+01
   5.7947710e+06   3.8940430e+01
   5.7948450e+06   3.3569336e+01
   5.8009970e+06   3.1555176e+01
   5.8011650e+06   3.0822754e+01
   5.8106790e+06   3.1555176e+01
   5.8108320e+06   4.2785645e+01
   5.8109760e+06   3.3447266e+01
   5.8163640e+06   3.3508301e+01
   5.8223220e+06   3.1982422e+01
   5.8294250e+06   3.1982422e+01
   5.8356830e+06   3.5888672e+01
   5.8358840e+06   3.3996582e+01
   5.8359810e+06   3.4240723e+01
   5.8419520e+06   3.1860352e+01
   5.8420430e+06   3.5217285e+01
   5.8482810e+06   3.4240723e+01
   5.8541460e+06   3.7048340e+01
   5.8543650e+06   3.2531738e+01
   5.8544890e+06   4.0039063e+01
   5.8601530e+06   3.6010742e+01
   5.8603550e+06   3.4240723e+01
   5.8603740e+06   3.2409668e+01
   5.8603970e+06   3.2348633e+01
   5.8604190e+06   3.2836914e+01
   5.8604320e+06   3.1738281e+01
   5.8661490e+06   3.0639648e+01
   5.8663960e+06   3.0639648e+01
   5.8720160e+06   3.8696289e+01
   5.8720450e+06   3.4606934e+01
   5.8720710e+06   3.3569336e+01
   5.8721950e+06   3.0944824e+01
   5.8722410e+06   3.1738281e+01
   5.8790150e+06   4.1076660e+01
   5.8790790e+06   3.0700684e+01
   5.8791740e+06   3.9001465e+01
   5.8848120e+06   3.0883789e+01
   5.8849700e+06   3.4423828e+01
   5.8850230e+06   3.2348633e+01
   5.8905780e+06   3.5644531e+01
   5.8907660e+06   3.2226563e+01
   5.8908160e+06   3.3630371e+01
   5.8908990e+06   3.2836914e+01
   5.8909930e+06   3.0578613e+01
   5.8970440e+06   4.3029785e+01
   5.8971580e+06   3.2958984e+01
   5.8972350e+06   3.0700684e+01
   5.8973160e+06   3.0639648e+01
   5.8974390e+06   3.2409668e+01
   5.9037540e+06   3.8391113e+01
   5.9039880e+06   3.8757324e+01
   5.9040970e+06   4.0283203e+01
   5.9041340e+06   3.5766602e+01
   5.9107620e+06   3.2165527e+01
   5.9164870e+06   3.4912109e+01
   5.9166070e+06   3.4179688e+01
   5.9167370e+06   3.1982422e+01
   5.9167910e+06   3.1494141e+01
   5.9232350e+06   3.1372070e+01
   5.9234140e+06   3.0761719e+01
   5.9291680e+06   3.3630371e+01
   5.9292100e+06   3.0761719e+01
   5.9292370e+06   3.1250000e+01
   5.9292890e+06   3.5644531e+01
   5.9293020e+06   3.3081055e+01
   5.9293310e+06   4.2724609e+01
   5.9293560e+06   3.3691406e+01
   5.9294140e+06   5.2429199e+01
   5.9294950e+06   3.7231445e+01
   5.9295940e+06   3.3264160e+01
   5.9371990e+06   3.9367676e+01
   5.9372220e+06   3.3691406e+01
   5.9372420e+06   3.3325195e+01
   5.9372670e+06   3.3203125e+01
   5.9373010e+06   5.4138184e+01
   5.9373490e+06   3.6743164e+01
   5.9373890e+06   3.6987305e+01
   5.9374200e+06   3.3203125e+01
   5.9375070e+06   3.1616211e+01
   5.9442080e+06   3.1433105e+01
   5.9444440e+06   3.8391113e+01
   5.9444710e+06   3.2287598e+01
   5.9499550e+06   3.6682129e+01
   5.9501990e+06   3.2592773e+01
   5.9502250e+06   3.1799316e+01
   5.9553580e+06   3.1311035e+01
   5.9556230e+06   3.0639648e+01
   5.9556590e+06   3.2287598e+01
   5.9604750e+06   3.1738281e+01
   5.9605560e+06   3.6804199e+01
   5.9659650e+06   3.3630371e+01
   5.9661240e+06   3.8085938e+01
   5.9664620e+06   3.6376953e+01
   5.9665300e+06   3.3630371e+01
   5.9718250e+06   3.2104492e+01
   5.9720280e+06   3.1250000e+01
   5.9720630e+06   3.4912109e+01
   5.9722140e+06   4.5654297e+01
   5.9779900e+06   3.1799316e+01
   5.9780410e+06   3.0822754e+01
   5.9782300e+06   3.5766602e+01
   5.9783350e+06   3.4484863e+01
   5.9846430e+06   3.6560059e+01
   5.9847210e+06   3.1921387e+01
   5.9847900e+06   3.4606934e+01
   5.9849130e+06   4.3395996e+01
   5.9849350e+06   3.9855957e+01
   5.9918190e+06   3.2104492e+01
   5.9918570e+06   3.1433105e+01
   5.9918810e+06   3.2653809e+01
   5.9919700e+06   3.2409668e+01
   5.9919850e+06   3.7292480e+01
   5.9920070e+06   3.2592773e+01
   5.9920300e+06   3.8452148e+01
   5.9920420e+06   5.3222656e+01
   5.9920550e+06   5.5786133e+01
   5.9920760e+06   4.0954590e+01
   5.9921440e+06   5.4626465e+01
   5.9992290e+06   3.8208008e+01
   5.9993020e+06   3.0700684e+01
   5.9993470e+06   3.1066895e+01
   5.9994410e+06   3.1738281e+01
   5.9995550e+06   3.2409668e+01
   5.9995750e+06   3.3569336e+01
   6.0055650e+06   3.6315918e+01
   6.0056340e+06   3.2958984e+01
   6.0056810e+06   3.1005859e+01
   6.0057950e+06   3.8391113e+01
   6.0058440e+06   4.1992188e+01
   6.0059150e+06   3.3752441e+01
   6.0059700e+06   3.2775879e+01
   6.0126730e+06   3.4667969e+01
   6.0127700e+06   3.2348633e+01
   6.0128130e+06   3.4301758e+01
   6.0128430e+06   3.3874512e+01
   6.0128770e+06   4.0649414e+01
   6.0129180e+06   3.3142090e+01
   6.0129530e+06   3.5705566e+01
   6.0129730e+06   4.2846680e+01
   6.0204490e+06   3.4729004e+01
   6.0204660e+06   3.3142090e+01
   6.0205020e+06   3.1799316e+01
   6.0205300e+06   3.4545898e+01
   6.0205730e+06   3.2897949e+01
   6.0207470e+06   3.4667969e+01
   6.0208570e+06   3.9672852e+01
   6.0279970e+06   3.3325195e+01
   6.0280200e+06   3.1433105e+01
   6.0280560e+06   3.8085938e+01
   6.0281090e+06   3.1677246e+01
   6.0281410e+06   3.2836914e+01
   6.0281910e+06   3.5705566e+01
   6.0282770e+06   4.1992188e+01
   6.0352660e+06   3.3691406e+01
   6.0353040e+06   3.4912109e+01
   6.0353430e+06   5.4260254e+01
   6.0353710e+06   3.5278320e+01
   6.0353880e+06   3.5461426e+01
   6.0354370e+06   3.1433105e+01
   6.0354580e+06   3.9245605e+01
   6.0354740e+06   3.1738281e+01
   6.0355400e+06   3.0761719e+01
   6.0426420e+06   3.0822754e+01
   6.0426550e+06   3.1921387e+01
   6.0426790e+06   5.1269531e+01
   6.0427280e+06   4.0405273e+01
   6.0427420e+06   3.7597656e+01
   6.0427780e+06   3.7048340e+01
   6.0427960e+06   3.2104492e+01
   6.0504090e+06   3.2348633e+01
   6.0504430e+06   4.1198730e+01
   6.0504620e+06   3.1311035e+01
   6.0504840e+06   4.1992188e+01
   6.0505060e+06   4.3334961e+01
   6.0505650e+06   3.5217285e+01
   6.0506190e+06   3.4729004e+01
   6.0514470e+06   3.2531738e+01
   6.0584190e+06   3.1555176e+01
   6.0584480e+06   3.5705566e+01
   6.0584660e+06   5.4931641e+01
   6.0584860e+06   3.8513184e+01
   6.0585060e+06   4.5654297e+01
   6.0585370e+06   4.5593262e+01
   6.0585520e+06   3.1433105e+01
   6.0585800e+06   3.1860352e+01
   6.0667810e+06   3.5034180e+01
   6.0668030e+06   4.1503906e+01
   6.0668390e+06   4.3273926e+01
   6.0668620e+06   4.2846680e+01
   6.0668890e+06   3.5766602e+01
   6.0669260e+06   3.1188965e+01
   6.0669540e+06   3.1982422e+01
   6.0737270e+06   3.1311035e+01
   6.0737860e+06   4.0954590e+01
   6.0738010e+06   3.1066895e+01
   6.0738370e+06   4.4860840e+01
   6.0738940e+06   3.5095215e+01
   6.0739190e+06   3.0639648e+01
   6.0804890e+06   3.5217285e+01
   6.0805310e+06   4.3457031e+01
   6.0805500e+06   3.3081055e+01
   6.0805840e+06   4.4982910e+01
   6.0805980e+06   5.3344727e+01
   6.0806250e+06   3.4729004e+01
   6.0806420e+06   3.6193848e+01
   6.0806700e+06   3.2165527e+01
   6.0807440e+06   3.2409668e+01
   6.0814660e+06   3.8146973e+01
   6.0875500e+06   3.8696289e+01
   6.0875820e+06   3.6499023e+01
   6.0875990e+06   3.1494141e+01
   6.0876090e+06   3.6315918e+01
   6.0876400e+06   5.0598145e+01
   6.0876920e+06   3.3935547e+01
   6.0877210e+06   3.1433105e+01
   6.0944230e+06   3.4301758e+01
   6.0944530e+06   3.6071777e+01
   6.0944740e+06   3.2165527e+01
   6.0945010e+06   4.1076660e+01
   6.0945870e+06   4.0039063e+01
   6.1014430e+06   3.7048340e+01
   6.1014640e+06   5.5603027e+01
   6.1014740e+06   4.5043945e+01
   6.1015240e+06   3.6010742e+01
   6.1015520e+06   3.0822754e+01
   6.1084190e+06   3.5156250e+01
   6.1084470e+06   4.3029785e+01
   6.1084630e+06   3.6926270e+01
   6.1084870e+06   3.9489746e+01
   6.1085120e+06   4.4372559e+01
   6.1085490e+06   3.1311035e+01
   6.1165880e+06   3.4790039e+01
   6.1166140e+06   3.1738281e+01
   6.1166360e+06   3.0944824e+01
   6.1166510e+06   4.6142578e+01
   6.1166770e+06   6.2316895e+01
   6.1166890e+06   3.3569336e+01
   6.1167380e+06   3.9489746e+01
   6.1167990e+06   3.2287598e+01
   6.1169110e+06   3.2348633e+01
   6.1171020e+06   3.1982422e+01
   6.1172490e+06   3.5461426e+01
   6.1239460e+06   3.2897949e+01
   6.1239740e+06   3.6315918e+01
   6.1239910e+06   4.3212891e+01
   6.1240110e+06   3.3935547e+01
   6.1240250e+06   3.1860352e+01
   6.1245240e+06   3.8574219e+01
   6.1311240e+06   3.6865234e+01
   6.1311550e+06   5.3405762e+01
   6.1311730e+06   3.6560059e+01
   6.1311950e+06   3.4790039e+01
   6.1312310e+06   3.2836914e+01
   6.1312950e+06   3.2531738e+01
   6.1316920e+06   3.4851074e+01
   6.1380820e+06   4.5043945e+01
   6.1380940e+06   3.8574219e+01
   6.1381180e+06   3.4240723e+01
   6.1381750e+06   3.3020020e+01
   6.1381870e+06   3.6560059e+01
   6.1382380e+06   3.4790039e+01
   6.1393350e+06   3.1921387e+01
   6.1450220e+06   3.2714844e+01
   6.1450860e+06   3.7170410e+01
   6.1451050e+06   3.6865234e+01
   6.1451290e+06   4.6813965e+01
   6.1451790e+06   3.8757324e+01
   6.1452170e+06   5.1391602e+01
   6.1453420e+06   3.2043457e+01
   6.1519590e+06   3.3081055e+01
   6.1520080e+06   3.7536621e+01
   6.1520250e+06   3.4179688e+01
   6.1520900e+06   3.1311035e+01
   6.1521740e+06   3.6437988e+01
   6.1524810e+06   3.0944824e+01
   6.1528660e+06   3.4667969e+01
   6.1590390e+06   3.6315918e+01
   6.1590870e+06   3.8879395e+01
   6.1590990e+06   5.1086426e+01
   6.1591170e+06   3.9428711e+01
   6.1591520e+06   3.2165527e+01
   6.1591860e+06   3.7170410e+01
   6.1592770e+06   3.4973145e+01
   6.1659160e+06   3.6560059e+01
   6.1659550e+06   3.1433105e+01
   6.1659790e+06   4.6691895e+01
   6.1659980e+06   3.7231445e+01
   6.1660280e+06   3.1127930e+01
   6.1660760e+06   3.1616211e+01
   6.1660980e+06   3.0700684e+01
   6.1731840e+06   3.1250000e+01
   6.1732240e+06   3.2409668e+01
   6.1732520e+06   5.4504395e+01
   6.1732790e+06   3.1677246e+01
   6.1733230e+06   3.2958984e+01
   6.1733460e+06   3.5095215e+01
   6.1805820e+06   3.9306641e+01
   6.1806210e+06   3.7048340e+01
   6.1806520e+06   4.4067383e+01
   6.1806710e+06   3.1250000e+01
   6.1806900e+06   3.4606934e+01
   6.1807150e+06   3.4423828e+01
   6.1814150e+06   3.6865234e+01
   6.1879140e+06   3.5644531e+01
   6.1879560e+06   6.2988281e+01
   6.1879730e+06   3.5156250e+01
   6.1880160e+06   4.5593262e+01
   6.1880300e+06   3.1250000e+01
   6.1880630e+06   3.5705566e+01
   6.1956590e+06   3.8757324e+01
   6.1956840e+06   3.8696289e+01
   6.1957030e+06   4.4616699e+01
   6.1957250e+06   3.6987305e+01
   6.1957610e+06   3.0944824e+01
   6.1957880e+06   3.0761719e+01
   6.2026300e+06   3.4912109e+01
   6.2026800e+06   3.2897949e+01
   6.2027070e+06   5.9082031e+01
   6.2027420e+06   3.8024902e+01
   6.2027650e+06   4.0832520e+01
   6.2102680e+06   3.1066895e+01
   6.2102990e+06   4.5776367e+01
   6.2103120e+06   4.3823242e+01
   6.2103250e+06   3.6071777e+01
   6.2104190e+06   3.1616211e+01
   6.2181450e+06   3.7048340e+01
   6.2182200e+06   4.1381836e+01
   6.2182490e+06   3.8391113e+01
   6.2182630e+06   3.1738281e+01
   6.2183190e+06   3.1188965e+01
   6.2183540e+06   3.9611816e+01
   6.2258640e+06   3.5339355e+01
   6.2258970e+06   3.3813477e+01
   6.2259100e+06   4.7729492e+01
   6.2259380e+06   3.9001465e+01
   6.2259550e+06   3.1982422e+01
   6.2260160e+06   3.1494141e+01
   6.2260950e+06   4.1320801e+01
   6.2334940e+06   3.2714844e+01
   6.2335270e+06   6.1706543e+01
   6.2335500e+06   3.6254883e+01
   6.2335850e+06   3.3081055e+01
   6.2336200e+06   3.2531738e+01
   6.2336860e+06   3.1372070e+01
   6.2408220e+06   3.3142090e+01
   6.2408530e+06   3.3630371e+01
   6.2408680e+06   5.4138184e+01
   6.2409000e+06   3.2836914e+01
   6.2409190e+06   3.4057617e+01
   6.2409570e+06   3.1433105e+01
   6.2410580e+06   3.3935547e+01
   6.2483680e+06   4.4738770e+01
   6.2483880e+06   4.2907715e+01
   6.2484220e+06   3.1921387e+01
   6.2484340e+06   3.2958984e+01
   6.2485080e+06   3.3630371e+01
   6.2485760e+06   3.1494141e+01
   6.2556530e+06   3.6315918e+01
   6.2556650e+06   4.0893555e+01
   6.2556810e+06   5.3649902e+01
   6.2557120e+06   4.1870117e+01
   6.2557320e+06   4.4738770e+01
   6.2558280e+06   3.1616211e+01
   6.2628730e+06   3.3630371e+01
   6.2629130e+06   3.2470703e+01
   6.2629310e+06   4.9621582e+01
   6.2629580e+06   3.1311035e+01
   6.2629840e+06   3.4790039e+01
   6.2630120e+06   4.6203613e+01
   6.2630220e+06   3.3081055e+01
   6.2630760e+06   3.4118652e+01
   6.2632810e+06   3.6987305e+01
   6.2706700e+06   4.7546387e+01
   6.2707130e+06   4.1259766e+01
   6.2707460e+06   3.2043457e+01
   6.2707640e+06   3.5644531e+01
   6.2708040e+06   3.5888672e+01
   6.2708150e+06   3.4362793e+01
   6.2708620e+06   3.3203125e+01
   6.2710140e+06   3.4118652e+01
   6.2781670e+06   3.2653809e+01
   6.2781800e+06   3.1372070e+01
   6.2782120e+06   3.8818359e+01
   6.2782370e+06   3.4851074e+01
   6.2782510e+06   4.1503906e+01
   6.2782790e+06   3.3630371e+01
   6.2855900e+06   3.1860352e+01
   6.2856320e+06   3.2287598e+01
   6.2856630e+06   4.2297363e+01
   6.2856900e+06   4.5715332e+01
   6.2857200e+06   4.7119141e+01
   6.2857770e+06   3.2104492e+01
   6.2859280e+06   4.0893555e+01
   6.2933370e+06   4.0954590e+01
   6.2933660e+06   3.2165527e+01
   6.2934060e+06   3.3264160e+01
   6.2934580e+06   3.7841797e+01
   6.3017030e+06   4.2602539e+01
   6.3017770e+06   4.2114258e+01
   6.3017990e+06   4.5654297e+01
   6.3018550e+06   3.3630371e+01
   6.3018910e+06   4.7973633e+01
   6.3019650e+06   3.2592773e+01
   6.3100480e+06   3.0578613e+01
   6.3101110e+06   4.1992188e+01
   6.3101630e+06   3.1066895e+01
   6.3185180e+06   3.7170410e+01
   6.3186120e+06   3.8085938e+01
   6.3186380e+06   6.1767578e+01
   6.3255530e+06   3.4423828e+01
   6.3351220e+06   3.5827637e+01
   6.3352140e+06   3.8696289e+01
   6.3352660e+06   3.6926270e+01
   6.3353790e+06   3.2531738e+01
   6.3432500e+06   3.3630371e+01
   6.3433500e+06   3.2531738e+01
   6.3512730e+06   3.6315918e+01
   6.3513750e+06   3.3508301e+01
   6.3513990e+06   3.8146973e+01
   6.3594400e+06   4.1198730e+01
   6.3596050e+06   3.5766602e+01
   6.3673510e+06   3.3752441e+01
   6.3675760e+06   3.2958984e+01
   6.3752710e+06   3.1921387e+01
   6.3753240e+06   3.3935547e+01
   6.3929500e+06   3.1677246e+01
   6.4100300e+06   3.7048340e+01
   6.4286340e+06   3.4484863e+01
   6.4481230e+06   3.1860352e+01
   6.4481750e+06   3.4545898e+01
   6.4583950e+06   3.8513184e+01
   6.4885410e+06   3.3447266e+01
   6.4991490e+06   3.5583496e+01
   6.5099620e+06   3.2470703e+01
   6.5215170e+06   3.0822754e+01
   6.5339650e+06   3.1372070e+01
   6.5463200e+06   3.1311035e+01
   6.8713860e+06   3.1188965e+01
   6.9753610e+06   3.1066895e+01
   7.2315460e+06   3.0578613e+01
   7.2876210e+06   3.1127930e+01
   7.3340570e+06   3.5217285e+01
   7.3768560e+06   3.3630371e+01
   7.4347250e+06   3.9001465e+01
   7.4397950e+06   3.2470703e+01
   7.5542020e+06   3.5339355e+01
   7.5652670e+06   3.8391113e+01
   7.7053950e+06   3.1555176e+01
   7.7297280e+06   3.2714844e+01
   7.7665610e+06   3.4118652e+01
   7.7795770e+06   3.3020020e+01
   7.7983500e+06   3.1433105e+01
   7.8101540e+06   3.5034180e+01
   7.8171300e+06   3.6132813e+01
   7.8242720e+06   4.0344238e+01
   7.8319230e+06   3.6926270e+01
   7.8386420e+06   3.5156250e+01
   7.8509280e+06   3.1738281e+01
   7.8580600e+06   3.6682129e+01
   7.8651930e+06   3.1066895e+01
   7.8899760e+06   3.7475586e+01
   7.8901280e+06   3.0578613e+01
   7.8901570e+06   3.1127930e+01
   7.9040840e+06   3.6804199e+01
   7.9239430e+06   3.3081055e+01
   7.9304550e+06   3.3142090e+01
   7.9369400e+06   3.6315918e+01
   7.9443840e+06   3.4790039e+01
   7.9509720e+06   3.7353516e+01
   7.9580080e+06   3.8696289e+01
   7.9710100e+06   3.1738281e+01
   7.9793550e+06   3.0578613e+01
   7.9865310e+06   3.6926270e+01
   8.0019510e+06   3.1677246e+01
   8.0155850e+06   3.2104492e+01
   8.0157630e+06   3.6132813e+01
   8.0504400e+06   3.1433105e+01
   8.0505540e+06   3.6987305e+01
   8.0566500e+06   3.2531738e+01
   8.0712970e+06   3.1799316e+01
   8.0714970e+06   3.0700684e+01
   8.0795340e+06   3.1555176e+01
   8.0856200e+06   3.6621094e+01
   8.0927950e+06   3.2897949e+01
   8.0997060e+06   3.0944824e+01
   8.1075230e+06   3.3691406e+01
   8.1146670e+06   3.1799316e+01
   8.1301140e+06   3.1066895e+01
   8.1305170e+06   3.2653809e+01
   8.1432160e+06   3.3752441e+01
   8.1513450e+06   3.3508301e+01
   8.1601490e+06   3.1799316e+01
   8.1689370e+06   3.3752441e+01
   8.1789070e+06   3.5400391e+01
   8.1792450e+06   3.1127930e+01
   8.1856560e+06   3.3874512e+01
   8.1928530e+06   3.2531738e+01
   8.2087550e+06   3.1433105e+01
   8.2167500e+06   3.6804199e+01
   8.2234250e+06   3.2958984e+01
   8.2239900e+06   3.3020020e+01
   8.2393850e+06   4.1992188e+01
   8.2492800e+06   3.4240723e+01
   8.2557310e+06   3.3569336e+01
   8.2560180e+06   3.1188965e+01
   8.2724440e+06   3.1005859e+01
   8.2889700e+06   3.7048340e+01
   8.2892210e+06   3.0944824e+01
   8.2981190e+06   3.5217285e+01
   8.3058260e+06   3.1127930e+01
   8.3321260e+06   3.4301758e+01
   8.3493960e+06   3.0639648e+01
   8.3671420e+06   3.3996582e+01
   8.3766120e+06   3.1860352e+01
   8.3863030e+06   3.8085938e+01
   8.3971370e+06   3.2592773e+01
   8.4074620e+06   3.6499023e+01
   8.4076010e+06   3.3874512e+01
   8.4168340e+06   3.1372070e+01
   8.4169220e+06   3.0578613e+01
   8.4264390e+06   4.1381836e+01
   8.4367430e+06   3.1127930e+01
   8.4466520e+06   3.3142090e+01
   8.4567910e+06   3.6499023e+01
   8.4769860e+06   3.3447266e+01
   8.4866580e+06   3.5400391e+01
   8.4970460e+06   3.0761719e+01
   8.4971760e+06   3.7170410e+01
   8.5090540e+06   3.2287598e+01
   8.5173980e+06   3.1982422e+01
   8.5247500e+06   3.2409668e+01
   8.5354270e+06   3.0944824e+01
   8.5451290e+06   3.7719727e+01
   8.5552250e+06   3.1005859e+01
   8.5553650e+06   3.1555176e+01
   8.5647560e+06   4.0710449e+01
   8.5744940e+06   3.1616211e+01
   8.5746090e+06   3.2592773e+01
   8.6176070e+06   3.2348633e+01
   8.6270270e+06   3.1738281e+01
   8.6740270e+06   3.1799316e+01
   8.6842990e+06   3.2470703e+01
   8.6929430e+06   3.1921387e+01
   8.7019400e+06   3.1433105e+01
   8.7584740e+06   3.1494141e+01
   8.7770120e+06   3.3630371e+01
   8.7872920e+06   3.2470703e+01
   8.7971140e+06   3.2409668e+01
   8.7972880e+06   3.1433105e+01
   8.8067220e+06   3.6499023e+01
   8.8166860e+06   3.2958984e+01
   8.8171060e+06   3.2043457e+01
   8.8173070e+06   3.6926270e+01
   8.8271780e+06   3.4667969e+01
   8.8665710e+06   3.9001465e+01
   8.8763510e+06   3.2409668e+01
   8.8852570e+06   3.3508301e+01
   8.8949430e+06   3.2592773e+01
   8.9050180e+06   3.0639648e+01
   8.9134800e+06   3.3142090e+01
   8.9234660e+06   3.1982422e+01
   8.9330300e+06   3.2592773e+01
   8.9332370e+06   3.4729004e+01
   8.9593020e+06   3.1250000e+01
   8.9681330e+06   3.2043457e+01
   8.9690250e+06   3.3996582e+01
   8.9774980e+06   3.1066895e+01
   8.9866800e+06   3.0700684e+01
   8.9959210e+06   3.7780762e+01
   9.0037360e+06   3.2653809e+01
   9.0311280e+06   3.1188965e+01
   9.0405400e+06   3.6010742e+01
   9.0552650e+06   3.5095215e+01
   9.0718150e+06   3.0944824e+01
   9.0720980e+06   3.1616211e+01
   9.0727820e+06   3.1250000e+01
   9.1044320e+06   3.1677246e+01
   9.1913150e+06   3.1005859e+01
   9.3668530e+06   3.1188965e+01
   9.4716480e+06   3.1188965e+01
   9.9331310e+06   3.2348633e+01
   9.9512110e+06   3.3020020e+01
   9.9519450e+06   3.6193848e+01
   9.9646430e+06   3.1127930e+01
   9.9733950e+06   3.2470703e+01
   9.9767800e+06   3.1188965e+01
   9.9917640e+06   3.2043457e+01
   9.9964460e+06   3.8024902e+01
   1.0011513e+07   3.3569336e+01
   1.0011763e+07   3.0883789e+01
   1.0012040e+07   3.0578613e+01
   1.0018228e+07   3.3325195e+01
   1.0032062e+07   3.0822754e+01
   1.0041165e+07   3.4606934e+01
   1.0041308e+07   3.2104492e+01
   1.0051920e+07   3.7536621e+01
   1.0060895e+07   3.2531738e+01
   1.0069631e+07   3.0700684e+01
   1.0078236e+07   3.2470703e+01
   1.0078464e+07   4.2114258e+01
   1.0085901e+07   3.2836914e+01
   1.0085934e+07   3.1372070e+01
   1.0086075e+07   3.4851074e+01
   1.0086102e+07   3.3203125e+01
   1.0086123e+07   3.5766602e+01
   1.0086135e+07   4.1259766e+01
   1.0101604e+07   3.6132813e+01
   1.0101832e+07   3.2104492e+01
   1.0108850e+07   3.0761719e+01
   1.0116593e+07   3.2348633e+01
   1.0116857e+07   3.1188965e+01
   1.0116948e+07   4.0283203e+01
   1.0125238e+07   3.2409668e+01
   1.0125356e+07   3.0822754e+01
   1.0132073e+07   3.3081055e+01
   1.0140049e+07   3.1616211e+01
   1.0140154e+07   5.1330566e+01
   1.0140168e+07   4.8400879e+01
   1.0140205e+07   3.3264160e+01
   1.0148581e+07   4.6203613e+01
   1.0148609e+07   3.1921387e+01
   1.0148625e+07   3.2348633e+01
   1.0148659e+07   3.6560059e+01
   1.0148724e+07   3.0700684e+01
   1.0163223e+07   4.1137695e+01
   1.0170416e+07   3.2775879e+01
   1.0170573e+07   3.0578613e+01
   1.0177686e+07   3.3020020e+01
   1.0177925e+07   3.2165527e+01
   1.0178007e+07   3.4362793e+01
   1.0185754e+07   3.6804199e+01
   1.0185854e+07   4.0161133e+01
   1.0193268e+07   3.3386230e+01
   1.0193337e+07   3.5583496e+01
   1.0193463e+07   4.7851563e+01
   1.0200608e+07   4.4128418e+01
   1.0200669e+07   3.1494141e+01
   1.0200697e+07   3.1250000e+01
   1.0200729e+07   3.8330078e+01
   1.0207871e+07   3.2531738e+01
   1.0207907e+07   3.6437988e+01
   1.0207918e+07   3.1555176e+01
   1.0215007e+07   3.1982422e+01
   1.0215134e+07   3.1250000e+01
   1.0222121e+07   3.0578613e+01
   1.0222208e+07   3.1066895e+01
   1.0222501e+07   3.4912109e+01
   1.0229037e+07   3.0700684e+01
   1.0229278e+07   3.4240723e+01
   1.0235690e+07   3.5034180e+01
   1.0235965e+07   3.5095215e+01
   1.0242965e+07   3.2775879e+01
   1.0243207e+07   3.1616211e+01
   1.0243295e+07   3.0883789e+01
   1.0250180e+07   3.8574219e+01
   1.0250309e+07   3.0700684e+01
   1.0250384e+07   3.1127930e+01
   1.0250501e+07   3.5583496e+01
   1.0250544e+07   3.2104492e+01
   1.0257818e+07   3.4606934e+01
   1.0265116e+07   3.5400391e+01
   1.0272630e+07   3.1860352e+01
   1.0272813e+07   4.1137695e+01
   1.0272853e+07   3.5949707e+01
   1.0279332e+07   3.3569336e+01
   1.0286120e+07   3.1799316e+01
   1.0286303e+07   3.1066895e+01
   1.0286463e+07   3.6315918e+01
   1.0293587e+07   3.1188965e+01
   1.0293669e+07   6.1889648e+01
   1.0293720e+07   4.2236328e+01
   1.0293737e+07   3.5156250e+01
   1.0293792e+07   4.0344238e+01
   1.0293882e+07   3.4240723e+01
   1.0301131e+07   3.1372070e+01
   1.0301220e+07   4.2236328e+01
   1.0308506e+07   3.6437988e+01
   1.0315416e+07   3.2348633e+01
   1.0315672e+07   3.5949707e+01
   1.0322604e+07   3.2531738e+01
   1.0322730e+07   3.5522461e+01
   1.0322756e+07   3.9489746e+01
   1.0322771e+07   3.4423828e+01
   1.0322818e+07   3.2592773e+01
   1.0330094e+07   3.0822754e+01
   1.0330199e+07   3.1799316e+01
   1.0330359e+07   4.2480469e+01
   1.0337488e+07   3.4423828e+01
   1.0337600e+07   3.2470703e+01
   1.0337804e+07   4.0039063e+01
   1.0345378e+07   3.6010742e+01
   1.0345410e+07   3.0822754e+01
   1.0345438e+07   3.3874512e+01
   1.0345451e+07   3.3508301e+01
   1.0345515e+07   4.1870117e+01
   1.0345526e+07   3.9184570e+01
   1.0345557e+07   3.6071777e+01
   1.0345627e+07   3.6193848e+01
   1.0353258e+07   3.1799316e+01
   1.0353279e+07   4.2602539e+01
   1.0353309e+07   3.2165527e+01
   1.0353334e+07   3.1677246e+01
   1.0353369e+07   3.0761719e+01
   1.0353395e+07   3.1311035e+01
   1.0353463e+07   4.6508789e+01
   1.0360544e+07   3.6804199e+01
   1.0360570e+07   3.8940430e+01
   1.0360605e+07   3.3813477e+01
   1.0360666e+07   3.2226563e+01
   1.0360685e+07   3.1677246e+01
   1.0360725e+07   4.8339844e+01
   1.0367026e+07   3.1372070e+01
   1.0373452e+07   3.2287598e+01
   1.0373546e+07   4.5532227e+01
   1.0373616e+07   3.1738281e+01
   1.0373688e+07   3.3874512e+01
   1.0380922e+07   3.6560059e+01
   1.0388462e+07   4.4616699e+01
   1.0388546e+07   3.0883789e+01
   1.0388581e+07   3.9672852e+01
   1.0388637e+07   3.5644531e+01
   1.0396170e+07   3.1555176e+01
   1.0396223e+07   3.2104492e+01
   1.0396271e+07   3.2775879e+01
   1.0396304e+07   3.8574219e+01
   1.0396345e+07   3.8574219e+01
   1.0396366e+07   4.8095703e+01
   1.0396395e+07   3.2592773e+01
   1.0396407e+07   3.5095215e+01
   1.0404066e+07   3.3508301e+01
   1.0404093e+07   3.3813477e+01
   1.0404199e+07   3.0700684e+01
   1.0404279e+07   3.3691406e+01
   1.0411580e+07   3.5949707e+01
   1.0411659e+07   3.4667969e+01
   1.0411741e+07   4.1870117e+01
   1.0411763e+07   3.8208008e+01
   1.0419019e+07   3.2714844e+01
   1.0419032e+07   3.3020020e+01
   1.0419128e+07   4.6508789e+01
   1.0419165e+07   3.3874512e+01
   1.0426961e+07   3.6987305e+01
   1.0427110e+07   3.5705566e+01
   1.0427171e+07   3.2836914e+01
   1.0427188e+07   4.2480469e+01
   1.0435289e+07   3.0639648e+01
   1.0435321e+07   3.2653809e+01
   1.0435347e+07   3.6987305e+01
   1.0435360e+07   3.5034180e+01
   1.0435380e+07   3.8452148e+01
   1.0435402e+07   3.7963867e+01
   1.0435443e+07   3.3630371e+01
   1.0435567e+07   3.2592773e+01
   1.0443713e+07   4.0100098e+01
   1.0443791e+07   3.3508301e+01
   1.0443806e+07   3.4057617e+01
   1.0443905e+07   4.2907715e+01
   1.0443970e+07   3.0639648e+01
   1.0452129e+07   3.8146973e+01
   1.0452163e+07   4.7058105e+01
   1.0452218e+07   3.2836914e+01
   1.0452244e+07   3.1372070e+01
   1.0452309e+07   3.0578613e+01
   1.0460510e+07   3.5949707e+01
   1.0460522e+07   4.7912598e+01
   1.0460557e+07   3.4423828e+01
   1.0460568e+07   3.1372070e+01
   1.0460594e+07   4.9438477e+01
   1.0460640e+07   3.6804199e+01
   1.0460735e+07   4.3518066e+01
   1.0460823e+07   3.1311035e+01
   1.0469061e+07   3.0700684e+01
   1.0469115e+07   3.1677246e+01
   1.0469134e+07   3.1982422e+01
   1.0469161e+07   3.1616211e+01
   1.0469214e+07   4.2175293e+01
   1.0469327e+07   3.9978027e+01
   1.0469392e+07   3.7475586e+01
   1.0477311e+07   4.4860840e+01
   1.0477369e+07   3.1311035e+01
   1.0477421e+07   5.2062988e+01
   1.0477494e+07   3.8879395e+01
   1.0486223e+07   3.0639648e+01
   1.0486255e+07   3.8330078e+01
   1.0486276e+07   3.7109375e+01
   1.0486300e+07   3.1799316e+01
   1.0486349e+07   3.8269043e+01
   1.0486430e+07   3.1677246e+01
   1.0486477e+07   3.5034180e+01
   1.0494876e+07   3.3447266e+01
   1.0494919e+07   3.5644531e+01
   1.0494946e+07   3.3813477e+01
   1.0494998e+07   4.0649414e+01
   1.0495015e+07   4.3579102e+01
   1.0495053e+07   4.2846680e+01
   1.0495089e+07   3.5095215e+01
   1.0495144e+07   3.1799316e+01
   1.0495266e+07   3.1738281e+01
   1.0503593e+07   3.8085938e+01
   1.0503670e+07   4.2175293e+01
   1.0512502e+07   4.1870117e+01
   1.0512516e+07   3.7170410e+01
   1.0512589e+07   4.8095703e+01
   1.0512693e+07   3.0639648e+01
   1.0521358e+07   3.3142090e+01
   1.0521393e+07   3.9001465e+01
   1.0521411e+07   4.7668457e+01
   1.0521436e+07   4.1992188e+01
   1.0521535e+07   5.3283691e+01
   1.0521632e+07   3.9611816e+01
   1.0530724e+07   3.4973145e+01
   1.0530760e+07   4.6142578e+01
   1.0530803e+07   3.1066895e+01
   1.0530825e+07   3.9672852e+01
   1.0530856e+07   3.7780762e+01
   1.0530903e+07   3.4484863e+01
   1.0530971e+07   3.0761719e+01
   1.0539969e+07   3.2897949e+01
   1.0539996e+07   3.4606934e+01
   1.0540025e+07   4.6691895e+01
   1.0540070e+07   3.9916992e+01
   1.0540089e+07   4.8095703e+01
   1.0540123e+07   4.5959473e+01
   1.0540170e+07   3.4667969e+01
   1.0549715e+07   3.2470703e+01
   1.0549744e+07   3.1005859e+01
   1.0549785e+07   3.4423828e+01
   1.0549853e+07   3.2104492e+01
   1.0549925e+07   3.2653809e+01
   1.0549950e+07   3.6743164e+01
   1.0550063e+07   4.2663574e+01
   1.0559696e+07   3.4179688e+01
   1.0559755e+07   3.1066895e+01
   1.0559786e+07   4.0100098e+01
   1.0559811e+07   3.5339355e+01
   1.0559852e+07   3.2531738e+01
   1.0559915e+07   4.5593262e+01
   1.0560009e+07   3.4851074e+01
   1.0560115e+07   3.1677246e+01
   1.0569268e+07   4.5532227e+01
   1.0569327e+07   3.2104492e+01
   1.0569357e+07   3.3325195e+01
   1.0578980e+07   3.1677246e+01
   1.0579081e+07   3.7536621e+01
   1.0579091e+07   3.0883789e+01
   1.0579177e+07   3.1860352e+01
   1.0579362e+07   3.2714844e+01
   1.0588440e+07   3.1433105e+01
   1.0588535e+07   3.6621094e+01
   1.0588651e+07   3.2592773e+01
   1.0588703e+07   3.1433105e+01
   1.0588855e+07   3.2958984e+01
   1.0598673e+07   3.6437988e+01
   1.0598719e+07   3.6621094e+01
   1.0598759e+07   3.3874512e+01
   1.0598923e+07   3.3996582e+01
   1.0598950e+07   3.7170410e+01
   1.0608519e+07   3.4057617e+01
   1.0608537e+07   3.9794922e+01
   1.0608585e+07   3.1982422e+01
   1.0608605e+07   3.5583496e+01
   1.0608638e+07   3.9184570e+01
   1.0608739e+07   4.0527344e+01
   1.0608857e+07   3.2470703e+01
   1.0608883e+07   3.2043457e+01
   1.0618657e+07   3.3264160e+01
   1.0618709e+07   3.2775879e+01
   1.0618725e+07   3.4423828e+01
   1.0618846e+07   3.5888672e+01
   1.0618943e+07   3.4851074e+01
   1.0619150e+07   3.2165527e+01
   1.0630223e+07   3.8452148e+01
   1.0630245e+07   3.0700684e+01
   1.0630325e+07   3.2775879e+01
   1.0630396e+07   3.3874512e+01
   1.0630473e+07   3.5339355e+01
   1.0640612e+07   3.4118652e+01
   1.0640661e+07   3.1188965e+01
   1.0640748e+07   3.3935547e+01
   1.0640824e+07   3.1738281e+01
   1.0651225e+07   3.2592773e+01
   1.0651360e+07   3.1860352e+01
   1.0651447e+07   3.2592773e+01
   1.0662082e+07   3.2897949e+01
   1.0662135e+07   3.2470703e+01
   1.0662299e+07   4.3273926e+01
   1.0673755e+07   3.1738281e+01
   1.0673869e+07   3.8513184e+01
   1.0673964e+07   3.5095215e+01
   1.0674018e+07   3.5888672e+01
   1.0674262e+07   4.6936035e+01
   1.0685709e+07   3.1311035e+01
   1.0685792e+07   3.0944824e+01
   1.0685837e+07   3.3203125e+01
   1.0685871e+07   3.1188965e+01
   1.0685949e+07   3.2897949e+01
   1.0686142e+07   3.1250000e+01
   1.0698133e+07   3.5156250e+01
   1.0698159e+07   3.5644531e+01
   1.0698368e+07   3.5400391e+01
   1.0698456e+07   3.1738281e+01
   1.0710119e+07   3.4362793e+01
   1.0733498e+07   3.6865234e+01
   1.0749074e+07   3.4851074e+01
   1.0749302e+07   3.1860352e+01
   1.0764999e+07   3.3813477e+01
   1.0790595e+07   3.1982422e+01
   1.0805000e+07   3.3752441e+01
   1.0813473e+07   3.9672852e+01
   1.0981756e+07   3.2104492e+01
   1.1886551e+07   3.0761719e+01
