   1.1999000e+07   0.0000000e+00
   1.9600000e+02   3.6132813e+01
   3.2259000e+04   2.9357910e+01
   3.2325000e+04   3.3508301e+01
   3.2628000e+04   3.4057617e+01
   3.2671000e+04   3.0578613e+01
   5.5488000e+04   2.9602051e+01
   5.5565000e+04   3.0456543e+01
   5.6030000e+04   2.9602051e+01
   5.6171000e+04   3.3386230e+01
   6.1964000e+04   3.7658691e+01
   6.8263000e+04   3.3020020e+01
   6.8307000e+04   3.1555176e+01
   6.8591000e+04   3.2653809e+01
   6.8738000e+04   3.6987305e+01
   7.4999000e+04   2.9418945e+01
   8.1258000e+04   3.0029297e+01
   8.1335000e+04   3.2165527e+01
   8.1511000e+04   2.9418945e+01
   8.1750000e+04   3.5644531e+01
   8.2044000e+04   3.1921387e+01
   8.2254000e+04   3.1555176e+01
   9.2622000e+04   3.9123535e+01
   9.2720000e+04   4.0710449e+01
   9.2780000e+04   3.4179688e+01
   9.2957000e+04   2.9785156e+01
   1.0487000e+05   3.2409668e+01
   1.0510400e+05   3.9916992e+01
   1.0532000e+05   3.0883789e+01
   1.0617500e+05   3.1188965e+01
   1.1507700e+05   2.9357910e+01
   1.1556100e+05   3.2958984e+01
   1.3273600e+05   2.9602051e+01
   1.3287400e+05   3.2287598e+01
   1.3311600e+05   3.7719727e+01
   1.4501200e+05   2.9907227e+01
   1.4523500e+05   3.3325195e+01
   1.4539900e+05   3.6376953e+01
   1.5516000e+05   3.1127930e+01
   1.6128000e+05   3.3325195e+01
   1.7381500e+05   3.1616211e+01
   1.8414300e+05   3.4973145e+01
   1.8421000e+05   3.7292480e+01
   1.8426500e+05   3.1127930e+01
   1.8433400e+05   2.9724121e+01
   2.0199400e+05   3.2226563e+01
   2.1289800e+05   3.1677246e+01
   2.1371500e+05   3.0395508e+01
   2.2154100e+05   2.9968262e+01
   2.2155300e+05   2.9663086e+01
   2.2202000e+05   3.0761719e+01
   2.3376500e+05   3.7536621e+01
   2.4321900e+05   3.7475586e+01
   2.4338000e+05   3.4484863e+01
   2.4818900e+05   3.9001465e+01
   2.5433200e+05   2.9907227e+01
   2.7228100e+05   3.0334473e+01
   2.7278400e+05   3.0151367e+01
   2.7789300e+05   3.5278320e+01
   2.8308000e+05   3.2775879e+01
   2.8328700e+05   3.1066895e+01
   2.8922100e+05   2.9968262e+01
   2.8929800e+05   3.6376953e+01
   3.1889000e+05   3.1372070e+01
   3.1900900e+05   3.0029297e+01
   3.2414800e+05   2.9602051e+01
   3.2446600e+05   3.4606934e+01
   3.3167200e+05   2.9846191e+01
   3.3692100e+05   3.0029297e+01
   3.3702400e+05   3.1494141e+01
   3.3704300e+05   3.8879395e+01
   3.3714100e+05   3.0578613e+01
   3.5062700e+05   2.9602051e+01
   3.5586400e+05   3.0639648e+01
   3.5609200e+05   2.9479980e+01
   3.6185100e+05   3.1188965e+01
   3.6842900e+05   4.3945313e+01
   3.6857300e+05   3.4240723e+01
   3.7567400e+05   2.9541016e+01
   3.7574700e+05   3.3874512e+01
   3.7583600e+05   3.8085938e+01
   3.8444400e+05   3.0273437e+01
   3.8977400e+05   3.5156250e+01
   3.9505900e+05   3.5888672e+01
   3.9529200e+05   2.9968262e+01
   3.9537900e+05   3.0639648e+01
   4.0147800e+05   2.9785156e+01
   4.0158800e+05   3.2470703e+01
   4.0812100e+05   3.4667969e+01
   4.0815800e+05   3.0212402e+01
   4.0819000e+05   2.9479980e+01
   4.1609500e+05   3.9672852e+01
   4.1617000e+05   4.1015625e+01
   4.2379000e+05   3.1188965e+01
   4.2390800e+05   2.9357910e+01
   4.2394900e+05   3.7231445e+01
   4.2396100e+05   3.2348633e+01
   4.3112700e+05   2.9602051e+01
   4.3115000e+05   3.0090332e+01
   4.3886700e+05   2.9541016e+01
   4.3889000e+05   3.0822754e+01
   4.3895400e+05   2.9235840e+01
   4.3897400e+05   3.1555176e+01
   4.3903500e+05   2.9357910e+01
   4.4712000e+05   3.3874512e+01
   4.5490000e+05   3.1372070e+01
   4.5495500e+05   3.0151367e+01
   4.5497100e+05   3.2348633e+01
   4.6258400e+05   2.9418945e+01
   4.6260200e+05   3.3813477e+01
   4.6261800e+05   3.3447266e+01
   4.6271100e+05   3.1677246e+01
   4.6273400e+05   3.0517578e+01
   4.6981800e+05   3.1372070e+01
   4.6982800e+05   2.9541016e+01
   4.6999800e+05   3.2836914e+01
   4.7753300e+05   3.2775879e+01
   4.8474300e+05   2.9235840e+01
   4.8482500e+05   3.0395508e+01
   4.8487700e+05   3.0395508e+01
   4.9173500e+05   4.0161133e+01
   4.9193700e+05   2.9968262e+01
   4.9935600e+05   3.2531738e+01
   4.9937100e+05   3.4118652e+01
   4.9941500e+05   3.1066895e+01
   5.0723100e+05   3.2958984e+01
   5.0725100e+05   3.1188965e+01
   5.1438700e+05   3.0029297e+01
   5.1440400e+05   3.1127930e+01
   5.2135200e+05   3.2592773e+01
   5.2137000e+05   2.9907227e+01
   5.2155900e+05   2.9235840e+01
   5.2832600e+05   2.9541016e+01
   5.2836700e+05   3.1188965e+01
   5.3635100e+05   3.3996582e+01
   5.3638000e+05   3.8757324e+01
   5.3646100e+05   3.0395508e+01
   5.4446000e+05   3.0639648e+01
   5.5226500e+05   3.5034180e+01
   5.5229500e+05   3.5461426e+01
   5.6027800e+05   4.0344238e+01
   5.6045600e+05   3.0700684e+01
   5.6795000e+05   3.1616211e+01
   5.6797600e+05   3.0395508e+01
   5.6803900e+05   2.9724121e+01
   5.6805100e+05   3.6376953e+01
   5.7623500e+05   3.0822754e+01
   5.7625800e+05   3.3081055e+01
   5.7628900e+05   3.6743164e+01
   5.7630000e+05   3.1372070e+01
   5.7633300e+05   3.2287598e+01
   5.8422500e+05   3.5339355e+01
   5.8427000e+05   3.0578613e+01
   5.8432500e+05   3.0151367e+01
   5.9249500e+05   3.0822754e+01
   5.9250800e+05   4.1992188e+01
   5.9260000e+05   3.3386230e+01
   5.9268700e+05   3.2287598e+01
   6.0078200e+05   3.3142090e+01
   6.0081700e+05   3.7292480e+01
   6.0085500e+05   3.2165527e+01
   6.0091000e+05   2.9663086e+01
   6.0920300e+05   3.3813477e+01
   6.0923000e+05   3.1188965e+01
   6.0933200e+05   3.1066895e+01
   6.0942500e+05   3.1860352e+01
   6.1759600e+05   3.1066895e+01
   6.1764800e+05   3.6682129e+01
   6.1767200e+05   3.5949707e+01
   6.1775900e+05   3.0212402e+01
   6.1781700e+05   3.3325195e+01
   6.2592000e+05   3.0761719e+01
   6.2594700e+05   3.0090332e+01
   6.2603400e+05   3.3203125e+01
   6.2607500e+05   3.3996582e+01
   6.3478300e+05   3.1921387e+01
   6.3482000e+05   3.9550781e+01
   6.3486200e+05   3.1860352e+01
   6.3494100e+05   3.6865234e+01
   6.4320900e+05   3.0395508e+01
   6.4325300e+05   4.4677734e+01
   6.4329600e+05   3.2165527e+01
   6.4340800e+05   2.9541016e+01
   6.4343200e+05   3.0029297e+01
   6.5163300e+05   3.2165527e+01
   6.5168700e+05   4.3762207e+01
   6.5172200e+05   3.3508301e+01
   6.5180200e+05   2.9541016e+01
   6.6069000e+05   3.0761719e+01
   6.6072600e+05   3.1860352e+01
   6.6075600e+05   3.1127930e+01
   6.6078400e+05   3.0090332e+01
   6.6989800e+05   3.3203125e+01
   6.7004400e+05   3.0578613e+01
   6.7924100e+05   2.9296875e+01
   6.7942000e+05   3.0517578e+01
   6.8861300e+05   3.1188965e+01
   6.8869200e+05   3.0456543e+01
   6.8873300e+05   3.0456543e+01
   6.9824200e+05   3.6010742e+01
   6.9829000e+05   3.6560059e+01
   6.9833000e+05   3.6010742e+01
   7.0766700e+05   3.5217285e+01
   7.0769000e+05   4.0039063e+01
   7.0771200e+05   3.2104492e+01
   7.0778500e+05   3.7963867e+01
   7.0791900e+05   3.0944824e+01
   7.1733500e+05   3.0639648e+01
   7.1736700e+05   4.0710449e+01
   7.1742000e+05   3.2226563e+01
   7.1745400e+05   3.2470703e+01
   7.2672900e+05   3.0334473e+01
   7.2680100e+05   3.0883789e+01
   7.2684700e+05   3.2653809e+01
   7.2696000e+05   3.3813477e+01
   7.3622600e+05   3.5766602e+01
   7.3635800e+05   3.0822754e+01
   7.3642800e+05   3.2043457e+01
   7.3689800e+05   2.9235840e+01
   7.5516800e+05   3.4790039e+01
   7.5524300e+05   4.2175293e+01
   7.5525400e+05   3.3447266e+01
   7.5535600e+05   2.9357910e+01
   7.5538300e+05   3.3508301e+01
   7.6470000e+05   3.6010742e+01
   7.6477600e+05   2.9724121e+01
   7.6483100e+05   2.9479980e+01
   7.6489100e+05   3.0578613e+01
   7.6511600e+05   2.9541016e+01
   7.6524000e+05   2.9785156e+01
   7.7487900e+05   3.3630371e+01
   7.7496600e+05   4.0649414e+01
   7.7511300e+05   3.0944824e+01
   7.7524700e+05   3.1860352e+01
   7.7542800e+05   3.1677246e+01
   7.8446600e+05   3.7353516e+01
   7.8452100e+05   2.9235840e+01
   7.8459000e+05   3.3935547e+01
   7.8474500e+05   3.1188965e+01
   7.8485100e+05   3.7170410e+01
   7.9425600e+05   3.6865234e+01
   7.9428000e+05   2.9418945e+01
   7.9434200e+05   3.1738281e+01
   7.9438300e+05   3.0395508e+01
   8.0402400e+05   3.9489746e+01
   8.0410800e+05   2.9907227e+01
   8.0453600e+05   2.9541016e+01
   8.1388600e+05   3.3813477e+01
   8.1396100e+05   3.1250000e+01
   8.2414900e+05   3.2287598e+01
   8.2425900e+05   2.9357910e+01
   8.3376900e+05   3.3813477e+01
   8.3397900e+05   2.9541016e+01
   8.3402000e+05   3.1005859e+01
   8.3416200e+05   3.1738281e+01
   8.4464200e+05   2.9357910e+01
   8.4472300e+05   3.2165527e+01
   8.4504600e+05   2.9296875e+01
   8.5525600e+05   3.3203125e+01
   8.5555400e+05   3.1127930e+01
   8.6622100e+05   3.3203125e+01
   8.6623100e+05   2.9541016e+01
   8.6632500e+05   3.0822754e+01
   8.7640600e+05   3.1982422e+01
   8.7678200e+05   3.0639648e+01
   8.8724900e+05   3.6987305e+01
   8.9794700e+05   4.4982910e+01
   9.1917200e+05   3.2043457e+01
   9.4222900e+05   3.4057617e+01
   9.4242100e+05   2.9541016e+01
   9.9273400e+05   2.9235840e+01
   1.3244630e+06   3.5461426e+01
   1.3264020e+06   2.9907227e+01
   1.3601540e+06   3.0334473e+01
   1.3899050e+06   3.0029297e+01
   1.4085760e+06   3.0639648e+01
   1.5301380e+06   3.0395508e+01
   1.5308710e+06   3.0822754e+01
   1.5310060e+06   3.3508301e+01
   1.5312430e+06   4.1809082e+01
   1.5634780e+06   2.9296875e+01
   1.5914190e+06   3.0822754e+01
   1.5915250e+06   3.0944824e+01
   1.5915360e+06   3.5034180e+01
   1.6150950e+06   3.0517578e+01
   1.7584050e+06   3.1188965e+01
   1.7918240e+06   3.2409668e+01
   1.7928210e+06   3.3691406e+01
   1.7932730e+06   2.9602051e+01
   1.8746830e+06   3.7658691e+01
   1.8751660e+06   3.6071777e+01
   1.9243550e+06   3.2348633e+01
   1.9248190e+06   3.7719727e+01
   1.9642800e+06   2.9418945e+01
   1.9697860e+06   2.9235840e+01
   1.9709470e+06   2.9724121e+01
   1.9713070e+06   2.9724121e+01
   1.9850380e+06   3.1799316e+01
   2.0820030e+06   3.5461426e+01
   2.0820950e+06   3.0090332e+01
   2.0821370e+06   2.9479980e+01
   2.0822090e+06   3.1982422e+01
   2.0822510e+06   3.7048340e+01
   2.1639690e+06   2.9479980e+01
   2.1804510e+06   2.9357910e+01
   2.1925770e+06   3.0761719e+01
   2.2127540e+06   2.9541016e+01
   2.2341720e+06   3.1311035e+01
   2.2432720e+06   2.9235840e+01
   2.2437320e+06   3.2714844e+01
   2.2441660e+06   3.5888672e+01
   2.2549760e+06   3.0395508e+01
   2.2557280e+06   2.9663086e+01
   2.2652270e+06   2.9479980e+01
   2.2652450e+06   2.9663086e+01
   2.3030770e+06   2.9907227e+01
   2.3114100e+06   3.3447266e+01
   2.3124370e+06   3.0151367e+01
   2.3127770e+06   4.5104980e+01
   2.3298420e+06   3.9916992e+01
   2.3300910e+06   2.9846191e+01
   2.3384120e+06   3.3142090e+01
   2.3386290e+06   3.2836914e+01
   2.3506850e+06   3.8330078e+01
   2.3512850e+06   2.9357910e+01
   2.3566390e+06   2.9968262e+01
   2.3633280e+06   3.2226563e+01
   2.3634540e+06   2.9541016e+01
   2.3636930e+06   3.0456543e+01
   2.3740350e+06   3.9794922e+01
   2.3746060e+06   3.0944824e+01
   2.3876050e+06   3.2470703e+01
   2.3945340e+06   3.5461426e+01
   2.4005180e+06   2.9663086e+01
   2.4066580e+06   3.6132813e+01
   2.4123700e+06   3.1738281e+01
   2.4128690e+06   3.6682129e+01
   2.4132250e+06   3.1188965e+01
   2.4371650e+06   2.9846191e+01
   2.4429000e+06   3.1311035e+01
   2.4543930e+06   3.0212402e+01
   2.4553710e+06   3.1127930e+01
   2.4601740e+06   3.0639648e+01
   2.4662510e+06   2.9907227e+01
   2.4723160e+06   3.7231445e+01
   2.4890880e+06   3.1250000e+01
   2.4896370e+06   3.2043457e+01
   2.4952170e+06   3.2348633e+01
   2.4960050e+06   3.1799316e+01
   2.5122880e+06   3.3874512e+01
   2.5237850e+06   2.9296875e+01
   2.5291490e+06   3.1188965e+01
   2.5350280e+06   3.2470703e+01
   2.5350500e+06   2.9663086e+01
   2.5455970e+06   3.1188965e+01
   2.5513660e+06   3.0761719e+01
   2.5514210e+06   3.0273438e+01
   2.5522010e+06   3.1555176e+01
   2.5577820e+06   3.0883789e+01
   2.5582400e+06   3.2165527e+01
   2.5584850e+06   3.3142090e+01
   2.5634260e+06   3.2775879e+01
   2.5680710e+06   2.9968262e+01
   2.5740940e+06   3.5522461e+01
   2.5798730e+06   3.0090332e+01
   2.5911120e+06   3.1311035e+01
   2.5969780e+06   3.7292480e+01
   2.6063880e+06   3.5278320e+01
   2.6064190e+06   2.9479980e+01
   2.6066990e+06   3.0090332e+01
   2.6067830e+06   3.0151367e+01
   2.6298940e+06   2.9846191e+01
   2.6466870e+06   3.0029297e+01
   2.6531840e+06   3.4606934e+01
   2.6590940e+06   3.3325195e+01
   2.6656690e+06   3.0212402e+01
   2.6658480e+06   2.9968262e+01
   2.6662700e+06   3.4179688e+01
   2.6724990e+06   3.0212402e+01
   2.6726550e+06   2.9602051e+01
   2.6785950e+06   3.0212402e+01
   2.6851680e+06   4.4982910e+01
   2.6852710e+06   3.2897949e+01
   2.6853750e+06   3.4057617e+01
   2.6965380e+06   3.0090332e+01
   2.6969820e+06   2.9663086e+01
   2.7031960e+06   2.9541016e+01
   2.7088990e+06   2.9357910e+01
   2.7090990e+06   3.0273437e+01
   2.7288410e+06   3.3203125e+01
   2.7289830e+06   3.0334473e+01
   2.7354490e+06   3.0273438e+01
   2.7357170e+06   3.0090332e+01
   2.7425160e+06   2.9724121e+01
   2.7425590e+06   3.1372070e+01
   2.7497490e+06   3.0944824e+01
   2.7561080e+06   3.2653809e+01
   2.7563180e+06   3.2714844e+01
   2.7565250e+06   3.8391113e+01
   2.7628900e+06   3.0517578e+01
   2.7632780e+06   3.5461426e+01
   2.7767210e+06   3.2531738e+01
   2.7767450e+06   3.0029297e+01
   2.7768160e+06   2.9785156e+01
   2.7868120e+06   3.2775879e+01
   2.7869300e+06   3.1372070e+01
   2.7870090e+06   3.1921387e+01
   2.8208300e+06   3.2226563e+01
   2.8209880e+06   3.0212402e+01
   2.8210350e+06   3.0273437e+01
   2.8290800e+06   2.9357910e+01
   2.8357870e+06   3.0700684e+01
   2.8435930e+06   3.4240723e+01
   2.8436960e+06   3.4301758e+01
   2.8438190e+06   4.0161133e+01
   2.8502650e+06   2.9296875e+01
   2.8504740e+06   3.8085938e+01
   2.8505720e+06   3.4423828e+01
   2.8642920e+06   2.9357910e+01
   2.8643450e+06   3.2165527e+01
   2.8644970e+06   3.3935547e+01
   2.8646190e+06   3.0273437e+01
   2.8706870e+06   3.0761719e+01
   2.8709310e+06   3.3691406e+01
   2.8776050e+06   3.7109375e+01
   2.8777160e+06   3.9306641e+01
   2.8777770e+06   3.7475586e+01
   2.8778160e+06   2.9846191e+01
   2.8778690e+06   3.3935547e+01
   2.8913620e+06   2.9296875e+01
   2.9019240e+06   3.2165527e+01
   2.9132840e+06   2.9357910e+01
   2.9134630e+06   3.3569336e+01
   2.9196870e+06   3.1738281e+01
   2.9197260e+06   3.1616211e+01
   2.9199180e+06   2.9357910e+01
   2.9200300e+06   3.4057617e+01
   2.9268240e+06   3.3203125e+01
   2.9268750e+06   2.9907227e+01
   2.9269730e+06   3.6132813e+01
   2.9427630e+06   3.2531738e+01
   2.9428740e+06   3.6193848e+01
   2.9429530e+06   3.2226563e+01
   2.9504230e+06   3.0456543e+01
   2.9505090e+06   3.3020020e+01
   2.9588790e+06   3.0395508e+01
   2.9590080e+06   2.9357910e+01
   2.9591120e+06   3.1066895e+01
   2.9595440e+06   2.9907227e+01
   2.9743790e+06   3.5766602e+01
   2.9808770e+06   4.2114258e+01
   2.9810400e+06   3.4912109e+01
   2.9884290e+06   2.9357910e+01
   2.9970120e+06   3.2043457e+01
   2.9971020e+06   3.4912109e+01
   3.0133460e+06   3.5644531e+01
   3.0134220e+06   3.0395508e+01
   3.0217270e+06   3.9001465e+01
   3.0218300e+06   3.0639648e+01
   3.0303450e+06   3.1311035e+01
   3.0304400e+06   2.9418945e+01
   3.0358710e+06   3.0761719e+01
   3.0516890e+06   2.9724121e+01
   3.0517460e+06   3.3691406e+01
   3.0517630e+06   3.1555176e+01
   3.0519150e+06   2.9663086e+01
   3.0577150e+06   3.3264160e+01
   3.0577570e+06   3.0944824e+01
   3.0703270e+06   3.0029297e+01
   3.0703490e+06   3.0456543e+01
   3.0704550e+06   2.9235840e+01
   3.0708550e+06   3.0151367e+01
   3.0774520e+06   2.9235840e+01
   3.0775220e+06   3.0212402e+01
   3.0851420e+06   3.2592773e+01
   3.0852500e+06   3.0944824e+01
   3.0933300e+06   4.3640137e+01
   3.1023680e+06   3.0151367e+01
   3.1090630e+06   4.0100098e+01
   3.1157030e+06   3.0578613e+01
   3.1158250e+06   5.1330566e+01
   3.1159240e+06   3.1311035e+01
   3.1230680e+06   3.0761719e+01
   3.1231400e+06   3.4301758e+01
   3.1232030e+06   2.9846191e+01
   3.1314330e+06   3.3508301e+01
   3.1314900e+06   2.9418945e+01
   3.1316100e+06   3.1005859e+01
   3.1399480e+06   4.3151855e+01
   3.1400120e+06   3.1616211e+01
   3.1404460e+06   2.9357910e+01
   3.1485630e+06   3.3508301e+01
   3.1486100e+06   3.4973145e+01
   3.1487100e+06   3.3081055e+01
   3.1570430e+06   3.1799316e+01
   3.1637260e+06   3.2836914e+01
   3.1710030e+06   2.9663086e+01
   3.1711170e+06   3.4240723e+01
   3.1792290e+06   2.9907227e+01
   3.1870730e+06   3.2775879e+01
   3.1871600e+06   3.2897949e+01
   3.1872660e+06   2.9907227e+01
   3.1950830e+06   2.9296875e+01
   3.1951640e+06   3.2043457e+01
   3.1952380e+06   3.0273438e+01
   3.1956360e+06   2.9907227e+01
   3.2035730e+06   3.3203125e+01
   3.2036560e+06   3.1982422e+01
   3.2037560e+06   2.9479980e+01
   3.2113330e+06   3.2226563e+01
   3.2113730e+06   3.2348633e+01
   3.2114300e+06   2.9357910e+01
   3.2191320e+06   4.0588379e+01
   3.2194440e+06   3.1372070e+01
   3.2273110e+06   3.8879395e+01
   3.2274140e+06   3.0578613e+01
   3.2276880e+06   3.0090332e+01
   3.2422920e+06   2.9785156e+01
   3.2423740e+06   3.7414551e+01
   3.2504600e+06   2.9418945e+01
   3.2505210e+06   4.6142578e+01
   3.2506560e+06   2.9907227e+01
   3.2584110e+06   3.0517578e+01
   3.2584240e+06   3.7658691e+01
   3.2585330e+06   3.1799316e+01
   3.2586940e+06   2.9357910e+01
   3.2654170e+06   3.4545898e+01
   3.2656380e+06   3.2409668e+01
   3.2725950e+06   2.9418945e+01
   3.2879820e+06   3.1250000e+01
   3.2881300e+06   3.2531738e+01
   3.2881740e+06   3.6621094e+01
   3.2953370e+06   3.2531738e+01
   3.2954360e+06   3.1921387e+01
   3.2955710e+06   3.8146973e+01
   3.3030200e+06   3.2958984e+01
   3.3032030e+06   3.3935547e+01
   3.3114730e+06   3.5217285e+01
   3.3116240e+06   3.0212402e+01
   3.3193150e+06   3.1311035e+01
   3.3193470e+06   3.5522461e+01
   3.3195770e+06   3.0761719e+01
   3.3274120e+06   3.4362793e+01
   3.3275330e+06   3.3325195e+01
   3.3357310e+06   3.3447266e+01
   3.3519680e+06   3.4362793e+01
   3.3605110e+06   3.2287598e+01
   3.3690040e+06   3.2653809e+01
   3.3781450e+06   3.0029297e+01
   3.3782710e+06   3.1433105e+01
   3.3872350e+06   3.6926270e+01
   3.3873360e+06   2.9724121e+01
   3.3966350e+06   3.3752441e+01
   3.4064020e+06   3.8818359e+01
   3.8540200e+06   2.9602051e+01
   3.9911110e+06   2.9235840e+01
   4.1330680e+06   2.9785156e+01
   4.3099740e+06   3.2531738e+01
   4.3111560e+06   3.1433105e+01
   4.3121970e+06   2.9418945e+01
   4.3127940e+06   3.1921387e+01
   4.3128140e+06   3.0944824e+01
   4.3131480e+06   2.9785156e+01
   4.3596540e+06   3.0944824e+01
   4.3696320e+06   3.0334473e+01
   4.3765540e+06   3.4362793e+01
   4.3770260e+06   3.3264160e+01
   4.3775980e+06   3.2287598e+01
   4.3777710e+06   3.6315918e+01
   4.3903420e+06   3.0883789e+01
   4.3906650e+06   3.0578613e+01
   4.3916050e+06   3.1066895e+01
   4.4035400e+06   2.9602051e+01
   4.4040220e+06   3.1188965e+01
   4.4137810e+06   3.4667969e+01
   4.4308610e+06   4.4799805e+01
   4.4383350e+06   3.8024902e+01
   4.4390450e+06   2.9235840e+01
   4.4540600e+06   3.1921387e+01
   4.4541370e+06   3.1066895e+01
   4.4543190e+06   3.2104492e+01
   4.4612560e+06   3.1494141e+01
   4.4682600e+06   3.1127930e+01
   4.4913180e+06   2.9907227e+01
   4.4913850e+06   3.0334473e+01
   4.4914790e+06   3.0029297e+01
   4.5006020e+06   3.0334473e+01
   4.5010240e+06   3.2409668e+01
   4.5072320e+06   3.1066895e+01
   4.5141470e+06   3.2775879e+01
   4.5200900e+06   3.2470703e+01
   4.5252760e+06   3.1860352e+01
   4.5255720e+06   3.4057617e+01
   4.5430750e+06   3.0151367e+01
   4.5637600e+06   3.2348633e+01
   4.5896310e+06   2.9418945e+01
   4.6054460e+06   3.2714844e+01
   4.6115010e+06   3.5095215e+01
   4.6115540e+06   3.1188965e+01
   4.6172640e+06   2.9846191e+01
   4.6301030e+06   3.1555176e+01
   4.6542430e+06   3.0029297e+01
   4.6913170e+06   2.9907227e+01
   4.6913750e+06   3.0883789e+01
   4.7478330e+06   2.9357910e+01
   4.7678990e+06   2.9357910e+01
   4.7808520e+06   3.2897949e+01
   4.8008860e+06   3.1188965e+01
   4.8492730e+06   2.9235840e+01
   4.8559920e+06   3.0212402e+01
   4.8782770e+06   3.0090332e+01
   4.8858140e+06   3.6804199e+01
   4.9374150e+06   3.2043457e+01
   4.9522060e+06   3.0883789e+01
   5.0059650e+06   3.0273438e+01
   5.0361630e+06   3.0639648e+01
   5.0518970e+06   3.1311035e+01
   5.0969210e+06   3.0029297e+01
   5.1497100e+06   3.0029297e+01
   5.1813140e+06   3.5949707e+01
   5.2460060e+06   3.0761719e+01
   5.2631880e+06   3.0456543e+01
   5.3172800e+06   3.0517578e+01
   5.3301470e+06   3.1433105e+01
   5.3602020e+06   3.4912109e+01
   5.3774130e+06   3.4362793e+01
   5.4500160e+06   3.3325195e+01
   5.4503220e+06   2.9663086e+01
   5.5124610e+06   3.3203125e+01
   5.6126170e+06   3.0212402e+01
   5.6143480e+06   3.7719727e+01
   5.6144360e+06   2.9296875e+01
   5.6145510e+06   3.9062500e+01
   5.6392520e+06   3.1738281e+01
   5.6597970e+06   3.0578613e+01
   5.6757040e+06   3.0212402e+01
   5.6843490e+06   3.0700684e+01
   5.6851310e+06   3.2348633e+01
   5.6940460e+06   4.0649414e+01
   5.6950330e+06   2.9846191e+01
   5.7127040e+06   3.3508301e+01
   5.7203090e+06   2.9418945e+01
   5.7206340e+06   2.9357910e+01
   5.7354650e+06   3.0639648e+01
   5.7430640e+06   2.9479980e+01
   5.7502520e+06   3.1494141e+01
   5.7568980e+06   3.3691406e+01
   5.7947000e+06   3.1616211e+01
   5.7947470e+06   2.9479980e+01
   5.8107340e+06   2.9907227e+01
   5.8108840e+06   3.1555176e+01
   5.8164350e+06   3.5522461e+01
   5.8165990e+06   2.9968262e+01
   5.8224060e+06   3.0639648e+01
   5.8224450e+06   3.2653809e+01
   5.8225470e+06   2.9479980e+01
   5.8292410e+06   3.7414551e+01
   5.8357230e+06   3.0212402e+01
   5.8483430e+06   3.0578613e+01
   5.8603100e+06   2.9907227e+01
   5.8603990e+06   3.3081055e+01
   5.8790810e+06   3.3569336e+01
   5.8907040e+06   2.9235840e+01
   5.9039920e+06   3.0944824e+01
   5.9167110e+06   3.2897949e+01
   5.9233610e+06   3.2165527e+01
   5.9292200e+06   3.3813477e+01
   5.9371430e+06   3.3386230e+01
   5.9371820e+06   3.1188965e+01
   5.9444080e+06   3.2043457e+01
   5.9556110e+06   3.2226563e+01
   5.9608060e+06   3.0761719e+01
   5.9609140e+06   3.0273438e+01
   5.9662350e+06   3.0334473e+01
   5.9720640e+06   3.3020020e+01
   5.9783140e+06   3.4667969e+01
   5.9848840e+06   3.6560059e+01
   5.9993250e+06   3.3142090e+01
   5.9994290e+06   3.4240723e+01
   5.9995440e+06   3.8391113e+01
   6.0058200e+06   2.9724121e+01
   6.0059280e+06   3.2165527e+01
   6.0129630e+06   3.0090332e+01
   6.0206800e+06   2.9907227e+01
   6.0208240e+06   3.3264160e+01
   6.0281430e+06   3.4301758e+01
   6.0282230e+06   3.0090332e+01
   6.0353320e+06   3.4240723e+01
   6.0427140e+06   3.4545898e+01
   6.0427300e+06   3.1066895e+01
   6.0584100e+06   3.1066895e+01
   6.0585270e+06   3.2592773e+01
   6.0585750e+06   3.4240723e+01
   6.0669090e+06   3.1738281e+01
   6.0737950e+06   3.1677246e+01
   6.0806070e+06   2.9907227e+01
   6.0806630e+06   3.1982422e+01
   6.0808290e+06   3.7658691e+01
   6.0876090e+06   3.2836914e+01
   6.0876510e+06   3.8085938e+01
   6.0946190e+06   2.9541016e+01
   6.1014590e+06   3.2531738e+01
   6.1015540e+06   3.1066895e+01
   6.1015960e+06   3.2409668e+01
   6.1016690e+06   3.3020020e+01
   6.1083850e+06   2.9479980e+01
   6.1085390e+06   3.0761719e+01
   6.1167620e+06   3.0944824e+01
   6.1170660e+06   2.9602051e+01
   6.1240110e+06   3.0212402e+01
   6.1243700e+06   2.9357910e+01
   6.1312170e+06   3.0151367e+01
   6.1451820e+06   4.1931152e+01
   6.1451990e+06   3.2104492e+01
   6.1454240e+06   2.9357910e+01
   6.1520500e+06   3.1555176e+01
   6.1521220e+06   3.6132813e+01
   6.1521570e+06   3.0700684e+01
   6.1522390e+06   3.0334473e+01
   6.1591260e+06   3.0334473e+01
   6.1593120e+06   3.2653809e+01
   6.1660010e+06   3.1188965e+01
   6.1733390e+06   3.2409668e+01
   6.1734360e+06   3.3020020e+01
   6.1806570e+06   3.0700684e+01
   6.1808610e+06   3.1188965e+01
   6.1879890e+06   3.4240723e+01
   6.1960950e+06   3.0273438e+01
   6.2027190e+06   2.9235840e+01
   6.2029670e+06   2.9418945e+01
   6.2104470e+06   3.1555176e+01
   6.2182920e+06   3.1738281e+01
   6.2185460e+06   3.1738281e+01
   6.2485360e+06   3.1616211e+01
   6.2485840e+06   2.9907227e+01
   6.2558090e+06   2.9968262e+01
   6.2632380e+06   2.9663086e+01
   6.2783730e+06   3.0029297e+01
   6.2784540e+06   2.9907227e+01
   6.2857850e+06   3.0090332e+01
   6.2934010e+06   3.2470703e+01
   6.2935100e+06   2.9296875e+01
   6.2935790e+06   2.9846191e+01
   6.3103780e+06   3.1494141e+01
   6.3186500e+06   3.1188965e+01
   6.3188530e+06   2.9296875e+01
   6.3258810e+06   2.9785156e+01
   6.3433600e+06   2.9418945e+01
   6.3841830e+06   3.5888672e+01
   6.4017770e+06   2.9846191e+01
   7.0423950e+06   3.1127930e+01
   7.0426040e+06   3.1494141e+01
   7.2834870e+06   2.9541016e+01
   7.3345490e+06   3.3386230e+01
   7.3346450e+06   2.9541016e+01
   7.3347110e+06   3.0395508e+01
   7.3654020e+06   3.3569336e+01
   7.3864090e+06   3.4912109e+01
   7.3868170e+06   3.1433105e+01
   7.3970760e+06   2.9724121e+01
   7.3976910e+06   3.3142090e+01
   7.3980070e+06   3.0395508e+01
   7.4066880e+06   3.4606934e+01
   7.4152580e+06   3.1799316e+01
   7.4154980e+06   3.4606934e+01
   7.4235300e+06   3.2104492e+01
   7.4390310e+06   3.1066895e+01
   7.4393860e+06   3.9184570e+01
   7.4598150e+06   2.9846191e+01
   7.4653440e+06   3.4118652e+01
   7.4752180e+06   3.0761719e+01
   7.4755640e+06   3.0883789e+01
   7.4940800e+06   3.2653809e+01
   7.4941970e+06   3.0639648e+01
   7.5151760e+06   3.6743164e+01
   7.5154230e+06   3.0700684e+01
   7.5219210e+06   3.0883789e+01
   7.5647270e+06   3.3264160e+01
   7.5650130e+06   2.9479980e+01
   7.5949120e+06   3.3325195e+01
   7.6220050e+06   3.1677246e+01
   7.6285140e+06   3.1311035e+01
   7.6447280e+06   3.1005859e+01
   7.6936560e+06   2.9663086e+01
   7.6995340e+06   2.9357910e+01
   7.7111310e+06   3.1921387e+01
   7.7111860e+06   2.9418945e+01
   7.7235520e+06   4.1259766e+01
   7.7291180e+06   3.1433105e+01
   7.7294880e+06   3.1982422e+01
   7.7475930e+06   2.9357910e+01
   7.7477110e+06   3.1860352e+01
   7.7667080e+06   3.1494141e+01
   7.7672750e+06   3.0212402e+01
   7.7737110e+06   2.9418945e+01
   7.7798770e+06   3.2165527e+01
   7.8043650e+06   3.1250000e+01
   7.8100310e+06   3.2775879e+01
   7.8101430e+06   3.1250000e+01
   7.8104480e+06   3.0273438e+01
   7.8169090e+06   3.1921387e+01
   7.8172190e+06   3.2775879e+01
   7.8239010e+06   2.9968262e+01
   7.8310050e+06   3.0822754e+01
   7.8313470e+06   3.3691406e+01
   7.8649700e+06   3.1005859e+01
   7.8988970e+06   3.0029297e+01
   7.9109830e+06   3.0395508e+01
   7.9112210e+06   3.0517578e+01
   7.9369700e+06   3.9306641e+01
   7.9506540e+06   3.2348633e+01
   7.9578450e+06   3.0273438e+01
   7.9714500e+06   3.1311035e+01
   7.9870010e+06   3.6987305e+01
   8.0154760e+06   2.9602051e+01
   8.0160160e+06   3.1188965e+01
   8.0162330e+06   3.0578613e+01
   8.0164580e+06   3.0334473e+01
   8.0299750e+06   3.0029297e+01
   8.0428610e+06   3.4179688e+01
   8.0430060e+06   2.9785156e+01
   8.0569190e+06   3.1799316e+01
   8.0711170e+06   3.0212402e+01
   8.0715510e+06   3.2226563e+01
   8.0852380e+06   2.9235840e+01
   8.0857740e+06   3.4118652e+01
   8.1072980e+06   3.5888672e+01
   8.1074960e+06   2.9418945e+01
   8.1214590e+06   3.2287598e+01
   8.1297870e+06   3.2226563e+01
   8.1436250e+06   3.2958984e+01
   8.1516860e+06   3.2897949e+01
   8.1688680e+06   3.3508301e+01
   8.1694290e+06   3.5095215e+01
   8.1930640e+06   3.5949707e+01
   8.2085050e+06   3.0883789e+01
   8.2560210e+06   3.3203125e+01
   8.2725950e+06   3.4301758e+01
   8.2805140e+06   2.9296875e+01
   8.2805360e+06   3.4667969e+01
   8.3058660e+06   2.9296875e+01
   8.3059570e+06   3.7048340e+01
   8.3060880e+06   3.1982422e+01
   8.3152480e+06   3.2409668e+01
   8.3321400e+06   3.1188965e+01
   8.3579970e+06   2.9724121e+01
   8.3762990e+06   2.9785156e+01
   8.3765840e+06   3.5095215e+01
   8.3861520e+06   3.4545898e+01
   8.3864900e+06   2.9602051e+01
   8.3971020e+06   3.5522461e+01
   8.3972290e+06   3.2287598e+01
   8.4076010e+06   3.1921387e+01
   8.4168450e+06   2.9602051e+01
   8.4264040e+06   3.0822754e+01
   8.4464980e+06   3.5156250e+01
   8.4475800e+06   3.1494141e+01
   8.4567820e+06   3.0578613e+01
   8.4667610e+06   3.6682129e+01
   8.4770870e+06   3.9062500e+01
   8.4866510e+06   3.0395508e+01
   8.4867460e+06   3.1311035e+01
   8.4868630e+06   2.9602051e+01
   8.5352820e+06   3.7658691e+01
   8.5354060e+06   3.1555176e+01
   8.5355430e+06   3.0639648e+01
   8.5550470e+06   3.1250000e+01
   8.5554620e+06   3.2531738e+01
   8.5648360e+06   3.8269043e+01
   8.6004850e+06   3.2104492e+01
   8.6084760e+06   3.1494141e+01
   8.6087000e+06   3.2897949e+01
   8.6175490e+06   3.0761719e+01
   8.6177000e+06   3.0578613e+01
   8.6366170e+06   3.1860352e+01
   8.6638940e+06   3.3203125e+01
   8.6840780e+06   2.9663086e+01
   8.7116220e+06   3.3508301e+01
   8.7392310e+06   3.1127930e+01
   8.7583170e+06   3.0639648e+01
   8.7776540e+06   3.0883789e+01
   8.7875850e+06   2.9541016e+01
   8.7976990e+06   3.2897949e+01
   8.8070360e+06   3.3630371e+01
   8.8171970e+06   3.1066895e+01
   8.8174150e+06   3.2165527e+01
   8.8175880e+06   2.9296875e+01
   8.8377280e+06   3.0883789e+01
   8.8571760e+06   3.0822754e+01
   8.8572650e+06   3.1127930e+01
   8.8574690e+06   3.9306641e+01
   8.9139110e+06   2.9724121e+01
   8.9427980e+06   3.0029297e+01
   8.9687080e+06   2.9785156e+01
   8.9779780e+06   2.9907227e+01
   9.0404330e+06   2.9724121e+01
   9.0559250e+06   3.0578613e+01
   9.9516460e+06   3.4545898e+01
   9.9517000e+06   2.9724121e+01
   9.9517640e+06   3.3630371e+01
   9.9517840e+06   3.5522461e+01
   9.9518510e+06   3.3081055e+01
   1.0031896e+07   4.0222168e+01
   1.0032459e+07   2.9357910e+01
   1.0040947e+07   3.4484863e+01
   1.0041254e+07   3.8024902e+01
   1.0041437e+07   2.9235840e+01
   1.0052062e+07   3.1066895e+01
   1.0052395e+07   3.4240723e+01
   1.0060822e+07   3.0151367e+01
   1.0086097e+07   3.8696289e+01
   1.0108851e+07   3.3386230e+01
   1.0132248e+07   3.3691406e+01
   1.0185588e+07   2.9602051e+01
   1.0215150e+07   3.1738281e+01
   1.0222336e+07   3.3996582e+01
   1.0235856e+07   3.3386230e+01
   1.0265170e+07   2.9235840e+01
   1.0272676e+07   3.0639648e+01
   1.0272812e+07   3.9123535e+01
   1.0286422e+07   3.3874512e+01
   1.0301182e+07   3.4179688e+01
   1.0308698e+07   3.4057617e+01
   1.0315760e+07   3.3020020e+01
   1.0330303e+07   3.2592773e+01
   1.0345378e+07   3.5705566e+01
   1.0345455e+07   2.9541016e+01
   1.0345551e+07   3.0151367e+01
   1.0360704e+07   3.0273438e+01
   1.0388587e+07   2.9418945e+01
   1.0404244e+07   2.9418945e+01
   1.0411640e+07   2.9235840e+01
   1.0427226e+07   3.1433105e+01
   1.0452451e+07   3.5888672e+01
   1.0452474e+07   3.2775879e+01
   1.0460670e+07   3.0090332e+01
   1.0469217e+07   3.1311035e+01
   1.0477690e+07   3.1616211e+01
   1.0486503e+07   2.9235840e+01
   1.0495107e+07   3.0273438e+01
   1.0495271e+07   4.1503906e+01
   1.0503974e+07   3.1372070e+01
   1.0512659e+07   3.6621094e+01
   1.0512924e+07   3.7231445e+01
   1.0530869e+07   2.9541016e+01
   1.0550073e+07   3.8757324e+01
   1.0560226e+07   3.7353516e+01
   1.0569454e+07   2.9968262e+01
   1.0569531e+07   2.9724121e+01
   1.0569664e+07   3.5949707e+01
   1.0579342e+07   3.1677246e+01
   1.0588749e+07   3.6926270e+01
   1.0588842e+07   3.0944824e+01
   1.0588900e+07   2.9418945e+01
   1.0630460e+07   3.6926270e+01
   1.0630672e+07   2.9907227e+01
   1.0630741e+07   3.5278320e+01
   1.0641130e+07   3.1005859e+01
   1.0651570e+07   3.1127930e+01
   1.0662286e+07   3.1738281e+01
   1.0662306e+07   3.3935547e+01
   1.0662417e+07   2.9968262e+01
   1.0674102e+07   3.5217285e+01
   1.0674308e+07   3.2836914e+01
   1.0674470e+07   3.0151367e+01
   1.0686031e+07   3.0883789e+01
   1.0698458e+07   3.0334473e+01
   1.0698600e+07   3.0578613e+01
   1.0710640e+07   3.3081055e+01
   1.0749714e+07   3.4423828e+01
