   1.1999000e+07   0.0000000e+00
   6.2527000e+04   4.7485352e+01
   6.2951000e+04   4.1137695e+01
   1.0419300e+05   4.5837402e+01
   1.7814800e+05   4.2663574e+01
   2.0124900e+05   4.0161133e+01
   2.1984000e+05   4.3090820e+01
   2.7051100e+05   4.0161133e+01
   2.7059600e+05   4.1748047e+01
   2.7067300e+05   3.9855957e+01
   3.0954200e+05   4.3762207e+01
   3.3748600e+05   4.3151855e+01
   3.3887600e+05   3.9489746e+01
   3.7376700e+05   4.3640137e+01
   4.9245700e+05   4.3518066e+01
   5.2144500e+05   4.6325684e+01
   5.2159800e+05   4.4128418e+01
   5.8711700e+05   4.5776367e+01
   5.8803600e+05   4.4860840e+01
   5.8852300e+05   4.5410156e+01
   5.8856800e+05   5.7495117e+01
   6.7116800e+05   3.9916992e+01
   6.7217100e+05   4.2297363e+01
   7.9931000e+05   4.0954590e+01
   8.0966900e+05   4.0771484e+01
   8.3626300e+05   3.9611816e+01
   8.3681700e+05   4.1687012e+01
   9.2182200e+05   3.9611816e+01
   9.2759400e+05   3.9550781e+01
   9.7762700e+05   3.9489746e+01
   9.9970900e+05   4.7424316e+01
   1.1347560e+06   4.1076660e+01
   1.1399270e+06   3.9550781e+01
   1.1460620e+06   6.2988281e+01
   1.1461450e+06   4.0039063e+01
   1.3003510e+06   4.4128418e+01
   1.3365990e+06   4.2114258e+01
   1.4304660e+06   4.1564941e+01
   1.4416420e+06   4.3151855e+01
   1.5964720e+06   4.3701172e+01
   1.5974370e+06   4.7180176e+01
   1.5974670e+06   4.4006348e+01
   1.6438540e+06   4.0161133e+01
   1.7115540e+06   4.3212891e+01
   1.7695100e+06   4.1625977e+01
   1.7810640e+06   4.5349121e+01
   1.8608580e+06   4.0832520e+01
   1.8799620e+06   4.0100098e+01
   2.0084320e+06   4.7241211e+01
   2.0219610e+06   4.5349121e+01
   2.0643520e+06   4.0283203e+01
   2.3765430e+06   3.9733887e+01
   2.3861140e+06   4.9194336e+01
   2.5078690e+06   4.0527344e+01
   2.6424820e+06   4.0771484e+01
   2.6426260e+06   4.1870117e+01
   2.7391570e+06   4.2480469e+01
   2.7392030e+06   4.4555664e+01
   2.7392350e+06   4.2114258e+01
   2.7393810e+06   4.0100098e+01
   2.7469990e+06   4.0161133e+01
   2.7851060e+06   4.5532227e+01
   2.8457660e+06   4.1137695e+01
   2.8875800e+06   4.9011230e+01
   2.8875970e+06   5.2917480e+01
   2.8876180e+06   5.0415039e+01
   2.8876530e+06   4.0527344e+01
   2.8877090e+06   4.0893555e+01
   2.8877450e+06   4.0222168e+01
   2.8891450e+06   4.0527344e+01
   2.8987800e+06   3.9855957e+01
   2.9572370e+06   3.9550781e+01
   2.9917620e+06   4.3823242e+01
   3.0049280e+06   4.0649414e+01
   3.0126050e+06   3.9489746e+01
   3.0126520e+06   5.8959961e+01
   3.0267970e+06   4.3212891e+01
   3.0298940e+06   4.0161133e+01
   3.0299490e+06   4.3701172e+01
   3.0392120e+06   4.7180176e+01
   3.0573780e+06   4.2236328e+01
   3.0575350e+06   3.9733887e+01
   3.0649650e+06   3.9978027e+01
   3.0769510e+06   4.5043945e+01
   3.0871120e+06   4.0344238e+01
   3.1221910e+06   3.9916992e+01
   3.1267840e+06   3.9611816e+01
   3.1320950e+06   4.2541504e+01
   3.1617570e+06   4.0161133e+01
   3.1682520e+06   4.5715332e+01
   3.1839120e+06   4.0039063e+01
   3.1928090e+06   4.0100098e+01
   3.2091910e+06   4.0527344e+01
   3.2237190e+06   4.0222168e+01
   3.2593200e+06   4.1809082e+01
   3.2659970e+06   3.9611816e+01
   3.3330430e+06   4.2724609e+01
   3.3689640e+06   4.6386719e+01
   3.3909910e+06   3.9672852e+01
   3.4097010e+06   3.9489746e+01
   3.5003360e+06   3.9550781e+01
   3.6380760e+06   4.2480469e+01
   3.6596710e+06   4.1809082e+01
   3.6617520e+06   4.3334961e+01
   3.6617970e+06   4.2541504e+01
   3.7109500e+06   5.0354004e+01
   3.7379680e+06   4.4738770e+01
   3.7380430e+06   4.2236328e+01
   3.7380530e+06   4.9194336e+01
   3.7381880e+06   4.3884277e+01
   3.7392210e+06   4.6997070e+01
   3.7684940e+06   4.2846680e+01
   3.7780450e+06   4.6875000e+01
   3.7834640e+06   4.6630859e+01
   3.7894680e+06   4.3273926e+01
   3.7932500e+06   4.2419434e+01
   3.7983800e+06   4.1259766e+01
   3.8104850e+06   4.0344238e+01
   3.8277370e+06   5.0598145e+01
   3.8277750e+06   4.1198730e+01
   3.8383730e+06   4.0222168e+01
   3.8409620e+06   4.7241211e+01
   3.8409760e+06   3.9550781e+01
   3.8410050e+06   4.7729492e+01
   3.8412090e+06   4.2785645e+01
   3.8523780e+06   3.9978027e+01
   3.8524070e+06   5.6091309e+01
   3.8524780e+06   3.9306641e+01
   3.8525000e+06   4.5349121e+01
   3.8525270e+06   4.4799805e+01
   3.8658150e+06   4.2480469e+01
   3.8668260e+06   4.1137695e+01
   3.8747210e+06   3.9794922e+01
   3.8841650e+06   4.1625977e+01
   3.8842310e+06   4.3151855e+01
   3.8951090e+06   5.8715820e+01
   3.8951460e+06   5.1940918e+01
   3.8951640e+06   4.6691895e+01
   3.8952950e+06   4.0771484e+01
   3.9075390e+06   5.1452637e+01
   3.9075670e+06   4.6325684e+01
   3.9076010e+06   5.1269531e+01
   3.9076210e+06   4.0466309e+01
   3.9076620e+06   4.8889160e+01
   3.9201520e+06   6.1279297e+01
   3.9201710e+06   5.8532715e+01
   3.9201850e+06   4.0283203e+01
   3.9202030e+06   5.2856445e+01
   3.9203050e+06   3.9978027e+01
   3.9324490e+06   4.0466309e+01
   3.9324740e+06   6.5307617e+01
   3.9324850e+06   4.9255371e+01
   3.9325090e+06   4.4433594e+01
   3.9325220e+06   4.5166016e+01
   3.9325500e+06   4.6936035e+01
   3.9326280e+06   4.6203613e+01
   3.9333220e+06   4.0771484e+01
   3.9450580e+06   4.6569824e+01
   3.9450900e+06   4.5104980e+01
   3.9451200e+06   5.7617188e+01
   3.9451500e+06   4.6325684e+01
   3.9451600e+06   4.6264648e+01
   3.9542750e+06   5.5297852e+01
   3.9542880e+06   5.6152344e+01
   3.9543090e+06   5.3100586e+01
   3.9543310e+06   4.3884277e+01
   3.9640220e+06   8.7951660e+01
   3.9640560e+06   5.3283691e+01
   3.9640790e+06   4.1748047e+01
   3.9641030e+06   4.7363281e+01
   3.9641730e+06   4.4006348e+01
   3.9642310e+06   4.0039063e+01
   3.9646510e+06   4.6020508e+01
   3.9760660e+06   4.8645020e+01
   3.9760880e+06   5.2612305e+01
   3.9761170e+06   4.8278809e+01
   3.9867330e+06   5.8410645e+01
   3.9867700e+06   3.9367676e+01
   3.9868000e+06   4.6569824e+01
   3.9868610e+06   4.6508789e+01
   3.9972880e+06   7.0251465e+01
   3.9973030e+06   5.9265137e+01
   4.0085100e+06   5.9692383e+01
   4.0085270e+06   4.0649414e+01
   4.0085370e+06   5.3405762e+01
   4.0085820e+06   3.9428711e+01
   4.0091120e+06   3.9794922e+01
   4.0181950e+06   6.0974121e+01
   4.0182060e+06   9.4909668e+01
   4.0182180e+06   5.7556152e+01
   4.0182430e+06   4.6691895e+01
   4.0182780e+06   4.2968750e+01
   4.0183160e+06   4.2175293e+01
   4.0285580e+06   5.9570312e+01
   4.0285860e+06   4.4250488e+01
   4.0286630e+06   4.0283203e+01
   4.0287060e+06   4.6997070e+01
   4.0393120e+06   4.4189453e+01
   4.0393400e+06   6.4697266e+01
   4.0393590e+06   5.9204102e+01
   4.0519790e+06   6.4025879e+01
   4.0520180e+06   5.5908203e+01
   4.0520740e+06   4.4006348e+01
   4.0521950e+06   4.5837402e+01
   4.0529130e+06   4.0954590e+01
   4.0529970e+06   4.3029785e+01
   4.0658530e+06   4.6081543e+01
   4.0658630e+06   7.1228027e+01
   4.0658910e+06   4.2053223e+01
   4.0659110e+06   5.2368164e+01
   4.0659450e+06   4.1381836e+01
   4.0700780e+06   4.0405273e+01
   4.0701220e+06   4.0954590e+01
   4.0701420e+06   5.5969238e+01
   4.0790470e+06   5.7556152e+01
   4.0791320e+06   3.9794922e+01
   4.0792040e+06   4.0222168e+01
   4.0831390e+06   4.8583984e+01
   4.0832010e+06   4.1564941e+01
   4.0927390e+06   4.9438477e+01
   4.0927660e+06   4.5593262e+01
   4.1031930e+06   5.0659180e+01
   4.1159720e+06   4.0954590e+01
   4.1159960e+06   4.3823242e+01
   4.1160120e+06   4.1625977e+01
   4.1296100e+06   7.1411133e+01
   4.1296630e+06   5.5664063e+01
   4.1316030e+06   4.4128418e+01
   4.1418690e+06   4.0893555e+01
   4.1419420e+06   4.3090820e+01
   4.1419880e+06   4.1748047e+01
   4.1420170e+06   4.0344238e+01
   4.1469660e+06   6.2866211e+01
   4.1585800e+06   3.9855957e+01
   4.1586130e+06   4.4494629e+01
   4.1586860e+06   3.9916992e+01
   4.1587540e+06   4.1015625e+01
   4.1587880e+06   4.1931152e+01
   4.1628440e+06   4.3884277e+01
   4.1725560e+06   4.9560547e+01
   4.1725850e+06   4.3640137e+01
   4.1726230e+06   5.5236816e+01
   4.1726400e+06   4.0893555e+01
   4.1762430e+06   4.4860840e+01
   4.1862130e+06   4.3518066e+01
   4.1862260e+06   4.7973633e+01
   4.1862860e+06   3.9733887e+01
   4.1863190e+06   4.3945313e+01
   4.1863610e+06   4.1992188e+01
   4.1912040e+06   6.5612793e+01
   4.2012750e+06   4.4189453e+01
   4.2013190e+06   4.5776367e+01
   4.2013880e+06   4.5104980e+01
   4.2126010e+06   4.6020508e+01
   4.2126270e+06   5.0476074e+01
   4.2126500e+06   4.2053223e+01
   4.2126770e+06   5.6579590e+01
   4.2126970e+06   4.0344238e+01
   4.2127980e+06   4.7607422e+01
   4.2236930e+06   3.9733887e+01
   4.2237730e+06   4.3090820e+01
   4.2238450e+06   4.0161133e+01
   4.2238930e+06   4.0893555e+01
   4.2239240e+06   4.0771484e+01
   4.2247240e+06   4.3579102e+01
   4.2376920e+06   4.4006348e+01
   4.2377660e+06   4.2602539e+01
   4.2378180e+06   4.6752930e+01
   4.2378380e+06   4.4006348e+01
   4.2378800e+06   4.5898438e+01
   4.2506180e+06   4.7424316e+01
   4.2506570e+06   4.5104980e+01
   4.2507110e+06   4.0710449e+01
   4.2536480e+06   4.3945313e+01
   4.2537130e+06   4.4799805e+01
   4.2654030e+06   3.9672852e+01
   4.2654310e+06   4.4372559e+01
   4.2701610e+06   7.3059082e+01
   4.2702910e+06   4.7424316e+01
   4.2815070e+06   4.1625977e+01
   4.2815440e+06   4.0527344e+01
   4.2933580e+06   4.1198730e+01
   4.2933790e+06   4.0954590e+01
   4.3058270e+06   4.3090820e+01
   4.3059170e+06   3.9489746e+01
   4.3060400e+06   4.0771484e+01
   4.3061190e+06   5.2551270e+01
   4.3186210e+06   4.4372559e+01
   4.3312050e+06   4.0832520e+01
   4.3312200e+06   5.1269531e+01
   4.3577270e+06   4.1809082e+01
   4.4541120e+06   4.0283203e+01
   4.4590430e+06   3.9367676e+01
   4.5027370e+06   4.1809082e+01
   4.5079100e+06   3.9733887e+01
   4.5206790e+06   4.0222168e+01
   4.5363160e+06   3.9611816e+01
   4.5691980e+06   4.4311523e+01
   4.6126670e+06   3.9978027e+01
   4.6253930e+06   3.9978027e+01
   4.6354240e+06   4.1564941e+01
   4.7026980e+06   4.0161133e+01
   4.7479560e+06   4.0344238e+01
   4.7600290e+06   3.9489746e+01
   4.7811580e+06   3.9855957e+01
   4.8339660e+06   4.3090820e+01
   4.8351470e+06   4.2846680e+01
   4.9624300e+06   4.1625977e+01
   4.9776310e+06   4.4677734e+01
   5.2345300e+06   3.9306641e+01
   5.4063760e+06   4.0832520e+01
   5.4086520e+06   3.9611816e+01
   5.4867100e+06   4.1503906e+01
   5.5823110e+06   4.2114258e+01
   5.6132330e+06   3.9367676e+01
   5.6263190e+06   3.9794922e+01
   5.6453370e+06   4.0344238e+01
   5.7936890e+06   3.9306641e+01
   6.0416860e+06   4.0527344e+01
   6.1249280e+06   3.9672852e+01
   6.1767120e+06   4.0283203e+01
   6.5592060e+06   3.9794922e+01
   6.5759000e+06   4.4372559e+01
   6.5796380e+06   4.4860840e+01
   6.6381810e+06   3.9428711e+01
   6.7994610e+06   3.9611816e+01
   6.9429100e+06   4.8217773e+01
   6.9429450e+06   4.0710449e+01
   6.9429620e+06   4.8400879e+01
   6.9429790e+06   4.4433594e+01
   6.9430170e+06   3.9428711e+01
   7.0367660e+06   3.9306641e+01
   7.0972380e+06   3.9672852e+01
   7.1544990e+06   4.0283203e+01
   7.1694070e+06   4.1931152e+01
   7.1771580e+06   4.1259766e+01
   7.2279200e+06   4.1931152e+01
   7.3619750e+06   3.9855957e+01
   7.4457740e+06   4.1015625e+01
   7.5043960e+06   4.1259766e+01
   7.5535680e+06   4.2419434e+01
   7.5923160e+06   4.1687012e+01
   7.7207700e+06   4.1809082e+01
   7.7648240e+06   3.9611816e+01
   7.7857530e+06   4.0222168e+01
   8.0359660e+06   4.0466309e+01
   8.0376320e+06   4.0161133e+01
   8.0435840e+06   4.0039063e+01
   8.0503380e+06   3.9367676e+01
   8.0933290e+06   4.0588379e+01
   8.1481180e+06   4.0161133e+01
   8.1675900e+06   4.1198730e+01
   8.1749350e+06   3.9978027e+01
   8.2294510e+06   3.9306641e+01
   8.2461050e+06   3.9978027e+01
   8.2712850e+06   3.9489746e+01
   8.2735950e+06   4.0039063e+01
   8.3584550e+06   4.0222168e+01
   8.3919840e+06   4.0832520e+01
   8.4110190e+06   4.3823242e+01
   8.4596810e+06   4.6691895e+01
   8.4758140e+06   3.9550781e+01
   8.4880730e+06   4.0527344e+01
   8.6050240e+06   4.0832520e+01
   8.6304990e+06   3.9733887e+01
   8.6575630e+06   4.1809082e+01
   8.7137310e+06   4.3212891e+01
   8.7510340e+06   3.9489746e+01
   8.8167570e+06   4.2602539e+01
   8.8925220e+06   4.1381836e+01
   8.9531570e+06   3.9916992e+01
   9.0028980e+06   5.5053711e+01
   9.2220550e+06   3.9672852e+01
   9.2251610e+06   3.9550781e+01
   9.2390580e+06   4.5043945e+01
   9.2648900e+06   4.1259766e+01
   9.3035590e+06   3.9978027e+01
   9.3520310e+06   3.9428711e+01
   9.3592590e+06   4.0527344e+01
   9.4041320e+06   4.0832520e+01
   9.4098650e+06   4.1015625e+01
   9.4300120e+06   4.2724609e+01
   9.4552870e+06   3.9367676e+01
   9.4640430e+06   4.2480469e+01
   9.4714280e+06   3.9855957e+01
   9.6342280e+06   4.4250488e+01
   9.6939440e+06   4.1015625e+01
   9.7709740e+06   4.1381836e+01
   9.7929270e+06   5.0292969e+01
   9.8458850e+06   4.3945313e+01
   9.8738140e+06   4.7363281e+01
   9.9440900e+06   4.0283203e+01
   9.9984650e+06   4.2053223e+01
   1.0050047e+07   4.1076660e+01
   1.0337964e+07   4.4677734e+01
   1.0367600e+07   4.2968750e+01
   1.0373507e+07   4.0222168e+01
   1.0401599e+07   4.1503906e+01
   1.0427889e+07   3.9733887e+01
   1.0530978e+07   4.1870117e+01
   1.0544956e+07   4.1870117e+01
   1.0552881e+07   4.2236328e+01
   1.0735158e+07   4.0100098e+01
   1.0783031e+07   3.9794922e+01
   1.0790925e+07   4.2602539e+01
   1.0795416e+07   4.1625977e+01
   1.0804281e+07   4.1625977e+01
   1.0832612e+07   4.4860840e+01
   1.0838851e+07   3.9428711e+01
   1.0848383e+07   4.6997070e+01
   1.0886967e+07   4.1381836e+01
   1.0966985e+07   4.3151855e+01
   1.0982505e+07   3.9367676e+01
   1.1051429e+07   4.1870117e+01
   1.1106749e+07   4.1687012e+01
   1.1132452e+07   4.1137695e+01
   1.1231346e+07   4.1015625e+01
   1.1341469e+07   4.4555664e+01
   1.1365214e+07   3.9611816e+01
   1.1365958e+07   4.0344238e+01
   1.1397736e+07   4.0588379e+01
   1.1397782e+07   4.3273926e+01
   1.1427162e+07   4.3090820e+01
   1.1458115e+07   4.0771484e+01
   1.1458234e+07   4.4494629e+01
   1.1481913e+07   3.9428711e+01
   1.1490056e+07   4.1015625e+01
   1.1499082e+07   4.4494629e+01
   1.1499101e+07   3.9794922e+01
   1.1506363e+07   4.3762207e+01
   1.1506373e+07   4.4067383e+01
   1.1513445e+07   3.9367676e+01
   1.1513520e+07   4.2785645e+01
   1.1513572e+07   5.0231934e+01
   1.1528481e+07   5.1513672e+01
   1.1528542e+07   4.3334961e+01
   1.1528591e+07   4.0954590e+01
   1.1535514e+07   6.6223145e+01
   1.1535548e+07   4.5654297e+01
   1.1535588e+07   4.3457031e+01
   1.1543519e+07   4.3334961e+01
   1.1549544e+07   5.5297852e+01
   1.1555368e+07   4.7729492e+01
   1.1555444e+07   4.0954590e+01
   1.1561478e+07   4.5715332e+01
   1.1567842e+07   4.0283203e+01
   1.1574377e+07   5.0842285e+01
   1.1574420e+07   3.9489746e+01
   1.1580989e+07   3.9733887e+01
   1.1581021e+07   4.1198730e+01
   1.1581174e+07   3.9367676e+01
   1.1587682e+07   4.4250488e+01
   1.1587709e+07   4.8400879e+01
   1.1587799e+07   3.9306641e+01
   1.1594335e+07   4.2785645e+01
   1.1594373e+07   4.4006348e+01
   1.1594429e+07   3.9489746e+01
   1.1594454e+07   4.0954590e+01
   1.1601058e+07   4.4128418e+01
   1.1607582e+07   3.9306641e+01
   1.1607608e+07   4.0161133e+01
   1.1613456e+07   6.8786621e+01
   1.1613486e+07   4.7790527e+01
   1.1620062e+07   3.9672852e+01
   1.1625419e+07   4.2480469e+01
   1.1625443e+07   4.6875000e+01
   1.1630443e+07   4.3457031e+01
   1.1636484e+07   4.7302246e+01
   1.1642649e+07   4.1687012e+01
   1.1642674e+07   4.1809082e+01
   1.1648331e+07   4.6691895e+01
   1.1648365e+07   5.5908203e+01
   1.1654785e+07   3.9367676e+01
   1.1660844e+07   4.4128418e+01
   1.1660865e+07   4.2297363e+01
   1.1660881e+07   4.1503906e+01
   1.1660992e+07   3.9367676e+01
   1.1661019e+07   4.4067383e+01
   1.1666235e+07   4.0832520e+01
   1.1672366e+07   5.5053711e+01
   1.1672423e+07   4.5898438e+01
   1.1672443e+07   4.3518066e+01
   1.1678708e+07   5.0231934e+01
   1.1678741e+07   5.1940918e+01
   1.1684308e+07   4.6081543e+01
   1.1684339e+07   4.0710449e+01
   1.1684349e+07   3.9855957e+01
   1.1684480e+07   5.2429199e+01
   1.1690009e+07   6.2683105e+01
   1.1690069e+07   5.2917480e+01
   1.1695382e+07   4.6936035e+01
   1.1695395e+07   5.4443359e+01
   1.1700651e+07   5.5664063e+01
   1.1700692e+07   4.0222168e+01
   1.1706782e+07   6.1889648e+01
   1.1706824e+07   4.0954590e+01
   1.1706874e+07   5.4443359e+01
   1.1706945e+07   4.0954590e+01
   1.1712708e+07   4.2053223e+01
   1.1719302e+07   5.5786133e+01
   1.1725556e+07   5.9814453e+01
   1.1725675e+07   4.0466309e+01
   1.1732090e+07   3.9916992e+01
   1.1732148e+07   4.2724609e+01
   1.1738152e+07   4.6630859e+01
   1.1738163e+07   4.1320801e+01
   1.1738224e+07   3.9855957e+01
   1.1743942e+07   4.0405273e+01
   1.1743955e+07   4.9499512e+01
   1.1743986e+07   4.6020508e+01
   1.1749337e+07   4.1381836e+01
   1.1749375e+07   4.8217773e+01
   1.1754658e+07   4.2480469e+01
   1.1754678e+07   4.6325684e+01
   1.1760578e+07   4.2968750e+01
   1.1766684e+07   4.7485352e+01
   1.1766694e+07   4.3273926e+01
   1.1766726e+07   4.3518066e+01
   1.1766756e+07   3.9672852e+01
   1.1766790e+07   4.2236328e+01
   1.1772560e+07   4.5715332e+01
   1.1772594e+07   4.7607422e+01
   1.1772631e+07   4.0100098e+01
   1.1772652e+07   4.3395996e+01
   1.1778478e+07   4.1381836e+01
   1.1778524e+07   4.1320801e+01
   1.1778620e+07   4.1137695e+01
   1.1784769e+07   4.0893555e+01
   1.1784829e+07   4.5715332e+01
   1.1784892e+07   4.1931152e+01
   1.1790566e+07   4.6691895e+01
   1.1790592e+07   4.5043945e+01
   1.1796522e+07   4.3762207e+01
   1.1809480e+07   4.8767090e+01
   1.1815326e+07   3.9550781e+01
   1.1815342e+07   4.1809082e+01
   1.1815430e+07   4.2480469e+01
   1.1821894e+07   4.3334961e+01
   1.1828109e+07   3.9916992e+01
   1.1828164e+07   4.9560547e+01
   1.1828234e+07   3.9794922e+01
   1.1834725e+07   4.4616699e+01
   1.1834773e+07   4.5715332e+01
   1.1841331e+07   4.6752930e+01
   1.1841349e+07   4.2297363e+01
   1.1841372e+07   5.0170898e+01
   1.1841537e+07   4.0954590e+01
   1.1847965e+07   4.0283203e+01
   1.1847977e+07   3.9367676e+01
   1.1847989e+07   5.8654785e+01
   1.1854356e+07   4.6752930e+01
   1.1854432e+07   4.0893555e+01
   1.1860582e+07   4.2846680e+01
   1.1866960e+07   4.0466309e+01
   1.1866990e+07   4.1259766e+01
   1.1867028e+07   4.4616699e+01
   1.1867060e+07   4.2358398e+01
   1.1872596e+07   4.3151855e+01
   1.1879393e+07   4.1320801e+01
   1.1885819e+07   4.2297363e+01
   1.1885884e+07   4.4616699e+01
   1.1892429e+07   4.2663574e+01
   1.1892480e+07   3.9794922e+01
   1.1898985e+07   5.5358887e+01
   1.1905696e+07   4.2358398e+01
   1.1905734e+07   5.1147461e+01
   1.1919942e+07   3.9672852e+01
   1.1926723e+07   4.0222168e+01
   1.1926750e+07   4.7180176e+01
   1.1933779e+07   5.8593750e+01
   1.1933836e+07   4.1381836e+01
   1.1948161e+07   3.9794922e+01
   1.1948219e+07   4.1015625e+01
   1.1955128e+07   4.3457031e+01
   1.1961898e+07   3.9855957e+01
   1.1976420e+07   3.9855957e+01
   1.1983745e+07   4.5837402e+01
   1.1983873e+07   4.4189453e+01
   1.1991364e+07   4.0161133e+01
   1.1998660e+07   4.0710449e+01
   1.1998797e+07   4.0161133e+01
