   1.1999000e+07   0.0000000e+00
   1.8057000e+04   3.2043457e+01
   6.2356000e+04   3.1738281e+01
   6.2433000e+04   3.5644531e+01
   6.2545000e+04   3.8391113e+01
   6.2561000e+04   4.7119141e+01
   6.2678000e+04   3.4851074e+01
   1.3501300e+05   3.2836914e+01
   1.3603700e+05   3.8574219e+01
   1.3829100e+05   3.4912109e+01
   1.3832900e+05   3.1311035e+01
   1.7540800e+05   3.1433105e+01
   1.8138400e+05   3.2836914e+01
   2.0405600e+05   3.3752441e+01
   2.1789200e+05   3.8879395e+01
   2.1974800e+05   3.4851074e+01
   2.3408400e+05   3.4606934e+01
   2.3857600e+05   3.6743164e+01
   2.3939800e+05   3.2958984e+01
   2.5810100e+05   3.3447266e+01
   2.7046700e+05   3.5705566e+01
   2.7048400e+05   3.1433105e+01
   2.7063700e+05   3.9062500e+01
   2.7104100e+05   3.4057617e+01
   3.0894500e+05   3.1005859e+01
   3.0926700e+05   3.5156250e+01
   3.2763700e+05   3.1860352e+01
   3.3799600e+05   3.6682129e+01
   3.7345900e+05   4.6508789e+01
   4.6331200e+05   3.3630371e+01
   4.6966400e+05   3.1372070e+01
   4.6988900e+05   4.1320801e+01
   4.7944200e+05   3.1738281e+01
   5.0596700e+05   4.5349121e+01
   5.2171200e+05   3.6193848e+01
   5.8656300e+05   3.3020020e+01
   5.8665800e+05   4.3518066e+01
   5.8711700e+05   3.1005859e+01
   5.8715800e+05   3.6315918e+01
   5.8843100e+05   3.7292480e+01
   6.7126900e+05   3.1555176e+01
   6.7204000e+05   3.1188965e+01
   6.7206900e+05   3.1738281e+01
   6.7239200e+05   4.1687012e+01
   6.7240700e+05   4.3457031e+01
   7.1445100e+05   3.2165527e+01
   7.3933200e+05   3.2165527e+01
   7.7980700e+05   3.1738281e+01
   7.8546600e+05   3.3691406e+01
   7.9835200e+05   3.5278320e+01
   7.9886200e+05   3.1250000e+01
   7.9929100e+05   3.2592773e+01
   7.9958300e+05   3.4301758e+01
   8.1569800e+05   3.7597656e+01
   8.3621000e+05   3.3203125e+01
   8.3641700e+05   3.6621094e+01
   8.5969400e+05   3.3813477e+01
   9.0301400e+05   3.8940430e+01
   9.1182000e+05   3.5827637e+01
   9.1606100e+05   3.5034180e+01
   9.2185100e+05   3.9855957e+01
   9.2187900e+05   4.0100098e+01
   9.2206600e+05   3.3264160e+01
   9.2262600e+05   3.2226563e+01
   9.7969400e+05   3.3325195e+01
   9.9847000e+05   3.2836914e+01
   9.9957400e+05   3.5278320e+01
   1.0888400e+06   3.4362793e+01
   1.1038610e+06   3.2531738e+01
   1.1459540e+06   3.1494141e+01
   1.1462000e+06   3.1982422e+01
   1.1462130e+06   4.2846680e+01
   1.1463620e+06   3.1005859e+01
   1.1464740e+06   3.2287598e+01
   1.1836810e+06   3.2653809e+01
   1.1865040e+06   3.3508301e+01
   1.1956720e+06   3.3325195e+01
   1.1962030e+06   4.1198730e+01
   1.2063270e+06   3.2348633e+01
   1.2279750e+06   3.2958984e+01
   1.2443760e+06   3.6071777e+01
   1.2523670e+06   3.6621094e+01
   1.2820910e+06   4.2480469e+01
   1.2822920e+06   3.3935547e+01
   1.2991150e+06   3.1433105e+01
   1.3000870e+06   4.3518066e+01
   1.3006990e+06   3.3630371e+01
   1.3263200e+06   3.2409668e+01
   1.3369280e+06   3.1494141e+01
   1.3657650e+06   3.1250000e+01
   1.3661670e+06   4.1198730e+01
   1.3887030e+06   3.4667969e+01
   1.3911370e+06   3.1616211e+01
   1.4047350e+06   3.3874512e+01
   1.4420430e+06   3.2836914e+01
   1.4847180e+06   3.4301758e+01
   1.5110000e+06   3.1127930e+01
   1.5344130e+06   3.3630371e+01
   1.5368420e+06   3.1066895e+01
   1.5439920e+06   3.2104492e+01
   1.5679410e+06   3.1433105e+01
   1.5726590e+06   3.8146973e+01
   1.5792840e+06   3.3081055e+01
   1.5948270e+06   3.8635254e+01
   1.5964030e+06   3.2409668e+01
   1.5974450e+06   3.3020020e+01
   1.6251460e+06   3.5461426e+01
   1.6252530e+06   3.1250000e+01
   1.6416460e+06   3.4423828e+01
   1.6867250e+06   3.4301758e+01
   1.6877320e+06   3.3508301e+01
   1.7491470e+06   3.7841797e+01
   1.7941260e+06   3.2409668e+01
   1.8662890e+06   4.4067383e+01
   1.8784950e+06   3.2653809e+01
   1.8798020e+06   3.5095215e+01
   1.8800520e+06   3.9367676e+01
   1.8801410e+06   3.2226563e+01
   1.9214340e+06   3.1005859e+01
   1.9222430e+06   3.2897949e+01
   1.9737650e+06   3.7231445e+01
   1.9740630e+06   4.3090820e+01
   1.9744460e+06   3.6071777e+01
   2.0070220e+06   3.4545898e+01
   2.0083360e+06   3.4973145e+01
   2.0267870e+06   3.2714844e+01
   2.0541050e+06   3.9245605e+01
   2.0885990e+06   3.8696289e+01
   2.1114990e+06   3.8818359e+01
   2.1232520e+06   3.3996582e+01
   2.1616570e+06   3.5705566e+01
   2.1827550e+06   3.7780762e+01
   2.2132510e+06   3.4973145e+01
   2.2138120e+06   3.3447266e+01
   2.2141460e+06   3.1738281e+01
   2.2607310e+06   3.2653809e+01
   2.2788940e+06   4.0039063e+01
   2.2791820e+06   3.3447266e+01
   2.2926210e+06   3.6682129e+01
   2.3015600e+06   3.6865234e+01
   2.3281680e+06   4.0954590e+01
   2.3377640e+06   3.1433105e+01
   2.3381100e+06   3.2287598e+01
   2.3850140e+06   3.2531738e+01
   2.3860630e+06   3.4790039e+01
   2.3998240e+06   3.4851074e+01
   2.4061930e+06   3.1494141e+01
   2.4237700e+06   3.1250000e+01
   2.4344850e+06   3.4912109e+01
   2.4359510e+06   3.6254883e+01
   2.4746310e+06   3.1738281e+01
   2.4794570e+06   3.1433105e+01
   2.4819240e+06   3.5461426e+01
   2.5071900e+06   3.3691406e+01
   2.5077970e+06   3.5339355e+01
   2.5306670e+06   3.3813477e+01
   2.5307160e+06   3.3508301e+01
   2.5633580e+06   3.3447266e+01
   2.5721990e+06   3.2409668e+01
   2.5822810e+06   4.5349121e+01
   2.5960920e+06   3.3569336e+01
   2.5999530e+06   3.2043457e+01
   2.6424380e+06   3.6132813e+01
   2.6426080e+06   3.5278320e+01
   2.6426360e+06   3.5095215e+01
   2.6427600e+06   3.5766602e+01
   2.6431620e+06   3.8085938e+01
   2.6431890e+06   3.1250000e+01
   2.6531690e+06   3.3447266e+01
   2.6594070e+06   3.1066895e+01
   2.6931100e+06   3.3874512e+01
   2.6935240e+06   3.6987305e+01
   2.7132070e+06   3.2348633e+01
   2.7235340e+06   3.3874512e+01
   2.7312660e+06   3.2531738e+01
   2.7327200e+06   3.1616211e+01
   2.7390850e+06   3.7170410e+01
   2.7391070e+06   3.4545898e+01
   2.7391360e+06   3.3691406e+01
   2.7395150e+06   3.2348633e+01
   2.7398150e+06   3.1555176e+01
   2.7581220e+06   3.4729004e+01
   2.7810200e+06   3.5156250e+01
   2.7900990e+06   3.1616211e+01
   2.7905310e+06   3.2836914e+01
   2.8094980e+06   3.3935547e+01
   2.8095790e+06   3.5888672e+01
   2.8444570e+06   3.2043457e+01
   2.8446080e+06   3.1494141e+01
   2.8455050e+06   3.8879395e+01
   2.8672800e+06   3.7963867e+01
   2.8778080e+06   3.2226563e+01
   2.8874860e+06   3.8879395e+01
   2.8876400e+06   3.2043457e+01
   2.8876580e+06   3.1860352e+01
   2.8899350e+06   3.8085938e+01
   2.9064950e+06   3.2226563e+01
   2.9066420e+06   3.7963867e+01
   2.9373030e+06   3.2714844e+01
   2.9381540e+06   3.1250000e+01
   2.9458120e+06   3.2836914e+01
   2.9593730e+06   3.2348633e+01
   2.9607360e+06   3.1982422e+01
   2.9669230e+06   3.7048340e+01
   3.0125560e+06   3.7658691e+01
   3.0126770e+06   3.7475586e+01
   3.0299130e+06   3.2714844e+01
   3.0299340e+06   3.3569336e+01
   3.0299930e+06   3.1677246e+01
   3.0390400e+06   3.2470703e+01
   3.0484580e+06   3.1555176e+01
   3.0485800e+06   3.2714844e+01
   3.0574040e+06   3.8757324e+01
   3.0668010e+06   3.1188965e+01
   3.0671120e+06   3.5522461e+01
   3.0767610e+06   3.3935547e+01
   3.0871930e+06   3.7109375e+01
   3.0874900e+06   3.2531738e+01
   3.0878790e+06   3.3020020e+01
   3.0977620e+06   4.2602539e+01
   3.1068050e+06   3.2287598e+01
   3.1068540e+06   3.1860352e+01
   3.1166230e+06   4.0344238e+01
   3.1166810e+06   4.0466309e+01
   3.1269410e+06   3.2958984e+01
   3.1369990e+06   3.4301758e+01
   3.1370810e+06   4.4738770e+01
   3.1474410e+06   3.5766602e+01
   3.1478110e+06   3.4179688e+01
   3.1571260e+06   4.1198730e+01
   3.1571980e+06   3.6437988e+01
   3.1680190e+06   3.3874512e+01
   3.1774770e+06   3.9550781e+01
   3.1876150e+06   3.4118652e+01
   3.1884120e+06   3.8269043e+01
   3.2005340e+06   3.9489746e+01
   3.2089820e+06   4.6386719e+01
   3.2090590e+06   3.1738281e+01
   3.2204520e+06   3.1921387e+01
   3.2450240e+06   3.3813477e+01
   3.2450720e+06   4.3579102e+01
   3.2452420e+06   3.2409668e+01
   3.2454880e+06   3.1372070e+01
   3.2456670e+06   3.1005859e+01
   3.2644060e+06   3.1616211e+01
   3.3021700e+06   3.6132813e+01
   3.3025230e+06   4.1992188e+01
   3.3154610e+06   3.3386230e+01
   3.3156080e+06   3.6132813e+01
   3.3374960e+06   3.3935547e+01
   3.3530520e+06   3.6804199e+01
   3.3689920e+06   3.6621094e+01
   3.3836140e+06   3.3508301e+01
   3.4001100e+06   3.3386230e+01
   3.4267690e+06   3.1066895e+01
   3.4267960e+06   4.2114258e+01
   3.4463790e+06   3.3203125e+01
   3.4466670e+06   3.1860352e+01
   3.4676360e+06   3.1127930e+01
   3.4754390e+06   3.6071777e+01
   3.4755090e+06   3.3508301e+01
   3.4889930e+06   3.2470703e+01
   3.4978880e+06   3.2653809e+01
   3.5093200e+06   3.5217285e+01
   3.5388090e+06   4.1503906e+01
   3.5389850e+06   3.9306641e+01
   3.5583610e+06   3.3447266e+01
   3.5686240e+06   3.1433105e+01
   3.5688440e+06   4.4311523e+01
   3.5896090e+06   3.2714844e+01
   3.5899500e+06   3.4606934e+01
   3.6015610e+06   3.3630371e+01
   3.6031380e+06   3.1494141e+01
   3.6169310e+06   3.8146973e+01
   3.6174840e+06   3.7963867e+01
   3.6617780e+06   3.1616211e+01
   3.6619320e+06   3.5827637e+01
   3.6633690e+06   3.3996582e+01
   3.7102760e+06   3.7353516e+01
   3.7104290e+06   3.1433105e+01
   3.7106590e+06   3.4851074e+01
   3.7361140e+06   3.5644531e+01
   3.7367980e+06   3.1921387e+01
   3.7379780e+06   3.2165527e+01
   3.7379970e+06   5.5725098e+01
   3.7380090e+06   4.1503906e+01
   3.7381120e+06   3.7963867e+01
   3.7381380e+06   3.3508301e+01
   3.7382230e+06   3.3325195e+01
   3.7391910e+06   3.2043457e+01
   3.7412410e+06   3.4118652e+01
   3.7444440e+06   3.3203125e+01
   3.7457790e+06   3.3447266e+01
   3.7575600e+06   3.1494141e+01
   3.7684350e+06   3.1188965e+01
   3.8004820e+06   3.5644531e+01
   3.8009330e+06   3.1677246e+01
   3.8010920e+06   3.8513184e+01
   3.8100290e+06   3.1433105e+01
   3.8277200e+06   3.2958984e+01
   3.8277870e+06   3.9245605e+01
   3.8278210e+06   4.0771484e+01
   3.8279000e+06   3.6315918e+01
   3.8307440e+06   3.1066895e+01
   3.8410070e+06   4.5227051e+01
   3.8410210e+06   3.7536621e+01
   3.8523190e+06   3.3935547e+01
   3.8523880e+06   3.2775879e+01
   3.8524100e+06   4.9682617e+01
   3.8524220e+06   3.6987305e+01
   3.8524420e+06   3.3691406e+01
   3.8524580e+06   3.3325195e+01
   3.8560800e+06   3.2775879e+01
   3.8657190e+06   3.3874512e+01
   3.8658580e+06   3.1555176e+01
   3.8745870e+06   3.6193848e+01
   3.8747620e+06   3.4729004e+01
   3.8833250e+06   3.3630371e+01
   3.8841970e+06   3.6010742e+01
   3.8950960e+06   3.3142090e+01
   3.8951310e+06   4.4799805e+01
   3.8951760e+06   5.0109863e+01
   3.8953280e+06   3.2348633e+01
   3.8954190e+06   3.1555176e+01
   3.8956170e+06   3.5583496e+01
   3.9075010e+06   3.5400391e+01
   3.9075490e+06   4.0771484e+01
   3.9075760e+06   3.3142090e+01
   3.9201940e+06   3.2043457e+01
   3.9202280e+06   3.7170410e+01
   3.9324290e+06   3.7658691e+01
   3.9324860e+06   3.2226563e+01
   3.9325030e+06   3.5766602e+01
   3.9325350e+06   3.3691406e+01
   3.9356960e+06   3.2165527e+01
   3.9450420e+06   3.6010742e+01
   3.9450550e+06   3.4729004e+01
   3.9451000e+06   3.4912109e+01
   3.9542160e+06   3.4301758e+01
   3.9542860e+06   4.1748047e+01
   3.9544530e+06   3.2104492e+01
   3.9639950e+06   3.2653809e+01
   3.9640180e+06   4.6081543e+01
   3.9640510e+06   3.4851074e+01
   3.9640730e+06   3.4973145e+01
   3.9641120e+06   3.8696289e+01
   3.9646420e+06   3.2043457e+01
   3.9760720e+06   3.6499023e+01
   3.9760960e+06   3.1555176e+01
   3.9761270e+06   3.3203125e+01
   3.9761810e+06   3.2531738e+01
   3.9762080e+06   3.1066895e+01
   3.9769910e+06   3.3142090e+01
   3.9867110e+06   3.3020020e+01
   3.9867420e+06   3.6865234e+01
   3.9867550e+06   3.3081055e+01
   3.9867890e+06   3.3203125e+01
   3.9868050e+06   3.4240723e+01
   3.9868170e+06   3.3203125e+01
   3.9868970e+06   4.4006348e+01
   3.9872880e+06   3.3508301e+01
   3.9972410e+06   3.7536621e+01
   3.9972870e+06   3.5095215e+01
   3.9973130e+06   4.9072266e+01
   3.9973310e+06   3.6315918e+01
   3.9973610e+06   3.7353516e+01
   3.9978940e+06   3.4912109e+01
   4.0084720e+06   3.1372070e+01
   4.0085060e+06   4.7180176e+01
   4.0085370e+06   4.1198730e+01
   4.0085920e+06   3.6193848e+01
   4.0181670e+06   3.4912109e+01
   4.0182050e+06   3.9001465e+01
   4.0182280e+06   3.9306641e+01
   4.0182540e+06   3.6132813e+01
   4.0182720e+06   3.1982422e+01
   4.0183570e+06   3.4240723e+01
   4.0193320e+06   3.2531738e+01
   4.0285340e+06   3.3630371e+01
   4.0285660e+06   3.4912109e+01
   4.0286360e+06   3.2043457e+01
   4.0393200e+06   3.2592773e+01
   4.0393410e+06   3.9978027e+01
   4.0393670e+06   3.3996582e+01
   4.0393870e+06   4.0161133e+01
   4.0393980e+06   3.3874512e+01
   4.0399010e+06   3.4362793e+01
   4.0402210e+06   3.1494141e+01
   4.0431360e+06   3.3386230e+01
   4.0519450e+06   3.6193848e+01
   4.0519890e+06   6.4636230e+01
   4.0519990e+06   3.3508301e+01
   4.0520400e+06   4.0832520e+01
   4.0520710e+06   4.7973633e+01
   4.0521030e+06   3.1433105e+01
   4.0521430e+06   3.4729004e+01
   4.0563860e+06   3.8391113e+01
   4.0658590e+06   4.1503906e+01
   4.0658750e+06   5.2795410e+01
   4.0659160e+06   4.5898438e+01
   4.0659580e+06   3.2592773e+01
   4.0660120e+06   3.1433105e+01
   4.0700360e+06   4.1259766e+01
   4.0790970e+06   3.2775879e+01
   4.0791390e+06   3.3386230e+01
   4.0791690e+06   3.9367676e+01
   4.0791970e+06   3.3691406e+01
   4.0830780e+06   3.4484863e+01
   4.0831150e+06   5.4260254e+01
   4.0839350e+06   3.1066895e+01
   4.0927820e+06   3.1677246e+01
   4.0928060e+06   3.6254883e+01
   4.0928320e+06   3.1127930e+01
   4.0928420e+06   4.0466309e+01
   4.0929410e+06   3.6010742e+01
   4.1032400e+06   3.3813477e+01
   4.1032820e+06   3.6376953e+01
   4.1058010e+06   3.1372070e+01
   4.1069480e+06   3.3752441e+01
   4.1160560e+06   3.2165527e+01
   4.1160660e+06   5.2429199e+01
   4.1160890e+06   3.2592773e+01
   4.1161190e+06   3.5156250e+01
   4.1162130e+06   3.5583496e+01
   4.1296160e+06   3.1188965e+01
   4.1296520e+06   3.8574219e+01
   4.1296850e+06   5.2001953e+01
   4.1297000e+06   3.4973145e+01
   4.1297240e+06   4.4311523e+01
   4.1297460e+06   3.5644531e+01
   4.1419300e+06   3.1921387e+01
   4.1419740e+06   3.1005859e+01
   4.1419950e+06   3.1738281e+01
   4.1420210e+06   3.4484863e+01
   4.1420320e+06   3.8940430e+01
   4.1469490e+06   3.3813477e+01
   4.1469630e+06   3.3630371e+01
   4.1479480e+06   3.2104492e+01
   4.1586310e+06   3.3264160e+01
   4.1586470e+06   4.0771484e+01
   4.1586640e+06   4.0039063e+01
   4.1587430e+06   5.7861328e+01
   4.1726340e+06   3.3447266e+01
   4.1726570e+06   3.5034180e+01
   4.1726850e+06   3.5217285e+01
   4.1727040e+06   3.1616211e+01
   4.1862530e+06   3.1677246e+01
   4.1862950e+06   3.3203125e+01
   4.1863050e+06   4.4677734e+01
   4.1863150e+06   4.3518066e+01
   4.1863600e+06   3.3813477e+01
   4.1911640e+06   3.2836914e+01
   4.1911860e+06   4.0832520e+01
   4.2013120e+06   4.1442871e+01
   4.2013440e+06   3.2897949e+01
   4.2013650e+06   3.5766602e+01
   4.2013760e+06   3.4423828e+01
   4.2014080e+06   3.1494141e+01
   4.2015010e+06   3.6315918e+01
   4.2128410e+06   3.2714844e+01
   4.2135190e+06   3.1677246e+01
   4.2237540e+06   3.2775879e+01
   4.2238090e+06   3.6315918e+01
   4.2238190e+06   4.1992188e+01
   4.2238470e+06   3.2409668e+01
   4.2239120e+06   3.2775879e+01
   4.2239760e+06   3.8452148e+01
   4.2269140e+06   3.1066895e+01
   4.2378130e+06   3.1921387e+01
   4.2378360e+06   3.6987305e+01
   4.2378650e+06   3.7292480e+01
   4.2402370e+06   3.2104492e+01
   4.2505330e+06   3.3935547e+01
   4.2505770e+06   3.1494141e+01
   4.2506940e+06   3.3447266e+01
   4.2537070e+06   3.2409668e+01
   4.2655050e+06   4.8889160e+01
   4.2655720e+06   3.2531738e+01
   4.2656640e+06   3.1127930e+01
   4.2658490e+06   3.8269043e+01
   4.2701320e+06   3.2226563e+01
   4.2701700e+06   3.1127930e+01
   4.2815370e+06   4.8706055e+01
   4.2815470e+06   3.4606934e+01
   4.2815720e+06   3.6132813e+01
   4.2816800e+06   3.1982422e+01
   4.2932390e+06   3.1372070e+01
   4.2932730e+06   4.1809082e+01
   4.2932960e+06   3.4790039e+01
   4.2933100e+06   3.4973145e+01
   4.2934360e+06   3.1005859e+01
   4.3059160e+06   3.2226563e+01
   4.3059580e+06   4.3029785e+01
   4.3060050e+06   3.6254883e+01
   4.3060680e+06   3.1982422e+01
   4.3184160e+06   3.8757324e+01
   4.3185200e+06   3.2714844e+01
   4.3185330e+06   4.6997070e+01
   4.3185450e+06   3.9001465e+01
   4.3187410e+06   3.5095215e+01
   4.3312660e+06   3.2836914e+01
   4.3312840e+06   3.7353516e+01
   4.3313190e+06   3.6804199e+01
   4.3313660e+06   3.4118652e+01
   4.3437150e+06   3.1616211e+01
   4.3437870e+06   4.1931152e+01
   4.3438040e+06   3.1799316e+01
   4.3576320e+06   3.1066895e+01
   4.3577510e+06   3.5705566e+01
   4.3578090e+06   3.6499023e+01
   4.3578470e+06   3.2531738e+01
   4.3697320e+06   3.7719727e+01
   4.3698780e+06   3.9733887e+01
   4.3825010e+06   3.9367676e+01
   4.3953150e+06   3.3813477e+01
   4.4332200e+06   3.1677246e+01
   4.5001920e+06   3.2226563e+01
   4.6393000e+06   3.2470703e+01
   4.6480760e+06   3.1860352e+01
   4.7734950e+06   3.2409668e+01
   4.9346420e+06   4.1198730e+01
   4.9771060e+06   3.2226563e+01
   4.9776340e+06   3.2836914e+01
   4.9779230e+06   4.1931152e+01
   5.0644110e+06   3.1372070e+01
   5.1458400e+06   4.2175293e+01
   5.2956760e+06   3.4912109e+01
   5.2960300e+06   3.5156250e+01
   5.2960870e+06   3.3264160e+01
   5.3210770e+06   3.4729004e+01
   5.3641110e+06   3.3325195e+01
   5.3688440e+06   3.1127930e+01
   5.3709130e+06   3.1433105e+01
   5.3879210e+06   3.1311035e+01
   5.4144710e+06   3.4057617e+01
   5.4232830e+06   3.2226563e+01
   5.4377490e+06   3.7841797e+01
   5.4390030e+06   3.1066895e+01
   5.4554480e+06   3.1433105e+01
   5.5306350e+06   3.2775879e+01
   5.5694770e+06   3.4301758e+01
   5.5712840e+06   3.2470703e+01
   5.5724940e+06   3.2897949e+01
   5.5830790e+06   3.4118652e+01
   5.6078880e+06   3.7170410e+01
   5.6256170e+06   3.2592773e+01
   5.6611110e+06   3.2043457e+01
   5.7147560e+06   3.4301758e+01
   5.7231350e+06   3.5583496e+01
   5.7350060e+06   3.5949707e+01
   5.7472060e+06   3.4973145e+01
   5.7658100e+06   3.1860352e+01
   5.7948880e+06   3.2775879e+01
   5.7955560e+06   3.1433105e+01
   5.8120410e+06   3.3203125e+01
   5.8407910e+06   3.2104492e+01
   5.8420290e+06   3.1372070e+01
   5.9380940e+06   3.1677246e+01
   5.9798610e+06   3.1738281e+01
   6.0308380e+06   3.2836914e+01
   6.0460680e+06   3.1066895e+01
   6.0837480e+06   3.2165527e+01
   6.0837940e+06   3.4057617e+01
   6.0838800e+06   3.3447266e+01
   6.1730890e+06   3.1799316e+01
   6.1940880e+06   3.1372070e+01
   6.1992160e+06   3.1433105e+01
   6.2277470e+06   3.3020020e+01
   6.2373970e+06   3.6621094e+01
   6.2379230e+06   3.3386230e+01
   6.3392080e+06   3.8146973e+01
   6.3400170e+06   3.5888672e+01
   6.3756150e+06   3.9184570e+01
   6.4275540e+06   3.2226563e+01
   6.4331030e+06   3.3752441e+01
   6.4434770e+06   3.1250000e+01
   6.4565390e+06   3.2409668e+01
   6.4568220e+06   3.1860352e+01
   6.4665970e+06   3.4912109e+01
   6.5135790e+06   3.4545898e+01
   6.5159270e+06   3.2104492e+01
   6.5328600e+06   3.4545898e+01
   6.6198130e+06   3.5156250e+01
   6.6198690e+06   3.2897949e+01
   6.6605330e+06   3.1860352e+01
   6.6972410e+06   3.1799316e+01
   6.7130710e+06   3.6499023e+01
   6.7465400e+06   3.2287598e+01
   6.7779550e+06   3.2226563e+01
   6.7874000e+06   3.1188965e+01
   6.8014270e+06   3.1616211e+01
   6.8664970e+06   3.4912109e+01
   6.8736650e+06   3.6193848e+01
   6.9428280e+06   3.4729004e+01
   6.9429280e+06   4.3090820e+01
   6.9429440e+06   4.0222168e+01
   6.9544190e+06   3.5766602e+01
   6.9837370e+06   3.7292480e+01
   6.9936390e+06   4.1931152e+01
   6.9946610e+06   3.3935547e+01
   7.0505410e+06   3.1127930e+01
   7.0688730e+06   3.3813477e+01
   7.0689090e+06   3.6682129e+01
   7.1130450e+06   3.4118652e+01
   7.1159250e+06   3.1677246e+01
   7.1544640e+06   3.2226563e+01
   7.1658230e+06   3.2775879e+01
   7.2799000e+06   3.1738281e+01
   7.2915690e+06   3.1372070e+01
   7.3562750e+06   3.4484863e+01
   7.3620330e+06   3.1066895e+01
   7.3800650e+06   3.2348633e+01
   7.4175030e+06   3.5827637e+01
   7.4682720e+06   3.5339355e+01
   7.5138040e+06   3.7170410e+01
   7.5540370e+06   3.1677246e+01
   7.6421320e+06   3.1127930e+01
   7.6421820e+06   3.2897949e+01
   7.6428010e+06   4.7729492e+01
   7.6742300e+06   3.1799316e+01
   7.6752810e+06   3.1127930e+01
   7.7429720e+06   3.1494141e+01
   7.9464720e+06   3.1127930e+01
   8.0783770e+06   3.4667969e+01
   8.0786420e+06   3.1250000e+01
   8.1245610e+06   3.1005859e+01
   8.1291510e+06   3.3935547e+01
   8.1460370e+06   3.2531738e+01
   8.1584000e+06   3.5522461e+01
   8.1621660e+06   3.1616211e+01
   8.1901100e+06   3.1372070e+01
   8.2273550e+06   3.1372070e+01
   8.3040810e+06   3.2897949e+01
   8.3062050e+06   3.1311035e+01
   8.3632270e+06   3.3142090e+01
   8.3983190e+06   3.3020020e+01
   8.4467050e+06   3.4179688e+01
   8.4724150e+06   3.5949707e+01
   8.6279530e+06   3.1188965e+01
   8.6445660e+06   4.0222168e+01
   8.6529760e+06   3.2775879e+01
   8.6690250e+06   3.2592773e+01
   8.7049750e+06   3.1066895e+01
   8.7468430e+06   3.4667969e+01
   8.7568520e+06   3.5156250e+01
   8.7783010e+06   3.2592773e+01
   8.8514440e+06   3.4973145e+01
   8.8645040e+06   3.1188965e+01
   8.9062340e+06   3.4606934e+01
   8.9352550e+06   3.1921387e+01
   8.9848610e+06   3.6987305e+01
   9.0255040e+06   3.7231445e+01
   9.0463660e+06   3.4118652e+01
   9.0466130e+06   3.5522461e+01
   9.0651900e+06   3.1677246e+01
   9.1360140e+06   3.2958984e+01
   9.1469340e+06   3.4912109e+01
   9.1858390e+06   3.2226563e+01
   9.1877790e+06   3.2287598e+01
   9.2054550e+06   3.2592773e+01
   9.2057780e+06   3.2531738e+01
   9.2243790e+06   3.3874512e+01
   9.2348840e+06   3.1799316e+01
   9.2591500e+06   3.4179688e+01
   9.3045920e+06   3.3325195e+01
   9.3424110e+06   3.1127930e+01
   9.3493250e+06   3.1982422e+01
   9.3587010e+06   3.1738281e+01
   9.3689740e+06   3.4545898e+01
   9.3785870e+06   3.3447266e+01
   9.4194040e+06   3.2287598e+01
   9.4459220e+06   3.2653809e+01
   9.4576580e+06   3.2958984e+01
   9.4957600e+06   3.1005859e+01
   9.5040580e+06   3.1616211e+01
   9.5530570e+06   3.3081055e+01
   9.5543950e+06   3.1616211e+01
   9.5878750e+06   3.2592773e+01
   9.6041340e+06   3.1005859e+01
   9.6360410e+06   3.1616211e+01
   9.6481270e+06   3.1311035e+01
   9.6581930e+06   3.3325195e+01
   9.7067480e+06   3.1738281e+01
   9.7081830e+06   3.3813477e+01
   9.7234040e+06   3.1311035e+01
   9.7429150e+06   3.1311035e+01
   9.7449880e+06   3.2348633e+01
   9.7489470e+06   3.2836914e+01
   9.7708500e+06   3.2165527e+01
   9.8186200e+06   3.1433105e+01
   9.8353390e+06   3.2897949e+01
   9.8588700e+06   3.4057617e+01
   9.8682900e+06   3.1188965e+01
   9.8714900e+06   3.3996582e+01
   9.8933840e+06   3.1433105e+01
   9.8941790e+06   3.1311035e+01
   9.9232150e+06   3.3691406e+01
   9.9292100e+06   3.1738281e+01
   9.9401420e+06   3.1616211e+01
   9.9667450e+06   3.3752441e+01
   9.9682390e+06   3.1433105e+01
   1.0080742e+07   3.3203125e+01
   1.0090205e+07   3.2287598e+01
   1.0099894e+07   3.1005859e+01
   1.0164407e+07   3.4606934e+01
   1.0179736e+07   3.1311035e+01
   1.0199942e+07   3.3752441e+01
   1.0210608e+07   3.3142090e+01
   1.0238089e+07   3.1433105e+01
   1.0256940e+07   3.1555176e+01
   1.0348911e+07   3.3203125e+01
   1.0356890e+07   3.1127930e+01
   1.0366213e+07   3.5644531e+01
   1.0437270e+07   3.1433105e+01
   1.0456861e+07   3.2104492e+01
   1.0468647e+07   3.6804199e+01
   1.0506872e+07   3.1311035e+01
   1.0507213e+07   3.4423828e+01
   1.0515725e+07   3.5339355e+01
   1.0525409e+07   4.4555664e+01
   1.0533848e+07   3.5034180e+01
   1.0543097e+07   3.4362793e+01
   1.0613136e+07   3.1250000e+01
   1.0621052e+07   3.3630371e+01
   1.0651057e+07   3.5400391e+01
   1.0689419e+07   3.1616211e+01
   1.0708288e+07   3.1860352e+01
   1.0728256e+07   3.3752441e+01
   1.0736576e+07   3.2348633e+01
   1.0758132e+07   3.5400391e+01
   1.0795432e+07   3.5583496e+01
   1.0831965e+07   3.2104492e+01
   1.0832351e+07   3.2348633e+01
   1.0857624e+07   3.2531738e+01
   1.0859223e+07   3.4240723e+01
   1.0869596e+07   3.4545898e+01
   1.1021806e+07   3.2287598e+01
   1.1022155e+07   3.3630371e+01
   1.1077984e+07   3.1616211e+01
   1.1097442e+07   3.3264160e+01
   1.1106984e+07   3.1921387e+01
   1.1134440e+07   3.1921387e+01
   1.1143844e+07   3.3203125e+01
   1.1152987e+07   3.2409668e+01
   1.1153402e+07   3.1250000e+01
   1.1162014e+07   3.9306641e+01
   1.1188977e+07   3.2958984e+01
   1.1198421e+07   3.3020020e+01
   1.1215322e+07   3.1616211e+01
   1.1215462e+07   3.2592773e+01
   1.1224362e+07   3.1127930e+01
   1.1224677e+07   3.6193848e+01
   1.1241729e+07   3.2531738e+01
   1.1250537e+07   3.1860352e+01
   1.1259203e+07   3.4912109e+01
   1.1259419e+07   3.7292480e+01
   1.1268205e+07   4.0283203e+01
   1.1276184e+07   3.1311035e+01
   1.1284785e+07   3.3264160e+01
   1.1301692e+07   3.2714844e+01
   1.1318146e+07   3.4729004e+01
   1.1325856e+07   3.6499023e+01
   1.1341580e+07   3.6926270e+01
   1.1341599e+07   3.1188965e+01
   1.1357771e+07   3.8269043e+01
   1.1357795e+07   3.1555176e+01
   1.1366439e+07   3.4423828e+01
   1.1381355e+07   3.5705566e+01
   1.1397463e+07   3.2165527e+01
   1.1397597e+07   3.6315918e+01
   1.1397753e+07   3.9184570e+01
   1.1406538e+07   3.1250000e+01
   1.1407082e+07   3.1250000e+01
   1.1413407e+07   3.8574219e+01
   1.1413635e+07   3.3142090e+01
   1.1427072e+07   3.8208008e+01
   1.1435022e+07   3.2409668e+01
   1.1435143e+07   3.2592773e+01
   1.1450507e+07   3.2165527e+01
   1.1458130e+07   3.7780762e+01
   1.1458175e+07   3.1494141e+01
   1.1458408e+07   3.3874512e+01
   1.1466431e+07   4.0161133e+01
   1.1466469e+07   3.1066895e+01
   1.1473777e+07   3.1860352e+01
   1.1473998e+07   3.3691406e+01
   1.1481879e+07   3.4301758e+01
   1.1482083e+07   3.5522461e+01
   1.1489976e+07   4.1137695e+01
   1.1499125e+07   4.1687012e+01
   1.1499179e+07   3.5888672e+01
   1.1499223e+07   3.1494141e+01
   1.1506342e+07   3.6987305e+01
   1.1513475e+07   3.5583496e+01
   1.1513549e+07   3.1616211e+01
   1.1513566e+07   3.1311035e+01
   1.1520741e+07   3.5217285e+01
   1.1520824e+07   4.5410156e+01
   1.1528509e+07   3.7048340e+01
   1.1535512e+07   3.8940430e+01
   1.1535537e+07   3.9489746e+01
   1.1535626e+07   3.5034180e+01
   1.1543516e+07   4.3090820e+01
   1.1549420e+07   3.1127930e+01
   1.1555412e+07   3.9428711e+01
   1.1561450e+07   3.5827637e+01
   1.1567916e+07   3.5095215e+01
   1.1568105e+07   3.4667969e+01
   1.1574497e+07   3.3630371e+01
   1.1580988e+07   3.3142090e+01
   1.1587740e+07   3.6010742e+01
   1.1587759e+07   3.4362793e+01
   1.1594293e+07   4.3518066e+01
   1.1594324e+07   3.4423828e+01
   1.1607451e+07   3.1433105e+01
   1.1613482e+07   3.2653809e+01
   1.1613520e+07   3.7841797e+01
   1.1613569e+07   3.2409668e+01
   1.1613601e+07   3.6193848e+01
   1.1613810e+07   3.3691406e+01
   1.1620197e+07   3.7536621e+01
   1.1625360e+07   3.2043457e+01
   1.1625443e+07   3.3325195e+01
   1.1625593e+07   3.1005859e+01
   1.1630424e+07   3.1188965e+01
   1.1636502e+07   3.6926270e+01
   1.1636530e+07   3.1494141e+01
   1.1636590e+07   4.0893555e+01
   1.1642676e+07   3.1494141e+01
   1.1642768e+07   3.3203125e+01
   1.1648337e+07   3.5400391e+01
   1.1648423e+07   3.5339355e+01
   1.1654705e+07   3.1311035e+01
   1.1654742e+07   3.1555176e+01
   1.1654752e+07   3.8024902e+01
   1.1654775e+07   4.1870117e+01
   1.1660932e+07   3.7231445e+01
   1.1666284e+07   3.7292480e+01
   1.1666391e+07   3.1616211e+01
   1.1672373e+07   3.1921387e+01
   1.1672402e+07   3.2104492e+01
   1.1672412e+07   3.8208008e+01
   1.1672453e+07   3.3813477e+01
   1.1672491e+07   3.1555176e+01
   1.1672992e+07   3.6743164e+01
   1.1678778e+07   3.1005859e+01
   1.1678819e+07   3.1799316e+01
   1.1684403e+07   3.2409668e+01
   1.1684422e+07   3.2653809e+01
   1.1684439e+07   3.6926270e+01
   1.1690084e+07   3.6926270e+01
   1.1695326e+07   3.2165527e+01
   1.1695343e+07   4.3395996e+01
   1.1695362e+07   3.1921387e+01
   1.1700602e+07   3.1433105e+01
   1.1700656e+07   3.7231445e+01
   1.1706825e+07   3.1921387e+01
   1.1706850e+07   3.3203125e+01
   1.1712819e+07   3.1799316e+01
   1.1712855e+07   3.8146973e+01
   1.1719460e+07   3.2470703e+01
   1.1725503e+07   3.1250000e+01
   1.1725515e+07   3.4423828e+01
   1.1732035e+07   3.9184570e+01
   1.1732058e+07   3.5156250e+01
   1.1738089e+07   3.2226563e+01
   1.1743906e+07   3.8574219e+01
   1.1743918e+07   4.1992188e+01
   1.1743942e+07   4.2175293e+01
   1.1744002e+07   3.3081055e+01
   1.1749252e+07   3.1921387e+01
   1.1749293e+07   3.5827637e+01
   1.1749357e+07   4.5043945e+01
   1.1754688e+07   3.3386230e+01
   1.1754753e+07   3.6437988e+01
   1.1760623e+07   3.2409668e+01
   1.1766782e+07   3.5766602e+01
   1.1772643e+07   3.1677246e+01
   1.1772662e+07   3.2592773e+01
   1.1772698e+07   5.2978516e+01
   1.1778561e+07   3.7536621e+01
   1.1784821e+07   3.1433105e+01
   1.1784858e+07   3.3142090e+01
   1.1785013e+07   3.1555176e+01
   1.1790657e+07   3.5583496e+01
   1.1790673e+07   3.6437988e+01
   1.1796466e+07   3.2043457e+01
   1.1803148e+07   4.0222168e+01
   1.1809571e+07   4.9194336e+01
   1.1809586e+07   3.1005859e+01
   1.1815457e+07   4.3518066e+01
   1.1821754e+07   3.8818359e+01
   1.1828179e+07   3.6987305e+01
   1.1828191e+07   3.1188965e+01
   1.1828215e+07   3.2287598e+01
   1.1834835e+07   4.5043945e+01
   1.1841417e+07   3.1066895e+01
   1.1841449e+07   3.6193848e+01
   1.1848002e+07   3.8757324e+01
   1.1848029e+07   3.1738281e+01
   1.1848052e+07   4.0893555e+01
   1.1848104e+07   3.4973145e+01
   1.1854439e+07   3.4606934e+01
   1.1860596e+07   3.5095215e+01
   1.1860619e+07   3.2531738e+01
   1.1860644e+07   3.7231445e+01
   1.1867065e+07   3.2348633e+01
   1.1867085e+07   3.1127930e+01
   1.1867096e+07   4.0283203e+01
   1.1879508e+07   5.4443359e+01
   1.1885916e+07   3.5278320e+01
   1.1885929e+07   3.3874512e+01
   1.1885954e+07   3.4606934e+01
   1.1885998e+07   3.5766602e+01
   1.1892505e+07   3.5339355e+01
   1.1892529e+07   4.3090820e+01
   1.1892578e+07   3.8513184e+01
   1.1899032e+07   3.5766602e+01
   1.1905758e+07   3.2470703e+01
   1.1905768e+07   3.1677246e+01
   1.1905875e+07   3.9184570e+01
   1.1912847e+07   3.2592773e+01
   1.1919987e+07   4.1625977e+01
   1.1926757e+07   3.7475586e+01
   1.1933845e+07   3.9733887e+01
   1.1940940e+07   3.2775879e+01
   1.1940970e+07   3.2165527e+01
   1.1941000e+07   3.4912109e+01
   1.1948163e+07   3.2897949e+01
   1.1948181e+07   3.1127930e+01
   1.1948215e+07   3.9855957e+01
   1.1948230e+07   3.2531738e+01
   1.1955181e+07   3.1311035e+01
   1.1955212e+07   3.7658691e+01
   1.1955260e+07   3.3386230e+01
   1.1962049e+07   3.5034180e+01
   1.1962059e+07   3.6743164e+01
   1.1969078e+07   4.0283203e+01
   1.1969109e+07   3.5705566e+01
   1.1969139e+07   3.7353516e+01
   1.1969163e+07   3.1066895e+01
   1.1983895e+07   3.2287598e+01
   1.1983908e+07   4.1442871e+01
   1.1991298e+07   3.4118652e+01
   1.1998809e+07   3.4423828e+01
