   1.1999000e+07   0.0000000e+00
   5.2180000e+03   4.2663574e+01
   2.8716000e+04   3.7475586e+01
   6.2455000e+04   3.7841797e+01
   6.2509000e+04   4.9438477e+01
   6.2531000e+04   6.1340332e+01
   6.2542000e+04   6.4331055e+01
   6.2560000e+04   7.5622559e+01
   6.2608000e+04   3.7597656e+01
   6.2627000e+04   5.2307129e+01
   6.2752000e+04   3.7902832e+01
   6.2797000e+04   5.8959961e+01
   1.0571100e+05   4.1442871e+01
   1.3776800e+05   5.4138184e+01
   1.3783300e+05   4.0527344e+01
   1.3785100e+05   5.9875488e+01
   1.3789000e+05   4.0588379e+01
   1.3812000e+05   4.1687012e+01
   1.3828100e+05   8.3007812e+01
   1.3833800e+05   3.7353516e+01
   1.5881100e+05   3.7475586e+01
   1.5973500e+05   4.1870117e+01
   1.7066300e+05   3.8269043e+01
   1.7812300e+05   4.0344238e+01
   2.1980800e+05   4.1870117e+01
   2.2017000e+05   3.9123535e+01
   2.2042600e+05   5.0903320e+01
   2.2045400e+05   5.2429199e+01
   2.5682200e+05   3.7841797e+01
   2.6228100e+05   3.7536621e+01
   2.7048900e+05   3.7963867e+01
   2.7056200e+05   8.3007812e+01
   2.7058000e+05   5.3527832e+01
   2.7059800e+05   8.0078125e+01
   2.7061500e+05   4.4067383e+01
   2.7064100e+05   4.5349121e+01
   2.7068100e+05   4.0405273e+01
   2.7088600e+05   4.1748047e+01
   2.8891100e+05   3.7414551e+01
   3.0812000e+05   4.1931152e+01
   3.0883000e+05   9.7656250e+01
   3.0899800e+05   4.0771484e+01
   3.0907600e+05   7.2143555e+01
   3.0921500e+05   3.8085938e+01
   3.0940900e+05   4.0466309e+01
   3.2302600e+05   3.7353516e+01
   3.3789700e+05   4.6386719e+01
   3.3796600e+05   5.6579590e+01
   3.3807000e+05   3.8635254e+01
   3.3824500e+05   7.6477051e+01
   3.3901400e+05   4.7546387e+01
   3.4867400e+05   3.9306641e+01
   3.4870200e+05   3.7841797e+01
   3.5721800e+05   4.4433594e+01
   3.7335300e+05   7.1838379e+01
   3.7350600e+05   4.7119141e+01
   3.7368100e+05   3.9978027e+01
   4.1168400e+05   3.9001465e+01
   4.2672400e+05   4.1564941e+01
   4.3347500e+05   3.7963867e+01
   4.3352800e+05   3.8696289e+01
   4.4434800e+05   4.0405273e+01
   4.6969500e+05   4.1931152e+01
   4.6994800e+05   4.3395996e+01
   4.7013200e+05   4.7302246e+01
   4.7939000e+05   3.7963867e+01
   4.7942700e+05   7.1899414e+01
   4.9248300e+05   4.2541504e+01
   5.0782300e+05   4.4555664e+01
   5.0789300e+05   3.8330078e+01
   5.1965100e+05   3.8452148e+01
   5.2147900e+05   3.8635254e+01
   5.2163600e+05   7.1044922e+01
   5.2169900e+05   5.6274414e+01
   5.2235500e+05   3.8818359e+01
   5.2240100e+05   4.2907715e+01
   5.3416900e+05   3.7536621e+01
   5.3992400e+05   4.0466309e+01
   5.8641800e+05   3.7475586e+01
   5.8656600e+05   5.7556152e+01
   5.8708700e+05   5.1269531e+01
   5.8850500e+05   3.7841797e+01
   6.0922100e+05   4.2053223e+01
   6.4880400e+05   4.8889160e+01
   6.4883600e+05   4.5104980e+01
   6.4889000e+05   3.9489746e+01
   6.7012000e+05   8.7524414e+01
   6.7016300e+05   4.5288086e+01
   6.7100400e+05   3.7414551e+01
   6.7126800e+05   7.4523926e+01
   6.7227500e+05   3.8635254e+01
   6.7229700e+05   3.7536621e+01
   6.7232500e+05   5.3955078e+01
   6.7235100e+05   9.2285156e+01
   6.7236700e+05   4.3090820e+01
   6.7237700e+05   4.3823242e+01
   6.7240500e+05   4.4067383e+01
   6.7250400e+05   6.5307617e+01
   7.0032700e+05   4.3334961e+01
   7.1151400e+05   3.8757324e+01
   7.1583900e+05   4.0649414e+01
   7.4115500e+05   3.8452148e+01
   7.4176800e+05   4.8339844e+01
   7.5198400e+05   4.6020508e+01
   7.8561100e+05   4.2480469e+01
   7.8945900e+05   3.8208008e+01
   7.9319000e+05   4.0527344e+01
   7.9834400e+05   3.9184570e+01
   7.9841300e+05   4.5043945e+01
   7.9843700e+05   6.4697266e+01
   7.9847600e+05   4.5043945e+01
   7.9854700e+05   7.3059082e+01
   7.9859000e+05   4.5043945e+01
   7.9927400e+05   5.2673340e+01
   7.9944700e+05   5.1269531e+01
   8.1547500e+05   3.7353516e+01
   8.1586600e+05   4.3579102e+01
   8.3020200e+05   4.0771484e+01
   8.3620800e+05   3.8574219e+01
   8.3624800e+05   6.2805176e+01
   8.3633600e+05   9.3566895e+01
   8.3651900e+05   6.2744141e+01
   8.3661800e+05   6.0668945e+01
   8.3665900e+05   3.7414551e+01
   8.3671900e+05   3.8513184e+01
   8.6502800e+05   3.7536621e+01
   8.7000700e+05   4.1748047e+01
   8.7762700e+05   5.6762695e+01
   8.9365000e+05   4.0100098e+01
   9.2162300e+05   6.8725586e+01
   9.2168800e+05   3.9855957e+01
   9.2174200e+05   6.9885254e+01
   9.2177500e+05   4.8278809e+01
   9.2197900e+05   4.5532227e+01
   9.2199500e+05   4.4982910e+01
   9.2258000e+05   4.6569824e+01
   9.6808800e+05   3.8757324e+01
   9.9910300e+05   8.0444336e+01
   9.9981800e+05   3.8635254e+01
   1.0000440e+06   5.3161621e+01
   1.0001080e+06   3.7597656e+01
   1.0002930e+06   4.2846680e+01
   1.0003200e+06   4.2663574e+01
   1.0350200e+06   4.8034668e+01
   1.0537480e+06   5.4077148e+01
   1.0538180e+06   3.7780762e+01
   1.0718570e+06   7.5256348e+01
   1.0720270e+06   3.7902832e+01
   1.1116790e+06   4.1198730e+01
   1.1459550e+06   4.0283203e+01
   1.1459860e+06   6.9396973e+01
   1.1462360e+06   7.9589844e+01
   1.1463000e+06   5.1452637e+01
   1.1465660e+06   4.9560547e+01
   1.1469450e+06   4.1320801e+01
   1.1883560e+06   6.7199707e+01
   1.1961350e+06   4.4799805e+01
   1.1963290e+06   4.0405273e+01
   1.1966770e+06   4.1931152e+01
   1.2050480e+06   3.7658691e+01
   1.2089420e+06   4.1625977e+01
   1.2318030e+06   7.1166992e+01
   1.2520950e+06   4.8950195e+01
   1.2522010e+06   6.8359375e+01
   1.2818970e+06   5.1025391e+01
   1.2819150e+06   3.8635254e+01
   1.2819330e+06   6.8786621e+01
   1.2820440e+06   4.0588379e+01
   1.2825500e+06   5.4077148e+01
   1.2998850e+06   7.0739746e+01
   1.2999950e+06   3.9733887e+01
   1.3000970e+06   7.1533203e+01
   1.3001370e+06   4.5227051e+01
   1.3002250e+06   3.8208008e+01
   1.3004010e+06   3.7658691e+01
   1.3004350e+06   3.9062500e+01
   1.3005060e+06   7.0373535e+01
   1.3005580e+06   4.4433594e+01
   1.3365170e+06   8.0993652e+01
   1.3366060e+06   4.0893555e+01
   1.3368160e+06   7.0312500e+01
   1.3370600e+06   4.1564941e+01
   1.3497130e+06   3.8940430e+01
   1.3596300e+06   3.7841797e+01
   1.3661980e+06   5.4199219e+01
   1.3831100e+06   4.0039063e+01
   1.4166590e+06   4.1503906e+01
   1.4185210e+06   4.2053223e+01
   1.4442270e+06   7.3303223e+01
   1.4480370e+06   4.3395996e+01
   1.5002110e+06   4.1198730e+01
   1.5230190e+06   4.0039063e+01
   1.5236020e+06   3.9489746e+01
   1.5244300e+06   6.4575195e+01
   1.5492210e+06   4.7790527e+01
   1.5602200e+06   4.1687012e+01
   1.5817430e+06   4.6264648e+01
   1.5850510e+06   4.0222168e+01
   1.5945030e+06   7.4707031e+01
   1.5948110e+06   8.0383301e+01
   1.5948530e+06   5.8044434e+01
   1.5958660e+06   4.0405273e+01
   1.5974690e+06   4.3518066e+01
   1.6420070e+06   6.0058594e+01
   1.6509000e+06   4.8095703e+01
   1.6574620e+06   3.7536621e+01
   1.6864950e+06   3.7902832e+01
   1.6865520e+06   6.7321777e+01
   1.6866430e+06   5.7067871e+01
   1.6867740e+06   3.8513184e+01
   1.6873600e+06   5.1147461e+01
   1.7116280e+06   6.9396973e+01
   1.7194240e+06   4.3151855e+01
   1.7234170e+06   4.3945313e+01
   1.7234450e+06   5.9326172e+01
   1.7237510e+06   4.9011230e+01
   1.7444320e+06   4.1931152e+01
   1.7494990e+06   6.6528320e+01
   1.7559720e+06   3.9062500e+01
   1.7660760e+06   4.1076660e+01
   1.7690570e+06   4.6508789e+01
   1.7690940e+06   5.9875488e+01
   1.7809290e+06   7.4890137e+01
   1.7809880e+06   4.3823242e+01
   1.8336750e+06   3.7780762e+01
   1.8378740e+06   4.0405273e+01
   1.8529290e+06   3.7841797e+01
   1.8658490e+06   3.9367676e+01
   1.8660660e+06   3.7902832e+01
   1.8753900e+06   4.1015625e+01
   1.8798920e+06   4.2968750e+01
   1.8799500e+06   5.4687500e+01
   1.8799710e+06   3.7963867e+01
   1.8800070e+06   9.8266602e+01
   1.8800310e+06   7.8552246e+01
   1.8800800e+06   7.5805664e+01
   1.8801000e+06   4.9011230e+01
   1.8801230e+06   3.8024902e+01
   1.8802230e+06   5.6396484e+01
   1.8804190e+06   4.4494629e+01
   1.9014840e+06   3.7353516e+01
   1.9047530e+06   6.5368652e+01
   1.9122690e+06   3.7353516e+01
   1.9218300e+06   6.8176270e+01
   1.9221410e+06   4.3151855e+01
   1.9375650e+06   3.9733887e+01
   1.9389680e+06   5.8532715e+01
   1.9418590e+06   4.0405273e+01
   1.9634670e+06   7.2143555e+01
   1.9706800e+06   3.8574219e+01
   1.9738010e+06   3.7597656e+01
   1.9738650e+06   4.7912598e+01
   1.9738750e+06   8.4045410e+01
   1.9738910e+06   4.3884277e+01
   1.9739910e+06   6.3598633e+01
   1.9740420e+06   5.2795410e+01
   1.9746230e+06   4.4677734e+01
   1.9746410e+06   6.6406250e+01
   2.0009310e+06   3.9245605e+01
   2.0071830e+06   6.6345215e+01
   2.0072220e+06   4.1992188e+01
   2.0074410e+06   4.2724609e+01
   2.0074720e+06   4.0588379e+01
   2.0083900e+06   6.6406250e+01
   2.0085180e+06   3.9978027e+01
   2.0669390e+06   5.8227539e+01
   2.0750820e+06   3.9611816e+01
   2.0870300e+06   3.8330078e+01
   2.1085750e+06   3.8208008e+01
   2.1117880e+06   6.5124512e+01
   2.1118880e+06   4.0893555e+01
   2.1257730e+06   3.7536621e+01
   2.1303000e+06   3.8208008e+01
   2.1403940e+06   4.1503906e+01
   2.1490320e+06   6.0485840e+01
   2.1618100e+06   3.9245605e+01
   2.1618700e+06   6.4514160e+01
   2.1619160e+06   4.1259766e+01
   2.1752590e+06   3.9306641e+01
   2.1970720e+06   3.7353516e+01
   2.2071180e+06   3.7536621e+01
   2.2108040e+06   4.0405273e+01
   2.2128830e+06   4.4494629e+01
   2.2129140e+06   4.1015625e+01
   2.2132690e+06   3.8085938e+01
   2.2135190e+06   5.2612305e+01
   2.2135630e+06   4.1076660e+01
   2.2138140e+06   8.4472656e+01
   2.2139250e+06   4.3701172e+01
   2.2141570e+06   4.2602539e+01
   2.2540270e+06   4.1076660e+01
   2.2571320e+06   4.2724609e+01
   2.2602560e+06   6.8542480e+01
   2.3013090e+06   3.9978027e+01
   2.3016750e+06   3.7719727e+01
   2.3101510e+06   3.9733887e+01
   2.3129520e+06   7.0922852e+01
   2.3270500e+06   4.5227051e+01
   2.3286140e+06   3.7414551e+01
   2.3378990e+06   6.5063477e+01
   2.3380040e+06   3.8879395e+01
   2.3380580e+06   6.4147949e+01
   2.3470570e+06   3.9306641e+01
   2.3502370e+06   3.9184570e+01
   2.3694620e+06   4.4250488e+01
   2.3852040e+06   8.3312988e+01
   2.3861110e+06   4.7424316e+01
   2.3861540e+06   5.1025391e+01
   2.3862140e+06   8.4167480e+01
   2.3863630e+06   7.7697754e+01
   2.4062950e+06   7.0617676e+01
   2.4239480e+06   3.9123535e+01
   2.4454660e+06   4.2114258e+01
   2.4457470e+06   6.4514160e+01
   2.4848600e+06   4.2663574e+01
   2.4963250e+06   4.3945313e+01
   2.5043700e+06   3.8146973e+01
   2.5047510e+06   3.8208008e+01
   2.5048810e+06   7.7880859e+01
   2.5052960e+06   6.2561035e+01
   2.5079670e+06   7.5683594e+01
   2.5079870e+06   4.5227051e+01
   2.5080260e+06   6.9213867e+01
   2.5306070e+06   6.9396973e+01
   2.5615410e+06   3.9916992e+01
   2.5720860e+06   6.5002441e+01
   2.5812050e+06   7.6599121e+01
   2.5820630e+06   3.7902832e+01
   2.5931940e+06   3.8024902e+01
   2.6010170e+06   3.8024902e+01
   2.6012320e+06   3.9428711e+01
   2.6141630e+06   3.7780762e+01
   2.6424260e+06   3.8574219e+01
   2.6424790e+06   3.8879395e+01
   2.6425440e+06   7.6110840e+01
   2.6425760e+06   3.8024902e+01
   2.6426210e+06   4.3579102e+01
   2.6426590e+06   6.0241699e+01
   2.6426840e+06   5.2856445e+01
   2.6427100e+06   4.0405273e+01
   2.6430590e+06   3.8879395e+01
   2.6431450e+06   4.7546387e+01
   2.6431720e+06   6.7993164e+01
   2.6537230e+06   4.5654297e+01
   2.6539140e+06   3.8696289e+01
   2.6712520e+06   3.8757324e+01
   2.6718370e+06   3.8696289e+01
   2.6719140e+06   6.8908691e+01
   2.6837350e+06   6.8420410e+01
   2.6839560e+06   6.8481445e+01
   2.6840440e+06   4.1625977e+01
   2.6934500e+06   7.5622559e+01
   2.6942450e+06   4.0344238e+01
   2.7088170e+06   4.0100098e+01
   2.7392430e+06   5.0415039e+01
   2.7392900e+06   6.5307617e+01
   2.7394260e+06   7.0312500e+01
   2.7394680e+06   4.2297363e+01
   2.7396740e+06   3.7841797e+01
   2.7401090e+06   4.4006348e+01
   2.7645690e+06   4.0283203e+01
   2.7793770e+06   4.0466309e+01
   2.7879430e+06   3.9306641e+01
   2.8092480e+06   7.3303223e+01
   2.8408260e+06   3.7597656e+01
   2.8453150e+06   6.6406250e+01
   2.8454260e+06   5.3894043e+01
   2.8456020e+06   3.8146973e+01
   2.8666370e+06   3.7414551e+01
   2.8686850e+06   3.9184570e+01
   2.8738290e+06   3.8757324e+01
   2.8771610e+06   3.7841797e+01
   2.8847980e+06   3.8757324e+01
   2.8875520e+06   4.5715332e+01
   2.8875900e+06   7.6904297e+01
   2.8876090e+06   8.9782715e+01
   2.8876200e+06   6.7382813e+01
   2.8876540e+06   4.9987793e+01
   2.8876750e+06   6.3964844e+01
   2.8877670e+06   4.4311523e+01
   2.8877870e+06   3.9367676e+01
   2.8878110e+06   4.5043945e+01
   2.8878450e+06   3.9855957e+01
   2.8879150e+06   3.9184570e+01
   2.8881900e+06   3.8940430e+01
   2.8882870e+06   5.8105469e+01
   2.8883320e+06   4.3579102e+01
   2.8887280e+06   4.1992188e+01
   2.8887460e+06   4.2236328e+01
   2.8889760e+06   4.5104980e+01
   2.8891550e+06   4.4738770e+01
   2.8895470e+06   3.8757324e+01
   2.8907010e+06   3.9916992e+01
   2.8911340e+06   4.5410156e+01
   2.8918490e+06   3.8635254e+01
   2.8993010e+06   3.9062500e+01
   2.8995470e+06   3.8757324e+01
   2.9073310e+06   4.0222168e+01
   2.9389540e+06   4.8583984e+01
   2.9396230e+06   5.1696777e+01
   2.9396650e+06   3.8940430e+01
   2.9400190e+06   3.9611816e+01
   2.9665140e+06   3.7475586e+01
   2.9668530e+06   4.0222168e+01
   2.9810310e+06   6.5185547e+01
   2.9957010e+06   3.9001465e+01
   2.9957470e+06   3.7414551e+01
   2.9957960e+06   5.0292969e+01
   2.9958310e+06   4.9194336e+01
   3.0039140e+06   3.8940430e+01
   3.0125270e+06   4.6447754e+01
   3.0125560e+06   7.6721191e+01
   3.0125710e+06   4.6203613e+01
   3.0126020e+06   7.5378418e+01
   3.0126680e+06   4.7485352e+01
   3.0127340e+06   7.6538086e+01
   3.0210190e+06   4.1076660e+01
   3.0210400e+06   6.2500000e+01
   3.0210720e+06   5.0292969e+01
   3.0210940e+06   6.1340332e+01
   3.0211340e+06   3.9184570e+01
   3.0298550e+06   7.4218750e+01
   3.0298710e+06   6.5795898e+01
   3.0298930e+06   5.0781250e+01
   3.0299170e+06   5.6091309e+01
   3.0299560e+06   5.9020996e+01
   3.0299800e+06   4.5043945e+01
   3.0299960e+06   4.7607422e+01
   3.0300590e+06   4.2114258e+01
   3.0387670e+06   4.2968750e+01
   3.0388680e+06   3.9428711e+01
   3.0389720e+06   7.9467773e+01
   3.0389980e+06   6.5917969e+01
   3.0390150e+06   5.3527832e+01
   3.0484400e+06   4.2907715e+01
   3.0485100e+06   3.9001465e+01
   3.0485590e+06   5.1940918e+01
   3.0573180e+06   3.7719727e+01
   3.0573540e+06   4.7241211e+01
   3.0573780e+06   7.1044922e+01
   3.0573890e+06   6.8908691e+01
   3.0574260e+06   4.0466309e+01
   3.0574450e+06   3.8513184e+01
   3.0574780e+06   5.7434082e+01
   3.0575120e+06   3.7902832e+01
   3.0575330e+06   5.5358887e+01
   3.0670680e+06   7.6599121e+01
   3.0671080e+06   4.1625977e+01
   3.0674820e+06   3.9489746e+01
   3.0765760e+06   4.0710449e+01
   3.0768380e+06   1.2408447e+02
   3.0768480e+06   4.4311523e+01
   3.0768800e+06   4.9194336e+01
   3.0769120e+06   3.7597656e+01
   3.0769240e+06   5.2062988e+01
   3.0769680e+06   3.8757324e+01
   3.0770010e+06   3.8024902e+01
   3.0770930e+06   4.0527344e+01
   3.0873420e+06   1.0571289e+02
   3.0873650e+06   4.1076660e+01
   3.0874050e+06   5.5175781e+01
   3.0874430e+06   8.4228516e+01
   3.0875330e+06   4.5471191e+01
   3.0976820e+06   3.8940430e+01
   3.0976920e+06   3.8146973e+01
   3.0977130e+06   8.4289551e+01
   3.0977340e+06   3.7963867e+01
   3.0977510e+06   6.8908691e+01
   3.1066420e+06   3.9001465e+01
   3.1068120e+06   7.3791504e+01
   3.1068370e+06   8.6242676e+01
   3.1068520e+06   4.9377441e+01
   3.1068910e+06   5.4199219e+01
   3.1069460e+06   6.5368652e+01
   3.1070490e+06   4.2602539e+01
   3.1070840e+06   4.5471191e+01
   3.1071650e+06   4.4250488e+01
   3.1165630e+06   6.9274902e+01
   3.1166260e+06   4.4250488e+01
   3.1268740e+06   5.0476074e+01
   3.1269020e+06   7.0068359e+01
   3.1269170e+06   3.8940430e+01
   3.1269570e+06   3.9978027e+01
   3.1269760e+06   4.1259766e+01
   3.1269960e+06   6.3415527e+01
   3.1270810e+06   6.7932129e+01
   3.1271130e+06   4.1198730e+01
   3.1272050e+06   4.4494629e+01
   3.1274360e+06   3.9611816e+01
   3.1370720e+06   4.0344238e+01
   3.1370850e+06   3.8757324e+01
   3.1371060e+06   3.7780762e+01
   3.1371210e+06   6.9580078e+01
   3.1371490e+06   3.7414551e+01
   3.1371970e+06   4.4860840e+01
   3.1372070e+06   9.5764160e+01
   3.1372920e+06   5.9387207e+01
   3.1374250e+06   7.2204590e+01
   3.1473640e+06   8.4777832e+01
   3.1474090e+06   5.8776855e+01
   3.1474650e+06   3.8208008e+01
   3.1474930e+06   6.1889648e+01
   3.1475040e+06   5.8471680e+01
   3.1475810e+06   4.1503906e+01
   3.1478700e+06   3.9550781e+01
   3.1571010e+06   3.9367676e+01
   3.1571360e+06   4.5715332e+01
   3.1571560e+06   8.3312988e+01
   3.1571730e+06   4.3945313e+01
   3.1572000e+06   5.6823730e+01
   3.1572320e+06   4.9011230e+01
   3.1572610e+06   9.6801758e+01
   3.1572720e+06   7.0678711e+01
   3.1679790e+06   7.7026367e+01
   3.1680150e+06   4.9865723e+01
   3.1680550e+06   4.1809082e+01
   3.1680650e+06   4.5593262e+01
   3.1681020e+06   3.8879395e+01
   3.1781980e+06   3.8818359e+01
   3.1882170e+06   3.8085938e+01
   3.2004670e+06   4.0161133e+01
   3.2005920e+06   3.9489746e+01
   3.2007070e+06   4.5471191e+01
   3.2090080e+06   1.2353516e+02
   3.2090220e+06   8.1298828e+01
   3.2090370e+06   4.8400879e+01
   3.2090540e+06   5.7556152e+01
   3.2090820e+06   7.5134277e+01
   3.2091060e+06   4.8034668e+01
   3.2091360e+06   5.5847168e+01
   3.2091780e+06   5.0170898e+01
   3.2092710e+06   4.8461914e+01
   3.2093130e+06   4.5593262e+01
   3.2093390e+06   3.8085938e+01
   3.2372950e+06   4.2907715e+01
   3.2450190e+06   4.1687012e+01
   3.2450600e+06   8.9721680e+01
   3.2450820e+06   6.0791016e+01
   3.2451100e+06   8.9477539e+01
   3.2451500e+06   8.7768555e+01
   3.2452540e+06   4.2480469e+01
   3.2452870e+06   3.8085938e+01
   3.2453180e+06   3.8940430e+01
   3.2453660e+06   6.0241699e+01
   3.2453850e+06   3.7353516e+01
   3.2455650e+06   3.8818359e+01
   3.2455850e+06   5.4016113e+01
   3.2584520e+06   4.3701172e+01
   3.2657590e+06   7.2387695e+01
   3.2658300e+06   3.7475586e+01
   3.2864500e+06   3.9062500e+01
   3.3022330e+06   6.5429687e+01
   3.3022570e+06   5.9814453e+01
   3.3022880e+06   7.2326660e+01
   3.3023180e+06   8.3068848e+01
   3.3024710e+06   5.0170898e+01
   3.3025020e+06   4.2053223e+01
   3.3025300e+06   4.0710449e+01
   3.3155360e+06   7.5683594e+01
   3.3155560e+06   4.3090820e+01
   3.3155940e+06   4.1625977e+01
   3.3156600e+06   4.9743652e+01
   3.3453970e+06   3.7353516e+01
   3.3532440e+06   6.0119629e+01
   3.3533050e+06   5.4382324e+01
   3.3535270e+06   4.7058105e+01
   3.3539590e+06   3.9184570e+01
   3.3686940e+06   4.1015625e+01
   3.3688020e+06   4.1748047e+01
   3.3689390e+06   5.7495117e+01
   3.3907450e+06   3.8574219e+01
   3.3965630e+06   4.7485352e+01
   3.4036620e+06   4.3640137e+01
   3.4039530e+06   6.4270020e+01
   3.4140290e+06   4.4799805e+01
   3.4140550e+06   4.4982910e+01
   3.4266950e+06   6.4208984e+01
   3.4267680e+06   5.2551270e+01
   3.4267940e+06   3.7536621e+01
   3.4268100e+06   7.0800781e+01
   3.4270820e+06   4.4189453e+01
   3.4465600e+06   6.0729980e+01
   3.4466940e+06   4.8034668e+01
   3.4467900e+06   3.8208008e+01
   3.4468670e+06   5.6030273e+01
   3.4630770e+06   4.1015625e+01
   3.4748400e+06   3.8330078e+01
   3.4751540e+06   4.3334961e+01
   3.4752650e+06   8.7402344e+01
   3.4752990e+06   5.4382324e+01
   3.4753090e+06   5.1025391e+01
   3.4753450e+06   5.7922363e+01
   3.4754480e+06   3.9245605e+01
   3.4755050e+06   3.8574219e+01
   3.4757530e+06   4.8278809e+01
   3.4758950e+06   4.5837402e+01
   3.4765590e+06   4.0588379e+01
   3.4987780e+06   7.0007324e+01
   3.4990470e+06   7.4523926e+01
   3.4994430e+06   3.8024902e+01
   3.5144830e+06   3.8330078e+01
   3.5170160e+06   3.7841797e+01
   3.5305000e+06   4.0588379e+01
   3.5306780e+06   5.7678223e+01
   3.5307670e+06   5.2001953e+01
   3.5386840e+06   6.7016602e+01
   3.5387960e+06   4.1870117e+01
   3.5519870e+06   3.9672852e+01
   3.5521240e+06   4.3151855e+01
   3.5523400e+06   6.1401367e+01
   3.5526260e+06   3.7902832e+01
   3.5688260e+06   4.3701172e+01
   3.5692030e+06   6.0058594e+01
   3.5692250e+06   3.9855957e+01
   3.5700940e+06   5.3771973e+01
   3.5701110e+06   7.0373535e+01
   3.5903520e+06   3.8940430e+01
   3.6028630e+06   6.8420410e+01
   3.6029270e+06   4.2907715e+01
   3.6030100e+06   8.0383301e+01
   3.6031000e+06   6.1279297e+01
   3.6160090e+06   3.9184570e+01
   3.6167720e+06   3.9794922e+01
   3.6168680e+06   7.5683594e+01
   3.6168880e+06   7.5866699e+01
   3.6169100e+06   6.2866211e+01
   3.6169540e+06   4.1809082e+01
   3.6169690e+06   6.6894531e+01
   3.6170020e+06   3.8085938e+01
   3.6170330e+06   3.8024902e+01
   3.6171890e+06   5.6762695e+01
   3.6172270e+06   3.8085938e+01
   3.6174160e+06   3.8146973e+01
   3.6174560e+06   4.4372559e+01
   3.6314190e+06   3.7902832e+01
   3.6418350e+06   3.8024902e+01
   3.6502460e+06   4.9255371e+01
   3.6505530e+06   6.7993164e+01
   3.6610540e+06   6.7687988e+01
   3.6610960e+06   4.1687012e+01
   3.6612060e+06   5.5603027e+01
   3.6617500e+06   3.9855957e+01
   3.6617990e+06   4.6630859e+01
   3.6618140e+06   3.9245605e+01
   3.6623010e+06   4.0771484e+01
   3.6917580e+06   4.2480469e+01
   3.7014240e+06   4.1381836e+01
   3.7102400e+06   3.8269043e+01
   3.7103060e+06   6.8969727e+01
   3.7104160e+06   6.4086914e+01
   3.7107320e+06   4.1687012e+01
   3.7108890e+06   4.8339844e+01
   3.7379820e+06   9.4909668e+01
   3.7380040e+06   6.5185547e+01
   3.7380380e+06   6.4453125e+01
   3.7380570e+06   4.5959473e+01
   3.7380910e+06   3.9245605e+01
   3.7381060e+06   4.4738770e+01
   3.7381240e+06   4.4921875e+01
   3.7389600e+06   4.6752930e+01
   3.7403290e+06   4.6508789e+01
   3.7405270e+06   4.0527344e+01
   3.7408960e+06   3.9367676e+01
   3.7423910e+06   3.7353516e+01
   3.7440750e+06   3.7719727e+01
   3.7549200e+06   3.9001465e+01
   3.7690830e+06   4.3273926e+01
   3.7772490e+06   4.2602539e+01
   3.7773320e+06   4.4128418e+01
   3.7776240e+06   4.5410156e+01
   3.7862030e+06   4.0222168e+01
   3.8009670e+06   4.0710449e+01
   3.8010010e+06   3.9855957e+01
   3.8010750e+06   6.1767578e+01
   3.8011260e+06   6.2194824e+01
   3.8090030e+06   3.7963867e+01
   3.8092090e+06   3.9245605e+01
   3.8092380e+06   6.8542480e+01
   3.8092770e+06   7.4829102e+01
   3.8093020e+06   4.3334961e+01
   3.8093650e+06   4.8278809e+01
   3.8104700e+06   3.9367676e+01
   3.8105380e+06   4.6386719e+01
   3.8179820e+06   4.9682617e+01
   3.8195220e+06   4.1015625e+01
   3.8276990e+06   4.6386719e+01
   3.8277430e+06   4.8278809e+01
   3.8277530e+06   9.0820313e+01
   3.8277680e+06   1.1791992e+02
   3.8277860e+06   3.7597656e+01
   3.8278130e+06   4.6386719e+01
   3.8278600e+06   5.5541992e+01
   3.8278940e+06   3.7963867e+01
   3.8279120e+06   4.1748047e+01
   3.8279880e+06   4.6752930e+01
   3.8280540e+06   4.1259766e+01
   3.8281450e+06   4.2663574e+01
   3.8285220e+06   5.0598145e+01
   3.8285630e+06   3.8513184e+01
   3.8288900e+06   4.1198730e+01
   3.8300970e+06   4.1687012e+01
   3.8313110e+06   3.9978027e+01
   3.8324130e+06   3.8085938e+01
   3.8409620e+06   9.4726563e+01
   3.8409720e+06   5.6579590e+01
   3.8410010e+06   4.5959473e+01
   3.8410570e+06   6.4514160e+01
   3.8410830e+06   5.0048828e+01
   3.8410940e+06   3.9916992e+01
   3.8411820e+06   5.7189941e+01
   3.8522910e+06   4.3701172e+01
   3.8523780e+06   1.0937500e+02
   3.8523980e+06   9.9914551e+01
   3.8524450e+06   4.9438477e+01
   3.8524750e+06   4.4921875e+01
   3.8524890e+06   3.8391113e+01
   3.8525250e+06   4.1931152e+01
   3.8531090e+06   5.3100586e+01
   3.8532500e+06   5.3710938e+01
   3.8535240e+06   4.3212891e+01
   3.8538110e+06   3.9733887e+01
   3.8540030e+06   4.3212891e+01
   3.8541850e+06   4.3579102e+01
   3.8543440e+06   4.2541504e+01
   3.8543590e+06   4.3701172e+01
   3.8548740e+06   4.6264648e+01
   3.8575420e+06   3.7475586e+01
   3.8657680e+06   4.4677734e+01
   3.8657880e+06   5.5664063e+01
   3.8658420e+06   9.0454102e+01
   3.8658570e+06   6.7687988e+01
   3.8746040e+06   3.8452148e+01
   3.8746330e+06   6.6406250e+01
   3.8746620e+06   5.2124023e+01
   3.8747150e+06   4.1076660e+01
   3.8747470e+06   3.7353516e+01
   3.8747630e+06   5.4931641e+01
   3.8748170e+06   5.3710937e+01
   3.8748320e+06   5.0537109e+01
   3.8841120e+06   5.1208496e+01
   3.8841450e+06   3.7597656e+01
   3.8841710e+06   4.3701172e+01
   3.8841940e+06   1.0443115e+02
   3.8842040e+06   7.3547363e+01
   3.8842740e+06   3.9062500e+01
   3.8843040e+06   4.9621582e+01
   3.8843560e+06   3.8696289e+01
   3.8846910e+06   4.4433594e+01
   3.8949460e+06   4.1198730e+01
   3.8949970e+06   3.9001465e+01
   3.8950750e+06   7.1472168e+01
   3.8951110e+06   6.4147949e+01
   3.8951340e+06   3.7902832e+01
   3.8951540e+06   4.1931152e+01
   3.8951810e+06   5.8898926e+01
   3.8951980e+06   7.9406738e+01
   3.8952140e+06   4.0588379e+01
   3.8952510e+06   4.3945313e+01
   3.8952880e+06   4.3457031e+01
   3.8953630e+06   4.9255371e+01
   3.8954110e+06   3.8513184e+01
   3.8955160e+06   3.8146973e+01
   3.8957770e+06   3.7475586e+01
   3.8959380e+06   4.2053223e+01
   3.8959640e+06   4.0649414e+01
   3.8961560e+06   4.2846680e+01
   3.8967120e+06   3.9001465e+01
   3.8967480e+06   4.0649414e+01
   3.8974020e+06   4.3701172e+01
   3.8978680e+06   6.6589355e+01
   3.8990130e+06   3.7841797e+01
   3.8990620e+06   3.8391113e+01
   3.8992400e+06   4.2480469e+01
   3.9075050e+06   4.8522949e+01
   3.9075260e+06   7.7270508e+01
   3.9075400e+06   6.5368652e+01
   3.9075600e+06   4.5715332e+01
   3.9075880e+06   3.8574219e+01
   3.9076070e+06   5.3161621e+01
   3.9076220e+06   4.3395996e+01
   3.9076550e+06   3.7719727e+01
   3.9077480e+06   4.4982910e+01
   3.9083190e+06   3.8146973e+01
   3.9102540e+06   6.2683105e+01
   3.9200900e+06   3.9367676e+01
   3.9201310e+06   6.2133789e+01
   3.9201510e+06   8.2031250e+01
   3.9201830e+06   4.4738770e+01
   3.9202190e+06   5.1208496e+01
   3.9202350e+06   5.6823730e+01
   3.9202450e+06   4.0588379e+01
   3.9202730e+06   4.9377441e+01
   3.9203300e+06   5.0476074e+01
   3.9204640e+06   3.7597656e+01
   3.9209160e+06   4.1137695e+01
   3.9209380e+06   3.7597656e+01
   3.9214830e+06   5.7861328e+01
   3.9218790e+06   4.5959473e+01
   3.9223130e+06   4.1015625e+01
   3.9227730e+06   4.0283203e+01
   3.9324540e+06   3.9489746e+01
   3.9324660e+06   7.6904297e+01
   3.9324790e+06   7.8613281e+01
   3.9324970e+06   3.8146973e+01
   3.9325480e+06   4.7485352e+01
   3.9325650e+06   5.8776855e+01
   3.9325930e+06   4.7668457e+01
   3.9326140e+06   3.8574219e+01
   3.9327240e+06   4.4067383e+01
   3.9348850e+06   3.7536621e+01
   3.9449410e+06   6.2988281e+01
   3.9449520e+06   4.6997070e+01
   3.9449950e+06   9.4238281e+01
   3.9450500e+06   5.7556152e+01
   3.9450730e+06   4.3273926e+01
   3.9450840e+06   3.9062500e+01
   3.9451080e+06   6.4880371e+01
   3.9451260e+06   3.8635254e+01
   3.9452860e+06   4.8950195e+01
   3.9459200e+06   4.1625977e+01
   3.9542540e+06   4.0161133e+01
   3.9542660e+06   5.7800293e+01
   3.9542790e+06   7.9650879e+01
   3.9543680e+06   4.0039063e+01
   3.9543940e+06   9.7961426e+01
   3.9544080e+06   4.3395996e+01
   3.9544510e+06   3.7475586e+01
   3.9544700e+06   3.9245605e+01
   3.9545300e+06   4.1015625e+01
   3.9550060e+06   4.9011230e+01
   3.9553520e+06   3.7353516e+01
   3.9555030e+06   3.9245605e+01
   3.9556680e+06   4.3640137e+01
   3.9561190e+06   3.8085938e+01
   3.9639840e+06   5.9936523e+01
   3.9640170e+06   1.4239502e+02
   3.9640440e+06   3.7902832e+01
   3.9640660e+06   4.3212891e+01
   3.9641030e+06   5.4748535e+01
   3.9641400e+06   4.4494629e+01
   3.9641520e+06   3.8391113e+01
   3.9642050e+06   4.1809082e+01
   3.9654930e+06   3.8146973e+01
   3.9686860e+06   3.9184570e+01
   3.9760560e+06   8.4777832e+01
   3.9760700e+06   5.5725098e+01
   3.9761580e+06   4.5898438e+01
   3.9761980e+06   3.7658691e+01
   3.9762090e+06   4.9438477e+01
   3.9767130e+06   3.8330078e+01
   3.9774460e+06   5.5053711e+01
   3.9785050e+06   4.8889160e+01
   3.9866910e+06   4.1503906e+01
   3.9867180e+06   1.1285400e+02
   3.9867280e+06   9.6435547e+01
   3.9867670e+06   4.0283203e+01
   3.9867950e+06   4.0283203e+01
   3.9868230e+06   6.8237305e+01
   3.9869280e+06   4.2541504e+01
   3.9873150e+06   4.3212891e+01
   3.9873950e+06   4.0100098e+01
   3.9875690e+06   3.8085938e+01
   3.9878620e+06   4.1625977e+01
   3.9880740e+06   4.2114258e+01
   3.9885100e+06   4.5532227e+01
   3.9972380e+06   4.0771484e+01
   3.9972670e+06   7.8491211e+01
   3.9972820e+06   7.1411133e+01
   3.9973310e+06   4.6020508e+01
   3.9973480e+06   5.4260254e+01
   3.9973910e+06   4.6081543e+01
   3.9987290e+06   3.8513184e+01
   3.9988630e+06   4.6813965e+01
   3.9996240e+06   4.0527344e+01
   4.0001560e+06   3.8330078e+01
   4.0084700e+06   4.0771484e+01
   4.0084960e+06   1.4190674e+02
   4.0085290e+06   3.8452148e+01
   4.0085670e+06   4.9316406e+01
   4.0085790e+06   5.1391602e+01
   4.0086040e+06   3.8391113e+01
   4.0086320e+06   4.3579102e+01
   4.0092420e+06   3.7780762e+01
   4.0099010e+06   4.1625977e+01
   4.0100560e+06   3.8146973e+01
   4.0107690e+06   4.0649414e+01
   4.0181630e+06   4.8706055e+01
   4.0181810e+06   4.1198730e+01
   4.0181980e+06   5.3771973e+01
   4.0182270e+06   3.7597656e+01
   4.0182490e+06   4.8156738e+01
   4.0182760e+06   4.3212891e+01
   4.0183260e+06   4.2541504e+01
   4.0201090e+06   4.2358398e+01
   4.0285220e+06   4.6203613e+01
   4.0285380e+06   6.1401367e+01
   4.0285600e+06   6.9824219e+01
   4.0285880e+06   4.2968750e+01
   4.0286200e+06   3.8940430e+01
   4.0286440e+06   4.2663574e+01
   4.0291640e+06   3.9428711e+01
   4.0294440e+06   5.0842285e+01
   4.0298590e+06   3.8452148e+01
   4.0301770e+06   3.8330078e+01
   4.0392940e+06   5.1696777e+01
   4.0393140e+06   1.2817383e+02
   4.0393590e+06   4.8339844e+01
   4.0393700e+06   4.6020508e+01
   4.0394020e+06   4.0100098e+01
   4.0394270e+06   3.9245605e+01
   4.0399310e+06   5.6091309e+01
   4.0431230e+06   5.2734375e+01
   4.0433080e+06   4.2602539e+01
   4.0519490e+06   4.9377441e+01
   4.0519610e+06   5.6579590e+01
   4.0519760e+06   1.0296631e+02
   4.0519970e+06   4.0893555e+01
   4.0520550e+06   3.9123535e+01
   4.0521320e+06   4.6203613e+01
   4.0526000e+06   3.7963867e+01
   4.0526930e+06   3.7353516e+01
   4.0533540e+06   4.3823242e+01
   4.0540130e+06   4.2541504e+01
   4.0547300e+06   4.1564941e+01
   4.0563530e+06   4.5227051e+01
   4.0658220e+06   4.1015625e+01
   4.0658450e+06   1.1956787e+02
   4.0658590e+06   7.1716309e+01
   4.0659200e+06   5.5114746e+01
   4.0659310e+06   5.9387207e+01
   4.0659620e+06   4.6630859e+01
   4.0659890e+06   3.7597656e+01
   4.0660260e+06   4.0771484e+01
   4.0666550e+06   3.7658691e+01
   4.0670790e+06   3.7780762e+01
   4.0699700e+06   3.9306641e+01
   4.0700220e+06   3.8452148e+01
   4.0700880e+06   5.0170898e+01
   4.0701220e+06   4.6936035e+01
   4.0701460e+06   4.2663574e+01
   4.0701620e+06   4.3212891e+01
   4.0702970e+06   4.1931152e+01
   4.0791000e+06   3.8146973e+01
   4.0791190e+06   1.0711670e+02
   4.0791300e+06   4.3395996e+01
   4.0791660e+06   5.7250977e+01
   4.0791890e+06   3.9794922e+01
   4.0792050e+06   4.1992188e+01
   4.0792350e+06   5.1208496e+01
   4.0793150e+06   4.7973633e+01
   4.0797200e+06   3.7353516e+01
   4.0799980e+06   4.1564941e+01
   4.0800150e+06   3.9916992e+01
   4.0803100e+06   4.7973633e+01
   4.0813380e+06   4.3884277e+01
   4.0818360e+06   4.9072266e+01
   4.0831680e+06   6.3049316e+01
   4.0832020e+06   4.2968750e+01
   4.0840040e+06   4.0649414e+01
   4.0927840e+06   4.5288086e+01
   4.0928100e+06   8.9416504e+01
   4.0928240e+06   4.6997070e+01
   4.0928900e+06   5.7739258e+01
   4.0929160e+06   5.2673340e+01
   4.0929950e+06   4.1259766e+01
   4.1032280e+06   4.2297363e+01
   4.1032570e+06   9.4055176e+01
   4.1032670e+06   6.4147949e+01
   4.1033280e+06   3.7475586e+01
   4.1033380e+06   5.0292969e+01
   4.1034500e+06   5.6701660e+01
   4.1039860e+06   4.0283203e+01
   4.1042350e+06   3.8085938e+01
   4.1066720e+06   5.2673340e+01
   4.1160240e+06   6.0791016e+01
   4.1160380e+06   1.1297607e+02
   4.1160680e+06   4.0405273e+01
   4.1160960e+06   4.3640137e+01
   4.1161080e+06   5.2673340e+01
   4.1161320e+06   4.4677734e+01
   4.1161460e+06   4.0832520e+01
   4.1162250e+06   5.0415039e+01
   4.1162440e+06   3.8146973e+01
   4.1171930e+06   4.3945313e+01
   4.1173840e+06   3.8146973e+01
   4.1179080e+06   4.6325684e+01
   4.1195830e+06   3.9978027e+01
   4.1197760e+06   4.3395996e+01
   4.1296070e+06   4.2663574e+01
   4.1296180e+06   4.0832520e+01
   4.1296420e+06   5.1818848e+01
   4.1296600e+06   5.1391602e+01
   4.1296740e+06   8.5083008e+01
   4.1297190e+06   3.8818359e+01
   4.1297450e+06   6.4941406e+01
   4.1297700e+06   4.7790527e+01
   4.1298400e+06   4.4189453e+01
   4.1298640e+06   4.3701172e+01
   4.1303230e+06   3.8024902e+01
   4.1306380e+06   4.1931152e+01
   4.1306510e+06   3.9916992e+01
   4.1312710e+06   4.1870117e+01
   4.1315150e+06   3.7780762e+01
   4.1419290e+06   4.4799805e+01
   4.1419540e+06   1.0687256e+02
   4.1419790e+06   4.2358398e+01
   4.1420280e+06   5.7983398e+01
   4.1421250e+06   4.2846680e+01
   4.1422230e+06   3.8024902e+01
   4.1425070e+06   3.7841797e+01
   4.1427840e+06   3.8269043e+01
   4.1428030e+06   4.3640137e+01
   4.1439000e+06   5.1147461e+01
   4.1469490e+06   9.0209961e+01
   4.1469820e+06   6.5856934e+01
   4.1470360e+06   3.8330078e+01
   4.1470580e+06   4.2907715e+01
   4.1470690e+06   3.8574219e+01
   4.1586340e+06   8.5693359e+01
   4.1586450e+06   7.1044922e+01
   4.1586630e+06   3.8879395e+01
   4.1586990e+06   5.7189941e+01
   4.1587280e+06   4.1259766e+01
   4.1588690e+06   4.1748047e+01
   4.1592060e+06   3.7658691e+01
   4.1594890e+06   4.7546387e+01
   4.1601660e+06   4.6081543e+01
   4.1608390e+06   5.3588867e+01
   4.1627590e+06   7.1960449e+01
   4.1628290e+06   4.2053223e+01
   4.1628510e+06   4.8583984e+01
   4.1628730e+06   4.5471191e+01
   4.1725740e+06   4.8217773e+01
   4.1726220e+06   1.0931396e+02
   4.1726430e+06   5.0720215e+01
   4.1726620e+06   5.2062988e+01
   4.1727100e+06   7.8247070e+01
   4.1728490e+06   5.7006836e+01
   4.1734640e+06   3.8391113e+01
   4.1744750e+06   5.7800293e+01
   4.1763570e+06   4.6325684e+01
   4.1862360e+06   4.2053223e+01
   4.1862780e+06   7.0251465e+01
   4.1862960e+06   7.0007324e+01
   4.1863140e+06   4.9499512e+01
   4.1863370e+06   3.9855957e+01
   4.1863580e+06   5.3894043e+01
   4.1863910e+06   3.9733887e+01
   4.1864220e+06   4.7485352e+01
   4.1877330e+06   3.8940430e+01
   4.1910900e+06   4.1748047e+01
   4.1911350e+06   7.7270508e+01
   4.1911460e+06   5.1879883e+01
   4.1911750e+06   5.9020996e+01
   4.1912390e+06   4.0100098e+01
   4.1913450e+06   4.3090820e+01
   4.2013040e+06   4.9926758e+01
   4.2013350e+06   4.5166016e+01
   4.2013560e+06   4.5043945e+01
   4.2013670e+06   4.9987793e+01
   4.2014030e+06   3.8146973e+01
   4.2014340e+06   8.1054688e+01
   4.2015370e+06   5.8349609e+01
   4.2021540e+06   3.8330078e+01
   4.2126470e+06   5.7250977e+01
   4.2126730e+06   8.7585449e+01
   4.2126960e+06   6.6406250e+01
   4.2127380e+06   4.7241211e+01
   4.2127500e+06   4.9133301e+01
   4.2127930e+06   3.8757324e+01
   4.2128290e+06   3.8208008e+01
   4.2129100e+06   4.3884277e+01
   4.2134140e+06   4.9743652e+01
   4.2237710e+06   4.4677734e+01
   4.2237870e+06   8.9965820e+01
   4.2237990e+06   5.2368164e+01
   4.2238720e+06   5.6396484e+01
   4.2238860e+06   6.4941406e+01
   4.2239640e+06   5.0476074e+01
   4.2248040e+06   5.5053711e+01
   4.2270510e+06   4.3273926e+01
   4.2271620e+06   6.8420410e+01
   4.2377370e+06   4.0344238e+01
   4.2377710e+06   4.0832520e+01
   4.2377870e+06   8.1115723e+01
   4.2378040e+06   6.5429688e+01
   4.2378610e+06   4.7180176e+01
   4.2378820e+06   5.4748535e+01
   4.2379010e+06   3.8513184e+01
   4.2379760e+06   4.3212891e+01
   4.2379910e+06   4.2297363e+01
   4.2381350e+06   3.9733887e+01
   4.2400450e+06   3.8513184e+01
   4.2400710e+06   4.3151855e+01
   4.2505270e+06   3.9672852e+01
   4.2505540e+06   5.9387207e+01
   4.2505880e+06   7.6904297e+01
   4.2506550e+06   6.8603516e+01
   4.2506650e+06   5.7312012e+01
   4.2506860e+06   5.9020996e+01
   4.2507590e+06   5.4260254e+01
   4.2515280e+06   4.0466309e+01
   4.2536800e+06   1.0711670e+02
   4.2537220e+06   5.3466797e+01
   4.2654390e+06   4.8217773e+01
   4.2654690e+06   4.2541504e+01
   4.2654840e+06   8.0688477e+01
   4.2655150e+06   3.9611816e+01
   4.2655570e+06   3.9978027e+01
   4.2655720e+06   7.9833984e+01
   4.2655900e+06   4.9743652e+01
   4.2656040e+06   4.0161133e+01
   4.2656900e+06   3.8635254e+01
   4.2701440e+06   5.1879883e+01
   4.2702220e+06   5.9448242e+01
   4.2702330e+06   7.5073242e+01
   4.2702520e+06   3.9306641e+01
   4.2703220e+06   4.1137695e+01
   4.2703530e+06   4.7607422e+01
   4.2703960e+06   3.9367676e+01
   4.2814690e+06   6.2744141e+01
   4.2814810e+06   5.1025391e+01
   4.2815170e+06   5.0842285e+01
   4.2815350e+06   7.0556641e+01
   4.2815500e+06   4.9377441e+01
   4.2815830e+06   4.7119141e+01
   4.2816020e+06   6.9702148e+01
   4.2816390e+06   3.9855957e+01
   4.2816540e+06   4.0710449e+01
   4.2820340e+06   3.9306641e+01
   4.2822180e+06   3.8757324e+01
   4.2932250e+06   3.8940430e+01
   4.2932550e+06   5.4748535e+01
   4.2932810e+06   7.8918457e+01
   4.2933070e+06   7.0861816e+01
   4.2933210e+06   4.9011230e+01
   4.2933390e+06   4.0649414e+01
   4.2933680e+06   7.3303223e+01
   4.2934040e+06   4.3884277e+01
   4.2934600e+06   6.1035156e+01
   4.3058870e+06   4.3457031e+01
   4.3059170e+06   5.8776855e+01
   4.3059390e+06   9.7717285e+01
   4.3059540e+06   4.1076660e+01
   4.3059700e+06   4.1809082e+01
   4.3059910e+06   4.1381836e+01
   4.3060050e+06   4.0405273e+01
   4.3060440e+06   4.3334961e+01
   4.3060800e+06   4.3029785e+01
   4.3061040e+06   4.7912598e+01
   4.3067220e+06   3.8513184e+01
   4.3067500e+06   5.5053711e+01
   4.3185090e+06   7.7697754e+01
   4.3185340e+06   9.1857910e+01
   4.3185580e+06   5.0109863e+01
   4.3185900e+06   5.4260254e+01
   4.3186060e+06   5.7922363e+01
   4.3186520e+06   3.8208008e+01
   4.3186950e+06   4.6508789e+01
   4.3187090e+06   4.0283203e+01
   4.3187520e+06   4.1076660e+01
   4.3311960e+06   5.5297852e+01
   4.3312180e+06   4.2602539e+01
   4.3312530e+06   8.1237793e+01
   4.3312730e+06   8.8500977e+01
   4.3313110e+06   4.6752930e+01
   4.3313380e+06   4.8461914e+01
   4.3313630e+06   5.6152344e+01
   4.3314050e+06   4.2053223e+01
   4.3314610e+06   4.2419434e+01
   4.3314880e+06   4.2785645e+01
   4.3436300e+06   4.3273926e+01
   4.3436490e+06   3.8635254e+01
   4.3437250e+06   5.8227539e+01
   4.3437510e+06   7.0556641e+01
   4.3437670e+06   9.2407227e+01
   4.3438290e+06   5.8715820e+01
   4.3438520e+06   4.8217773e+01
   4.3439160e+06   4.0710449e+01
   4.3576850e+06   5.3039551e+01
   4.3577000e+06   4.1625977e+01
   4.3577420e+06   4.6386719e+01
   4.3577610e+06   5.3527832e+01
   4.3577810e+06   8.3740234e+01
   4.3578030e+06   6.2194824e+01
   4.3579180e+06   6.3232422e+01
   4.3579630e+06   4.5715332e+01
   4.3579830e+06   5.2185059e+01
   4.3697790e+06   3.7536621e+01
   4.3698120e+06   5.2307129e+01
   4.3699010e+06   4.2846680e+01
   4.3699160e+06   8.5815430e+01
   4.3699480e+06   4.5410156e+01
   4.3699850e+06   4.5471191e+01
   4.3700560e+06   4.2480469e+01
   4.3700980e+06   3.7719727e+01
   4.3701300e+06   4.0710449e+01
   4.3825480e+06   4.3823242e+01
   4.3825660e+06   3.7719727e+01
   4.3826760e+06   6.2683105e+01
   4.3826910e+06   5.6884766e+01
   4.3827940e+06   5.5236816e+01
   4.3952120e+06   4.1076660e+01
   4.3952350e+06   6.5490723e+01
   4.3952450e+06   6.5551758e+01
   4.3953150e+06   3.9184570e+01
   4.4075100e+06   3.8452148e+01
   4.4076310e+06   4.1503906e+01
   4.4076940e+06   8.1115723e+01
   4.4082240e+06   5.0842285e+01
   4.4082510e+06   5.9753418e+01
   4.4201970e+06   4.5654297e+01
   4.4202290e+06   3.9550781e+01
   4.4204930e+06   5.5786133e+01
   4.4207250e+06   4.6447754e+01
   4.4333160e+06   3.9733887e+01
   4.4337780e+06   4.8706055e+01
   4.4460470e+06   4.4067383e+01
   4.4596790e+06   4.5593262e+01
   4.4597870e+06   5.1513672e+01
   4.4823970e+06   3.8696289e+01
   4.4861300e+06   4.3334961e+01
   4.5304300e+06   3.7841797e+01
   4.5386920e+06   3.7658691e+01
   4.5515100e+06   4.0588379e+01
   4.6027220e+06   3.7902832e+01
   4.6801720e+06   3.8085938e+01
   4.7629190e+06   4.3701172e+01
   4.7811840e+06   3.7719727e+01
   4.8965930e+06   3.9306641e+01
   4.9088160e+06   3.9062500e+01
   4.9761560e+06   3.8879395e+01
   4.9766840e+06   6.0974121e+01
   4.9769550e+06   4.7302246e+01
   4.9775400e+06   6.0729980e+01
   4.9776760e+06   4.0222168e+01
   4.9777340e+06   6.8603516e+01
   4.9778110e+06   3.9062500e+01
   5.0146370e+06   3.8513184e+01
   5.0869480e+06   3.7353516e+01
   5.1333260e+06   3.7536621e+01
   5.1465100e+06   5.7617187e+01
   5.1465230e+06   4.1870117e+01
   5.1465680e+06   6.1767578e+01
   5.1470230e+06   3.9123535e+01
   5.1600050e+06   3.8391113e+01
   5.1625130e+06   3.7963867e+01
   5.2393080e+06   3.8391113e+01
   5.2516880e+06   3.8513184e+01
   5.2954130e+06   3.7353516e+01
   5.2955700e+06   7.8430176e+01
   5.2961820e+06   3.7353516e+01
   5.3224150e+06   4.0527344e+01
   5.3481760e+06   3.7902832e+01
   5.3649610e+06   4.4128418e+01
   5.4854420e+06   6.9580078e+01
   5.4883630e+06   4.1076660e+01
   5.5054960e+06   6.5063477e+01
   5.5303380e+06   3.7353516e+01
   5.5305260e+06   6.2011719e+01
   5.5365990e+06   3.7475586e+01
   5.5429920e+06   4.0222168e+01
   5.5432750e+06   3.7719727e+01
   5.5435110e+06   5.3588867e+01
   5.5706180e+06   3.7597656e+01
   5.5820950e+06   3.7963867e+01
   5.5831110e+06   7.3730469e+01
   5.5831380e+06   5.4260254e+01
   5.6109350e+06   4.1809082e+01
   5.6508070e+06   3.7475586e+01
   5.7035900e+06   4.5227051e+01
   5.7218130e+06   3.7353516e+01
   5.7478010e+06   3.9672852e+01
   5.7766790e+06   4.2114258e+01
   5.7832650e+06   6.6101074e+01
   5.7863160e+06   4.8156738e+01
   5.8116920e+06   6.0180664e+01
   5.8230810e+06   4.0344238e+01
   5.8392250e+06   3.8330078e+01
   5.8404730e+06   7.0739746e+01
   5.8404970e+06   4.1503906e+01
   5.8405410e+06   4.2541504e+01
   5.8407900e+06   4.9072266e+01
   5.9071340e+06   3.7963867e+01
   5.9174550e+06   4.0649414e+01
   5.9367210e+06   7.7453613e+01
   5.9386360e+06   5.2368164e+01
   5.9387990e+06   5.7495117e+01
   5.9615430e+06   3.9611816e+01
   5.9779050e+06   6.4331055e+01
   6.0475320e+06   3.8146973e+01
   6.0563850e+06   3.7414551e+01
   6.0786630e+06   6.7871094e+01
   6.0809360e+06   4.3762207e+01
   6.0833480e+06   5.2795410e+01
   6.0837900e+06   4.2663574e+01
   6.0842030e+06   4.9133301e+01
   6.0844020e+06   4.5776367e+01
   6.1295880e+06   3.7475586e+01
   6.1690690e+06   3.7536621e+01
   6.2243160e+06   5.4931641e+01
   6.2287190e+06   6.6955566e+01
   6.2860890e+06   5.8776855e+01
   6.2896070e+06   4.2358398e+01
   6.3129230e+06   3.7963867e+01
   6.3306610e+06   3.7963867e+01
   6.3587380e+06   4.4189453e+01
   6.3647300e+06   3.7719727e+01
   6.3743850e+06   7.3974609e+01
   6.3746850e+06   3.8696289e+01
   6.4530920e+06   6.1950684e+01
   6.4801930e+06   3.7414551e+01
   6.5315070e+06   5.2124023e+01
   6.5325560e+06   6.2011719e+01
   6.5326030e+06   5.9387207e+01
   6.5328420e+06   6.0241699e+01
   6.5329200e+06   4.7546387e+01
   6.5331390e+06   3.9123535e+01
   6.5483780e+06   5.9875488e+01
   6.5520950e+06   4.2175293e+01
   6.6117120e+06   4.1259766e+01
   6.6907130e+06   3.9733887e+01
   6.7098560e+06   3.8940430e+01
   6.7129490e+06   7.2143555e+01
   6.7217240e+06   3.7719727e+01
   6.7253290e+06   6.6406250e+01
   6.7713430e+06   7.8857422e+01
   6.8194170e+06   4.5471191e+01
   6.8579540e+06   7.0617676e+01
   6.8674530e+06   3.7536621e+01
   6.8739390e+06   3.8513184e+01
   6.8935690e+06   4.0161133e+01
   6.9037560e+06   3.9550781e+01
   6.9258290e+06   3.7780762e+01
   6.9296140e+06   3.7536621e+01
   6.9429240e+06   1.4288330e+02
   6.9429510e+06   8.4655762e+01
   6.9429900e+06   6.0180664e+01
   6.9430410e+06   5.7189941e+01
   6.9430990e+06   4.7058105e+01
   6.9431560e+06   4.2114258e+01
   6.9432760e+06   4.7363281e+01
   6.9434680e+06   4.2358398e+01
   6.9625050e+06   5.9204102e+01
   6.9680700e+06   6.0119629e+01
   6.9688460e+06   3.7475586e+01
   6.9806870e+06   6.7260742e+01
   7.0088700e+06   6.3598633e+01
   7.0154120e+06   6.3720703e+01
   7.0391840e+06   3.9367676e+01
   7.0468140e+06   3.8574219e+01
   7.0608740e+06   3.9306641e+01
   7.0683900e+06   6.3171387e+01
   7.0689170e+06   5.1513672e+01
   7.0690140e+06   5.9448242e+01
   7.1132580e+06   4.4616699e+01
   7.1281480e+06   5.9204102e+01
   7.1401660e+06   4.1259766e+01
   7.1450280e+06   4.2297363e+01
   7.1451530e+06   6.7016602e+01
   7.1511530e+06   3.8330078e+01
   7.1537870e+06   3.7475586e+01
   7.1538850e+06   7.2509766e+01
   7.1539050e+06   4.1809082e+01
   7.2088520e+06   3.7963867e+01
   7.2229620e+06   6.2438965e+01
   7.2313970e+06   3.8208008e+01
   7.2390660e+06   3.7597656e+01
   7.2413320e+06   3.9733887e+01
   7.2413500e+06   6.2194824e+01
   7.2677420e+06   5.1086426e+01
   7.2994580e+06   6.6223145e+01
   7.3318430e+06   3.8391113e+01
   7.3319960e+06   5.1574707e+01
   7.3426620e+06   3.7963867e+01
   7.3563300e+06   4.6569824e+01
   7.3619270e+06   4.1503906e+01
   7.3724480e+06   5.9875488e+01
   7.3800450e+06   6.5002441e+01
   7.3845520e+06   3.7353516e+01
   7.4100980e+06   3.7353516e+01
   7.4171370e+06   6.1950684e+01
   7.4172500e+06   4.8767090e+01
   7.4172860e+06   5.1574707e+01
   7.4257240e+06   3.9916992e+01
   7.4263000e+06   6.3903809e+01
   7.4492990e+06   3.8757324e+01
   7.4672360e+06   4.6081543e+01
   7.5352440e+06   3.7597656e+01
   7.5354230e+06   8.3190918e+01
   7.5524720e+06   4.4494629e+01
   7.5550490e+06   6.4086914e+01
   7.5555170e+06   3.7780762e+01
   7.5674900e+06   7.8002930e+01
   7.5914170e+06   3.9733887e+01
   7.5916110e+06   5.5603027e+01
   7.5917550e+06   3.9245605e+01
   7.5922530e+06   4.9011230e+01
   7.5922830e+06   6.0852051e+01
   7.6103060e+06   3.8879395e+01
   7.6318650e+06   6.7749023e+01
   7.6421720e+06   4.1992188e+01
   7.6421960e+06   6.0302734e+01
   7.6427290e+06   5.8837891e+01
   7.6427800e+06   4.8278809e+01
   7.6429900e+06   7.6904297e+01
   7.6744050e+06   6.1340332e+01
   7.6744480e+06   4.2541504e+01
   7.6747340e+06   3.7353516e+01
   7.6748860e+06   4.7912598e+01
   7.6755200e+06   3.9550781e+01
   7.7139400e+06   3.8452148e+01
   7.7367480e+06   4.2785645e+01
   7.7437530e+06   6.7871094e+01
   7.7645580e+06   6.0180664e+01
   7.7991710e+06   3.8085938e+01
   7.8192540e+06   3.7841797e+01
   7.8439280e+06   6.5856934e+01
   7.8723330e+06   4.9926758e+01
   7.8878210e+06   3.7963867e+01
   7.9115970e+06   4.2236328e+01
   7.9277240e+06   4.1381836e+01
   7.9374000e+06   6.4819336e+01
   7.9534260e+06   6.1462402e+01
   7.9688660e+06   7.0251465e+01
   7.9864820e+06   5.8898926e+01
   7.9956780e+06   5.7067871e+01
   8.0247980e+06   4.3762207e+01
   8.0331840e+06   3.8452148e+01
   8.0408610e+06   4.2602539e+01
   8.0554220e+06   6.3293457e+01
   8.0668600e+06   4.0039063e+01
   8.1029340e+06   5.7922363e+01
   8.1094530e+06   4.3701172e+01
   8.1101510e+06   7.4035645e+01
   8.1293010e+06   6.3659668e+01
   8.1298750e+06   4.5227051e+01
   8.1376850e+06   3.9123535e+01
   8.1547490e+06   5.6518555e+01
   8.1604480e+06   6.1340332e+01
   8.1605140e+06   4.3212891e+01
   8.1605280e+06   4.3701172e+01
   8.1605920e+06   3.9794922e+01
   8.1606880e+06   5.4931641e+01
   8.1607170e+06   4.5593262e+01
   8.1777500e+06   5.8471680e+01
   8.2104760e+06   4.5166016e+01
   8.2223320e+06   4.1076660e+01
   8.2260090e+06   4.6875000e+01
   8.2260330e+06   5.5175781e+01
   8.2525480e+06   3.7475586e+01
   8.2584120e+06   4.2968750e+01
   8.2755920e+06   6.0974121e+01
   8.3078960e+06   4.2846680e+01
   8.3080010e+06   7.2204590e+01
   8.3080200e+06   3.7536621e+01
   8.3089870e+06   6.8786621e+01
   8.3092550e+06   5.2612305e+01
   8.3267990e+06   5.8532715e+01
   8.3367010e+06   6.8664551e+01
   8.3555490e+06   6.8176270e+01
   8.3631520e+06   3.9855957e+01
   8.3726540e+06   5.4870605e+01
   8.3981580e+06   5.6457520e+01
   8.4058780e+06   6.3293457e+01
   8.4066040e+06   7.3303223e+01
   8.4215330e+06   6.0241699e+01
   8.4238310e+06   4.0039063e+01
   8.4298210e+06   7.0129395e+01
   8.4306450e+06   4.4128418e+01
   8.4710210e+06   5.8715820e+01
   8.4714260e+06   5.3527832e+01
   8.4715950e+06   5.2734375e+01
   8.4969140e+06   4.0222168e+01
   8.5061370e+06   3.8146973e+01
   8.5157840e+06   3.8085938e+01
   8.5408760e+06   5.7128906e+01
   8.5518360e+06   6.0546875e+01
   8.5573260e+06   6.2622070e+01
   8.5661270e+06   5.9753418e+01
   8.5667090e+06   3.7841797e+01
   8.5742930e+06   3.8635254e+01
   8.5744320e+06   6.2438965e+01
   8.5761760e+06   6.6528320e+01
   8.5794540e+06   5.7617188e+01
   8.5844130e+06   6.2805176e+01
   8.5937740e+06   3.9428711e+01
   8.6017410e+06   6.3537598e+01
   8.6122950e+06   5.7434082e+01
   8.6124210e+06   4.3640137e+01
   8.6198630e+06   5.4565430e+01
   8.6208830e+06   4.5837402e+01
   8.6278990e+06   6.2255859e+01
   8.6449940e+06   5.0842285e+01
   8.6450360e+06   4.0466309e+01
   8.6530930e+06   6.1096191e+01
   8.6537950e+06   5.6640625e+01
   8.6622990e+06   4.0832520e+01
   8.6691940e+06   6.2866211e+01
   8.6692750e+06   3.7841797e+01
   8.6855520e+06   4.2236328e+01
   8.7050590e+06   6.2927246e+01
   8.7057770e+06   4.2602539e+01
   8.7129220e+06   3.8391113e+01
   8.7129630e+06   5.5358887e+01
   8.7133840e+06   5.7495117e+01
   8.7218070e+06   6.7871094e+01
   8.7296640e+06   6.3537598e+01
   8.7467430e+06   4.0832520e+01
   8.7467740e+06   6.4575195e+01
   8.7558380e+06   4.4189453e+01
   8.7571380e+06   5.6091309e+01
   8.7769670e+06   5.7373047e+01
   8.7826030e+06   4.0222168e+01
   8.7827710e+06   6.6955566e+01
   8.7828430e+06   3.7902832e+01
   8.7894960e+06   5.7678223e+01
   8.7978420e+06   3.8452148e+01
   8.8334170e+06   3.7658691e+01
   8.8341080e+06   5.2124023e+01
   8.8429470e+06   3.8696289e+01
   8.8478630e+06   7.1899414e+01
   8.8808450e+06   4.2236328e+01
   8.8819210e+06   3.7963867e+01
   8.8825640e+06   4.2663574e+01
   8.8889930e+06   4.4677734e+01
   8.8890160e+06   3.7719727e+01
   8.8986830e+06   5.9692383e+01
   8.9159780e+06   4.4433594e+01
   8.9160640e+06   6.1828613e+01
   8.9249710e+06   5.0231934e+01
   8.9258140e+06   4.4006348e+01
   8.9356310e+06   6.4819336e+01
   8.9434790e+06   6.5429688e+01
   8.9436560e+06   3.8574219e+01
   8.9502860e+06   3.9184570e+01
   8.9524020e+06   4.0039063e+01
   8.9525010e+06   6.4392090e+01
   8.9529350e+06   5.1513672e+01
   8.9622600e+06   6.2255859e+01
   8.9623240e+06   4.0222168e+01
   8.9623560e+06   3.9001465e+01
   8.9758220e+06   6.3049316e+01
   8.9975990e+06   3.8635254e+01
   9.0045660e+06   4.1198730e+01
   9.0154430e+06   6.7260742e+01
   9.0155730e+06   5.1879883e+01
   9.0251950e+06   6.1279297e+01
   9.0252250e+06   4.1381836e+01
   9.0254160e+06   6.4636230e+01
   9.0262940e+06   4.7424316e+01
   9.0364800e+06   6.0729980e+01
   9.0384540e+06   6.5002441e+01
   9.0522250e+06   6.1767578e+01
   9.0627200e+06   5.9875488e+01
   9.0628250e+06   4.0649414e+01
   9.0653990e+06   6.6284180e+01
   9.0654850e+06   4.6691895e+01
   9.0657580e+06   4.1442871e+01
   9.0751760e+06   5.6213379e+01
   9.0846040e+06   6.3415527e+01
   9.0947230e+06   6.1523438e+01
   9.1053590e+06   3.8757324e+01
   9.1065860e+06   4.0222168e+01
   9.1154260e+06   4.1931152e+01
   9.1254280e+06   6.1828613e+01
   9.1267300e+06   3.7780762e+01
   9.1282980e+06   3.8146973e+01
   9.1357740e+06   4.5410156e+01
   9.1358400e+06   4.8400879e+01
   9.1455840e+06   6.5002441e+01
   9.1494380e+06   5.3833008e+01
   9.1571770e+06   6.4331055e+01
   9.1635250e+06   5.4992676e+01
   9.1689910e+06   6.4208984e+01
   9.1690930e+06   5.7373047e+01
   9.1695750e+06   3.8879395e+01
   9.1772590e+06   3.7475586e+01
   9.1860480e+06   4.7363281e+01
   9.1863560e+06   3.8513184e+01
   9.1881830e+06   4.0588379e+01
   9.1977330e+06   8.2580566e+01
   9.2095560e+06   4.2236328e+01
   9.2096250e+06   6.4025879e+01
   9.2154670e+06   5.6030273e+01
   9.2246770e+06   6.6345215e+01
   9.2351540e+06   3.8635254e+01
   9.2353510e+06   4.6691895e+01
   9.2467440e+06   5.9875488e+01
   9.2587470e+06   4.1198730e+01
   9.2762760e+06   3.9855957e+01
   9.2762880e+06   4.1381836e+01
   9.2769910e+06   4.3334961e+01
   9.2771370e+06   6.0729980e+01
   9.2861870e+06   5.7250977e+01
   9.2862670e+06   4.0161133e+01
   9.2964440e+06   3.9733887e+01
   9.3048960e+06   6.1828613e+01
   9.3049530e+06   4.2907715e+01
   9.3131920e+06   5.7983398e+01
   9.3195040e+06   6.1157227e+01
   9.3319040e+06   4.2053223e+01
   9.3493820e+06   6.3720703e+01
   9.3495870e+06   4.9743652e+01
   9.3563420e+06   3.9611816e+01
   9.3579160e+06   4.1015625e+01
   9.3584940e+06   3.8269043e+01
   9.3596400e+06   4.3029785e+01
   9.3859540e+06   5.7189941e+01
   9.3861960e+06   4.6325684e+01
   9.3944150e+06   3.8696289e+01
   9.3948560e+06   4.1015625e+01
   9.3949430e+06   6.7077637e+01
   9.3952170e+06   6.0852051e+01
   9.4156060e+06   4.4494629e+01
   9.4193640e+06   4.9621582e+01
   9.4193790e+06   6.5185547e+01
   9.4200940e+06   4.0039063e+01
   9.4375320e+06   6.1462402e+01
   9.4463460e+06   5.4809570e+01
   9.4463950e+06   4.3762207e+01
   9.4464370e+06   6.0974121e+01
   9.4468060e+06   5.6518555e+01
   9.4587570e+06   3.8879395e+01
   9.4659270e+06   4.1076660e+01
   9.4785480e+06   4.8156738e+01
   9.4870550e+06   5.5236816e+01
   9.4945640e+06   3.9733887e+01
   9.4952530e+06   4.9682617e+01
   9.5016390e+06   3.8208008e+01
   9.5029210e+06   5.9326172e+01
   9.5120130e+06   3.9611816e+01
   9.5121270e+06   4.2297363e+01
   9.5149990e+06   4.9011230e+01
   9.5250760e+06   6.6650391e+01
   9.5256050e+06   4.0954590e+01
   9.5261510e+06   6.2500000e+01
   9.5262500e+06   6.1035156e+01
   9.5344100e+06   5.9570313e+01
   9.5438140e+06   6.6345215e+01
   9.5438840e+06   4.8522949e+01
   9.5585980e+06   3.8635254e+01
   9.5614460e+06   4.8095703e+01
   9.5627980e+06   5.3039551e+01
   9.5628710e+06   6.0119629e+01
   9.5706300e+06   3.8940430e+01
   9.5791240e+06   7.2448730e+01
   9.5960770e+06   5.2368164e+01
   9.5961940e+06   3.8085938e+01
   9.6043610e+06   7.1411133e+01
   9.6044590e+06   4.2053223e+01
   9.6140430e+06   3.7963867e+01
   9.6143870e+06   5.6274414e+01
   9.6223010e+06   5.4809570e+01
   9.6393370e+06   6.9946289e+01
   9.6394020e+06   4.7119141e+01
   9.6396640e+06   6.0302734e+01
   9.6496800e+06   3.9550781e+01
   9.6563000e+06   6.3537598e+01
   9.6650830e+06   5.9448242e+01
   9.6651180e+06   3.8085938e+01
   9.6651350e+06   4.1137695e+01
   9.6738130e+06   5.9631348e+01
   9.6823230e+06   6.4392090e+01
   9.6835430e+06   3.9062500e+01
   9.6836540e+06   5.8044434e+01
   9.6838620e+06   4.3090820e+01
   9.6915490e+06   3.9550781e+01
   9.7156080e+06   7.4401855e+01
   9.7156350e+06   3.9978027e+01
   9.7234500e+06   5.1513672e+01
   9.7235710e+06   5.2490234e+01
   9.7236610e+06   4.1442871e+01
   9.7241960e+06   4.0405273e+01
   9.7312050e+06   5.9143066e+01
   9.7501310e+06   3.9428711e+01
   9.7501660e+06   6.1462402e+01
   9.7512540e+06   3.8513184e+01
   9.7513470e+06   5.3466797e+01
   9.7518150e+06   5.0903320e+01
   9.7608690e+06   3.7963867e+01
   9.7611420e+06   6.7443848e+01
   9.7621900e+06   4.9804688e+01
   9.7708500e+06   3.7414551e+01
   9.7708850e+06   8.7097168e+01
   9.7709320e+06   4.7302246e+01
   9.7814080e+06   6.2805176e+01
   9.7817580e+06   3.9978027e+01
   9.8077970e+06   4.3945313e+01
   9.8085660e+06   5.1818848e+01
   9.8168740e+06   7.4401855e+01
   9.8186820e+06   5.8349609e+01
   9.8266290e+06   6.3537598e+01
   9.8266740e+06   4.6875000e+01
   9.8357170e+06   7.2204590e+01
   9.8450680e+06   5.2795410e+01
   9.8469230e+06   4.2724609e+01
   9.8514030e+06   4.8706055e+01
   9.8566560e+06   3.9428711e+01
   9.8573730e+06   4.0649414e+01
   9.8574480e+06   6.5856934e+01
   9.8579360e+06   4.3090820e+01
   9.8686740e+06   3.8024902e+01
   9.8784690e+06   4.6447754e+01
   9.8943710e+06   6.8969727e+01
   9.8950270e+06   3.7536621e+01
   9.9026730e+06   3.8574219e+01
   9.9027090e+06   6.8725586e+01
   9.9028440e+06   3.9489746e+01
   9.9029730e+06   5.3100586e+01
   9.9030610e+06   4.0710449e+01
   9.9031960e+06   4.9316406e+01
   9.9125010e+06   3.7536621e+01
   9.9133400e+06   5.3833008e+01
   9.9138320e+06   3.7475586e+01
   9.9231220e+06   6.1706543e+01
   9.9315430e+06   4.1809082e+01
   9.9317090e+06   4.4799805e+01
   9.9317490e+06   6.8237305e+01
   9.9429660e+06   6.8298340e+01
   9.9560380e+06   5.0720215e+01
   9.9676110e+06   4.2602539e+01
   9.9678270e+06   7.0617676e+01
   9.9683760e+06   5.7128906e+01
   9.9684180e+06   4.2907715e+01
   9.9790320e+06   7.2875977e+01
   9.9791130e+06   3.7841797e+01
   9.9791960e+06   4.7973633e+01
   9.9877490e+06   4.1198730e+01
   9.9879180e+06   6.7932129e+01
   9.9978350e+06   5.9692383e+01
   9.9983910e+06   6.2011719e+01
   1.0006502e+07   3.9855957e+01
   1.0006540e+07   4.6325684e+01
   1.0006641e+07   5.9082031e+01
   1.0006657e+07   4.0527344e+01
   1.0006693e+07   4.2358398e+01
   1.0017046e+07   5.8349609e+01
   1.0027678e+07   5.7128906e+01
   1.0027709e+07   5.6396484e+01
   1.0043681e+07   5.8776855e+01
   1.0044759e+07   3.9672852e+01
   1.0044823e+07   5.2001953e+01
   1.0044981e+07   3.8940430e+01
   1.0045236e+07   5.5725098e+01
   1.0055338e+07   6.7504883e+01
   1.0056016e+07   4.0039063e+01
   1.0062513e+07   3.7719727e+01
   1.0070655e+07   7.0556641e+01
   1.0079264e+07   6.4208984e+01
   1.0079391e+07   4.3151855e+01
   1.0080652e+07   6.2255859e+01
   1.0080759e+07   5.2795410e+01
   1.0092266e+07   3.8879395e+01
   1.0092468e+07   3.8208008e+01
   1.0092591e+07   4.2419434e+01
   1.0100857e+07   6.4392090e+01
   1.0109254e+07   6.0302734e+01
   1.0117768e+07   4.9682617e+01
   1.0118921e+07   5.7312012e+01
   1.0126354e+07   6.7626953e+01
   1.0127065e+07   4.5959473e+01
   1.0127378e+07   6.6833496e+01
   1.0135768e+07   3.9062500e+01
   1.0136847e+07   5.8715820e+01
   1.0143834e+07   4.3090820e+01
   1.0144778e+07   4.8156738e+01
   1.0144789e+07   7.0739746e+01
   1.0154781e+07   5.1330566e+01
   1.0154821e+07   3.7658691e+01
   1.0160818e+07   3.9733887e+01
   1.0163276e+07   7.5805664e+01
   1.0163296e+07   4.3212891e+01
   1.0164455e+07   4.0283203e+01
   1.0164566e+07   5.5358887e+01
   1.0172178e+07   3.7475586e+01
   1.0179479e+07   6.4392090e+01
   1.0179576e+07   6.0058594e+01
   1.0179600e+07   5.0537109e+01
   1.0179626e+07   3.7963867e+01
   1.0179832e+07   3.8818359e+01
   1.0180628e+07   3.7841797e+01
   1.0190559e+07   4.4677734e+01
   1.0201399e+07   6.3232422e+01
   1.0208628e+07   3.8330078e+01
   1.0210461e+07   4.3395996e+01
   1.0210614e+07   3.7658691e+01
   1.0210927e+07   5.3649902e+01
   1.0210988e+07   4.5349121e+01
   1.0211784e+07   3.7841797e+01
   1.0219170e+07   6.0180664e+01
   1.0220511e+07   5.8105469e+01
   1.0229015e+07   5.0476074e+01
   1.0229909e+07   4.4494629e+01
   1.0238589e+07   4.1442871e+01
   1.0238658e+07   6.0302734e+01
   1.0246992e+07   3.9367676e+01
   1.0247112e+07   5.9204102e+01
   1.0256143e+07   5.9326172e+01
   1.0256761e+07   4.1320801e+01
   1.0258016e+07   4.9987793e+01
   1.0258036e+07   3.8391113e+01
   1.0265428e+07   5.2856445e+01
   1.0265466e+07   4.5837402e+01
   1.0266242e+07   5.6457520e+01
   1.0273944e+07   3.9611816e+01
   1.0274168e+07   5.9814453e+01
   1.0282031e+07   3.8696289e+01
   1.0282875e+07   6.7810059e+01
   1.0284057e+07   4.1564941e+01
   1.0293588e+07   6.4819336e+01
   1.0294131e+07   4.1198730e+01
   1.0294146e+07   5.5664063e+01
   1.0294229e+07   4.0527344e+01
   1.0302547e+07   5.6884766e+01
   1.0302648e+07   3.7780762e+01
   1.0302853e+07   5.8410645e+01
   1.0303911e+07   4.9804688e+01
   1.0311133e+07   4.8339844e+01
   1.0311198e+07   4.6386719e+01
   1.0319555e+07   4.0832520e+01
   1.0319649e+07   5.4565430e+01
   1.0319708e+07   3.8391113e+01
   1.0328364e+07   3.7536621e+01
   1.0328413e+07   4.0771484e+01
   1.0328475e+07   6.5063477e+01
   1.0328530e+07   5.5541992e+01
   1.0337873e+07   3.8635254e+01
   1.0337886e+07   3.7658691e+01
   1.0338324e+07   3.8574219e+01
   1.0347803e+07   6.6589355e+01
   1.0357327e+07   6.2683105e+01
   1.0357556e+07   4.9316406e+01
   1.0366998e+07   3.8635254e+01
   1.0367014e+07   6.6711426e+01
   1.0367058e+07   5.6823730e+01
   1.0367091e+07   3.8146973e+01
   1.0378815e+07   6.9335938e+01
   1.0379187e+07   5.9326172e+01
   1.0388052e+07   5.0842285e+01
   1.0388241e+07   4.3640137e+01
   1.0388348e+07   3.9184570e+01
   1.0389291e+07   3.8940430e+01
   1.0389435e+07   5.4931641e+01
   1.0390170e+07   3.8391113e+01
   1.0395874e+07   3.8513184e+01
   1.0395947e+07   6.5307617e+01
   1.0395991e+07   5.3710938e+01
   1.0396789e+07   4.7546387e+01
   1.0396990e+07   5.6518555e+01
   1.0405103e+07   4.5532227e+01
   1.0405339e+07   3.8757324e+01
   1.0405571e+07   6.1157227e+01
   1.0406287e+07   4.0222168e+01
   1.0407239e+07   4.9316406e+01
   1.0416889e+07   3.7353516e+01
   1.0417578e+07   6.3293457e+01
   1.0417626e+07   4.2541504e+01
   1.0417636e+07   4.1564941e+01
   1.0417762e+07   6.3903809e+01
   1.0417922e+07   5.6701660e+01
   1.0418236e+07   3.8208008e+01
   1.0426620e+07   3.8024902e+01
   1.0438067e+07   6.3781738e+01
   1.0438206e+07   4.4921875e+01
   1.0447938e+07   5.9020996e+01
   1.0448867e+07   4.1564941e+01
   1.0456806e+07   6.3354492e+01
   1.0457154e+07   6.3232422e+01
   1.0468576e+07   5.9204102e+01
   1.0468742e+07   6.1523438e+01
   1.0477599e+07   1.1157227e+02
   1.0478076e+07   5.7739258e+01
   1.0486362e+07   6.2561035e+01
   1.0487400e+07   4.9316406e+01
   1.0487847e+07   4.1931152e+01
   1.0488362e+07   4.6997070e+01
   1.0497714e+07   5.5480957e+01
   1.0497760e+07   4.3823242e+01
   1.0497802e+07   3.8757324e+01
   1.0497895e+07   3.8879395e+01
   1.0497916e+07   4.6813965e+01
   1.0497939e+07   4.4006348e+01
   1.0497985e+07   6.3354492e+01
   1.0506260e+07   4.2236328e+01
   1.0506518e+07   5.5358887e+01
   1.0506982e+07   5.3100586e+01
   1.0507119e+07   5.3833008e+01
   1.0515786e+07   4.2724609e+01
   1.0515800e+07   4.6508789e+01
   1.0515834e+07   7.9467773e+01
   1.0515895e+07   5.1452637e+01
   1.0516339e+07   4.8400879e+01
   1.0516356e+07   3.8879395e+01
   1.0525328e+07   5.2978516e+01
   1.0533275e+07   6.5734863e+01
   1.0533310e+07   5.7739258e+01
   1.0533331e+07   3.7780762e+01
   1.0533348e+07   6.1828613e+01
   1.0533505e+07   6.2622070e+01
   1.0533574e+07   4.1198730e+01
   1.0533674e+07   4.3273926e+01
   1.0534111e+07   3.8940430e+01
   1.0543284e+07   3.7597656e+01
   1.0543337e+07   6.9152832e+01
   1.0543353e+07   4.6630859e+01
   1.0551988e+07   4.2541504e+01
   1.0552010e+07   7.3913574e+01
   1.0553331e+07   5.3527832e+01
   1.0561160e+07   5.1513672e+01
   1.0561171e+07   4.0100098e+01
   1.0561252e+07   4.2480469e+01
   1.0569267e+07   6.2927246e+01
   1.0570381e+07   4.1198730e+01
   1.0578363e+07   5.7556152e+01
   1.0578385e+07   3.8208008e+01
   1.0578447e+07   4.4921875e+01
   1.0578473e+07   3.8757324e+01
   1.0588504e+07   3.8208008e+01
   1.0590069e+07   3.9550781e+01
   1.0590405e+07   3.7658691e+01
   1.0590439e+07   3.7658691e+01
   1.0590455e+07   5.5969238e+01
   1.0590715e+07   5.3588867e+01
   1.0600101e+07   7.2448730e+01
   1.0609542e+07   4.8889160e+01
   1.0609576e+07   6.4392090e+01
   1.0609991e+07   3.8513184e+01
   1.0620614e+07   7.5744629e+01
   1.0620657e+07   3.9123535e+01
   1.0620675e+07   4.7851563e+01
   1.0620724e+07   5.4260254e+01
   1.0620786e+07   6.5185547e+01
   1.0621860e+07   4.4677734e+01
   1.0622007e+07   5.9448242e+01
   1.0632266e+07   5.4931641e+01
   1.0641236e+07   4.1198730e+01
   1.0641275e+07   5.7617188e+01
   1.0641493e+07   3.7963867e+01
   1.0641745e+07   5.2612305e+01
   1.0642946e+07   4.8828125e+01
   1.0650469e+07   3.8085938e+01
   1.0651129e+07   6.1767578e+01
   1.0651208e+07   4.2419434e+01
   1.0651220e+07   7.3486328e+01
   1.0659357e+07   5.2673340e+01
   1.0660328e+07   4.0710449e+01
   1.0660441e+07   5.8471680e+01
   1.0669362e+07   4.0527344e+01
   1.0669377e+07   5.8166504e+01
   1.0669446e+07   5.5786133e+01
   1.0680041e+07   9.8083496e+01
   1.0688521e+07   6.0974121e+01
   1.0688683e+07   7.0678711e+01
   1.0688760e+07   7.2326660e+01
   1.0698432e+07   6.6711426e+01
   1.0708441e+07   5.7861328e+01
   1.0708492e+07   5.1086426e+01
   1.0708528e+07   4.1931152e+01
   1.0708647e+07   5.9204102e+01
   1.0719008e+07   5.7312012e+01
   1.0719113e+07   5.5786133e+01
   1.0719129e+07   3.9306641e+01
   1.0719203e+07   3.9001465e+01
   1.0727444e+07   3.8269043e+01
   1.0727493e+07   6.2072754e+01
   1.0727589e+07   4.4372559e+01
   1.0727755e+07   6.4758301e+01
   1.0728003e+07   5.4809570e+01
   1.0738412e+07   7.0007324e+01
   1.0747246e+07   3.8574219e+01
   1.0747277e+07   5.1452637e+01
   1.0747333e+07   4.6691895e+01
   1.0748069e+07   4.1442871e+01
   1.0757291e+07   5.1086426e+01
   1.0757308e+07   6.3720703e+01
   1.0757330e+07   5.2795410e+01
   1.0757366e+07   3.8024902e+01
   1.0757376e+07   4.8706055e+01
   1.0757438e+07   5.2551270e+01
   1.0757529e+07   6.3720703e+01
   1.0767080e+07   6.7687988e+01
   1.0767099e+07   7.1289063e+01
   1.0767121e+07   4.1076660e+01
   1.0767270e+07   5.6396484e+01
   1.0776821e+07   7.2204590e+01
   1.0786135e+07   4.4494629e+01
   1.0786167e+07   3.9794922e+01
   1.0786221e+07   6.8908691e+01
   1.0794032e+07   3.7658691e+01
   1.0794917e+07   3.9855957e+01
   1.0795076e+07   3.8696289e+01
   1.0795111e+07   4.0039063e+01
   1.0795194e+07   5.4626465e+01
   1.0795716e+07   3.7475586e+01
   1.0795971e+07   4.0466309e+01
   1.0805439e+07   5.7128906e+01
   1.0805522e+07   3.8085938e+01
   1.0814222e+07   4.1137695e+01
   1.0814245e+07   5.1086426e+01
   1.0814270e+07   4.0527344e+01
   1.0814396e+07   3.9001465e+01
   1.0814670e+07   5.0781250e+01
   1.0824416e+07   5.4870605e+01
   1.0824474e+07   3.8208008e+01
   1.0832468e+07   7.9101562e+01
   1.0832529e+07   3.9123535e+01
   1.0841946e+07   6.6040039e+01
   1.0859385e+07   8.5754395e+01
   1.0859456e+07   4.0954590e+01
   1.0859488e+07   5.2062988e+01
   1.0859554e+07   8.5388184e+01
   1.0859592e+07   4.6386719e+01
   1.0869585e+07   3.7536621e+01
   1.0869598e+07   8.3251953e+01
   1.0870189e+07   4.6325684e+01
   1.0879720e+07   5.8227539e+01
   1.0889963e+07   3.9916992e+01
   1.0890103e+07   5.6152344e+01
   1.0897906e+07   3.7353516e+01
   1.0899087e+07   6.4270020e+01
   1.0899565e+07   5.1269531e+01
   1.0899589e+07   6.1035156e+01
   1.0899636e+07   5.2612305e+01
   1.0899665e+07   4.6691895e+01
   1.0909706e+07   4.3701172e+01
   1.0910031e+07   4.0100098e+01
   1.0910164e+07   7.8308105e+01
   1.0910187e+07   6.1279297e+01
   1.0919415e+07   4.3640137e+01
   1.0919540e+07   4.8522949e+01
   1.0919857e+07   4.9316406e+01
   1.0920161e+07   4.5349121e+01
   1.0929296e+07   6.1035156e+01
   1.0929730e+07   3.8452148e+01
   1.0929870e+07   6.2561035e+01
   1.0929884e+07   4.2602539e+01
   1.0938856e+07   3.9062500e+01
   1.0938949e+07   5.7678223e+01
   1.0947614e+07   6.3720703e+01
   1.0957693e+07   6.7138672e+01
   1.0957828e+07   3.8330078e+01
   1.0957906e+07   3.8818359e+01
   1.0966264e+07   6.6284180e+01
   1.0966421e+07   3.8024902e+01
   1.0976330e+07   6.4697266e+01
   1.0985114e+07   3.8818359e+01
   1.0985257e+07   4.0588379e+01
   1.0985392e+07   3.7536621e+01
   1.0995224e+07   5.2062988e+01
   1.0995352e+07   3.7475586e+01
   1.0995494e+07   4.2846680e+01
   1.0995665e+07   6.0668945e+01
   1.0996204e+07   5.8959961e+01
   1.1004564e+07   5.9814453e+01
   1.1004783e+07   4.0832520e+01
   1.1004823e+07   4.1687012e+01
   1.1013678e+07   6.0363770e+01
   1.1021938e+07   5.0048828e+01
   1.1021987e+07   4.5410156e+01
   1.1022002e+07   4.5837402e+01
   1.1022023e+07   4.2053223e+01
   1.1031338e+07   5.3466797e+01
   1.1031369e+07   6.5673828e+01
   1.1031382e+07   4.3395996e+01
   1.1031480e+07   4.3945313e+01
   1.1031521e+07   3.9367676e+01
   1.1031606e+07   8.0932617e+01
   1.1041494e+07   3.8574219e+01
   1.1041512e+07   5.9509277e+01
   1.1041760e+07   5.1818848e+01
   1.1050615e+07   5.7739258e+01
   1.1051564e+07   3.9306641e+01
   1.1059826e+07   7.3791504e+01
   1.1059859e+07   6.0302734e+01
   1.1068705e+07   4.1687012e+01
   1.1068808e+07   5.6701660e+01
   1.1069378e+07   3.7780762e+01
   1.1077877e+07   5.8227539e+01
   1.1077902e+07   7.1594238e+01
   1.1077917e+07   4.0527344e+01
   1.1078030e+07   4.0100098e+01
   1.1078102e+07   6.4697266e+01
   1.1078171e+07   4.0283203e+01
   1.1088313e+07   4.1137695e+01
   1.1088416e+07   3.7841797e+01
   1.1088467e+07   7.7636719e+01
   1.1088934e+07   4.1809082e+01
   1.1089012e+07   5.8776855e+01
   1.1097236e+07   3.8452148e+01
   1.1097257e+07   4.3640137e+01
   1.1097331e+07   7.3608398e+01
   1.1097409e+07   4.4372559e+01
   1.1097475e+07   3.7719727e+01
   1.1097605e+07   5.2795410e+01
   1.1106691e+07   4.4921875e+01
   1.1106719e+07   4.1259766e+01
   1.1106745e+07   5.3710938e+01
   1.1106781e+07   3.7719727e+01
   1.1106862e+07   5.7861328e+01
   1.1116537e+07   3.7902832e+01
   1.1116614e+07   5.2185059e+01
   1.1116849e+07   5.6396484e+01
   1.1116909e+07   4.7363281e+01
   1.1116925e+07   3.9062500e+01
   1.1125786e+07   6.1401367e+01
   1.1125801e+07   4.0405273e+01
   1.1125862e+07   4.0466309e+01
   1.1125921e+07   3.7414551e+01
   1.1126469e+07   5.3588867e+01
   1.1134388e+07   3.9794922e+01
   1.1134408e+07   4.0710449e+01
   1.1134530e+07   8.6303711e+01
   1.1143656e+07   3.7780762e+01
   1.1143685e+07   4.0710449e+01
   1.1143745e+07   5.4870605e+01
   1.1143765e+07   5.5236816e+01
   1.1143833e+07   3.8818359e+01
   1.1143871e+07   5.3833008e+01
   1.1144684e+07   4.7485352e+01
   1.1153066e+07   4.2358398e+01
   1.1153193e+07   5.2124023e+01
   1.1153206e+07   3.9367676e+01
   1.1153426e+07   3.9367676e+01
   1.1153614e+07   5.0964355e+01
   1.1153979e+07   4.4372559e+01
   1.1161857e+07   4.9255371e+01
   1.1161878e+07   5.0720215e+01
   1.1161903e+07   5.8959961e+01
   1.1161981e+07   3.9855957e+01
   1.1162121e+07   6.5002441e+01
   1.1162628e+07   5.6945801e+01
   1.1171454e+07   3.7353516e+01
   1.1179776e+07   5.3039551e+01
   1.1179818e+07   5.4687500e+01
   1.1179861e+07   6.4270020e+01
   1.1179881e+07   4.1381836e+01
   1.1179924e+07   4.9743652e+01
   1.1180002e+07   5.5908203e+01
   1.1188852e+07   4.5349121e+01
   1.1188879e+07   6.6589355e+01
   1.1188898e+07   6.1462402e+01
   1.1188972e+07   4.0466309e+01
   1.1189169e+07   5.0354004e+01
   1.1189270e+07   3.9184570e+01
   1.1198253e+07   6.2316895e+01
   1.1198285e+07   6.9641113e+01
   1.1198338e+07   4.4067383e+01
   1.1198350e+07   3.9062500e+01
   1.1206519e+07   4.0771484e+01
   1.1206751e+07   4.2419434e+01
   1.1206775e+07   7.0190430e+01
   1.1206825e+07   3.7902832e+01
   1.1207129e+07   6.2683105e+01
   1.1215343e+07   3.8208008e+01
   1.1215389e+07   3.8879395e+01
   1.1215405e+07   7.1289063e+01
   1.1215447e+07   6.9580078e+01
   1.1215770e+07   4.8583984e+01
   1.1215952e+07   4.0893555e+01
   1.1224540e+07   6.6101074e+01
   1.1224660e+07   3.9489746e+01
   1.1224772e+07   5.3894043e+01
   1.1224864e+07   5.3100586e+01
   1.1233005e+07   5.8898926e+01
   1.1233029e+07   5.5053711e+01
   1.1233092e+07   5.5175781e+01
   1.1233254e+07   4.0527344e+01
   1.1233860e+07   5.2246094e+01
   1.1241798e+07   4.2663574e+01
   1.1241810e+07   6.6772461e+01
   1.1241886e+07   4.3945313e+01
   1.1241977e+07   6.6284180e+01
   1.1242349e+07   4.1442871e+01
   1.1250410e+07   6.6955566e+01
   1.1250466e+07   4.4433594e+01
   1.1250613e+07   7.9467773e+01
   1.1250669e+07   4.1320801e+01
   1.1250758e+07   4.3701172e+01
   1.1251041e+07   5.3283691e+01
   1.1259278e+07   3.8391113e+01
   1.1259292e+07   4.5837402e+01
   1.1259311e+07   4.2663574e+01
   1.1259335e+07   3.8085938e+01
   1.1259415e+07   4.5227051e+01
   1.1259437e+07   4.7912598e+01
   1.1259515e+07   4.5349121e+01
   1.1259606e+07   5.3649902e+01
   1.1265742e+07   3.9672852e+01
   1.1268072e+07   4.9072266e+01
   1.1268089e+07   5.9509277e+01
   1.1268106e+07   5.6274414e+01
   1.1268148e+07   3.9306641e+01
   1.1268181e+07   5.2124023e+01
   1.1275982e+07   7.5012207e+01
   1.1276018e+07   3.9184570e+01
   1.1276209e+07   4.6142578e+01
   1.1276530e+07   3.9916992e+01
   1.1284507e+07   3.9123535e+01
   1.1284700e+07   3.9611816e+01
   1.1284759e+07   4.9133301e+01
   1.1284828e+07   4.1137695e+01
   1.1285060e+07   3.7902832e+01
   1.1292892e+07   8.6181641e+01
   1.1292924e+07   4.0100098e+01
   1.1293036e+07   5.5603027e+01
   1.1293083e+07   3.9062500e+01
   1.1301320e+07   4.6997070e+01
   1.1301384e+07   5.1391602e+01
   1.1301407e+07   4.1320801e+01
   1.1301440e+07   5.6579590e+01
   1.1301532e+07   6.2072754e+01
   1.1301555e+07   5.0781250e+01
   1.1301699e+07   4.3029785e+01
   1.1302034e+07   4.4128418e+01
   1.1309300e+07   4.4494629e+01
   1.1309338e+07   4.4372559e+01
   1.1309382e+07   9.1979980e+01
   1.1317991e+07   4.0039063e+01
   1.1318020e+07   7.8613281e+01
   1.1318122e+07   5.1513672e+01
   1.1318189e+07   7.3608398e+01
   1.1318309e+07   5.2429199e+01
   1.1325726e+07   4.0954590e+01
   1.1325750e+07   5.2062988e+01
   1.1325773e+07   3.7902832e+01
   1.1326014e+07   4.4372559e+01
   1.1326105e+07   5.3527832e+01
   1.1333281e+07   4.1442871e+01
   1.1333297e+07   6.6101074e+01
   1.1333414e+07   5.2429199e+01
   1.1333556e+07   6.0607910e+01
   1.1333602e+07   3.7353516e+01
   1.1341506e+07   5.8654785e+01
   1.1341541e+07   4.5043945e+01
   1.1341570e+07   3.8208008e+01
   1.1349855e+07   3.7414551e+01
   1.1349880e+07   4.6752930e+01
   1.1349927e+07   5.3161621e+01
   1.1349956e+07   6.1889648e+01
   1.1357682e+07   4.2358398e+01
   1.1357726e+07   3.7780762e+01
   1.1357738e+07   5.5175781e+01
   1.1357771e+07   4.0344238e+01
   1.1357915e+07   5.3222656e+01
   1.1357946e+07   5.0354004e+01
   1.1365998e+07   5.8593750e+01
   1.1366012e+07   6.8054199e+01
   1.1366341e+07   4.4860840e+01
   1.1373249e+07   3.9672852e+01
   1.1373298e+07   4.1442871e+01
   1.1373370e+07   5.0842285e+01
   1.1373411e+07   4.0344238e+01
   1.1373464e+07   6.4453125e+01
   1.1373545e+07   4.3762207e+01
   1.1373665e+07   5.0170898e+01
   1.1381218e+07   4.2419434e+01
   1.1381255e+07   5.5419922e+01
   1.1381269e+07   5.1940918e+01
   1.1381295e+07   7.7270508e+01
   1.1381337e+07   4.1442871e+01
   1.1381390e+07   6.8176270e+01
   1.1381489e+07   6.5307617e+01
   1.1381772e+07   5.4138184e+01
   1.1381826e+07   4.0527344e+01
   1.1389480e+07   4.5654297e+01
   1.1389522e+07   4.2114258e+01
   1.1389604e+07   5.9143066e+01
   1.1389626e+07   5.1879883e+01
   1.1389639e+07   4.8645020e+01
   1.1389817e+07   5.6579590e+01
   1.1397546e+07   6.1279297e+01
   1.1397561e+07   6.4636230e+01
   1.1397603e+07   6.2744141e+01
   1.1397674e+07   9.1430664e+01
   1.1397720e+07   4.8645020e+01
   1.1397734e+07   4.2053223e+01
   1.1397752e+07   4.6691895e+01
   1.1398015e+07   5.0476074e+01
   1.1406542e+07   4.6264648e+01
   1.1406598e+07   3.9672852e+01
   1.1406792e+07   3.9855957e+01
   1.1413258e+07   3.7475586e+01
   1.1413291e+07   3.9672852e+01
   1.1413349e+07   3.9428711e+01
   1.1413378e+07   6.8847656e+01
   1.1413393e+07   4.5898438e+01
   1.1413512e+07   5.8227539e+01
   1.1413715e+07   3.8757324e+01
   1.1419840e+07   4.8400879e+01
   1.1419920e+07   6.0485840e+01
   1.1419975e+07   3.8818359e+01
   1.1420061e+07   5.0903320e+01
   1.1426970e+07   5.4809570e+01
   1.1427003e+07   4.0039063e+01
   1.1427019e+07   8.5327148e+01
   1.1427031e+07   6.7199707e+01
   1.1427087e+07   4.6081543e+01
   1.1427140e+07   4.4372559e+01
   1.1427203e+07   4.3029785e+01
   1.1427238e+07   3.8513184e+01
   1.1427344e+07   5.7678223e+01
   1.1427523e+07   4.5349121e+01
   1.1435058e+07   3.8757324e+01
   1.1435068e+07   4.1748047e+01
   1.1435095e+07   5.1147461e+01
   1.1435129e+07   6.2500000e+01
   1.1435177e+07   5.3833008e+01
   1.1435233e+07   7.6538086e+01
   1.1435286e+07   3.9001465e+01
   1.1435378e+07   4.9621582e+01
   1.1435452e+07   3.7902832e+01
   1.1443555e+07   4.2663574e+01
   1.1443572e+07   7.3974609e+01
   1.1443612e+07   5.8532715e+01
   1.1443627e+07   5.5297852e+01
   1.1443728e+07   3.9489746e+01
   1.1443743e+07   3.9550781e+01
   1.1443766e+07   5.2429199e+01
   1.1443814e+07   4.3151855e+01
   1.1443916e+07   4.6264648e+01
   1.1450536e+07   5.8166504e+01
   1.1450557e+07   6.2500000e+01
   1.1450586e+07   6.0974121e+01
   1.1450624e+07   4.4982910e+01
   1.1450711e+07   5.6823730e+01
   1.1450726e+07   4.1809082e+01
   1.1450739e+07   4.1076660e+01
   1.1450880e+07   4.0649414e+01
   1.1457981e+07   3.8757324e+01
   1.1458044e+07   3.9916992e+01
   1.1458074e+07   6.2500000e+01
   1.1458093e+07   8.6181641e+01
   1.1458173e+07   3.9978027e+01
   1.1458192e+07   4.7912598e+01
   1.1458226e+07   3.8879395e+01
   1.1458342e+07   4.7302246e+01
   1.1458368e+07   4.6264648e+01
   1.1466358e+07   3.9672852e+01
   1.1466386e+07   5.2368164e+01
   1.1466402e+07   5.2978516e+01
   1.1466428e+07   6.5551758e+01
   1.1466507e+07   3.8024902e+01
   1.1466535e+07   5.1147461e+01
   1.1466554e+07   4.7607422e+01
   1.1466718e+07   3.9489746e+01
   1.1473811e+07   4.3334961e+01
   1.1473856e+07   7.0495605e+01
   1.1473895e+07   4.3395996e+01
   1.1473953e+07   3.8696289e+01
   1.1473989e+07   4.9377441e+01
   1.1474331e+07   4.9499512e+01
   1.1481740e+07   4.6325684e+01
   1.1481831e+07   5.4626465e+01
   1.1481844e+07   8.1542969e+01
   1.1481921e+07   3.8574219e+01
   1.1481962e+07   3.7536621e+01
   1.1482019e+07   5.0354004e+01
   1.1482037e+07   3.8635254e+01
   1.1482186e+07   4.9377441e+01
   1.1482284e+07   4.2053223e+01
   1.1489863e+07   3.8818359e+01
   1.1489897e+07   3.8085938e+01
   1.1489931e+07   4.7241211e+01
   1.1489943e+07   7.5195313e+01
   1.1489961e+07   8.1848145e+01
   1.1490008e+07   4.4128418e+01
   1.1490057e+07   6.7687988e+01
   1.1490085e+07   7.1044922e+01
   1.1490214e+07   5.0598145e+01
   1.1490543e+07   3.8452148e+01
   1.1490707e+07   3.9123535e+01
   1.1491163e+07   4.0527344e+01
   1.1491476e+07   3.7658691e+01
   1.1499070e+07   4.6752930e+01
   1.1499099e+07   7.1105957e+01
   1.1499110e+07   9.3078613e+01
   1.1499124e+07   4.2602539e+01
   1.1499143e+07   3.9367676e+01
   1.1499194e+07   4.8034668e+01
   1.1499219e+07   5.4992676e+01
   1.1499249e+07   4.3212891e+01
   1.1506248e+07   3.8879395e+01
   1.1506290e+07   4.6386719e+01
   1.1506311e+07   5.3527832e+01
   1.1506376e+07   6.5673828e+01
   1.1506396e+07   5.1635742e+01
   1.1506420e+07   5.7800293e+01
   1.1506461e+07   3.9611816e+01
   1.1506529e+07   4.8339844e+01
   1.1506617e+07   3.8940430e+01
   1.1513384e+07   3.7719727e+01
   1.1513405e+07   3.7475586e+01
   1.1513435e+07   8.3862305e+01
   1.1513493e+07   4.3090820e+01
   1.1513570e+07   4.2785645e+01
   1.1513592e+07   5.3527832e+01
   1.1513680e+07   4.5715332e+01
   1.1513759e+07   4.3273926e+01
   1.1520659e+07   3.9855957e+01
   1.1520685e+07   3.9916992e+01
   1.1520699e+07   7.2326660e+01
   1.1520741e+07   7.0495605e+01
   1.1520822e+07   4.1137695e+01
   1.1520849e+07   5.2062988e+01
   1.1521012e+07   3.7658691e+01
   1.1528467e+07   4.3884277e+01
   1.1528477e+07   4.1870117e+01
   1.1528493e+07   1.0528564e+02
   1.1528578e+07   3.8269043e+01
   1.1528621e+07   3.7841797e+01
   1.1528703e+07   3.7414551e+01
   1.1535473e+07   5.3283691e+01
   1.1535486e+07   7.7331543e+01
   1.1535509e+07   7.2570801e+01
   1.1535593e+07   5.9692383e+01
   1.1535607e+07   4.6508789e+01
   1.1535661e+07   4.1748047e+01
   1.1535772e+07   4.0161133e+01
   1.1535891e+07   3.7475586e+01
   1.1536934e+07   5.0109863e+01
   1.1537365e+07   3.8696289e+01
   1.1543464e+07   6.7565918e+01
   1.1543490e+07   9.9060059e+01
   1.1543520e+07   3.9916992e+01
   1.1543606e+07   4.8461914e+01
   1.1543681e+07   3.8208008e+01
   1.1543744e+07   3.7597656e+01
   1.1544080e+07   3.8452148e+01
   1.1549362e+07   4.3334961e+01
   1.1549388e+07   5.9143066e+01
   1.1549412e+07   6.1584473e+01
   1.1549426e+07   8.7829590e+01
   1.1549506e+07   3.8085938e+01
   1.1549522e+07   4.1687012e+01
   1.1549558e+07   4.2663574e+01
   1.1555285e+07   4.1687012e+01
   1.1555341e+07   8.7280273e+01
   1.1555370e+07   4.9438477e+01
   1.1555470e+07   5.2368164e+01
   1.1555482e+07   5.4077148e+01
   1.1561225e+07   3.7536621e+01
   1.1561408e+07   7.0007324e+01
   1.1561450e+07   4.5166016e+01
   1.1561511e+07   3.8818359e+01
   1.1561572e+07   4.2114258e+01
   1.1561846e+07   3.8513184e+01
   1.1567798e+07   4.7119141e+01
   1.1567820e+07   4.0100098e+01
   1.1567835e+07   5.7861328e+01
   1.1567850e+07   4.2419434e+01
   1.1567871e+07   5.2062988e+01
   1.1567903e+07   4.5654297e+01
   1.1567949e+07   5.5480957e+01
   1.1568017e+07   4.0100098e+01
   1.1568086e+07   5.6396484e+01
   1.1574239e+07   4.4250488e+01
   1.1574252e+07   4.5471191e+01
   1.1574359e+07   5.0231934e+01
   1.1574422e+07   4.4860840e+01
   1.1574433e+07   4.9133301e+01
   1.1574499e+07   4.0161133e+01
   1.1580875e+07   4.3395996e+01
   1.1580893e+07   4.3701172e+01
   1.1580913e+07   4.7302246e+01
   1.1581029e+07   3.9916992e+01
   1.1581062e+07   4.3762207e+01
   1.1587483e+07   3.8879395e+01
   1.1587657e+07   5.8654785e+01
   1.1587670e+07   5.8959961e+01
   1.1587707e+07   4.1748047e+01
   1.1587772e+07   4.8461914e+01
   1.1587786e+07   7.2143555e+01
   1.1587966e+07   4.1320801e+01
   1.1594214e+07   6.3781738e+01
   1.1594242e+07   5.4626465e+01
   1.1594277e+07   4.9499512e+01
   1.1594305e+07   5.0720215e+01
   1.1594359e+07   4.2175293e+01
   1.1594378e+07   3.9794922e+01
   1.1594405e+07   4.6508789e+01
   1.1594430e+07   3.7475586e+01
   1.1594801e+07   4.6813965e+01
   1.1600898e+07   8.2885742e+01
   1.1600932e+07   4.8889160e+01
   1.1601000e+07   4.9377441e+01
   1.1601024e+07   6.0241699e+01
   1.1601052e+07   4.3151855e+01
   1.1607508e+07   6.3659668e+01
   1.1607542e+07   6.5795898e+01
   1.1607557e+07   5.5969238e+01
   1.1607636e+07   4.4860840e+01
   1.1607658e+07   5.5664063e+01
   1.1607681e+07   4.0527344e+01
   1.1607797e+07   3.9489746e+01
   1.1608082e+07   4.0893555e+01
   1.1613465e+07   8.2214355e+01
   1.1613482e+07   4.9011230e+01
   1.1613505e+07   3.8696289e+01
   1.1613555e+07   4.7912598e+01
   1.1613571e+07   4.3457031e+01
   1.1620058e+07   3.9184570e+01
   1.1620091e+07   4.0649414e+01
   1.1620131e+07   3.8269043e+01
   1.1620148e+07   5.4626465e+01
   1.1620238e+07   4.2358398e+01
   1.1620293e+07   5.6823730e+01
   1.1625340e+07   3.9489746e+01
   1.1625356e+07   4.4616699e+01
   1.1625380e+07   1.2158203e+02
   1.1625415e+07   5.2734375e+01
   1.1625507e+07   4.5593262e+01
   1.1626783e+07   3.8024902e+01
   1.1630387e+07   4.5837402e+01
   1.1630426e+07   3.9794922e+01
   1.1630448e+07   4.2785645e+01
   1.1630512e+07   5.1269531e+01
   1.1630556e+07   3.9489746e+01
   1.1630656e+07   3.9489746e+01
   1.1636479e+07   7.2204590e+01
   1.1636491e+07   4.5593262e+01
   1.1636515e+07   3.7780762e+01
   1.1636582e+07   4.0222168e+01
   1.1636612e+07   4.6752930e+01
   1.1636677e+07   3.9184570e+01
   1.1642600e+07   4.9621582e+01
   1.1642610e+07   5.4138184e+01
   1.1642633e+07   4.0527344e+01
   1.1642658e+07   4.1625977e+01
   1.1642750e+07   3.8635254e+01
   1.1642765e+07   5.1147461e+01
   1.1642994e+07   4.2297363e+01
   1.1648283e+07   4.2419434e+01
   1.1648318e+07   5.8959961e+01
   1.1648332e+07   7.5500488e+01
   1.1648402e+07   4.2724609e+01
   1.1648444e+07   5.2551270e+01
   1.1648914e+07   3.7353516e+01
   1.1654696e+07   5.2368164e+01
   1.1654706e+07   3.8574219e+01
   1.1654718e+07   9.9670410e+01
   1.1654793e+07   5.5786133e+01
   1.1654825e+07   3.7475586e+01
   1.1654881e+07   4.0466309e+01
   1.1654968e+07   4.4372559e+01
   1.1660861e+07   4.5898438e+01
   1.1660883e+07   6.7932129e+01
   1.1660897e+07   4.1809082e+01
   1.1660983e+07   4.3090820e+01
   1.1661518e+07   3.9367676e+01
   1.1666237e+07   4.6203613e+01
   1.1666249e+07   1.1309814e+02
   1.1666264e+07   4.0832520e+01
   1.1666274e+07   3.9367676e+01
   1.1666321e+07   4.2968750e+01
   1.1666359e+07   5.1208496e+01
   1.1666403e+07   4.2724609e+01
   1.1672375e+07   4.1748047e+01
   1.1672385e+07   8.4777832e+01
   1.1672403e+07   5.3039551e+01
   1.1672454e+07   4.3884277e+01
   1.1672492e+07   5.6335449e+01
   1.1678699e+07   3.7963867e+01
   1.1678756e+07   5.0842285e+01
   1.1678796e+07   4.7546387e+01
   1.1678806e+07   6.0546875e+01
   1.1678870e+07   3.8940430e+01
   1.1678916e+07   5.1879883e+01
   1.1679299e+07   3.9428711e+01
   1.1684353e+07   4.7851563e+01
   1.1684363e+07   5.9082031e+01
   1.1684393e+07   6.5490723e+01
   1.1684456e+07   5.0720215e+01
   1.1684523e+07   3.7414551e+01
   1.1684978e+07   4.1992188e+01
   1.1689993e+07   3.9489746e+01
   1.1690022e+07   1.0284424e+02
   1.1690038e+07   5.2307129e+01
   1.1690114e+07   3.7841797e+01
   1.1690297e+07   3.7841797e+01
   1.1695340e+07   3.7841797e+01
   1.1695359e+07   7.3181152e+01
   1.1695380e+07   5.8654785e+01
   1.1695477e+07   4.3701172e+01
   1.1695496e+07   4.9011230e+01
   1.1696176e+07   4.0832520e+01
   1.1700598e+07   3.8940430e+01
   1.1700609e+07   4.9011230e+01
   1.1700628e+07   6.7932129e+01
   1.1700639e+07   4.0527344e+01
   1.1700705e+07   4.1748047e+01
   1.1700755e+07   4.6936035e+01
   1.1706797e+07   4.3029785e+01
   1.1706823e+07   4.6691895e+01
   1.1706880e+07   5.5847168e+01
   1.1706922e+07   4.1137695e+01
   1.1707040e+07   3.8085938e+01
   1.1712761e+07   3.8085938e+01
   1.1712773e+07   5.8654785e+01
   1.1712792e+07   5.9143066e+01
   1.1712891e+07   3.9123535e+01
   1.1712904e+07   3.7780762e+01
   1.1713396e+07   3.7536621e+01
   1.1719352e+07   7.3181152e+01
   1.1719460e+07   4.4250488e+01
   1.1725514e+07   4.1198730e+01
   1.1725534e+07   6.8725586e+01
   1.1725558e+07   4.8828125e+01
   1.1725607e+07   4.3029785e+01
   1.1726026e+07   3.8024902e+01
   1.1732019e+07   3.9245605e+01
   1.1732039e+07   9.5092773e+01
   1.1732057e+07   4.7363281e+01
   1.1732155e+07   5.3100586e+01
   1.1732646e+07   4.3579102e+01
   1.1732997e+07   3.8757324e+01
   1.1738105e+07   5.2368164e+01
   1.1738122e+07   4.0039063e+01
   1.1738133e+07   6.9458008e+01
   1.1738160e+07   7.6477051e+01
   1.1738230e+07   3.9184570e+01
   1.1738292e+07   3.8513184e+01
   1.1743912e+07   3.8146973e+01
   1.1743922e+07   7.7941895e+01
   1.1743938e+07   5.0720215e+01
   1.1743962e+07   7.8674316e+01
   1.1744053e+07   4.0954590e+01
   1.1749291e+07   4.3395996e+01
   1.1749306e+07   6.1584473e+01
   1.1749319e+07   4.2907715e+01
   1.1749341e+07   6.1523438e+01
   1.1749356e+07   4.2297363e+01
   1.1749420e+07   4.5166016e+01
   1.1749483e+07   3.7353516e+01
   1.1754689e+07   8.3374023e+01
   1.1754709e+07   4.7363281e+01
   1.1754733e+07   3.8269043e+01
   1.1754805e+07   3.7658691e+01
   1.1760523e+07   4.2114258e+01
   1.1760547e+07   4.8278809e+01
   1.1760570e+07   7.0129395e+01
   1.1760587e+07   3.8940430e+01
   1.1760612e+07   3.7719727e+01
   1.1760660e+07   3.7658691e+01
   1.1760695e+07   4.3823242e+01
   1.1766735e+07   4.7790527e+01
   1.1766750e+07   4.2053223e+01
   1.1766762e+07   7.5317383e+01
   1.1766845e+07   4.4128418e+01
   1.1766877e+07   4.1625977e+01
   1.1772652e+07   4.4921875e+01
   1.1772664e+07   6.5673828e+01
   1.1772766e+07   7.4951172e+01
   1.1772776e+07   3.7658691e+01
   1.1778505e+07   5.3527832e+01
   1.1778540e+07   9.0576172e+01
   1.1778555e+07   3.9489746e+01
   1.1778599e+07   3.9733887e+01
   1.1778637e+07   4.0466309e+01
   1.1778678e+07   3.8330078e+01
   1.1784818e+07   3.8879395e+01
   1.1784833e+07   3.7414551e+01
   1.1784843e+07   7.0129395e+01
   1.1784874e+07   4.3945313e+01
   1.1784926e+07   3.9672852e+01
   1.1784965e+07   6.8176270e+01
   1.1790621e+07   4.4189453e+01
   1.1790640e+07   7.6965332e+01
   1.1790661e+07   4.2297363e+01
   1.1790721e+07   4.0771484e+01
   1.1790736e+07   3.8452148e+01
   1.1790755e+07   4.1625977e+01
   1.1790888e+07   3.9672852e+01
   1.1796486e+07   5.5969238e+01
   1.1796521e+07   6.2377930e+01
   1.1796552e+07   3.8757324e+01
   1.1796570e+07   3.7658691e+01
   1.1796603e+07   4.6875000e+01
   1.1796629e+07   5.4504395e+01
   1.1797001e+07   3.8330078e+01
   1.1803119e+07   3.9001465e+01
   1.1803129e+07   6.6284180e+01
   1.1803153e+07   4.1992188e+01
   1.1803215e+07   3.8208008e+01
   1.1803236e+07   5.5847168e+01
   1.1809516e+07   4.0771484e+01
   1.1809558e+07   7.4768066e+01
   1.1809660e+07   4.6081543e+01
   1.1809680e+07   3.9855957e+01
   1.1809770e+07   4.0222168e+01
   1.1815385e+07   5.0170898e+01
   1.1815411e+07   6.4208984e+01
   1.1815435e+07   7.2631836e+01
   1.1815466e+07   4.0588379e+01
   1.1815513e+07   4.7424316e+01
   1.1815550e+07   3.7719727e+01
   1.1821755e+07   6.1096191e+01
   1.1821773e+07   7.2265625e+01
   1.1821853e+07   4.6508789e+01
   1.1821871e+07   3.9062500e+01
   1.1828182e+07   4.5654297e+01
   1.1828205e+07   6.0729980e+01
   1.1828289e+07   4.1809082e+01
   1.1828305e+07   4.5410156e+01
   1.1828326e+07   4.8400879e+01
   1.1828456e+07   4.0039063e+01
   1.1834796e+07   5.4077148e+01
   1.1834812e+07   5.6884766e+01
   1.1834845e+07   4.1992188e+01
   1.1834886e+07   4.5104980e+01
   1.1834919e+07   4.3273926e+01
   1.1841384e+07   5.0354004e+01
   1.1841414e+07   8.9233398e+01
   1.1841429e+07   4.7973633e+01
   1.1841519e+07   6.8298340e+01
   1.1841540e+07   4.2114258e+01
   1.1841748e+07   4.1198730e+01
   1.1848017e+07   4.2663574e+01
   1.1848031e+07   8.9477539e+01
   1.1848114e+07   3.8330078e+01
   1.1848137e+07   4.0344238e+01
   1.1848161e+07   4.0100098e+01
   1.1848282e+07   3.9672852e+01
   1.1854412e+07   6.3720703e+01
   1.1854449e+07   9.4665527e+01
   1.1854533e+07   4.8522949e+01
   1.1854566e+07   4.3762207e+01
   1.1860584e+07   3.8879395e+01
   1.1860603e+07   8.4106445e+01
   1.1860625e+07   5.9265137e+01
   1.1860689e+07   4.1625977e+01
   1.1860720e+07   5.5236816e+01
   1.1860780e+07   4.1625977e+01
   1.1867040e+07   1.1968994e+02
   1.1867059e+07   8.2458496e+01
   1.1867156e+07   3.9611816e+01
   1.1867178e+07   5.6213379e+01
   1.1872561e+07   5.2429199e+01
   1.1872599e+07   4.6997070e+01
   1.1872714e+07   5.2978516e+01
   1.1872939e+07   3.7902832e+01
   1.1879448e+07   3.9611816e+01
   1.1879483e+07   7.3547363e+01
   1.1879498e+07   4.8217773e+01
   1.1879545e+07   3.9245605e+01
   1.1879592e+07   4.4067383e+01
   1.1879616e+07   3.9733887e+01
   1.1885906e+07   3.9184570e+01
   1.1885921e+07   4.4616699e+01
   1.1885952e+07   4.2236328e+01
   1.1886005e+07   3.9123535e+01
   1.1886058e+07   4.9804688e+01
   1.1892490e+07   6.6589355e+01
   1.1892503e+07   7.2387695e+01
   1.1892612e+07   3.9245605e+01
   1.1892644e+07   6.6528320e+01
   1.1898993e+07   5.8776855e+01
   1.1899008e+07   7.9833984e+01
   1.1899186e+07   5.3771973e+01
   1.1899399e+07   4.1564941e+01
   1.1905733e+07   3.7658691e+01
   1.1905753e+07   6.9641113e+01
   1.1905782e+07   6.5307617e+01
   1.1905905e+07   4.2419434e+01
   1.1912823e+07   4.0039063e+01
   1.1912866e+07   4.8950195e+01
   1.1912887e+07   3.9611816e+01
   1.1912899e+07   5.2673340e+01
   1.1912930e+07   6.1950684e+01
   1.1913022e+07   4.6142578e+01
   1.1913037e+07   5.1574707e+01
   1.1913057e+07   4.5593262e+01
   1.1913266e+07   4.7363281e+01
   1.1919948e+07   8.4411621e+01
   1.1919976e+07   4.1625977e+01
   1.1920000e+07   5.1025391e+01
   1.1920065e+07   5.3405762e+01
   1.1920337e+07   3.8940430e+01
   1.1926709e+07   5.6701660e+01
   1.1926730e+07   5.7739258e+01
   1.1926751e+07   5.4992676e+01
   1.1926784e+07   3.7414551e+01
   1.1926852e+07   3.9794922e+01
   1.1926870e+07   4.0649414e+01
   1.1933781e+07   3.9123535e+01
   1.1933796e+07   5.3039551e+01
   1.1933815e+07   7.8674316e+01
   1.1933843e+07   4.1015625e+01
   1.1933909e+07   3.9367676e+01
   1.1933971e+07   5.7922363e+01
   1.1934047e+07   3.8635254e+01
   1.1940942e+07   3.8330078e+01
   1.1940955e+07   1.3708496e+02
   1.1940984e+07   5.4748535e+01
   1.1941097e+07   5.6518555e+01
   1.1941165e+07   3.8269043e+01
   1.1941273e+07   4.6875000e+01
   1.1948145e+07   4.3334961e+01
   1.1948157e+07   5.5664063e+01
   1.1948171e+07   3.8330078e+01
   1.1948198e+07   4.6203613e+01
   1.1948237e+07   4.0954590e+01
   1.1948296e+07   7.0861816e+01
   1.1948307e+07   3.7536621e+01
   1.1948567e+07   4.0954590e+01
   1.1955145e+07   5.0537109e+01
   1.1955159e+07   8.6914063e+01
   1.1955201e+07   5.2124023e+01
   1.1955313e+07   5.2917480e+01
   1.1955537e+07   4.7668457e+01
   1.1961977e+07   4.0466309e+01
   1.1962015e+07   8.4350586e+01
   1.1962039e+07   3.7902832e+01
   1.1962144e+07   3.8696289e+01
   1.1962200e+07   4.1381836e+01
   1.1969051e+07   3.9123535e+01
   1.1969082e+07   4.6569824e+01
   1.1969113e+07   8.9721680e+01
   1.1969136e+07   4.6875000e+01
   1.1969266e+07   4.0710449e+01
   1.1969540e+07   4.6569824e+01
   1.1976365e+07   5.5297852e+01
   1.1976388e+07   1.0125732e+02
   1.1976481e+07   4.2236328e+01
   1.1976586e+07   4.8828125e+01
   1.1977067e+07   4.1442871e+01
   1.1983863e+07   4.3029785e+01
   1.1983876e+07   7.5256348e+01
   1.1983941e+07   3.9733887e+01
   1.1983969e+07   5.7312012e+01
   1.1984036e+07   4.4250488e+01
   1.1984190e+07   5.4931641e+01
   1.1991273e+07   4.2114258e+01
   1.1991291e+07   5.9875488e+01
   1.1991302e+07   4.9316406e+01
   1.1991322e+07   4.1748047e+01
   1.1991376e+07   4.2053223e+01
   1.1991472e+07   4.6325684e+01
   1.1991502e+07   4.3701172e+01
   1.1991569e+07   3.9855957e+01
   1.1998769e+07   4.2297363e+01
   1.1998805e+07   4.2419434e+01
   1.1998846e+07   4.3334961e+01
   1.1998867e+07   4.6508789e+01
   1.1998904e+07   4.2114258e+01
