   1.1999000e+07   0.0000000e+00
   2.2735000e+04   3.4179688e+01
   2.2769000e+04   3.4118652e+01
   2.2797000e+04   4.2419434e+01
   2.2811000e+04   8.0871582e+01
   2.2832000e+04   3.6254883e+01
   2.2859000e+04   3.2531738e+01
   2.2870000e+04   4.5532227e+01
   2.2900000e+04   3.2043457e+01
   2.2913000e+04   3.6193848e+01
   2.2928000e+04   3.4729004e+01
   2.2960000e+04   3.9794922e+01
   2.2978000e+04   4.2236328e+01
   2.3011000e+04   4.9560547e+01
   2.3025000e+04   3.8513184e+01
   2.3041000e+04   3.7170410e+01
   2.3058000e+04   3.2836914e+01
   2.3088000e+04   4.2114258e+01
   2.3105000e+04   3.5278320e+01
   2.3158000e+04   4.6264648e+01
   2.3178000e+04   5.8349609e+01
   2.3207000e+04   3.9916992e+01
   2.3225000e+04   3.2226563e+01
   2.3251000e+04   3.3508301e+01
   2.3281000e+04   3.6499023e+01
   2.3318000e+04   3.3874512e+01
   2.3334000e+04   4.8156738e+01
   2.3352000e+04   3.1127930e+01
   2.3396000e+04   3.9550781e+01
   2.3411000e+04   3.1433105e+01
   2.3452000e+04   3.8269043e+01
   2.3487000e+04   4.2785645e+01
   2.3606000e+04   4.0588379e+01
   2.3633000e+04   3.3203125e+01
   2.3649000e+04   3.2226563e+01
   2.3681000e+04   3.4729004e+01
   2.3802000e+04   3.3386230e+01
   2.3837000e+04   3.8757324e+01
   2.3924000e+04   3.7536621e+01
   2.4300000e+04   3.3935547e+01
   2.4508000e+04   3.2897949e+01
   2.4603000e+04   3.0883789e+01
   2.4726000e+04   3.4484863e+01
   2.4835000e+04   3.1188965e+01
   2.5108000e+04   3.2897949e+01
   2.5171000e+04   3.1433105e+01
   2.5320000e+04   3.2226563e+01
   2.5505000e+04   3.0883789e+01
   2.5553000e+04   3.1188965e+01
   5.9706000e+04   3.2592773e+01
   7.4099000e+04   3.1616211e+01
   8.0256000e+04   3.2348633e+01
   8.0734000e+04   3.0944824e+01
   8.0768000e+04   3.4912109e+01
   9.4701000e+04   3.2714844e+01
   9.4724000e+04   3.4240723e+01
   9.4736000e+04   4.6325684e+01
   9.4768000e+04   3.3325195e+01
   9.4785000e+04   5.9875488e+01
   9.4798000e+04   3.7353516e+01
   9.4819000e+04   4.7790527e+01
   9.4889000e+04   5.0354004e+01
   9.4969000e+04   3.3691406e+01
   9.5152000e+04   3.3874512e+01
   9.5198000e+04   3.2043457e+01
   9.5284000e+04   3.1433105e+01
   1.2121700e+05   3.2653809e+01
   1.2129400e+05   3.7414551e+01
   1.2131500e+05   4.9377441e+01
   1.2132600e+05   4.5043945e+01
   1.2133900e+05   3.1921387e+01
   1.2137100e+05   3.2958984e+01
   1.2140400e+05   3.2714844e+01
   1.2144000e+05   3.3386230e+01
   1.2147300e+05   3.4729004e+01
   1.2154500e+05   3.2836914e+01
   1.2174100e+05   3.4179688e+01
   1.4544400e+05   3.1005859e+01
   1.4566300e+05   3.2836914e+01
   1.6682800e+05   3.5278320e+01
   1.6690700e+05   3.7597656e+01
   1.6697300e+05   3.2836914e+01
   1.8608900e+05   3.1982422e+01
   1.8610200e+05   4.3701172e+01
   1.8613200e+05   3.4667969e+01
   1.8614200e+05   5.8532715e+01
   1.8615200e+05   4.1687012e+01
   1.8617500e+05   3.3874512e+01
   1.8621600e+05   3.1555176e+01
   1.8624800e+05   3.4179688e+01
   1.8629200e+05   4.4616699e+01
   1.8632500e+05   5.3710938e+01
   1.8634800e+05   3.4362793e+01
   1.8640100e+05   3.4179688e+01
   1.8643800e+05   3.5705566e+01
   1.8658800e+05   3.6560059e+01
   2.0471600e+05   3.0761719e+01
   2.0476300e+05   3.1677246e+01
   2.0478800e+05   3.2104492e+01
   2.0497000e+05   3.7231445e+01
   2.0503500e+05   3.6376953e+01
   2.0508500e+05   3.4423828e+01
   2.0519100e+05   3.0822754e+01
   2.2525400e+05   3.4729004e+01
   2.2528200e+05   5.3466797e+01
   2.2530100e+05   4.7851563e+01
   2.2534400e+05   9.8693848e+01
   2.2536800e+05   3.2592773e+01
   2.2539700e+05   4.9316406e+01
   2.2541100e+05   3.9916992e+01
   2.2542500e+05   3.1005859e+01
   2.2544200e+05   3.1860352e+01
   2.2545600e+05   3.7231445e+01
   2.2548200e+05   3.6437988e+01
   2.2549900e+05   7.4279785e+01
   2.2552000e+05   4.3823242e+01
   2.2553100e+05   4.2663574e+01
   2.2558000e+05   3.3081055e+01
   2.2559500e+05   3.1738281e+01
   2.2563600e+05   3.8391113e+01
   2.2572200e+05   3.1860352e+01
   2.2577400e+05   4.6630859e+01
   2.2580900e+05   3.9306641e+01
   2.2584600e+05   3.2043457e+01
   2.2591700e+05   4.3457031e+01
   2.2594300e+05   3.6010742e+01
   2.2595400e+05   3.5400391e+01
   2.2597200e+05   3.6376953e+01
   2.2626800e+05   3.3264160e+01
   2.2645700e+05   3.6682129e+01
   2.2649600e+05   3.7963867e+01
   2.6345400e+05   3.4423828e+01
   2.6347200e+05   3.6437988e+01
   2.6351500e+05   4.1748047e+01
   2.7718800e+05   3.1860352e+01
   2.8787000e+05   3.1982422e+01
   2.8789900e+05   3.2104492e+01
   2.8791500e+05   3.4057617e+01
   2.8795100e+05   3.3996582e+01
   2.8810700e+05   6.7260742e+01
   2.8813000e+05   3.3752441e+01
   2.8814400e+05   3.5888672e+01
   2.8818800e+05   4.4128418e+01
   2.8826100e+05   4.3884277e+01
   2.8829100e+05   4.7790527e+01
   2.8830900e+05   3.4484863e+01
   2.8836300e+05   3.3691406e+01
   2.8843600e+05   3.3447266e+01
   3.0786600e+05   3.2592773e+01
   3.3142000e+05   3.1066895e+01
   3.3143700e+05   3.9123535e+01
   3.3146400e+05   3.4179688e+01
   3.3148000e+05   3.5827637e+01
   3.3151900e+05   3.1860352e+01
   3.3155000e+05   3.9184570e+01
   3.3158200e+05   4.5593262e+01
   3.3159900e+05   3.9489746e+01
   3.3161400e+05   3.3630371e+01
   3.3164700e+05   3.9550781e+01
   3.3166100e+05   4.5227051e+01
   3.3168700e+05   3.5400391e+01
   3.3170400e+05   3.6193848e+01
   3.3172400e+05   3.8024902e+01
   3.3174900e+05   3.5766602e+01
   3.3176400e+05   3.4912109e+01
   3.3180600e+05   3.8574219e+01
   3.3185800e+05   3.1616211e+01
   3.3207600e+05   3.6682129e+01
   3.3218700e+05   3.6621094e+01
   3.3221800e+05   3.1860352e+01
   3.3246200e+05   3.4912109e+01
   3.3253900e+05   3.2714844e+01
   3.3260700e+05   3.1188965e+01
   3.3285400e+05   3.4790039e+01
   3.3303800e+05   3.3203125e+01
   3.3311300e+05   3.2409668e+01
   3.3341200e+05   3.1799316e+01
   3.3359000e+05   3.7902832e+01
   3.3367100e+05   3.5034180e+01
   3.3401100e+05   3.9001465e+01
   3.5473400e+05   3.1372070e+01
   3.6759800e+05   3.5217285e+01
   3.7355200e+05   3.1555176e+01
   3.8671100e+05   3.4606934e+01
   4.1132000e+05   3.2653809e+01
   4.1134800e+05   3.2531738e+01
   4.2748700e+05   3.1494141e+01
   4.2867900e+05   3.2775879e+01
   4.4877400e+05   3.5034180e+01
   4.5430800e+05   3.7963867e+01
   4.5500200e+05   3.4057617e+01
   4.5510000e+05   3.1433105e+01
   4.5514200e+05   3.7719727e+01
   4.5516200e+05   3.2226563e+01
   4.5519600e+05   3.1250000e+01
   4.5523600e+05   3.7048340e+01
   4.5529400e+05   4.5104980e+01
   4.5533900e+05   3.2287598e+01
   4.5541400e+05   3.1860352e+01
   4.5547500e+05   3.2043457e+01
   4.5558800e+05   3.2104492e+01
   4.5562600e+05   3.3752441e+01
   4.7611400e+05   3.2043457e+01
   4.9167000e+05   3.3020020e+01
   4.9169600e+05   4.5532227e+01
   4.9176300e+05   3.1921387e+01
   4.9184800e+05   3.7475586e+01
   4.9187100e+05   4.4738770e+01
   4.9189200e+05   3.1921387e+01
   4.9192100e+05   3.9978027e+01
   4.9198400e+05   3.7536621e+01
   4.9199900e+05   3.1494141e+01
   4.9201700e+05   3.5156250e+01
   4.9206500e+05   3.8024902e+01
   4.9210800e+05   3.1799316e+01
   4.9262100e+05   3.3813477e+01
   4.9320300e+05   3.5217285e+01
   5.2068400e+05   3.4790039e+01
   5.2069800e+05   3.1005859e+01
   5.2072900e+05   3.4606934e+01
   5.2075100e+05   6.8664551e+01
   5.2076700e+05   3.2592773e+01
   5.2078900e+05   3.6010742e+01
   5.2080500e+05   4.2297363e+01
   5.2083100e+05   3.8452148e+01
   5.2084800e+05   4.2236328e+01
   5.2087500e+05   4.3518066e+01
   5.2089900e+05   3.1066895e+01
   5.2093200e+05   3.4851074e+01
   5.2098100e+05   3.1677246e+01
   5.2102300e+05   3.2531738e+01
   5.2123000e+05   3.1005859e+01
   5.2137000e+05   3.3813477e+01
   5.2162300e+05   3.2165527e+01
   5.6569000e+05   3.1921387e+01
   5.6570200e+05   3.3874512e+01
   5.8872400e+05   3.6987305e+01
   6.0432500e+05   3.0944824e+01
   6.0456400e+05   3.7353516e+01
   6.0460000e+05   3.1738281e+01
   6.0462500e+05   3.1372070e+01
   6.0464500e+05   3.7780762e+01
   6.0467700e+05   4.5593262e+01
   6.0470700e+05   3.9733887e+01
   6.0471900e+05   3.1616211e+01
   6.0476000e+05   3.3630371e+01
   6.0478500e+05   5.1696777e+01
   6.0481900e+05   3.5461426e+01
   6.0500200e+05   3.6376953e+01
   6.2700300e+05   3.2958984e+01
   6.4675400e+05   3.1738281e+01
   6.4986300e+05   3.3569336e+01
   6.4991600e+05   3.2226563e+01
   6.5017200e+05   3.9184570e+01
   6.6217200e+05   5.3833008e+01
   6.6218700e+05   3.8208008e+01
   6.6220300e+05   3.4790039e+01
   6.6229400e+05   3.8330078e+01
   6.6290200e+05   3.8330078e+01
   6.7759700e+05   3.6560059e+01
   6.7763800e+05   3.3630371e+01
   6.8773900e+05   3.1250000e+01
   7.0341200e+05   3.6071777e+01
   7.0344500e+05   3.6437988e+01
   7.0346800e+05   3.2836914e+01
   7.0350300e+05   4.6142578e+01
   7.0352200e+05   4.8156738e+01
   7.0354500e+05   5.5908203e+01
   7.0356700e+05   3.6193848e+01
   7.0358100e+05   4.0649414e+01
   7.0361300e+05   6.0852051e+01
   7.0363000e+05   4.1564941e+01
   7.0366600e+05   3.1311035e+01
   7.0369300e+05   5.5786133e+01
   7.0371400e+05   3.7414551e+01
   7.0372700e+05   4.0100098e+01
   7.0374500e+05   4.1992188e+01
   7.0377300e+05   4.3884277e+01
   7.0378500e+05   3.4118652e+01
   7.0382400e+05   3.9916992e+01
   7.0383800e+05   3.3508301e+01
   7.0387600e+05   4.2541504e+01
   7.0390900e+05   3.3203125e+01
   7.0392600e+05   3.9794922e+01
   7.0403400e+05   5.1940918e+01
   7.0408200e+05   3.2348633e+01
   7.0416500e+05   3.1250000e+01
   7.0428600e+05   3.1555176e+01
   7.0431000e+05   3.0822754e+01
   7.0435800e+05   3.2897949e+01
   7.0441700e+05   3.0944824e+01
   7.0460400e+05   3.4240723e+01
   7.0471100e+05   4.2846680e+01
   7.0490700e+05   3.5217285e+01
   7.0511800e+05   3.3203125e+01
   7.0538300e+05   3.3691406e+01
   7.0548600e+05   3.6865234e+01
   7.0582400e+05   3.7048340e+01
   7.0615600e+05   3.3142090e+01
   7.5885200e+05   3.1799316e+01
   7.6077100e+05   3.1555176e+01
   7.9558800e+05   3.6804199e+01
   7.9693300e+05   3.3569336e+01
   7.9697800e+05   3.6193848e+01
   7.9702500e+05   3.4667969e+01
   7.9706300e+05   4.2114258e+01
   7.9711900e+05   3.2409668e+01
   8.1883900e+05   3.0761719e+01
   8.1887100e+05   3.2348633e+01
   8.1893300e+05   4.1381836e+01
   8.1895500e+05   3.5278320e+01
   8.1903700e+05   3.2958984e+01
   8.1915400e+05   3.4362793e+01
   8.3986400e+05   3.1921387e+01
   8.3991300e+05   3.6376953e+01
   8.5271700e+05   3.4118652e+01
   8.5274000e+05   3.7536621e+01
   8.5276000e+05   4.3212891e+01
   8.5277700e+05   6.7199707e+01
   8.5279400e+05   3.7597656e+01
   8.5280700e+05   4.7546387e+01
   8.5285400e+05   3.7353516e+01
   8.5287200e+05   5.5725098e+01
   8.5288700e+05   4.4677734e+01
   8.5289900e+05   4.2297363e+01
   8.5292900e+05   3.1494141e+01
   8.5294300e+05   3.9978027e+01
   8.5295900e+05   3.3203125e+01
   8.5298000e+05   3.7353516e+01
   8.5301200e+05   3.1799316e+01
   8.5347100e+05   3.6621094e+01
   8.5381200e+05   3.1860352e+01
   8.7500100e+05   3.1127930e+01
   8.7507600e+05   3.8757324e+01
   8.7512000e+05   3.3630371e+01
   8.7519800e+05   3.7231445e+01
   9.0335700e+05   3.2226563e+01
   9.0559700e+05   3.3508301e+01
   9.0562200e+05   3.3203125e+01
   9.0566100e+05   3.8330078e+01
   9.0567300e+05   3.7780762e+01
   9.0570300e+05   3.4484863e+01
   9.0572700e+05   5.6640625e+01
   9.0574200e+05   4.4433594e+01
   9.0577100e+05   4.2907715e+01
   9.0578500e+05   4.6081543e+01
   9.0580400e+05   3.3203125e+01
   9.0582000e+05   3.4790039e+01
   9.0585400e+05   3.9794922e+01
   9.0588100e+05   3.8024902e+01
   9.0589800e+05   3.2409668e+01
   9.0593400e+05   3.5888672e+01
   9.0595700e+05   4.2968750e+01
   9.0625900e+05   3.3142090e+01
   9.0660600e+05   3.1311035e+01
   9.0666900e+05   3.6254883e+01
   9.2653000e+05   3.4729004e+01
   9.2713700e+05   3.4790039e+01
   9.4814400e+05   3.7231445e+01
   9.4817300e+05   3.2714844e+01
   9.4820600e+05   4.3457031e+01
   9.4827000e+05   3.3874512e+01
   9.4832000e+05   4.5410156e+01
   9.4834300e+05   3.1066895e+01
   9.4846500e+05   3.2653809e+01
   9.4924800e+05   3.0944824e+01
   9.7021700e+05   3.2775879e+01
   9.7027400e+05   3.6682129e+01
   9.7035100e+05   3.6682129e+01
   9.7114600e+05   3.2287598e+01
   9.8204700e+05   3.2470703e+01
   9.8234800e+05   3.5400391e+01
   9.8242600e+05   3.2043457e+01
   9.8249000e+05   3.6682129e+01
   9.8251200e+05   4.1809082e+01
   9.8257700e+05   3.5644531e+01
   9.8263800e+05   4.0832520e+01
   9.8317500e+05   3.2958984e+01
   9.9796500e+05   3.4118652e+01
   1.0083160e+06   3.3264160e+01
   1.0118980e+06   3.2470703e+01
   1.0119480e+06   4.5349121e+01
   1.0119660e+06   4.4250488e+01
   1.0119910e+06   3.4484863e+01
   1.0120020e+06   4.1625977e+01
   1.0120290e+06   3.4729004e+01
   1.0120530e+06   3.1433105e+01
   1.0120670e+06   4.6752930e+01
   1.0121140e+06   4.0466309e+01
   1.0124280e+06   4.1259766e+01
   1.0336950e+06   3.0822754e+01
   1.0337270e+06   4.3701172e+01
   1.0337700e+06   3.1616211e+01
   1.0748750e+06   3.0761719e+01
   1.0904880e+06   3.2409668e+01
   1.0998640e+06   5.0842285e+01
   1.0998880e+06   3.2165527e+01
   1.0999340e+06   3.4240723e+01
   1.1001740e+06   5.1574707e+01
   1.1143280e+06   3.4667969e+01
   1.1143840e+06   3.1127930e+01
   1.1143990e+06   3.1921387e+01
   1.1144210e+06   3.2775879e+01
   1.1144670e+06   4.1198730e+01
   1.1145080e+06   3.1616211e+01
   1.1145420e+06   3.4667969e+01
   1.1145600e+06   5.2307129e+01
   1.1146330e+06   5.2368164e+01
   1.1146750e+06   3.4240723e+01
   1.1147040e+06   4.2541504e+01
   1.1148930e+06   3.7963867e+01
   1.1150350e+06   3.5156250e+01
   1.1153020e+06   3.3996582e+01
   1.1272090e+06   3.9001465e+01
   1.1272240e+06   5.0720215e+01
   1.1272540e+06   4.3151855e+01
   1.1272690e+06   3.0761719e+01
   1.1272980e+06   3.0761719e+01
   1.1273420e+06   3.0761719e+01
   1.1275150e+06   3.5705566e+01
   1.1629630e+06   3.5278320e+01
   1.1648970e+06   3.1433105e+01
   1.1649200e+06   3.3630371e+01
   1.1649630e+06   4.0588379e+01
   1.1650160e+06   3.5156250e+01
   1.1650430e+06   3.4606934e+01
   1.1650810e+06   6.5185547e+01
   1.1651010e+06   6.1767578e+01
   1.1651470e+06   4.7485352e+01
   1.1651920e+06   3.2653809e+01
   1.1652050e+06   3.6865234e+01
   1.1652410e+06   3.6010742e+01
   1.1653080e+06   4.2968750e+01
   1.1845930e+06   3.2775879e+01
   1.1941560e+06   3.3020020e+01
   1.2111900e+06   3.1677246e+01
   1.2155980e+06   3.3935547e+01
   1.2214950e+06   7.1166992e+01
   1.2215080e+06   4.6142578e+01
   1.2215370e+06   3.5644531e+01
   1.2215470e+06   4.0100098e+01
   1.2215730e+06   3.3813477e+01
   1.2215880e+06   6.0302734e+01
   1.2216300e+06   4.3579102e+01
   1.2216570e+06   3.7780762e+01
   1.2216720e+06   5.3039551e+01
   1.2216870e+06   5.0476074e+01
   1.2217060e+06   4.0466309e+01
   1.2217280e+06   3.6743164e+01
   1.2217470e+06   5.6762695e+01
   1.2217770e+06   4.5471191e+01
   1.2217960e+06   3.3325195e+01
   1.2218230e+06   3.7353516e+01
   1.2218420e+06   4.8645020e+01
   1.2218570e+06   4.5471191e+01
   1.2218880e+06   4.1320801e+01
   1.2219190e+06   4.0039063e+01
   1.2219310e+06   4.4311523e+01
   1.2219760e+06   3.6743164e+01
   1.2220640e+06   4.2968750e+01
   1.2221520e+06   3.1921387e+01
   1.2221770e+06   3.4362793e+01
   1.2222350e+06   3.2958984e+01
   1.2222560e+06   3.1005859e+01
   1.2223860e+06   3.8024902e+01
   1.2225230e+06   3.1677246e+01
   1.2225700e+06   4.0039063e+01
   1.2227620e+06   3.2775879e+01
   1.2228040e+06   3.2775879e+01
   1.2232910e+06   3.3508301e+01
   1.2236370e+06   3.1799316e+01
   1.2247380e+06   3.1677246e+01
   1.2247920e+06   3.2714844e+01
   1.2437230e+06   3.1127930e+01
   1.3140400e+06   3.2165527e+01
   1.3145940e+06   3.1738281e+01
   1.3161300e+06   3.4484863e+01
   1.3161660e+06   3.1127930e+01
   1.3175430e+06   5.7434082e+01
   1.3175730e+06   3.7902832e+01
   1.3176030e+06   3.2348633e+01
   1.3176770e+06   5.0720215e+01
   1.3177040e+06   3.4545898e+01
   1.3177530e+06   3.1555176e+01
   1.3177890e+06   3.2714844e+01
   1.3179430e+06   3.0761719e+01
   1.3179640e+06   3.5766602e+01
   1.3180090e+06   3.5644531e+01
   1.3181030e+06   3.1738281e+01
   1.3427120e+06   3.2836914e+01
   1.3428290e+06   3.2165527e+01
   1.3428420e+06   3.5888672e+01
   1.3429020e+06   3.5583496e+01
   1.3429520e+06   3.5522461e+01
   1.3429740e+06   3.5034180e+01
   1.3429970e+06   5.8837891e+01
   1.3430100e+06   3.3386230e+01
   1.3430740e+06   3.6437988e+01
   1.3430880e+06   3.3935547e+01
   1.3431300e+06   3.3813477e+01
   1.3431430e+06   3.0822754e+01
   1.3432060e+06   3.5888672e+01
   1.3434060e+06   3.7170410e+01
   1.3438080e+06   3.5339355e+01
   1.3790360e+06   3.0944824e+01
   1.3791340e+06   3.1311035e+01
   1.3792090e+06   3.7353516e+01
   1.3792520e+06   3.5827637e+01
   1.3793060e+06   3.6315918e+01
   1.3793190e+06   3.1677246e+01
   1.3793320e+06   4.4921875e+01
   1.3793780e+06   3.2531738e+01
   1.3794370e+06   3.8513184e+01
   1.3795130e+06   3.1982422e+01
   1.3940880e+06   3.0822754e+01
   1.4069500e+06   3.4118652e+01
   1.4130080e+06   3.1677246e+01
   1.4180050e+06   3.1677246e+01
   1.4196950e+06   3.0822754e+01
   1.4275810e+06   3.1616211e+01
   1.4278430e+06   3.4729004e+01
   1.4620840e+06   3.3447266e+01
   1.4776940e+06   3.0944824e+01
   1.4777790e+06   3.1799316e+01
   1.4779200e+06   3.2531738e+01
   1.5182020e+06   3.5217285e+01
   1.5182170e+06   4.3090820e+01
   1.5182390e+06   3.9550781e+01
   1.5182630e+06   4.1503906e+01
   1.5182740e+06   4.2175293e+01
   1.5182920e+06   6.3171387e+01
   1.5183240e+06   4.7729492e+01
   1.5183400e+06   7.7575684e+01
   1.5183840e+06   4.5288086e+01
   1.5183940e+06   3.4667969e+01
   1.5184250e+06   4.4494629e+01
   1.5184420e+06   3.8818359e+01
   1.5184630e+06   3.1250000e+01
   1.5184760e+06   3.4057617e+01
   1.5185560e+06   3.2226563e+01
   1.5188180e+06   3.2226563e+01
   1.5189900e+06   3.4912109e+01
   1.5192290e+06   4.2053223e+01
   1.5355480e+06   3.5644531e+01
   1.5435540e+06   3.0822754e+01
   1.5549120e+06   3.2836914e+01
   1.5549310e+06   3.3874512e+01
   1.5550610e+06   3.4729004e+01
   1.5550840e+06   4.3945313e+01
   1.5727730e+06   3.3935547e+01
   1.5776730e+06   3.1677246e+01
   1.5817080e+06   3.5461426e+01
   1.5990510e+06   3.1921387e+01
   1.5991470e+06   4.4799805e+01
   1.5991870e+06   3.5217285e+01
   1.5992090e+06   3.3874512e+01
   1.5992550e+06   4.4311523e+01
   1.5993120e+06   3.2714844e+01
   1.5993510e+06   5.2917480e+01
   1.5993900e+06   3.3020020e+01
   1.5994090e+06   3.4423828e+01
   1.5995260e+06   3.2531738e+01
   1.5996980e+06   3.5095215e+01
   1.5997360e+06   3.3203125e+01
   1.5999050e+06   3.1799316e+01
   1.6202730e+06   3.1372070e+01
   1.6414830e+06   3.6010742e+01
   1.6415120e+06   4.4921875e+01
   1.6415350e+06   3.6621094e+01
   1.6415750e+06   4.6142578e+01
   1.6415910e+06   3.3508301e+01
   1.6416260e+06   3.1494141e+01
   1.6416990e+06   3.1799316e+01
   1.6581550e+06   4.4250488e+01
   1.6581790e+06   3.3752441e+01
   1.6581940e+06   4.2602539e+01
   1.6582320e+06   3.8146973e+01
   1.6582750e+06   4.8156738e+01
   1.6582950e+06   3.1188965e+01
   1.6583200e+06   3.6621094e+01
   1.6583460e+06   3.2043457e+01
   1.6583680e+06   5.2917480e+01
   1.6584390e+06   3.1860352e+01
   1.6584630e+06   3.4729004e+01
   1.6584900e+06   4.5227051e+01
   1.6585020e+06   3.6560059e+01
   1.6585590e+06   3.7780762e+01
   1.6585900e+06   3.6987305e+01
   1.6586190e+06   4.0344238e+01
   1.6586500e+06   4.2846680e+01
   1.6586920e+06   3.7170410e+01
   1.6587100e+06   3.2226563e+01
   1.6587500e+06   3.0761719e+01
   1.6588580e+06   4.3457031e+01
   1.6588820e+06   3.2653809e+01
   1.6588950e+06   3.4606934e+01
   1.6589860e+06   5.0476074e+01
   1.6590430e+06   3.1677246e+01
   1.6591070e+06   3.2165527e+01
   1.6592210e+06   3.4423828e+01
   1.6592570e+06   4.9255371e+01
   1.6593780e+06   4.2236328e+01
   1.6593980e+06   3.3935547e+01
   1.6595100e+06   3.2470703e+01
   1.6595440e+06   3.5034180e+01
   1.6596490e+06   3.5156250e+01
   1.7017060e+06   4.6142578e+01
   1.7150330e+06   3.9245605e+01
   1.7150450e+06   3.6499023e+01
   1.7150580e+06   3.3813477e+01
   1.7151000e+06   3.5522461e+01
   1.7151460e+06   4.1931152e+01
   1.7152220e+06   4.4921875e+01
   1.7438050e+06   3.3508301e+01
   1.7734810e+06   3.2531738e+01
   1.7735920e+06   3.1738281e+01
   1.7749750e+06   3.1799316e+01
   1.7749890e+06   4.8522949e+01
   1.7750090e+06   4.1259766e+01
   1.7750380e+06   4.0405273e+01
   1.7750580e+06   5.5114746e+01
   1.7750830e+06   5.0048828e+01
   1.7751060e+06   3.3081055e+01
   1.7751230e+06   3.9794922e+01
   1.7751450e+06   3.5156250e+01
   1.7751600e+06   3.7353516e+01
   1.7751900e+06   3.1494141e+01
   1.7752150e+06   3.2043457e+01
   1.7962320e+06   3.7841797e+01
   1.8003990e+06   3.0822754e+01
   1.8148880e+06   3.4667969e+01
   1.8183780e+06   4.0161133e+01
   1.8184840e+06   3.4118652e+01
   1.8185370e+06   3.4790039e+01
   1.8189040e+06   3.2348633e+01
   1.8279000e+06   3.0883789e+01
   1.8572070e+06   3.1677246e+01
   1.8572550e+06   3.1311035e+01
   1.8574160e+06   3.2104492e+01
   1.8707840e+06   3.4240723e+01
   1.8783310e+06   3.5827637e+01
   1.8789420e+06   3.0944824e+01
   1.8877880e+06   3.1188965e+01
   1.9012670e+06   3.1372070e+01
   1.9346760e+06   3.4423828e+01
   1.9347890e+06   3.1616211e+01
   1.9349110e+06   4.1320801e+01
   1.9349260e+06   3.8391113e+01
   1.9350170e+06   3.9245605e+01
   1.9350430e+06   4.7607422e+01
   1.9351040e+06   4.0832520e+01
   1.9351290e+06   3.5949707e+01
   1.9356090e+06   3.5278320e+01
   1.9533740e+06   4.1564941e+01
   1.9534450e+06   4.3823242e+01
   1.9534840e+06   3.2714844e+01
   1.9535760e+06   3.1311035e+01
   1.9908290e+06   3.2531738e+01
   1.9910600e+06   3.3630371e+01
   1.9914110e+06   3.1127930e+01
   2.0030750e+06   3.1555176e+01
   2.0238070e+06   3.3447266e+01
   2.0300400e+06   3.2226563e+01
   2.0320930e+06   3.1616211e+01
   2.0321330e+06   3.2470703e+01
   2.0321560e+06   4.2053223e+01
   2.0321740e+06   3.0883789e+01
   2.0321960e+06   3.8696289e+01
   2.0322410e+06   3.6437988e+01
   2.0322920e+06   4.0954590e+01
   2.0323260e+06   3.2104492e+01
   2.0323530e+06   4.1442871e+01
   2.0323750e+06   3.0883789e+01
   2.0324130e+06   3.3813477e+01
   2.0325570e+06   3.8940430e+01
   2.0328310e+06   4.0527344e+01
   2.0649310e+06   3.1250000e+01
   2.0964780e+06   3.3142090e+01
   2.0965000e+06   3.2043457e+01
   2.0965340e+06   4.1809082e+01
   2.0965820e+06   3.4423828e+01
   2.0966370e+06   3.7475586e+01
   2.0967800e+06   3.3691406e+01
   2.1138430e+06   3.1982422e+01
   2.1171800e+06   3.2287598e+01
   2.1286410e+06   3.2592773e+01
   2.1314140e+06   3.3142090e+01
   2.1314250e+06   3.3142090e+01
   2.1314810e+06   3.7475586e+01
   2.1315600e+06   3.6437988e+01
   2.1315760e+06   4.9743652e+01
   2.1316110e+06   3.8940430e+01
   2.1316240e+06   4.0893555e+01
   2.1316470e+06   3.7170410e+01
   2.1316710e+06   3.6682129e+01
   2.1316990e+06   3.6987305e+01
   2.1317340e+06   3.9428711e+01
   2.1317590e+06   3.3020020e+01
   2.1318210e+06   3.2165527e+01
   2.1320230e+06   3.6254883e+01
   2.1321290e+06   3.5034180e+01
   2.1322390e+06   3.2836914e+01
   2.1477390e+06   3.3325195e+01
   2.1684340e+06   3.5949707e+01
   2.1684590e+06   3.5339355e+01
   2.1684810e+06   3.2104492e+01
   2.1685320e+06   3.7658691e+01
   2.1685540e+06   4.0527344e+01
   2.1685790e+06   4.2419434e+01
   2.1686000e+06   3.7658691e+01
   2.1687060e+06   3.1738281e+01
   2.1687640e+06   3.1738281e+01
   2.1687920e+06   3.2836914e+01
   2.1688810e+06   3.1433105e+01
   2.1695140e+06   3.8391113e+01
   2.1988900e+06   3.1982422e+01
   2.1993930e+06   4.2053223e+01
   2.2133590e+06   3.8574219e+01
   2.2134010e+06   3.7902832e+01
   2.2134510e+06   3.2470703e+01
   2.2134680e+06   3.4851074e+01
   2.2135580e+06   3.1250000e+01
   2.2135820e+06   3.3203125e+01
   2.2135990e+06   3.3203125e+01
   2.2136630e+06   3.1188965e+01
   2.2136900e+06   3.2836914e+01
   2.2140170e+06   3.0822754e+01
   2.2309080e+06   3.1921387e+01
   2.2313170e+06   4.1259766e+01
   2.2370860e+06   3.1372070e+01
   2.2586060e+06   3.3874512e+01
   2.2632170e+06   3.1005859e+01
   2.2632520e+06   4.6386719e+01
   2.2633320e+06   3.4118652e+01
   2.2742300e+06   4.0161133e+01
   2.2742430e+06   3.9550781e+01
   2.2742910e+06   3.5705566e+01
   2.2743010e+06   3.9306641e+01
   2.2743210e+06   3.1188965e+01
   2.2743540e+06   3.8940430e+01
   2.2743710e+06   3.4118652e+01
   2.2744200e+06   4.5654297e+01
   2.2744360e+06   4.2114258e+01
   2.2744590e+06   5.2307129e+01
   2.2744810e+06   3.3325195e+01
   2.2745340e+06   3.2531738e+01
   2.2745490e+06   3.1433105e+01
   2.2745850e+06   3.3203125e+01
   2.2746180e+06   3.7048340e+01
   2.2747680e+06   3.1066895e+01
   2.2750630e+06   3.5034180e+01
   2.3007060e+06   3.2470703e+01
   2.3391410e+06   3.1188965e+01
   2.3391920e+06   4.5593262e+01
   2.3392210e+06   3.4057617e+01
   2.3392450e+06   4.9438477e+01
   2.3392630e+06   4.4677734e+01
   2.3392830e+06   5.6884766e+01
   2.3393000e+06   5.4321289e+01
   2.3393290e+06   3.1311035e+01
   2.3393620e+06   3.2226563e+01
   2.3393890e+06   4.3945313e+01
   2.3394080e+06   5.3955078e+01
   2.3394260e+06   6.2377930e+01
   2.3394410e+06   3.3935547e+01
   2.3394690e+06   3.8391113e+01
   2.3394880e+06   3.3630371e+01
   2.3395170e+06   3.1127930e+01
   2.3395330e+06   5.1208496e+01
   2.3395970e+06   4.0039063e+01
   2.3396870e+06   3.6743164e+01
   2.3398190e+06   3.9001465e+01
   2.3400310e+06   3.0761719e+01
   2.3400580e+06   3.4851074e+01
   2.3402820e+06   3.3264160e+01
   2.3404200e+06   4.4921875e+01
   2.3404940e+06   3.3081055e+01
   2.3406030e+06   3.5095215e+01
   2.3406420e+06   3.8696289e+01
   2.3407180e+06   3.1250000e+01
   2.3407450e+06   3.2897949e+01
   2.3409810e+06   3.0822754e+01
   2.3412620e+06   3.7902832e+01
   2.3414110e+06   3.3691406e+01
   2.3418400e+06   3.4973145e+01
   2.3818820e+06   3.8574219e+01
   2.4309640e+06   3.3813477e+01
   2.4317600e+06   3.1738281e+01
   2.4502620e+06   3.4973145e+01
   2.4503360e+06   3.1372070e+01
   2.4503820e+06   3.2226563e+01
   2.4506150e+06   4.0954590e+01
   2.4678570e+06   3.4790039e+01
   2.4733240e+06   4.0039063e+01
   2.4733420e+06   4.7485352e+01
   2.4733620e+06   5.4504395e+01
   2.4734060e+06   3.8146973e+01
   2.4734430e+06   3.9245605e+01
   2.4742530e+06   3.7841797e+01
   2.4989950e+06   3.7963867e+01
   2.4990240e+06   3.8757324e+01
   2.4990510e+06   3.2714844e+01
   2.4990740e+06   5.2734375e+01
   2.4991080e+06   4.9560547e+01
   2.4991310e+06   3.7597656e+01
   2.4991570e+06   3.2226563e+01
   2.4991680e+06   3.5095215e+01
   2.4991810e+06   4.7607422e+01
   2.4991950e+06   3.6132813e+01
   2.4992160e+06   3.8757324e+01
   2.4992280e+06   4.0466309e+01
   2.4992480e+06   4.4616699e+01
   2.4992660e+06   5.5053711e+01
   2.4992770e+06   4.0344238e+01
   2.4992990e+06   4.1259766e+01
   2.4993330e+06   4.6081543e+01
   2.4993550e+06   3.2226563e+01
   2.4993780e+06   3.8879395e+01
   2.4993960e+06   3.4729004e+01
   2.4994100e+06   3.1127930e+01
   2.4994290e+06   4.8095703e+01
   2.4994400e+06   3.6437988e+01
   2.4994520e+06   3.4240723e+01
   2.4994930e+06   3.3935547e+01
   2.4995220e+06   5.2978516e+01
   2.4995330e+06   3.4057617e+01
   2.4995960e+06   3.8757324e+01
   2.4999070e+06   4.1198730e+01
   2.4999610e+06   3.5766602e+01
   2.4999870e+06   3.4179688e+01
   2.5000650e+06   4.1259766e+01
   2.5003640e+06   3.6682129e+01
   2.5006020e+06   3.1311035e+01
   2.5006260e+06   3.1921387e+01
   2.5007460e+06   3.1005859e+01
   2.5008440e+06   3.2592773e+01
   2.5012350e+06   3.6682129e+01
   2.5013350e+06   3.3081055e+01
   2.5016080e+06   3.3142090e+01
   2.5018200e+06   3.4179688e+01
   2.5613590e+06   3.2836914e+01
   2.5614210e+06   5.6518555e+01
   2.5619220e+06   3.1066895e+01
   2.5639380e+06   3.1799316e+01
   2.5648170e+06   3.3569336e+01
   2.5851730e+06   3.1799316e+01
   2.5866900e+06   3.1860352e+01
   2.5913990e+06   3.6621094e+01
   2.5914570e+06   4.0161133e+01
   2.5914850e+06   4.5349121e+01
   2.5915010e+06   4.8400879e+01
   2.5917600e+06   3.1433105e+01
   2.6222060e+06   3.1127930e+01
   2.6222410e+06   3.9489746e+01
   2.6223400e+06   3.3142090e+01
   2.6223820e+06   3.8940430e+01
   2.6224560e+06   3.9001465e+01
   2.6224830e+06   3.4301758e+01
   2.6225210e+06   3.3630371e+01
   2.6226520e+06   3.1433105e+01
   2.6226940e+06   3.6315918e+01
   2.6356730e+06   3.1616211e+01
   2.6548930e+06   3.1921387e+01
   2.6811590e+06   3.4606934e+01
   2.6830800e+06   3.0883789e+01
   2.7003830e+06   3.1799316e+01
   2.7004370e+06   4.0283203e+01
   2.7004500e+06   4.6203613e+01
   2.7004670e+06   4.3518066e+01
   2.7005040e+06   3.5339355e+01
   2.7005210e+06   3.1372070e+01
   2.7005470e+06   3.5705566e+01
   2.7005800e+06   3.7658691e+01
   2.7006220e+06   4.4677734e+01
   2.7007720e+06   3.1127930e+01
   2.7214980e+06   4.4433594e+01
   2.7216630e+06   3.6865234e+01
   2.7314390e+06   3.4973145e+01
   2.7314620e+06   5.5541992e+01
   2.7314960e+06   4.5654297e+01
   2.7315070e+06   3.1372070e+01
   2.7315500e+06   3.5705566e+01
   2.7315680e+06   7.5073242e+01
   2.7315900e+06   3.3447266e+01
   2.7316170e+06   5.2734375e+01
   2.7316470e+06   5.7128906e+01
   2.7316660e+06   3.4179688e+01
   2.7316760e+06   5.5053711e+01
   2.7316900e+06   3.7719727e+01
   2.7317090e+06   3.3813477e+01
   2.7317310e+06   4.9072266e+01
   2.7317460e+06   6.2133789e+01
   2.7317740e+06   5.0048828e+01
   2.7318150e+06   3.1860352e+01
   2.7318400e+06   3.9794922e+01
   2.7318610e+06   3.5522461e+01
   2.7318820e+06   3.1738281e+01
   2.7319100e+06   4.0588379e+01
   2.7319220e+06   3.2165527e+01
   2.7319990e+06   3.3752441e+01
   2.7321120e+06   3.5339355e+01
   2.7321280e+06   3.3691406e+01
   2.7322080e+06   4.0283203e+01
   2.7322740e+06   3.3386230e+01
   2.7323340e+06   3.2958984e+01
   2.7324170e+06   3.3996582e+01
   2.7324510e+06   3.4667969e+01
   2.7325140e+06   3.3142090e+01
   2.7325830e+06   3.5522461e+01
   2.7326330e+06   3.2653809e+01
   2.7328140e+06   3.3325195e+01
   2.7328580e+06   3.3203125e+01
   2.7328730e+06   3.1372070e+01
   2.7329710e+06   3.4973145e+01
   2.7331080e+06   3.3020020e+01
   2.7331450e+06   3.1616211e+01
   2.7334170e+06   3.1433105e+01
   2.7338170e+06   3.0822754e+01
   2.7771080e+06   3.1677246e+01
   2.7926160e+06   3.1005859e+01
   2.8051260e+06   3.3142090e+01
   2.8144340e+06   5.2795410e+01
   2.8144960e+06   3.5034180e+01
   2.8145300e+06   3.4851074e+01
   2.8145460e+06   4.0710449e+01
   2.8145890e+06   3.5156250e+01
   2.8146030e+06   3.9001465e+01
   2.8146220e+06   3.3691406e+01
   2.8146570e+06   3.3935547e+01
   2.8146700e+06   3.0944824e+01
   2.8151230e+06   3.2043457e+01
   2.8153610e+06   3.7475586e+01
   2.8490380e+06   3.2531738e+01
   2.8494040e+06   3.2409668e+01
   2.8495450e+06   4.3029785e+01
   2.8743400e+06   3.4057617e+01
   2.8832310e+06   3.5156250e+01
   2.8833330e+06   3.3752441e+01
   2.8833910e+06   3.1616211e+01
   2.9090160e+06   3.4301758e+01
   2.9091130e+06   3.6804199e+01
   2.9091430e+06   3.6743164e+01
   2.9092570e+06   3.1494141e+01
   2.9100380e+06   3.5034180e+01
   2.9100600e+06   3.8146973e+01
   2.9100840e+06   3.3386230e+01
   2.9101120e+06   3.9123535e+01
   2.9101320e+06   4.0954590e+01
   2.9101700e+06   3.5888672e+01
   2.9101940e+06   4.0710449e+01
   2.9102190e+06   3.3630371e+01
   2.9102420e+06   3.8269043e+01
   2.9102780e+06   3.4179688e+01
   2.9103330e+06   3.1311035e+01
   2.9103940e+06   4.9377441e+01
   2.9326760e+06   3.1616211e+01
   2.9326860e+06   3.2836914e+01
   2.9327120e+06   4.1625977e+01
   2.9327480e+06   3.9245605e+01
   2.9327590e+06   3.2836914e+01
   2.9328190e+06   3.6804199e+01
   2.9328620e+06   3.2653809e+01
   2.9328740e+06   3.6499023e+01
   2.9328940e+06   4.2846680e+01
   2.9329170e+06   3.8024902e+01
   2.9581940e+06   3.8208008e+01
   2.9582180e+06   3.4729004e+01
   2.9582410e+06   3.6132813e+01
   2.9582520e+06   3.9184570e+01
   2.9583160e+06   3.1311035e+01
   2.9583730e+06   3.3325195e+01
   2.9583890e+06   5.3588867e+01
   2.9584020e+06   4.2968750e+01
   2.9584370e+06   3.8940430e+01
   2.9584810e+06   3.3630371e+01
   2.9960730e+06   3.6682129e+01
   3.0108190e+06   3.0883789e+01
   3.0143420e+06   3.1982422e+01
   3.0222010e+06   4.0527344e+01
   3.0222480e+06   3.5644531e+01
   3.0222880e+06   3.9672852e+01
   3.0223100e+06   3.5034180e+01
   3.0223290e+06   4.4494629e+01
   3.0224150e+06   3.6437988e+01
   3.0224360e+06   4.1259766e+01
   3.0225380e+06   3.5339355e+01
   3.0226160e+06   4.8889160e+01
   3.0230520e+06   3.1494141e+01
   3.0630180e+06   3.4057617e+01
   3.0630750e+06   3.7841797e+01
   3.0630960e+06   3.5278320e+01
   3.0631080e+06   3.7292480e+01
   3.0631470e+06   5.1940918e+01
   3.0631710e+06   4.9377441e+01
   3.0631830e+06   3.3630371e+01
   3.0632060e+06   3.3691406e+01
   3.0632550e+06   3.5949707e+01
   3.0632780e+06   4.9621582e+01
   3.0633020e+06   3.2714844e+01
   3.0633490e+06   4.5654297e+01
   3.0633990e+06   3.8330078e+01
   3.0806840e+06   3.6865234e+01
   3.0973890e+06   3.1311035e+01
   3.0994960e+06   4.4616699e+01
   3.0995240e+06   3.3264160e+01
   3.0996320e+06   4.2297363e+01
   3.0996480e+06   3.4729004e+01
   3.1006660e+06   3.2043457e+01
   3.1133340e+06   3.1188965e+01
   3.1133700e+06   3.4301758e+01
   3.1134850e+06   3.7353516e+01
   3.1141760e+06   4.1931152e+01
   3.1141890e+06   3.9306641e+01
   3.1142050e+06   4.1198730e+01
   3.1142330e+06   4.6264648e+01
   3.1142470e+06   3.6437988e+01
   3.1142600e+06   5.5236816e+01
   3.1142820e+06   3.2714844e+01
   3.1143010e+06   3.8818359e+01
   3.1143170e+06   3.5583496e+01
   3.1143340e+06   4.7973633e+01
   3.1144090e+06   4.0832520e+01
   3.1144310e+06   3.3508301e+01
   3.1144440e+06   3.4545898e+01
   3.1146490e+06   3.5949707e+01
   3.1606220e+06   3.3630371e+01
   3.1622130e+06   3.7536621e+01
   3.1624550e+06   3.3874512e+01
   3.1707850e+06   3.2836914e+01
   3.1708100e+06   3.6254883e+01
   3.1708360e+06   4.4311523e+01
   3.1708540e+06   3.2287598e+01
   3.1708740e+06   4.3884277e+01
   3.1708970e+06   5.8776855e+01
   3.1709130e+06   4.0466309e+01
   3.1709300e+06   3.1677246e+01
   3.1709470e+06   4.0344238e+01
   3.1709890e+06   3.5583496e+01
   3.1710680e+06   3.3691406e+01
   3.1711000e+06   4.3395996e+01
   3.1711710e+06   3.2775879e+01
   3.1712110e+06   4.0100098e+01
   3.1712230e+06   3.6743164e+01
   3.1712540e+06   3.6926270e+01
   3.1716110e+06   3.1127930e+01
   3.1878260e+06   3.0761719e+01
   3.2069060e+06   3.4973145e+01
   3.2155990e+06   3.6499023e+01
   3.2156130e+06   3.5034180e+01
   3.2156290e+06   3.9306641e+01
   3.2156600e+06   3.3569336e+01
   3.2156880e+06   3.3569336e+01
   3.2157100e+06   6.3720703e+01
   3.2157460e+06   3.7109375e+01
   3.2157600e+06   4.3395996e+01
   3.2157780e+06   3.3569336e+01
   3.2158040e+06   4.2236328e+01
   3.2158390e+06   3.4301758e+01
   3.2158830e+06   3.5400391e+01
   3.2160100e+06   3.5339355e+01
   3.2160770e+06   3.7841797e+01
   3.2162180e+06   3.1433105e+01
   3.2162830e+06   3.3142090e+01
   3.2166170e+06   3.1494141e+01
   3.2667390e+06   3.1372070e+01
   3.2788820e+06   3.6132813e+01
   3.2788990e+06   6.2377930e+01
   3.2789090e+06   4.5532227e+01
   3.2789390e+06   3.3203125e+01
   3.2789860e+06   3.4606934e+01
   3.2790140e+06   3.1677246e+01
   3.2790310e+06   3.9855957e+01
   3.2790530e+06   3.3569336e+01
   3.2794070e+06   3.1616211e+01
   3.2942520e+06   3.1005859e+01
   3.2963640e+06   3.3874512e+01
   3.2963890e+06   3.9794922e+01
   3.2964380e+06   3.9245605e+01
   3.2964540e+06   3.3325195e+01
   3.2965970e+06   3.3264160e+01
   3.3093180e+06   3.2592773e+01
   3.3121020e+06   3.1738281e+01
   3.3124230e+06   3.6560059e+01
   3.3132850e+06   3.5278320e+01
   3.3248830e+06   3.3508301e+01
   3.3289310e+06   3.5461426e+01
   3.3520700e+06   3.1066895e+01
   3.3521340e+06   3.4545898e+01
   3.3521890e+06   3.1250000e+01
   3.3607960e+06   3.4301758e+01
   3.3614340e+06   3.6743164e+01
   3.3614620e+06   4.0161133e+01
   3.3615010e+06   3.1982422e+01
   3.3615200e+06   3.7963867e+01
   3.3615360e+06   3.2409668e+01
   3.3615590e+06   3.2714844e+01
   3.3615760e+06   4.6997070e+01
   3.3616060e+06   3.9245605e+01
   3.3616470e+06   3.2775879e+01
   3.3617010e+06   3.8024902e+01
   3.3619300e+06   3.2531738e+01
   3.3619750e+06   3.3996582e+01
   3.4124820e+06   3.0761719e+01
   3.4250410e+06   4.6203613e+01
   3.4250530e+06   4.6508789e+01
   3.4250980e+06   4.5654297e+01
   3.4251120e+06   3.5461426e+01
   3.4251970e+06   3.7475586e+01
   3.4252630e+06   3.2592773e+01
   3.4419450e+06   3.0883789e+01
   3.4419710e+06   4.3212891e+01
   3.4639240e+06   3.3813477e+01
   3.4639600e+06   4.3395996e+01
   3.4639700e+06   4.2968750e+01
   3.4639840e+06   3.1433105e+01
   3.4640020e+06   3.3935547e+01
   3.4640250e+06   4.1137695e+01
   3.4640390e+06   3.8513184e+01
   3.4640490e+06   5.6335449e+01
   3.4640760e+06   3.3630371e+01
   3.4641030e+06   4.7973633e+01
   3.4641160e+06   3.4667969e+01
   3.4641320e+06   3.9001465e+01
   3.4641580e+06   3.3203125e+01
   3.4641950e+06   3.3630371e+01
   3.4642400e+06   3.5339355e+01
   3.4643830e+06   3.5400391e+01
   3.4646700e+06   3.6804199e+01
   3.5157600e+06   3.3752441e+01
   3.5158330e+06   3.3752441e+01
   3.5503150e+06   5.1269531e+01
   3.5516440e+06   4.0649414e+01
   3.5524710e+06   3.1799316e+01
   3.5525150e+06   3.1250000e+01
   3.5525560e+06   3.6499023e+01
   3.5525910e+06   3.8879395e+01
   3.5526050e+06   3.1005859e+01
   3.5526210e+06   5.4626465e+01
   3.5526560e+06   4.6936035e+01
   3.5526920e+06   4.1992188e+01
   3.5527840e+06   4.2175293e+01
   3.5528450e+06   4.0832520e+01
   3.5528850e+06   4.0039063e+01
   3.5529330e+06   4.1687012e+01
   3.5529740e+06   4.0283203e+01
   3.5724820e+06   3.1982422e+01
   3.5893430e+06   3.1494141e+01
   3.5894390e+06   3.3142090e+01
   3.5895390e+06   3.0761719e+01
   3.6113680e+06   3.2104492e+01
   3.6120870e+06   3.8085938e+01
   3.6121290e+06   3.5278320e+01
   3.6121820e+06   4.1259766e+01
   3.6122020e+06   3.4667969e+01
   3.6122230e+06   3.1311035e+01
   3.6122510e+06   3.1555176e+01
   3.6124180e+06   3.2897949e+01
   3.6267760e+06   3.1433105e+01
   3.6282140e+06   3.4301758e+01
   3.6282320e+06   3.3142090e+01
   3.6282620e+06   3.6926270e+01
   3.6283260e+06   3.9550781e+01
   3.6283740e+06   4.3151855e+01
   3.6964540e+06   3.1799316e+01
   3.7014860e+06   4.0832520e+01
   3.7015190e+06   5.4382324e+01
   3.7015340e+06   5.2551270e+01
   3.7015450e+06   4.2236328e+01
   3.7015680e+06   4.3518066e+01
   3.7015900e+06   3.6437988e+01
   3.7016030e+06   4.7668457e+01
   3.7016200e+06   3.7719727e+01
   3.7016440e+06   4.1320801e+01
   3.7016580e+06   5.3039551e+01
   3.7016860e+06   3.2958984e+01
   3.7017070e+06   4.7546387e+01
   3.7017470e+06   3.3203125e+01
   3.7017630e+06   4.1381836e+01
   3.7017780e+06   3.6743164e+01
   3.7018160e+06   5.1818848e+01
   3.7018420e+06   4.1503906e+01
   3.7018780e+06   3.4973145e+01
   3.7020520e+06   3.7719727e+01
   3.7021370e+06   3.5766602e+01
   3.7022070e+06   3.6193848e+01
   3.7022450e+06   4.2663574e+01
   3.7023320e+06   3.2348633e+01
   3.7023940e+06   3.8757324e+01
   3.7025740e+06   3.2043457e+01
   3.7026780e+06   3.5522461e+01
   3.7027500e+06   3.5400391e+01
   3.7027730e+06   3.7414551e+01
   3.7029020e+06   3.2470703e+01
   3.7029750e+06   3.3996582e+01
   3.7032080e+06   3.4057617e+01
   3.7036810e+06   3.0944824e+01
   3.7047020e+06   3.1921387e+01
   3.7274410e+06   3.0883789e+01
   3.7612670e+06   3.3752441e+01
   3.7672090e+06   3.3081055e+01
   3.7851550e+06   4.1564941e+01
   3.7853070e+06   3.2226563e+01
   3.7854340e+06   3.0822754e+01
   3.7855520e+06   3.1188965e+01
   3.7855640e+06   3.5095215e+01
   3.7857010e+06   3.4667969e+01
   3.8141050e+06   3.1433105e+01
   3.8145970e+06   3.2958984e+01
   3.8147840e+06   3.1127930e+01
   3.8571090e+06   3.2226563e+01
   3.8572980e+06   4.2541504e+01
   3.8573180e+06   3.2043457e+01
   3.8573650e+06   3.3447266e+01
   3.8573790e+06   3.4484863e+01
   3.8799450e+06   4.2236328e+01
   3.8799720e+06   4.6875000e+01
   3.8799960e+06   5.1391602e+01
   3.8800080e+06   4.1625977e+01
   3.8800240e+06   3.3325195e+01
   3.8800350e+06   4.5043945e+01
   3.8800630e+06   3.2958984e+01
   3.8800820e+06   3.7109375e+01
   3.8800980e+06   5.4504395e+01
   3.8801170e+06   4.7668457e+01
   3.8801380e+06   4.0161133e+01
   3.8801490e+06   4.3945312e+01
   3.8801670e+06   3.9550781e+01
   3.8801780e+06   4.6508789e+01
   3.8801970e+06   5.6945801e+01
   3.8802150e+06   5.9753418e+01
   3.8802310e+06   3.4362793e+01
   3.8802560e+06   4.1503906e+01
   3.8802740e+06   4.2907715e+01
   3.8802920e+06   3.8757324e+01
   3.8803070e+06   5.4199219e+01
   3.8803530e+06   4.3579102e+01
   3.8803860e+06   3.3020020e+01
   3.8804070e+06   3.0944824e+01
   3.8804180e+06   3.6254883e+01
   3.8804500e+06   3.6987305e+01
   3.8804800e+06   3.1066895e+01
   3.8804940e+06   3.4484863e+01
   3.8805280e+06   3.3691406e+01
   3.8805580e+06   3.1066895e+01
   3.8806240e+06   3.1860352e+01
   3.8806410e+06   3.7658691e+01
   3.8807490e+06   3.3691406e+01
   3.8809120e+06   3.9794922e+01
   3.8809470e+06   4.2358398e+01
   3.8809930e+06   3.9062500e+01
   3.8810470e+06   3.6437988e+01
   3.8812020e+06   3.6437988e+01
   3.8813620e+06   3.0883789e+01
   3.8816280e+06   3.1677246e+01
   3.8816890e+06   3.2409668e+01
   3.8818180e+06   3.5827637e+01
   3.9215640e+06   3.2836914e+01
   3.9751430e+06   3.0761719e+01
   3.9769060e+06   3.5522461e+01
   3.9769450e+06   4.3151855e+01
   3.9769790e+06   5.1818848e+01
   3.9769910e+06   3.0944824e+01
   3.9770190e+06   4.1748047e+01
   3.9770360e+06   3.1311035e+01
   3.9770690e+06   6.0668945e+01
   3.9770940e+06   6.5002441e+01
   3.9771360e+06   3.6010742e+01
   3.9771600e+06   3.9672852e+01
   3.9771750e+06   3.1494141e+01
   3.9772160e+06   3.2409668e+01
   3.9773460e+06   4.3395996e+01
   3.9773590e+06   4.9316406e+01
   3.9775410e+06   4.0954590e+01
   3.9775540e+06   4.0405273e+01
   3.9777240e+06   3.9001465e+01
   3.9780820e+06   3.7597656e+01
   3.9782370e+06   3.1127930e+01
   3.9974780e+06   3.2348633e+01
   4.0087610e+06   3.2043457e+01
   4.0177280e+06   3.1066895e+01
   4.0177550e+06   3.6926270e+01
   4.0177820e+06   6.2316895e+01
   4.0178580e+06   4.3212891e+01
   4.0178750e+06   3.6315918e+01
   4.0178920e+06   5.2246094e+01
   4.0179040e+06   4.2480469e+01
   4.0179310e+06   4.1503906e+01
   4.0179540e+06   4.4799805e+01
   4.0179700e+06   3.2775879e+01
   4.0179950e+06   3.9550781e+01
   4.0180050e+06   3.6437988e+01
   4.0180440e+06   4.7363281e+01
   4.0180750e+06   4.0710449e+01
   4.0181360e+06   3.6682129e+01
   4.0181870e+06   3.2531738e+01
   4.0183230e+06   3.4423828e+01
   4.0187670e+06   4.1564941e+01
   4.0714390e+06   3.1799316e+01
   4.0719800e+06   3.8513184e+01
   4.0956650e+06   3.7109375e+01
   4.0957010e+06   4.1320801e+01
   4.0957290e+06   7.6293945e+01
   4.0957420e+06   5.1635742e+01
   4.0957670e+06   3.9794922e+01
   4.0957890e+06   3.8635254e+01
   4.0958080e+06   6.3537598e+01
   4.0958280e+06   4.2297363e+01
   4.0958720e+06   4.1198730e+01
   4.0958860e+06   3.1921387e+01
   4.0959000e+06   5.1696777e+01
   4.0959140e+06   3.3996582e+01
   4.0959280e+06   5.3588867e+01
   4.0959810e+06   4.4738770e+01
   4.0960140e+06   3.3447266e+01
   4.0960410e+06   3.4667969e+01
   4.0960870e+06   3.1127930e+01
   4.0962500e+06   3.1860352e+01
   4.0963320e+06   3.1738281e+01
   4.0965390e+06   3.2226563e+01
   4.1319140e+06   3.2348633e+01
   4.1783240e+06   3.5644531e+01
   4.1783500e+06   3.5095215e+01
   4.1783610e+06   3.2775879e+01
   4.1783990e+06   4.3884277e+01
   4.1784290e+06   3.6682129e+01
   4.1784640e+06   5.4870605e+01
   4.1785070e+06   3.8146973e+01
   4.1785350e+06   4.6936035e+01
   4.1785660e+06   4.5471191e+01
   4.1785830e+06   4.4128418e+01
   4.1786010e+06   3.2897949e+01
   4.1786320e+06   3.8696289e+01
   4.1786630e+06   3.6132813e+01
   4.1786940e+06   4.4006348e+01
   4.1787180e+06   3.4729004e+01
   4.1788100e+06   3.9367676e+01
   4.1788330e+06   3.7353516e+01
   4.1789850e+06   3.2348633e+01
   4.2013920e+06   3.1433105e+01
   4.2053470e+06   3.4057617e+01
   4.2114120e+06   3.1860352e+01
   4.2599030e+06   3.2104492e+01
   4.2637810e+06   3.2165527e+01
   4.2638380e+06   3.4362793e+01
   4.2644190e+06   3.6193848e+01
   4.2815270e+06   3.4301758e+01
   4.2957450e+06   3.7170410e+01
   4.2958070e+06   3.1982422e+01
   4.2958340e+06   3.1494141e+01
   4.3449840e+06   3.2775879e+01
   4.3508440e+06   3.3142090e+01
   4.3544770e+06   3.4057617e+01
   4.3600720e+06   3.1738281e+01
   4.3749640e+06   3.1433105e+01
   4.3826030e+06   3.0944824e+01
   4.4029000e+06   3.1127930e+01
   4.4029220e+06   3.1311035e+01
   4.4031040e+06   3.2958984e+01
   4.4038100e+06   3.4729004e+01
   4.4264330e+06   3.3386230e+01
   4.4268990e+06   3.2104492e+01
   4.4271400e+06   3.6560059e+01
   4.4273700e+06   3.9978027e+01
   4.4273880e+06   3.4606934e+01
   4.4274540e+06   3.5644531e+01
   4.4275230e+06   3.4240723e+01
   4.4276300e+06   3.3691406e+01
   4.4277360e+06   3.3508301e+01
   4.4284140e+06   3.3874512e+01
   4.4411050e+06   3.0761719e+01
   4.4562740e+06   3.0944824e+01
   4.4563030e+06   3.1311035e+01
   4.4564790e+06   3.5766602e+01
   4.4565830e+06   3.6926270e+01
   4.4566000e+06   3.2043457e+01
   4.4566480e+06   5.2612305e+01
   4.4900930e+06   3.1677246e+01
   4.4902610e+06   3.2775879e+01
   4.4902860e+06   3.6010742e+01
   4.4903130e+06   3.1005859e+01
   4.4903450e+06   3.0883789e+01
   4.4904140e+06   3.8208008e+01
   4.4908910e+06   3.2836914e+01
   4.5088550e+06   3.2531738e+01
   4.5242730e+06   3.9184570e+01
   4.5242920e+06   3.5095215e+01
   4.5243070e+06   3.5339355e+01
   4.5244600e+06   3.3142090e+01
   4.5381180e+06   3.1860352e+01
   4.5578140e+06   3.9855957e+01
   4.5578380e+06   3.2043457e+01
   4.5578680e+06   4.9621582e+01
   4.5578850e+06   4.3334961e+01
   4.5579180e+06   5.8166504e+01
   4.5579830e+06   4.6630859e+01
   4.5579980e+06   5.1635742e+01
   4.5580320e+06   3.8208008e+01
   4.5580630e+06   4.5776367e+01
   4.5580900e+06   4.8461914e+01
   4.5581150e+06   3.8269043e+01
   4.5581420e+06   3.0883789e+01
   4.5581750e+06   4.6142578e+01
   4.5581980e+06   4.1931152e+01
   4.5582190e+06   3.5095215e+01
   4.5582290e+06   3.6315918e+01
   4.5582460e+06   3.9062500e+01
   4.5582790e+06   3.2348633e+01
   4.5583220e+06   3.7109375e+01
   4.5583590e+06   3.7170410e+01
   4.5583900e+06   5.7373047e+01
   4.5584310e+06   3.1921387e+01
   4.5584540e+06   4.0527344e+01
   4.5585500e+06   3.2104492e+01
   4.5586210e+06   4.2480469e+01
   4.5586450e+06   3.3081055e+01
   4.5587480e+06   3.6560059e+01
   4.5589980e+06   3.1066895e+01
   4.5593480e+06   3.6560059e+01
   4.5593830e+06   3.1188965e+01
   4.5597420e+06   3.6987305e+01
   4.5602190e+06   3.4423828e+01
   4.5606100e+06   3.1188965e+01
   4.5835680e+06   3.0761719e+01
   4.6020110e+06   3.8452148e+01
   4.6020990e+06   3.8024902e+01
   4.6582360e+06   3.8818359e+01
   4.6582500e+06   3.0822754e+01
   4.6583410e+06   3.2897949e+01
   4.6768100e+06   3.7292480e+01
   4.6768300e+06   4.0771484e+01
   4.6768400e+06   3.2470703e+01
   4.6768900e+06   3.3081055e+01
   4.6769340e+06   3.7292480e+01
   4.6769630e+06   3.1799316e+01
   4.6769900e+06   3.3081055e+01
   4.6770200e+06   4.0344238e+01
   4.6770370e+06   4.0466309e+01
   4.6770900e+06   3.3081055e+01
   4.6771160e+06   4.8950195e+01
   4.6771550e+06   3.3020020e+01
   4.6773480e+06   3.3203125e+01
   4.6777270e+06   3.5217285e+01
   4.6777620e+06   3.1555176e+01
   4.7124490e+06   3.4423828e+01
   4.7124710e+06   4.1931152e+01
   4.7124860e+06   3.1188965e+01
   4.7124980e+06   6.6162109e+01
   4.7125160e+06   3.9794922e+01
   4.7125590e+06   5.7861328e+01
   4.7125720e+06   3.2165527e+01
   4.7125950e+06   4.8034668e+01
   4.7126310e+06   3.5217285e+01
   4.7126500e+06   5.3649902e+01
   4.7126660e+06   4.1076660e+01
   4.7126940e+06   3.1127930e+01
   4.7127200e+06   3.4484863e+01
   4.7127340e+06   3.5339355e+01
   4.7127600e+06   3.5339355e+01
   4.7127820e+06   4.0039063e+01
   4.7128120e+06   3.9245605e+01
   4.7128280e+06   3.8818359e+01
   4.7128630e+06   4.2602539e+01
   4.7128980e+06   3.4240723e+01
   4.7129450e+06   3.6682129e+01
   4.7129840e+06   3.7536621e+01
   4.7130260e+06   3.1127930e+01
   4.7130550e+06   3.5827637e+01
   4.7131090e+06   3.6926270e+01
   4.7131800e+06   3.1860352e+01
   4.7132550e+06   3.2165527e+01
   4.7134100e+06   3.4606934e+01
   4.7136830e+06   3.2653809e+01
   4.7137070e+06   3.1188965e+01
   4.7137220e+06   3.6804199e+01
   4.7139680e+06   3.5888672e+01
   4.7144020e+06   3.9794922e+01
   4.7144260e+06   3.2470703e+01
   4.7818560e+06   4.6936035e+01
   4.7818900e+06   4.0771484e+01
   4.7819170e+06   5.6396484e+01
   4.7819430e+06   3.1677246e+01
   4.7819930e+06   3.2897949e+01
   4.7821810e+06   3.2470703e+01
   4.8070590e+06   3.4179688e+01
   4.8314530e+06   3.1982422e+01
   4.8317200e+06   3.2531738e+01
   4.8342900e+06   3.3691406e+01
   4.8343460e+06   3.4667969e+01
   4.8343930e+06   4.3518066e+01
   4.8344130e+06   4.3395996e+01
   4.8344740e+06   4.3518066e+01
   4.8559730e+06   3.2836914e+01
   4.8692820e+06   3.4851074e+01
   4.8694380e+06   3.0822754e+01
   4.8695010e+06   3.3630371e+01
   4.8696160e+06   4.6020508e+01
   4.8880670e+06   3.5766602e+01
   4.8880800e+06   3.8208008e+01
   4.8881210e+06   6.9213867e+01
   4.8881830e+06   3.9489746e+01
   4.8882000e+06   3.8085938e+01
   4.8882110e+06   3.9489746e+01
   4.8882560e+06   4.8889160e+01
   4.8882800e+06   4.4555664e+01
   4.8883090e+06   3.3691406e+01
   4.8883320e+06   4.7302246e+01
   4.8885400e+06   4.3273926e+01
   4.8887820e+06   3.1799316e+01
   4.8888080e+06   3.2775879e+01
   4.9123870e+06   3.3142090e+01
   4.9241440e+06   3.5095215e+01
   4.9504660e+06   3.1188965e+01
   4.9504900e+06   3.5034180e+01
   4.9505320e+06   3.6010742e+01
   4.9505550e+06   3.4729004e+01
   4.9505730e+06   3.5705566e+01
   4.9506330e+06   3.3447266e+01
   4.9506730e+06   4.0893555e+01
   4.9506870e+06   3.2653809e+01
   4.9507110e+06   4.6875000e+01
   4.9507550e+06   3.9611816e+01
   4.9508260e+06   3.2836914e+01
   4.9508580e+06   3.2470703e+01
   4.9509710e+06   4.0771484e+01
   4.9514130e+06   3.1433105e+01
   5.0005320e+06   4.0710449e+01
   5.0005840e+06   3.8024902e+01
   5.0006080e+06   3.8513184e+01
   5.0006550e+06   4.7790527e+01
   5.0006680e+06   3.2287598e+01
   5.0007080e+06   4.3762207e+01
   5.0007490e+06   5.2001953e+01
   5.0007680e+06   3.2775879e+01
   5.0008030e+06   3.3813477e+01
   5.0008190e+06   3.3813477e+01
   5.0195160e+06   3.3874512e+01
   5.0607370e+06   3.5644531e+01
   5.0607710e+06   3.2531738e+01
   5.0607860e+06   3.2287598e+01
   5.0608140e+06   5.3100586e+01
   5.0608310e+06   3.8269043e+01
   5.0608660e+06   4.0405273e+01
   5.0608950e+06   3.9855957e+01
   5.0609140e+06   4.8217773e+01
   5.0609490e+06   3.2165527e+01
   5.0609720e+06   5.7617188e+01
   5.0610000e+06   5.1696777e+01
   5.0610210e+06   4.3151855e+01
   5.0612020e+06   5.1208496e+01
   5.0612530e+06   3.1433105e+01
   5.0919190e+06   3.1188965e+01
   5.0929820e+06   3.2836914e+01
   5.0930560e+06   3.7048340e+01
   5.0930970e+06   3.4240723e+01
   5.1388380e+06   3.3264160e+01
   5.1389220e+06   3.0944824e+01
   5.1389550e+06   3.7658691e+01
   5.1389750e+06   5.6030273e+01
   5.1389930e+06   3.9367676e+01
   5.1390040e+06   3.7597656e+01
   5.1390270e+06   5.7495117e+01
   5.1390780e+06   4.8767090e+01
   5.1391270e+06   3.8696289e+01
   5.1391570e+06   4.6386719e+01
   5.1392170e+06   3.6926270e+01
   5.1393110e+06   3.1372070e+01
   5.1819460e+06   4.2907715e+01
   5.1888970e+06   3.3386230e+01
   5.1889660e+06   3.6193848e+01
   5.1889850e+06   3.2775879e+01
   5.1892970e+06   3.9672852e+01
   5.1894900e+06   3.8696289e+01
   5.1895650e+06   3.7048340e+01
   5.1896060e+06   3.3264160e+01
   5.2175560e+06   3.6132813e+01
   5.2275680e+06   3.1677246e+01
   5.2275840e+06   3.4301758e+01
   5.2276200e+06   4.2663574e+01
   5.2276570e+06   3.4179688e+01
   5.2276910e+06   3.5766602e+01
   5.2277280e+06   4.2358398e+01
   5.2277570e+06   4.0954590e+01
   5.2277720e+06   3.2653809e+01
   5.2277980e+06   3.4729004e+01
   5.2278410e+06   3.2897949e+01
   5.2279100e+06   4.1259766e+01
   5.2279380e+06   5.6518555e+01
   5.2279670e+06   4.7485352e+01
   5.2279930e+06   3.3020020e+01
   5.2283110e+06   3.2226563e+01
   5.2284080e+06   3.3142090e+01
   5.2286440e+06   3.4851074e+01
   5.3004930e+06   3.3630371e+01
   5.3006150e+06   4.3640137e+01
   5.3007570e+06   3.3874512e+01
   5.3010500e+06   3.1738281e+01
   5.3386140e+06   4.4067383e+01
   5.3394400e+06   3.1982422e+01
   5.3396900e+06   3.6804199e+01
   5.3397250e+06   4.4555664e+01
   5.3397460e+06   3.6865234e+01
   5.3397800e+06   3.7292480e+01
   5.3398030e+06   5.6640625e+01
   5.3398190e+06   3.2104492e+01
   5.3398500e+06   4.6325684e+01
   5.3401530e+06   3.1066895e+01
   5.3587940e+06   3.2043457e+01
   5.3829990e+06   3.4362793e+01
   5.3830290e+06   4.0893555e+01
   5.3830550e+06   3.1066895e+01
   5.3830800e+06   3.1921387e+01
   5.3832830e+06   3.3569336e+01
   5.3950760e+06   3.1494141e+01
   5.4263990e+06   3.1921387e+01
   5.4264340e+06   3.2226563e+01
   5.4264540e+06   3.1982422e+01
   5.4265380e+06   3.2775879e+01
   5.4265610e+06   4.4982910e+01
   5.4266460e+06   3.5705566e+01
   5.4266810e+06   3.1921387e+01
   5.4266980e+06   3.3630371e+01
   5.4267130e+06   3.5217285e+01
   5.4395910e+06   3.1860352e+01
   5.4495920e+06   3.1311035e+01
   5.4631700e+06   3.4240723e+01
   5.4632050e+06   3.3508301e+01
   5.4632390e+06   4.1687012e+01
   5.4632660e+06   4.6691895e+01
   5.4632840e+06   5.3283691e+01
   5.4633270e+06   6.9519043e+01
   5.4633560e+06   3.6193848e+01
   5.4633680e+06   6.4331055e+01
   5.4633940e+06   3.3447266e+01
   5.4634140e+06   6.1157227e+01
   5.4634400e+06   4.9865723e+01
   5.4634540e+06   3.1433105e+01
   5.4634690e+06   5.0537109e+01
   5.4634870e+06   4.0893555e+01
   5.4634980e+06   3.1738281e+01
   5.4635170e+06   3.3996582e+01
   5.4635440e+06   4.2663574e+01
   5.4635580e+06   5.1391602e+01
   5.4635860e+06   6.3049316e+01
   5.4636130e+06   3.1921387e+01
   5.4636570e+06   4.5471191e+01
   5.4636740e+06   3.8208008e+01
   5.4637040e+06   3.8757324e+01
   5.4637180e+06   3.7597656e+01
   5.4637390e+06   3.0822754e+01
   5.4637690e+06   3.5400391e+01
   5.4639200e+06   3.2226563e+01
   5.4639430e+06   3.1433105e+01
   5.4639810e+06   3.1372070e+01
   5.4640380e+06   3.8024902e+01
   5.4641040e+06   3.3020020e+01
   5.4641290e+06   4.9438477e+01
   5.4641530e+06   3.2287598e+01
   5.4644700e+06   3.4973145e+01
   5.4645290e+06   3.0944824e+01
   5.4646570e+06   3.6010742e+01
   5.4648490e+06   3.2470703e+01
   5.4654110e+06   3.3630371e+01
   5.4657360e+06   3.1066895e+01
   5.4660970e+06   3.6010742e+01
   5.4882910e+06   3.1555176e+01
   5.5312490e+06   4.4311523e+01
   5.5313900e+06   3.7353516e+01
   5.5316960e+06   3.4973145e+01
   5.5669300e+06   3.0761719e+01
   5.5875880e+06   3.0944824e+01
   5.5876410e+06   3.2287598e+01
   5.5878290e+06   3.1127930e+01
   5.5883420e+06   5.6091309e+01
   5.5883560e+06   6.2438965e+01
   5.5884130e+06   3.3325195e+01
   5.5884640e+06   3.3752441e+01
   5.5886280e+06   3.3691406e+01
   5.6030290e+06   3.3264160e+01
   5.6161740e+06   3.9001465e+01
   5.6163580e+06   3.2287598e+01
   5.6165370e+06   3.5034180e+01
   5.6165580e+06   4.2297363e+01
   5.6165960e+06   3.1188965e+01
   5.6169970e+06   3.1433105e+01
   5.6171370e+06   3.3752441e+01
   5.6601500e+06   5.1696777e+01
   5.6601770e+06   6.1035156e+01
   5.6602210e+06   4.3334961e+01
   5.6602380e+06   3.3081055e+01
   5.6602530e+06   4.6020508e+01
   5.6602700e+06   3.1250000e+01
   5.6603100e+06   3.3142090e+01
   5.6603320e+06   3.4118652e+01
   5.6603490e+06   3.5217285e+01
   5.6603770e+06   3.3752441e+01
   5.6603890e+06   4.2175293e+01
   5.6604180e+06   3.3203125e+01
   5.6604460e+06   4.3212891e+01
   5.6604900e+06   3.5095215e+01
   5.6605150e+06   3.5705566e+01
   5.6605320e+06   3.3569336e+01
   5.6605830e+06   3.5217285e+01
   5.6606150e+06   4.0344238e+01
   5.6608490e+06   3.2104492e+01
   5.6610430e+06   3.6804199e+01
   5.6610760e+06   3.6071777e+01
   5.6616080e+06   3.3020020e+01
   5.6931720e+06   3.1127930e+01
   5.6932120e+06   3.5888672e+01
   5.6936840e+06   3.6987305e+01
   5.6937720e+06   3.3081055e+01
   5.6938300e+06   3.2226563e+01
   5.7028450e+06   3.0944824e+01
   5.7325890e+06   4.8461914e+01
   5.7495770e+06   3.4240723e+01
   5.7496650e+06   3.2714844e+01
   5.7601490e+06   3.4362793e+01
   5.7633660e+06   3.3142090e+01
   5.7802670e+06   3.5461426e+01
   5.7805020e+06   3.6621094e+01
   5.8247100e+06   3.0822754e+01
   5.8444020e+06   3.3569336e+01
   5.8444260e+06   3.5339355e+01
   5.8444550e+06   6.6345215e+01
   5.8444910e+06   3.8452148e+01
   5.8445020e+06   3.3813477e+01
   5.8445350e+06   3.3569336e+01
   5.8445520e+06   3.2043457e+01
   5.8445640e+06   4.1931152e+01
   5.8446280e+06   3.5583496e+01
   5.8446800e+06   4.7912598e+01
   5.8447160e+06   4.0039063e+01
   5.8449510e+06   3.3386230e+01
   5.8451750e+06   3.3691406e+01
   5.8456110e+06   3.1555176e+01
   5.8919590e+06   3.3020020e+01
   5.9025630e+06   3.4057617e+01
   5.9403910e+06   3.1311035e+01
   5.9413270e+06   3.3569336e+01
   5.9413600e+06   3.1188965e+01
   5.9413960e+06   3.1494141e+01
   5.9414850e+06   3.8818359e+01
   5.9892310e+06   3.6560059e+01
   5.9989340e+06   3.5644531e+01
   5.9989590e+06   3.8818359e+01
   5.9989930e+06   3.2714844e+01
   5.9990000e+06   3.3386230e+01
   5.9990280e+06   3.7902832e+01
   5.9999730e+06   3.3142090e+01
   6.0174820e+06   3.1982422e+01
   6.0267160e+06   3.7902832e+01
   6.0318510e+06   3.1860352e+01
   6.0432080e+06   3.1372070e+01
   6.0474340e+06   3.2226563e+01
   6.0474630e+06   3.0822754e+01
   6.0474950e+06   3.4057617e+01
   6.0475310e+06   3.8452148e+01
   6.0669350e+06   3.1433105e+01
   6.0670260e+06   3.3935547e+01
   6.0783460e+06   3.2409668e+01
   6.0852190e+06   3.3020020e+01
   6.0853070e+06   3.3447266e+01
   6.0853190e+06   3.1311035e+01
   6.0853440e+06   3.7292480e+01
   6.0853600e+06   3.9550781e+01
   6.0853850e+06   4.4494629e+01
   6.0854550e+06   3.4851074e+01
   6.0855170e+06   3.7292480e+01
   6.0956320e+06   3.2165527e+01
   6.0983980e+06   3.4851074e+01
   6.1227000e+06   3.2470703e+01
   6.1372480e+06   3.5888672e+01
   6.1372640e+06   5.7556152e+01
   6.1373020e+06   3.1982422e+01
   6.1461610e+06   3.0883789e+01
   6.1470450e+06   3.3325195e+01
   6.1471040e+06   3.3874512e+01
   6.1471310e+06   5.3710938e+01
   6.1471410e+06   3.4667969e+01
   6.1471620e+06   3.7231445e+01
   6.1471990e+06   3.6499023e+01
   6.1472740e+06   3.3386230e+01
   6.1472870e+06   3.8513184e+01
   6.1473350e+06   3.5339355e+01
   6.1473470e+06   5.3771973e+01
   6.1473990e+06   3.2836914e+01
   6.1474600e+06   3.3752441e+01
   6.1475350e+06   4.1137695e+01
   6.1476480e+06   3.4362793e+01
   6.1477490e+06   3.0761719e+01
   6.1989030e+06   3.2165527e+01
   6.2352830e+06   5.1574707e+01
   6.2353310e+06   5.0048828e+01
   6.2353670e+06   4.7790527e+01
   6.2355040e+06   4.5166016e+01
   6.2358650e+06   3.0822754e+01
   6.2758130e+06   4.6264648e+01
   6.2758460e+06   4.2724609e+01
   6.2758630e+06   5.4870605e+01
   6.2759080e+06   3.5339355e+01
   6.2759190e+06   3.1066895e+01
   6.2759990e+06   3.4423828e+01
   6.2760830e+06   4.1748047e+01
   6.2760980e+06   4.0100098e+01
   6.2761560e+06   4.8278809e+01
   6.2761910e+06   3.1921387e+01
   6.2762060e+06   3.2531738e+01
   6.2763490e+06   3.3203125e+01
   6.2766200e+06   3.3142090e+01
   6.2767310e+06   3.5949707e+01
   6.2947910e+06   3.0761719e+01
   6.2948370e+06   3.2165527e+01
   6.2949290e+06   3.5766602e+01
   6.3488230e+06   3.3325195e+01
   6.3488500e+06   3.2043457e+01
   6.3488760e+06   4.6020508e+01
   6.3488870e+06   3.8146973e+01
   6.3489610e+06   3.1127930e+01
   6.3729650e+06   3.1494141e+01
   6.4031960e+06   3.9855957e+01
   6.4032060e+06   3.8146973e+01
   6.4032320e+06   4.3273926e+01
   6.4032480e+06   6.2438965e+01
   6.4032630e+06   6.1279297e+01
   6.4032820e+06   3.1250000e+01
   6.4032960e+06   3.2104492e+01
   6.4033060e+06   4.1931152e+01
   6.4033240e+06   4.4372559e+01
   6.4033610e+06   3.8391113e+01
   6.4034030e+06   3.1982422e+01
   6.4034380e+06   5.3466797e+01
   6.4034510e+06   3.4851074e+01
   6.4034760e+06   4.4494629e+01
   6.4035000e+06   4.5349121e+01
   6.4035160e+06   4.6508789e+01
   6.4035480e+06   4.2785645e+01
   6.4035620e+06   4.0771484e+01
   6.4035850e+06   4.1809082e+01
   6.4036100e+06   4.6325684e+01
   6.4036570e+06   3.9306641e+01
   6.4036700e+06   3.4301758e+01
   6.4037250e+06   3.6071777e+01
   6.4037390e+06   3.0944824e+01
   6.4038770e+06   3.5278320e+01
   6.4039370e+06   3.1250000e+01
   6.4039810e+06   3.2287598e+01
   6.4040030e+06   3.1555176e+01
   6.4040270e+06   3.3447266e+01
   6.4040570e+06   3.9733887e+01
   6.4041610e+06   3.6804199e+01
   6.4043680e+06   3.0761719e+01
   6.4045210e+06   3.3203125e+01
   6.4046080e+06   3.1494141e+01
   6.4046560e+06   3.5156250e+01
   6.4046980e+06   3.9245605e+01
   6.4050230e+06   3.0944824e+01
   6.4055210e+06   3.3203125e+01
   6.4084270e+06   3.2165527e+01
   6.4444420e+06   3.2470703e+01
   6.4831470e+06   3.1188965e+01
   6.4882810e+06   3.8085938e+01
   6.4888990e+06   3.4118652e+01
   6.4892880e+06   4.1015625e+01
   6.4895670e+06   3.4606934e+01
   6.4898990e+06   3.0761719e+01
   6.5091320e+06   3.3508301e+01
   6.5111240e+06   3.3874512e+01
   6.5299900e+06   3.1372070e+01
   6.5405230e+06   3.3386230e+01
   6.5405780e+06   4.2419434e+01
   6.5406480e+06   3.1921387e+01
   6.5406860e+06   4.3762207e+01
   6.5407140e+06   3.1738281e+01
   6.5408100e+06   3.1555176e+01
   6.5409210e+06   3.1616211e+01
   6.5409490e+06   3.1494141e+01
   6.5870360e+06   4.3640137e+01
   6.5870810e+06   4.2053223e+01
   6.6162060e+06   3.1555176e+01
   6.6162250e+06   3.6499023e+01
   6.6162630e+06   3.3203125e+01
   6.6163010e+06   3.0883789e+01
   6.6163180e+06   3.1188965e+01
   6.6163750e+06   3.8330078e+01
   6.6164040e+06   4.2419434e+01
   6.6165230e+06   3.2226563e+01
   6.6169810e+06   3.3508301e+01
   6.6323750e+06   3.1127930e+01
   6.6656500e+06   3.4790039e+01
   6.6656970e+06   4.0344238e+01
   6.6657110e+06   4.3518066e+01
   6.6657400e+06   3.5949707e+01
   6.6657840e+06   4.4616699e+01
   6.6658100e+06   3.6071777e+01
   6.6658230e+06   3.3142090e+01
   6.6658520e+06   3.5156250e+01
   6.6667580e+06   3.0883789e+01
   6.6888650e+06   3.1066895e+01
   6.6889490e+06   3.7902832e+01
   6.6889800e+06   3.4484863e+01
   6.6890140e+06   3.8085938e+01
   6.6890360e+06   3.5156250e+01
   6.6892080e+06   3.1433105e+01
   6.7040190e+06   3.7780762e+01
   6.7040860e+06   5.6640625e+01
   6.7041230e+06   3.7536621e+01
   6.7340550e+06   3.1066895e+01
   6.7353500e+06   3.4240723e+01
   6.7353730e+06   4.8828125e+01
   6.7353880e+06   4.2968750e+01
   6.7354070e+06   5.2856445e+01
   6.7354350e+06   5.0048828e+01
   6.7354500e+06   5.6030273e+01
   6.7354890e+06   5.0598145e+01
   6.7355140e+06   4.4982910e+01
   6.7355370e+06   3.6315918e+01
   6.7355480e+06   4.2846680e+01
   6.7355690e+06   4.0039062e+01
   6.7356230e+06   5.0109863e+01
   6.7356510e+06   4.9255371e+01
   6.7357160e+06   3.1860352e+01
   6.7357500e+06   3.3081055e+01
   6.7358960e+06   3.1494141e+01
   6.7359290e+06   3.1311035e+01
   6.7360990e+06   3.2287598e+01
   6.7361970e+06   4.1503906e+01
   6.7362420e+06   3.3447266e+01
   6.8433390e+06   3.4973145e+01
   6.8434470e+06   3.1188965e+01
   6.8435350e+06   3.3996582e+01
   6.8435650e+06   3.5644531e+01
   6.8436060e+06   3.2287598e+01
   6.8436920e+06   3.1066895e+01
   6.8437920e+06   3.8513184e+01
   6.8438360e+06   3.2287598e+01
   6.8798500e+06   3.2226563e+01
   6.8798690e+06   3.3630371e+01
   6.8799460e+06   3.3508301e+01
   6.8799800e+06   4.2175293e+01
   6.8799960e+06   3.6926270e+01
   6.8800070e+06   4.1137695e+01
   6.8800340e+06   3.3325195e+01
   6.8800460e+06   3.8146973e+01
   6.8800640e+06   6.5490723e+01
   6.8800790e+06   3.1250000e+01
   6.8801050e+06   3.7841797e+01
   6.8801150e+06   3.1799316e+01
   6.8801330e+06   5.9997559e+01
   6.8801530e+06   3.8940430e+01
   6.8801640e+06   4.7607422e+01
   6.8801860e+06   3.3325195e+01
   6.8802080e+06   4.0832520e+01
   6.8802210e+06   5.4992676e+01
   6.8802370e+06   4.1076660e+01
   6.8802600e+06   4.4921875e+01
   6.8802910e+06   3.6560059e+01
   6.8803360e+06   3.3447266e+01
   6.8803590e+06   3.3813477e+01
   6.8805900e+06   3.7292480e+01
   6.8808130e+06   3.3752441e+01
   6.8808890e+06   3.1494141e+01
   6.8809200e+06   3.5217285e+01
   6.8812640e+06   3.3386230e+01
   6.9059510e+06   3.2104492e+01
   6.9176780e+06   4.0710449e+01
   6.9178080e+06   4.2541504e+01
   6.9568080e+06   3.0883789e+01
   6.9568670e+06   4.4982910e+01
   6.9586580e+06   3.8269043e+01
   6.9596200e+06   4.7302246e+01
   6.9873100e+06   3.4606934e+01
   6.9873940e+06   3.2775879e+01
   6.9874280e+06   5.1513672e+01
   6.9874500e+06   4.7790527e+01
   6.9874820e+06   3.2165527e+01
   6.9875080e+06   4.3273926e+01
   6.9875410e+06   5.0170898e+01
   6.9875600e+06   4.4433594e+01
   6.9875930e+06   3.7841797e+01
   6.9876070e+06   3.2348633e+01
   6.9876450e+06   6.3110352e+01
   6.9876840e+06   3.4790039e+01
   6.9876940e+06   3.8635254e+01
   6.9877530e+06   3.7353516e+01
   6.9877860e+06   3.1127930e+01
   6.9879400e+06   3.4545898e+01
   6.9886630e+06   3.0883789e+01
   7.0505990e+06   3.0944824e+01
   7.0512280e+06   3.2653809e+01
   7.0993620e+06   4.1748047e+01
   7.0993820e+06   7.3303223e+01
   7.0994020e+06   3.6560059e+01
   7.0994340e+06   4.4250488e+01
   7.0994550e+06   3.9428711e+01
   7.0994720e+06   3.9184570e+01
   7.0995060e+06   4.3762207e+01
   7.0995270e+06   3.6865234e+01
   7.0995450e+06   4.0405273e+01
   7.0995760e+06   3.8513184e+01
   7.0995860e+06   3.4118652e+01
   7.0996080e+06   3.2531738e+01
   7.0996200e+06   5.2551270e+01
   7.0996380e+06   4.3823242e+01
   7.0996640e+06   3.8085937e+01
   7.0997070e+06   3.9367676e+01
   7.0997280e+06   3.6926270e+01
   7.0997590e+06   6.6589355e+01
   7.0997760e+06   3.3752441e+01
   7.0998100e+06   4.0771484e+01
   7.0998460e+06   3.2958984e+01
   7.1000400e+06   3.1921387e+01
   7.1002030e+06   3.2470703e+01
   7.1004900e+06   3.1860352e+01
   7.1005740e+06   3.3020020e+01
   7.1006870e+06   3.2287598e+01
   7.1009240e+06   3.2104492e+01
   7.1010430e+06   3.2348633e+01
   7.1011980e+06   3.2592773e+01
   7.1019750e+06   3.3447266e+01
   7.1322600e+06   3.0883789e+01
   7.1657660e+06   3.1555176e+01
   7.1822210e+06   3.2165527e+01
   7.1905740e+06   3.1982422e+01
   7.2008150e+06   3.4484863e+01
   7.2009790e+06   3.7048340e+01
   7.2283000e+06   4.1198730e+01
   7.2288590e+06   4.3579102e+01
   7.2288890e+06   4.7363281e+01
   7.2289140e+06   3.3325195e+01
   7.2291320e+06   3.1066895e+01
   7.2291490e+06   4.2480469e+01
   7.2292550e+06   3.6743164e+01
   7.2476690e+06   3.3935547e+01
   7.2799750e+06   3.5400391e+01
   7.2967390e+06   3.2287598e+01
   7.2967820e+06   3.3935547e+01
   7.2968220e+06   3.1616211e+01
   7.2968800e+06   3.2531738e+01
   7.2969190e+06   4.5471191e+01
   7.2969490e+06   3.3447266e+01
   7.2969840e+06   3.6132813e+01
   7.3153830e+06   3.1005859e+01
   7.3258060e+06   3.1066895e+01
   7.3453270e+06   4.9987793e+01
   7.3453500e+06   3.1616211e+01
   7.3453660e+06   3.5583496e+01
   7.3453950e+06   3.3386230e+01
   7.3454150e+06   5.4382324e+01
   7.3454630e+06   4.5776367e+01
   7.3454750e+06   4.1076660e+01
   7.3454940e+06   3.4606934e+01
   7.3455040e+06   4.3273926e+01
   7.3455280e+06   3.1616211e+01
   7.3455400e+06   3.2531738e+01
   7.3455740e+06   3.4118652e+01
   7.3456110e+06   4.3762207e+01
   7.3456360e+06   4.0588379e+01
   7.3456560e+06   3.7475586e+01
   7.3456770e+06   4.2663574e+01
   7.3457240e+06   3.3508301e+01
   7.3457560e+06   3.2836914e+01
   7.3458380e+06   3.3813477e+01
   7.3463410e+06   3.1433105e+01
   7.4185600e+06   3.3813477e+01
   7.4185980e+06   3.3325195e+01
   7.4186370e+06   3.2226563e+01
   7.4188180e+06   3.2592773e+01
   7.4273280e+06   3.0883789e+01
   7.4620220e+06   4.3029785e+01
   7.4637580e+06   3.4545898e+01
   7.4637680e+06   5.7922363e+01
   7.4637790e+06   3.0822754e+01
   7.4637960e+06   5.9204102e+01
   7.4638310e+06   4.6020508e+01
   7.4638490e+06   4.7973633e+01
   7.4638880e+06   3.5583496e+01
   7.4639080e+06   4.2053223e+01
   7.4639430e+06   3.7048340e+01
   7.4639540e+06   4.3579102e+01
   7.4639890e+06   3.1127930e+01
   7.4640110e+06   3.9184570e+01
   7.4640480e+06   3.2592773e+01
   7.4640630e+06   4.4616699e+01
   7.4641280e+06   3.1799316e+01
   7.4641860e+06   3.7475586e+01
   7.4642140e+06   3.3386230e+01
   7.4642400e+06   3.0944824e+01
   7.4644150e+06   3.4912109e+01
   7.5061400e+06   3.3630371e+01
   7.5270050e+06   3.1372070e+01
   7.5291620e+06   3.4912109e+01
   7.5291730e+06   9.4055176e+01
   7.5292080e+06   5.1330566e+01
   7.5292340e+06   3.3691406e+01
   7.5292540e+06   3.8635254e+01
   7.5292690e+06   4.5532227e+01
   7.5293130e+06   3.6132813e+01
   7.5293950e+06   4.4738770e+01
   7.5294080e+06   3.4362793e+01
   7.5295150e+06   3.1372070e+01
   7.5295690e+06   3.5156250e+01
   7.5524550e+06   3.1311035e+01
   7.5524710e+06   3.5278320e+01
   7.5525020e+06   3.3386230e+01
   7.5525220e+06   3.2409668e+01
   7.5525540e+06   3.2409668e+01
   7.5526710e+06   3.5217285e+01
   7.5530550e+06   3.3447266e+01
   7.5701940e+06   3.1127930e+01
   7.5910680e+06   3.2531738e+01
   7.5911490e+06   3.6376953e+01
   7.5912070e+06   3.8635254e+01
   7.5912310e+06   4.4311523e+01
   7.5913250e+06   4.2358398e+01
   7.6356090e+06   3.2958984e+01
   7.6466130e+06   3.2165527e+01
   7.6481950e+06   5.4626465e+01
   7.6482380e+06   4.0954590e+01
   7.6482700e+06   3.5522461e+01
   7.6483360e+06   3.7719727e+01
   7.6483970e+06   4.4494629e+01
   7.6484300e+06   3.1494141e+01
   7.6969140e+06   7.1105957e+01
   7.6969330e+06   3.1311035e+01
   7.6969580e+06   3.9672852e+01
   7.6970220e+06   4.2419434e+01
   7.6971370e+06   3.7902832e+01
   7.7094040e+06   3.1127930e+01
   7.7187280e+06   3.1982422e+01
   7.7565730e+06   3.3203125e+01
   7.7634580e+06   4.5593262e+01
   7.7634840e+06   4.1015625e+01
   7.7634950e+06   5.6457520e+01
   7.7635210e+06   4.4128418e+01
   7.7635340e+06   3.1921387e+01
   7.7635690e+06   6.2194824e+01
   7.7635900e+06   3.8635254e+01
   7.7636030e+06   3.2958984e+01
   7.7636390e+06   3.9367676e+01
   7.7636540e+06   3.9611816e+01
   7.7636710e+06   3.7780762e+01
   7.7636960e+06   4.3334961e+01
   7.7637350e+06   4.7912598e+01
   7.7637640e+06   3.8269043e+01
   7.7637850e+06   3.6376953e+01
   7.7638090e+06   3.6865234e+01
   7.7638380e+06   4.3212891e+01
   7.7638760e+06   3.3203125e+01
   7.7640030e+06   3.6132813e+01
   7.7646430e+06   3.2287598e+01
   7.7647020e+06   3.2775879e+01
   7.7648430e+06   3.4057617e+01
   7.7651800e+06   3.2653809e+01
   7.7905220e+06   3.4301758e+01
   7.7977030e+06   3.0944824e+01
   7.8147230e+06   3.3569336e+01
   7.8339740e+06   3.2470703e+01
   7.8339870e+06   4.5043945e+01
   7.8340020e+06   3.1066895e+01
   7.8340250e+06   4.5104980e+01
   7.8340350e+06   3.6376953e+01
   7.8340450e+06   4.2663574e+01
   7.8340790e+06   3.3935547e+01
   7.8340920e+06   3.6743164e+01
   7.8341160e+06   4.9499512e+01
   7.8341290e+06   3.4729004e+01
   7.8341490e+06   6.7260742e+01
   7.8341940e+06   3.1677246e+01
   7.8342100e+06   4.4677734e+01
   7.8342290e+06   4.3762207e+01
   7.8342420e+06   3.3874512e+01
   7.8342650e+06   4.3823242e+01
   7.8342820e+06   4.4250488e+01
   7.8342940e+06   3.8452148e+01
   7.8343110e+06   3.6987305e+01
   7.8343820e+06   3.5827637e+01
   7.8343990e+06   3.7536621e+01
   7.8344400e+06   3.6315918e+01
   7.8344500e+06   3.6193848e+01
   7.8344670e+06   3.1250000e+01
   7.8344940e+06   3.3569336e+01
   7.8345890e+06   3.2165527e+01
   7.8347070e+06   3.5461426e+01
   7.8349780e+06   3.5522461e+01
   7.8351140e+06   3.3142090e+01
   7.8355860e+06   3.2348633e+01
   7.9303040e+06   3.1616211e+01
   7.9303580e+06   3.5400391e+01
   7.9304380e+06   7.2265625e+01
   7.9307200e+06   3.1372070e+01
   7.9597180e+06   3.2775879e+01
   7.9597330e+06   3.6560059e+01
   7.9597950e+06   3.1555176e+01
   7.9734960e+06   3.2897949e+01
   7.9773410e+06   3.2775879e+01
   7.9773610e+06   3.1066895e+01
   7.9774090e+06   4.2114258e+01
   7.9774480e+06   4.4006348e+01
   7.9774580e+06   3.3508301e+01
   7.9774760e+06   4.6386719e+01
   7.9774900e+06   4.5288086e+01
   7.9775250e+06   3.9855957e+01
   7.9775800e+06   3.8818359e+01
   7.9776050e+06   4.0771484e+01
   8.0093000e+06   3.6987305e+01
   8.0449080e+06   3.9733887e+01
   8.0449230e+06   3.8574219e+01
   8.0449350e+06   3.2348633e+01
   8.0449910e+06   4.3212891e+01
   8.0450180e+06   5.7678223e+01
   8.0450440e+06   3.2226563e+01
   8.0450650e+06   4.0710449e+01
   8.0450840e+06   4.1564941e+01
   8.0451010e+06   4.1198730e+01
   8.0451330e+06   4.4128418e+01
   8.0451480e+06   5.0781250e+01
   8.0451870e+06   4.3884277e+01
   8.0452160e+06   4.3151855e+01
   8.0452500e+06   3.3325195e+01
   8.0452680e+06   4.2236328e+01
   8.0453010e+06   3.5766602e+01
   8.0453240e+06   3.7414551e+01
   8.0454140e+06   4.0039063e+01
   8.0455800e+06   3.8330078e+01
   8.0456740e+06   3.4912109e+01
   8.0457210e+06   4.1503906e+01
   8.0458110e+06   3.5522461e+01
   8.0459570e+06   3.2775879e+01
   8.0462330e+06   3.2104492e+01
   8.0467180e+06   3.1433105e+01
   8.0467360e+06   3.2653809e+01
   8.0472870e+06   3.0761719e+01
   8.1182270e+06   3.3325195e+01
   8.1208390e+06   3.0944824e+01
   8.1572540e+06   3.0883789e+01
   8.1589430e+06   3.2287598e+01
   8.1832980e+06   3.0944824e+01
   8.2057090e+06   3.0822754e+01
   8.2082470e+06   3.5034180e+01
   8.2088730e+06   3.4667969e+01
   8.2089180e+06   4.2785645e+01
   8.2089740e+06   4.3518066e+01
   8.2090060e+06   4.0710449e+01
   8.2090400e+06   3.5278320e+01
   8.2090710e+06   4.7668457e+01
   8.2090870e+06   3.5034180e+01
   8.2091150e+06   3.7719727e+01
   8.2091610e+06   3.1311035e+01
   8.2094130e+06   3.4118652e+01
   8.2095970e+06   3.9672852e+01
   8.2097270e+06   3.1555176e+01
   8.2513580e+06   3.2836914e+01
   8.2596190e+06   3.4484863e+01
   8.2603060e+06   3.7719727e+01
   8.2603300e+06   6.2316895e+01
   8.2603610e+06   3.7658691e+01
   8.2604360e+06   3.2409668e+01
   8.2604610e+06   3.4057617e+01
   8.2786770e+06   3.1066895e+01
   8.2819260e+06   3.1616211e+01
   8.3010830e+06   3.6987305e+01
   8.3011750e+06   3.0761719e+01
   8.3011890e+06   3.0822754e+01
   8.3013020e+06   3.0944824e+01
   8.3014060e+06   3.7414551e+01
   8.3711280e+06   3.1738281e+01
   8.3789800e+06   3.2043457e+01
   8.3790090e+06   4.1259766e+01
   8.3790270e+06   5.1269531e+01
   8.3790370e+06   3.6437988e+01
   8.3790500e+06   6.1767578e+01
   8.3790850e+06   6.0180664e+01
   8.3791170e+06   4.6020508e+01
   8.3791340e+06   3.0883789e+01
   8.3791540e+06   3.1250000e+01
   8.3791740e+06   3.7414551e+01
   8.3791840e+06   3.8879395e+01
   8.3792190e+06   4.0222168e+01
   8.3793040e+06   3.1188965e+01
   8.3793570e+06   3.1555176e+01
   8.3795710e+06   3.2104492e+01
   8.3796000e+06   3.4973145e+01
   8.3797180e+06   3.1494141e+01
   8.3798830e+06   3.1066895e+01
   8.3801080e+06   3.8269043e+01
   8.3805930e+06   3.1555176e+01
   8.4242490e+06   3.1677246e+01
   8.5149000e+06   3.2897949e+01
   8.5188300e+06   3.8146973e+01
   8.5188930e+06   6.0180664e+01
   8.5189560e+06   4.8095703e+01
   8.5189760e+06   3.1921387e+01
   8.5190200e+06   3.3691406e+01
   8.5190890e+06   3.6743164e+01
   8.5191600e+06   3.3264160e+01
   8.5192270e+06   3.5339355e+01
   8.5193850e+06   3.2165527e+01
   8.5319450e+06   3.1738281e+01
   8.5602150e+06   3.3813477e+01
   8.5602470e+06   3.3447266e+01
   8.5602720e+06   3.3691406e+01
   8.5602960e+06   3.3569336e+01
   8.5603160e+06   4.1809082e+01
   8.5603460e+06   4.4860840e+01
   8.5605470e+06   3.8696289e+01
   8.5606150e+06   3.3813477e+01
   8.5606250e+06   3.1555176e+01
   8.6159760e+06   3.5095215e+01
   8.6159880e+06   3.3264160e+01
   8.6160100e+06   4.1259766e+01
   8.6160430e+06   3.8024902e+01
   8.6160830e+06   3.4912109e+01
   8.6161150e+06   3.1372070e+01
   8.6161310e+06   3.0761719e+01
   8.6162210e+06   3.5217285e+01
   8.6162650e+06   3.0822754e+01
   8.6163490e+06   3.4790039e+01
   8.6164840e+06   3.2897949e+01
   8.6607330e+06   3.1127930e+01
   8.6614390e+06   3.9855957e+01
   8.6614600e+06   4.6325684e+01
   8.6615290e+06   3.1127930e+01
   8.6766080e+06   3.3447266e+01
   8.6947680e+06   3.7719727e+01
   8.7120520e+06   3.1616211e+01
   8.7375250e+06   3.1372070e+01
   8.7458010e+06   3.2592773e+01
   8.7458840e+06   7.4829102e+01
   8.7459220e+06   3.0883789e+01
   8.7459360e+06   5.1452637e+01
   8.7459560e+06   4.6264648e+01
   8.7459730e+06   3.3996582e+01
   8.7459840e+06   4.1015625e+01
   8.7460200e+06   3.9550781e+01
   8.7460600e+06   5.1879883e+01
   8.7460780e+06   4.2968750e+01
   8.7461000e+06   3.1555176e+01
   8.7461230e+06   4.4738770e+01
   8.7461490e+06   4.5349121e+01
   8.7461740e+06   3.7231445e+01
   8.7461960e+06   3.7109375e+01
   8.7462080e+06   3.6682129e+01
   8.7462200e+06   3.9489746e+01
   8.7462530e+06   3.4362793e+01
   8.7462740e+06   3.7231445e+01
   8.7462970e+06   4.1259766e+01
   8.7463140e+06   3.4179688e+01
   8.7463510e+06   3.1188965e+01
   8.7463760e+06   4.6875000e+01
   8.7464330e+06   3.8452148e+01
   8.7464630e+06   3.3081055e+01
   8.7464950e+06   3.4423828e+01
   8.7465600e+06   3.3630371e+01
   8.7467360e+06   3.1860352e+01
   8.7468210e+06   3.1616211e+01
   8.7468410e+06   3.5644531e+01
   8.7469360e+06   3.9184570e+01
   8.7473230e+06   3.1372070e+01
   8.7473540e+06   3.1616211e+01
   8.7482380e+06   3.1921387e+01
   8.7984380e+06   3.2897949e+01
   8.8045880e+06   4.4738770e+01
   8.8267220e+06   3.2043457e+01
   8.8272000e+06   4.2724609e+01
   8.8374940e+06   3.2592773e+01
   8.8381170e+06   3.4118652e+01
   8.8620470e+06   3.0883789e+01
   8.8912440e+06   3.2348633e+01
   8.8912570e+06   6.4270020e+01
   8.8912890e+06   3.5339355e+01
   8.8913190e+06   4.6081543e+01
   8.8914080e+06   3.1738281e+01
   8.8914340e+06   3.3020020e+01
   8.9536050e+06   3.2714844e+01
   8.9547950e+06   3.3386230e+01
   8.9552910e+06   3.3874512e+01
   8.9553080e+06   5.2124023e+01
   8.9553520e+06   4.1442871e+01
   8.9554290e+06   4.2236328e+01
   8.9554430e+06   3.5461426e+01
   8.9554620e+06   3.7963867e+01
   8.9554920e+06   3.6682129e+01
   8.9555230e+06   3.3264160e+01
   8.9555450e+06   3.2653809e+01
   8.9555920e+06   4.1564941e+01
   8.9556070e+06   5.0964355e+01
   8.9558300e+06   3.4912109e+01
   8.9985220e+06   3.3935547e+01
   9.0507450e+06   3.8330078e+01
   9.0507950e+06   3.3630371e+01
   9.0590060e+06   3.3020020e+01
   9.0591300e+06   3.9611816e+01
   9.0591690e+06   4.2358398e+01
   9.0591810e+06   3.4973145e+01
   9.0592080e+06   4.3212891e+01
   9.0592320e+06   3.8757324e+01
   9.0592610e+06   5.3405762e+01
   9.0592780e+06   4.1687012e+01
   9.0593420e+06   3.8635254e+01
   9.0593840e+06   3.0761719e+01
   9.0595400e+06   3.3447266e+01
   9.0903950e+06   4.4067383e+01
   9.0904200e+06   3.3447266e+01
   9.0904390e+06   3.1616211e+01
   9.0904920e+06   3.5522461e+01
   9.0905040e+06   4.6264648e+01
   9.0906040e+06   3.4729004e+01
   9.0906330e+06   3.6560059e+01
   9.1474550e+06   4.0405273e+01
   9.1474850e+06   6.0974121e+01
   9.1475220e+06   3.3691406e+01
   9.1475390e+06   4.4616699e+01
   9.1475530e+06   4.2358398e+01
   9.1476130e+06   4.1137695e+01
   9.1476280e+06   3.7292480e+01
   9.1476540e+06   3.5278320e+01
   9.1476800e+06   3.3569336e+01
   9.1476940e+06   3.3264160e+01
   9.1477110e+06   4.1625977e+01
   9.1477390e+06   5.9082031e+01
   9.1477550e+06   3.4118652e+01
   9.1477900e+06   3.3447266e+01
   9.1478420e+06   3.0761719e+01
   9.1479140e+06   3.1677246e+01
   9.1480460e+06   3.4179688e+01
   9.1480860e+06   3.6987305e+01
   9.1481860e+06   3.1799316e+01
   9.1483280e+06   4.6630859e+01
   9.1485800e+06   3.2531738e+01
   9.1488740e+06   3.3874512e+01
   9.1490060e+06   3.7353516e+01
   9.1750070e+06   3.3203125e+01
   9.2184330e+06   4.1564941e+01
   9.2185020e+06   3.6621094e+01
   9.2185600e+06   3.2348633e+01
   9.2728850e+06   3.1188965e+01
   9.2743000e+06   5.2917480e+01
   9.2743820e+06   3.4851074e+01
   9.2744080e+06   3.6071777e+01
   9.2744280e+06   3.5644531e+01
   9.2744630e+06   4.4860840e+01
   9.2744930e+06   5.1391602e+01
   9.2745120e+06   3.2470703e+01
   9.3382260e+06   3.3752441e+01
   9.3382400e+06   3.4790039e+01
   9.3382710e+06   5.7128906e+01
   9.3383190e+06   3.6132812e+01
   9.3383520e+06   5.0476074e+01
   9.3383690e+06   4.5104980e+01
   9.3383860e+06   4.2846680e+01
   9.3384290e+06   4.7119141e+01
   9.3384780e+06   3.1555176e+01
   9.3385050e+06   3.6010742e+01
   9.3758410e+06   3.1677246e+01
   9.4011080e+06   3.1311035e+01
   9.4176120e+06   4.2053223e+01
   9.4178480e+06   3.2714844e+01
   9.4178640e+06   3.8696289e+01
   9.4178880e+06   3.6804199e+01
   9.4179000e+06   3.9672852e+01
   9.4179230e+06   4.1320801e+01
   9.4179670e+06   3.7048340e+01
   9.4180170e+06   3.3020020e+01
   9.4180300e+06   3.7719727e+01
   9.4180480e+06   3.9428711e+01
   9.4180750e+06   3.1799316e+01
   9.4180930e+06   3.7353516e+01
   9.4181160e+06   3.6621094e+01
   9.4181380e+06   3.1188965e+01
   9.4183870e+06   3.5095215e+01
   9.4464770e+06   3.1433105e+01
   9.4830270e+06   3.5644531e+01
   9.4830600e+06   4.0832520e+01
   9.4830840e+06   5.2795410e+01
   9.4831170e+06   3.5339355e+01
   9.4831270e+06   4.1625977e+01
   9.4831720e+06   3.1982422e+01
   9.4832460e+06   3.1738281e+01
   9.4833680e+06   3.1188965e+01
   9.4834110e+06   4.2541504e+01
   9.5017970e+06   3.1616211e+01
   9.5445630e+06   3.3508301e+01
   9.5517070e+06   3.8574219e+01
   9.5517580e+06   3.6926270e+01
   9.5517710e+06   3.8513184e+01
   9.5520330e+06   3.2104492e+01
   9.5520480e+06   3.3569336e+01
   9.5524410e+06   3.3935547e+01
   9.5724010e+06   3.2287598e+01
   9.5866250e+06   3.2897949e+01
   9.6027430e+06   3.1311035e+01
   9.6531770e+06   3.0944824e+01
   9.6532430e+06   3.5156250e+01
   9.6532660e+06   4.5043945e+01
   9.6532920e+06   3.9245605e+01
   9.6533040e+06   4.5593262e+01
   9.6533300e+06   3.8146973e+01
   9.6533440e+06   4.4067383e+01
   9.6534530e+06   3.3508301e+01
   9.6535350e+06   3.1372070e+01
   9.6535470e+06   3.4423828e+01
   9.6535870e+06   3.2836914e+01
   9.6536840e+06   3.1799316e+01
   9.6537660e+06   3.8818359e+01
   9.6787770e+06   3.4118652e+01
   9.6787990e+06   3.8818359e+01
   9.6788400e+06   3.6987305e+01
   9.6931770e+06   3.0822754e+01
   9.7128680e+06   3.0822754e+01
   9.7128890e+06   3.3813477e+01
   9.7129990e+06   3.2226563e+01
   9.7130220e+06   4.9255371e+01
   9.7131020e+06   3.7231445e+01
   9.7132170e+06   3.3203125e+01
   9.7133320e+06   3.1555176e+01
   9.7603230e+06   3.3691406e+01
   9.7603330e+06   3.4667969e+01
   9.7604200e+06   8.2397461e+01
   9.7604560e+06   3.6010742e+01
   9.7604770e+06   3.7292480e+01
   9.7604900e+06   3.0944824e+01
   9.7605280e+06   3.8818359e+01
   9.7605700e+06   4.1564941e+01
   9.7605890e+06   3.0761719e+01
   9.7606040e+06   4.4250488e+01
   9.7606220e+06   3.1311035e+01
   9.7610420e+06   3.0883789e+01
   9.7611960e+06   3.1066895e+01
   9.7798570e+06   3.2592773e+01
   9.7861230e+06   3.2531738e+01
   9.8033410e+06   3.4973145e+01
   9.8068540e+06   3.5949707e+01
   9.8068760e+06   5.1269531e+01
   9.8069000e+06   3.5095215e+01
   9.8069140e+06   3.2348633e+01
   9.8069250e+06   3.3386230e+01
   9.8069510e+06   3.9001465e+01
   9.8069960e+06   3.2592773e+01
   9.8070220e+06   3.2653809e+01
   9.8072100e+06   3.1555176e+01
   9.8072280e+06   4.1992188e+01
   9.8073040e+06   3.1860352e+01
   9.8074620e+06   3.1799316e+01
   9.8760720e+06   3.0761719e+01
   9.8829680e+06   3.6560059e+01
   9.8941790e+06   3.2348633e+01
   9.8956790e+06   3.2592773e+01
   9.8958070e+06   4.4128418e+01
   9.8958300e+06   3.5217285e+01
   9.8959150e+06   3.2714844e+01
   9.9256530e+06   3.1494141e+01
   9.9260040e+06   3.4057617e+01
   9.9260410e+06   4.8217773e+01
   9.9260510e+06   3.1616211e+01
   9.9260910e+06   3.2714844e+01
   9.9261230e+06   5.1147461e+01
   9.9261740e+06   3.3508301e+01
   9.9262340e+06   3.5461426e+01
   9.9727220e+06   3.2592773e+01
   9.9729580e+06   3.6010742e+01
   9.9730160e+06   3.2348633e+01
   9.9730680e+06   3.6926270e+01
   9.9730880e+06   4.8889160e+01
   9.9731080e+06   5.3527832e+01
   9.9732270e+06   3.8208008e+01
   9.9736760e+06   3.1005859e+01
   9.9737540e+06   3.7109375e+01
   9.9738440e+06   3.3264160e+01
   9.9741670e+06   3.1127930e+01
   1.0036462e+07   3.1799316e+01
   1.0060210e+07   3.2165527e+01
   1.0064988e+07   4.4433594e+01
   1.0078181e+07   3.1372070e+01
   1.0078211e+07   3.2287598e+01
   1.0078250e+07   3.2287598e+01
   1.0078439e+07   3.7780762e+01
   1.0107109e+07   3.4240723e+01
   1.0107161e+07   3.3569336e+01
   1.0135175e+07   3.4729004e+01
   1.0135529e+07   4.0588379e+01
   1.0153044e+07   3.1982422e+01
   1.0153086e+07   3.4729004e+01
   1.0153486e+07   3.9916992e+01
   1.0153543e+07   3.0822754e+01
   1.0153559e+07   5.1086426e+01
   1.0153589e+07   3.3752441e+01
   1.0153955e+07   3.3142090e+01
   1.0168149e+07   3.1433105e+01
   1.0177758e+07   3.0761719e+01
   1.0177799e+07   5.0109863e+01
   1.0177815e+07   3.9184570e+01
   1.0177898e+07   4.3212891e+01
   1.0192598e+07   3.0761719e+01
   1.0192626e+07   4.0039063e+01
   1.0192678e+07   3.1372070e+01
   1.0192752e+07   3.1433105e+01
   1.0192777e+07   3.0822754e+01
   1.0251656e+07   3.1921387e+01
   1.0317861e+07   3.3691406e+01
   1.0330428e+07   3.8635254e+01
   1.0330737e+07   3.2470703e+01
   1.0333382e+07   3.6865234e+01
   1.0333394e+07   3.9001465e+01
   1.0333431e+07   4.6081543e+01
   1.0333456e+07   3.8391113e+01
   1.0333466e+07   4.6752930e+01
   1.0333494e+07   4.0527344e+01
   1.0333514e+07   3.2531738e+01
   1.0333524e+07   3.5156250e+01
   1.0333548e+07   3.2592773e+01
   1.0333578e+07   6.2438965e+01
   1.0333609e+07   4.8645020e+01
   1.0333650e+07   3.5278320e+01
   1.0333670e+07   5.2612305e+01
   1.0333719e+07   3.5461426e+01
   1.0333752e+07   3.7841797e+01
   1.0333765e+07   3.9123535e+01
   1.0333781e+07   3.6865234e+01
   1.0333800e+07   5.4626465e+01
   1.0333841e+07   3.9123535e+01
   1.0333886e+07   4.8706055e+01
   1.0333910e+07   3.7414551e+01
   1.0333920e+07   3.1616211e+01
   1.0333934e+07   4.0954590e+01
   1.0333987e+07   3.9916992e+01
   1.0334064e+07   3.2165527e+01
   1.0334118e+07   3.4606934e+01
   1.0334159e+07   3.4179688e+01
   1.0334254e+07   3.1738281e+01
   1.0334304e+07   3.1921387e+01
   1.0334853e+07   3.2409668e+01
   1.0335531e+07   3.2775879e+01
   1.0336519e+07   3.4423828e+01
   1.0383448e+07   3.3874512e+01
   1.0383826e+07   3.2897949e+01
   1.0384178e+07   3.1005859e+01
   1.0389468e+07   3.1372070e+01
   1.0406003e+07   3.2165527e+01
   1.0426958e+07   3.0944824e+01
   1.0440092e+07   3.1005859e+01
   1.0440134e+07   3.9123535e+01
   1.0440144e+07   4.5349121e+01
   1.0461864e+07   3.1555176e+01
   1.0462078e+07   3.4057617e+01
   1.0474093e+07   3.6437988e+01
   1.0474512e+07   4.0649414e+01
   1.0474577e+07   3.2653809e+01
   1.0487029e+07   4.0527344e+01
   1.0487039e+07   4.3762207e+01
   1.0487079e+07   4.7302246e+01
   1.0487116e+07   3.6010742e+01
   1.0487318e+07   3.4484863e+01
   1.0487659e+07   3.0883789e+01
   1.0488002e+07   3.2470703e+01
   1.0488289e+07   3.5766602e+01
   1.0528671e+07   3.2043457e+01
   1.0528988e+07   3.3691406e+01
   1.0541123e+07   3.3508301e+01
   1.0541210e+07   3.6499023e+01
   1.0541250e+07   3.5034180e+01
   1.0541802e+07   3.3508301e+01
   1.0558496e+07   3.4606934e+01
   1.0558570e+07   4.0039063e+01
   1.0558602e+07   3.1127930e+01
   1.0558867e+07   3.4362793e+01
   1.0558893e+07   3.1494141e+01
   1.0558935e+07   3.2104492e+01
   1.0558970e+07   3.3020020e+01
   1.0628283e+07   3.9001465e+01
   1.0636652e+07   3.1066895e+01
   1.0636706e+07   3.4606934e+01
   1.0636719e+07   3.8452148e+01
   1.0636746e+07   3.1066895e+01
   1.0667553e+07   3.5583496e+01
   1.0668308e+07   5.8227539e+01
   1.0681896e+07   3.2165527e+01
   1.0689762e+07   3.5217285e+01
   1.0689872e+07   3.2531738e+01
   1.0689991e+07   3.1921387e+01
   1.0714857e+07   3.5766602e+01
   1.0714926e+07   3.4667969e+01
   1.0752720e+07   4.2785645e+01
   1.0752799e+07   3.8024902e+01
   1.0752848e+07   3.8208008e+01
   1.0752918e+07   3.0944824e+01
   1.0753606e+07   3.1005859e+01
   1.0797492e+07   3.4851074e+01
   1.0797528e+07   3.7658691e+01
   1.0797558e+07   3.5461426e+01
   1.0797572e+07   4.0039062e+01
   1.0797590e+07   4.2602539e+01
   1.0797658e+07   3.6010742e+01
   1.0797678e+07   4.0222168e+01
   1.0797713e+07   3.5888672e+01
   1.0797728e+07   3.8818359e+01
   1.0797767e+07   3.1372070e+01
   1.0797810e+07   4.6508789e+01
   1.0797828e+07   3.2592773e+01
   1.0798195e+07   3.1860352e+01
   1.0832131e+07   3.4606934e+01
   1.0832178e+07   5.1025391e+01
   1.0832216e+07   4.1870117e+01
   1.0832260e+07   3.2714844e+01
   1.0832335e+07   3.6437988e+01
   1.0832383e+07   3.0822754e+01
   1.0832431e+07   4.8095703e+01
   1.0832452e+07   3.4729004e+01
   1.0832533e+07   3.6132813e+01
   1.0832591e+07   3.3691406e+01
   1.0832631e+07   3.4118652e+01
   1.0832817e+07   3.1250000e+01
   1.0886310e+07   3.2470703e+01
   1.0893321e+07   3.3935547e+01
   1.0893697e+07   4.4250488e+01
   1.0893831e+07   4.5959473e+01
   1.0913307e+07   3.0883789e+01
   1.0926736e+07   3.4118652e+01
   1.0926758e+07   4.2602539e+01
   1.0926790e+07   3.7780762e+01
   1.0926810e+07   4.2480469e+01
   1.0926869e+07   4.7790527e+01
   1.0926915e+07   3.6071777e+01
   1.0926938e+07   3.6987305e+01
   1.0926953e+07   3.1799316e+01
   1.0926994e+07   4.6142578e+01
   1.0927026e+07   3.0761719e+01
   1.0927045e+07   3.2287598e+01
   1.0927094e+07   4.8156738e+01
   1.0927104e+07   3.6315918e+01
   1.0927144e+07   4.0588379e+01
   1.0927189e+07   3.2775879e+01
   1.0927262e+07   3.7963867e+01
   1.0927272e+07   3.6560059e+01
   1.0927364e+07   3.0761719e+01
   1.0927404e+07   3.6071777e+01
   1.0927420e+07   3.2165527e+01
   1.0927528e+07   4.7241211e+01
   1.0973974e+07   3.3691406e+01
   1.0974003e+07   4.0954590e+01
   1.0974075e+07   3.5217285e+01
   1.0974102e+07   3.2165527e+01
   1.0974138e+07   4.6936035e+01
   1.0974189e+07   3.8452148e+01
   1.0974260e+07   3.6132813e+01
   1.0974284e+07   3.9184570e+01
   1.0974306e+07   3.3691406e+01
   1.1001214e+07   3.8452148e+01
   1.1001377e+07   3.7597656e+01
   1.1001482e+07   3.1799316e+01
   1.1008321e+07   6.3842773e+01
   1.1008366e+07   3.2104492e+01
   1.1008378e+07   3.8452148e+01
   1.1008395e+07   5.1147461e+01
   1.1008412e+07   3.2043457e+01
   1.1008460e+07   4.4067383e+01
   1.1008482e+07   5.5725098e+01
   1.1008510e+07   4.6936035e+01
   1.1008527e+07   3.0822754e+01
   1.1008537e+07   3.1127930e+01
   1.1008576e+07   3.9916992e+01
   1.1008596e+07   3.9062500e+01
   1.1008617e+07   3.3203125e+01
   1.1008634e+07   4.0283203e+01
   1.1008666e+07   3.8696289e+01
   1.1008691e+07   6.2072754e+01
   1.1008728e+07   4.7485352e+01
   1.1008754e+07   4.2724609e+01
   1.1008773e+07   4.7302246e+01
   1.1008817e+07   3.3996582e+01
   1.1008877e+07   4.5959473e+01
   1.1008919e+07   4.1564941e+01
   1.1008965e+07   3.0883789e+01
   1.1046531e+07   3.4667969e+01
   1.1053467e+07   3.7353516e+01
   1.1053961e+07   4.1503906e+01
   1.1054267e+07   3.6193848e+01
   1.1067859e+07   4.2175293e+01
   1.1068165e+07   3.4362793e+01
   1.1068957e+07   4.2175293e+01
   1.1078873e+07   3.3386230e+01
   1.1081231e+07   3.3325195e+01
   1.1088660e+07   3.8391113e+01
   1.1088723e+07   3.3813477e+01
   1.1088750e+07   3.2043457e+01
   1.1088761e+07   3.4729004e+01
   1.1088890e+07   3.7475586e+01
   1.1103052e+07   3.6254883e+01
   1.1112676e+07   3.1005859e+01
   1.1116590e+07   3.3325195e+01
   1.1116662e+07   5.9265137e+01
   1.1116822e+07   4.4311523e+01
   1.1117079e+07   3.2836914e+01
   1.1117483e+07   3.1005859e+01
   1.1150537e+07   3.2043457e+01
   1.1156609e+07   4.8095703e+01
   1.1156729e+07   3.6743164e+01
   1.1157793e+07   3.8146973e+01
   1.1176692e+07   3.4484863e+01
   1.1176755e+07   4.2724609e+01
   1.1198739e+07   3.1555176e+01
   1.1209601e+07   3.2653809e+01
   1.1219808e+07   4.8278809e+01
   1.1241145e+07   3.7780762e+01
   1.1263143e+07   3.1188965e+01
   1.1310186e+07   3.6254883e+01
   1.1310210e+07   3.4301758e+01
   1.1310281e+07   3.8635254e+01
   1.1310317e+07   3.2165527e+01
   1.1310378e+07   3.1738281e+01
   1.1310504e+07   3.4790039e+01
   1.1310572e+07   3.4790039e+01
   1.1311165e+07   3.3569336e+01
   1.1371286e+07   4.1931152e+01
   1.1371310e+07   3.3691406e+01
   1.1373530e+07   3.2043457e+01
   1.1373553e+07   3.3020020e+01
   1.1373575e+07   4.4860840e+01
   1.1373602e+07   3.6010742e+01
   1.1373627e+07   4.4372559e+01
   1.1373648e+07   3.4790039e+01
   1.1373669e+07   4.4860840e+01
   1.1373704e+07   3.9428711e+01
   1.1373735e+07   3.3813477e+01
   1.1395889e+07   3.3020020e+01
   1.1396158e+07   3.4301758e+01
   1.1422626e+07   3.2531738e+01
   1.1422646e+07   3.2470703e+01
   1.1422740e+07   3.1677246e+01
   1.1470497e+07   3.4240723e+01
   1.1470548e+07   3.9794922e+01
   1.1470690e+07   3.7902832e+01
   1.1471648e+07   3.1311035e+01
   1.1471683e+07   3.2592773e+01
   1.1471696e+07   3.2958984e+01
   1.1471748e+07   3.2653809e+01
   1.1471762e+07   3.5644531e+01
   1.1471828e+07   3.5583496e+01
   1.1471844e+07   3.4423828e+01
   1.1518505e+07   3.1188965e+01
   1.1519838e+07   3.2348633e+01
   1.1520051e+07   4.4738770e+01
   1.1520241e+07   3.3142090e+01
   1.1520346e+07   3.1860352e+01
   1.1520461e+07   4.2846680e+01
   1.1520492e+07   3.4423828e+01
   1.1520766e+07   3.3081055e+01
   1.1538690e+07   4.1992188e+01
   1.1538918e+07   3.8146973e+01
   1.1539069e+07   3.7231445e+01
   1.1551528e+07   3.2470703e+01
   1.1551556e+07   6.0241699e+01
   1.1551579e+07   4.8767090e+01
   1.1574150e+07   3.4667969e+01
   1.1574188e+07   3.1066895e+01
   1.1574208e+07   3.7902832e+01
   1.1574224e+07   5.4504395e+01
   1.1574239e+07   3.8879395e+01
   1.1574274e+07   4.1076660e+01
   1.1574301e+07   3.5766602e+01
   1.1574337e+07   3.2226563e+01
   1.1574357e+07   3.1433105e+01
   1.1574378e+07   4.1015625e+01
   1.1574404e+07   4.2297363e+01
   1.1574484e+07   3.1433105e+01
   1.1574537e+07   3.2958984e+01
   1.1606646e+07   3.4851074e+01
   1.1664013e+07   4.5349121e+01
   1.1664045e+07   3.9794922e+01
   1.1664066e+07   5.1452637e+01
   1.1664103e+07   3.8513184e+01
   1.1664116e+07   3.1433105e+01
   1.1664148e+07   3.2409668e+01
   1.1664204e+07   3.1860352e+01
   1.1695175e+07   3.1616211e+01
   1.1695196e+07   3.6621094e+01
   1.1695238e+07   6.3903809e+01
   1.1695267e+07   3.1799316e+01
   1.1695286e+07   3.7536621e+01
   1.1695329e+07   3.8391113e+01
   1.1695340e+07   3.8696289e+01
   1.1695385e+07   3.4729004e+01
   1.1695437e+07   3.3630371e+01
   1.1695453e+07   3.3447266e+01
   1.1724714e+07   3.5705566e+01
   1.1724814e+07   3.3142090e+01
   1.1724914e+07   3.3813477e+01
   1.1725582e+07   3.8818359e+01
   1.1749830e+07   3.0822754e+01
   1.1771575e+07   3.3996582e+01
   1.1771593e+07   3.0761719e+01
   1.1771779e+07   4.1625977e+01
   1.1796323e+07   3.4423828e+01
   1.1796354e+07   3.1127930e+01
   1.1796381e+07   3.1005859e+01
   1.1796457e+07   6.4208984e+01
   1.1796532e+07   3.2409668e+01
   1.1796561e+07   3.3264160e+01
   1.1796597e+07   3.1555176e+01
   1.1796671e+07   3.1677246e+01
   1.1834731e+07   3.4606934e+01
   1.1834851e+07   3.1982422e+01
   1.1890435e+07   3.1372070e+01
   1.1891186e+07   3.0761719e+01
   1.1891361e+07   3.2470703e+01
   1.1905470e+07   3.3508301e+01
   1.1905488e+07   3.3447266e+01
   1.1905522e+07   4.1748047e+01
   1.1905538e+07   6.2927246e+01
   1.1905592e+07   3.2775879e+01
   1.1905617e+07   5.5664062e+01
   1.1905647e+07   3.2104492e+01
   1.1905662e+07   3.3874512e+01
   1.1905681e+07   3.6254883e+01
   1.1905710e+07   3.4790039e+01
   1.1905776e+07   3.1188965e+01
   1.1905810e+07   3.5949707e+01
   1.1905839e+07   3.8024902e+01
   1.1905856e+07   4.4921875e+01
   1.1905874e+07   3.5034180e+01
   1.1906101e+07   3.3569336e+01
   1.1906332e+07   3.1616211e+01
   1.1946023e+07   3.1860352e+01
   1.1970979e+07   3.2592773e+01
   1.1971026e+07   3.4484863e+01
   1.1971363e+07   3.5095215e+01
   1.1971447e+07   3.6499023e+01
   1.1971547e+07   3.6865234e+01
   1.1971893e+07   3.4423828e+01
   1.1972037e+07   3.7231445e+01
