   1.1999000e+07   0.0000000e+00
   6.5110000e+03   4.1137695e+01
   6.5530000e+03   5.8959961e+01
   6.5780000e+03   6.8176270e+01
   6.6020000e+03   4.1076660e+01
   6.6820000e+03   5.4870605e+01
   2.3037000e+04   6.0852051e+01
   2.3065000e+04   4.5532227e+01
   2.3084000e+04   5.4138184e+01
   2.3101000e+04   7.1350098e+01
   2.3117000e+04   6.9152832e+01
   2.3136000e+04   7.1533203e+01
   2.3155000e+04   6.7016602e+01
   2.3182000e+04   4.8034668e+01
   2.3214000e+04   5.9387207e+01
   2.3226000e+04   6.4514160e+01
   2.3249000e+04   5.7861328e+01
   2.3260000e+04   7.0373535e+01
   2.3299000e+04   5.9814453e+01
   2.3326000e+04   5.3955078e+01
   2.3373000e+04   5.0048828e+01
   2.3387000e+04   5.9631348e+01
   2.3420000e+04   6.2866211e+01
   2.3436000e+04   4.7058105e+01
   2.3450000e+04   4.8217773e+01
   2.3501000e+04   4.5410156e+01
   2.3528000e+04   5.7128906e+01
   2.3560000e+04   4.3579102e+01
   2.3930000e+04   4.1625977e+01
   2.4100000e+04   4.1809082e+01
   2.4273000e+04   4.3945313e+01
   2.4398000e+04   4.5959473e+01
   2.4779000e+04   4.2907715e+01
   2.4832000e+04   4.3640137e+01
   2.5791000e+04   4.7668457e+01
   2.5903000e+04   4.1015625e+01
   2.5948000e+04   4.2419434e+01
   4.4297000e+04   4.3457031e+01
   8.5837000e+04   5.5114746e+01
   1.2153400e+05   4.1320801e+01
   1.2171500e+05   4.1503906e+01
   1.3296300e+05   5.2490234e+01
   1.3304000e+05   4.5959473e+01
   1.4523900e+05   4.3579102e+01
   1.4547200e+05   4.3395996e+01
   1.4578100e+05   4.6508789e+01
   1.4676500e+05   6.3415527e+01
   1.6474000e+05   4.5043945e+01
   1.6479400e+05   4.9865723e+01
   1.6484100e+05   4.1198730e+01
   1.6487200e+05   4.2175293e+01
   1.6496200e+05   4.2541504e+01
   1.6516100e+05   4.7607422e+01
   1.8337100e+05   4.2053223e+01
   1.8339000e+05   4.7180176e+01
   1.8356500e+05   4.6997070e+01
   1.8645000e+05   5.5114746e+01
   1.8653400e+05   5.4443359e+01
   1.8656400e+05   5.4809570e+01
   1.8659000e+05   4.1931152e+01
   1.8660500e+05   4.3579102e+01
   1.8662700e+05   4.3823242e+01
   2.0517200e+05   4.9438477e+01
   2.0518700e+05   4.3945313e+01
   2.0520400e+05   6.6711426e+01
   2.0522700e+05   5.0659180e+01
   2.0525600e+05   4.2846680e+01
   2.0527900e+05   4.3029785e+01
   2.0529500e+05   4.1687012e+01
   2.0531900e+05   5.5908203e+01
   2.0534000e+05   4.5898438e+01
   2.0535700e+05   5.8288574e+01
   2.0538100e+05   4.1015625e+01
   2.0541600e+05   5.1513672e+01
   2.0585300e+05   6.0729980e+01
   2.0589900e+05   4.0954590e+01
   2.2553000e+05   6.9030762e+01
   2.2554500e+05   7.1594238e+01
   2.2555800e+05   4.4677734e+01
   2.2557900e+05   8.2092285e+01
   2.2559300e+05   6.0119629e+01
   2.2561200e+05   6.4697266e+01
   2.2563000e+05   7.6416016e+01
   2.2567000e+05   6.1889648e+01
   2.2569400e+05   5.7189941e+01
   2.2570700e+05   6.5612793e+01
   2.2572800e+05   5.7861328e+01
   2.2574500e+05   5.3894043e+01
   2.2576900e+05   6.2194824e+01
   2.2579400e+05   7.3730469e+01
   2.2580700e+05   6.4636230e+01
   2.2584300e+05   8.2702637e+01
   2.2586000e+05   4.6752930e+01
   2.2587800e+05   4.3457031e+01
   2.2588900e+05   5.0170898e+01
   2.2590600e+05   4.1870117e+01
   2.2593700e+05   4.2358398e+01
   2.2600000e+05   4.1442871e+01
   2.2605300e+05   5.3039551e+01
   2.2608100e+05   4.3151855e+01
   2.2615900e+05   4.0893555e+01
   2.2633700e+05   4.2846680e+01
   2.2676700e+05   4.8034668e+01
   2.2705300e+05   4.3640137e+01
   2.2711100e+05   4.2663574e+01
   2.2714500e+05   4.9438477e+01
   2.2748400e+05   4.7790527e+01
   2.2879900e+05   4.2480469e+01
   2.8826000e+05   4.2236328e+01
   2.8837500e+05   4.1809082e+01
   2.8895300e+05   4.4616699e+01
   3.0280000e+05   5.2917480e+01
   3.0281800e+05   5.5664063e+01
   3.0396600e+05   4.5166016e+01
   3.1989300e+05   4.3457031e+01
   3.1997700e+05   4.5837402e+01
   3.3167800e+05   4.4982910e+01
   3.3169900e+05   5.7250977e+01
   3.3171200e+05   7.4462891e+01
   3.3173400e+05   1.1578369e+02
   3.3176000e+05   7.1105957e+01
   3.3177100e+05   4.9499512e+01
   3.3179700e+05   7.4401855e+01
   3.3185900e+05   5.8105469e+01
   3.3190200e+05   8.5998535e+01
   3.3191800e+05   6.8237305e+01
   3.3194800e+05   6.2561035e+01
   3.3196400e+05   6.0729980e+01
   3.3201900e+05   5.1879883e+01
   3.3209300e+05   4.4250488e+01
   3.3213000e+05   5.1513672e+01
   3.3228200e+05   4.2358398e+01
   3.3235900e+05   6.0363770e+01
   3.3238100e+05   5.2978516e+01
   3.3243500e+05   4.4799805e+01
   3.3253300e+05   4.1320801e+01
   3.3256000e+05   4.2480469e+01
   3.3264400e+05   4.5593262e+01
   3.3272400e+05   4.3518066e+01
   3.3277200e+05   4.2724609e+01
   3.3285100e+05   4.1137695e+01
   3.3286300e+05   4.5532227e+01
   3.3296500e+05   5.4626465e+01
   3.3311700e+05   4.5227051e+01
   3.3320400e+05   4.8828125e+01
   3.3339500e+05   4.5898438e+01
   3.3356000e+05   4.3273926e+01
   3.7117600e+05   4.1748047e+01
   3.7222200e+05   5.6579590e+01
   3.7234600e+05   4.2602539e+01
   3.8793300e+05   4.2236328e+01
   4.1017500e+05   5.7861328e+01
   4.1019500e+05   4.7729492e+01
   4.1023600e+05   4.5104980e+01
   4.1026300e+05   5.1696777e+01
   4.1027700e+05   4.7363281e+01
   4.1030100e+05   5.1391602e+01
   4.1033000e+05   4.4006348e+01
   4.1035300e+05   5.5908203e+01
   4.1037600e+05   5.1208496e+01
   4.1048300e+05   4.7119141e+01
   4.1074500e+05   4.4189453e+01
   4.1080800e+05   4.5654297e+01
   4.1119800e+05   5.3039551e+01
   4.5550400e+05   7.5927734e+01
   4.5553100e+05   5.3100586e+01
   4.5556800e+05   4.8156738e+01
   4.5568200e+05   4.7607422e+01
   4.9112200e+05   5.4077148e+01
   4.9115300e+05   4.7973633e+01
   4.9118400e+05   5.2124023e+01
   4.9125900e+05   4.4128418e+01
   4.9127600e+05   6.2927246e+01
   4.9130100e+05   5.0720215e+01
   4.9132800e+05   5.6640625e+01
   4.9134200e+05   5.9997559e+01
   4.9213700e+05   4.1198730e+01
   4.9219100e+05   4.1931152e+01
   5.2092800e+05   4.5959473e+01
   5.2097800e+05   5.4260254e+01
   5.2101700e+05   5.8654785e+01
   5.2103800e+05   7.5866699e+01
   5.2105700e+05   4.7546387e+01
   5.2109100e+05   4.2053223e+01
   5.2110100e+05   5.6152344e+01
   5.2113400e+05   4.4128418e+01
   5.2143600e+05   4.1259766e+01
   5.5845000e+05   4.9621582e+01
   5.6635200e+05   5.8349609e+01
   5.6636300e+05   4.9560547e+01
   5.9889200e+05   4.6813965e+01
   6.0385100e+05   4.1015625e+01
   6.0388800e+05   5.1635742e+01
   6.0391600e+05   4.1259766e+01
   6.0393700e+05   4.2602539e+01
   6.0395000e+05   6.5673828e+01
   6.0397100e+05   6.5979004e+01
   6.0400300e+05   6.9763184e+01
   6.0403000e+05   4.2419434e+01
   6.0408400e+05   4.2724609e+01
   6.0410600e+05   4.2297363e+01
   6.0414700e+05   4.3151855e+01
   6.0452900e+05   4.3090820e+01
   6.2286300e+05   4.3029785e+01
   6.2297300e+05   5.4504395e+01
   6.4611800e+05   5.7373047e+01
   6.4619800e+05   5.1574707e+01
   6.4621600e+05   4.0832520e+01
   6.4635900e+05   4.0832520e+01
   6.5037100e+05   4.4555664e+01
   6.6240800e+05   5.0292969e+01
   6.6245000e+05   4.3762207e+01
   6.6248300e+05   6.1035156e+01
   6.8322500e+05   4.4616699e+01
   6.8328700e+05   4.4738770e+01
   7.0364900e+05   4.3823242e+01
   7.0366200e+05   6.5979004e+01
   7.0368500e+05   4.5959473e+01
   7.0370000e+05   5.3771973e+01
   7.0373300e+05   1.1163330e+02
   7.0374700e+05   4.7241211e+01
   7.0376800e+05   6.2133789e+01
   7.0378400e+05   6.0363770e+01
   7.0380000e+05   8.2885742e+01
   7.0381000e+05   5.1208496e+01
   7.0384500e+05   5.8654785e+01
   7.0387500e+05   4.4494629e+01
   7.0390300e+05   7.7148438e+01
   7.0393500e+05   5.7495117e+01
   7.0396300e+05   5.7067871e+01
   7.0403100e+05   5.2490234e+01
   7.0404200e+05   6.5551758e+01
   7.0407100e+05   5.3833008e+01
   7.0411900e+05   4.7180176e+01
   7.0418200e+05   4.6142578e+01
   7.0421000e+05   5.3771973e+01
   7.0423200e+05   4.2846680e+01
   7.0430900e+05   5.5114746e+01
   7.0445600e+05   4.8889160e+01
   7.0458300e+05   5.0476074e+01
   7.0503300e+05   4.5715332e+01
   7.3776300e+05   4.6386719e+01
   7.3779300e+05   5.3710938e+01
   7.5745500e+05   5.4748535e+01
   7.5824600e+05   4.1503906e+01
   7.7853300e+05   7.9956055e+01
   7.8100900e+05   5.1330566e+01
   7.9524700e+05   4.2663574e+01
   7.9528300e+05   5.0231934e+01
   7.9534500e+05   8.6975098e+01
   7.9536700e+05   4.9926758e+01
   7.9545600e+05   4.7912598e+01
   7.9582300e+05   4.2358398e+01
   8.1926600e+05   4.6997070e+01
   8.1933600e+05   5.0292969e+01
   8.1945800e+05   5.1696777e+01
   8.3529800e+05   5.1208496e+01
   8.5297300e+05   5.0842285e+01
   8.5300600e+05   6.2011719e+01
   8.5303000e+05   7.8125000e+01
   8.5304300e+05   6.5795898e+01
   8.5307100e+05   4.5532227e+01
   8.5309000e+05   5.4077148e+01
   8.5311900e+05   4.4433594e+01
   8.5313800e+05   6.0729980e+01
   8.5316500e+05   5.1513672e+01
   8.5320800e+05   5.1086426e+01
   8.7545700e+05   4.9377441e+01
   8.7549800e+05   5.6640625e+01
   8.9538000e+05   4.9194336e+01
   8.9548900e+05   5.2124023e+01
   8.9549900e+05   4.2297363e+01
   8.9552300e+05   4.9377441e+01
   9.0582300e+05   5.2062988e+01
   9.0586000e+05   6.5551758e+01
   9.0588600e+05   1.1938477e+02
   9.0590800e+05   4.2419434e+01
   9.0593100e+05   4.9011230e+01
   9.0596800e+05   5.5297852e+01
   9.0599300e+05   6.7565918e+01
   9.0603500e+05   5.1025391e+01
   9.0605900e+05   4.3701172e+01
   9.0609600e+05   4.1992188e+01
   9.0625000e+05   5.1391602e+01
   9.0640700e+05   4.1442871e+01
   9.4849700e+05   4.1931152e+01
   9.4857000e+05   4.8156738e+01
   9.6582600e+05   5.2795410e+01
   9.6584200e+05   6.9824219e+01
   9.6593800e+05   5.3222656e+01
   9.8179800e+05   5.6518555e+01
   9.8181200e+05   7.0739746e+01
   9.8183600e+05   5.0048828e+01
   9.8185600e+05   4.9865723e+01
   9.8187200e+05   4.4067383e+01
   9.8188800e+05   5.3710937e+01
   9.8190800e+05   6.5551758e+01
   9.8194500e+05   5.1879883e+01
   9.8196500e+05   6.7504883e+01
   9.8197500e+05   4.3518066e+01
   9.8199900e+05   5.0659180e+01
   9.8203900e+05   5.5114746e+01
   9.8208000e+05   4.2968750e+01
   9.8240000e+05   4.2053223e+01
   1.0121730e+06   4.3212891e+01
   1.0122170e+06   6.5795898e+01
   1.0122410e+06   4.2968750e+01
   1.0122970e+06   4.1748047e+01
   1.0123560e+06   4.8583984e+01
   1.0307930e+06   4.2297363e+01
   1.0308760e+06   5.2612305e+01
   1.0309210e+06   4.6203613e+01
   1.0309520e+06   4.2846680e+01
   1.0310370e+06   4.2724609e+01
   1.0540660e+06   5.5358887e+01
   1.0674010e+06   4.5532227e+01
   1.0675750e+06   5.1391602e+01
   1.0911150e+06   4.6997070e+01
   1.1002150e+06   6.6223145e+01
   1.1002880e+06   5.0659180e+01
   1.1003240e+06   6.0424805e+01
   1.1003470e+06   4.8950195e+01
   1.1132590e+06   4.3762207e+01
   1.1132860e+06   5.0048828e+01
   1.1133370e+06   6.5490723e+01
   1.1133520e+06   5.3161621e+01
   1.1133630e+06   4.3518066e+01
   1.1133880e+06   6.5734863e+01
   1.1134110e+06   5.7434082e+01
   1.1134380e+06   4.7180176e+01
   1.1134490e+06   4.8278809e+01
   1.1134900e+06   4.1198730e+01
   1.1143370e+06   6.5673828e+01
   1.1636150e+06   4.3823242e+01
   1.1636470e+06   4.2724609e+01
   1.1636820e+06   4.8095703e+01
   1.1651460e+06   5.4992676e+01
   1.1652000e+06   9.7778320e+01
   1.1652270e+06   4.6508789e+01
   1.1652630e+06   6.1584473e+01
   1.1652760e+06   6.1035156e+01
   1.1653160e+06   4.1381836e+01
   1.2012120e+06   4.9438477e+01
   1.2013430e+06   4.4616699e+01
   1.2014270e+06   4.1625977e+01
   1.2014530e+06   5.8654785e+01
   1.2217070e+06   6.2011719e+01
   1.2217290e+06   4.9621582e+01
   1.2217520e+06   6.6467285e+01
   1.2217780e+06   4.8278809e+01
   1.2217970e+06   4.4494629e+01
   1.2218240e+06   4.5593262e+01
   1.2218400e+06   4.5593262e+01
   1.2218610e+06   5.6762695e+01
   1.2219050e+06   6.8176270e+01
   1.2219280e+06   5.4077148e+01
   1.2219580e+06   6.0241699e+01
   1.2219850e+06   6.6772461e+01
   1.2220160e+06   6.4147949e+01
   1.2220560e+06   6.5368652e+01
   1.2220880e+06   4.6447754e+01
   1.2221030e+06   5.7922363e+01
   1.2221130e+06   4.6875000e+01
   1.2222050e+06   5.7739258e+01
   1.2222160e+06   4.7973633e+01
   1.2222530e+06   4.3701172e+01
   1.2224690e+06   4.4128418e+01
   1.2230620e+06   4.7241211e+01
   1.2765440e+06   5.2307129e+01
   1.2801030e+06   4.9194336e+01
   1.2836480e+06   4.8278809e+01
   1.2886030e+06   4.4738770e+01
   1.2977930e+06   4.6325684e+01
   1.3042800e+06   4.4372559e+01
   1.3147510e+06   4.2663574e+01
   1.3177680e+06   5.2551270e+01
   1.3178020e+06   4.9133301e+01
   1.3178170e+06   4.2053223e+01
   1.3178380e+06   4.3273926e+01
   1.3178600e+06   4.3029785e+01
   1.3178960e+06   4.3518066e+01
   1.3179180e+06   5.4931641e+01
   1.3179310e+06   4.5593262e+01
   1.3423560e+06   5.0842285e+01
   1.3423960e+06   4.2785645e+01
   1.3424060e+06   4.7851563e+01
   1.3424280e+06   8.0017090e+01
   1.3424440e+06   5.6518555e+01
   1.3424600e+06   4.3151855e+01
   1.3424820e+06   4.7790527e+01
   1.3424980e+06   5.0415039e+01
   1.3425170e+06   7.0190430e+01
   1.3425300e+06   5.3649902e+01
   1.3425510e+06   5.6701660e+01
   1.3426030e+06   5.8227539e+01
   1.3426140e+06   5.7617188e+01
   1.3426470e+06   6.1523438e+01
   1.3426700e+06   5.7800293e+01
   1.3426900e+06   4.7180176e+01
   1.3427100e+06   4.5837402e+01
   1.3427290e+06   4.6813965e+01
   1.3427480e+06   5.6945801e+01
   1.3427760e+06   4.8706055e+01
   1.3427980e+06   4.5166016e+01
   1.3429360e+06   4.2297363e+01
   1.3429640e+06   4.6569824e+01
   1.3430160e+06   4.3090820e+01
   1.3430470e+06   4.3273926e+01
   1.3432250e+06   4.2785645e+01
   1.3434560e+06   4.1015625e+01
   1.3436590e+06   4.2602539e+01
   1.3436720e+06   4.7668457e+01
   1.3438180e+06   4.1992188e+01
   1.3441070e+06   4.2053223e+01
   1.3445150e+06   4.4677734e+01
   1.3450070e+06   4.2053223e+01
   1.3802890e+06   4.3640137e+01
   1.3956460e+06   4.2236328e+01
   1.3956820e+06   5.8288574e+01
   1.3957130e+06   5.2612305e+01
   1.3957390e+06   6.2744141e+01
   1.3957610e+06   6.9213867e+01
   1.3957760e+06   6.7871094e+01
   1.3958020e+06   7.0861816e+01
   1.3958320e+06   4.3151855e+01
   1.3959290e+06   5.3283691e+01
   1.3959390e+06   5.4199219e+01
   1.4379810e+06   4.1259766e+01
   1.4380130e+06   4.6508789e+01
   1.4424110e+06   4.5104980e+01
   1.4424370e+06   4.3457031e+01
   1.4424500e+06   4.2785645e+01
   1.4424880e+06   5.7678223e+01
   1.4425070e+06   5.1208496e+01
   1.4425340e+06   4.9255371e+01
   1.4425920e+06   4.6203613e+01
   1.4426160e+06   4.2602539e+01
   1.4426620e+06   7.9162598e+01
   1.4687390e+06   4.5715332e+01
   1.4687730e+06   4.1748047e+01
   1.4688350e+06   4.0954590e+01
   1.4689150e+06   5.5603027e+01
   1.4952070e+06   5.1452637e+01
   1.5068160e+06   4.8095703e+01
   1.5184430e+06   5.7556152e+01
   1.5184610e+06   6.1401367e+01
   1.5184920e+06   6.6589355e+01
   1.5185150e+06   5.5480957e+01
   1.5185660e+06   4.7729492e+01
   1.5185780e+06   5.8898926e+01
   1.5186230e+06   7.6843262e+01
   1.5186490e+06   9.2529297e+01
   1.5186720e+06   4.1198730e+01
   1.5186820e+06   4.6508789e+01
   1.5187120e+06   5.9265137e+01
   1.5187480e+06   4.3518066e+01
   1.5187600e+06   6.0913086e+01
   1.5187860e+06   4.5471191e+01
   1.5188050e+06   6.2622070e+01
   1.5188460e+06   4.6813965e+01
   1.5188710e+06   4.8645020e+01
   1.5189210e+06   4.4921875e+01
   1.5191370e+06   7.1655273e+01
   1.5195110e+06   4.1137695e+01
   1.5432790e+06   5.9814453e+01
   1.5433470e+06   6.8054199e+01
   1.5433950e+06   4.2053223e+01
   1.5718120e+06   5.9997559e+01
   1.5718550e+06   4.3884277e+01
   1.5867950e+06   4.2419434e+01
   1.5868320e+06   6.2988281e+01
   1.5986220e+06   4.6875000e+01
   1.5986460e+06   5.1513672e+01
   1.5986720e+06   1.1383057e+02
   1.5987020e+06   6.5246582e+01
   1.5987310e+06   9.5458984e+01
   1.5987530e+06   6.5673828e+01
   1.5987870e+06   9.7229004e+01
   1.5987970e+06   5.5175781e+01
   1.5988080e+06   5.5297852e+01
   1.5988370e+06   4.3334961e+01
   1.5988480e+06   4.9133301e+01
   1.5988620e+06   5.1818848e+01
   1.5988830e+06   4.6203613e+01
   1.5990130e+06   4.1259766e+01
   1.6418460e+06   4.2785645e+01
   1.6570490e+06   4.2419434e+01
   1.6570970e+06   5.0170898e+01
   1.6571100e+06   4.1381836e+01
   1.6581140e+06   5.3100586e+01
   1.6581430e+06   4.9804688e+01
   1.6581680e+06   6.9396973e+01
   1.6581930e+06   4.1503906e+01
   1.6582280e+06   5.0354004e+01
   1.6582810e+06   4.4860840e+01
   1.6583520e+06   4.1931152e+01
   1.6583930e+06   4.8217773e+01
   1.6585480e+06   5.2001953e+01
   1.6588030e+06   4.0893555e+01
   1.6753780e+06   5.7250977e+01
   1.6754160e+06   5.5969238e+01
   1.6754290e+06   4.3457031e+01
   1.6755050e+06   4.7363281e+01
   1.7108230e+06   4.2358398e+01
   1.7152020e+06   5.2246094e+01
   1.7152560e+06   4.2114258e+01
   1.7154030e+06   4.1687012e+01
   1.7340900e+06   5.2429199e+01
   1.7341160e+06   4.3823242e+01
   1.7393160e+06   6.4270020e+01
   1.7670060e+06   4.2358398e+01
   1.7670580e+06   5.6701660e+01
   1.7671050e+06   5.0231934e+01
   1.7671300e+06   5.4992676e+01
   1.7752000e+06   6.1950684e+01
   1.7752230e+06   4.2602539e+01
   1.7752470e+06   8.3984375e+01
   1.7752770e+06   4.2053223e+01
   1.7758330e+06   4.5349121e+01
   1.7957790e+06   4.2785645e+01
   1.7958040e+06   5.8349609e+01
   1.8187900e+06   5.3527832e+01
   1.8188970e+06   4.3518066e+01
   1.8351960e+06   5.4199219e+01
   1.8352210e+06   4.3090820e+01
   1.8558350e+06   4.5837402e+01
   1.8558560e+06   6.2133789e+01
   1.8558730e+06   8.7402344e+01
   1.8558890e+06   5.1635742e+01
   1.8559080e+06   6.4514160e+01
   1.8559280e+06   4.2663574e+01
   1.8559620e+06   5.9997559e+01
   1.8559840e+06   5.4748535e+01
   1.8560150e+06   5.1208496e+01
   1.8560390e+06   5.3649902e+01
   1.8560570e+06   5.9387207e+01
   1.8560870e+06   4.3273926e+01
   1.8562230e+06   5.2856445e+01
   1.8958520e+06   5.5419922e+01
   1.9077500e+06   4.2419434e+01
   1.9262670e+06   4.7302246e+01
   1.9325070e+06   4.9133301e+01
   1.9347940e+06   6.5246582e+01
   1.9348720e+06   5.6457520e+01
   1.9349450e+06   4.4738770e+01
   1.9520550e+06   4.2785645e+01
   1.9520760e+06   4.2907715e+01
   1.9521410e+06   5.6579590e+01
   1.9521610e+06   5.0109863e+01
   1.9521770e+06   6.2683105e+01
   1.9532070e+06   4.3823242e+01
   1.9532270e+06   5.4748535e+01
   1.9532600e+06   5.6579590e+01
   1.9533250e+06   7.1655273e+01
   1.9533470e+06   4.3151855e+01
   1.9533610e+06   4.6997070e+01
   1.9534470e+06   4.3945313e+01
   1.9829690e+06   4.6447754e+01
   1.9829800e+06   6.9274902e+01
   1.9898730e+06   4.2175293e+01
   1.9898990e+06   5.6335449e+01
   1.9899260e+06   4.4494629e+01
   1.9899550e+06   7.1228027e+01
   1.9899740e+06   6.6772461e+01
   1.9899840e+06   6.1096191e+01
   1.9900090e+06   5.1086426e+01
   1.9900270e+06   5.2978516e+01
   1.9900500e+06   5.0781250e+01
   1.9901000e+06   4.1015625e+01
   2.0193380e+06   4.1503906e+01
   2.0237530e+06   4.4677734e+01
   2.0237770e+06   4.1076660e+01
   2.0238050e+06   6.1950684e+01
   2.0322800e+06   6.1889648e+01
   2.0324450e+06   4.5349121e+01
   2.0968970e+06   5.1757813e+01
   2.0969170e+06   4.4311523e+01
   2.0970340e+06   4.3762207e+01
   2.1156170e+06   4.8156738e+01
   2.1156450e+06   5.8410645e+01
   2.1156940e+06   5.0354004e+01
   2.1157530e+06   4.8583984e+01
   2.1294680e+06   5.5419922e+01
   2.1295100e+06   6.4147949e+01
   2.1295250e+06   6.4697266e+01
   2.1295490e+06   5.0842285e+01
   2.1295920e+06   5.8288574e+01
   2.1296050e+06   8.2214355e+01
   2.1296250e+06   5.1696777e+01
   2.1296480e+06   5.2795410e+01
   2.1296820e+06   4.3334961e+01
   2.1317390e+06   4.2602539e+01
   2.1685190e+06   4.6264648e+01
   2.1686110e+06   4.4677734e+01
   2.1686700e+06   4.7180176e+01
   2.1688070e+06   4.2358398e+01
   2.2135060e+06   5.5114746e+01
   2.2135520e+06   5.6274414e+01
   2.2135650e+06   4.8339844e+01
   2.2135910e+06   4.4982910e+01
   2.2136610e+06   4.7424316e+01
   2.2137180e+06   4.2602539e+01
   2.2744000e+06   4.4738770e+01
   2.2744870e+06   5.6396484e+01
   2.2745140e+06   4.6081543e+01
   2.2745370e+06   4.5532227e+01
   2.2745530e+06   4.2358398e+01
   2.2745660e+06   6.2744141e+01
   2.2745770e+06   4.1992188e+01
   2.2745970e+06   5.8288574e+01
   2.2746820e+06   4.3334961e+01
   2.2752250e+06   4.5837402e+01
   2.2752880e+06   5.0476074e+01
   2.3012580e+06   4.9377441e+01
   2.3029180e+06   4.8828125e+01
   2.3029540e+06   5.3833008e+01
   2.3029760e+06   6.3049316e+01
   2.3030430e+06   5.6762695e+01
   2.3393730e+06   7.1472168e+01
   2.3393960e+06   5.6213379e+01
   2.3394190e+06   7.3364258e+01
   2.3394340e+06   8.5937500e+01
   2.3394470e+06   6.6833496e+01
   2.3394610e+06   5.2673340e+01
   2.3394840e+06   5.1025391e+01
   2.3395000e+06   4.4067383e+01
   2.3395140e+06   6.2683105e+01
   2.3395350e+06   6.5185547e+01
   2.3395520e+06   4.6508789e+01
   2.3395710e+06   4.7607422e+01
   2.3396160e+06   5.5175781e+01
   2.3396280e+06   5.3039551e+01
   2.3396950e+06   4.4799805e+01
   2.3397240e+06   5.2185059e+01
   2.3397420e+06   4.4372559e+01
   2.3397550e+06   4.2114258e+01
   2.3397930e+06   4.1992188e+01
   2.3398280e+06   4.0832520e+01
   2.3409450e+06   4.2480469e+01
   2.3933630e+06   4.3701172e+01
   2.3996610e+06   4.6630859e+01
   2.4004980e+06   4.1503906e+01
   2.4017820e+06   4.3762207e+01
   2.4186740e+06   5.1025391e+01
   2.4283710e+06   5.4931641e+01
   2.4421320e+06   4.7424316e+01
   2.4421440e+06   6.5673828e+01
   2.4421570e+06   4.6142578e+01
   2.4421920e+06   8.3862305e+01
   2.4422080e+06   4.0832520e+01
   2.4437670e+06   4.1748047e+01
   2.4530200e+06   4.1931152e+01
   2.4611440e+06   4.6508789e+01
   2.4704330e+06   4.7241211e+01
   2.4729410e+06   5.4992676e+01
   2.4729590e+06   6.3293457e+01
   2.4730260e+06   5.4748535e+01
   2.4736840e+06   5.6945801e+01
   2.4745130e+06   4.0954590e+01
   2.4745700e+06   4.5043945e+01
   2.4749760e+06   5.8959961e+01
   2.4809080e+06   5.1757813e+01
   2.4966450e+06   4.0893555e+01
   2.4967210e+06   4.2846680e+01
   2.4992350e+06   4.9316406e+01
   2.4992740e+06   4.1809082e+01
   2.4993040e+06   7.4829102e+01
   2.4993190e+06   7.5683594e+01
   2.4993470e+06   6.8603516e+01
   2.4993660e+06   6.7016602e+01
   2.4994040e+06   6.3049316e+01
   2.4994380e+06   4.6386719e+01
   2.4994630e+06   4.8034668e+01
   2.4994860e+06   4.8828125e+01
   2.4995190e+06   5.3405762e+01
   2.4995710e+06   5.6640625e+01
   2.4995940e+06   4.0893555e+01
   2.4996240e+06   5.1696777e+01
   2.4996620e+06   4.5349121e+01
   2.4996790e+06   4.4372559e+01
   2.4997080e+06   5.1879883e+01
   2.4997230e+06   4.3640137e+01
   2.4997720e+06   4.5166016e+01
   2.4998680e+06   4.1503906e+01
   2.4999330e+06   4.8645020e+01
   2.5001710e+06   4.2419434e+01
   2.5269500e+06   5.5541992e+01
   2.5435420e+06   4.9560547e+01
   2.5546800e+06   4.1137695e+01
   2.5646170e+06   6.0363770e+01
   2.5646680e+06   5.6030273e+01
   2.5647140e+06   5.6579590e+01
   2.5647300e+06   5.8837891e+01
   2.5647400e+06   5.5175781e+01
   2.5647610e+06   9.1430664e+01
   2.5647810e+06   1.1291504e+02
   2.5647910e+06   8.0810547e+01
   2.5648120e+06   4.1442871e+01
   2.5648250e+06   5.0659180e+01
   2.5648510e+06   4.1809082e+01
   2.5648670e+06   7.3425293e+01
   2.5648900e+06   6.3476563e+01
   2.5649050e+06   8.4960938e+01
   2.5649160e+06   5.7556152e+01
   2.5649360e+06   6.4514160e+01
   2.5649520e+06   5.5969238e+01
   2.5649960e+06   6.1584473e+01
   2.5650070e+06   4.2114258e+01
   2.5650570e+06   4.4433594e+01
   2.5651050e+06   4.3090820e+01
   2.5651230e+06   4.4860840e+01
   2.5651750e+06   4.4006348e+01
   2.5652410e+06   4.2541504e+01
   2.5654770e+06   4.8217773e+01
   2.5657240e+06   4.1687012e+01
   2.5657820e+06   4.0954590e+01
   2.5659710e+06   4.2602539e+01
   2.5665760e+06   4.8461914e+01
   2.5998220e+06   5.5603027e+01
   2.6227070e+06   4.7790527e+01
   2.6227200e+06   4.2480469e+01
   2.6410790e+06   5.7983398e+01
   2.6502370e+06   5.1086426e+01
   2.6702550e+06   4.4006348e+01
   2.6703740e+06   4.1687012e+01
   2.6704130e+06   5.0720215e+01
   2.6705490e+06   4.0832520e+01
   2.6708720e+06   4.1687012e+01
   2.6710030e+06   4.3212891e+01
   2.6715610e+06   4.1259766e+01
   2.6877760e+06   4.2663574e+01
   2.6881640e+06   4.6020508e+01
   2.7006570e+06   4.1992188e+01
   2.7006870e+06   4.5227051e+01
   2.7007040e+06   6.0363770e+01
   2.7007490e+06   5.8349609e+01
   2.7007730e+06   4.5532227e+01
   2.7007990e+06   4.9560547e+01
   2.7008590e+06   4.4067383e+01
   2.7015230e+06   4.7790527e+01
   2.7233770e+06   7.0068359e+01
   2.7295330e+06   5.3161621e+01
   2.7295450e+06   4.3029785e+01
   2.7295750e+06   4.7729492e+01
   2.7302730e+06   4.1870117e+01
   2.7302980e+06   4.2419434e+01
   2.7316020e+06   4.3823242e+01
   2.7316460e+06   4.2968750e+01
   2.7316610e+06   4.4555664e+01
   2.7316710e+06   4.5837402e+01
   2.7316810e+06   5.6640625e+01
   2.7317160e+06   7.4462891e+01
   2.7317320e+06   4.1870117e+01
   2.7317710e+06   5.3222656e+01
   2.7317860e+06   5.3222656e+01
   2.7318030e+06   6.5612793e+01
   2.7318580e+06   5.0964355e+01
   2.7318720e+06   7.0129395e+01
   2.7319030e+06   4.5654297e+01
   2.7319150e+06   7.0617676e+01
   2.7319360e+06   6.0974121e+01
   2.7319770e+06   4.8583984e+01
   2.7320110e+06   4.7058105e+01
   2.7320220e+06   5.1940918e+01
   2.7320490e+06   6.7993164e+01
   2.7320890e+06   4.7363281e+01
   2.7321280e+06   4.2663574e+01
   2.7321560e+06   4.1198730e+01
   2.7321890e+06   5.7312012e+01
   2.7323340e+06   4.8156738e+01
   2.7326100e+06   4.8156738e+01
   2.7327790e+06   4.7973633e+01
   2.7330490e+06   4.2358398e+01
   2.7330720e+06   4.1625977e+01
   2.7332140e+06   4.4311523e+01
   2.7950970e+06   5.2856445e+01
   2.8147260e+06   5.2612305e+01
   2.8153460e+06   5.1452637e+01
   2.8153650e+06   4.2480469e+01
   2.8154930e+06   4.2785645e+01
   2.8155370e+06   4.6447754e+01
   2.8345580e+06   5.4809570e+01
   2.8347320e+06   4.3823242e+01
   2.8494830e+06   5.5541992e+01
   2.8495010e+06   5.7128906e+01
   2.8495310e+06   4.1503906e+01
   2.8501620e+06   4.3090820e+01
   2.8701180e+06   4.9621582e+01
   2.8701730e+06   4.2785645e+01
   2.8703280e+06   5.3222656e+01
   2.8870960e+06   4.5288086e+01
   2.8871100e+06   5.4931641e+01
   2.8871780e+06   4.7546387e+01
   2.8872130e+06   4.1320801e+01
   2.8872550e+06   4.0893555e+01
   2.8872800e+06   5.2612305e+01
   2.8885000e+06   4.1442871e+01
   2.9103650e+06   6.4941406e+01
   2.9103830e+06   5.0781250e+01
   2.9104250e+06   5.4382324e+01
   2.9104480e+06   4.5166016e+01
   2.9329200e+06   4.8950195e+01
   2.9329420e+06   4.7729492e+01
   2.9329710e+06   5.9631348e+01
   2.9332430e+06   4.5288086e+01
   2.9584970e+06   5.4870605e+01
   2.9585150e+06   4.3273926e+01
   2.9585540e+06   6.4453125e+01
   2.9601060e+06   4.6569824e+01
   2.9864250e+06   5.5664063e+01
   2.9864750e+06   4.9377441e+01
   2.9865800e+06   4.4982910e+01
   2.9871400e+06   4.5043945e+01
   2.9871970e+06   4.3273926e+01
   3.0143090e+06   6.4575195e+01
   3.0143500e+06   5.9509277e+01
   3.0154850e+06   5.1757813e+01
   3.0223000e+06   4.4799805e+01
   3.0223710e+06   5.6213379e+01
   3.0231990e+06   4.2419434e+01
   3.0447420e+06   4.1442871e+01
   3.0631710e+06   4.6997070e+01
   3.0632990e+06   5.9753418e+01
   3.0633630e+06   4.2053223e+01
   3.0633770e+06   4.1992188e+01
   3.0633990e+06   4.2602539e+01
   3.0634440e+06   4.9316406e+01
   3.0634710e+06   4.4921875e+01
   3.0635100e+06   5.0598145e+01
   3.0997300e+06   5.1391602e+01
   3.0997890e+06   6.5795898e+01
   3.0998110e+06   4.4250488e+01
   3.0998570e+06   5.8349609e+01
   3.0999190e+06   4.0832520e+01
   3.1135750e+06   4.7363281e+01
   3.1144050e+06   4.4494629e+01
   3.1144260e+06   4.4067383e+01
   3.1144420e+06   4.1503906e+01
   3.1144570e+06   7.0068359e+01
   3.1144760e+06   5.0170898e+01
   3.1145190e+06   5.2429199e+01
   3.1145680e+06   4.3518066e+01
   3.1147120e+06   4.4555664e+01
   3.1150530e+06   4.2724609e+01
   3.1625160e+06   4.2419434e+01
   3.1650940e+06   4.6142578e+01
   3.1708810e+06   5.2429199e+01
   3.1709300e+06   5.0415039e+01
   3.1709770e+06   4.2175293e+01
   3.1709870e+06   4.7729492e+01
   3.1710260e+06   4.5532227e+01
   3.1711530e+06   4.4799805e+01
   3.1713000e+06   4.7912598e+01
   3.1716800e+06   4.1015625e+01
   3.1975280e+06   4.5532227e+01
   3.1975610e+06   4.9011230e+01
   3.1975820e+06   6.0485840e+01
   3.1976060e+06   4.1564941e+01
   3.2065850e+06   4.8889160e+01
   3.2156680e+06   6.0791016e+01
   3.2157040e+06   5.0598145e+01
   3.2157220e+06   5.5725098e+01
   3.2157520e+06   7.2143555e+01
   3.2157780e+06   4.9438477e+01
   3.2158580e+06   5.4565430e+01
   3.2158920e+06   4.8278809e+01
   3.2160190e+06   4.7485352e+01
   3.2436570e+06   4.4982910e+01
   3.2447580e+06   5.3039551e+01
   3.2447880e+06   7.3547363e+01
   3.2738510e+06   5.0964355e+01
   3.2791480e+06   4.1625977e+01
   3.2791710e+06   4.7729492e+01
   3.2791910e+06   4.5715332e+01
   3.3106730e+06   5.6030273e+01
   3.3107120e+06   4.4555664e+01
   3.3107450e+06   4.9743652e+01
   3.3117610e+06   4.1748047e+01
   3.3315420e+06   4.5043945e+01
   3.3521840e+06   5.1086426e+01
   3.3600530e+06   4.4250488e+01
   3.3617090e+06   5.3283691e+01
   3.3617200e+06   7.3242188e+01
   3.3918140e+06   4.3029785e+01
   3.3918340e+06   7.1166992e+01
   3.3954300e+06   6.9946289e+01
   3.3954530e+06   6.5734863e+01
   3.3954800e+06   5.4565430e+01
   3.3955080e+06   5.9204102e+01
   3.3955860e+06   4.3029785e+01
   3.4252960e+06   4.5410156e+01
   3.4253220e+06   4.2053223e+01
   3.4253490e+06   4.6813965e+01
   3.4254070e+06   4.2968750e+01
   3.4258960e+06   4.4860840e+01
   3.4269270e+06   4.5959473e+01
   3.4271480e+06   4.1870117e+01
   3.4271870e+06   5.0231934e+01
   3.4524060e+06   4.1687012e+01
   3.4640420e+06   5.7800293e+01
   3.4640780e+06   5.1757813e+01
   3.4640880e+06   6.4086914e+01
   3.4641130e+06   4.6386719e+01
   3.4641680e+06   5.7312012e+01
   3.4641820e+06   4.1564941e+01
   3.4642530e+06   4.1137695e+01
   3.4643360e+06   4.3090820e+01
   3.4648650e+06   4.6752930e+01
   3.5060250e+06   4.4250488e+01
   3.5060940e+06   6.7687988e+01
   3.5061870e+06   4.4006348e+01
   3.5064360e+06   4.2419434e+01
   3.5158720e+06   4.6447754e+01
   3.5408930e+06   4.5837402e+01
   3.5527040e+06   4.6203613e+01
   3.5527340e+06   4.5227051e+01
   3.5527540e+06   7.8918457e+01
   3.5528220e+06   4.4860840e+01
   3.5530900e+06   4.4616699e+01
   3.5532650e+06   4.6508789e+01
   3.5534960e+06   4.4128418e+01
   3.5896190e+06   5.1574707e+01
   3.5897010e+06   6.4880371e+01
   3.6118890e+06   5.2734375e+01
   3.6122740e+06   4.9621582e+01
   3.6123330e+06   4.4128418e+01
   3.6124690e+06   4.8522949e+01
   3.6249890e+06   4.2419434e+01
   3.6250250e+06   4.6752930e+01
   3.6250430e+06   4.9621582e+01
   3.6250780e+06   5.2856445e+01
   3.6251000e+06   1.0217285e+02
   3.6478270e+06   5.1147461e+01
   3.6564600e+06   4.9194336e+01
   3.6565650e+06   5.0903320e+01
   3.6691640e+06   4.9865723e+01
   3.6692950e+06   4.1259766e+01
   3.6693290e+06   4.4372559e+01
   3.6833460e+06   5.1147461e+01
   3.6835070e+06   6.0791016e+01
   3.7003170e+06   4.0954590e+01
   3.7003520e+06   5.6274414e+01
   3.7003690e+06   6.7016602e+01
   3.7004070e+06   8.3007813e+01
   3.7004340e+06   5.5419922e+01
   3.7005550e+06   5.1757813e+01
   3.7015270e+06   5.8227539e+01
   3.7016470e+06   4.9133301e+01
   3.7016940e+06   4.6142578e+01
   3.7017250e+06   4.1015625e+01
   3.7017980e+06   4.9377441e+01
   3.7018230e+06   4.4433594e+01
   3.7018570e+06   5.9265137e+01
   3.7019410e+06   4.6325684e+01
   3.7020000e+06   4.8522949e+01
   3.7595680e+06   5.2246094e+01
   3.7621320e+06   4.2724609e+01
   3.7622530e+06   4.1992188e+01
   3.7706220e+06   4.5471191e+01
   3.7757760e+06   5.5847168e+01
   3.7758140e+06   4.0832520e+01
   3.7758250e+06   6.3232422e+01
   3.7758560e+06   5.4931641e+01
   3.7858400e+06   4.0954590e+01
   3.7858530e+06   4.4128418e+01
   3.7871830e+06   5.3161621e+01
   3.7872080e+06   4.7851563e+01
   3.8069550e+06   4.5898438e+01
   3.8084230e+06   4.7119141e+01
   3.8280830e+06   5.1635742e+01
   3.8283160e+06   4.1381836e+01
   3.8283630e+06   4.2480469e+01
   3.8283860e+06   4.6447754e+01
   3.8284100e+06   4.9011230e+01
   3.8284380e+06   6.7993164e+01
   3.8292660e+06   4.2114258e+01
   3.8293030e+06   4.3090820e+01
   3.8293370e+06   4.6081543e+01
   3.8293720e+06   4.6752930e+01
   3.8293920e+06   4.6630859e+01
   3.8561360e+06   4.1381836e+01
   3.8562450e+06   5.7617188e+01
   3.8562760e+06   6.6345215e+01
   3.8562860e+06   6.0363770e+01
   3.8563070e+06   4.2297363e+01
   3.8563290e+06   8.0749512e+01
   3.8563480e+06   6.1706543e+01
   3.8563670e+06   4.3212891e+01
   3.8563970e+06   4.3334961e+01
   3.8564240e+06   4.1870117e+01
   3.8564710e+06   4.3212891e+01
   3.8566780e+06   4.5715332e+01
   3.8801360e+06   4.4738770e+01
   3.8801550e+06   5.1513672e+01
   3.8801830e+06   5.4016113e+01
   3.8802040e+06   7.4829102e+01
   3.8802270e+06   6.2622070e+01
   3.8802370e+06   5.0659180e+01
   3.8802840e+06   5.0354004e+01
   3.8802960e+06   4.1687012e+01
   3.8803180e+06   7.0068359e+01
   3.8803620e+06   5.6457520e+01
   3.8803830e+06   4.5410156e+01
   3.8804340e+06   5.6884766e+01
   3.8804560e+06   4.8828125e+01
   3.8805210e+06   4.7119141e+01
   3.8805710e+06   5.2612305e+01
   3.8805850e+06   5.5053711e+01
   3.8806450e+06   5.7189941e+01
   3.8807010e+06   4.4311523e+01
   3.8808510e+06   4.1931152e+01
   3.8808770e+06   4.3884277e+01
   3.8809970e+06   5.4260254e+01
   3.8810290e+06   4.4799805e+01
   3.8811590e+06   4.8706055e+01
   3.8816770e+06   4.4982910e+01
   3.9305130e+06   4.4860840e+01
   3.9316380e+06   4.9377441e+01
   3.9551930e+06   5.0292969e+01
   3.9569900e+06   4.1259766e+01
   3.9576410e+06   4.0954590e+01
   3.9582290e+06   4.4006348e+01
   3.9690230e+06   5.2062988e+01
   3.9770650e+06   4.8950195e+01
   3.9771170e+06   6.2377930e+01
   3.9771390e+06   4.3823242e+01
   3.9771790e+06   6.6650391e+01
   3.9772570e+06   5.1086426e+01
   3.9772950e+06   5.4565430e+01
   3.9773450e+06   4.3640137e+01
   3.9774470e+06   4.3640137e+01
   3.9978080e+06   5.7434082e+01
   4.0171200e+06   4.5166016e+01
   4.0179250e+06   5.7434082e+01
   4.0179780e+06   6.0546875e+01
   4.0180420e+06   5.8532715e+01
   4.0180570e+06   5.6274414e+01
   4.0180790e+06   5.0415039e+01
   4.0181140e+06   4.5837402e+01
   4.0181310e+06   4.2114258e+01
   4.0181650e+06   4.2480469e+01
   4.0182100e+06   4.2541504e+01
   4.0182350e+06   4.7546387e+01
   4.0183100e+06   4.1931152e+01
   4.0186870e+06   4.2663574e+01
   4.0480650e+06   5.2917480e+01
   4.0636120e+06   5.2917480e+01
   4.0698850e+06   5.1696777e+01
   4.0698990e+06   4.9316406e+01
   4.0699250e+06   5.0292969e+01
   4.0699580e+06   7.0739746e+01
   4.0699750e+06   5.6762695e+01
   4.0699930e+06   4.1870117e+01
   4.0700400e+06   4.6569824e+01
   4.0700590e+06   4.1564941e+01
   4.0700910e+06   4.4372559e+01
   4.0701110e+06   4.0832520e+01
   4.0701490e+06   5.0109863e+01
   4.0702210e+06   4.5898438e+01
   4.0704170e+06   4.5349121e+01
   4.0706790e+06   4.7363281e+01
   4.0957910e+06   4.1198730e+01
   4.0958030e+06   7.1411133e+01
   4.0958370e+06   5.6701660e+01
   4.0958520e+06   4.6630859e+01
   4.0958800e+06   5.2124023e+01
   4.0959010e+06   4.4372559e+01
   4.0959460e+06   5.6579590e+01
   4.0960530e+06   4.9072266e+01
   4.0960630e+06   4.5166016e+01
   4.0961630e+06   4.4250488e+01
   4.0961910e+06   4.8095703e+01
   4.0962620e+06   4.1809082e+01
   4.1295790e+06   4.7546387e+01
   4.1300030e+06   4.4372559e+01
   4.1439840e+06   5.5908203e+01
   4.1463840e+06   5.0415039e+01
   4.1464820e+06   5.2673340e+01
   4.1465030e+06   4.3640137e+01
   4.1612480e+06   5.0903320e+01
   4.1613160e+06   4.5532227e+01
   4.1613450e+06   5.9387207e+01
   4.1621460e+06   6.1706543e+01
   4.1785900e+06   4.2785645e+01
   4.1786100e+06   5.3100586e+01
   4.1786490e+06   4.4311523e+01
   4.1786830e+06   5.1879883e+01
   4.1787080e+06   4.7180176e+01
   4.1787530e+06   4.3762207e+01
   4.1788340e+06   4.9804688e+01
   4.1789190e+06   4.7668457e+01
   4.1790000e+06   4.6752930e+01
   4.1790500e+06   4.5776367e+01
   4.1791910e+06   4.5410156e+01
   4.1795270e+06   4.5043945e+01
   4.1797270e+06   5.0720215e+01
   4.2214110e+06   5.2062988e+01
   4.2528340e+06   4.7424316e+01
   4.2644260e+06   4.2358398e+01
   4.2644460e+06   6.2500000e+01
   4.2645350e+06   4.1809082e+01
   4.2934170e+06   4.7424316e+01
   4.2935530e+06   4.8828125e+01
   4.2947880e+06   4.5715332e+01
   4.2948430e+06   4.0832520e+01
   4.2948850e+06   4.2785645e+01
   4.2949360e+06   4.5898438e+01
   4.2956040e+06   4.4616699e+01
   4.2962390e+06   4.4555664e+01
   4.3222790e+06   8.2275391e+01
   4.3224120e+06   4.3762207e+01
   4.3375410e+06   4.4433594e+01
   4.3375740e+06   4.2846680e+01
   4.3375880e+06   4.8461914e+01
   4.3376020e+06   6.3842773e+01
   4.3376280e+06   4.3884277e+01
   4.3376690e+06   7.4707031e+01
   4.3376900e+06   6.4392090e+01
   4.3377330e+06   5.5358887e+01
   4.3570690e+06   4.0954590e+01
   4.3576840e+06   4.4311523e+01
   4.3577190e+06   7.3974609e+01
   4.3577380e+06   6.4514160e+01
   4.3577560e+06   4.4555664e+01
   4.3578890e+06   4.3090820e+01
   4.3595510e+06   4.2480469e+01
   4.3974390e+06   5.6945801e+01
   4.4030480e+06   5.6640625e+01
   4.4035290e+06   4.5593262e+01
   4.4036270e+06   4.4433594e+01
   4.4038980e+06   4.2236328e+01
   4.4263010e+06   4.8950195e+01
   4.4268370e+06   4.4006348e+01
   4.4270300e+06   5.0292969e+01
   4.4276560e+06   4.4189453e+01
   4.4563660e+06   4.7363281e+01
   4.4564960e+06   4.6569824e+01
   4.4575330e+06   4.0893555e+01
   4.4575780e+06   6.5124512e+01
   4.4580360e+06   5.7739258e+01
   4.4779440e+06   4.1259766e+01
   4.4892250e+06   4.1687012e+01
   4.4892940e+06   4.7790527e+01
   4.4893060e+06   4.6386719e+01
   4.4894200e+06   4.5410156e+01
   4.4897680e+06   4.2968750e+01
   4.4903670e+06   4.7363281e+01
   4.4904040e+06   4.3701172e+01
   4.5105240e+06   4.2785645e+01
   4.5247170e+06   5.1757813e+01
   4.5462910e+06   7.6904297e+01
   4.5474760e+06   5.7739258e+01
   4.5574710e+06   6.2500000e+01
   4.5580300e+06   4.7973633e+01
   4.5580430e+06   5.0170898e+01
   4.5580640e+06   4.7302246e+01
   4.5580760e+06   6.2316895e+01
   4.5581300e+06   4.8400879e+01
   4.5581620e+06   4.1076660e+01
   4.5581810e+06   4.0832520e+01
   4.5582150e+06   5.9265137e+01
   4.5582280e+06   5.6640625e+01
   4.5582890e+06   4.3640137e+01
   4.5583410e+06   4.3334961e+01
   4.5583780e+06   4.0893555e+01
   4.5584280e+06   4.2236328e+01
   4.5584950e+06   4.4433594e+01
   4.5585420e+06   5.4626465e+01
   4.5585660e+06   4.7180176e+01
   4.5586800e+06   4.7363281e+01
   4.5586910e+06   5.1757812e+01
   4.5591250e+06   4.6142578e+01
   4.5976720e+06   5.4138184e+01
   4.5977120e+06   4.4982910e+01
   4.5977400e+06   4.2663574e+01
   4.5977540e+06   4.0832520e+01
   4.6177910e+06   4.1870117e+01
   4.6211110e+06   4.7241211e+01
   4.6291180e+06   5.6640625e+01
   4.6498520e+06   5.3344727e+01
   4.6498770e+06   5.6091309e+01
   4.6498910e+06   4.9316406e+01
   4.6499230e+06   5.1391602e+01
   4.6499470e+06   4.1198730e+01
   4.6509730e+06   4.3212891e+01
   4.6705570e+06   4.8950195e+01
   4.6706390e+06   4.2968750e+01
   4.6717980e+06   4.2907715e+01
   4.6770630e+06   5.8898926e+01
   4.6771110e+06   4.5471191e+01
   4.6771250e+06   8.0993652e+01
   4.6771480e+06   5.5053711e+01
   4.6771710e+06   7.2570801e+01
   4.6771980e+06   4.4860840e+01
   4.6773260e+06   4.0954590e+01
   4.6959340e+06   4.5349121e+01
   4.7015780e+06   4.6325684e+01
   4.7125680e+06   5.1391602e+01
   4.7125960e+06   4.6325684e+01
   4.7126160e+06   7.8125000e+01
   4.7126450e+06   5.6274414e+01
   4.7126840e+06   5.3466797e+01
   4.7127370e+06   4.8339844e+01
   4.7127560e+06   4.1015625e+01
   4.7127690e+06   4.9499512e+01
   4.7128180e+06   4.2297363e+01
   4.7128520e+06   4.2968750e+01
   4.7128680e+06   4.3029785e+01
   4.7129030e+06   4.7546387e+01
   4.7130600e+06   5.0964355e+01
   4.7134190e+06   4.5349121e+01
   4.7135010e+06   4.2724609e+01
   4.7537130e+06   4.2114258e+01
   4.7556490e+06   4.7485352e+01
   4.7556750e+06   5.2978516e+01
   4.7568640e+06   4.3090820e+01
   4.7568940e+06   8.2824707e+01
   4.7570600e+06   4.5227051e+01
   4.7740040e+06   4.2785645e+01
   4.7740200e+06   6.1523438e+01
   4.7767060e+06   4.5532227e+01
   4.7864300e+06   4.3273926e+01
   4.7867880e+06   5.2368164e+01
   4.7869270e+06   4.1564941e+01
   4.8282850e+06   4.5349121e+01
   4.8283200e+06   4.2114258e+01
   4.8284700e+06   5.1391602e+01
   4.8317810e+06   4.5227051e+01
   4.8319200e+06   4.1320801e+01
   4.8346860e+06   4.1259766e+01
   4.8381550e+06   4.9621582e+01
   4.8389370e+06   5.1818848e+01
   4.8600690e+06   4.0832520e+01
   4.8882230e+06   4.6691895e+01
   4.8882820e+06   5.9631348e+01
   4.8883540e+06   4.2297363e+01
   4.8884680e+06   7.6721191e+01
   4.8885320e+06   5.0415039e+01
   4.8885590e+06   5.1452637e+01
   4.8892280e+06   4.1809082e+01
   4.9062800e+06   5.1635742e+01
   4.9065280e+06   4.5104980e+01
   4.9291180e+06   5.2368164e+01
   4.9506340e+06   5.3649902e+01
   4.9508880e+06   4.8339844e+01
   4.9509400e+06   4.0893555e+01
   4.9510030e+06   5.4748535e+01
   4.9511340e+06   4.2358398e+01
   4.9718200e+06   4.6020508e+01
   4.9927110e+06   4.1198730e+01
   4.9948820e+06   4.0893555e+01
   4.9969540e+06   4.7119141e+01
   4.9971210e+06   4.1137695e+01
   5.0007750e+06   4.2846680e+01
   5.0008090e+06   4.2785645e+01
   5.0008370e+06   6.4514160e+01
   5.0406720e+06   4.5776367e+01
   5.0507990e+06   4.2480469e+01
   5.0609360e+06   5.7067871e+01
   5.0609860e+06   4.3701172e+01
   5.0609970e+06   7.6049805e+01
   5.0610100e+06   5.1513672e+01
   5.0610580e+06   4.4921875e+01
   5.0610780e+06   4.2480469e+01
   5.0612530e+06   6.3598633e+01
   5.0614110e+06   4.3212891e+01
   5.0615940e+06   4.1564941e+01
   5.0850120e+06   5.0109863e+01
   5.0898560e+06   5.5786133e+01
   5.0928610e+06   5.1025391e+01
   5.0928880e+06   4.6936035e+01
   5.0929310e+06   5.3833008e+01
   5.0929600e+06   6.2622070e+01
   5.1122080e+06   7.4279785e+01
   5.1375740e+06   5.1696777e+01
   5.1376050e+06   4.2724609e+01
   5.1376310e+06   5.4565430e+01
   5.1376410e+06   6.4880371e+01
   5.1376510e+06   6.2438965e+01
   5.1376790e+06   8.0749512e+01
   5.1376900e+06   4.5654297e+01
   5.1377330e+06   4.3762207e+01
   5.1377680e+06   4.5349121e+01
   5.1388290e+06   4.7119141e+01
   5.1388760e+06   6.1157227e+01
   5.1389300e+06   4.2236328e+01
   5.1390790e+06   4.4128418e+01
   5.2093870e+06   5.2062988e+01
   5.2277540e+06   4.7851563e+01
   5.2278690e+06   4.9499512e+01
   5.2279050e+06   4.1748047e+01
   5.2279220e+06   4.1564941e+01
   5.2281240e+06   4.2114258e+01
   5.2291040e+06   5.0842285e+01
   5.2296260e+06   4.1076660e+01
   5.2640200e+06   4.1992188e+01
   5.2642690e+06   4.9743652e+01
   5.2918870e+06   4.3762207e+01
   5.2938430e+06   4.1076660e+01
   5.3201220e+06   4.1442871e+01
   5.3345270e+06   4.2236328e+01
   5.3399990e+06   4.7058105e+01
   5.3400240e+06   4.9133301e+01
   5.3621700e+06   4.7912598e+01
   5.3622300e+06   4.7790527e+01
   5.3623160e+06   4.3090820e+01
   5.3628560e+06   4.8583984e+01
   5.3628770e+06   5.3894043e+01
   5.3628880e+06   4.7668457e+01
   5.3629890e+06   5.5053711e+01
   5.3636800e+06   4.6203613e+01
   5.3770980e+06   4.4189453e+01
   5.3774270e+06   4.0893555e+01
   5.4013290e+06   5.5541992e+01
   5.4192000e+06   4.1381836e+01
   5.4192510e+06   5.2612305e+01
   5.4219950e+06   4.6020508e+01
   5.4220590e+06   5.5603027e+01
   5.4268040e+06   5.0170898e+01
   5.4269410e+06   4.4555664e+01
   5.4518790e+06   4.1870117e+01
   5.4518950e+06   4.4311523e+01
   5.4628370e+06   4.3823242e+01
   5.4633880e+06   4.2236328e+01
   5.4634310e+06   4.6264648e+01
   5.4634800e+06   6.1218262e+01
   5.4635080e+06   4.7668457e+01
   5.4635790e+06   5.2124023e+01
   5.4635940e+06   4.2297363e+01
   5.4636040e+06   5.9814453e+01
   5.4636370e+06   4.3457031e+01
   5.4636660e+06   5.6091309e+01
   5.4637000e+06   5.7739258e+01
   5.4637290e+06   4.9072266e+01
   5.4637540e+06   5.0109863e+01
   5.4637840e+06   5.1635742e+01
   5.4638470e+06   5.2612305e+01
   5.4639090e+06   5.2185059e+01
   5.4639290e+06   4.3945313e+01
   5.4639440e+06   4.9255371e+01
   5.4639990e+06   4.4860840e+01
   5.4640170e+06   4.3273926e+01
   5.4640490e+06   4.9682617e+01
   5.4641240e+06   4.2602539e+01
   5.4641420e+06   4.3945313e+01
   5.4641580e+06   4.7973633e+01
   5.4641780e+06   4.2053223e+01
   5.4642150e+06   4.2663574e+01
   5.4642450e+06   4.0832520e+01
   5.4643900e+06   4.8400879e+01
   5.4647550e+06   4.3945313e+01
   5.4651590e+06   4.1015625e+01
   5.5166690e+06   4.1503906e+01
   5.5421040e+06   4.4738770e+01
   5.5427340e+06   4.4494629e+01
   5.5686490e+06   4.5654297e+01
   5.5686760e+06   6.0668945e+01
   5.5687160e+06   5.0659180e+01
   5.5688140e+06   5.9753418e+01
   5.5688610e+06   4.2541504e+01
   5.5697200e+06   5.0903320e+01
   5.5700450e+06   4.3518066e+01
   5.5935250e+06   4.4433594e+01
   5.6099560e+06   4.2053223e+01
   5.6342270e+06   4.1809082e+01
   5.6343560e+06   6.0485840e+01
   5.6603170e+06   4.7790527e+01
   5.6603630e+06   4.1442871e+01
   5.6604050e+06   5.3771973e+01
   5.6604460e+06   5.3527832e+01
   5.6604580e+06   6.2316895e+01
   5.6604930e+06   6.1035156e+01
   5.6605330e+06   4.1503906e+01
   5.6605520e+06   6.2438965e+01
   5.6605740e+06   5.2612305e+01
   5.6606050e+06   4.4860840e+01
   5.6606160e+06   4.4799805e+01
   5.6606430e+06   5.8288574e+01
   5.6606620e+06   5.6518555e+01
   5.6606860e+06   4.4128418e+01
   5.6607070e+06   4.4921875e+01
   5.6607220e+06   5.0903320e+01
   5.6607330e+06   4.5898438e+01
   5.6607490e+06   4.1931152e+01
   5.6608030e+06   4.5898438e+01
   5.6608350e+06   5.2124023e+01
   5.6608700e+06   6.2500000e+01
   5.6609100e+06   4.1748047e+01
   5.6610760e+06   4.3701172e+01
   5.6610960e+06   5.6335449e+01
   5.6612360e+06   5.4443359e+01
   5.6613440e+06   4.2968750e+01
   5.6615430e+06   5.0537109e+01
   5.6617260e+06   4.4677734e+01
   5.7224910e+06   4.4738770e+01
   5.7225340e+06   5.1696777e+01
   5.7225570e+06   4.3518066e+01
   5.7226390e+06   4.3518066e+01
   5.7226700e+06   5.1696777e+01
   5.7355060e+06   4.1564941e+01
   5.7358970e+06   4.1381836e+01
   5.7359650e+06   4.1198730e+01
   5.7364500e+06   4.6875000e+01
   5.7518120e+06   4.1320801e+01
   5.7581900e+06   4.3579102e+01
   5.7582420e+06   4.3212891e+01
   5.7582580e+06   4.5959473e+01
   5.7591610e+06   4.7180176e+01
   5.7788360e+06   4.0954590e+01
   5.7788500e+06   5.2490234e+01
   5.7788860e+06   5.0354004e+01
   5.7789030e+06   5.4138184e+01
   5.7789530e+06   8.1909180e+01
   5.7789950e+06   4.9621582e+01
   5.7795440e+06   4.6081543e+01
   5.8030300e+06   4.3457031e+01
   5.8030660e+06   4.6630859e+01
   5.8035970e+06   4.9255371e+01
   5.8043680e+06   4.1198730e+01
   5.8044460e+06   4.0893555e+01
   5.8255990e+06   4.3701172e+01
   5.8259100e+06   4.4128418e+01
   5.8414980e+06   5.8654785e+01
   5.8415250e+06   5.0537109e+01
   5.8415370e+06   4.4494629e+01
   5.8415580e+06   5.2917480e+01
   5.8445970e+06   4.5043945e+01
   5.8452230e+06   4.7607422e+01
   5.9417350e+06   5.9143066e+01
   5.9875470e+06   5.4382324e+01
   5.9975250e+06   4.2175293e+01
   5.9976010e+06   4.1870117e+01
   5.9976290e+06   6.2561035e+01
   5.9976820e+06   5.0170898e+01
   5.9977500e+06   4.4250488e+01
   5.9993380e+06   4.0832520e+01
   6.0250570e+06   4.1931152e+01
   6.0485270e+06   4.1992188e+01
   6.0623120e+06   4.6447754e+01
   6.0727410e+06   4.1625977e+01
   6.0735280e+06   4.9438477e+01
   6.0738980e+06   7.5195313e+01
   6.0853190e+06   4.9194336e+01
   6.0853650e+06   4.7790527e+01
   6.0854140e+06   4.1320801e+01
   6.0854440e+06   4.9377441e+01
   6.0855080e+06   4.4067383e+01
   6.1065780e+06   4.6936035e+01
   6.1229420e+06   4.1564941e+01
   6.1452930e+06   5.3100586e+01
   6.1453160e+06   4.1381836e+01
   6.1462070e+06   4.3640137e+01
   6.1473340e+06   4.6447754e+01
   6.1473600e+06   5.0415039e+01
   6.1474560e+06   4.8950195e+01
   6.1834820e+06   6.4880371e+01
   6.1895850e+06   5.8959961e+01
   6.1965320e+06   6.1401367e+01
   6.2114850e+06   4.1076660e+01
   6.2120410e+06   4.1870117e+01
   6.2120940e+06   4.0832520e+01
   6.2130100e+06   5.9753418e+01
   6.2171100e+06   4.4921875e+01
   6.2355520e+06   4.2358398e+01
   6.2356260e+06   4.3945313e+01
   6.2356870e+06   4.1748047e+01
   6.2358880e+06   4.2358398e+01
   6.2359320e+06   5.5358887e+01
   6.2359920e+06   4.1503906e+01
   6.2377660e+06   4.1625977e+01
   6.2525980e+06   4.5776367e+01
   6.2527790e+06   4.0832520e+01
   6.2533620e+06   4.4738770e+01
   6.2534480e+06   4.5898438e+01
   6.2535280e+06   4.1503906e+01
   6.2681400e+06   6.6101074e+01
   6.2759960e+06   4.5532227e+01
   6.2760610e+06   5.5603027e+01
   6.2760880e+06   4.6752930e+01
   6.2761040e+06   4.2297363e+01
   6.2762610e+06   4.3762207e+01
   6.2762860e+06   4.1076660e+01
   6.2763760e+06   4.2968750e+01
   6.2770330e+06   5.5114746e+01
   6.2894200e+06   4.7485352e+01
   6.2896060e+06   5.2856445e+01
   6.2949570e+06   4.3640137e+01
   6.2950320e+06   4.7302246e+01
   6.3130660e+06   4.0832520e+01
   6.3374270e+06   4.5288086e+01
   6.3374780e+06   4.1137695e+01
   6.3380110e+06   4.4433594e+01
   6.3381690e+06   4.3090820e+01
   6.3458050e+06   4.3701172e+01
   6.3458530e+06   4.6997070e+01
   6.3458790e+06   4.2724609e+01
   6.3459220e+06   4.6569824e+01
   6.3460320e+06   4.8034668e+01
   6.3944850e+06   5.5847168e+01
   6.3945070e+06   4.2114258e+01
   6.3945720e+06   5.9631348e+01
   6.3945980e+06   4.2541504e+01
   6.4033640e+06   5.9509277e+01
   6.4033990e+06   4.4250488e+01
   6.4034180e+06   6.6955566e+01
   6.4034360e+06   5.3222656e+01
   6.4034490e+06   4.3701172e+01
   6.4034680e+06   6.4880371e+01
   6.4034920e+06   7.1105957e+01
   6.4035260e+06   7.7758789e+01
   6.4035430e+06   5.1391602e+01
   6.4035710e+06   4.6813965e+01
   6.4035820e+06   4.6691895e+01
   6.4035950e+06   4.6081543e+01
   6.4036300e+06   5.4382324e+01
   6.4036560e+06   4.3762207e+01
   6.4036760e+06   4.4189453e+01
   6.4036900e+06   4.3823242e+01
   6.4037110e+06   5.7800293e+01
   6.4037270e+06   4.5715332e+01
   6.4037580e+06   4.3395996e+01
   6.4037730e+06   5.8532715e+01
   6.4038040e+06   4.2724609e+01
   6.4038180e+06   5.2368164e+01
   6.4038820e+06   4.9255371e+01
   6.4039370e+06   4.9926758e+01
   6.4040150e+06   4.9804688e+01
   6.4040570e+06   4.0893555e+01
   6.4040720e+06   4.5593262e+01
   6.4043360e+06   6.0241699e+01
   6.4046200e+06   4.5532227e+01
   6.4047210e+06   4.2602539e+01
   6.4050490e+06   4.2297363e+01
   6.4054780e+06   4.2663574e+01
   6.4062430e+06   4.1442871e+01
   6.4534710e+06   4.2846680e+01
   6.4789060e+06   4.1992188e+01
   6.4866630e+06   4.3334961e+01
   6.4867060e+06   4.7973633e+01
   6.4867900e+06   5.0537109e+01
   6.4869910e+06   4.3823242e+01
   6.4870360e+06   5.1818848e+01
   6.4874410e+06   4.8583984e+01
   6.4975780e+06   4.3029785e+01
   6.5094220e+06   4.3029785e+01
   6.5097390e+06   4.0893555e+01
   6.5098080e+06   4.9255371e+01
   6.5234730e+06   4.4921875e+01
   6.5235990e+06   4.8706055e+01
   6.5239700e+06   4.3823242e+01
   6.5387840e+06   4.3457031e+01
   6.5389000e+06   5.3222656e+01
   6.5570360e+06   4.4738770e+01
   6.5851990e+06   4.4311523e+01
   6.5852290e+06   4.1748047e+01
   6.5852680e+06   4.3640137e+01
   6.5857140e+06   5.6701660e+01
   6.6150860e+06   4.2297363e+01
   6.6151000e+06   4.2419434e+01
   6.6152040e+06   4.3273926e+01
   6.6501530e+06   4.0832520e+01
   6.6519110e+06   4.1870117e+01
   6.6655900e+06   4.1503906e+01
   6.6657740e+06   4.2114258e+01
   6.6660180e+06   4.0893555e+01
   6.6661860e+06   4.6936035e+01
   6.6974430e+06   4.3029785e+01
   6.7038730e+06   4.7546387e+01
   6.7039000e+06   6.5673828e+01
   6.7039290e+06   5.2246094e+01
   6.7039620e+06   5.3649902e+01
   6.7039800e+06   4.2419434e+01
   6.7040350e+06   6.1645508e+01
   6.7041340e+06   4.7302246e+01
   6.7043460e+06   4.4006348e+01
   6.7044020e+06   4.4250488e+01
   6.7354330e+06   6.2255859e+01
   6.7354700e+06   4.7729492e+01
   6.7354910e+06   6.1584473e+01
   6.7355010e+06   7.3120117e+01
   6.7355270e+06   4.0893555e+01
   6.7355520e+06   5.5419922e+01
   6.7355650e+06   5.0109863e+01
   6.7355980e+06   4.4372559e+01
   6.7356200e+06   4.4311523e+01
   6.7356390e+06   5.4687500e+01
   6.7356570e+06   5.3405762e+01
   6.7356770e+06   4.5471191e+01
   6.7357130e+06   4.1381836e+01
   6.7357570e+06   8.3129883e+01
   6.7357860e+06   6.9641113e+01
   6.7358000e+06   6.2622070e+01
   6.7358310e+06   4.8767090e+01
   6.7358470e+06   5.0354004e+01
   6.7358730e+06   4.1503906e+01
   6.7358900e+06   4.3273926e+01
   6.7359490e+06   4.5104980e+01
   6.7360220e+06   4.8278809e+01
   6.7361670e+06   4.8400879e+01
   6.7363340e+06   5.0354004e+01
   6.7365900e+06   4.7729492e+01
   6.7370250e+06   4.3518066e+01
   6.7371750e+06   4.3518066e+01
   6.7375180e+06   5.0048828e+01
   6.7380510e+06   4.1320801e+01
   6.7820970e+06   4.3457031e+01
   6.7968350e+06   4.5166016e+01
   6.7970400e+06   4.1137695e+01
   6.7978710e+06   4.3762207e+01
   6.8136240e+06   4.1809082e+01
   6.8141930e+06   4.3762207e+01
   6.8293210e+06   4.5166016e+01
   6.8293770e+06   4.8583984e+01
   6.8293980e+06   5.0964355e+01
   6.8294610e+06   5.2429199e+01
   6.8436640e+06   4.9621582e+01
   6.8437600e+06   4.5837402e+01
   6.8438330e+06   6.4025879e+01
   6.8438760e+06   4.3151855e+01
   6.8439120e+06   5.6579590e+01
   6.8439340e+06   4.2236328e+01
   6.8439610e+06   6.2561035e+01
   6.8439840e+06   4.1992188e+01
   6.8441870e+06   4.5593262e+01
   6.8443040e+06   5.2001953e+01
   6.8446690e+06   4.4128418e+01
   6.8451920e+06   4.3334961e+01
   6.8641180e+06   5.7128906e+01
   6.8643180e+06   4.1625977e+01
   6.8643280e+06   5.4626465e+01
   6.8643890e+06   4.5410156e+01
   6.8793240e+06   4.1687012e+01
   6.8801240e+06   5.2124023e+01
   6.8801680e+06   7.7575684e+01
   6.8802090e+06   5.2062988e+01
   6.8802260e+06   4.9682617e+01
   6.8802460e+06   5.2551270e+01
   6.8802730e+06   5.1818848e+01
   6.8802910e+06   5.8288574e+01
   6.8803110e+06   5.0842285e+01
   6.8803430e+06   4.0893555e+01
   6.8803550e+06   4.7058105e+01
   6.8803700e+06   6.0363770e+01
   6.8803840e+06   5.0476074e+01
   6.8804270e+06   6.6162109e+01
   6.8804390e+06   4.6264648e+01
   6.8804520e+06   4.9682617e+01
   6.8804870e+06   8.1726074e+01
   6.8805320e+06   5.2734375e+01
   6.8805420e+06   5.6091309e+01
   6.8805800e+06   4.3884277e+01
   6.8805950e+06   4.6813965e+01
   6.8806350e+06   4.2602539e+01
   6.8806580e+06   5.2429199e+01
   6.8806880e+06   4.8278809e+01
   6.8807280e+06   4.2907715e+01
   6.8807530e+06   4.2358398e+01
   6.8808400e+06   4.6630859e+01
   6.8809140e+06   4.8950195e+01
   6.8809420e+06   4.6875000e+01
   6.8810420e+06   5.5908203e+01
   6.8811650e+06   4.8156738e+01
   6.8813110e+06   4.0954590e+01
   6.8814340e+06   4.9377441e+01
   6.8821540e+06   4.2114258e+01
   6.8830640e+06   4.2236328e+01
   6.9299030e+06   4.1137695e+01
   6.9312210e+06   4.2114258e+01
   6.9322440e+06   5.9753418e+01
   6.9328460e+06   7.2692871e+01
   6.9448900e+06   5.5786133e+01
   6.9453630e+06   4.3762207e+01
   6.9557860e+06   4.0832520e+01
   6.9558180e+06   6.0424805e+01
   6.9558380e+06   4.1137695e+01
   6.9558520e+06   4.4494629e+01
   6.9558850e+06   5.1818848e+01
   6.9559410e+06   5.6762695e+01
   6.9559520e+06   4.4982910e+01
   6.9559770e+06   5.7250977e+01
   6.9560020e+06   4.0954590e+01
   6.9561860e+06   4.1381836e+01
   6.9845860e+06   5.2978516e+01
   6.9846420e+06   4.6081543e+01
   6.9846860e+06   4.8706055e+01
   6.9848190e+06   5.2734375e+01
   6.9876420e+06   4.6997070e+01
   6.9876820e+06   5.7250977e+01
   6.9877250e+06   4.4494629e+01
   6.9877770e+06   4.8583984e+01
   6.9878090e+06   4.4555664e+01
   6.9878490e+06   4.3762207e+01
   7.0505760e+06   4.7302246e+01
   7.0506330e+06   5.3405762e+01
   7.0508240e+06   5.8715820e+01
   7.0834140e+06   4.1992188e+01
   7.0847010e+06   4.5532227e+01
   7.0847330e+06   4.5227051e+01
   7.0848070e+06   4.8400879e+01
   7.0848360e+06   4.5471191e+01
   7.0995180e+06   5.5297852e+01
   7.0995610e+06   4.7424316e+01
   7.0995760e+06   5.5847168e+01
   7.0995950e+06   5.3100586e+01
   7.0996080e+06   6.3903809e+01
   7.0996190e+06   7.0007324e+01
   7.0996780e+06   5.6762695e+01
   7.0996920e+06   6.0852051e+01
   7.0997190e+06   7.2814941e+01
   7.0997530e+06   6.2683105e+01
   7.0997640e+06   6.8054199e+01
   7.0998000e+06   6.0913086e+01
   7.0998160e+06   5.0170898e+01
   7.0998400e+06   5.2246094e+01
   7.0998680e+06   4.2358398e+01
   7.0999160e+06   5.9082031e+01
   7.0999300e+06   8.4777832e+01
   7.0999610e+06   4.6630859e+01
   7.0999960e+06   4.6447754e+01
   7.1000350e+06   5.6091309e+01
   7.1001180e+06   5.2185059e+01
   7.1002030e+06   4.1076660e+01
   7.1002950e+06   4.5654297e+01
   7.1003240e+06   4.3823242e+01
   7.1004180e+06   5.5175781e+01
   7.1005040e+06   4.0954590e+01
   7.1005270e+06   4.7180176e+01
   7.1005480e+06   4.5959473e+01
   7.1008770e+06   4.7424316e+01
   7.1009280e+06   4.2114258e+01
   7.1009950e+06   4.9011230e+01
   7.1010050e+06   4.2358398e+01
   7.1010410e+06   4.6325684e+01
   7.1011350e+06   4.5166016e+01
   7.1012800e+06   4.2480469e+01
   7.1012920e+06   5.0720215e+01
   7.1014400e+06   4.5532227e+01
   7.1015820e+06   4.6447754e+01
   7.1652580e+06   4.7180176e+01
   7.1653060e+06   4.1748047e+01
   7.1656000e+06   4.8645020e+01
   7.1858790e+06   4.5227051e+01
   7.1998910e+06   5.8654785e+01
   7.1999200e+06   5.0109863e+01
   7.1999510e+06   4.6325684e+01
   7.1999660e+06   5.8105469e+01
   7.2000170e+06   4.2358398e+01
   7.2000450e+06   4.5227051e+01
   7.2002670e+06   5.0903320e+01
   7.2005700e+06   5.2673340e+01
   7.2006910e+06   4.3151855e+01
   7.2283880e+06   4.1809082e+01
   7.2285130e+06   5.1757813e+01
   7.2290010e+06   4.0832520e+01
   7.2291010e+06   4.2175293e+01
   7.2295290e+06   5.0048828e+01
   7.2452240e+06   4.0954590e+01
   7.2452510e+06   5.7800293e+01
   7.2452700e+06   4.7546387e+01
   7.2454810e+06   5.0170898e+01
   7.2459630e+06   4.6691895e+01
   7.2464970e+06   5.7922363e+01
   7.2961680e+06   4.6752930e+01
   7.2961910e+06   4.0954590e+01
   7.2962170e+06   4.7241211e+01
   7.2962350e+06   4.3273926e+01
   7.2962710e+06   4.4555664e+01
   7.2962890e+06   4.4433594e+01
   7.2971700e+06   4.5898438e+01
   7.3454890e+06   4.5471191e+01
   7.3455270e+06   4.3823242e+01
   7.3455450e+06   4.5288086e+01
   7.3455840e+06   4.6386719e+01
   7.3456030e+06   4.7424316e+01
   7.3456170e+06   4.1442871e+01
   7.3456470e+06   6.8847656e+01
   7.3456860e+06   4.5471191e+01
   7.3457050e+06   5.3527832e+01
   7.3457200e+06   6.4758301e+01
   7.3457590e+06   4.1503906e+01
   7.3458530e+06   4.1137695e+01
   7.3458870e+06   6.0607910e+01
   7.3459280e+06   4.5227051e+01
   7.3832180e+06   4.9804688e+01
   7.3832300e+06   7.6416016e+01
   7.3832420e+06   4.4982910e+01
   7.3832660e+06   7.8125000e+01
   7.3832860e+06   8.6242676e+01
   7.3833060e+06   4.5776367e+01
   7.3833160e+06   4.0893555e+01
   7.3833310e+06   4.1809082e+01
   7.3833530e+06   5.4077148e+01
   7.3833990e+06   6.5429688e+01
   7.3834130e+06   4.1137695e+01
   7.3835340e+06   4.3518066e+01
   7.3839470e+06   4.1381836e+01
   7.4194720e+06   4.2236328e+01
   7.4194840e+06   4.3395996e+01
   7.4605570e+06   4.3090820e+01
   7.4612180e+06   4.5043945e+01
   7.4639030e+06   4.7119141e+01
   7.4639510e+06   4.4555664e+01
   7.4639660e+06   4.9865723e+01
   7.4639930e+06   4.2053223e+01
   7.4640410e+06   5.7434082e+01
   7.4640610e+06   6.2866211e+01
   7.4643390e+06   5.3771973e+01
   7.4652750e+06   4.0832520e+01
   7.5142960e+06   4.0893555e+01
   7.5293880e+06   5.1940918e+01
   7.5294320e+06   4.1748047e+01
   7.5294480e+06   4.6997070e+01
   7.5294670e+06   6.0852051e+01
   7.5294880e+06   4.3457031e+01
   7.5296260e+06   5.5114746e+01
   7.5296410e+06   4.3029785e+01
   7.5297210e+06   4.7851563e+01
   7.5298860e+06   4.7424316e+01
   7.5846400e+06   4.7485352e+01
   7.5847070e+06   4.4555664e+01
   7.6471760e+06   4.5715332e+01
   7.6472880e+06   4.7058105e+01
   7.6479720e+06   4.2053223e+01
   7.6480410e+06   4.7302246e+01
   7.6481000e+06   4.8767090e+01
   7.6928790e+06   5.1147461e+01
   7.6973130e+06   4.1687012e+01
   7.6976240e+06   4.3579102e+01
   7.7069120e+06   4.2114258e+01
   7.7184880e+06   4.6752930e+01
   7.7185240e+06   5.9509277e+01
   7.7185540e+06   4.3945313e+01
   7.7185810e+06   4.6264648e+01
   7.7186930e+06   4.8950195e+01
   7.7187290e+06   4.4067383e+01
   7.7636470e+06   4.6936035e+01
   7.7636960e+06   5.7128906e+01
   7.7637280e+06   5.4382324e+01
   7.7637490e+06   6.1706543e+01
   7.7637920e+06   5.9631348e+01
   7.7638080e+06   4.3273926e+01
   7.7638610e+06   4.4433594e+01
   7.7639000e+06   4.7546387e+01
   7.7639130e+06   4.2541504e+01
   7.7640870e+06   4.6630859e+01
   7.7641160e+06   5.8959961e+01
   7.7641270e+06   4.4799805e+01
   7.7642050e+06   4.1870117e+01
   7.7642350e+06   4.4189453e+01
   7.7644770e+06   4.6020508e+01
   7.7645990e+06   5.9753418e+01
   7.7646210e+06   4.2419434e+01
   7.8107560e+06   5.1635742e+01
   7.8267950e+06   4.5532227e+01
   7.8324200e+06   4.8645020e+01
   7.8324470e+06   4.8583984e+01
   7.8324580e+06   4.7790527e+01
   7.8324800e+06   7.1044922e+01
   7.8324990e+06   5.4382324e+01
   7.8325100e+06   5.2368164e+01
   7.8325290e+06   4.3640137e+01
   7.8325830e+06   4.8828125e+01
   7.8326040e+06   4.2053223e+01
   7.8330680e+06   4.2541504e+01
   7.8331100e+06   4.5471191e+01
   7.8341500e+06   5.4931641e+01
   7.8341840e+06   5.7800293e+01
   7.8341940e+06   6.1462402e+01
   7.8342070e+06   5.4016113e+01
   7.8342250e+06   4.2663574e+01
   7.8342380e+06   4.6691895e+01
   7.8342850e+06   4.1503906e+01
   7.8343430e+06   5.1086426e+01
   7.8500050e+06   4.3029785e+01
   7.8925990e+06   4.3945313e+01
   7.8926460e+06   4.8645020e+01
   7.8926740e+06   7.2143555e+01
   7.9047390e+06   4.7241211e+01
   7.9124390e+06   4.5471191e+01
   7.9124940e+06   4.2236328e+01
   7.9133560e+06   4.7119141e+01
   7.9167190e+06   4.9011230e+01
   7.9278020e+06   4.4128418e+01
   7.9278790e+06   4.3884277e+01
   7.9304880e+06   4.2724609e+01
   7.9622480e+06   4.2053223e+01
   7.9742250e+06   4.6325684e+01
   7.9743730e+06   6.1096191e+01
   7.9744010e+06   6.3415527e+01
   7.9744110e+06   5.1635742e+01
   7.9744300e+06   5.4016113e+01
   7.9744790e+06   5.5236816e+01
   7.9750480e+06   4.3823242e+01
   7.9775470e+06   4.4860840e+01
   7.9776030e+06   4.1992188e+01
   8.0436550e+06   4.1381836e+01
   8.0444110e+06   4.0832520e+01
   8.0451410e+06   4.8828125e+01
   8.0451750e+06   4.9865723e+01
   8.0451900e+06   7.5561523e+01
   8.0452280e+06   5.2917480e+01
   8.0452450e+06   4.3884277e+01
   8.0452640e+06   5.0781250e+01
   8.0453090e+06   6.2072754e+01
   8.0453300e+06   4.6081543e+01
   8.1000620e+06   4.5593262e+01
   8.1212130e+06   5.3344727e+01
   8.1212340e+06   8.4289551e+01
   8.1212460e+06   4.1809082e+01
   8.1212570e+06   5.6884766e+01
   8.1212770e+06   5.8593750e+01
   8.1213100e+06   4.8583984e+01
   8.1213360e+06   4.1320801e+01
   8.1213690e+06   4.3945313e+01
   8.1219080e+06   4.1503906e+01
   8.1822290e+06   4.7241211e+01
   8.1822670e+06   4.7363281e+01
   8.1832250e+06   4.9804688e+01
   8.2091080e+06   4.7607422e+01
   8.2091330e+06   4.4555664e+01
   8.2091730e+06   5.1513672e+01
   8.2091850e+06   5.2978516e+01
   8.2092170e+06   4.6020508e+01
   8.2092450e+06   4.4921875e+01
   8.2092660e+06   4.1870117e+01
   8.2093070e+06   5.3894043e+01
   8.2093290e+06   4.3884277e+01
   8.2093780e+06   5.2734375e+01
   8.2095210e+06   5.2673340e+01
   8.2096320e+06   4.2358398e+01
   8.2099510e+06   5.2856445e+01
   8.2816060e+06   4.7485352e+01
   8.2850660e+06   4.2846680e+01
   8.2980260e+06   4.9438477e+01
   8.3014650e+06   4.2907715e+01
   8.3015000e+06   5.1940918e+01
   8.3016240e+06   4.6936035e+01
   8.3016490e+06   4.0954590e+01
   8.3017520e+06   4.2419434e+01
   8.3017900e+06   4.1809082e+01
   8.3018400e+06   4.1809082e+01
   8.3022370e+06   4.8034668e+01
   8.3530550e+06   5.8227539e+01
   8.3666270e+06   6.7382813e+01
   8.3666680e+06   4.3945313e+01
   8.3672440e+06   4.6997070e+01
   8.3673860e+06   4.1748047e+01
   8.3674320e+06   4.4250488e+01
   8.3791420e+06   4.2541504e+01
   8.3791680e+06   5.8105469e+01
   8.3791990e+06   6.1157227e+01
   8.3792310e+06   5.6762695e+01
   8.3792580e+06   4.9743652e+01
   8.3792830e+06   5.4809570e+01
   8.3793520e+06   5.0598145e+01
   8.3794210e+06   4.2724609e+01
   8.3794710e+06   4.3762207e+01
   8.3795770e+06   4.1503906e+01
   8.3796050e+06   4.6813965e+01
   8.3798720e+06   4.7363281e+01
   8.3802790e+06   4.4494629e+01
   8.3803360e+06   4.8767090e+01
   8.3804920e+06   4.1442871e+01
   8.4199350e+06   4.6203613e+01
   8.4395240e+06   4.2602539e+01
   8.4395470e+06   5.1513672e+01
   8.4395930e+06   6.6467285e+01
   8.4408390e+06   4.3457031e+01
   8.4570740e+06   4.4372559e+01
   8.4571000e+06   4.0954590e+01
   8.4572220e+06   4.2724609e+01
   8.4633450e+06   5.4931641e+01
   8.4696470e+06   4.1809082e+01
   8.4782290e+06   4.6325684e+01
   8.4957870e+06   4.4311523e+01
   8.4958120e+06   5.2062988e+01
   8.5188210e+06   4.5837402e+01
   8.5189370e+06   4.6325684e+01
   8.5190100e+06   4.4128418e+01
   8.5191550e+06   4.3579102e+01
   8.5581110e+06   5.8898926e+01
   8.5586970e+06   5.2429199e+01
   8.5604600e+06   5.1696777e+01
   8.5608300e+06   4.2480469e+01
   8.5783490e+06   5.5969238e+01
   8.5785040e+06   4.3640137e+01
   8.5788470e+06   4.2053223e+01
   8.5790400e+06   4.9926758e+01
   8.6131980e+06   4.7851563e+01
   8.6132170e+06   4.2602539e+01
   8.6132440e+06   4.7973633e+01
   8.6132680e+06   5.2612305e+01
   8.6132880e+06   5.8471680e+01
   8.6133380e+06   4.6569824e+01
   8.6137510e+06   4.5043945e+01
   8.6142130e+06   4.5532227e+01
   8.6147080e+06   5.3588867e+01
   8.6161520e+06   5.0231934e+01
   8.6352130e+06   5.7922363e+01
   8.6352540e+06   4.1625977e+01
   8.6378240e+06   4.4250488e+01
   8.6557600e+06   4.4616699e+01
   8.6771940e+06   4.2480469e+01
   8.6772210e+06   5.2978516e+01
   8.6772560e+06   5.2429199e+01
   8.6772690e+06   4.2358398e+01
   8.6779770e+06   4.0832520e+01
   8.6946580e+06   5.1635742e+01
   8.6946790e+06   5.2734375e+01
   8.6983980e+06   4.3090820e+01
   8.6992670e+06   4.2785645e+01
   8.7122020e+06   4.1931152e+01
   8.7301360e+06   4.5104980e+01
   8.7306110e+06   4.6997070e+01
   8.7307040e+06   5.3527832e+01
   8.7315360e+06   4.5471191e+01
   8.7348330e+06   4.3518066e+01
   8.7348630e+06   5.1574707e+01
   8.7348970e+06   4.6203613e+01
   8.7439290e+06   4.7546387e+01
   8.7439710e+06   7.1594238e+01
   8.7439960e+06   4.9621582e+01
   8.7443270e+06   4.2053223e+01
   8.7448130e+06   4.1564941e+01
   8.7454610e+06   5.7800293e+01
   8.7455030e+06   4.6630859e+01
   8.7456040e+06   5.3527832e+01
   8.7460510e+06   4.1015625e+01
   8.7460920e+06   4.3395996e+01
   8.7461170e+06   5.5725098e+01
   8.7462520e+06   4.7546387e+01
   8.7463240e+06   4.7180176e+01
   8.7464230e+06   4.4250488e+01
   8.7719660e+06   4.1687012e+01
   8.7922360e+06   4.2968750e+01
   8.7938380e+06   4.3701172e+01
   8.7946030e+06   5.1147461e+01
   8.8080010e+06   4.3945313e+01
   8.8204810e+06   4.4616699e+01
   8.8205320e+06   4.3090820e+01
   8.8343040e+06   4.3212891e+01
   8.8343510e+06   4.8767090e+01
   8.8343700e+06   5.2490234e+01
   8.8345030e+06   4.6875000e+01
   8.8349500e+06   5.8715820e+01
   8.8351730e+06   4.1015625e+01
   8.8355650e+06   4.4189453e+01
   8.8360870e+06   4.2419434e+01
   8.8605680e+06   4.6264648e+01
   8.8606280e+06   4.1137695e+01
   8.8915760e+06   5.0476074e+01
   8.8916090e+06   4.0954590e+01
   8.9039740e+06   4.1076660e+01
   8.9046010e+06   4.6936035e+01
   8.9288990e+06   4.1381836e+01
   8.9315900e+06   4.7485352e+01
   8.9529980e+06   4.3762207e+01
   8.9556310e+06   4.4494629e+01
   8.9556800e+06   4.7485352e+01
   8.9556910e+06   5.4260254e+01
   8.9558530e+06   4.4433594e+01
   8.9566490e+06   4.4494629e+01
   8.9566850e+06   4.6203613e+01
   8.9568460e+06   4.0893555e+01
   8.9569020e+06   7.3059082e+01
   9.0268520e+06   4.8156738e+01
   9.0270050e+06   4.2602539e+01
   9.0278860e+06   5.2612305e+01
   9.0564270e+06   4.3701172e+01
   9.0564770e+06   5.0415039e+01
   9.0567360e+06   4.6752930e+01
   9.0570970e+06   5.0598145e+01
   9.0571330e+06   6.7565918e+01
   9.0572010e+06   4.3090820e+01
   9.0584880e+06   4.0893555e+01
   9.0883360e+06   4.2419434e+01
   9.0883620e+06   5.8654785e+01
   9.0884070e+06   5.4016113e+01
   9.0889890e+06   5.1879883e+01
   9.1227050e+06   5.0903320e+01
   9.1238940e+06   4.3701172e+01
   9.1476040e+06   4.3823242e+01
   9.1476200e+06   6.5124512e+01
   9.1476640e+06   5.3649902e+01
   9.1476970e+06   6.6833496e+01
   9.1477210e+06   5.7128906e+01
   9.1477860e+06   4.2114258e+01
   9.1478160e+06   5.4077148e+01
   9.1478340e+06   4.7180176e+01
   9.1478530e+06   4.5959473e+01
   9.1478950e+06   4.5654297e+01
   9.1479220e+06   5.2673340e+01
   9.1479690e+06   4.8950195e+01
   9.1480310e+06   4.0832520e+01
   9.1480620e+06   4.3579102e+01
   9.1482280e+06   4.2114258e+01
   9.1482680e+06   7.0129395e+01
   9.1483620e+06   4.1137695e+01
   9.1486800e+06   4.1381836e+01
   9.1490530e+06   4.2053223e+01
   9.1503610e+06   4.2724609e+01
   9.1510270e+06   4.0954590e+01
   9.2059000e+06   5.2490234e+01
   9.2133370e+06   4.4921875e+01
   9.2143860e+06   4.3518066e+01
   9.2164800e+06   4.7241211e+01
   9.2168090e+06   4.5349121e+01
   9.2339540e+06   4.3457031e+01
   9.2343060e+06   4.7241211e+01
   9.2536140e+06   5.0598145e+01
   9.2537310e+06   4.1015625e+01
   9.2744730e+06   4.5043945e+01
   9.2745010e+06   4.3395996e+01
   9.2745500e+06   4.8522949e+01
   9.2745750e+06   4.6752930e+01
   9.2747120e+06   4.8461914e+01
   9.2750960e+06   4.1137695e+01
   9.2756960e+06   4.4799805e+01
   9.2890730e+06   4.9316406e+01
   9.3076640e+06   4.1320801e+01
   9.3375500e+06   4.8400879e+01
   9.3376470e+06   4.1931152e+01
   9.3380590e+06   4.2297363e+01
   9.3381220e+06   5.4382324e+01
   9.3384220e+06   4.3457031e+01
   9.3384390e+06   5.3527832e+01
   9.3388180e+06   4.2175293e+01
   9.3390520e+06   4.1137695e+01
   9.3391260e+06   4.6447754e+01
   9.3647080e+06   4.3518066e+01
   9.3655010e+06   5.0170898e+01
   9.3764300e+06   4.6081543e+01
   9.3895150e+06   4.2663574e+01
   9.3895550e+06   4.1625977e+01
   9.3895990e+06   4.7119141e+01
   9.3901120e+06   5.1696777e+01
   9.3905070e+06   4.4555664e+01
   9.4063910e+06   4.1381836e+01
   9.4166010e+06   4.3395996e+01
   9.4169900e+06   5.0903320e+01
   9.4173150e+06   4.1809082e+01
   9.4173720e+06   5.8593750e+01
   9.4177880e+06   5.2124023e+01
   9.4178910e+06   4.4738770e+01
   9.4181910e+06   4.5349121e+01
   9.4687860e+06   4.6020508e+01
   9.4737030e+06   4.2724609e+01
   9.4832520e+06   4.2968750e+01
   9.4833270e+06   4.4189453e+01
   9.4834020e+06   4.0893555e+01
   9.4835400e+06   4.3823242e+01
   9.4848830e+06   4.9133301e+01
   9.4852240e+06   4.2053223e+01
   9.5518700e+06   5.2795410e+01
   9.5519980e+06   4.1015625e+01
   9.5520360e+06   5.6457520e+01
   9.5521180e+06   4.1687012e+01
   9.5522150e+06   4.5227051e+01
   9.5522590e+06   6.3842773e+01
   9.5526440e+06   4.6936035e+01
   9.5529420e+06   4.2419434e+01
   9.5531880e+06   4.2358398e+01
   9.5870230e+06   4.5288086e+01
   9.6254180e+06   4.7363281e+01
   9.6270670e+06   5.3466797e+01
   9.6271110e+06   4.2114258e+01
   9.6478820e+06   5.4870605e+01
   9.6534880e+06   5.0048828e+01
   9.6535200e+06   4.3151855e+01
   9.6535480e+06   4.4067383e+01
   9.6536340e+06   4.4616699e+01
   9.6676170e+06   4.7180176e+01
   9.6685480e+06   5.1208496e+01
   9.6686440e+06   4.4311523e+01
   9.6789050e+06   4.2175293e+01
   9.6789740e+06   6.0180664e+01
   9.7021830e+06   4.1625977e+01
   9.7131580e+06   4.2968750e+01
   9.7224610e+06   5.2124023e+01
   9.7225050e+06   4.1992188e+01
   9.7428500e+06   4.6752930e+01
   9.7596070e+06   4.3457031e+01
   9.7600440e+06   4.5166016e+01
   9.7604340e+06   5.2612305e+01
   9.7604700e+06   5.8959961e+01
   9.7604800e+06   6.2683105e+01
   9.7605160e+06   4.1809082e+01
   9.7605320e+06   4.3334961e+01
   9.7605620e+06   4.6752930e+01
   9.7605810e+06   4.1137695e+01
   9.7606060e+06   4.6752930e+01
   9.7606740e+06   4.8522949e+01
   9.7606920e+06   4.8950195e+01
   9.7608360e+06   4.7241211e+01
   9.8028040e+06   4.7485352e+01
   9.8030040e+06   4.5349121e+01
   9.8032640e+06   4.5593262e+01
   9.8067250e+06   4.4006348e+01
   9.8154830e+06   4.2907715e+01
   9.8156620e+06   4.1809082e+01
   9.8279460e+06   5.8105469e+01
   9.8471280e+06   4.8278809e+01
   9.8599340e+06   4.8767090e+01
   9.8599610e+06   4.4799805e+01
   9.8605970e+06   6.2011719e+01
   9.8739210e+06   4.6630859e+01
   9.8740390e+06   4.9011230e+01
   9.8743520e+06   5.2795410e+01
   9.8758490e+06   4.8767090e+01
   9.8765210e+06   6.2194824e+01
   9.8923670e+06   5.5419922e+01
   9.8933730e+06   4.9072266e+01
   9.8959740e+06   4.3518066e+01
   9.9155470e+06   4.3945312e+01
   9.9229020e+06   5.9753418e+01
   9.9230470e+06   4.2236328e+01
   9.9236980e+06   4.2602539e+01
   9.9243500e+06   5.4138184e+01
   9.9390460e+06   4.1809082e+01
   9.9526510e+06   5.4443359e+01
   9.9707350e+06   5.8776855e+01
   9.9709060e+06   5.9936523e+01
   9.9710760e+06   4.5043945e+01
   9.9711080e+06   4.5532227e+01
   9.9714650e+06   4.2602539e+01
   9.9714980e+06   4.8889160e+01
   9.9715240e+06   4.1076660e+01
   9.9718930e+06   4.1442871e+01
   9.9950640e+06   4.9499512e+01
   9.9950750e+06   4.1809082e+01
   9.9965190e+06   4.3457031e+01
   9.9966740e+06   4.5410156e+01
   1.0022595e+07   4.7058105e+01
   1.0041087e+07   4.4250488e+01
   1.0042384e+07   5.7189941e+01
   1.0071191e+07   5.1025391e+01
   1.0076008e+07   4.6386719e+01
   1.0076064e+07   4.2785645e+01
   1.0076318e+07   4.5776367e+01
   1.0076566e+07   6.6955566e+01
   1.0076616e+07   4.5715332e+01
   1.0112511e+07   4.1503906e+01
   1.0118308e+07   4.7058105e+01
   1.0123120e+07   4.2480469e+01
   1.0124331e+07   4.4372559e+01
   1.0143771e+07   4.1992187e+01
   1.0154969e+07   4.2663574e+01
   1.0155273e+07   4.5104980e+01
   1.0155527e+07   4.8095703e+01
   1.0156475e+07   4.1076660e+01
   1.0156606e+07   4.3640137e+01
   1.0187846e+07   4.4677734e+01
   1.0190934e+07   4.8156738e+01
   1.0191203e+07   4.4311523e+01
   1.0191305e+07   5.6640625e+01
   1.0191379e+07   4.9255371e+01
   1.0192466e+07   4.8034668e+01
   1.0233882e+07   6.4941406e+01
   1.0233896e+07   4.3029785e+01
   1.0234000e+07   5.5358887e+01
   1.0234519e+07   4.9072266e+01
   1.0254023e+07   5.6335449e+01
   1.0263643e+07   4.6691895e+01
   1.0290332e+07   4.6936035e+01
   1.0290393e+07   4.8522949e+01
   1.0290589e+07   4.4738770e+01
   1.0327935e+07   4.2846680e+01
   1.0333570e+07   4.1687012e+01
   1.0333664e+07   4.1259766e+01
   1.0333684e+07   4.9987793e+01
   1.0333713e+07   6.0668945e+01
   1.0333760e+07   4.6508789e+01
   1.0333820e+07   4.2602539e+01
   1.0333835e+07   6.1523437e+01
   1.0333869e+07   5.3222656e+01
   1.0333895e+07   4.4128418e+01
   1.0333920e+07   5.0964355e+01
   1.0333969e+07   6.5063477e+01
   1.0334025e+07   4.4677734e+01
   1.0334061e+07   5.2062988e+01
   1.0334109e+07   5.5419922e+01
   1.0334232e+07   4.7607422e+01
   1.0334394e+07   4.0954590e+01
   1.0334655e+07   5.2429199e+01
   1.0334841e+07   5.0048828e+01
   1.0335276e+07   4.1137695e+01
   1.0371116e+07   4.4982910e+01
   1.0392026e+07   4.8400879e+01
   1.0392510e+07   4.4006348e+01
   1.0402659e+07   5.3833008e+01
   1.0416693e+07   4.3945313e+01
   1.0419923e+07   4.0954590e+01
   1.0428093e+07   4.7241211e+01
   1.0428560e+07   4.4494629e+01
   1.0429582e+07   4.2358398e+01
   1.0442028e+07   4.3701172e+01
   1.0452184e+07   4.7058105e+01
   1.0463862e+07   4.1320801e+01
   1.0472507e+07   4.1381836e+01
   1.0473068e+07   5.1208496e+01
   1.0473823e+07   4.6630859e+01
   1.0488425e+07   4.8828125e+01
   1.0489121e+07   5.6091309e+01
   1.0508510e+07   4.3823242e+01
   1.0508992e+07   4.0893555e+01
   1.0517092e+07   4.1931152e+01
   1.0529299e+07   4.6081543e+01
   1.0529918e+07   5.9814453e+01
   1.0540816e+07   4.5471191e+01
   1.0541765e+07   4.8339844e+01
   1.0541790e+07   5.3527832e+01
   1.0541831e+07   4.8645020e+01
   1.0542501e+07   4.4799805e+01
   1.0542540e+07   5.2795410e+01
   1.0558244e+07   4.3579102e+01
   1.0559073e+07   5.0170898e+01
   1.0559303e+07   4.7851562e+01
   1.0559337e+07   4.1137695e+01
   1.0559588e+07   5.8166504e+01
   1.0559616e+07   4.4616699e+01
   1.0559917e+07   4.4982910e+01
   1.0559990e+07   4.5410156e+01
   1.0583766e+07   5.0415039e+01
   1.0583787e+07   4.5104980e+01
   1.0584520e+07   5.3710937e+01
   1.0584562e+07   4.4372559e+01
   1.0595502e+07   4.1809082e+01
   1.0603596e+07   4.5898437e+01
   1.0604379e+07   4.1748047e+01
   1.0614924e+07   4.1625977e+01
   1.0625836e+07   4.7668457e+01
   1.0637219e+07   4.4982910e+01
   1.0637290e+07   5.5847168e+01
   1.0638210e+07   4.3151855e+01
   1.0649991e+07   4.6936035e+01
   1.0650084e+07   4.3884277e+01
   1.0650117e+07   5.0781250e+01
   1.0662247e+07   5.4260254e+01
   1.0662658e+07   4.3640137e+01
   1.0672314e+07   4.2907715e+01
   1.0672749e+07   4.1076660e+01
   1.0673490e+07   4.9865723e+01
   1.0692929e+07   4.3518066e+01
   1.0699326e+07   4.4616699e+01
   1.0699345e+07   4.2663574e+01
   1.0699793e+07   4.1198730e+01
   1.0715146e+07   4.4433594e+01
   1.0715170e+07   4.9072266e+01
   1.0715324e+07   4.3395996e+01
   1.0715543e+07   4.3334961e+01
   1.0715571e+07   5.6701660e+01
   1.0716435e+07   4.1503906e+01
   1.0716886e+07   4.5349121e+01
   1.0732612e+07   4.1503906e+01
   1.0742001e+07   5.4626465e+01
   1.0743340e+07   4.1809082e+01
   1.0753187e+07   5.5358887e+01
   1.0753219e+07   4.2846680e+01
   1.0753267e+07   4.0893555e+01
   1.0753306e+07   4.1137695e+01
   1.0754509e+07   4.7119141e+01
   1.0755149e+07   4.1809082e+01
   1.0776139e+07   4.5776367e+01
   1.0782352e+07   5.2307129e+01
   1.0786157e+07   4.7607422e+01
   1.0786175e+07   5.2795410e+01
   1.0786327e+07   4.8522949e+01
   1.0787069e+07   5.3283691e+01
   1.0797673e+07   5.1696777e+01
   1.0797782e+07   5.6579590e+01
   1.0797830e+07   4.9865723e+01
   1.0797840e+07   4.2541504e+01
   1.0797853e+07   4.5043945e+01
   1.0797931e+07   4.7363281e+01
   1.0797951e+07   6.5246582e+01
   1.0798280e+07   4.3029785e+01
   1.0798622e+07   5.2673340e+01
   1.0816915e+07   4.8461914e+01
   1.0817401e+07   5.0415039e+01
   1.0832379e+07   4.5776367e+01
   1.0832635e+07   5.5053711e+01
   1.0832662e+07   4.2968750e+01
   1.0832681e+07   4.7180176e+01
   1.0832747e+07   4.2602539e+01
   1.0832855e+07   4.1381836e+01
   1.0869201e+07   4.3457031e+01
   1.0879009e+07   4.4921875e+01
   1.0882870e+07   5.4870605e+01
   1.0894018e+07   5.3588867e+01
   1.0894090e+07   4.1015625e+01
   1.0905813e+07   4.1320801e+01
   1.0926549e+07   4.4860840e+01
   1.0926982e+07   4.9804687e+01
   1.0927052e+07   4.2358398e+01
   1.0927130e+07   4.3273926e+01
   1.0927153e+07   4.8278809e+01
   1.0927211e+07   4.3518066e+01
   1.0927261e+07   4.2846680e+01
   1.0927401e+07   4.1687012e+01
   1.0927630e+07   4.1992188e+01
   1.0927857e+07   4.3518066e+01
   1.0928023e+07   5.8349609e+01
   1.0928417e+07   4.1198730e+01
   1.0962778e+07   4.3945312e+01
   1.0962878e+07   5.9143066e+01
   1.0981540e+07   4.3151855e+01
   1.0992596e+07   5.1818848e+01
   1.1004546e+07   4.2968750e+01
   1.1008601e+07   4.5349121e+01
   1.1008615e+07   4.2236328e+01
   1.1008625e+07   6.8359375e+01
   1.1008672e+07   4.2541504e+01
   1.1008685e+07   4.4189453e+01
   1.1008699e+07   5.1147461e+01
   1.1008710e+07   4.7729492e+01
   1.1008736e+07   4.1687012e+01
   1.1008773e+07   5.0231934e+01
   1.1008843e+07   4.1870117e+01
   1.1008884e+07   4.8889160e+01
   1.1009048e+07   4.5776367e+01
   1.1009268e+07   4.1992188e+01
   1.1010051e+07   4.2114258e+01
   1.1033195e+07   4.5104980e+01
   1.1043755e+07   4.4555664e+01
   1.1054386e+07   4.2236328e+01
   1.1054989e+07   4.2419434e+01
   1.1061576e+07   4.0893555e+01
   1.1080413e+07   4.2236328e+01
   1.1113208e+07   4.3334961e+01
   1.1113509e+07   5.2795410e+01
   1.1113595e+07   4.6691895e+01
   1.1127934e+07   4.1503906e+01
   1.1136674e+07   4.5410156e+01
   1.1147905e+07   4.2541504e+01
   1.1152292e+07   4.1992188e+01
   1.1152897e+07   6.1645508e+01
   1.1152948e+07   4.3212891e+01
   1.1176179e+07   4.1442871e+01
   1.1180828e+07   4.1076660e+01
   1.1229461e+07   5.1940918e+01
   1.1237342e+07   4.5776367e+01
   1.1240191e+07   4.6081543e+01
   1.1240214e+07   4.6508789e+01
   1.1240298e+07   6.6040039e+01
   1.1240343e+07   4.8950195e+01
   1.1242131e+07   4.3029785e+01
   1.1242219e+07   4.5288086e+01
   1.1242533e+07   4.1320801e+01
   1.1262670e+07   5.0842285e+01
   1.1274259e+07   4.2602539e+01
   1.1274699e+07   4.5593262e+01
   1.1284292e+07   5.1269531e+01
   1.1284676e+07   4.8400879e+01
   1.1285074e+07   5.0415039e+01
   1.1285404e+07   4.1870117e+01
   1.1295920e+07   4.7119141e+01
   1.1297791e+07   4.4433594e+01
   1.1310253e+07   4.5043945e+01
   1.1310317e+07   4.0832520e+01
   1.1310360e+07   4.4555664e+01
   1.1310482e+07   4.3273926e+01
   1.1310905e+07   4.4738770e+01
   1.1311186e+07   4.0832520e+01
   1.1311695e+07   4.3884277e+01
   1.1311728e+07   4.5532227e+01
   1.1329831e+07   5.0903320e+01
   1.1356899e+07   4.6447754e+01
   1.1357653e+07   6.4270020e+01
   1.1370480e+07   4.2053223e+01
   1.1371218e+07   4.6997070e+01
   1.1373027e+07   5.7250977e+01
   1.1401870e+07   4.4372559e+01
   1.1401983e+07   4.9072266e+01
   1.1402573e+07   4.9499512e+01
   1.1413904e+07   4.2358398e+01
   1.1414693e+07   4.1442871e+01
   1.1414727e+07   4.3945312e+01
   1.1414924e+07   4.1809082e+01
   1.1431894e+07   4.1809082e+01
   1.1449827e+07   4.8645020e+01
   1.1450005e+07   4.1687012e+01
   1.1450829e+07   4.4555664e+01
   1.1463824e+07   4.7241211e+01
   1.1464787e+07   4.2419434e+01
   1.1471894e+07   5.5541992e+01
   1.1472530e+07   4.7424316e+01
   1.1472554e+07   4.3518066e+01
   1.1473053e+07   4.5104980e+01
   1.1473451e+07   4.7607422e+01
   1.1509048e+07   5.6762695e+01
   1.1521388e+07   4.1198730e+01
   1.1522370e+07   5.1879883e+01
   1.1522382e+07   4.0954590e+01
   1.1522398e+07   4.4982910e+01
   1.1522445e+07   4.4433594e+01
   1.1523246e+07   4.5593262e+01
   1.1551288e+07   4.7363281e+01
   1.1551842e+07   4.2724609e+01
   1.1552426e+07   4.5471191e+01
   1.1571413e+07   4.2846680e+01
   1.1572005e+07   4.1870117e+01
   1.1572882e+07   5.1086426e+01
   1.1574497e+07   4.6691895e+01
   1.1574591e+07   5.0720215e+01
   1.1575552e+07   5.0109863e+01
   1.1601598e+07   4.1015625e+01
   1.1613545e+07   6.0607910e+01
   1.1613667e+07   4.5410156e+01
   1.1616184e+07   4.5166016e+01
   1.1618099e+07   4.9987793e+01
   1.1633441e+07   4.1748047e+01
   1.1635773e+07   4.5959473e+01
   1.1636367e+07   4.1076660e+01
   1.1636393e+07   4.4738770e+01
   1.1651444e+07   4.3884277e+01
   1.1659922e+07   4.2968750e+01
   1.1664352e+07   4.1198730e+01
   1.1664454e+07   4.5837402e+01
   1.1678329e+07   5.6030273e+01
   1.1678553e+07   4.4006348e+01
   1.1679657e+07   4.6264648e+01
   1.1695458e+07   5.6335449e+01
   1.1695478e+07   5.6762695e+01
   1.1695563e+07   4.4128418e+01
   1.1696188e+07   6.4819336e+01
   1.1696709e+07   4.0893555e+01
   1.1696903e+07   4.1809082e+01
   1.1697174e+07   4.3395996e+01
   1.1697338e+07   4.0893555e+01
   1.1742729e+07   4.8156738e+01
   1.1746855e+07   4.6142578e+01
   1.1747560e+07   4.8767090e+01
   1.1759714e+07   4.1137695e+01
   1.1773755e+07   4.7424316e+01
   1.1786241e+07   4.3395996e+01
   1.1787166e+07   4.1503906e+01
   1.1787432e+07   4.1381836e+01
   1.1796702e+07   4.4372559e+01
   1.1796847e+07   4.4067383e+01
   1.1797012e+07   4.3273926e+01
   1.1798104e+07   4.8583984e+01
   1.1809749e+07   4.1503906e+01
   1.1825870e+07   4.3090820e+01
   1.1836287e+07   4.1137695e+01
   1.1843193e+07   5.1269531e+01
   1.1843630e+07   4.6569824e+01
   1.1860022e+07   4.2358398e+01
   1.1870264e+07   4.3701172e+01
   1.1870370e+07   4.1137695e+01
   1.1871028e+07   4.2297363e+01
   1.1871212e+07   4.1076660e+01
   1.1884417e+07   4.3273926e+01
   1.1894133e+07   4.1687012e+01
   1.1894212e+07   4.1442871e+01
   1.1903561e+07   4.7607422e+01
   1.1903724e+07   4.4128418e+01
   1.1903751e+07   4.3395996e+01
   1.1903804e+07   5.4260254e+01
   1.1904166e+07   4.1748047e+01
   1.1904338e+07   4.2297363e+01
   1.1904740e+07   5.1879883e+01
   1.1904759e+07   4.0893555e+01
   1.1905550e+07   4.5349121e+01
   1.1945165e+07   4.1137695e+01
   1.1950440e+07   5.4321289e+01
   1.1953111e+07   4.6875000e+01
   1.1965913e+07   4.1625977e+01
   1.1968471e+07   4.1320801e+01
   1.1982722e+07   4.1870117e+01
