   1.1999000e+07   0.0000000e+00
   1.1007000e+04   3.7847900e+01
   5.6491000e+04   3.8562012e+01
   8.1613000e+04   3.3325195e+01
   1.1245100e+05   3.4277344e+01
   1.3268700e+05   3.9038086e+01
   1.5966500e+05   3.3325195e+01
   1.9557200e+05   3.2849121e+01
   2.5135400e+05   3.7371826e+01
   2.5224100e+05   3.3563232e+01
   2.7886000e+05   4.3322754e+01
   2.7889000e+05   3.5705566e+01
   2.9002600e+05   3.4753418e+01
   2.9006700e+05   3.4753418e+01
   3.2586800e+05   4.1180420e+01
   3.4739400e+05   3.2849121e+01
   3.4792300e+05   3.4277344e+01
   3.4815200e+05   3.4753418e+01
   3.5225000e+05   3.2849121e+01
   3.8823000e+05   3.7847900e+01
   4.0978500e+05   3.6895752e+01
   4.2956600e+05   3.6895752e+01
   4.6615700e+05   3.4991455e+01
   4.6619400e+05   3.3087158e+01
   4.8405200e+05   3.4277344e+01
   5.0022900e+05   3.6419678e+01
   5.0028100e+05   3.7609863e+01
   5.1590400e+05   3.9276123e+01
   5.4639500e+05   3.3563232e+01
   5.4642300e+05   3.9990234e+01
   5.6294300e+05   3.9990234e+01
   5.8304000e+05   4.0466309e+01
   5.8306200e+05   3.6657715e+01
   5.9076900e+05   3.5467529e+01
   6.2218800e+05   3.4991455e+01
   6.2223300e+05   3.6181641e+01
   6.3030200e+05   3.4039307e+01
   6.3662500e+05   3.2849121e+01
   6.4410400e+05   4.1418457e+01
   6.5397200e+05   3.3087158e+01
   6.5472900e+05   3.4515381e+01
   6.6083800e+05   3.3801270e+01
   6.6857500e+05   3.2849121e+01
   6.6930700e+05   3.3325195e+01
   6.6992000e+05   3.3801270e+01
   6.8258900e+05   3.6657715e+01
   6.8270800e+05   4.6655273e+01
   6.9014600e+05   3.2849121e+01
   6.9083000e+05   3.3801270e+01
   6.9169700e+05   3.2849121e+01
   6.9772000e+05   4.2132568e+01
   6.9847200e+05   3.3325195e+01
   7.0442900e+05   3.4039307e+01
   7.0452500e+05   3.4753418e+01
   7.1148800e+05   3.8085938e+01
   7.1162700e+05   3.3563232e+01
   7.1796000e+05   3.3087158e+01
   7.1804100e+05   3.9038086e+01
   7.1823200e+05   3.3087158e+01
   7.2468800e+05   3.5467529e+01
   7.2476300e+05   3.3325195e+01
   7.3194100e+05   3.6419678e+01
   7.3200800e+05   3.3563232e+01
   7.3286800e+05   3.2849121e+01
   7.3801600e+05   3.2849121e+01
   7.3803300e+05   3.4277344e+01
   7.5111100e+05   3.3087158e+01
   7.5115800e+05   4.0704346e+01
   7.5690500e+05   3.3325195e+01
   7.5701700e+05   3.5229492e+01
   7.7186500e+05   3.8800049e+01
   7.7200100e+05   3.7847900e+01
   7.8519500e+05   3.4039307e+01
   7.8527200e+05   3.2849121e+01
   8.0739300e+05   3.3563232e+01
   8.1490500e+05   3.4753418e+01
   8.1504900e+05   3.6657715e+01
   8.2287100e+05   3.6657715e+01
   8.3392100e+05   3.4753418e+01
   8.4203500e+05   3.5705566e+01
   8.4215000e+05   3.4039307e+01
   9.0764900e+05   3.6181641e+01
   9.1972000e+05   3.7371826e+01
   9.6137300e+05   3.3087158e+01
   9.6156900e+05   3.3801270e+01
   1.2835970e+06   3.6895752e+01
   1.2841710e+06   3.4277344e+01
   1.3439900e+06   3.5705566e+01
   1.5495610e+06   3.4039307e+01
   1.6100410e+06   3.9276123e+01
   1.6100840e+06   3.5705566e+01
   1.6417290e+06   3.6181641e+01
   1.6624800e+06   3.6657715e+01
   1.6838410e+06   3.5705566e+01
   1.6946870e+06   4.1894531e+01
   1.6946980e+06   3.9752197e+01
   1.7247830e+06   3.3801270e+01
   1.7891510e+06   3.8562012e+01
   1.7892660e+06   3.4753418e+01
   1.8238460e+06   3.8800049e+01
   1.8408780e+06   3.3325195e+01
   1.8628580e+06   3.6419678e+01
   1.8694650e+06   3.6419678e+01
   1.8874880e+06   3.3801270e+01
   1.8972250e+06   3.5705566e+01
   1.9082430e+06   3.4277344e+01
   1.9138200e+06   3.2849121e+01
   1.9206660e+06   3.7133789e+01
   1.9264570e+06   3.5705566e+01
   1.9379640e+06   3.6895752e+01
   1.9384880e+06   3.6419678e+01
   1.9432870e+06   3.3801270e+01
   1.9433090e+06   3.3087158e+01
   1.9433950e+06   3.5229492e+01
   1.9492780e+06   3.5705566e+01
   1.9552250e+06   3.5943604e+01
   1.9612800e+06   3.3325195e+01
   1.9614710e+06   3.7847900e+01
   1.9687620e+06   3.3325195e+01
   1.9688950e+06   3.4277344e+01
   1.9689640e+06   3.8562012e+01
   1.9834870e+06   3.4039307e+01
   1.9835740e+06   3.3325195e+01
   1.9913050e+06   3.6181641e+01
   2.0055620e+06   4.0466309e+01
   2.0127460e+06   3.8562012e+01
   2.0281200e+06   3.5467529e+01
   2.0364650e+06   3.2849121e+01
   2.0446020e+06   3.5705566e+01
   2.0446330e+06   3.4515381e+01
   2.0454430e+06   3.4991455e+01
   2.0624560e+06   3.4515381e+01
   2.0624900e+06   3.7847900e+01
   2.0626220e+06   3.8562012e+01
   2.0712140e+06   3.6419678e+01
   2.1034740e+06   3.4515381e+01
   2.1468870e+06   4.0942383e+01
   2.1471970e+06   3.2849121e+01
   2.1872330e+06   3.4991455e+01
   2.6136120e+06   3.5943604e+01
   2.6138810e+06   3.4753418e+01
   2.6390650e+06   4.4036865e+01
   2.7641580e+06   4.4036865e+01
   2.7823970e+06   3.2849121e+01
   2.9528220e+06   3.4039307e+01
   3.0134130e+06   3.7371826e+01
   3.0534830e+06   3.3563232e+01
   3.0873180e+06   4.4512939e+01
   3.1475910e+06   3.5705566e+01
   3.1476500e+06   3.7847900e+01
   3.1476960e+06   3.2849121e+01
   3.1718460e+06   3.3801270e+01
   3.2236780e+06   3.5705566e+01
   3.2314310e+06   3.3563232e+01
   3.2572650e+06   3.3325195e+01
   3.2965920e+06   3.4753418e+01
   3.3100180e+06   4.2846680e+01
   3.3100770e+06   3.3563232e+01
   3.3226940e+06   3.2849121e+01
   3.3294310e+06   3.7609863e+01
   3.3353080e+06   3.3563232e+01
   3.3408460e+06   3.8085938e+01
   3.3596000e+06   3.5229492e+01
   3.3597050e+06   3.4753418e+01
   3.3653960e+06   3.4753418e+01
   3.3770320e+06   3.4991455e+01
   3.3832700e+06   3.4039307e+01
   3.3971900e+06   3.3325195e+01
   3.4194880e+06   3.4039307e+01
   3.4396160e+06   3.3563232e+01
   3.4397340e+06   3.2849121e+01
   3.4478430e+06   3.8562012e+01
   3.4480470e+06   3.5229492e+01
   3.4789990e+06   3.4753418e+01
   3.4949830e+06   3.6657715e+01
   3.5037210e+06   3.5705566e+01
   3.5185900e+06   3.3563232e+01
   3.5492710e+06   3.6895752e+01
   3.5596500e+06   3.4039307e+01
   3.5781350e+06   3.3801270e+01
   3.6453990e+06   3.8323975e+01
   3.6669220e+06   3.4753418e+01
   3.7348060e+06   3.8323975e+01
   3.7349600e+06   3.3325195e+01
   3.7661080e+06   3.4991455e+01
   3.9401620e+06   4.1418457e+01
   4.0857330e+06   3.4753418e+01
   4.0862150e+06   3.5943604e+01
   4.0872900e+06   3.4277344e+01
   4.1093320e+06   3.5943604e+01
   4.1270260e+06   3.4515381e+01
   4.1806880e+06   3.9990234e+01
   4.5083700e+06   3.3801270e+01
   4.6264090e+06   3.3563232e+01
   4.6726950e+06   3.9752197e+01
   4.7011850e+06   3.5943604e+01
   4.7458550e+06   3.9276123e+01
   4.7459350e+06   3.2849121e+01
   4.8278760e+06   3.3325195e+01
   4.8279180e+06   3.3801270e+01
   4.8353770e+06   3.6895752e+01
   4.8482960e+06   3.2849121e+01
   4.9329500e+06   3.3801270e+01
   4.9400680e+06   3.9038086e+01
   4.9793920e+06   3.2849121e+01
   4.9871660e+06   3.5229492e+01
   4.9948620e+06   3.4277344e+01
   5.0029490e+06   3.2849121e+01
   5.0107610e+06   3.3801270e+01
   5.0274520e+06   3.9038086e+01
   5.0439440e+06   3.5229492e+01
   5.0520960e+06   3.3563232e+01
   5.0879910e+06   3.4277344e+01
   5.0977900e+06   4.3322754e+01
   5.1077980e+06   4.2132568e+01
   5.1267120e+06   3.8085938e+01
   5.1571600e+06   3.3801270e+01
   5.1677520e+06   3.4039307e+01
   5.1678080e+06   3.6181641e+01
   5.1678890e+06   3.3801270e+01
   5.5471960e+06   3.5705566e+01
   5.7183350e+06   3.4753418e+01
   6.0731810e+06   3.5705566e+01
   6.2048600e+06   3.4039307e+01
   6.2139780e+06   3.5705566e+01
   6.2307440e+06   3.4991455e+01
   6.2533680e+06   3.3563232e+01
   6.2832080e+06   3.4277344e+01
   6.3873420e+06   3.3801270e+01
   6.4371710e+06   3.9990234e+01
   6.4372900e+06   3.3087158e+01
   6.4376380e+06   3.4039307e+01
   6.4587540e+06   3.2849121e+01
   6.4588060e+06   3.3087158e+01
   6.4588780e+06   3.4991455e+01
   6.4694190e+06   3.4039307e+01
   6.4694460e+06   3.5229492e+01
   6.4940580e+06   3.3087158e+01
   6.5047500e+06   3.3087158e+01
   6.5048050e+06   3.2849121e+01
   6.5164330e+06   3.6181641e+01
   6.5165510e+06   4.0228271e+01
   6.5293380e+06   4.0704346e+01
   6.5428430e+06   3.3325195e+01
   6.5429020e+06   3.4991455e+01
   6.5429240e+06   3.3563232e+01
   6.5728530e+06   3.4277344e+01
   6.5729140e+06   3.8562012e+01
   6.5935410e+06   3.5705566e+01
   6.5935940e+06   3.6657715e+01
   6.6178810e+06   3.9276123e+01
   6.6429520e+06   3.3563232e+01
   7.0293750e+06   3.3325195e+01
   7.0334840e+06   3.3563232e+01
   7.0624050e+06   3.6657715e+01
   7.0951080e+06   3.4515381e+01
   7.0951940e+06   3.9276123e+01
   7.1151400e+06   3.4753418e+01
   7.1160600e+06   3.6657715e+01
   7.2169580e+06   3.5705566e+01
   7.2294980e+06   3.9514160e+01
   7.2907560e+06   3.3087158e+01
   7.5137240e+06   3.3563232e+01
   7.5650560e+06   3.2849121e+01
   7.5650950e+06   3.4277344e+01
   7.7817930e+06   3.5229492e+01
   7.8116100e+06   4.4274902e+01
   7.8183430e+06   3.5229492e+01
   7.8441420e+06   3.5943604e+01
   7.8501210e+06   3.3563232e+01
   7.8894290e+06   3.7371826e+01
   7.9097110e+06   3.6895752e+01
   7.9246530e+06   3.4039307e+01
   7.9720220e+06   3.3801270e+01
   8.0107960e+06   3.3801270e+01
   8.0366780e+06   3.4991455e+01
   8.0611370e+06   3.4039307e+01
   8.1008790e+06   3.3801270e+01
   8.1756150e+06   3.9990234e+01
   8.2326250e+06   3.5705566e+01
   8.5728740e+06   3.4515381e+01
   8.5729610e+06   4.1894531e+01
   8.6787070e+06   3.4039307e+01
   8.7070030e+06   3.3325195e+01
   8.7256910e+06   3.6657715e+01
   8.7550970e+06   3.3563232e+01
   8.7826600e+06   3.3325195e+01
   8.7833450e+06   3.3325195e+01
   8.8365330e+06   3.3087158e+01
   8.8372310e+06   3.4039307e+01
   8.8754420e+06   3.4753418e+01
   8.9607100e+06   3.4515381e+01
   9.0373640e+06   3.4515381e+01
   9.0605400e+06   3.2849121e+01
   9.1462430e+06   3.5705566e+01
   9.2279680e+06   3.3087158e+01
   9.3207770e+06   3.3325195e+01
   9.3469560e+06   3.4753418e+01
   9.4513750e+06   3.8323975e+01
   9.5692160e+06   3.6419678e+01
   9.5941360e+06   3.5705566e+01
   9.6184940e+06   3.7133789e+01
   9.6319210e+06   3.2849121e+01
   9.6459230e+06   3.3325195e+01
   9.6735720e+06   3.2849121e+01
   9.6736700e+06   3.2849121e+01
   9.7024720e+06   3.9038086e+01
   9.7025880e+06   3.3801270e+01
   9.7946950e+06   3.4991455e+01
   9.7951760e+06   3.6419678e+01
   9.8098720e+06   3.4991455e+01
   9.8390940e+06   3.2849121e+01
   9.8391300e+06   3.3087158e+01
   9.8391790e+06   3.6181641e+01
   9.8988190e+06   3.5229492e+01
   1.0133644e+07   3.4753418e+01
   1.0292930e+07   3.2849121e+01
   1.0293002e+07   3.4991455e+01
   1.0378576e+07   3.2849121e+01
   1.0379215e+07   4.5941162e+01
   1.0379273e+07   3.6419678e+01
   1.0400490e+07   3.7371826e+01
   1.0422872e+07   3.4753418e+01
   1.0478473e+07   3.2849121e+01
   1.0495474e+07   3.2849121e+01
   1.0944977e+07   3.4039307e+01
   1.0945143e+07   3.4515381e+01
   1.0994302e+07   3.4277344e+01
   1.1012984e+07   3.4039307e+01
   1.1045090e+07   3.4515381e+01
   1.1058147e+07   3.5229492e+01
   1.1115095e+07   3.3087158e+01
   1.1227393e+07   3.7133789e+01
   1.1256848e+07   3.4277344e+01
   1.1266702e+07   3.5467529e+01
   1.1370443e+07   3.4039307e+01
   1.1381790e+07   3.8323975e+01
   1.1417544e+07   3.4039307e+01
   1.1483024e+07   3.4277344e+01
   1.1538846e+07   3.3563232e+01
   1.1559648e+07   3.3087158e+01
   1.1559707e+07   3.4039307e+01
   1.1569574e+07   3.3563232e+01
   1.1579045e+07   3.4039307e+01
   1.1597164e+07   3.4039307e+01
   1.1937830e+07   3.4039307e+01
