   1.1999000e+07   0.0000000e+00
   6.4500000e+03   4.5465088e+01
   2.5298000e+04   4.5465088e+01
   2.6290000e+04   4.3084717e+01
   2.6723000e+04   1.5234375e+02
   2.7773000e+04   4.3560791e+01
   5.6474000e+04   4.1894531e+01
   5.8010000e+04   4.8321533e+01
   6.0354000e+04   4.7369385e+01
   8.1423000e+04   4.3322754e+01
   9.7731000e+04   4.2846680e+01
   1.3665000e+05   4.3798828e+01
   1.3668200e+05   1.7781372e+02
   1.5711800e+05   4.1180420e+01
   1.5860600e+05   4.1418457e+01
   1.5969400e+05   4.5703125e+01
   1.7226100e+05   4.5465088e+01
   2.1178300e+05   4.4036865e+01
   2.1374300e+05   4.2608643e+01
   2.1379000e+05   1.6686401e+02
   2.4371200e+05   1.6972046e+02
   2.5354700e+05   4.4036865e+01
   2.5360400e+05   1.8804932e+02
   2.5372900e+05   1.5543823e+02
   2.8105900e+05   1.7019653e+02
   2.8171600e+05   4.1180420e+01
   3.0591600e+05   4.2846680e+01
   3.0610500e+05   1.6900635e+02
   3.0617500e+05   4.1418457e+01
   3.0618600e+05   1.3639526e+02
   3.0694300e+05   4.4512939e+01
   3.2580900e+05   4.2608643e+01
   3.2656600e+05   4.3322754e+01
   3.2659200e+05   1.8828735e+02
   3.4436400e+05   4.3560791e+01
   3.4565600e+05   4.3560791e+01
   3.4571300e+05   4.2370605e+01
   3.4632100e+05   4.3322754e+01
   3.4648000e+05   4.4036865e+01
   3.4678900e+05   1.7638550e+02
   3.4696200e+05   4.6655273e+01
   3.4710500e+05   4.6179199e+01
   3.4714900e+05   5.2606201e+01
   3.4718100e+05   4.2846680e+01
   3.4721800e+05   4.4750977e+01
   3.4723800e+05   4.1656494e+01
   3.4733700e+05   5.1416016e+01
   3.4736600e+05   4.9511719e+01
   3.4739300e+05   1.5758057e+02
   3.4740500e+05   4.3560791e+01
   3.4743600e+05   6.1651611e+01
   3.4745100e+05   4.9987793e+01
   3.4754900e+05   4.5941162e+01
   3.6264200e+05   4.3322754e+01
   3.8824600e+05   4.7131348e+01
   3.8849800e+05   4.2608643e+01
   3.8852500e+05   6.3317871e+01
   3.8855400e+05   4.6655273e+01
   3.8857500e+05   6.8316650e+01
   3.8860900e+05   5.3796387e+01
   3.8861900e+05   1.8067017e+02
   3.8866200e+05   1.0878296e+02
   3.8867700e+05   4.8797607e+01
   3.8869500e+05   4.1656494e+01
   3.8873400e+05   6.3793945e+01
   3.8878600e+05   4.4750977e+01
   3.8929400e+05   4.3798828e+01
   3.8966500e+05   1.0330811e+02
   4.0978000e+05   4.1180420e+01
   4.1002700e+05   4.9273682e+01
   4.1005500e+05   4.3322754e+01
   4.1008700e+05   5.7604980e+01
   4.1010900e+05   5.2844238e+01
   4.1012600e+05   1.7210083e+02
   4.1015700e+05   5.0463867e+01
   4.1016900e+05   8.5217285e+01
   4.1020600e+05   6.0699463e+01
   4.1022800e+05   4.1180420e+01
   4.1108000e+05   9.7357178e+01
   4.2959200e+05   4.1180420e+01
   4.2973300e+05   5.4272461e+01
   4.2977100e+05   6.4031982e+01
   4.2978400e+05   4.9273682e+01
   4.2981100e+05   6.4508057e+01
   4.2984000e+05   1.5520020e+02
   4.2986500e+05   4.4274902e+01
   4.2989300e+05   1.0164185e+02
   4.2993100e+05   5.8557129e+01
   4.3043300e+05   5.8557129e+01
   4.3063200e+05   7.9504395e+01
   4.3084100e+05   9.0930176e+01
   4.3116700e+05   4.2132568e+01
   4.4933000e+05   4.3322754e+01
   4.4946300e+05   4.5941162e+01
   4.4947900e+05   5.2130127e+01
   4.4950000e+05   4.5465088e+01
   4.4954100e+05   1.7567139e+02
   4.4955100e+05   5.2368164e+01
   4.4959300e+05   1.2282715e+02
   4.4961300e+05   4.5941162e+01
   4.4963300e+05   5.4748535e+01
   4.4964600e+05   4.7131348e+01
   4.4966600e+05   4.5703125e+01
   4.4972100e+05   4.1418457e+01
   4.4976800e+05   4.1418457e+01
   4.5013100e+05   4.1180420e+01
   4.5026000e+05   6.9982910e+01
   4.5048500e+05   8.3312988e+01
   4.5069400e+05   1.2282715e+02
   4.6616800e+05   4.5703125e+01
   4.6629600e+05   4.8797607e+01
   4.6631000e+05   1.6257935e+02
   4.6633000e+05   5.3082275e+01
   4.6634900e+05   4.8559570e+01
   4.6636400e+05   4.5465088e+01
   4.6640200e+05   5.7366943e+01
   4.6641400e+05   6.9506836e+01
   4.6645400e+05   6.5698242e+01
   4.6649100e+05   4.5465088e+01
   4.6651300e+05   5.1892090e+01
   4.6654700e+05   4.3560791e+01
   4.6711100e+05   9.6166992e+01
   4.6728300e+05   5.8081055e+01
   4.8419800e+05   1.6186523e+02
   4.8423500e+05   4.3560791e+01
   4.8426700e+05   4.9749756e+01
   4.8430100e+05   6.6412354e+01
   4.8431200e+05   1.4758301e+02
   4.8434300e+05   6.6650391e+01
   4.8436600e+05   5.9985352e+01
   4.8437900e+05   5.0939941e+01
   4.8485400e+05   7.6885986e+01
   4.8501000e+05   8.1646729e+01
   4.8516200e+05   8.4503174e+01
   4.8557100e+05   1.1901855e+02
   4.8561000e+05   4.8797607e+01
   5.0027100e+05   4.1180420e+01
   5.0033600e+05   4.5703125e+01
   5.0036200e+05   1.8328857e+02
   5.0039900e+05   4.9035645e+01
   5.0042800e+05   1.3163452e+02
   5.0043900e+05   5.5224609e+01
   5.0046000e+05   4.2132568e+01
   5.0047700e+05   7.9742432e+01
   5.0049800e+05   4.7131348e+01
   5.0052300e+05   6.2365723e+01
   5.0054500e+05   5.9509277e+01
   5.0062200e+05   4.5703125e+01
   5.0100000e+05   5.5938721e+01
   5.0117900e+05   9.6166992e+01
   5.1601500e+05   4.2846680e+01
   5.1603700e+05   1.7376709e+02
   5.1605400e+05   4.5465088e+01
   5.1607100e+05   5.3320313e+01
   5.1609700e+05   1.0140381e+02
   5.1611600e+05   5.4034424e+01
   5.1614100e+05   5.6652832e+01
   5.1616600e+05   1.0045166e+02
   5.1619100e+05   4.7607422e+01
   5.1620600e+05   4.1418457e+01
   5.1621900e+05   7.1887207e+01
   5.1626200e+05   4.6655273e+01
   5.1636900e+05   4.7131348e+01
   5.1644600e+05   4.1894531e+01
   5.1686800e+05   9.7833252e+01
   5.3126100e+05   4.2608643e+01
   5.3134800e+05   4.5703125e+01
   5.3137200e+05   5.2130127e+01
   5.3139600e+05   6.5698242e+01
   5.3141700e+05   1.3806152e+02
   5.3145300e+05   5.0225830e+01
   5.3148600e+05   1.2806396e+02
   5.3150200e+05   6.4984131e+01
   5.3151400e+05   5.0701904e+01
   5.3153600e+05   5.6414795e+01
   5.3154600e+05   5.0701904e+01
   5.3159900e+05   4.6893311e+01
   5.3170000e+05   4.1894531e+01
   5.3178000e+05   4.5227051e+01
   5.3193400e+05   5.5224609e+01
   5.4653400e+05   1.7305298e+02
   5.4657500e+05   4.4989014e+01
   5.4661700e+05   4.4036865e+01
   5.4662900e+05   4.1418457e+01
   5.4665400e+05   8.2122803e+01
   5.4667100e+05   4.6893311e+01
   5.4668800e+05   5.4510498e+01
   5.4670700e+05   5.8795166e+01
   5.4673300e+05   5.0701904e+01
   5.4734900e+05   1.0925903e+02
   5.4760000e+05   1.1735229e+02
   5.6294400e+05   4.4274902e+01
   5.6303400e+05   4.2370605e+01
   5.6304900e+05   1.7329102e+02
   5.6309200e+05   1.0759277e+02
   5.6310500e+05   4.4512939e+01
   5.6311900e+05   4.2846680e+01
   5.6313400e+05   4.6893311e+01
   5.6315700e+05   8.1884766e+01
   5.6318600e+05   4.9035645e+01
   5.6323000e+05   4.7607422e+01
   5.6364000e+05   6.5460205e+01
   5.6399300e+05   1.1116333e+02
   5.8314000e+05   4.6655273e+01
   5.8315100e+05   1.7448120e+02
   5.8318000e+05   4.2132568e+01
   5.8320700e+05   1.0806885e+02
   5.8323300e+05   4.3322754e+01
   5.8324400e+05   4.9035645e+01
   5.8327400e+05   7.8076172e+01
   5.8329700e+05   4.6893311e+01
   5.8331300e+05   5.4510498e+01
   5.8332900e+05   5.4510498e+01
   5.8335900e+05   4.5227051e+01
   5.8340000e+05   5.1416016e+01
   5.8379300e+05   6.6174316e+01
   5.8407900e+05   1.0878296e+02
   5.8458100e+05   5.1654053e+01
   5.8573300e+05   4.1418457e+01
   5.9093900e+05   1.5020142e+02
   5.9098600e+05   9.2358398e+01
   5.9099700e+05   4.1656494e+01
   5.9102900e+05   5.2844238e+01
   5.9106700e+05   7.5933838e+01
   5.9109300e+05   4.2370605e+01
   5.9110900e+05   4.3798828e+01
   5.9118500e+05   8.3312988e+01
   5.9123200e+05   4.2846680e+01
   5.9125700e+05   5.4272461e+01
   5.9202600e+05   1.3853760e+02
   5.9204000e+05   5.4034424e+01
   5.9227600e+05   4.2132568e+01
   5.9264400e+05   1.2139893e+02
   5.9510100e+05   4.7369385e+01
   6.0234700e+05   1.4877319e+02
   6.0237200e+05   4.2132568e+01
   6.0242700e+05   8.5455322e+01
   6.0246300e+05   4.5941162e+01
   6.0248800e+05   6.0699463e+01
   6.0250900e+05   4.4036865e+01
   6.0252600e+05   4.4274902e+01
   6.0258600e+05   6.4984131e+01
   6.0263000e+05   4.5227051e+01
   6.2227900e+05   1.7781372e+02
   6.2230900e+05   5.3796387e+01
   6.2232900e+05   1.1044922e+02
   6.2234300e+05   5.3320313e+01
   6.2236300e+05   5.5462646e+01
   6.2238400e+05   9.4738770e+01
   6.2240100e+05   5.6176758e+01
   6.2243500e+05   4.1894531e+01
   6.2245100e+05   5.0939941e+01
   6.2247000e+05   4.8321533e+01
   6.2255300e+05   4.1894531e+01
   6.2260200e+05   4.6655273e+01
   6.2304700e+05   1.2116089e+02
   6.2343900e+05   1.2258911e+02
   6.3041800e+05   1.6115112e+02
   6.3047300e+05   8.4265137e+01
   6.3049000e+05   7.1173096e+01
   6.3052900e+05   4.9749756e+01
   6.3056900e+05   4.6179199e+01
   6.3063400e+05   5.9033203e+01
   6.3065500e+05   9.4262695e+01
   6.3069700e+05   4.6417236e+01
   6.3074200e+05   4.3798828e+01
   6.3076900e+05   4.6893311e+01
   6.3080200e+05   9.7833252e+01
   6.3086300e+05   4.1418457e+01
   6.3089400e+05   5.1654053e+01
   6.3191300e+05   4.5703125e+01
   6.3702900e+05   1.3449097e+02
   6.3708100e+05   4.2132568e+01
   6.3713600e+05   4.1656494e+01
   6.3718000e+05   4.2608643e+01
   6.3721200e+05   1.3211060e+02
   6.3725200e+05   5.3796387e+01
   6.3726800e+05   4.3322754e+01
   6.3735800e+05   1.1473389e+02
   6.3754900e+05   1.0116577e+02
   6.3776700e+05   8.9978027e+01
   6.4424300e+05   1.8757324e+02
   6.4429200e+05   4.6893311e+01
   6.4433200e+05   4.1418457e+01
   6.4438100e+05   4.6417236e+01
   6.4440500e+05   4.4512939e+01
   6.4448100e+05   4.2608643e+01
   6.4459400e+05   4.1180420e+01
   6.4466500e+05   1.3734741e+02
   6.4497800e+05   4.6655273e+01
   6.4521200e+05   4.3798828e+01
   6.5402500e+05   1.5067749e+02
   6.5407100e+05   9.5214844e+01
   6.5409000e+05   4.9035645e+01
   6.5414400e+05   7.5457764e+01
   6.5417500e+05   6.4508057e+01
   6.5419600e+05   4.1656494e+01
   6.5424300e+05   1.0164185e+02
   6.5434900e+05   7.5219727e+01
   6.5451300e+05   6.9744873e+01
   6.6098500e+05   4.6417236e+01
   6.6103100e+05   1.4567871e+02
   6.6109300e+05   1.0140381e+02
   6.6110700e+05   4.3322754e+01
   6.6113500e+05   4.5941162e+01
   6.6117300e+05   4.9987793e+01
   6.6118500e+05   4.2132568e+01
   6.6121400e+05   1.1044922e+02
   6.6128700e+05   4.4989014e+01
   6.6131100e+05   4.3084717e+01
   6.6139800e+05   1.1211548e+02
   6.6147000e+05   4.6893311e+01
   6.6154800e+05   9.2120361e+01
   6.6173700e+05   1.1306763e+02
   6.6864400e+05   5.7128906e+01
   6.6865800e+05   1.7281494e+02
   6.6870800e+05   1.0592651e+02
   6.6872100e+05   5.1416016e+01
   6.6876300e+05   4.9987793e+01
   6.6884500e+05   4.5703125e+01
   6.6887300e+05   4.8321533e+01
   6.6890600e+05   4.6417236e+01
   6.6891800e+05   1.1354370e+02
   6.6904600e+05   4.1180420e+01
   6.6907200e+05   4.3084717e+01
   6.6929100e+05   1.1378174e+02
   6.7655700e+05   1.4472656e+02
   6.7659100e+05   4.2608643e+01
   6.7662900e+05   9.8071289e+01
   6.7664000e+05   4.9035645e+01
   6.7667200e+05   5.1892090e+01
   6.7675800e+05   1.0664063e+02
   6.7680300e+05   4.7845459e+01
   6.7691400e+05   1.0378418e+02
   6.7711400e+05   1.0664062e+02
   6.7730900e+05   4.1180420e+01
   6.8278800e+05   4.1418457e+01
   6.8280400e+05   1.3449097e+02
   6.8285700e+05   4.6417236e+01
   6.8286800e+05   1.1830444e+02
   6.8293100e+05   7.1411133e+01
   6.8300300e+05   4.3560791e+01
   6.8301900e+05   4.6179199e+01
   6.8304300e+05   9.0692139e+01
   6.8328900e+05   1.1140137e+02
   6.8351700e+05   1.0307007e+02
   6.8409600e+05   4.1894531e+01
   6.9026100e+05   1.6138916e+02
   6.9030900e+05   9.8547363e+01
   6.9032600e+05   4.3798828e+01
   6.9033900e+05   5.3796387e+01
   6.9037400e+05   4.5227051e+01
   6.9044100e+05   4.4750977e+01
   6.9056100e+05   1.1592407e+02
   6.9071600e+05   1.1663818e+02
   6.9776500e+05   4.2132568e+01
   6.9781000e+05   4.7845459e+01
   6.9782500e+05   1.5662842e+02
   6.9786800e+05   1.0759277e+02
   6.9788400e+05   5.0939941e+01
   6.9798300e+05   1.0759277e+02
   6.9800200e+05   4.1656494e+01
   6.9819200e+05   1.2806396e+02
   6.9834300e+05   1.1425781e+02
   6.9849600e+05   4.2132568e+01
   6.9862200e+05   1.2639771e+02
   7.0456900e+05   4.2370605e+01
   7.0476300e+05   1.3115845e+02
   7.0486800e+05   9.9975586e+01
   7.0503000e+05   4.1418457e+01
   7.0520800e+05   1.4044189e+02
   7.1159000e+05   1.6662598e+02
   7.1165900e+05   1.0164185e+02
   7.1179700e+05   1.1878052e+02
   7.1200300e+05   1.2877808e+02
   7.1217000e+05   1.0783081e+02
   7.1813400e+05   4.2846680e+01
   7.1816100e+05   1.5591431e+02
   7.1835200e+05   4.1180420e+01
   7.1836500e+05   4.5227051e+01
   7.1843700e+05   4.1418457e+01
   7.1846700e+05   1.4401245e+02
   7.1860100e+05   4.2608643e+01
   7.1865900e+05   1.2949219e+02
   7.1883700e+05   1.0830688e+02
   7.1886800e+05   4.5227051e+01
   7.2481300e+05   1.5043945e+02
   7.2489800e+05   1.2544556e+02
   7.2504900e+05   1.2877808e+02
   7.2507400e+05   4.1656494e+01
   7.2531400e+05   1.2592163e+02
   7.3206000e+05   5.4986572e+01
   7.3207000e+05   1.5258179e+02
   7.3210600e+05   4.2608643e+01
   7.3211900e+05   4.5703125e+01
   7.3216600e+05   4.4512939e+01
   7.3228700e+05   4.2608643e+01
   7.3232000e+05   1.1330566e+02
   7.3816100e+05   4.1656494e+01
   7.3822900e+05   1.4425049e+02
   7.3847900e+05   1.2568359e+02
   7.3871800e+05   1.5520020e+02
   7.4525200e+05   1.4663086e+02
   7.4534200e+05   1.0949707e+02
   7.4545700e+05   5.8081055e+01
   7.4546800e+05   5.3320313e+01
   7.4549800e+05   1.4425049e+02
   7.4563600e+05   1.1235352e+02
   7.4585200e+05   4.4750977e+01
   7.4623200e+05   4.2846680e+01
   7.5126800e+05   4.1656494e+01
   7.5131800e+05   4.3798828e+01
   7.5134500e+05   1.5639038e+02
   7.5198100e+05   4.1656494e+01
   7.5705500e+05   4.1894531e+01
   7.5709000e+05   1.3829956e+02
   7.5733300e+05   1.3306274e+02
   7.6552800e+05   4.5465088e+01
   7.6559900e+05   5.2844238e+01
   7.6562200e+05   1.2806396e+02
   7.6567000e+05   5.0463867e+01
   7.6571700e+05   5.4510498e+01
   7.6580000e+05   5.0939941e+01
   7.6590600e+05   4.4989014e+01
   7.6595900e+05   1.3472900e+02
   7.7200300e+05   4.5227051e+01
   7.7202800e+05   1.5281982e+02
   7.7233400e+05   5.1177979e+01
   7.7234600e+05   1.4853516e+02
   7.7886900e+05   6.2127686e+01
   7.7908500e+05   4.3322754e+01
   7.7912400e+05   1.2901611e+02
   7.8531500e+05   4.6179199e+01
   7.8550400e+05   4.2846680e+01
   7.9241100e+05   1.4972534e+02
   7.9243200e+05   4.2132568e+01
   7.9290600e+05   4.8797607e+01
   7.9953600e+05   4.2132568e+01
   7.9960000e+05   1.5329590e+02
   7.9976400e+05   1.4924927e+02
   8.0746100e+05   4.5465088e+01
   8.0749200e+05   4.5703125e+01
   8.0751400e+05   1.8090820e+02
   8.0779800e+05   5.7128906e+01
   8.0788700e+05   4.7607422e+01
   8.1505600e+05   4.1894531e+01
   8.1507100e+05   4.3798828e+01
   8.1515800e+05   4.3798828e+01
   8.1521500e+05   1.6353149e+02
   8.1539200e+05   4.4036865e+01
   8.2295200e+05   1.6448364e+02
   8.2701900e+05   4.9511719e+01
   8.2724400e+05   4.1418457e+01
   8.2748500e+05   1.5258179e+02
   8.2767600e+05   1.4234619e+02
   8.2810200e+05   4.3322754e+01
   8.2813300e+05   1.3615723e+02
   8.3406900e+05   4.2608643e+01
   8.3411500e+05   4.6417236e+01
   8.4224600e+05   1.4901123e+02
   8.4252000e+05   4.3798828e+01
   8.5064100e+05   4.2846680e+01
   8.5070200e+05   4.4989014e+01
   8.5114100e+05   4.4750977e+01
   8.5597100e+05   4.1418457e+01
   8.5603500e+05   4.1418457e+01
   8.5606500e+05   4.3798828e+01
   8.5627000e+05   4.5227051e+01
   8.5630400e+05   4.8083496e+01
   8.5632700e+05   1.6805420e+02
   8.6403100e+05   4.2370605e+01
   8.6409200e+05   1.7043457e+02
   8.6429000e+05   4.8083496e+01
   8.6463500e+05   4.6893311e+01
   8.7502600e+05   4.1180420e+01
   8.7531800e+05   4.3798828e+01
   8.8491000e+05   4.2132568e+01
   8.8530700e+05   1.6472168e+02
   8.8578200e+05   4.2608643e+01
   8.8623200e+05   4.1656494e+01
   8.9719400e+05   1.6614990e+02
   8.9746600e+05   1.6734009e+02
   8.9883000e+05   4.2370605e+01
   9.0766000e+05   4.4274902e+01
   9.0781300e+05   4.7607422e+01
   9.0783100e+05   1.6781616e+02
   9.0789000e+05   4.4750977e+01
   9.2010100e+05   5.0939941e+01
   9.2015200e+05   1.6614990e+02
   9.2039900e+05   4.2370605e+01
   9.2071200e+05   4.2370605e+01
   9.2072200e+05   1.6495972e+02
   9.4856900e+05   4.7845459e+01
   9.4887100e+05   1.6638794e+02
   9.4891700e+05   4.7369385e+01
   9.6153600e+05   4.1656494e+01
   9.6193200e+05   4.2608643e+01
   9.6220100e+05   1.6043701e+02
   9.6251900e+05   1.5853271e+02
   9.6281600e+05   4.3798828e+01
   9.6421600e+05   4.1894531e+01
   9.6434800e+05   4.1894531e+01
   1.1790470e+06   4.3322754e+01
   1.1926140e+06   4.2846680e+01
   1.2015190e+06   4.3084717e+01
   1.2118470e+06   6.3793945e+01
   1.2118830e+06   4.4512939e+01
   1.2119140e+06   4.9511719e+01
   1.2119390e+06   5.0939941e+01
   1.2120400e+06   4.6179199e+01
   1.2120910e+06   7.9266357e+01
   1.2121380e+06   5.4510498e+01
   1.2121930e+06   4.4274902e+01
   1.2122760e+06   4.1180420e+01
   1.2124300e+06   7.7362061e+01
   1.2839970e+06   4.1894531e+01
   1.2840360e+06   5.0701904e+01
   1.2840680e+06   5.0463867e+01
   1.2840950e+06   4.2370605e+01
   1.2841380e+06   4.1656494e+01
   1.2841570e+06   4.7131348e+01
   1.2841820e+06   4.7131348e+01
   1.2841970e+06   4.4512939e+01
   1.2842350e+06   1.6995850e+02
   1.2842660e+06   6.9268799e+01
   1.2842790e+06   9.2834473e+01
   1.2843290e+06   5.9747314e+01
   1.2845890e+06   7.2839355e+01
   1.3139980e+06   4.7369385e+01
   1.3140320e+06   4.6417236e+01
   1.3140850e+06   5.0939941e+01
   1.3141280e+06   4.9511719e+01
   1.3141490e+06   4.3798828e+01
   1.3141700e+06   4.4989014e+01
   1.3142000e+06   1.6710205e+02
   1.3142250e+06   4.9273682e+01
   1.3142460e+06   1.0092773e+02
   1.3142910e+06   5.6652832e+01
   1.3143040e+06   4.6179199e+01
   1.3143790e+06   4.1894531e+01
   1.3152490e+06   4.2846680e+01
   1.3444520e+06   4.9749756e+01
   1.3447310e+06   4.2370605e+01
   1.3447770e+06   5.6176758e+01
   1.3448030e+06   4.1656494e+01
   1.3448190e+06   4.4274902e+01
   1.3448510e+06   4.8321533e+01
   1.3448730e+06   4.4274902e+01
   1.3449160e+06   4.9273682e+01
   1.3449570e+06   4.8321533e+01
   1.3449860e+06   4.2132568e+01
   1.3450110e+06   1.1068726e+02
   1.3450350e+06   4.3322754e+01
   1.3450600e+06   5.9747314e+01
   1.3452750e+06   4.3798828e+01
   1.3454350e+06   7.5219727e+01
   1.3666130e+06   4.2846680e+01
   1.3666440e+06   4.4750977e+01
   1.3666650e+06   5.4272461e+01
   1.3667180e+06   4.2608643e+01
   1.3667500e+06   1.5210571e+02
   1.3667980e+06   1.0354614e+02
   1.3668150e+06   4.2608643e+01
   1.3668330e+06   4.3798828e+01
   1.3668560e+06   6.5460205e+01
   1.3669020e+06   4.4274902e+01
   1.3774880e+06   5.1654053e+01
   1.3775110e+06   4.1656494e+01
   1.3775380e+06   4.4274902e+01
   1.3775990e+06   4.4750977e+01
   1.3776350e+06   1.5067749e+02
   1.3776730e+06   4.4750977e+01
   1.3776860e+06   8.3074951e+01
   1.3777290e+06   4.1180420e+01
   1.3777520e+06   7.3315430e+01
   1.3778490e+06   6.0461426e+01
   1.3985440e+06   4.3798828e+01
   1.3985560e+06   4.9511719e+01
   1.3986190e+06   5.7366943e+01
   1.3986380e+06   5.3320313e+01
   1.3986860e+06   1.6519775e+02
   1.3986970e+06   4.4036865e+01
   1.3987550e+06   1.2758789e+02
   1.3988070e+06   5.6652832e+01
   1.4157150e+06   4.8797607e+01
   1.4158620e+06   5.4748535e+01
   1.4158740e+06   4.7607422e+01
   1.4158960e+06   4.1180420e+01
   1.4159290e+06   5.9033203e+01
   1.4159550e+06   5.1654053e+01
   1.4159670e+06   6.5698242e+01
   1.4160160e+06   1.4044189e+02
   1.4160380e+06   5.1892090e+01
   1.4160680e+06   9.0692139e+01
   1.4160840e+06   4.1180420e+01
   1.4161300e+06   4.4989014e+01
   1.4344060e+06   7.1411133e+01
   1.4344260e+06   4.3084717e+01
   1.4344470e+06   4.9035645e+01
   1.4344600e+06   7.2601318e+01
   1.4345210e+06   4.7845459e+01
   1.4345450e+06   1.9447632e+02
   1.4346240e+06   1.1473389e+02
   1.4346850e+06   8.9978027e+01
   1.4348100e+06   4.2608643e+01
   1.4536480e+06   4.1180420e+01
   1.4536800e+06   5.4510498e+01
   1.4536910e+06   4.1894531e+01
   1.4537180e+06   4.3798828e+01
   1.4537480e+06   4.9035645e+01
   1.4537640e+06   4.1894531e+01
   1.4537960e+06   4.2132568e+01
   1.4538170e+06   1.7352905e+02
   1.4538530e+06   4.6893311e+01
   1.4538840e+06   9.8071289e+01
   1.4539020e+06   5.7366943e+01
   1.4539410e+06   6.0461426e+01
   1.4876070e+06   4.6417236e+01
   1.4881880e+06   5.0939941e+01
   1.4882520e+06   4.8321533e+01
   1.4882830e+06   4.2846680e+01
   1.4883040e+06   4.8083496e+01
   1.4883180e+06   4.1656494e+01
   1.4883680e+06   4.3322754e+01
   1.4883930e+06   4.3084717e+01
   1.4884060e+06   5.1654053e+01
   1.4884290e+06   1.7947998e+02
   1.4884760e+06   1.1092529e+02
   1.4885470e+06   8.5217285e+01
   1.5026140e+06   4.5227051e+01
   1.5028030e+06   4.4274902e+01
   1.5028160e+06   4.4989014e+01
   1.5028490e+06   4.2370605e+01
   1.5028740e+06   5.9747314e+01
   1.5028940e+06   4.3798828e+01
   1.5029210e+06   5.2606201e+01
   1.5029550e+06   4.1180420e+01
   1.5029940e+06   4.2370605e+01
   1.5030220e+06   4.2370605e+01
   1.5030470e+06   1.4972534e+02
   1.5030760e+06   5.5938721e+01
   1.5031590e+06   1.1878052e+02
   1.5031710e+06   4.5703125e+01
   1.5032250e+06   4.1418457e+01
   1.5152390e+06   4.5465088e+01
   1.5152640e+06   4.1894531e+01
   1.5153070e+06   4.9511719e+01
   1.5153520e+06   4.7131348e+01
   1.5154050e+06   4.2846680e+01
   1.5154580e+06   1.6734009e+02
   1.5154800e+06   4.4512939e+01
   1.5156120e+06   1.5258179e+02
   1.5156670e+06   4.7369385e+01
   1.5263620e+06   4.1180420e+01
   1.5265680e+06   4.4750977e+01
   1.5265980e+06   4.2132568e+01
   1.5266210e+06   4.5941162e+01
   1.5266560e+06   4.4512939e+01
   1.5266900e+06   4.7845459e+01
   1.5269330e+06   4.2370605e+01
   1.5379480e+06   4.4512939e+01
   1.5380010e+06   4.6655273e+01
   1.5380510e+06   4.6893311e+01
   1.5380850e+06   4.5227051e+01
   1.5380950e+06   4.8083496e+01
   1.5381540e+06   4.4989014e+01
   1.5381700e+06   4.4274902e+01
   1.5495760e+06   4.1180420e+01
   1.5498920e+06   4.6893311e+01
   1.5499700e+06   4.7131348e+01
   1.5500010e+06   4.1418457e+01
   1.5500510e+06   4.2132568e+01
   1.5501250e+06   4.3560791e+01
   1.5632180e+06   4.8559570e+01
   1.5771400e+06   4.7369385e+01
   1.5771810e+06   4.4512939e+01
   1.5773830e+06   4.1894531e+01
   1.5866900e+06   4.2846680e+01
   1.5870560e+06   4.7369385e+01
   1.6009120e+06   4.3322754e+01
   1.6009940e+06   4.1894531e+01
   1.6014860e+06   4.1656494e+01
   1.6101680e+06   4.2132568e+01
   1.6103990e+06   4.2132568e+01
   1.6226830e+06   4.5703125e+01
   1.6234800e+06   4.2132568e+01
   1.6238180e+06   4.2370605e+01
   1.6329560e+06   4.2608643e+01
   1.6419520e+06   4.5227051e+01
   1.6436910e+06   4.1894531e+01
   1.6515600e+06   4.4750977e+01
   1.6516160e+06   4.1418457e+01
   1.6521830e+06   4.1656494e+01
   1.6544040e+06   4.2608643e+01
   1.6547950e+06   1.9138184e+02
   1.6553090e+06   1.6281738e+02
   1.6556730e+06   4.4750977e+01
   1.6624310e+06   4.2846680e+01
   1.6728860e+06   4.4036865e+01
   1.6951630e+06   4.2846680e+01
   1.6966560e+06   4.3560791e+01
   1.7626900e+06   4.3798828e+01
   1.7631180e+06   4.1894531e+01
   1.7635590e+06   4.1418457e+01
   1.7736750e+06   4.1656494e+01
   1.8010480e+06   4.8797607e+01
   1.8154860e+06   4.3560791e+01
   1.8159010e+06   4.4750977e+01
   1.8238130e+06   4.2846680e+01
   1.8242680e+06   4.4989014e+01
   1.8328180e+06   4.2846680e+01
   1.8331150e+06   4.2132568e+01
   1.8484550e+06   4.7845459e+01
   1.8558060e+06   4.2846680e+01
   1.8562820e+06   4.7131348e+01
   1.8759870e+06   4.9273682e+01
   1.8821230e+06   4.4512939e+01
   1.8829640e+06   4.1180420e+01
   1.8872620e+06   4.4274902e+01
   1.8929530e+06   4.2846680e+01
   1.8971200e+06   4.1656494e+01
   1.8996370e+06   1.6710205e+02
   1.9000310e+06   1.5900879e+02
   1.9011420e+06   4.4512939e+01
   1.9030860e+06   4.2132568e+01
   1.9031590e+06   4.5703125e+01
   1.9032210e+06   4.9749756e+01
   1.9082970e+06   4.1656494e+01
   1.9083800e+06   4.1894531e+01
   1.9090140e+06   4.6655273e+01
   1.9139380e+06   4.1656494e+01
   1.9139790e+06   1.6138916e+02
   1.9141480e+06   4.1656494e+01
   1.9211110e+06   4.4750977e+01
   1.9211240e+06   4.1656494e+01
   1.9267600e+06   4.1180420e+01
   1.9268480e+06   1.6186523e+02
   1.9277040e+06   4.8083496e+01
   1.9315590e+06   4.5227051e+01
   1.9378090e+06   5.0463867e+01
   1.9384150e+06   1.6686401e+02
   1.9433050e+06   4.7845459e+01
   1.9433860e+06   1.6186523e+02
   1.9493710e+06   4.2132568e+01
   1.9494310e+06   1.7352905e+02
   1.9616160e+06   1.4615479e+02
   1.9688140e+06   4.1180420e+01
   1.9698400e+06   1.5781860e+02
   1.9765910e+06   4.4036865e+01
   1.9836710e+06   4.6893311e+01
   1.9849090e+06   1.5258179e+02
   1.9913660e+06   4.2370605e+01
   1.9914010e+06   4.5465088e+01
   1.9914600e+06   4.2132568e+01
   1.9917110e+06   4.6417236e+01
   1.9984490e+06   1.5567627e+02
   1.9985730e+06   1.6305542e+02
   1.9986650e+06   4.1894531e+01
   2.0056450e+06   1.5972290e+02
   2.0066260e+06   4.1418457e+01
   2.0070090e+06   4.2132568e+01
   2.0127340e+06   4.9987793e+01
   2.0128430e+06   1.8067017e+02
   2.0130750e+06   4.4750977e+01
   2.0134220e+06   1.6019897e+02
   2.0202110e+06   1.4496460e+02
   2.0203310e+06   4.7369385e+01
   2.0204720e+06   4.1656494e+01
   2.0205570e+06   4.2608643e+01
   2.0206980e+06   4.2608643e+01
   2.0282790e+06   1.5234375e+02
   2.0283720e+06   5.0701904e+01
   2.0289470e+06   4.5941162e+01
   2.0293710e+06   4.2370605e+01
   2.0366940e+06   4.2370605e+01
   2.0370220e+06   4.8797607e+01
   2.0446130e+06   4.3798828e+01
   2.0446970e+06   1.7305298e+02
   2.0448900e+06   4.7845459e+01
   2.0454240e+06   1.7590942e+02
   2.0511530e+06   4.1894531e+01
   2.0535580e+06   1.7424316e+02
   2.0539580e+06   4.4036865e+01
   2.0625820e+06   4.2608643e+01
   2.0626270e+06   1.6567383e+02
   2.0712240e+06   4.3560791e+01
   2.0712900e+06   4.3084717e+01
   2.0715620e+06   4.4512939e+01
   2.0801440e+06   4.1418457e+01
   2.0801850e+06   1.5139160e+02
   2.0893950e+06   4.5465088e+01
   2.0945800e+06   1.7257690e+02
   2.0946430e+06   4.4036865e+01
   2.0947580e+06   1.2568359e+02
   2.0949800e+06   1.6662598e+02
   2.0953160e+06   4.3084717e+01
   2.0953560e+06   1.4853516e+02
   2.0954380e+06   4.1418457e+01
   2.1034160e+06   5.2368164e+01
   2.1034590e+06   4.4036865e+01
   2.1037820e+06   1.6305542e+02
   2.1042130e+06   1.7067261e+02
   2.1048280e+06   1.5591431e+02
   2.1051400e+06   4.8083496e+01
   2.1140150e+06   1.7638550e+02
   2.1142120e+06   1.6638794e+02
   2.1142250e+06   4.2608643e+01
   2.1142500e+06   4.4274902e+01
   2.1146570e+06   4.8559570e+01
   2.1182600e+06   4.1894531e+01
   2.1183720e+06   1.5639038e+02
   2.1183950e+06   4.1894531e+01
   2.1184390e+06   1.1473389e+02
   2.1184710e+06   4.6893311e+01
   2.1186130e+06   1.3044434e+02
   2.1186930e+06   5.0225830e+01
   2.1259290e+06   1.7376709e+02
   2.1261330e+06   1.5115356e+02
   2.1264090e+06   1.5615234e+02
   2.1270600e+06   1.4782104e+02
   2.1272450e+06   4.1180420e+01
   2.1272570e+06   4.2132568e+01
   2.1278310e+06   4.9511719e+01
   2.1278590e+06   5.0701904e+01
   2.1282900e+06   4.7369385e+01
   2.1356640e+06   1.6091309e+02
   2.1358090e+06   4.3084717e+01
   2.1358330e+06   1.4853516e+02
   2.1469860e+06   4.1656494e+01
   2.1470240e+06   1.7757568e+02
   2.1471920e+06   1.5353394e+02
   2.1579340e+06   1.6686401e+02
   2.1580810e+06   4.1894531e+01
   2.1583220e+06   1.6995850e+02
   2.1626990e+06   1.6710205e+02
   2.1627800e+06   1.0449829e+02
   2.1629630e+06   1.1663818e+02
   2.1632150e+06   4.7845459e+01
   2.1632340e+06   1.1973267e+02
   2.1633930e+06   4.2370605e+01
   2.1639490e+06   4.1180420e+01
   2.1728260e+06   4.5227051e+01
   2.1730360e+06   1.4663086e+02
   2.1733340e+06   1.4544067e+02
   2.1733600e+06   4.1656494e+01
   2.1872670e+06   4.1180420e+01
   2.1874540e+06   1.6710205e+02
   2.1877720e+06   4.4512939e+01
   2.1881410e+06   1.4282227e+02
   2.2047820e+06   4.7131348e+01
   2.2048310e+06   1.7519531e+02
   2.2231550e+06   1.7567139e+02
   2.2233080e+06   4.4274902e+01
   2.2236360e+06   4.5227051e+01
   2.2239230e+06   4.1418457e+01
   2.2239520e+06   1.5758057e+02
   2.2240030e+06   1.0497437e+02
   2.2739220e+06   1.6519775e+02
   2.3371600e+06   4.1180420e+01
   2.3372220e+06   4.4989014e+01
   2.3374510e+06   4.5941162e+01
   2.3374660e+06   1.5424805e+02
   2.3912830e+06   1.5353394e+02
   2.4023090e+06   4.3560791e+01
   2.4639050e+06   1.6257935e+02
   2.4646540e+06   1.7424316e+02
   2.4651090e+06   4.3322754e+01
   2.5163850e+06   4.1894531e+01
   2.5167260e+06   1.7590942e+02
   2.5169420e+06   5.1416016e+01
   2.5170850e+06   4.2846680e+01
   2.5170990e+06   4.6417236e+01
   2.5171390e+06   5.4986572e+01
   2.5172030e+06   4.5465088e+01
   2.5172500e+06   4.1418457e+01
   2.5172790e+06   1.6043701e+02
   2.5173090e+06   4.5941162e+01
   2.5173250e+06   8.6169434e+01
   2.5173690e+06   4.7369385e+01
   2.5174200e+06   4.7369385e+01
   2.5720110e+06   4.2846680e+01
   2.5720520e+06   1.6257935e+02
   2.5723210e+06   1.5067749e+02
   2.5726180e+06   1.4972534e+02
   2.5727940e+06   4.9035645e+01
   2.5728630e+06   4.8559570e+01
   2.5728840e+06   4.1894531e+01
   2.5729160e+06   5.3558350e+01
   2.5729550e+06   4.7369385e+01
   2.5729790e+06   4.2846680e+01
   2.5729980e+06   1.4377441e+02
   2.5730180e+06   4.6417236e+01
   2.5730420e+06   6.6174316e+01
   2.5730790e+06   4.7131348e+01
   2.5745720e+06   4.2370605e+01
   2.6127980e+06   4.1656494e+01
   2.6132670e+06   4.6417236e+01
   2.6134040e+06   5.3320313e+01
   2.6134340e+06   4.1656494e+01
   2.6134670e+06   5.1177979e+01
   2.6135230e+06   4.4989014e+01
   2.6135480e+06   4.2132568e+01
   2.6135710e+06   5.3082275e+01
   2.6135970e+06   4.4512939e+01
   2.6136240e+06   1.1568604e+02
   2.6136430e+06   4.2846680e+01
   2.6136640e+06   5.4510498e+01
   2.6137140e+06   4.8321533e+01
   2.6143140e+06   9.0930176e+01
   2.6387740e+06   5.7128906e+01
   2.6389470e+06   4.4036865e+01
   2.6389680e+06   4.3084717e+01
   2.6389840e+06   4.5703125e+01
   2.6390200e+06   5.1654053e+01
   2.6390480e+06   1.4996338e+02
   2.6390660e+06   5.7366943e+01
   2.6390910e+06   8.6407471e+01
   2.6391010e+06   4.3322754e+01
   2.6391270e+06   5.1654053e+01
   2.6391850e+06   4.8321533e+01
   2.6392280e+06   4.6893311e+01
   2.6397460e+06   8.0694580e+01
   2.6399460e+06   4.4036865e+01
   2.6597170e+06   4.4036865e+01
   2.6597320e+06   5.4034424e+01
   2.6597500e+06   5.8795166e+01
   2.6597650e+06   4.8083496e+01
   2.6598030e+06   4.4512939e+01
   2.6598200e+06   1.4591675e+02
   2.6598440e+06   7.5219727e+01
   2.6598650e+06   1.0854492e+02
   2.6598750e+06   5.8795166e+01
   2.6599060e+06   5.6414795e+01
   2.6602460e+06   4.1418457e+01
   2.6604530e+06   8.4741211e+01
   2.6606820e+06   1.2306519e+02
   2.6607270e+06   4.3560791e+01
   2.6785600e+06   4.6179199e+01
   2.6785770e+06   8.6169434e+01
   2.6785950e+06   4.6655273e+01
   2.6786380e+06   4.9511719e+01
   2.6786640e+06   1.6853027e+02
   2.6786860e+06   5.0463867e+01
   2.6787050e+06   9.1644287e+01
   2.6787430e+06   8.8311768e+01
   2.6787540e+06   4.9035645e+01
   2.6790900e+06   4.1656494e+01
   2.6792850e+06   7.9504395e+01
   2.6794320e+06   1.0711670e+02
   2.7027360e+06   4.1418457e+01
   2.7027570e+06   4.8083496e+01
   2.7027770e+06   4.5703125e+01
   2.7028000e+06   4.4989014e+01
   2.7028360e+06   1.7971802e+02
   2.7028700e+06   4.5941162e+01
   2.7028820e+06   1.1330566e+02
   2.7029240e+06   5.8319092e+01
   2.7029360e+06   5.4510498e+01
   2.7030100e+06   4.3798828e+01
   2.7033750e+06   8.1884766e+01
   2.7036230e+06   1.1782837e+02
   2.7194120e+06   4.3798828e+01
   2.7194270e+06   4.9035645e+01
   2.7194880e+06   7.2601318e+01
   2.7195010e+06   4.6655273e+01
   2.7195400e+06   1.1425781e+02
   2.7195880e+06   8.8073730e+01
   2.7196090e+06   4.5227051e+01
   2.7200680e+06   9.1406250e+01
   2.7340590e+06   5.5462646e+01
   2.7340750e+06   6.0699463e+01
   2.7341130e+06   4.1418457e+01
   2.7341410e+06   2.0066528e+02
   2.7341510e+06   5.7366943e+01
   2.7341740e+06   4.4512939e+01
   2.7341970e+06   9.8309326e+01
   2.7342240e+06   5.3320313e+01
   2.7342480e+06   8.7597656e+01
   2.7342610e+06   6.0937500e+01
   2.7347360e+06   8.4265137e+01
   2.7483250e+06   4.6179199e+01
   2.7483890e+06   4.1656494e+01
   2.7484050e+06   4.2846680e+01
   2.7484260e+06   2.0590210e+02
   2.7484590e+06   4.9035645e+01
   2.7484760e+06   1.1592407e+02
   2.7485220e+06   6.3793945e+01
   2.7488750e+06   5.4748535e+01
   2.7492910e+06   1.3353882e+02
   2.7644390e+06   4.4274902e+01
   2.7644690e+06   4.4750977e+01
   2.7644870e+06   6.8316650e+01
   2.7645050e+06   1.8305054e+02
   2.7645310e+06   4.5703125e+01
   2.7645530e+06   9.0454102e+01
   2.7645900e+06   4.7607422e+01
   2.7646030e+06   7.3791504e+01
   2.7646270e+06   4.7845459e+01
   2.7646510e+06   6.4984131e+01
   2.7650550e+06   4.1180420e+01
   2.7822160e+06   5.0463867e+01
   2.7822350e+06   4.5465088e+01
   2.7822710e+06   4.6893311e+01
   2.7823090e+06   1.6757812e+02
   2.7823260e+06   4.9273682e+01
   2.7823570e+06   4.8559570e+01
   2.7823750e+06   5.3082275e+01
   2.7824160e+06   6.0937500e+01
   2.7828630e+06   1.0092773e+02
   2.7828990e+06   4.1418457e+01
   2.7848420e+06   4.1180420e+01
   2.7850720e+06   4.6417236e+01
   2.7988660e+06   5.1416016e+01
   2.7989020e+06   4.7369385e+01
   2.7989230e+06   1.5115356e+02
   2.7989430e+06   4.4274902e+01
   2.7989670e+06   9.9261475e+01
   2.7990160e+06   9.3072510e+01
   2.7990770e+06   4.2370605e+01
   2.7992280e+06   4.6417236e+01
   2.7993060e+06   4.6893311e+01
   2.7998300e+06   1.3234863e+02
   2.8108610e+06   6.6888428e+01
   2.8108800e+06   5.2368164e+01
   2.8109040e+06   7.4505615e+01
   2.8109260e+06   1.6710205e+02
   2.8109360e+06   6.4746094e+01
   2.8109690e+06   5.0939941e+01
   2.8109880e+06   1.1806641e+02
   2.8110040e+06   4.1656494e+01
   2.8110410e+06   8.7835693e+01
   2.8110980e+06   5.3082275e+01
   2.8115220e+06   9.6643066e+01
   2.8331300e+06   4.1894531e+01
   2.8331540e+06   5.1416016e+01
   2.8331700e+06   1.9828491e+02
   2.8331830e+06   6.7840576e+01
   2.8332040e+06   6.2127686e+01
   2.8332280e+06   1.1021118e+02
   2.8332390e+06   5.7843018e+01
   2.8332720e+06   9.1168213e+01
   2.8332950e+06   4.2132568e+01
   2.8333580e+06   4.2846680e+01
   2.8337300e+06   8.0456543e+01
   2.8510770e+06   4.2132568e+01
   2.8511270e+06   4.1418457e+01
   2.8511410e+06   4.9749756e+01
   2.8511650e+06   1.7162476e+02
   2.8512240e+06   4.5227051e+01
   2.8512490e+06   4.2132568e+01
   2.8512750e+06   5.4986572e+01
   2.8512860e+06   5.2368164e+01
   2.8513470e+06   5.2130127e+01
   2.8644020e+06   4.4036865e+01
   2.8644550e+06   4.1180420e+01
   2.8644700e+06   1.9376221e+02
   2.8644940e+06   5.6890869e+01
   2.8645280e+06   1.3615723e+02
   2.8645700e+06   4.7845459e+01
   2.8645860e+06   8.0456543e+01
   2.8646300e+06   4.1180420e+01
   2.8646630e+06   5.4510498e+01
   2.8647100e+06   4.2370605e+01
   2.8649000e+06   6.5222168e+01
   2.8650640e+06   9.3310547e+01
   2.8658400e+06   4.4274902e+01
   2.8764640e+06   4.6179199e+01
   2.8765060e+06   4.4512939e+01
   2.8765250e+06   5.5938721e+01
   2.8765750e+06   1.7971802e+02
   2.8765930e+06   4.2370605e+01
   2.8766160e+06   5.0701904e+01
   2.8766290e+06   1.0592651e+02
   2.8766600e+06   4.8083496e+01
   2.8766890e+06   6.7840576e+01
   2.8767010e+06   4.4274902e+01
   2.8767390e+06   4.2846680e+01
   2.8767520e+06   5.6652832e+01
   2.8769870e+06   7.4505615e+01
   2.8922570e+06   4.7369385e+01
   2.8922700e+06   5.6176758e+01
   2.8922960e+06   1.7614746e+02
   2.8923120e+06   4.9511719e+01
   2.8923280e+06   4.2370605e+01
   2.8923560e+06   9.8071289e+01
   2.8923860e+06   4.9511719e+01
   2.8924120e+06   1.0283203e+02
   2.8924370e+06   5.0463867e+01
   2.8924860e+06   7.4267578e+01
   2.8927030e+06   8.8311768e+01
   2.8928360e+06   4.3084717e+01
   2.9048570e+06   4.3798828e+01
   2.9048860e+06   6.0461426e+01
   2.9049110e+06   1.6853027e+02
   2.9049320e+06   4.3798828e+01
   2.9049450e+06   7.3791504e+01
   2.9049610e+06   4.3322754e+01
   2.9049870e+06   4.7369385e+01
   2.9050190e+06   1.3806152e+02
   2.9050430e+06   4.3322754e+01
   2.9050600e+06   4.9035645e+01
   2.9050910e+06   6.9030762e+01
   2.9051470e+06   4.1894531e+01
   2.9052150e+06   6.5936279e+01
   2.9053840e+06   7.3553467e+01
   2.9057720e+06   4.1894531e+01
   2.9191200e+06   4.2370605e+01
   2.9191300e+06   5.3796387e+01
   2.9191490e+06   4.1418457e+01
   2.9191760e+06   1.8471680e+02
   2.9192040e+06   5.8319092e+01
   2.9192220e+06   5.1177979e+01
   2.9192560e+06   4.6893311e+01
   2.9192830e+06   1.3520508e+02
   2.9193090e+06   5.0225830e+01
   2.9193470e+06   5.6890869e+01
   2.9194270e+06   5.9271240e+01
   2.9195970e+06   8.5693359e+01
   2.9308950e+06   4.3560791e+01
   2.9309990e+06   4.5703125e+01
   2.9310130e+06   4.3084717e+01
   2.9310370e+06   4.1894531e+01
   2.9310710e+06   1.8900146e+02
   2.9310870e+06   5.5938721e+01
   2.9311400e+06   5.7128906e+01
   2.9311600e+06   1.1901855e+02
   2.9312000e+06   5.0225830e+01
   2.9312280e+06   1.0711670e+02
   2.9422950e+06   4.2370605e+01
   2.9423180e+06   5.0701904e+01
   2.9423880e+06   5.4748535e+01
   2.9424030e+06   5.1416016e+01
   2.9424680e+06   4.3560791e+01
   2.9425550e+06   1.0116577e+02
   2.9425960e+06   4.1180420e+01
   2.9426680e+06   1.0259399e+02
   2.9428580e+06   1.0521240e+02
   2.9531780e+06   5.4272461e+01
   2.9532190e+06   5.0463867e+01
   2.9532490e+06   5.4986572e+01
   2.9532630e+06   1.3401489e+02
   2.9532740e+06   5.0701904e+01
   2.9532920e+06   5.4272461e+01
   2.9533040e+06   4.7845459e+01
   2.9533670e+06   1.3663330e+02
   2.9534330e+06   4.4512939e+01
   2.9539040e+06   4.1894531e+01
   2.9655190e+06   4.9035645e+01
   2.9655520e+06   4.1656494e+01
   2.9655700e+06   5.3558350e+01
   2.9656720e+06   4.2132568e+01
   2.9656920e+06   4.1180420e+01
   2.9657150e+06   1.7638550e+02
   2.9657290e+06   4.6179199e+01
   2.9657810e+06   4.9035645e+01
   2.9658000e+06   1.2211304e+02
   2.9848280e+06   4.3322754e+01
   2.9849110e+06   4.1180420e+01
   2.9849700e+06   4.7607422e+01
   2.9849920e+06   4.9511719e+01
   2.9850380e+06   4.2608643e+01
   2.9850830e+06   5.5700684e+01
   2.9851620e+06   4.9511719e+01
   2.9851800e+06   1.6043701e+02
   2.9852640e+06   1.1306763e+02
   2.9853090e+06   4.2608643e+01
   3.0030060e+06   4.2846680e+01
   3.0032120e+06   5.6890869e+01
   3.0032560e+06   4.5703125e+01
   3.0032740e+06   4.5703125e+01
   3.0032860e+06   5.3796387e+01
   3.0033320e+06   4.4989014e+01
   3.0034060e+06   5.0463867e+01
   3.0034600e+06   4.4274902e+01
   3.0035200e+06   4.4750977e+01
   3.0035920e+06   4.2608643e+01
   3.0036600e+06   4.4274902e+01
   3.0137730e+06   4.2608643e+01
   3.0138970e+06   5.0463867e+01
   3.0139190e+06   4.3084717e+01
   3.0140470e+06   4.5941162e+01
   3.0141710e+06   4.7369385e+01
   3.0144660e+06   4.5465088e+01
   3.0256060e+06   4.7131348e+01
   3.0256770e+06   5.3558350e+01
   3.0257870e+06   4.3560791e+01
   3.0258240e+06   6.2365723e+01
   3.0358730e+06   4.3084717e+01
   3.0442260e+06   4.1894531e+01
   3.0447340e+06   5.7128906e+01
   3.0448210e+06   4.1656494e+01
   3.0537410e+06   4.1656494e+01
   3.0541260e+06   5.4034424e+01
   3.0542680e+06   4.1894531e+01
   3.0547670e+06   1.6948242e+02
   3.0549190e+06   4.2846680e+01
   3.0640780e+06   4.3798828e+01
   3.0642730e+06   4.1894531e+01
   3.0746420e+06   4.7369385e+01
   3.0748970e+06   4.8559570e+01
   3.0749160e+06   4.2608643e+01
   3.0837950e+06   4.2846680e+01
   3.1026810e+06   4.3322754e+01
   3.1031190e+06   5.0463867e+01
   3.1038220e+06   4.3084717e+01
   3.1142960e+06   4.1894531e+01
   3.1148310e+06   4.5465088e+01
   3.1150910e+06   4.5227051e+01
   3.1255760e+06   4.2608643e+01
   3.1384650e+06   4.2132568e+01
   3.1477380e+06   4.4512939e+01
   3.1483600e+06   4.7369385e+01
   3.1488910e+06   4.1894531e+01
   3.1718040e+06   4.1418457e+01
   3.1723240e+06   4.4274902e+01
   3.1734060e+06   4.3084717e+01
   3.1734670e+06   4.5465088e+01
   3.1832070e+06   1.8876343e+02
   3.1927640e+06   4.4750977e+01
   3.1932990e+06   4.1894531e+01
   3.2060530e+06   4.6179199e+01
   3.2320200e+06   4.1418457e+01
   3.2325000e+06   4.1180420e+01
   3.2327960e+06   4.3560791e+01
   3.2414250e+06   4.3560791e+01
   3.2420530e+06   4.2370605e+01
   3.2573040e+06   4.1656494e+01
   3.2716790e+06   5.1177979e+01
   3.2965690e+06   5.2368164e+01
   3.3164870e+06   4.6655273e+01
   3.3231880e+06   4.3560791e+01
   3.3294970e+06   4.1418457e+01
   3.3475460e+06   4.3084717e+01
   3.3479940e+06   4.2370605e+01
   3.3595890e+06   4.7369385e+01
   3.3603390e+06   4.1418457e+01
   3.3710540e+06   4.1418457e+01
   3.3834970e+06   4.1418457e+01
   3.3910480e+06   4.7607422e+01
   3.3974200e+06   5.4034424e+01
   3.4050600e+06   4.2608643e+01
   3.4054610e+06   4.5227051e+01
   3.4117160e+06   4.8559570e+01
   3.4199870e+06   4.1656494e+01
   3.4202500e+06   4.7607422e+01
   3.4205150e+06   4.9273682e+01
   3.4209340e+06   4.3084717e+01
   3.4209930e+06   1.6495972e+02
   3.4210160e+06   4.4512939e+01
   3.4265830e+06   4.4512939e+01
   3.4270940e+06   1.4829712e+02
   3.4273040e+06   4.2370605e+01
   3.4326630e+06   1.4734497e+02
   3.4328540e+06   1.4448853e+02
   3.4331250e+06   1.2235107e+02
   3.4396830e+06   4.2132568e+01
   3.4398500e+06   4.1894531e+01
   3.4400360e+06   4.3560791e+01
   3.4401990e+06   1.6210327e+02
   3.4404820e+06   4.2608643e+01
   3.4479990e+06   4.4512939e+01
   3.4481200e+06   1.4496460e+02
   3.4484600e+06   4.4274902e+01
   3.4559120e+06   4.7369385e+01
   3.4559670e+06   4.2608643e+01
   3.4560170e+06   5.0701904e+01
   3.4561990e+06   1.5448608e+02
   3.4563730e+06   4.3798828e+01
   3.4567380e+06   4.1418457e+01
   3.4570870e+06   4.3560791e+01
   3.4635980e+06   4.2608643e+01
   3.4636850e+06   1.6376953e+02
   3.4637810e+06   4.2370605e+01
   3.4640410e+06   4.4750977e+01
   3.4643480e+06   5.2844238e+01
   3.4643920e+06   4.1180420e+01
   3.4713510e+06   4.4989014e+01
   3.4713930e+06   1.5496216e+02
   3.4716710e+06   1.6519775e+02
   3.4789580e+06   4.3322754e+01
   3.4790750e+06   1.8305054e+02
   3.4791390e+06   5.9033203e+01
   3.4794670e+06   4.9273682e+01
   3.4868560e+06   1.5520020e+02
   3.4870620e+06   4.4274902e+01
   3.4873970e+06   5.2844238e+01
   3.4877010e+06   4.2608643e+01
   3.4877430e+06   1.5972290e+02
   3.4879290e+06   4.1894531e+01
   3.4951290e+06   1.2711182e+02
   3.4951610e+06   4.4989014e+01
   3.4957090e+06   1.5258179e+02
   3.4966970e+06   4.1418457e+01
   3.4970610e+06   4.1894531e+01
   3.5037350e+06   5.5462646e+01
   3.5037800e+06   4.9273682e+01
   3.5037960e+06   1.4782104e+02
   3.5039250e+06   1.2830200e+02
   3.5040330e+06   4.2132568e+01
   3.5040620e+06   4.1180420e+01
   3.5042420e+06   4.5703125e+01
   3.5112800e+06   1.3496704e+02
   3.5115430e+06   1.4782104e+02
   3.5117390e+06   4.1418457e+01
   3.5119350e+06   6.0461426e+01
   3.5122790e+06   4.1656494e+01
   3.5127360e+06   4.1180420e+01
   3.5186000e+06   4.2132568e+01
   3.5186140e+06   1.5805664e+02
   3.5189120e+06   4.1418457e+01
   3.5258860e+06   4.3798828e+01
   3.5259840e+06   1.4877319e+02
   3.5263700e+06   1.7281494e+02
   3.5337860e+06   5.3082275e+01
   3.5338330e+06   1.6115112e+02
   3.5341780e+06   4.3322754e+01
   3.5342220e+06   5.1654053e+01
   3.5346690e+06   4.1894531e+01
   3.5410300e+06   4.2370605e+01
   3.5410900e+06   4.8083496e+01
   3.5412660e+06   1.4472656e+02
   3.5414110e+06   4.9273682e+01
   3.5425420e+06   4.2370605e+01
   3.5427630e+06   1.5139160e+02
   3.5432330e+06   4.4750977e+01
   3.5493770e+06   1.5281982e+02
   3.5494340e+06   1.1235352e+02
   3.5495640e+06   4.1894531e+01
   3.5495970e+06   1.3639526e+02
   3.5496270e+06   4.2608643e+01
   3.5498130e+06   4.2846680e+01
   3.5597800e+06   1.6210327e+02
   3.5598650e+06   4.3322754e+01
   3.5599700e+06   4.1418457e+01
   3.5602300e+06   4.2132568e+01
   3.5604650e+06   4.7131348e+01
   3.5694930e+06   1.6710205e+02
   3.5695440e+06   4.5465088e+01
   3.5695570e+06   1.2711182e+02
   3.5698950e+06   1.5424805e+02
   3.5714310e+06   4.4036865e+01
   3.5716700e+06   4.1894531e+01
   3.5782350e+06   4.7369385e+01
   3.5782850e+06   4.8797607e+01
   3.5782960e+06   1.6876831e+02
   3.5786530e+06   1.7352905e+02
   3.5789720e+06   5.5462646e+01
   3.5870190e+06   1.7067261e+02
   3.5872150e+06   5.0939941e+01
   3.5872660e+06   1.4091797e+02
   3.5874760e+06   1.6829224e+02
   3.5967230e+06   4.1894531e+01
   3.5967870e+06   1.0235596e+02
   3.5970030e+06   4.2132568e+01
   3.5974070e+06   4.1180420e+01
   3.6062850e+06   1.6734009e+02
   3.6064440e+06   4.1418457e+01
   3.6066820e+06   4.4274902e+01
   3.6067430e+06   4.1656494e+01
   3.6072750e+06   4.1656494e+01
   3.6155490e+06   1.3782349e+02
   3.6160710e+06   1.5686646e+02
   3.6163370e+06   4.1656494e+01
   3.6254550e+06   1.3401489e+02
   3.6257180e+06   4.1418457e+01
   3.6258450e+06   4.5465088e+01
   3.6258790e+06   1.5805664e+02
   3.6265440e+06   4.6179199e+01
   3.6353300e+06   4.2608643e+01
   3.6354140e+06   4.1656494e+01
   3.6355760e+06   4.6655273e+01
   3.6357560e+06   1.6329346e+02
   3.6358000e+06   4.3084717e+01
   3.6359510e+06   4.1418457e+01
   3.6360510e+06   4.1894531e+01
   3.6360680e+06   4.6893311e+01
   3.6454810e+06   4.7607422e+01
   3.6460420e+06   4.2608643e+01
   3.6460700e+06   1.7210083e+02
   3.6464160e+06   4.3084717e+01
   3.6466640e+06   4.9749756e+01
   3.6467640e+06   4.4750977e+01
   3.6470720e+06   4.1894531e+01
   3.6561370e+06   4.9749756e+01
   3.6561750e+06   1.3282471e+02
   3.6563960e+06   4.2132568e+01
   3.6669780e+06   4.3084717e+01
   3.6673440e+06   4.1656494e+01
   3.6675210e+06   4.9987793e+01
   3.6683070e+06   4.3322754e+01
   3.6785730e+06   4.4750977e+01
   3.6786050e+06   4.4036865e+01
   3.6788260e+06   4.2132568e+01
   3.6791730e+06   1.6234131e+02
   3.6889680e+06   4.4512939e+01
   3.6891180e+06   4.7845459e+01
   3.6891610e+06   1.7067261e+02
   3.6900900e+06   4.3322754e+01
   3.6996590e+06   4.2132568e+01
   3.6996690e+06   1.6305542e+02
   3.6998220e+06   4.4750977e+01
   3.6998320e+06   4.2132568e+01
   3.7003880e+06   1.7757568e+02
   3.7106520e+06   4.3084717e+01
   3.7111450e+06   4.3084717e+01
   3.7224580e+06   4.1180420e+01
   3.7227090e+06   1.5853271e+02
   3.7230890e+06   4.4750977e+01
   3.7236170e+06   4.3084717e+01
   3.7350100e+06   4.5227051e+01
   3.7352590e+06   4.1894531e+01
   3.7495050e+06   4.1180420e+01
   3.7496310e+06   4.8321533e+01
   3.8906330e+06   4.6179199e+01
   3.9393610e+06   4.3798828e+01
   3.9396370e+06   4.4750977e+01
   3.9399040e+06   4.2608643e+01
   3.9399160e+06   4.8559570e+01
   3.9399820e+06   4.2370605e+01
   3.9399940e+06   5.0701904e+01
   3.9400480e+06   4.1656494e+01
   3.9400790e+06   4.9511719e+01
   3.9401040e+06   5.4272461e+01
   3.9401570e+06   4.4512939e+01
   3.9401950e+06   1.7329102e+02
   3.9402060e+06   5.1892090e+01
   3.9402440e+06   8.4027100e+01
   3.9402760e+06   4.8559570e+01
   3.9404590e+06   4.9511719e+01
   3.9405710e+06   4.5465088e+01
   3.9406540e+06   5.0701904e+01
   3.9717100e+06   4.2132568e+01
   4.0053680e+06   5.0225830e+01
   4.0185060e+06   4.3084717e+01
   4.0191970e+06   4.2370605e+01
   4.0192320e+06   5.0701904e+01
   4.0192830e+06   4.5227051e+01
   4.0193310e+06   6.0699463e+01
   4.0193560e+06   4.4989014e+01
   4.0193670e+06   4.2846680e+01
   4.0194180e+06   5.3320313e+01
   4.0194320e+06   1.5329590e+02
   4.0194790e+06   9.6166992e+01
   4.0195160e+06   6.9506836e+01
   4.0195570e+06   4.3084717e+01
   4.0845860e+06   4.1180420e+01
   4.0849900e+06   4.5465088e+01
   4.0850930e+06   4.1894531e+01
   4.0851070e+06   1.8923950e+02
   4.0853130e+06   5.2130127e+01
   4.0855050e+06   4.6179199e+01
   4.0856110e+06   4.1180420e+01
   4.0856450e+06   4.4036865e+01
   4.0856830e+06   5.1654053e+01
   4.0857010e+06   5.6414795e+01
   4.0857350e+06   1.5162964e+02
   4.0857570e+06   4.5941162e+01
   4.0857820e+06   1.0259399e+02
   4.0858010e+06   4.2132568e+01
   4.0858800e+06   4.7845459e+01
   4.1092200e+06   4.5941162e+01
   4.1092400e+06   5.2844238e+01
   4.1092600e+06   4.5227051e+01
   4.1092850e+06   5.8557129e+01
   4.1093100e+06   4.1418457e+01
   4.1093270e+06   1.6067505e+02
   4.1093450e+06   4.1656494e+01
   4.1093680e+06   1.0283203e+02
   4.1094030e+06   5.2130127e+01
   4.1095360e+06   4.2846680e+01
   4.1095780e+06   4.1418457e+01
   4.1098900e+06   4.4512939e+01
   4.1272030e+06   4.6893311e+01
   4.1272200e+06   4.2608643e+01
   4.1272390e+06   5.1654053e+01
   4.1272620e+06   4.4989014e+01
   4.1272890e+06   4.9511719e+01
   4.1273070e+06   4.6417236e+01
   4.1273250e+06   1.5948486e+02
   4.1273410e+06   4.6655273e+01
   4.1273720e+06   6.8554688e+01
   4.1274150e+06   5.6176758e+01
   4.1274270e+06   4.2846680e+01
   4.1274630e+06   5.1416016e+01
   4.1278760e+06   4.1656494e+01
   4.1282900e+06   1.2639771e+02
   4.1447480e+06   5.9271240e+01
   4.1447970e+06   4.4512939e+01
   4.1448180e+06   7.6647949e+01
   4.1448400e+06   1.6495972e+02
   4.1448690e+06   4.9273682e+01
   4.1448880e+06   9.9737549e+01
   4.1449010e+06   4.8321533e+01
   4.1449370e+06   8.6883545e+01
   4.1449560e+06   4.7131348e+01
   4.1452700e+06   5.6176758e+01
   4.1618070e+06   5.7604980e+01
   4.1618400e+06   4.7607422e+01
   4.1618700e+06   4.7369385e+01
   4.1618920e+06   1.7567139e+02
   4.1619060e+06   6.6888428e+01
   4.1619390e+06   1.1354370e+02
   4.1619600e+06   5.1416016e+01
   4.1619880e+06   7.9266357e+01
   4.1620400e+06   4.3084717e+01
   4.1803930e+06   4.1894531e+01
   4.1804330e+06   4.1418457e+01
   4.1804560e+06   4.4512939e+01
   4.1804880e+06   1.6472168e+02
   4.1805050e+06   5.5700684e+01
   4.1805270e+06   5.6890869e+01
   4.1805420e+06   1.1187744e+02
   4.1805700e+06   4.6417236e+01
   4.1805840e+06   4.4989014e+01
   4.1806400e+06   5.1892090e+01
   4.1807240e+06   4.6893311e+01
   4.1807550e+06   4.1656494e+01
   4.1958410e+06   4.1894531e+01
   4.1958750e+06   4.9035645e+01
   4.1959180e+06   4.3084717e+01
   4.1959460e+06   4.3084717e+01
   4.1959750e+06   1.7590942e+02
   4.1960010e+06   5.6414795e+01
   4.1960270e+06   1.2092285e+02
   4.1960510e+06   4.1180420e+01
   4.1960770e+06   6.8316650e+01
   4.1960890e+06   4.7607422e+01
   4.1962690e+06   5.0463867e+01
   4.2103690e+06   4.3322754e+01
   4.2103810e+06   5.4034424e+01
   4.2104240e+06   4.7607422e+01
   4.2104500e+06   5.4748535e+01
   4.2104660e+06   1.6662598e+02
   4.2104900e+06   4.8083496e+01
   4.2105320e+06   1.0354614e+02
   4.2105700e+06   4.7607422e+01
   4.2105800e+06   8.8311768e+01
   4.2106240e+06   5.1892090e+01
   4.2108700e+06   6.2841797e+01
   4.2247090e+06   5.6414795e+01
   4.2247450e+06   6.7364502e+01
   4.2247580e+06   5.4748535e+01
   4.2247910e+06   2.0780640e+02
   4.2248050e+06   4.3560791e+01
   4.2248230e+06   4.5465088e+01
   4.2248490e+06   1.4163208e+02
   4.2248640e+06   4.4750977e+01
   4.2249070e+06   9.2358398e+01
   4.2249220e+06   4.8559570e+01
   4.2249360e+06   5.4272461e+01
   4.2249680e+06   5.4748535e+01
   4.2382670e+06   4.1418457e+01
   4.2382960e+06   4.3560791e+01
   4.2383130e+06   4.9749756e+01
   4.2383520e+06   5.5462646e+01
   4.2383990e+06   1.3901367e+02
   4.2384210e+06   6.3317871e+01
   4.2384580e+06   1.2116089e+02
   4.2384960e+06   4.9749756e+01
   4.2385080e+06   5.9033203e+01
   4.2385180e+06   5.7366943e+01
   4.2385790e+06   4.3084717e+01
   4.2386820e+06   6.2127686e+01
   4.2387450e+06   4.6417236e+01
   4.2509650e+06   4.2132568e+01
   4.2510910e+06   5.7604980e+01
   4.2511310e+06   4.1656494e+01
   4.2511440e+06   1.5258179e+02
   4.2511600e+06   4.7845459e+01
   4.2512160e+06   1.0997314e+02
   4.2512550e+06   5.3796387e+01
   4.2512820e+06   8.4741211e+01
   4.2512940e+06   4.3084717e+01
   4.2513840e+06   5.0939941e+01
   4.2654510e+06   4.1894531e+01
   4.2655060e+06   4.6179199e+01
   4.2655600e+06   4.8083496e+01
   4.2656110e+06   1.6995850e+02
   4.2656460e+06   5.1177979e+01
   4.2657000e+06   9.3072510e+01
   4.2657440e+06   4.1894531e+01
   4.2657570e+06   6.3079834e+01
   4.2658320e+06   7.0458984e+01
   4.2754670e+06   4.8559570e+01
   4.2755730e+06   4.4274902e+01
   4.2756070e+06   4.1894531e+01
   4.2756380e+06   5.7366943e+01
   4.2756520e+06   6.1175537e+01
   4.2757330e+06   1.1973267e+02
   4.2757730e+06   4.2132568e+01
   4.2758010e+06   8.1884766e+01
   4.2758960e+06   1.0092773e+02
   4.2946500e+06   5.0225830e+01
   4.2946770e+06   4.2846680e+01
   4.2946980e+06   4.1418457e+01
   4.2947260e+06   5.7366943e+01
   4.2947630e+06   1.7043457e+02
   4.2947820e+06   5.5938721e+01
   4.2948180e+06   1.0664063e+02
   4.2948500e+06   4.2846680e+01
   4.2948860e+06   6.7126465e+01
   4.2949670e+06   5.8081055e+01
   4.3076830e+06   4.9749756e+01
   4.3077300e+06   4.6179199e+01
   4.3078110e+06   4.9273682e+01
   4.3078400e+06   4.3322754e+01
   4.3078510e+06   1.7971802e+02
   4.3078970e+06   4.7369385e+01
   4.3079170e+06   9.1406250e+01
   4.3079540e+06   5.1416016e+01
   4.3079800e+06   8.1408691e+01
   4.3080550e+06   5.8319092e+01
   4.3236800e+06   4.2132568e+01
   4.3237110e+06   4.7845459e+01
   4.3237410e+06   4.2846680e+01
   4.3237670e+06   5.0939941e+01
   4.3237770e+06   4.4036865e+01
   4.3238010e+06   1.4329834e+02
   4.3238630e+06   1.4710693e+02
   4.3239020e+06   5.4748535e+01
   4.3239260e+06   8.1408691e+01
   4.3240040e+06   6.6174316e+01
   4.3394730e+06   4.4512939e+01
   4.3395150e+06   4.9987793e+01
   4.3395560e+06   5.1654053e+01
   4.3395790e+06   4.2846680e+01
   4.3395890e+06   4.5227051e+01
   4.3396190e+06   4.3798828e+01
   4.3396770e+06   1.8043213e+02
   4.3396960e+06   4.9511719e+01
   4.3397470e+06   1.2639771e+02
   4.3397790e+06   5.3082275e+01
   4.3398290e+06   9.0454102e+01
   4.3398450e+06   4.9749756e+01
   4.3399320e+06   7.2363281e+01
   4.3529660e+06   4.2132568e+01
   4.3530030e+06   4.5227051e+01
   4.3530320e+06   4.1656494e+01
   4.3530460e+06   4.7607422e+01
   4.3530680e+06   4.1418457e+01
   4.3531400e+06   1.7091064e+02
   4.3531530e+06   5.2130127e+01
   4.3531790e+06   4.9987793e+01
   4.3532320e+06   1.1616211e+02
   4.3533300e+06   9.7833252e+01
   4.3615020e+06   4.2370605e+01
   4.3620390e+06   4.4512939e+01
   4.3622710e+06   4.5941162e+01
   4.3622900e+06   5.0701904e+01
   4.3758000e+06   4.1418457e+01
   4.3759000e+06   4.4274902e+01
   4.3759430e+06   4.3560791e+01
   4.3759590e+06   5.1177979e+01
   4.3759830e+06   5.2606201e+01
   4.3760000e+06   5.1177979e+01
   4.3760230e+06   4.3798828e+01
   4.3760900e+06   1.7257690e+02
   4.3761150e+06   4.3798828e+01
   4.3761460e+06   4.9511719e+01
   4.3761780e+06   1.3377686e+02
   4.3761890e+06   4.3798828e+01
   4.3763020e+06   1.1021118e+02
   4.3903390e+06   5.5700684e+01
   4.3904240e+06   4.5703125e+01
   4.3904440e+06   4.2370605e+01
   4.3904610e+06   4.2370605e+01
   4.3905200e+06   4.8083496e+01
   4.3905400e+06   4.4750977e+01
   4.3905720e+06   1.6138916e+02
   4.4095340e+06   4.3560791e+01
   4.4095870e+06   4.6179199e+01
   4.4096540e+06   4.3798828e+01
   4.4096840e+06   4.6655273e+01
   4.4097130e+06   4.8559570e+01
   4.4097780e+06   4.3560791e+01
   4.4218270e+06   4.1180420e+01
   4.4221000e+06   4.5703125e+01
   4.4221430e+06   4.9035645e+01
   4.4223000e+06   4.1656494e+01
   4.4223330e+06   4.2370605e+01
   4.4223460e+06   4.1418457e+01
   4.4341520e+06   4.3084717e+01
   4.4342460e+06   4.1894531e+01
   4.4343250e+06   4.2370605e+01
   4.4349590e+06   4.3322754e+01
   4.4444010e+06   4.4989014e+01
   4.4447820e+06   4.2608643e+01
   4.4448570e+06   4.4036865e+01
   4.4452460e+06   4.1894531e+01
   4.4543800e+06   4.3084717e+01
   4.4641830e+06   4.3322754e+01
   4.4736090e+06   5.9033203e+01
   4.4740130e+06   4.2370605e+01
   4.4982880e+06   5.1654053e+01
   4.5091300e+06   4.4512939e+01
   4.5098210e+06   4.6417236e+01
   4.5101170e+06   4.3560791e+01
   4.5106360e+06   4.1418457e+01
   4.5112990e+06   4.1894531e+01
   4.5205660e+06   4.2846680e+01
   4.5345230e+06   4.1180420e+01
   4.5349220e+06   4.7607422e+01
   4.5353520e+06   1.5448608e+02
   4.5474930e+06   4.7845459e+01
   4.5568540e+06   4.2370605e+01
   4.5684630e+06   1.6781616e+02
   4.5689900e+06   1.4401245e+02
   4.5703420e+06   4.4274902e+01
   4.5708780e+06   4.1894531e+01
   4.5957650e+06   4.2132568e+01
   4.5959310e+06   1.6757813e+02
   4.5966360e+06   1.6448364e+02
   4.5972950e+06   4.1418457e+01
   4.6067030e+06   4.8083496e+01
   4.6067990e+06   1.4448853e+02
   4.6070440e+06   4.1894531e+01
   4.6075270e+06   4.1656494e+01
   4.6180180e+06   4.2846680e+01
   4.6184140e+06   4.7607422e+01
   4.6184440e+06   1.5067749e+02
   4.6391770e+06   4.3322754e+01
   4.6400820e+06   4.4512939e+01
   4.6628180e+06   4.3560791e+01
   4.6641070e+06   1.6567383e+02
   4.6652530e+06   4.1418457e+01
   4.6659510e+06   4.2846680e+01
   4.6841720e+06   4.4274902e+01
   4.6846680e+06   4.2132568e+01
   4.6940290e+06   4.7607422e+01
   4.7014070e+06   4.8797607e+01
   4.7023800e+06   1.5520020e+02
   4.7036090e+06   4.4274902e+01
   4.7150320e+06   1.6115112e+02
   4.7365650e+06   4.5465088e+01
   4.7369730e+06   1.6757813e+02
   4.7374300e+06   4.2846680e+01
   4.7375620e+06   1.5853271e+02
   4.7572720e+06   1.6519775e+02
   4.7742520e+06   4.8321533e+01
   4.7743740e+06   1.6043701e+02
   4.8208510e+06   4.2132568e+01
   4.8213380e+06   4.5465088e+01
   4.8213500e+06   1.3972778e+02
   4.8215500e+06   4.1180420e+01
   4.8216810e+06   4.4036865e+01
   4.8219040e+06   4.5227051e+01
   4.8287600e+06   1.7329102e+02
   4.8353980e+06   4.4750977e+01
   4.8354760e+06   4.4036865e+01
   4.8482630e+06   4.2608643e+01
   4.8483720e+06   4.4750977e+01
   4.8489770e+06   1.6614990e+02
   4.8492610e+06   4.4036865e+01
   4.8492870e+06   4.8083496e+01
   4.8554920e+06   4.1894531e+01
   4.8559330e+06   4.5703125e+01
   4.8626980e+06   1.4329834e+02
   4.8685750e+06   4.1418457e+01
   4.8746750e+06   4.4989014e+01
   4.8750110e+06   4.2608643e+01
   4.8753130e+06   4.3798828e+01
   4.8821610e+06   1.4377441e+02
   4.8825670e+06   4.5465088e+01
   4.8882300e+06   4.5227051e+01
   4.8883080e+06   4.1418457e+01
   4.8887910e+06   4.7131348e+01
   4.8947480e+06   4.2846680e+01
   4.8998680e+06   4.2132568e+01
   4.9062490e+06   4.2608643e+01
   4.9067390e+06   4.1894531e+01
   4.9074610e+06   4.9035645e+01
   4.9074860e+06   1.5067749e+02
   4.9076690e+06   4.2132568e+01
   4.9126210e+06   4.4274902e+01
   4.9196910e+06   4.1418457e+01
   4.9198750e+06   4.4274902e+01
   4.9328960e+06   4.7369385e+01
   4.9332940e+06   5.0463867e+01
   4.9409750e+06   4.1656494e+01
   4.9488270e+06   4.8797607e+01
   4.9565010e+06   4.7607422e+01
   4.9643230e+06   4.6417236e+01
   4.9718240e+06   4.2132568e+01
   4.9720430e+06   4.4036865e+01
   4.9721760e+06   5.2606201e+01
   4.9795200e+06   1.6614990e+02
   4.9948710e+06   1.4853516e+02
   4.9953410e+06   4.6893311e+01
   4.9955420e+06   4.4036865e+01
   5.0032570e+06   4.1180420e+01
   5.0108870e+06   4.5465088e+01
   5.0110540e+06   4.1180420e+01
   5.0114630e+06   4.1180420e+01
   5.0192040e+06   4.3322754e+01
   5.0274880e+06   4.2370605e+01
   5.0277700e+06   4.2132568e+01
   5.0284980e+06   4.3798828e+01
   5.0359340e+06   1.5924683e+02
   5.0521800e+06   4.4512939e+01
   5.0603550e+06   4.4274902e+01
   5.0609170e+06   5.1654053e+01
   5.0701790e+06   4.2132568e+01
   5.0789440e+06   4.2608643e+01
   5.0977960e+06   4.3798828e+01
   5.0980080e+06   4.4274902e+01
   5.0981240e+06   4.9511719e+01
   5.1078670e+06   4.3798828e+01
   5.1095600e+06   1.6234131e+02
   5.1101270e+06   1.6257935e+02
   5.1103120e+06   4.1894531e+01
   5.1179320e+06   4.8083496e+01
   5.1181040e+06   4.3560791e+01
   5.1270450e+06   5.0225830e+01
   5.1367030e+06   4.5703125e+01
   5.1373210e+06   1.5401001e+02
   5.1462220e+06   4.4512939e+01
   5.1467260e+06   4.2608643e+01
   5.1470920e+06   4.4989014e+01
   5.1586180e+06   5.3082275e+01
   5.1589640e+06   1.7614746e+02
   5.1592320e+06   1.7757568e+02
   5.1789220e+06   4.7607422e+01
   5.1910670e+06   4.1656494e+01
   5.1919230e+06   4.1894531e+01
   5.3519260e+06   5.2368164e+01
   5.3525600e+06   4.4036865e+01
   5.3526000e+06   4.4750977e+01
   5.3526680e+06   4.8083496e+01
   5.3529500e+06   4.5703125e+01
   5.3911380e+06   4.4512939e+01
   5.3914850e+06   4.2846680e+01
   5.3916560e+06   4.9987793e+01
   5.3921230e+06   4.2132568e+01
   5.3921820e+06   5.4034424e+01
   5.4196250e+06   4.3798828e+01
   5.4367410e+06   4.3084717e+01
   5.4585300e+06   4.1180420e+01
   5.4588630e+06   1.8447876e+02
   5.4597980e+06   4.2846680e+01
   5.4601290e+06   4.1180420e+01
   5.4721330e+06   4.3322754e+01
   5.4724180e+06   4.5941162e+01
   5.4727980e+06   4.6417236e+01
   5.4876920e+06   4.4750977e+01
   5.4899930e+06   4.7607422e+01
   5.4900700e+06   4.9987793e+01
   5.5187410e+06   4.3084717e+01
   5.5197670e+06   5.8081055e+01
   5.5198090e+06   1.8424072e+02
   5.5345890e+06   4.1418457e+01
   5.5472940e+06   4.3084717e+01
   5.5557910e+06   4.7369385e+01
   5.5708800e+06   4.8321533e+01
   5.5709760e+06   4.2608643e+01
   5.5717970e+06   4.1894531e+01
   5.6008750e+06   4.5703125e+01
   5.6136880e+06   4.1418457e+01
   5.6137630e+06   4.3560791e+01
   5.6277830e+06   4.2846680e+01
   5.6470580e+06   4.2370605e+01
   5.7031480e+06   4.2132568e+01
   5.7143590e+06   4.2370605e+01
   5.7450630e+06   4.3084717e+01
   5.7679250e+06   4.2608643e+01
   5.7693130e+06   4.1656494e+01
   5.8236150e+06   4.2846680e+01
   5.8721800e+06   4.3560791e+01
   5.8730210e+06   4.5703125e+01
   5.9811250e+06   4.2370605e+01
   6.0070710e+06   4.3322754e+01
   6.0482700e+06   4.5703125e+01
   6.0732480e+06   4.1418457e+01
   6.0737920e+06   4.1180420e+01
   6.1389630e+06   4.3084717e+01
   6.1490560e+06   4.3322754e+01
   6.1727850e+06   4.2132568e+01
   6.1734640e+06   4.2608643e+01
   6.1803800e+06   4.1418457e+01
   6.2046780e+06   4.1656494e+01
   6.2056150e+06   4.4512939e+01
   6.2222940e+06   4.1894531e+01
   6.2390590e+06   4.2608643e+01
   6.2392380e+06   4.4274902e+01
   6.2533200e+06   4.5703125e+01
   6.2536510e+06   4.8321533e+01
   6.2682380e+06   4.4989014e+01
   6.2683350e+06   4.4512939e+01
   6.2753660e+06   4.9035645e+01
   6.2836470e+06   4.2370605e+01
   6.2907530e+06   1.6519775e+02
   6.2960520e+06   4.4274902e+01
   6.3024730e+06   4.3560791e+01
   6.3096160e+06   4.2608643e+01
   6.3169400e+06   4.4989014e+01
   6.3172690e+06   4.1656494e+01
   6.3257080e+06   4.5703125e+01
   6.3428240e+06   4.3084717e+01
   6.3515570e+06   4.2132568e+01
   6.3779610e+06   4.6417236e+01
   6.3876190e+06   4.4512939e+01
   6.3973430e+06   4.8559570e+01
   6.3974060e+06   4.2132568e+01
   6.3980080e+06   4.2370605e+01
   6.4171980e+06   4.6655273e+01
   6.4274870e+06   4.9749756e+01
   6.4276360e+06   4.5703125e+01
   6.4277860e+06   4.1180420e+01
   6.4372920e+06   4.4750977e+01
   6.4695230e+06   4.7131348e+01
   6.4699720e+06   4.2370605e+01
   6.4703250e+06   4.3084717e+01
   6.4825670e+06   4.8797607e+01
   6.4830940e+06   4.4036865e+01
   6.4832470e+06   4.5227051e+01
   6.4942240e+06   4.3322754e+01
   6.4944730e+06   4.3084717e+01
   6.4946290e+06   4.7607422e+01
   6.4947070e+06   4.8559570e+01
   6.4950430e+06   4.1894531e+01
   6.5048680e+06   4.6179199e+01
   6.5049610e+06   4.5465088e+01
   6.5051480e+06   4.4512939e+01
   6.5055070e+06   4.3798828e+01
   6.5169150e+06   4.8797607e+01
   6.5172000e+06   4.2370605e+01
   6.5296100e+06   5.0939941e+01
   6.5298450e+06   4.6893311e+01
   6.5300320e+06   5.2844238e+01
   6.5429480e+06   4.4512939e+01
   6.5430930e+06   4.3560791e+01
   6.5434120e+06   4.4989014e+01
   6.5573050e+06   4.4750977e+01
   6.5730330e+06   4.1180420e+01
   6.5732210e+06   4.6417236e+01
   6.5735950e+06   4.5465088e+01
   6.5939370e+06   5.3558350e+01
   6.5941830e+06   4.4989014e+01
   6.5942160e+06   4.6893311e+01
   6.6183750e+06   4.2846680e+01
   6.6187340e+06   4.5703125e+01
   6.6773910e+06   4.2370605e+01
   6.6778590e+06   4.2846680e+01
   6.6782000e+06   4.1656494e+01
   6.7221880e+06   4.2846680e+01
   6.7505780e+06   4.2370605e+01
   6.7514570e+06   4.5941162e+01
   6.8695020e+06   4.5227051e+01
   6.8913070e+06   4.8083496e+01
   6.8921390e+06   4.4512939e+01
   6.9431880e+06   4.5703125e+01
   6.9841040e+06   4.2370605e+01
   6.9841570e+06   1.7567139e+02
   7.0122410e+06   4.7131348e+01
   7.0268640e+06   4.7845459e+01
   7.0287290e+06   4.2132568e+01
   7.0289790e+06   1.7733765e+02
   7.0290050e+06   4.1894531e+01
   7.0291970e+06   4.1180420e+01
   7.0292680e+06   4.3084717e+01
   7.0293230e+06   4.1180420e+01
   7.0293560e+06   5.0463867e+01
   7.0293720e+06   4.6179199e+01
   7.0294120e+06   1.6376953e+02
   7.0294300e+06   4.5465088e+01
   7.0294580e+06   1.0235596e+02
   7.0622560e+06   4.3560791e+01
   7.0622810e+06   5.6890869e+01
   7.0623350e+06   1.9233398e+02
   7.0623480e+06   4.7845459e+01
   7.0623730e+06   8.2836914e+01
   7.0623980e+06   4.9035645e+01
   7.0624150e+06   5.1416016e+01
   7.0624350e+06   4.9511719e+01
   7.0624680e+06   4.2370605e+01
   7.0630430e+06   5.1416016e+01
   7.0631510e+06   4.4750977e+01
   7.0633440e+06   9.8785400e+01
   7.0951510e+06   4.9273682e+01
   7.0951710e+06   4.3798828e+01
   7.0951920e+06   4.7369385e+01
   7.0952220e+06   1.6662598e+02
   7.0952330e+06   6.1651611e+01
   7.0952510e+06   4.1656494e+01
   7.0952690e+06   9.6643066e+01
   7.0952910e+06   7.6885986e+01
   7.0953060e+06   4.1418457e+01
   7.0953520e+06   4.1894531e+01
   7.0958840e+06   8.2836914e+01
   7.0960700e+06   9.3310547e+01
   7.0963310e+06   4.5703125e+01
   7.1150770e+06   4.5227051e+01
   7.1150930e+06   5.5462646e+01
   7.1151270e+06   4.9035645e+01
   7.1151380e+06   8.3551025e+01
   7.1151710e+06   5.5700684e+01
   7.1151930e+06   5.9271240e+01
   7.1152210e+06   7.1173096e+01
   7.1158430e+06   4.2608643e+01
   7.1158870e+06   7.4981689e+01
   7.1161380e+06   9.5690918e+01
   7.1335030e+06   1.4067993e+02
   7.1335170e+06   5.5938721e+01
   7.1335390e+06   4.6893311e+01
   7.1335700e+06   4.9273682e+01
   7.1335830e+06   7.8076172e+01
   7.1336150e+06   6.8554688e+01
   7.1336950e+06   4.4274902e+01
   7.1337120e+06   4.2608643e+01
   7.1342240e+06   9.9737549e+01
   7.1343710e+06   9.6643066e+01
   7.1518490e+06   5.4986572e+01
   7.1518790e+06   1.8995361e+02
   7.1518970e+06   4.2370605e+01
   7.1519250e+06   1.0521240e+02
   7.1519390e+06   5.3558350e+01
   7.1519560e+06   4.1656494e+01
   7.1519730e+06   5.4748535e+01
   7.1520130e+06   6.3793945e+01
   7.1520850e+06   4.7607422e+01
   7.1524760e+06   4.2608643e+01
   7.1525840e+06   7.1887207e+01
   7.1665810e+06   5.2368164e+01
   7.1665970e+06   7.1173096e+01
   7.1666230e+06   4.4989014e+01
   7.1666390e+06   1.4948730e+02
   7.1666500e+06   5.0701904e+01
   7.1666730e+06   4.9273682e+01
   7.1667030e+06   1.0902100e+02
   7.1667140e+06   4.4274902e+01
   7.1667480e+06   5.5938721e+01
   7.1667930e+06   4.1418457e+01
   7.1829080e+06   4.6893311e+01
   7.1829270e+06   5.2130127e+01
   7.1829490e+06   4.9749756e+01
   7.1829640e+06   1.5662842e+02
   7.1829780e+06   5.4986572e+01
   7.1830240e+06   1.1425781e+02
   7.1830490e+06   4.3560791e+01
   7.1830720e+06   6.9982910e+01
   7.1831110e+06   4.5941162e+01
   7.1832970e+06   4.2608643e+01
   7.1998840e+06   4.2370605e+01
   7.1999580e+06   4.7845459e+01
   7.1999700e+06   6.5460205e+01
   7.1999970e+06   1.5781860e+02
   7.2000120e+06   4.9273682e+01
   7.2000430e+06   1.1021118e+02
   7.2000940e+06   6.7840576e+01
   7.2001340e+06   5.0463867e+01
   7.2001480e+06   4.6655273e+01
   7.2002190e+06   4.5227051e+01
   7.2005420e+06   1.0092773e+02
   7.2170740e+06   4.8559570e+01
   7.2170980e+06   4.9035645e+01
   7.2171110e+06   1.8043213e+02
   7.2171470e+06   5.5224609e+01
   7.2171570e+06   5.6890869e+01
   7.2171690e+06   1.1568604e+02
   7.2172110e+06   7.0935059e+01
   7.2172260e+06   4.4989014e+01
   7.2172610e+06   4.9749756e+01
   7.2173970e+06   5.8795166e+01
   7.2177060e+06   8.2836914e+01
   7.2297060e+06   5.0701904e+01
   7.2297330e+06   4.3560791e+01
   7.2297590e+06   4.7369385e+01
   7.2297930e+06   5.2606201e+01
   7.2298090e+06   1.3758545e+02
   7.2298350e+06   4.5227051e+01
   7.2298660e+06   9.1644287e+01
   7.2298760e+06   4.9987793e+01
   7.2299310e+06   6.2841797e+01
   7.2300030e+06   4.6179199e+01
   7.2301110e+06   4.7845459e+01
   7.2443930e+06   4.1418457e+01
   7.2444310e+06   4.4989014e+01
   7.2444720e+06   4.9273682e+01
   7.2444940e+06   1.0521240e+02
   7.2445050e+06   4.8083496e+01
   7.2445430e+06   7.1649170e+01
   7.2445810e+06   4.3560791e+01
   7.2446000e+06   6.0461426e+01
   7.2446520e+06   4.1894531e+01
   7.2448550e+06   4.3084717e+01
   7.2603550e+06   4.9511719e+01
   7.2604080e+06   1.5353394e+02
   7.2604290e+06   4.2846680e+01
   7.2604490e+06   4.3322754e+01
   7.2604720e+06   1.1616211e+02
   7.2604990e+06   4.4989014e+01
   7.2605190e+06   4.2370605e+01
   7.2605540e+06   4.2132568e+01
   7.2605800e+06   5.6176758e+01
   7.2610760e+06   1.0592651e+02
   7.2751650e+06   1.5924683e+02
   7.2751800e+06   4.7369385e+01
   7.2751970e+06   5.2606201e+01
   7.2752160e+06   4.3560791e+01
   7.2752840e+06   8.9978027e+01
   7.2753070e+06   4.9511719e+01
   7.2753480e+06   5.5700684e+01
   7.2754110e+06   4.4750977e+01
   7.2905910e+06   1.8043213e+02
   7.2906390e+06   1.5710449e+02
   7.2906610e+06   4.9511719e+01
   7.2906800e+06   4.8321533e+01
   7.2907110e+06   1.0878296e+02
   7.2907300e+06   4.2132568e+01
   7.2907720e+06   7.0458984e+01
   7.2907990e+06   4.1894531e+01
   7.2908300e+06   4.4512939e+01
   7.3035050e+06   4.4036865e+01
   7.3036070e+06   1.3425293e+02
   7.3036240e+06   4.5941162e+01
   7.3036650e+06   4.5703125e+01
   7.3036930e+06   1.2092285e+02
   7.3037110e+06   5.1654053e+01
   7.3037430e+06   4.3798828e+01
   7.3037660e+06   6.9744873e+01
   7.3037970e+06   4.4989014e+01
   7.3038580e+06   4.2846680e+01
   7.3038860e+06   4.4274902e+01
   7.3173920e+06   5.7604980e+01
   7.3174500e+06   5.6652832e+01
   7.3174640e+06   1.9066772e+02
   7.3174760e+06   4.8559570e+01
   7.3175070e+06   4.5465088e+01
   7.3175400e+06   1.1306763e+02
   7.3175590e+06   5.8319092e+01
   7.3175960e+06   6.3555908e+01
   7.3176290e+06   5.9985352e+01
   7.3176440e+06   4.3322754e+01
   7.3177640e+06   5.3082275e+01
   7.3179550e+06   8.1646729e+01
   7.3295870e+06   4.4512939e+01
   7.3296230e+06   4.6655273e+01
   7.3296640e+06   1.5186768e+02
   7.3296800e+06   5.7128906e+01
   7.3297260e+06   4.4750977e+01
   7.3297570e+06   1.4329834e+02
   7.3298160e+06   7.9028320e+01
   7.3298300e+06   4.8559570e+01
   7.3298710e+06   5.6890869e+01
   7.3299300e+06   4.5941162e+01
   7.3447920e+06   4.4512939e+01
   7.3448470e+06   1.7329102e+02
   7.3448580e+06   5.2130127e+01
   7.3449070e+06   1.1211548e+02
   7.3449410e+06   4.2846680e+01
   7.3449620e+06   7.6409912e+01
   7.3449960e+06   5.0939941e+01
   7.3450180e+06   4.7369385e+01
   7.3453680e+06   9.3548584e+01
   7.3457680e+06   4.1656494e+01
   7.3575340e+06   5.8795166e+01
   7.3575520e+06   4.8559570e+01
   7.3575940e+06   1.7947998e+02
   7.3576100e+06   6.5460205e+01
   7.3576210e+06   4.1894531e+01
   7.3576630e+06   1.3591919e+02
   7.3576840e+06   4.8797607e+01
   7.3577460e+06   8.7121582e+01
   7.3577860e+06   4.2370605e+01
   7.3578150e+06   4.9273682e+01
   7.3719710e+06   4.8083496e+01
   7.3720000e+06   4.7607422e+01
   7.3720470e+06   1.6091309e+02
   7.3720720e+06   5.8319092e+01
   7.3721120e+06   4.1656494e+01
   7.3721510e+06   4.5227051e+01
   7.3721820e+06   5.6414795e+01
   7.3722430e+06   5.7604980e+01
   7.3725590e+06   4.1418457e+01
   7.3727460e+06   4.8321533e+01
   7.3877650e+06   4.4512939e+01
   7.3877980e+06   4.4512939e+01
   7.3878120e+06   1.5329590e+02
   7.3878760e+06   1.0378418e+02
   7.3878900e+06   4.7369385e+01
   7.3879330e+06   1.0568848e+02
   7.3879920e+06   4.4036865e+01
   7.3880540e+06   4.3084717e+01
   7.3880720e+06   5.2368164e+01
   7.3882050e+06   4.2608643e+01
   7.4015360e+06   6.5698242e+01
   7.4015670e+06   4.7369385e+01
   7.4015780e+06   5.4272461e+01
   7.4015880e+06   5.4272461e+01
   7.4016190e+06   4.9749756e+01
   7.4016420e+06   1.3115845e+02
   7.4016590e+06   5.0463867e+01
   7.4016990e+06   7.5457764e+01
   7.4017470e+06   4.3322754e+01
   7.4017920e+06   7.4029541e+01
   7.4019720e+06   7.1173096e+01
   7.4021090e+06   8.8549805e+01
   7.4161910e+06   4.3560791e+01
   7.4162210e+06   7.8790283e+01
   7.4162550e+06   5.6890869e+01
   7.4162700e+06   7.4267578e+01
   7.4163280e+06   1.0545044e+02
   7.4163570e+06   4.2132568e+01
   7.4163700e+06   5.5462646e+01
   7.4163940e+06   9.2120361e+01
   7.4164120e+06   4.3798828e+01
   7.4164650e+06   4.1180420e+01
   7.4164790e+06   4.5465088e+01
   7.4166770e+06   4.8559570e+01
   7.4297470e+06   4.9987793e+01
   7.4297600e+06   4.8797607e+01
   7.4298010e+06   1.3353882e+02
   7.4298110e+06   4.3084717e+01
   7.4298570e+06   6.6650391e+01
   7.4298890e+06   1.2592163e+02
   7.4299030e+06   5.2606201e+01
   7.4299290e+06   4.9987793e+01
   7.4299520e+06   8.5217285e+01
   7.4299950e+06   4.4512939e+01
   7.4300200e+06   6.1889648e+01
   7.4301030e+06   5.3796387e+01
   7.4430750e+06   4.3560791e+01
   7.4431140e+06   4.1894531e+01
   7.4431450e+06   4.4989014e+01
   7.4431720e+06   1.4663086e+02
   7.4431940e+06   4.3322754e+01
   7.4432090e+06   4.4750977e+01
   7.4432440e+06   4.8559570e+01
   7.4432720e+06   1.1759033e+02
   7.4433520e+06   7.6171875e+01
   7.4435630e+06   7.6647949e+01
   7.4554850e+06   5.1892090e+01
   7.4555430e+06   1.7876587e+02
   7.4555640e+06   6.0937500e+01
   7.4556110e+06   4.5465088e+01
   7.4556260e+06   4.4036865e+01
   7.4556620e+06   1.3972778e+02
   7.4556790e+06   4.4036865e+01
   7.4556960e+06   4.9987793e+01
   7.4557240e+06   8.1170654e+01
   7.4558010e+06   6.8316650e+01
   7.4559180e+06   7.5933838e+01
   7.4761030e+06   4.3322754e+01
   7.4761510e+06   4.2132568e+01
   7.4761760e+06   4.9749756e+01
   7.4762060e+06   1.4258423e+02
   7.4762590e+06   4.9987793e+01
   7.4762780e+06   1.1187744e+02
   7.4762890e+06   4.5941162e+01
   7.4763360e+06   7.1887207e+01
   7.4763480e+06   6.3317871e+01
   7.4763840e+06   4.3798828e+01
   7.4764170e+06   5.4034424e+01
   7.4764270e+06   4.3798828e+01
   7.4764770e+06   4.4989014e+01
   7.4895150e+06   5.3320313e+01
   7.4895350e+06   4.1656494e+01
   7.4895620e+06   4.4989014e+01
   7.4896000e+06   4.9749756e+01
   7.4896190e+06   4.3322754e+01
   7.4896730e+06   5.0463867e+01
   7.4897220e+06   1.3687134e+02
   7.4898460e+06   7.5219727e+01
   7.4899400e+06   7.4743652e+01
   7.5021840e+06   4.3798828e+01
   7.5022110e+06   4.2608643e+01
   7.5022640e+06   4.5941162e+01
   7.5022960e+06   1.5162964e+02
   7.5023500e+06   4.7607422e+01
   7.5024000e+06   6.9982910e+01
   7.5024640e+06   1.6710205e+02
   7.5025210e+06   5.0225830e+01
   7.5026090e+06   1.3020630e+02
   7.5140460e+06   4.6893311e+01
   7.5141260e+06   4.8083496e+01
   7.5141580e+06   4.3322754e+01
   7.5142240e+06   4.2132568e+01
   7.5142620e+06   4.3084717e+01
   7.5143550e+06   1.5020142e+02
   7.5146040e+06   1.4044189e+02
   7.5321370e+06   4.2132568e+01
   7.5321570e+06   4.7607422e+01
   7.5321890e+06   4.4750977e+01
   7.5322300e+06   4.6655273e+01
   7.5322430e+06   4.2132568e+01
   7.5322830e+06   4.2132568e+01
   7.5323180e+06   4.3798828e+01
   7.5323670e+06   1.5115356e+02
   7.5323960e+06   4.5941162e+01
   7.5324590e+06   5.2844238e+01
   7.5324700e+06   1.2306519e+02
   7.5458180e+06   4.3084717e+01
   7.5458770e+06   4.1894531e+01
   7.5459200e+06   4.3560791e+01
   7.5460090e+06   4.1180420e+01
   7.5461990e+06   4.1656494e+01
   7.5462270e+06   4.3322754e+01
   7.5653270e+06   4.5465088e+01
   7.5654760e+06   4.7607422e+01
   7.5655140e+06   4.3084717e+01
   7.5655250e+06   4.6893311e+01
   7.5655900e+06   4.4036865e+01
   7.5656500e+06   4.9035645e+01
   7.5831920e+06   4.3322754e+01
   7.5836980e+06   4.3322754e+01
   7.5927200e+06   4.9749756e+01
   7.6017950e+06   4.5703125e+01
   7.6147180e+06   5.9509277e+01
   7.6149120e+06   4.1418457e+01
   7.6305890e+06   4.1180420e+01
   7.6634150e+06   4.3084717e+01
   7.6636250e+06   4.7131348e+01
   7.6795880e+06   4.4274902e+01
   7.7120640e+06   4.4274902e+01
   7.7241350e+06   4.3084717e+01
   7.7761240e+06   4.2846680e+01
   7.7819810e+06   4.4274902e+01
   7.7997560e+06   4.2370605e+01
   7.8123170e+06   4.1894531e+01
   7.8254390e+06   4.5941162e+01
   7.8502820e+06   4.1656494e+01
   7.8895220e+06   4.2370605e+01
   7.8898320e+06   4.1180420e+01
   7.9027530e+06   4.6417236e+01
   7.9029410e+06   5.1892090e+01
   7.9097230e+06   4.1656494e+01
   7.9471540e+06   5.3082275e+01
   7.9474730e+06   4.2846680e+01
   7.9547740e+06   4.2370605e+01
   7.9549850e+06   4.2370605e+01
   7.9724120e+06   4.3798828e+01
   8.0202960e+06   4.1180420e+01
   8.0204310e+06   4.3322754e+01
   8.0278960e+06   4.2132568e+01
   8.0288790e+06   4.1894531e+01
   8.0448530e+06   4.3798828e+01
   8.0532090e+06   4.3798828e+01
   8.0617280e+06   4.3798828e+01
   8.0620110e+06   4.5465088e+01
   8.0764850e+06   4.1656494e+01
   8.1009690e+06   4.3322754e+01
   8.1186560e+06   4.6179199e+01
   8.1189170e+06   4.2846680e+01
   8.1380100e+06   4.4989014e+01
   8.1469400e+06   4.5941162e+01
   8.1758080e+06   4.1656494e+01
   8.2216810e+06   4.4036865e+01
   8.2326650e+06   4.2608643e+01
   8.2438060e+06   4.4512939e+01
   8.3061210e+06   4.1656494e+01
   8.3339410e+06   4.2132568e+01
   8.3342230e+06   4.2370605e+01
   8.4047030e+06   5.5700684e+01
   8.4047400e+06   4.1894531e+01
   8.4587620e+06   1.6853027e+02
   8.4588090e+06   9.7595215e+01
   8.5279980e+06   4.2370605e+01
   8.5717940e+06   1.6400757e+02
   8.5726590e+06   4.3560791e+01
   8.5726930e+06   4.4512939e+01
   8.5727040e+06   6.0937500e+01
   8.5728230e+06   4.7369385e+01
   8.5728450e+06   4.9511719e+01
   8.5728580e+06   1.6043701e+02
   8.5728850e+06   5.1177979e+01
   8.5729140e+06   1.0687866e+02
   8.5729530e+06   5.0939941e+01
   8.5735220e+06   6.2603760e+01
   8.6197420e+06   4.1180420e+01
   8.6464690e+06   4.3560791e+01
   8.6775270e+06   4.7845459e+01
   8.6776560e+06   4.4512939e+01
   8.6776820e+06   4.7369385e+01
   8.6777300e+06   4.6179199e+01
   8.6777860e+06   4.1418457e+01
   8.6778150e+06   4.7845459e+01
   8.6778770e+06   4.4989014e+01
   8.6778900e+06   1.6781616e+02
   8.6779060e+06   5.2368164e+01
   8.6779340e+06   8.1646729e+01
   8.6779500e+06   5.2844238e+01
   8.6931070e+06   5.1654053e+01
   8.6931260e+06   4.9273682e+01
   8.6931520e+06   4.3084717e+01
   8.6931700e+06   5.2130127e+01
   8.6931980e+06   1.4663086e+02
   8.6932240e+06   5.6414795e+01
   8.6932490e+06   8.9978027e+01
   8.6932720e+06   5.8795166e+01
   8.6932950e+06   5.2606201e+01
   8.6937570e+06   4.1180420e+01
   8.6938230e+06   6.6412354e+01
   8.6939580e+06   6.5936279e+01
   8.7068900e+06   5.6414795e+01
   8.7069510e+06   1.3806152e+02
   8.7069660e+06   5.6414795e+01
   8.7069830e+06   4.4989014e+01
   8.7069960e+06   1.1116333e+02
   8.7070370e+06   4.8797607e+01
   8.7070890e+06   4.7607422e+01
   8.7076180e+06   8.3074951e+01
   8.7255640e+06   5.1416016e+01
   8.7255860e+06   4.7607422e+01
   8.7256010e+06   5.6890869e+01
   8.7256340e+06   1.4829712e+02
   8.7256650e+06   6.7126465e+01
   8.7256850e+06   1.1378174e+02
   8.7257010e+06   5.7128906e+01
   8.7257300e+06   7.8314209e+01
   8.7257540e+06   4.5227051e+01
   8.7392180e+06   4.6417236e+01
   8.7392410e+06   4.4036865e+01
   8.7392660e+06   4.8797607e+01
   8.7392780e+06   2.0137939e+02
   8.7393090e+06   5.6414795e+01
   8.7393290e+06   4.5465088e+01
   8.7393440e+06   1.1901855e+02
   8.7393670e+06   4.2370605e+01
   8.7393880e+06   7.5695801e+01
   8.7394060e+06   5.1892090e+01
   8.7394760e+06   4.4274902e+01
   8.7395390e+06   4.3322754e+01
   8.7395610e+06   4.6893311e+01
   8.7548230e+06   5.0463867e+01
   8.7548360e+06   5.8557129e+01
   8.7548600e+06   6.9982910e+01
   8.7548850e+06   1.7352905e+02
   8.7549160e+06   5.1892090e+01
   8.7549440e+06   1.2044678e+02
   8.7549570e+06   4.5941162e+01
   8.7549820e+06   4.9035645e+01
   8.7550100e+06   4.2608643e+01
   8.7550380e+06   6.8078613e+01
   8.7550950e+06   6.5698242e+01
   8.7551250e+06   4.1656494e+01
   8.7692130e+06   4.3084717e+01
   8.7692470e+06   4.2370605e+01
   8.7692880e+06   5.5224609e+01
   8.7693070e+06   4.7131348e+01
   8.7693270e+06   1.5067749e+02
   8.7693820e+06   4.1656494e+01
   8.7693920e+06   1.3520508e+02
   8.7694390e+06   7.3077393e+01
   8.7694920e+06   7.1887207e+01
   8.7828530e+06   4.5941162e+01
   8.7828680e+06   4.6179199e+01
   8.7829230e+06   1.7162476e+02
   8.7829520e+06   4.2608643e+01
   8.7829620e+06   4.3798828e+01
   8.7829840e+06   1.1211548e+02
   8.7830000e+06   4.4750977e+01
   8.7830320e+06   7.7600098e+01
   8.7830820e+06   4.2846680e+01
   8.7831540e+06   4.2608643e+01
   8.7832220e+06   4.5227051e+01
   8.7833110e+06   6.7126465e+01
   8.7968740e+06   4.4750977e+01
   8.7969360e+06   4.3084717e+01
   8.7969760e+06   1.7614746e+02
   8.7970010e+06   5.7366943e+01
   8.7970190e+06   5.0225830e+01
   8.7970440e+06   1.3044434e+02
   8.7970900e+06   4.7607422e+01
   8.7971030e+06   5.6890869e+01
   8.7971230e+06   4.6179199e+01
   8.7971780e+06   6.7364502e+01
   8.7973030e+06   4.2370605e+01
   8.7973170e+06   4.2608643e+01
   8.8094720e+06   4.6417236e+01
   8.8094980e+06   4.3798828e+01
   8.8095770e+06   4.2846680e+01
   8.8095970e+06   1.4782104e+02
   8.8096170e+06   5.3320313e+01
   8.8096640e+06   1.0592651e+02
   8.8096770e+06   4.1418457e+01
   8.8097470e+06   9.7833252e+01
   8.8098000e+06   4.1418457e+01
   8.8098440e+06   4.2370605e+01
   8.8098930e+06   5.0701904e+01
   8.8226320e+06   4.4512939e+01
   8.8226730e+06   4.2370605e+01
   8.8227220e+06   5.1892090e+01
   8.8227390e+06   5.3558350e+01
   8.8227580e+06   1.5281982e+02
   8.8227730e+06   5.1177979e+01
   8.8228340e+06   1.1711426e+02
   8.8228570e+06   4.4036865e+01
   8.8228940e+06   4.8797607e+01
   8.8229040e+06   8.7121582e+01
   8.8229730e+06   6.6650391e+01
   8.8230940e+06   8.3789062e+01
   8.8367640e+06   5.4034424e+01
   8.8367960e+06   4.1656494e+01
   8.8368130e+06   5.9033203e+01
   8.8368320e+06   4.6179199e+01
   8.8368500e+06   1.4448853e+02
   8.8368660e+06   4.3798828e+01
   8.8368920e+06   4.7369385e+01
   8.8369230e+06   8.8787842e+01
   8.8369870e+06   8.2360840e+01
   8.8370450e+06   5.5462646e+01
   8.8371100e+06   4.2608643e+01
   8.8502020e+06   5.5700684e+01
   8.8502130e+06   4.3084717e+01
   8.8502380e+06   4.9749756e+01
   8.8502690e+06   4.1418457e+01
   8.8502860e+06   5.1892090e+01
   8.8503210e+06   4.5703125e+01
   8.8503450e+06   1.4377441e+02
   8.8503730e+06   4.1180420e+01
   8.8504050e+06   1.0021362e+02
   8.8504210e+06   4.7845459e+01
   8.8504460e+06   4.1656494e+01
   8.8504700e+06   6.1413574e+01
   8.8505390e+06   4.3322754e+01
   8.8506130e+06   6.3793945e+01
   8.8626520e+06   4.8559570e+01
   8.8627180e+06   4.7131348e+01
   8.8627290e+06   4.1418457e+01
   8.8627740e+06   4.9511719e+01
   8.8628010e+06   1.1187744e+02
   8.8628130e+06   4.4750977e+01
   8.8628730e+06   9.2596436e+01
   8.8629350e+06   7.2125244e+01
   8.8629950e+06   4.4512939e+01
   8.8630160e+06   6.2841797e+01
   8.8630500e+06   4.6417236e+01
   8.8756850e+06   4.6417236e+01
   8.8757020e+06   4.8797607e+01
   8.8757670e+06   5.3796387e+01
   8.8758040e+06   4.2132568e+01
   8.8758180e+06   7.4267578e+01
   8.8758480e+06   1.4282227e+02
   8.8758780e+06   4.6655273e+01
   8.8759120e+06   1.1211548e+02
   8.8759410e+06   4.4274902e+01
   8.8759760e+06   8.7597656e+01
   8.8760500e+06   4.1656494e+01
   8.8760620e+06   8.7121582e+01
   8.8962350e+06   4.4989014e+01
   8.8962950e+06   4.2132568e+01
   8.8963290e+06   5.1416016e+01
   8.8963640e+06   5.1416016e+01
   8.8963870e+06   4.3560791e+01
   8.8964060e+06   1.7448120e+02
   8.8964250e+06   4.2608643e+01
   8.8964470e+06   4.7845459e+01
   8.8964750e+06   1.2639771e+02
   8.8964850e+06   5.5700684e+01
   8.8965240e+06   7.7838135e+01
   8.8965890e+06   7.5933838e+01
   8.8967250e+06   4.6893311e+01
   8.9096800e+06   4.9749756e+01
   8.9096970e+06   4.2132568e+01
   8.9097280e+06   4.5465088e+01
   8.9097460e+06   1.6591187e+02
   8.9097740e+06   4.2846680e+01
   8.9098060e+06   4.2132568e+01
   8.9098160e+06   1.1044922e+02
   8.9098490e+06   5.0701904e+01
   8.9098790e+06   8.2836914e+01
   8.9099650e+06   6.5460205e+01
   8.9100650e+06   5.9271240e+01
   8.9101240e+06   4.1894531e+01
   8.9226150e+06   5.6890869e+01
   8.9226410e+06   4.3084717e+01
   8.9226520e+06   5.0225830e+01
   8.9226780e+06   4.3084717e+01
   8.9227210e+06   4.2608643e+01
   8.9227320e+06   4.8321533e+01
   8.9227670e+06   5.5700684e+01
   8.9227880e+06   4.8083496e+01
   8.9228000e+06   1.1901855e+02
   8.9228430e+06   4.7131348e+01
   8.9228680e+06   7.8552246e+01
   8.9229710e+06   5.8795166e+01
   8.9231000e+06   8.1408691e+01
   8.9338250e+06   5.4748535e+01
   8.9338360e+06   4.8559570e+01
   8.9338790e+06   5.7128906e+01
   8.9339270e+06   1.7805176e+02
   8.9339730e+06   4.6655273e+01
   8.9340150e+06   1.1949463e+02
   8.9340250e+06   4.1656494e+01
   8.9341310e+06   9.4024658e+01
   8.9341680e+06   4.1418457e+01
   8.9343160e+06   1.0449829e+02
   8.9439590e+06   4.2132568e+01
   8.9440310e+06   4.4512939e+01
   8.9440670e+06   4.9273682e+01
   8.9440970e+06   6.2365723e+01
   8.9441460e+06   1.5186768e+02
   8.9442270e+06   4.5703125e+01
   8.9444150e+06   1.3330078e+02
   8.9523040e+06   5.0463867e+01
   8.9524530e+06   4.3322754e+01
   8.9524910e+06   4.2370605e+01
   8.9526400e+06   4.3798828e+01
   8.9528500e+06   4.2846680e+01
   8.9612090e+06   5.2606201e+01
   8.9612350e+06   1.5924683e+02
   8.9613260e+06   1.2425537e+02
   8.9613430e+06   4.2608643e+01
   8.9615470e+06   1.3092041e+02
   8.9754790e+06   4.3560791e+01
   8.9755360e+06   4.4750977e+01
   8.9756260e+06   4.1180420e+01
   8.9756400e+06   4.3798828e+01
   8.9756930e+06   1.6614990e+02
   8.9757080e+06   5.5224609e+01
   8.9757810e+06   1.1973267e+02
   8.9759140e+06   1.2949219e+02
   8.9844630e+06   4.1656494e+01
   8.9846830e+06   4.2370605e+01
   8.9925380e+06   4.6179199e+01
   8.9926630e+06   4.6655273e+01
   8.9927130e+06   4.2132568e+01
   8.9928730e+06   4.2132568e+01
   9.0055490e+06   4.6179199e+01
   9.0216380e+06   4.2370605e+01
   9.0377510e+06   4.5703125e+01
   9.0462400e+06   4.4036865e+01
   9.0464850e+06   4.7369385e+01
   9.0527940e+06   4.3084717e+01
   9.0528840e+06   4.1180420e+01
   9.0681420e+06   4.1418457e+01
   9.0742570e+06   4.1656494e+01
   9.0747360e+06   4.5465088e+01
   9.0839890e+06   4.1656494e+01
   9.0840770e+06   4.1180420e+01
   9.0842610e+06   4.1180420e+01
   9.0843200e+06   4.1656494e+01
   9.0968150e+06   4.1180420e+01
   9.0970480e+06   4.3322754e+01
   9.1039970e+06   4.6417236e+01
   9.1109380e+06   4.3084717e+01
   9.1177140e+06   4.4989014e+01
   9.1246620e+06   1.7376709e+02
   9.1389070e+06   4.1656494e+01
   9.1395340e+06   4.1418457e+01
   9.1467780e+06   4.1180420e+01
   9.1620590e+06   4.3322754e+01
   9.1623200e+06   1.5329590e+02
   9.1625580e+06   4.1894531e+01
   9.1706170e+06   1.3520508e+02
   9.1789510e+06   4.3798828e+01
   9.1792420e+06   4.3798828e+01
   9.1855200e+06   4.4989014e+01
   9.2021000e+06   1.5448608e+02
   9.2023400e+06   4.5227051e+01
   9.2178090e+06   1.7424316e+02
   9.2295060e+06   4.1180420e+01
   9.2641330e+06   4.1180420e+01
   9.2725000e+06   4.9273682e+01
   9.2726390e+06   1.4163208e+02
   9.2733680e+06   4.3084717e+01
   9.2797140e+06   4.1656494e+01
   9.3562520e+06   4.5941162e+01
   9.4075800e+06   4.1894531e+01
   9.4155850e+06   4.4274902e+01
   9.5318790e+06   4.7369385e+01
   9.5435410e+06   4.4274902e+01
   9.5698070e+06   4.2846680e+01
   9.5819530e+06   4.5465088e+01
   9.6184710e+06   4.7607422e+01
   9.6321820e+06   4.9511719e+01
   9.6323940e+06   4.3560791e+01
   9.6461620e+06   4.1894531e+01
   9.6462090e+06   4.1656494e+01
   9.6877980e+06   4.7607422e+01
   9.6882420e+06   4.7131348e+01
   9.7153710e+06   4.2370605e+01
   9.7305550e+06   4.1656494e+01
   9.7307710e+06   4.1894531e+01
   9.7439240e+06   4.3798828e+01
   9.7444080e+06   5.2368164e+01
   9.7551800e+06   4.2370605e+01
   9.7552470e+06   5.0701904e+01
   9.7553730e+06   4.2846680e+01
   9.7559830e+06   4.1656494e+01
   9.7805870e+06   4.9749756e+01
   9.7947200e+06   4.3798828e+01
   9.7950220e+06   5.1177979e+01
   9.7951430e+06   4.1894531e+01
   9.7953280e+06   4.4274902e+01
   9.7953840e+06   4.4989014e+01
   9.7954260e+06   4.4989014e+01
   9.7956520e+06   4.3798828e+01
   9.8101390e+06   4.3798828e+01
   9.8392520e+06   4.3322754e+01
   9.8393220e+06   4.1894531e+01
   9.8395270e+06   4.4274902e+01
   9.8399320e+06   4.1418457e+01
   9.8401240e+06   4.3322754e+01
   9.8616190e+06   4.7607422e+01
   9.8620190e+06   4.2370605e+01
   9.8623070e+06   4.1656494e+01
   9.8800120e+06   4.6655273e+01
   9.8990110e+06   4.7369385e+01
   9.9529440e+06   4.2132568e+01
   9.9543370e+06   4.1418457e+01
   1.0023561e+07   4.7369385e+01
   1.0107699e+07   4.1418457e+01
   1.0108392e+07   4.2132568e+01
   1.0169214e+07   4.3084717e+01
   1.0267235e+07   4.6655273e+01
   1.0291422e+07   4.4989014e+01
   1.0292688e+07   4.6893311e+01
   1.0292703e+07   5.2368164e+01
   1.0292762e+07   4.8797607e+01
   1.0292773e+07   5.1177979e+01
   1.0292810e+07   5.7843018e+01
   1.0292831e+07   5.3082275e+01
   1.0292850e+07   6.1889648e+01
   1.0292919e+07   1.6948242e+02
   1.0292964e+07   9.2120361e+01
   1.0293003e+07   5.9271240e+01
   1.0293038e+07   5.3082275e+01
   1.0293415e+07   4.5703125e+01
   1.0378970e+07   4.5941162e+01
   1.0379076e+07   4.2370605e+01
   1.0379107e+07   4.7845459e+01
   1.0379127e+07   6.3079834e+01
   1.0379143e+07   4.5941162e+01
   1.0379165e+07   1.4686890e+02
   1.0379187e+07   5.1892090e+01
   1.0379197e+07   4.9749756e+01
   1.0379209e+07   6.0937500e+01
   1.0379238e+07   7.2839355e+01
   1.0379272e+07   4.3322754e+01
   1.0379321e+07   4.1180420e+01
   1.0400363e+07   4.4036865e+01
   1.0400406e+07   4.2608643e+01
   1.0400431e+07   5.8319092e+01
   1.0400444e+07   4.6179199e+01
   1.0400476e+07   4.8321533e+01
   1.0400496e+07   1.8709717e+02
   1.0400515e+07   6.8792725e+01
   1.0400540e+07   9.8547363e+01
   1.0400562e+07   4.9035645e+01
   1.0400583e+07   7.3791504e+01
   1.0400709e+07   4.6417236e+01
   1.0422699e+07   4.1894531e+01
   1.0422717e+07   5.8081055e+01
   1.0422743e+07   6.1413574e+01
   1.0422766e+07   1.6257935e+02
   1.0422783e+07   4.5703125e+01
   1.0422810e+07   8.4979248e+01
   1.0422836e+07   5.1177979e+01
   1.0422852e+07   6.5936279e+01
   1.0422891e+07   4.1656494e+01
   1.0423425e+07   5.6890869e+01
   1.0444012e+07   5.2368164e+01
   1.0444049e+07   4.2370605e+01
   1.0444079e+07   1.7543335e+02
   1.0444103e+07   5.4986572e+01
   1.0444130e+07   1.2330322e+02
   1.0444156e+07   7.3553467e+01
   1.0444169e+07   5.2606201e+01
   1.0444185e+07   4.7607422e+01
   1.0461583e+07   5.0463867e+01
   1.0461625e+07   4.7131348e+01
   1.0461650e+07   6.2365723e+01
   1.0461677e+07   1.0140381e+02
   1.0461693e+07   4.3322754e+01
   1.0461727e+07   7.7600098e+01
   1.0461778e+07   4.5703125e+01
   1.0462180e+07   6.6650391e+01
   1.0462339e+07   9.1406250e+01
   1.0478405e+07   4.7845459e+01
   1.0478417e+07   5.8319092e+01
   1.0478428e+07   6.1651611e+01
   1.0478463e+07   4.1180420e+01
   1.0478480e+07   1.8566895e+02
   1.0478544e+07   1.0235596e+02
   1.0478561e+07   5.2606201e+01
   1.0478594e+07   7.5219727e+01
   1.0478607e+07   4.9511719e+01
   1.0478638e+07   4.7131348e+01
   1.0478712e+07   4.4512939e+01
   1.0478946e+07   4.2608643e+01
   1.0495264e+07   5.8795166e+01
   1.0495298e+07   5.1416016e+01
   1.0495317e+07   4.7607422e+01
   1.0495345e+07   4.8321533e+01
   1.0495383e+07   1.0426025e+02
   1.0495414e+07   6.0223389e+01
   1.0495427e+07   6.3317871e+01
   1.0495470e+07   4.7369385e+01
   1.0495485e+07   5.6414795e+01
   1.0495557e+07   4.3322754e+01
   1.0495592e+07   4.5227051e+01
   1.0495851e+07   8.2598877e+01
   1.0512911e+07   4.3798828e+01
   1.0512954e+07   4.2370605e+01
   1.0512967e+07   1.4329834e+02
   1.0512987e+07   8.2122803e+01
   1.0513010e+07   4.2846680e+01
   1.0513033e+07   9.8785400e+01
   1.0513048e+07   4.9273682e+01
   1.0513070e+07   4.7131348e+01
   1.0513085e+07   5.5462646e+01
   1.0513107e+07   4.4036865e+01
   1.0513185e+07   4.4274902e+01
   1.0513443e+07   4.6179199e+01
   1.0513604e+07   1.0283203e+02
   1.0529362e+07   4.1418457e+01
   1.0529387e+07   4.3084717e+01
   1.0529408e+07   5.0939941e+01
   1.0529443e+07   5.4272461e+01
   1.0529454e+07   6.5222168e+01
   1.0529484e+07   1.9400024e+02
   1.0529547e+07   4.4750977e+01
   1.0529565e+07   4.3322754e+01
   1.0529604e+07   5.9747314e+01
   1.0529633e+07   4.2132568e+01
   1.0529725e+07   4.6893311e+01
   1.0529797e+07   4.5703125e+01
   1.0545744e+07   6.3317871e+01
   1.0545814e+07   4.2608643e+01
   1.0545857e+07   5.5462646e+01
   1.0545883e+07   4.5703125e+01
   1.0545900e+07   1.0378418e+02
   1.0545921e+07   4.7845459e+01
   1.0545947e+07   4.3084717e+01
   1.0545965e+07   7.3077393e+01
   1.0546026e+07   5.8319092e+01
   1.0546093e+07   4.5941162e+01
   1.0561331e+07   4.7845459e+01
   1.0561371e+07   4.2846680e+01
   1.0561433e+07   1.5472412e+02
   1.0561444e+07   4.6893311e+01
   1.0561479e+07   4.7845459e+01
   1.0561510e+07   4.4989014e+01
   1.0561544e+07   5.4986572e+01
   1.0561568e+07   6.6412354e+01
   1.0561580e+07   4.7845459e+01
   1.0561620e+07   5.6176758e+01
   1.0561636e+07   4.1656494e+01
   1.0561696e+07   4.6655273e+01
   1.0561800e+07   4.1180420e+01
   1.0577255e+07   4.4036865e+01
   1.0577551e+07   1.6876831e+02
   1.0577637e+07   4.4512939e+01
   1.0577655e+07   4.9511719e+01
   1.0577690e+07   4.5703125e+01
   1.0577751e+07   1.5567627e+02
   1.0577791e+07   4.2370605e+01
   1.0577852e+07   9.7119141e+01
   1.0577925e+07   5.9747314e+01
   1.0577996e+07   4.5227051e+01
   1.0592666e+07   4.5703125e+01
   1.0592792e+07   1.8376465e+02
   1.0592844e+07   5.1654053e+01
   1.0592878e+07   4.6179199e+01
   1.0592890e+07   4.4036865e+01
   1.0592923e+07   1.3806152e+02
   1.0592933e+07   4.5703125e+01
   1.0592988e+07   9.4738770e+01
   1.0593063e+07   6.6888428e+01
   1.0593078e+07   4.4512939e+01
   1.0593165e+07   4.1418457e+01
   1.0608476e+07   4.3798828e+01
   1.0608508e+07   4.1418457e+01
   1.0608528e+07   6.3079834e+01
   1.0608543e+07   1.8328857e+02
   1.0608580e+07   4.1656494e+01
   1.0608612e+07   1.1092529e+02
   1.0608641e+07   5.8319092e+01
   1.0608678e+07   9.5452881e+01
   1.0608710e+07   4.3560791e+01
   1.0608740e+07   6.3079834e+01
   1.0608756e+07   4.5227051e+01
   1.0608810e+07   4.1894531e+01
   1.0608932e+07   5.9271240e+01
   1.0608964e+07   4.2846680e+01
   1.0624839e+07   4.3798828e+01
   1.0624855e+07   5.4748535e+01
   1.0624897e+07   5.2368164e+01
   1.0624907e+07   1.7471924e+02
   1.0624953e+07   4.1180420e+01
   1.0624981e+07   1.2377930e+02
   1.0624992e+07   5.5224609e+01
   1.0625018e+07   4.5465088e+01
   1.0625042e+07   8.7121582e+01
   1.0625060e+07   4.6655273e+01
   1.0625092e+07   4.4274902e+01
   1.0625108e+07   6.4031982e+01
   1.0625155e+07   4.4750977e+01
   1.0641030e+07   4.3560791e+01
   1.0641051e+07   4.3084717e+01
   1.0641076e+07   4.8559570e+01
   1.0641092e+07   4.7845459e+01
   1.0641113e+07   1.2044678e+02
   1.0641128e+07   5.0463867e+01
   1.0641178e+07   1.1068726e+02
   1.0641232e+07   4.2132568e+01
   1.0641243e+07   7.3077393e+01
   1.0641300e+07   4.3560791e+01
   1.0641323e+07   5.5938721e+01
   1.0641342e+07   4.2132568e+01
   1.0641627e+07   9.5690918e+01
   1.0664440e+07   4.4989014e+01
   1.0664487e+07   4.7845459e+01
   1.0664499e+07   6.0699463e+01
   1.0664521e+07   1.4210815e+02
   1.0664564e+07   4.5703125e+01
   1.0664597e+07   1.2877808e+02
   1.0664637e+07   5.8319092e+01
   1.0664657e+07   5.3320312e+01
   1.0664671e+07   4.3798828e+01
   1.0664698e+07   5.5700684e+01
   1.0664721e+07   4.8797607e+01
   1.0664737e+07   5.7366943e+01
   1.0664788e+07   4.4036865e+01
   1.0664932e+07   4.2846680e+01
   1.0665246e+07   4.4512939e+01
   1.0689300e+07   6.9268799e+01
   1.0689340e+07   1.7352905e+02
   1.0689375e+07   5.6414795e+01
   1.0689438e+07   1.2544556e+02
   1.0689450e+07   4.2132568e+01
   1.0689489e+07   7.4981689e+01
   1.0689546e+07   6.3793945e+01
   1.0689943e+07   9.9737549e+01
   1.0705974e+07   5.1654053e+01
   1.0706022e+07   5.5224609e+01
   1.0706076e+07   4.3322754e+01
   1.0706108e+07   4.3798828e+01
   1.0706172e+07   4.4274902e+01
   1.0706191e+07   1.0211792e+02
   1.0706252e+07   4.1418457e+01
   1.0706318e+07   5.5938721e+01
   1.0706426e+07   4.8559570e+01
   1.0721594e+07   4.5227051e+01
   1.0721614e+07   4.2846680e+01
   1.0721682e+07   5.0939941e+01
   1.0721744e+07   4.4989014e+01
   1.0721792e+07   1.3187256e+02
   1.0721806e+07   4.3084717e+01
   1.0721835e+07   4.8321533e+01
   1.0721882e+07   1.1806641e+02
   1.0721903e+07   4.2608643e+01
   1.0721955e+07   1.0187988e+02
   1.0722070e+07   7.5695801e+01
   1.0736271e+07   4.4274902e+01
   1.0736357e+07   5.4034424e+01
   1.0736409e+07   1.5615234e+02
   1.0736428e+07   4.4036865e+01
   1.0736515e+07   5.8319092e+01
   1.0736576e+07   4.2370605e+01
   1.0736647e+07   5.3558350e+01
   1.0736712e+07   1.7019653e+02
   1.0736780e+07   4.9987793e+01
   1.0736887e+07   1.2973022e+02
   1.0749862e+07   4.1894531e+01
   1.0749920e+07   4.2370605e+01
   1.0750020e+07   4.2608643e+01
   1.0750039e+07   4.1418457e+01
   1.0750133e+07   4.8559570e+01
   1.0750250e+07   4.8321533e+01
   1.0750502e+07   1.3187256e+02
   1.0767379e+07   4.5465088e+01
   1.0767488e+07   4.2132568e+01
   1.0767549e+07   4.2370605e+01
   1.0767666e+07   4.3322754e+01
   1.0767703e+07   5.1654053e+01
   1.0767749e+07   5.4510498e+01
   1.0767959e+07   1.6162720e+02
   1.0780839e+07   4.2370605e+01
   1.0780933e+07   4.1656494e+01
   1.0792569e+07   4.7845459e+01
   1.0792733e+07   4.8797607e+01
   1.0793075e+07   4.1418457e+01
   1.0811386e+07   4.1894531e+01
   1.0811559e+07   4.1656494e+01
   1.0811825e+07   4.3560791e+01
   1.0812209e+07   1.6495972e+02
   1.0822430e+07   4.2608643e+01
   1.0822509e+07   4.3084717e+01
   1.0822528e+07   4.2846680e+01
   1.0822720e+07   4.1418457e+01
   1.0833847e+07   4.1418457e+01
   1.0833961e+07   1.5567627e+02
   1.0834310e+07   4.3084717e+01
   1.0834722e+07   5.0939941e+01
   1.0863827e+07   4.9511719e+01
   1.0864054e+07   4.3560791e+01
   1.0864416e+07   4.5465088e+01
   1.1000868e+07   4.4512939e+01
   1.1020870e+07   4.4274902e+01
   1.1038283e+07   4.1418457e+01
   1.1038432e+07   4.3798828e+01
   1.1039250e+07   4.4036865e+01
   1.1066498e+07   4.7131348e+01
   1.1074173e+07   4.6893311e+01
   1.1098816e+07   4.2608643e+01
   1.1099774e+07   4.7369385e+01
   1.1115412e+07   4.2846680e+01
   1.1151468e+07   4.2370605e+01
   1.1151635e+07   4.4274902e+01
   1.1161285e+07   4.1180420e+01
   1.1170569e+07   4.1656494e+01
   1.1179948e+07   4.4750977e+01
   1.1189778e+07   4.5227051e+01
   1.1190257e+07   4.2608643e+01
   1.1227627e+07   4.2370605e+01
   1.1245841e+07   5.3320312e+01
   1.1334800e+07   4.5465088e+01
   1.1335096e+07   4.1656494e+01
   1.1358271e+07   4.4036865e+01
   1.1358340e+07   4.3084717e+01
   1.1371318e+07   4.1656494e+01
   1.1382047e+07   4.3084717e+01
   1.1461433e+07   4.1418457e+01
   1.1471598e+07   4.1656494e+01
   1.1471878e+07   4.2608643e+01
   1.1517333e+07   4.1656494e+01
   1.1569825e+07   4.2608643e+01
   1.1597284e+07   4.1656494e+01
   1.1597548e+07   5.1892090e+01
   1.1623551e+07   4.1180420e+01
   1.1652060e+07   4.1656494e+01
   1.1652264e+07   4.1418457e+01
   1.1758759e+07   4.3560791e+01
   1.1771016e+07   4.6417236e+01
   1.1785796e+07   4.2370605e+01
   1.1818104e+07   4.1894531e+01
   1.1848773e+07   4.1656494e+01
