   1.1999000e+07   0.0000000e+00
   6.8700000e+04   4.7424316e+01
   1.5495200e+05   5.3588867e+01
   1.6133500e+05   4.9804688e+01
   1.7834400e+05   4.6447754e+01
   2.3365300e+05   4.9804688e+01
   2.3378900e+05   5.0048828e+01
   2.3836500e+05   4.9621582e+01
   2.5415100e+05   5.2856445e+01
   2.6739200e+05   4.6325684e+01
   2.7264800e+05   4.7241211e+01
   2.7808000e+05   4.6264648e+01
   2.8926000e+05   5.6213379e+01
   2.8956200e+05   6.2805176e+01
   2.9729800e+05   5.1208496e+01
   3.1877700e+05   5.2307129e+01
   3.3713300e+05   5.4992676e+01
   3.3868500e+05   4.6325684e+01
   3.6184800e+05   4.8400879e+01
   3.6830600e+05   4.7729492e+01
   3.7595800e+05   4.8522949e+01
   3.7631100e+05   4.9377441e+01
   3.8987600e+05   4.7912598e+01
   3.9507800e+05   5.4931641e+01
   3.9517700e+05   4.7180176e+01
   4.0152300e+05   4.8522949e+01
   4.0813200e+05   5.9875488e+01
   4.0818000e+05   5.1696777e+01
   4.0822500e+05   4.6264648e+01
   4.0831900e+05   5.0354004e+01
   4.1609700e+05   6.4086914e+01
   4.1611900e+05   5.0109863e+01
   4.3100400e+05   5.2368164e+01
   4.3109300e+05   5.0292969e+01
   4.3892300e+05   4.6081543e+01
   4.6265400e+05   5.7861328e+01
   4.6269500e+05   5.5541992e+01
   4.6270700e+05   4.7180176e+01
   4.6990800e+05   5.4199219e+01
   4.7745000e+05   6.0424805e+01
   4.7751900e+05   5.3039551e+01
   4.8478000e+05   4.7607422e+01
   4.8489600e+05   4.6936035e+01
   4.9180600e+05   5.2734375e+01
   4.9941700e+05   4.7790527e+01
   5.0730600e+05   4.5959473e+01
   5.1447000e+05   5.3283691e+01
   5.1449400e+05   5.3527832e+01
   5.2139400e+05   5.3283691e+01
   5.2144600e+05   5.1391602e+01
   5.2842200e+05   5.8166504e+01
   5.3645000e+05   4.6386719e+01
   5.3647400e+05   5.8654785e+01
   5.4441500e+05   4.6386719e+01
   5.5235100e+05   4.8645020e+01
   5.5236700e+05   5.8044434e+01
   5.6033600e+05   4.7973633e+01
   5.6804000e+05   5.2246094e+01
   5.7635000e+05   6.3415527e+01
   5.8428400e+05   5.2917480e+01
   5.8436800e+05   4.6875000e+01
   5.9255200e+05   6.6101074e+01
   5.9258000e+05   5.7617188e+01
   5.9268000e+05   4.6203613e+01
   6.0095100e+05   4.8217773e+01
   6.0925400e+05   5.0048828e+01
   6.0927200e+05   5.3527832e+01
   6.1770100e+05   5.8227539e+01
   6.1771500e+05   4.9133301e+01
   6.2600000e+05   5.9143066e+01
   6.3490400e+05   6.4880371e+01
   6.3498200e+05   5.0415039e+01
   6.4333200e+05   4.7729492e+01
   6.5169400e+05   4.8767090e+01
   6.5172300e+05   5.9143066e+01
   6.6073400e+05   4.8767090e+01
   6.6079900e+05   4.6997070e+01
   6.7927500e+05   5.0170898e+01
   6.8868900e+05   4.9499512e+01
   6.8871400e+05   5.1818848e+01
   6.8872700e+05   5.0781250e+01
   6.9834400e+05   4.7607422e+01
   7.0770700e+05   4.8400879e+01
   7.1734200e+05   4.7668457e+01
   7.1737800e+05   5.9753418e+01
   7.2688200e+05   4.6630859e+01
   7.3628900e+05   5.7678223e+01
   7.4604900e+05   5.0170898e+01
   7.4607300e+05   4.6081543e+01
   7.5517600e+05   4.9560547e+01
   7.6482100e+05   5.2246094e+01
   7.7500100e+05   5.2246094e+01
   7.8458300e+05   4.6142578e+01
   8.4478600e+05   5.1757813e+01
   1.1391460e+06   4.7546387e+01
   1.8194490e+06   4.7363281e+01
   2.5579340e+06   6.6589355e+01
   2.6355930e+06   5.3833008e+01
   2.6593030e+06   4.9804688e+01
   2.6656780e+06   5.0842285e+01
   2.7090120e+06   4.6569824e+01
   2.7354490e+06   5.0964355e+01
   2.7356990e+06   6.1218262e+01
   2.7561870e+06   5.0598145e+01
   2.7631770e+06   5.5541992e+01
   2.7767370e+06   5.0170898e+01
   2.7868890e+06   4.8950195e+01
   2.8143860e+06   4.6875000e+01
   2.8435700e+06   4.8156738e+01
   2.8436460e+06   5.6945801e+01
   2.8504120e+06   4.9743652e+01
   2.8575180e+06   5.4443359e+01
   2.8643840e+06   4.9316406e+01
   2.8646520e+06   4.6203613e+01
   2.8710510e+06   4.9499512e+01
   2.8964850e+06   4.8645020e+01
   2.9018240e+06   4.7973633e+01
   2.9074950e+06   4.6630859e+01
   2.9198920e+06   4.8950195e+01
   2.9339750e+06   4.6813965e+01
   2.9504850e+06   4.8339844e+01
   2.9589290e+06   5.4382324e+01
   2.9808980e+06   4.6447754e+01
   2.9970360e+06   5.2185059e+01
   3.0046230e+06   6.0241699e+01
   3.0217940e+06   4.7546387e+01
   3.0359100e+06   4.9377441e+01
   3.0640970e+06   4.6203613e+01
   3.0773310e+06   4.8645020e+01
   3.0851570e+06   5.1208496e+01
   3.0932540e+06   6.1035156e+01
   3.1089860e+06   5.7006836e+01
   3.1090350e+06   4.8400879e+01
   3.1157690e+06   4.7058105e+01
   3.1158130e+06   4.7607422e+01
   3.1158380e+06   5.6701660e+01
   3.1230490e+06   5.4443359e+01
   3.1230740e+06   4.9499512e+01
   3.1398690e+06   4.8950195e+01
   3.1399510e+06   4.7607422e+01
   3.1569570e+06   4.9377441e+01
   3.1570200e+06   5.2368164e+01
   3.1637590e+06   4.8217773e+01
   3.1710930e+06   4.7973633e+01
   3.1791230e+06   4.5959473e+01
   3.1791810e+06   4.7119141e+01
   3.2036000e+06   5.5786133e+01
   3.2114280e+06   4.6508789e+01
   3.2346340e+06   5.2551270e+01
   3.2423570e+06   5.0842285e+01
   3.2505200e+06   5.1025391e+01
   3.2655420e+06   5.3222656e+01
   3.2726660e+06   4.7729492e+01
   3.2880570e+06   4.8522949e+01
   3.3115850e+06   5.7250977e+01
   3.3193610e+06   5.3894043e+01
   3.3194320e+06   4.6081543e+01
   3.3274670e+06   4.6081543e+01
   3.3357530e+06   4.7607422e+01
   3.3871810e+06   4.7485352e+01
   3.3965400e+06   4.6875000e+01
   3.4066790e+06   4.9499512e+01
   3.4376780e+06   4.7241211e+01
   5.0596970e+06   5.5786133e+01
   5.3602740e+06   4.7180176e+01
   5.7429970e+06   4.7302246e+01
   5.7691670e+06   4.7668457e+01
   5.7753560e+06   5.2856445e+01
   5.7884320e+06   5.4077148e+01
   5.7884900e+06   5.4626465e+01
   5.8054150e+06   5.3222656e+01
   5.8292930e+06   5.2795410e+01
   5.8293430e+06   5.3222656e+01
   5.8357660e+06   6.4025879e+01
   5.8483800e+06   5.6823730e+01
   5.8543020e+06   4.6325684e+01
   5.8602520e+06   5.3710938e+01
   5.8663700e+06   4.8522949e+01
   5.8907090e+06   4.6142578e+01
   5.8907640e+06   4.6508789e+01
   5.8972100e+06   6.0180664e+01
   5.9166280e+06   6.2805176e+01
   5.9167140e+06   4.5959473e+01
   5.9292090e+06   4.7912598e+01
   5.9373030e+06   4.7851563e+01
   5.9373560e+06   4.8278809e+01
   5.9443620e+06   5.6579590e+01
   5.9445090e+06   4.6630859e+01
   5.9555890e+06   5.2429199e+01
   5.9782740e+06   4.7363281e+01
   5.9919650e+06   4.7241211e+01
   5.9919890e+06   5.5114746e+01
   5.9995140e+06   4.6875000e+01
   6.0057940e+06   5.1391602e+01
   6.0206520e+06   5.2124023e+01
   6.0280750e+06   5.2856445e+01
   6.0583810e+06   4.6081543e+01
   6.0668500e+06   7.1044922e+01
   6.0806220e+06   4.8583984e+01
   6.0806590e+06   5.5297852e+01
   6.0945130e+06   5.5297852e+01
   6.0946080e+06   4.9499512e+01
   6.1015770e+06   5.2673340e+01
   6.1084610e+06   4.9499512e+01
   6.1166650e+06   5.1757813e+01
   6.1167370e+06   6.6467285e+01
   6.1379890e+06   4.6508789e+01
   6.1452020e+06   4.6936035e+01
   6.1733320e+06   4.6447754e+01
   6.1807170e+06   5.2978516e+01
   6.2027590e+06   4.8889160e+01
   6.2103650e+06   5.0476074e+01
   6.2104170e+06   5.4992676e+01
   6.2259880e+06   4.9499512e+01
   6.2260740e+06   5.0170898e+01
   6.2336850e+06   4.6508789e+01
   6.2410470e+06   4.5959473e+01
   6.2784270e+06   4.8583984e+01
   6.3020330e+06   4.6386719e+01
   6.3103240e+06   4.6997070e+01
   6.3353110e+06   4.9621582e+01
   6.7726320e+06   4.9438477e+01
   6.9691430e+06   5.1879883e+01
   7.4808960e+06   4.8461914e+01
   7.7665780e+06   4.5898438e+01
   7.8507910e+06   4.8461914e+01
   7.8714270e+06   5.2551270e+01
   7.9175930e+06   4.6569824e+01
   8.1301720e+06   4.6752930e+01
   8.1598910e+06   4.7119141e+01
   8.2890410e+06   4.6813965e+01
   8.3320840e+06   4.5898438e+01
   8.3580520e+06   5.0292969e+01
   8.3861890e+06   4.9133301e+01
   8.4169770e+06   5.1513672e+01
   8.4868370e+06   5.2673340e+01
   8.7587040e+06   5.2185059e+01
   8.8573020e+06   4.8034668e+01
   1.0101654e+07   4.8583984e+01
   1.0101812e+07   4.6203613e+01
   1.0109086e+07   4.8095703e+01
   1.0132229e+07   4.8461914e+01
   1.0140093e+07   4.7119141e+01
   1.0148639e+07   5.3894043e+01
   1.0148750e+07   4.6691895e+01
   1.0193374e+07   6.0119629e+01
   1.0200563e+07   4.6020508e+01
   1.0215270e+07   4.7912598e+01
   1.0250469e+07   5.1635742e+01
   1.0250507e+07   4.7424316e+01
   1.0257662e+07   5.4077148e+01
   1.0265040e+07   4.9194336e+01
   1.0265064e+07   5.4382324e+01
   1.0301302e+07   5.4687500e+01
   1.0308660e+07   5.6762695e+01
   1.0330299e+07   4.7790527e+01
   1.0469265e+07   4.6752930e+01
   1.0477529e+07   5.2612305e+01
   1.0503808e+07   4.6630859e+01
   1.0530964e+07   5.1208496e+01
   1.0540172e+07   4.6264648e+01
   1.0549975e+07   4.7973633e+01
   1.0598886e+07   4.8767090e+01
   1.0698500e+07   4.9621582e+01
   1.0698618e+07   5.2612305e+01
