   1.1999000e+07   0.0000000e+00
   2.7700000e+02   4.4494629e+01
   5.5872000e+04   4.5532227e+01
   6.8359000e+04   4.7973633e+01
   6.8435000e+04   4.3884277e+01
   6.8680000e+04   4.4311523e+01
   8.1506000e+04   4.6875000e+01
   9.2694000e+04   4.4921875e+01
   1.0490400e+05   4.8706055e+01
   1.0507600e+05   4.9560547e+01
   1.1521200e+05   4.8095703e+01
   1.1553500e+05   4.4677734e+01
   1.1554500e+05   4.3334961e+01
   1.2135600e+05   4.8828125e+01
   1.2166300e+05   4.3212891e+01
   1.3875200e+05   4.3090820e+01
   1.4542100e+05   5.0842285e+01
   1.4545400e+05   5.2368164e+01
   1.5503100e+05   4.4189453e+01
   1.5518200e+05   4.3090820e+01
   1.5521500e+05   4.4982910e+01
   1.5532500e+05   4.8034668e+01
   1.6133500e+05   4.5715332e+01
   1.6134800e+05   4.5349121e+01
   1.6135800e+05   4.5288086e+01
   1.6153100e+05   4.3701172e+01
   1.6165500e+05   4.6020508e+01
   1.6178200e+05   4.5410156e+01
   1.8404600e+05   4.3762207e+01
   1.8409400e+05   5.5419922e+01
   1.8412900e+05   6.6284180e+01
   1.8417400e+05   6.1096191e+01
   1.8419900e+05   5.3161621e+01
   1.8423800e+05   4.4372559e+01
   1.8430600e+05   4.5898438e+01
   1.8435600e+05   4.9682617e+01
   1.8445500e+05   4.3945313e+01
   1.9828600e+05   4.7424316e+01
   2.0184300e+05   4.6264648e+01
   2.1327900e+05   4.7058105e+01
   2.1752300e+05   4.5776367e+01
   2.2131200e+05   5.8654785e+01
   2.3368000e+05   5.7617187e+01
   2.3369100e+05   6.2805176e+01
   2.3374300e+05   4.3395996e+01
   2.3379900e+05   4.9316406e+01
   2.3387800e+05   7.3242188e+01
   2.3839800e+05   4.3151855e+01
   2.4302100e+05   6.0729980e+01
   2.4304200e+05   4.5654297e+01
   2.4309100e+05   4.3090820e+01
   2.4315600e+05   4.4250488e+01
   2.4318300e+05   4.6264648e+01
   2.4840900e+05   4.4799805e+01
   2.4842200e+05   5.0903320e+01
   2.4860300e+05   4.4555664e+01
   2.5412600e+05   5.4260254e+01
   2.5416100e+05   7.4401855e+01
   2.5418300e+05   5.4931641e+01
   2.5422800e+05   5.3833008e+01
   2.5430800e+05   6.5795898e+01
   2.5479100e+05   4.3884277e+01
   2.6749200e+05   4.5166016e+01
   2.7249100e+05   4.3579102e+01
   2.7771000e+05   4.4311523e+01
   2.7780500e+05   4.7851563e+01
   2.7792300e+05   4.9133301e+01
   2.8324000e+05   5.9997559e+01
   2.8327800e+05   4.4677734e+01
   2.8332700e+05   4.3273926e+01
   2.8340900e+05   4.6325684e+01
   2.8345400e+05   5.1391602e+01
   2.8918000e+05   4.4921875e+01
   2.8923700e+05   4.3029785e+01
   2.8925800e+05   6.6101074e+01
   2.8929400e+05   4.7668457e+01
   2.8932100e+05   4.4860840e+01
   2.8947900e+05   5.5480957e+01
   2.8954800e+05   5.0842285e+01
   2.9733400e+05   4.4311523e+01
   2.9739000e+05   4.3579102e+01
   2.9743100e+05   5.6579590e+01
   3.0192000e+05   5.3161621e+01
   3.0615900e+05   4.8645020e+01
   3.1027000e+05   4.4372559e+01
   3.1036400e+05   4.4311523e+01
   3.1053200e+05   5.3466797e+01
   3.1871300e+05   4.8339844e+01
   3.1873200e+05   4.3701172e+01
   3.1881400e+05   4.5715332e+01
   3.1887500e+05   5.6518555e+01
   3.1891200e+05   4.4372559e+01
   3.2426000e+05   5.4565430e+01
   3.2428000e+05   4.8522949e+01
   3.2429800e+05   6.3354492e+01
   3.2431300e+05   6.3476563e+01
   3.2434700e+05   6.2133789e+01
   3.2437100e+05   4.9499512e+01
   3.2440300e+05   6.1706543e+01
   3.2445200e+05   4.7119141e+01
   3.2457800e+05   5.7678223e+01
   3.2500400e+05   4.6020508e+01
   3.3083200e+05   4.4677734e+01
   3.3086000e+05   4.7912598e+01
   3.3088300e+05   7.2265625e+01
   3.3094900e+05   7.2753906e+01
   3.3103800e+05   4.4311523e+01
   3.3703600e+05   6.0241699e+01
   3.3705600e+05   5.4992676e+01
   3.3708500e+05   5.4321289e+01
   3.3710600e+05   4.9316406e+01
   3.3711800e+05   4.3457031e+01
   3.3718500e+05   4.4982910e+01
   3.3720500e+05   4.8767090e+01
   3.3772300e+05   4.5898438e+01
   3.4591900e+05   4.5654297e+01
   3.4598800e+05   4.4921875e+01
   3.5069500e+05   5.6274414e+01
   3.5073700e+05   5.0354004e+01
   3.5075200e+05   4.4555664e+01
   3.5078000e+05   5.5847168e+01
   3.5601600e+05   4.4311523e+01
   3.5608700e+05   4.3579102e+01
   3.5613400e+05   4.5104980e+01
   3.6178000e+05   4.7424316e+01
   3.6184800e+05   7.1655273e+01
   3.6189000e+05   5.5175781e+01
   3.6207600e+05   4.6752930e+01
   3.6834300e+05   5.1696777e+01
   3.6838200e+05   5.9509277e+01
   3.6841300e+05   4.6691895e+01
   3.6842400e+05   4.5715332e+01
   3.6845200e+05   4.7607422e+01
   3.6893000e+05   4.3212891e+01
   3.7562100e+05   4.3273926e+01
   3.7564800e+05   4.4311523e+01
   3.7568300e+05   6.5673828e+01
   3.7570100e+05   4.9499512e+01
   3.7572400e+05   5.3161621e+01
   3.7576100e+05   4.5837402e+01
   3.7578400e+05   6.2805176e+01
   3.7583600e+05   5.2001953e+01
   3.7630100e+05   5.2490234e+01
   3.7641200e+05   4.4189453e+01
   3.7642700e+05   4.7607422e+01
   3.8426800e+05   7.3181152e+01
   3.8427900e+05   5.1940918e+01
   3.8429100e+05   5.2612305e+01
   3.8433900e+05   4.5532227e+01
   3.8435700e+05   6.6284180e+01
   3.8448200e+05   6.2866211e+01
   3.8973800e+05   5.1879883e+01
   3.8974800e+05   6.2988281e+01
   3.8977900e+05   6.2805176e+01
   3.8980500e+05   4.4189453e+01
   3.8981700e+05   4.3395996e+01
   3.8993100e+05   5.1330566e+01
   3.9508400e+05   4.4128418e+01
   3.9512400e+05   6.2622070e+01
   3.9515400e+05   6.4575195e+01
   3.9520800e+05   4.6630859e+01
   3.9522900e+05   4.3762207e+01
   4.0145500e+05   4.7790527e+01
   4.0148200e+05   6.8359375e+01
   4.0191300e+05   5.3527832e+01
   4.0205400e+05   4.3029785e+01
   4.0815500e+05   5.4565430e+01
   4.0818700e+05   6.2927246e+01
   4.0823300e+05   4.4494629e+01
   4.0874400e+05   5.6030273e+01
   4.0887600e+05   4.6447754e+01
   4.0900400e+05   4.5349121e+01
   4.1612200e+05   5.1574707e+01
   4.1613500e+05   1.3000488e+02
   4.1614800e+05   7.3974609e+01
   4.1616800e+05   4.4982910e+01
   4.1622200e+05   4.3212891e+01
   4.1629900e+05   4.5166016e+01
   4.2381600e+05   6.8176270e+01
   4.2384400e+05   4.9621582e+01
   4.2387000e+05   4.9743652e+01
   4.3101700e+05   6.8237305e+01
   4.3103400e+05   5.7800293e+01
   4.3114600e+05   4.5654297e+01
   4.3178600e+05   5.4382324e+01
   4.3894000e+05   4.4067383e+01
   4.3896300e+05   6.7077637e+01
   4.3910700e+05   4.4128418e+01
   4.4709800e+05   4.3395996e+01
   4.4711300e+05   4.3640137e+01
   4.4712700e+05   6.3171387e+01
   4.4714100e+05   6.0852051e+01
   4.4716500e+05   4.8461914e+01
   4.4720500e+05   4.8400879e+01
   4.4762200e+05   4.5043945e+01
   4.4764100e+05   4.3640137e+01
   4.5493200e+05   5.9082031e+01
   4.5494900e+05   9.5458984e+01
   4.5496300e+05   4.6630859e+01
   4.5497400e+05   5.1208496e+01
   4.5507700e+05   4.4067383e+01
   4.6263700e+05   5.0659180e+01
   4.6266800e+05   6.1645508e+01
   4.6269200e+05   5.6030273e+01
   4.6270900e+05   6.2377930e+01
   4.6273700e+05   5.2734375e+01
   4.6276300e+05   5.9631348e+01
   4.6286000e+05   4.3701172e+01
   4.6988400e+05   5.4748535e+01
   4.6990400e+05   4.9743652e+01
   4.6997000e+05   4.5349121e+01
   4.7000600e+05   4.7119141e+01
   4.7007400e+05   4.4372559e+01
   4.7744800e+05   4.9682617e+01
   4.7745800e+05   8.0566406e+01
   4.7748200e+05   5.3283691e+01
   4.7749900e+05   4.8217773e+01
   4.7753100e+05   8.1970215e+01
   4.8479800e+05   5.9448242e+01
   4.8480900e+05   5.5847168e+01
   4.8482000e+05   5.6762695e+01
   4.8486900e+05   4.8706055e+01
   4.8489600e+05   5.6640625e+01
   4.8526600e+05   4.6142578e+01
   4.9180700e+05   6.8664551e+01
   4.9182400e+05   4.7607422e+01
   4.9188200e+05   4.4128418e+01
   4.9191100e+05   4.3151855e+01
   4.9194100e+05   4.6020508e+01
   4.9290300e+05   4.4494629e+01
   4.9940400e+05   6.6223145e+01
   4.9942500e+05   4.9743652e+01
   4.9945200e+05   4.5654297e+01
   4.9947300e+05   4.8217773e+01
   4.9950600e+05   4.3273926e+01
   4.9951900e+05   4.7241211e+01
   5.0730100e+05   7.1716309e+01
   5.0731700e+05   7.8979492e+01
   5.0733100e+05   4.7668457e+01
   5.0735900e+05   4.5593262e+01
   5.0780000e+05   4.5227051e+01
   5.0782300e+05   4.3579102e+01
   5.0839700e+05   4.3090820e+01
   5.1448500e+05   8.1176758e+01
   5.1450500e+05   6.2744141e+01
   5.1453000e+05   7.1411133e+01
   5.1456000e+05   4.3029785e+01
   5.1521100e+05   4.7424316e+01
   5.2141000e+05   5.0659180e+01
   5.2142800e+05   7.6477051e+01
   5.2144100e+05   4.4128418e+01
   5.2146100e+05   4.4738770e+01
   5.2150100e+05   4.8645020e+01
   5.2839600e+05   4.4067383e+01
   5.2841200e+05   4.7790527e+01
   5.2847700e+05   4.9316406e+01
   5.3644500e+05   5.2795410e+01
   5.3646600e+05   6.3110352e+01
   5.3648700e+05   5.7006836e+01
   5.3652500e+05   4.3823242e+01
   5.3665700e+05   5.0048828e+01
   5.4436100e+05   4.3823242e+01
   5.4438700e+05   5.7678223e+01
   5.4440300e+05   5.5358887e+01
   5.4444000e+05   5.0720215e+01
   5.4449500e+05   4.6020508e+01
   5.4451000e+05   4.4921875e+01
   5.4453900e+05   4.3579102e+01
   5.5235600e+05   4.8767090e+01
   5.5237100e+05   6.6772461e+01
   5.5238300e+05   5.5847168e+01
   5.5241300e+05   5.7373047e+01
   5.6034600e+05   6.9030762e+01
   5.6035700e+05   6.1645508e+01
   5.6040100e+05   4.8339844e+01
   5.6042600e+05   5.3161621e+01
   5.6049400e+05   4.3395996e+01
   5.6082700e+05   7.2021484e+01
   5.6803800e+05   6.9702148e+01
   5.6805100e+05   8.8745117e+01
   5.6809500e+05   4.7668457e+01
   5.6819800e+05   4.5593262e+01
   5.7632800e+05   4.6630859e+01
   5.7635800e+05   6.3110352e+01
   5.7637900e+05   5.3527832e+01
   5.7639700e+05   5.2490234e+01
   5.7642800e+05   4.3945313e+01
   5.7649700e+05   4.8034668e+01
   5.8427800e+05   4.3273926e+01
   5.8430800e+05   8.3618164e+01
   5.8437700e+05   4.4189453e+01
   5.8478100e+05   4.4860840e+01
   5.8559100e+05   4.6813965e+01
   5.9256200e+05   8.8806152e+01
   5.9257600e+05   5.5419922e+01
   5.9259900e+05   4.8828125e+01
   5.9262400e+05   5.9143066e+01
   5.9264300e+05   5.3833008e+01
   5.9270700e+05   4.5654297e+01
   6.0088700e+05   5.1818848e+01
   6.0089800e+05   7.7453613e+01
   6.0091000e+05   6.4636230e+01
   6.0097300e+05   4.6264648e+01
   6.0927700e+05   7.2265625e+01
   6.0929600e+05   6.2988281e+01
   6.0931300e+05   4.6020508e+01
   6.0936800e+05   5.2917480e+01
   6.0945200e+05   4.6508789e+01
   6.1770400e+05   4.9804688e+01
   6.1771800e+05   6.8725586e+01
   6.1774700e+05   5.9875488e+01
   6.1779200e+05   5.7067871e+01
   6.2600400e+05   6.1157227e+01
   6.2601700e+05   6.2500000e+01
   6.2605300e+05   4.3579102e+01
   6.2615800e+05   4.3273926e+01
   6.3490000e+05   5.3466797e+01
   6.3491800e+05   6.6711426e+01
   6.3494900e+05   6.2377930e+01
   6.3497800e+05   4.9133301e+01
   6.3499100e+05   4.3640137e+01
   6.3577800e+05   4.4860840e+01
   6.4332000e+05   6.5368652e+01
   6.4333600e+05   5.7434082e+01
   6.4334900e+05   5.6945801e+01
   6.4337900e+05   5.8776855e+01
   6.4340600e+05   5.8410645e+01
   6.5172300e+05   4.9499512e+01
   6.5174600e+05   7.4707031e+01
   6.5176900e+05   4.8706055e+01
   6.5178500e+05   5.4504395e+01
   6.5182000e+05   4.7790527e+01
   6.5184300e+05   4.3395996e+01
   6.6075800e+05   5.0354004e+01
   6.6078700e+05   7.0373535e+01
   6.6079900e+05   6.0241699e+01
   6.6083300e+05   4.3884277e+01
   6.6084300e+05   4.5349121e+01
   6.6088200e+05   5.8105469e+01
   6.6089900e+05   5.1757813e+01
   6.6098100e+05   5.3955078e+01
   6.6991700e+05   5.5969238e+01
   6.6993000e+05   6.4697266e+01
   6.6994800e+05   5.2978516e+01
   6.6997500e+05   5.2490234e+01
   6.7006100e+05   4.9926758e+01
   6.7015300e+05   4.4921875e+01
   6.7927400e+05   5.7373047e+01
   6.7931200e+05   5.7800293e+01
   6.7932700e+05   5.8837891e+01
   6.7935000e+05   4.8583984e+01
   6.7938000e+05   4.3029785e+01
   6.7947600e+05   4.4128418e+01
   6.8872800e+05   4.8461914e+01
   6.8877700e+05   4.3640137e+01
   6.8878800e+05   5.9265137e+01
   6.8884100e+05   5.3955078e+01
   6.9832400e+05   7.5622559e+01
   6.9833600e+05   5.0170898e+01
   6.9835400e+05   4.6691895e+01
   6.9836500e+05   4.9438477e+01
   6.9838700e+05   6.3537598e+01
   6.9842600e+05   4.6447754e+01
   7.0766000e+05   6.4086914e+01
   7.0768500e+05   6.0119629e+01
   7.0773100e+05   5.3588867e+01
   7.0776200e+05   4.5593262e+01
   7.0779100e+05   5.4199219e+01
   7.0788000e+05   4.5410156e+01
   7.1735600e+05   6.1645508e+01
   7.1737500e+05   5.0170898e+01
   7.1739800e+05   5.1757813e+01
   7.1742500e+05   5.3894043e+01
   7.1744800e+05   4.9255371e+01
   7.1751800e+05   4.3212891e+01
   7.1760500e+05   4.5532227e+01
   7.2678100e+05   5.1025391e+01
   7.2679700e+05   6.1645508e+01
   7.2681100e+05   6.3049316e+01
   7.2684000e+05   5.0354004e+01
   7.2685000e+05   5.7312012e+01
   7.2686000e+05   5.6457520e+01
   7.2688500e+05   4.6325684e+01
   7.2693500e+05   4.6569824e+01
   7.3628400e+05   6.3476563e+01
   7.3631200e+05   7.0678711e+01
   7.3632400e+05   5.2307129e+01
   7.3635400e+05   4.3334961e+01
   7.3637700e+05   6.6589355e+01
   7.3641100e+05   4.6875000e+01
   7.3643800e+05   4.8400879e+01
   7.3651400e+05   4.3395996e+01
   7.4595000e+05   6.0302734e+01
   7.4596000e+05   5.6396484e+01
   7.4598600e+05   7.1594238e+01
   7.4602100e+05   4.8767090e+01
   7.4604900e+05   5.8349609e+01
   7.4606600e+05   5.4565430e+01
   7.4611400e+05   4.6020508e+01
   7.5525500e+05   4.6447754e+01
   7.5528800e+05   4.4799805e+01
   7.5531700e+05   6.3232422e+01
   7.5534100e+05   4.4799805e+01
   7.6475200e+05   4.9194336e+01
   7.6478100e+05   4.6752930e+01
   7.6479700e+05   6.3781738e+01
   7.6487400e+05   4.5532227e+01
   7.6490200e+05   4.6752930e+01
   7.7495100e+05   5.0537109e+01
   7.7496800e+05   4.4555664e+01
   7.7500200e+05   4.7058105e+01
   7.7506700e+05   5.2917480e+01
   7.7511200e+05   4.8706055e+01
   7.8455700e+05   4.3640137e+01
   7.8457900e+05   5.1635742e+01
   7.8458900e+05   4.6020508e+01
   7.8462800e+05   4.8217773e+01
   7.9432600e+05   4.3701172e+01
   7.9437700e+05   4.6386719e+01
   7.9442600e+05   4.3029785e+01
   8.0409400e+05   5.1940918e+01
   8.1397600e+05   4.4738770e+01
   8.1398900e+05   5.6579590e+01
   8.1414200e+05   4.3823242e+01
   8.2424500e+05   4.4616699e+01
   8.3388500e+05   4.3395996e+01
   8.4475200e+05   4.7485352e+01
   8.4509100e+05   4.7363281e+01
   8.5541700e+05   4.7790527e+01
   8.6630400e+05   5.5847168e+01
   1.5308560e+06   4.5654297e+01
   1.7928190e+06   5.8898926e+01
   1.8728850e+06   5.1025391e+01
   1.8747920e+06   4.4067383e+01
   1.9244470e+06   4.4494629e+01
   2.0822500e+06   4.8950195e+01
   2.2427280e+06   4.8034668e+01
   2.3633330e+06   4.5593262e+01
   2.4549280e+06   4.5349121e+01
   2.5347690e+06   4.5776367e+01
   2.5350000e+06   4.5166016e+01
   2.5517440e+06   4.5837402e+01
   2.5578880e+06   4.5104980e+01
   2.6065120e+06   4.3701172e+01
   2.6066670e+06   6.0974121e+01
   2.6188740e+06   4.7485352e+01
   2.6300380e+06   4.6691895e+01
   2.6467230e+06   4.4067383e+01
   2.6529920e+06   4.4433594e+01
   2.6593350e+06   4.3762207e+01
   2.6655600e+06   4.7729492e+01
   2.6656740e+06   4.4921875e+01
   2.6657290e+06   4.7180176e+01
   2.6657930e+06   4.9316406e+01
   2.6726610e+06   4.5898438e+01
   2.6726830e+06   4.4982910e+01
   2.6852510e+06   5.1879883e+01
   2.6852830e+06   4.5654297e+01
   2.6963120e+06   4.6142578e+01
   2.6963390e+06   5.8410645e+01
   2.6963790e+06   4.3273926e+01
   2.6964240e+06   6.2133789e+01
   2.7090300e+06   4.8217773e+01
   2.7159250e+06   4.3395996e+01
   2.7159400e+06   4.5349121e+01
   2.7221240e+06   4.8278809e+01
   2.7222100e+06   5.7373047e+01
   2.7223890e+06   4.5349121e+01
   2.7224190e+06   4.4799805e+01
   2.7288680e+06   4.3273926e+01
   2.7289340e+06   4.9682617e+01
   2.7289600e+06   5.0048828e+01
   2.7355040e+06   4.7180176e+01
   2.7355570e+06   5.2062988e+01
   2.7424570e+06   4.3518066e+01
   2.7424900e+06   4.4433594e+01
   2.7425810e+06   4.8095703e+01
   2.7425960e+06   4.5410156e+01
   2.7496110e+06   5.6579590e+01
   2.7496870e+06   4.5959473e+01
   2.7498370e+06   4.3273926e+01
   2.7562960e+06   4.3640137e+01
   2.7630640e+06   5.6396484e+01
   2.7630890e+06   5.2124023e+01
   2.7631150e+06   5.2795410e+01
   2.7631550e+06   4.4677734e+01
   2.7632230e+06   5.7067871e+01
   2.7633600e+06   5.5053711e+01
   2.7767000e+06   5.0842285e+01
   2.7767390e+06   4.7851563e+01
   2.7768230e+06   6.1706543e+01
   2.7771450e+06   4.7790527e+01
   2.7869140e+06   5.1330566e+01
   2.7869520e+06   4.6020508e+01
   2.7869730e+06   6.5063477e+01
   2.7870010e+06   6.6345215e+01
   2.7870200e+06   5.0598145e+01
   2.7870360e+06   6.3476562e+01
   2.7870630e+06   4.5471191e+01
   2.7872190e+06   4.6447754e+01
   2.7972680e+06   4.5166016e+01
   2.8031860e+06   4.8583984e+01
   2.8033090e+06   4.3395996e+01
   2.8087140e+06   5.4260254e+01
   2.8087400e+06   5.6640625e+01
   2.8088830e+06   4.4555664e+01
   2.8144210e+06   5.0842285e+01
   2.8144310e+06   4.6508789e+01
   2.8144540e+06   5.5175781e+01
   2.8144860e+06   4.4799805e+01
   2.8145130e+06   4.9194336e+01
   2.8208530e+06   4.6569824e+01
   2.8208830e+06   4.4982910e+01
   2.8209240e+06   5.1574707e+01
   2.8209610e+06   4.9560547e+01
   2.8209750e+06   5.1147461e+01
   2.8210570e+06   4.3579102e+01
   2.8287590e+06   7.5317383e+01
   2.8287750e+06   8.0505371e+01
   2.8356300e+06   4.4738770e+01
   2.8356670e+06   6.6467285e+01
   2.8356770e+06   4.8583984e+01
   2.8357240e+06   6.2438965e+01
   2.8357610e+06   5.7006836e+01
   2.8357890e+06   7.2143555e+01
   2.8358140e+06   4.6203613e+01
   2.8358320e+06   4.9804688e+01
   2.8435230e+06   6.5856934e+01
   2.8436140e+06   4.3640137e+01
   2.8436440e+06   5.8044434e+01
   2.8503650e+06   4.5410156e+01
   2.8503800e+06   5.5786133e+01
   2.8504160e+06   6.6589355e+01
   2.8504300e+06   4.4616699e+01
   2.8504770e+06   4.7180176e+01
   2.8505220e+06   4.4311523e+01
   2.8575460e+06   6.2011719e+01
   2.8575810e+06   7.1350098e+01
   2.8576160e+06   4.7424316e+01
   2.8576380e+06   4.6752930e+01
   2.8577050e+06   4.9926758e+01
   2.8577200e+06   4.4982910e+01
   2.8577420e+06   5.7006836e+01
   2.8578370e+06   4.3884277e+01
   2.8644260e+06   5.4504395e+01
   2.8644830e+06   6.6467285e+01
   2.8645160e+06   5.6518555e+01
   2.8645420e+06   5.2429199e+01
   2.8646350e+06   4.4738770e+01
   2.8708450e+06   5.0842285e+01
   2.8710540e+06   4.7241211e+01
   2.8777110e+06   4.6203613e+01
   2.8777460e+06   5.5480957e+01
   2.8777700e+06   6.6406250e+01
   2.8778080e+06   4.7912598e+01
   2.8778310e+06   4.8095703e+01
   2.8778600e+06   6.1889648e+01
   2.8779130e+06   5.6457520e+01
   2.8780050e+06   4.3457031e+01
   2.8911950e+06   4.6142578e+01
   2.8964700e+06   4.5654297e+01
   2.8965040e+06   6.3903809e+01
   2.8965140e+06   7.7331543e+01
   2.8965570e+06   4.7363281e+01
   2.9017200e+06   4.5959473e+01
   2.9018100e+06   5.8593750e+01
   2.9018800e+06   4.7790527e+01
   2.9074560e+06   4.9621582e+01
   2.9074930e+06   5.2307129e+01
   2.9075640e+06   5.0659180e+01
   2.9075800e+06   5.2062988e+01
   2.9076070e+06   5.3833008e+01
   2.9133600e+06   6.7321777e+01
   2.9133830e+06   4.7424316e+01
   2.9134190e+06   6.0913086e+01
   2.9134660e+06   4.7668457e+01
   2.9134870e+06   4.3823242e+01
   2.9135510e+06   4.3273926e+01
   2.9198210e+06   6.0119629e+01
   2.9198450e+06   5.0903320e+01
   2.9198800e+06   5.6701660e+01
   2.9199810e+06   4.3701172e+01
   2.9267250e+06   4.8522949e+01
   2.9267600e+06   4.3945313e+01
   2.9267810e+06   7.1899414e+01
   2.9268700e+06   4.7912598e+01
   2.9268880e+06   5.2246094e+01
   2.9269990e+06   4.7790527e+01
   2.9270100e+06   4.4921875e+01
   2.9271540e+06   4.6142578e+01
   2.9338590e+06   4.4067383e+01
   2.9338780e+06   4.8828125e+01
   2.9339090e+06   4.3701172e+01
   2.9339200e+06   7.9833984e+01
   2.9339760e+06   5.0598145e+01
   2.9340110e+06   5.7434082e+01
   2.9340770e+06   5.0537109e+01
   2.9341240e+06   5.3894043e+01
   2.9342810e+06   4.8583984e+01
   2.9426770e+06   5.3039551e+01
   2.9426930e+06   4.7302246e+01
   2.9427240e+06   4.3701172e+01
   2.9427450e+06   4.5349121e+01
   2.9427820e+06   4.7302246e+01
   2.9428090e+06   4.4982910e+01
   2.9428360e+06   4.5166016e+01
   2.9503340e+06   5.7922363e+01
   2.9503770e+06   4.6569824e+01
   2.9503960e+06   6.9274902e+01
   2.9504120e+06   5.1757813e+01
   2.9504490e+06   5.2978516e+01
   2.9504790e+06   4.4372559e+01
   2.9505490e+06   4.4128418e+01
   2.9505730e+06   5.6579590e+01
   2.9589740e+06   5.2062988e+01
   2.9589840e+06   6.0791016e+01
   2.9590250e+06   5.8654785e+01
   2.9590500e+06   4.9133301e+01
   2.9590880e+06   5.6335449e+01
   2.9591140e+06   4.3273926e+01
   2.9591330e+06   5.0415039e+01
   2.9595850e+06   4.4006348e+01
   2.9683380e+06   4.9621582e+01
   2.9683870e+06   4.5166016e+01
   2.9743310e+06   4.4128418e+01
   2.9743510e+06   5.3955078e+01
   2.9743610e+06   4.9011230e+01
   2.9743950e+06   4.4006348e+01
   2.9744340e+06   5.5175781e+01
   2.9744820e+06   5.5297852e+01
   2.9808620e+06   4.4860840e+01
   2.9808730e+06   6.1279297e+01
   2.9808980e+06   9.7167969e+01
   2.9809740e+06   5.7250977e+01
   2.9809950e+06   5.1574707e+01
   2.9883410e+06   5.7312012e+01
   2.9883810e+06   4.3640137e+01
   2.9884050e+06   7.2448730e+01
   2.9884370e+06   4.7729492e+01
   2.9884480e+06   5.5419922e+01
   2.9884970e+06   5.3649902e+01
   2.9969950e+06   4.8950195e+01
   2.9970190e+06   4.4006348e+01
   2.9970480e+06   4.4067383e+01
   2.9970930e+06   4.4738770e+01
   2.9971030e+06   5.7861328e+01
   2.9971390e+06   4.5959473e+01
   2.9972570e+06   4.4433594e+01
   3.0045790e+06   4.8950195e+01
   3.0046110e+06   5.9997559e+01
   3.0046390e+06   5.0354004e+01
   3.0046520e+06   6.7749023e+01
   3.0046800e+06   5.1330566e+01
   3.0047240e+06   5.2062988e+01
   3.0132770e+06   6.5734863e+01
   3.0133100e+06   4.9316406e+01
   3.0133230e+06   5.6701660e+01
   3.0133640e+06   5.7128906e+01
   3.0133850e+06   4.9743652e+01
   3.0134270e+06   4.7729492e+01
   3.0216190e+06   4.8278809e+01
   3.0216480e+06   4.9865723e+01
   3.0216830e+06   4.9255371e+01
   3.0217050e+06   4.8217773e+01
   3.0217380e+06   4.4006348e+01
   3.0217700e+06   4.9987793e+01
   3.0217830e+06   4.3762207e+01
   3.0219020e+06   4.5166016e+01
   3.0303110e+06   4.3334961e+01
   3.0303380e+06   7.0861816e+01
   3.0303680e+06   5.2490234e+01
   3.0304000e+06   5.7739258e+01
   3.0304530e+06   4.7912598e+01
   3.0358250e+06   5.7922363e+01
   3.0358770e+06   5.2612305e+01
   3.0359120e+06   4.6081543e+01
   3.0359460e+06   6.2866211e+01
   3.0410240e+06   5.1330566e+01
   3.0410690e+06   4.4616699e+01
   3.0411160e+06   4.5532227e+01
   3.0411430e+06   5.0537109e+01
   3.0460030e+06   4.7668457e+01
   3.0460230e+06   5.0231934e+01
   3.0460750e+06   4.8095703e+01
   3.0461040e+06   4.4860840e+01
   3.0515030e+06   5.5725098e+01
   3.0515330e+06   4.8400879e+01
   3.0515640e+06   5.8288574e+01
   3.0515860e+06   5.5297852e+01
   3.0516260e+06   5.2062988e+01
   3.0516450e+06   4.9682617e+01
   3.0516960e+06   4.4372559e+01
   3.0575500e+06   6.5490723e+01
   3.0575890e+06   4.9621582e+01
   3.0576400e+06   6.4758301e+01
   3.0576620e+06   4.3762207e+01
   3.0639460e+06   4.4738770e+01
   3.0639700e+06   7.7026367e+01
   3.0639850e+06   7.2326660e+01
   3.0640250e+06   5.4077148e+01
   3.0640770e+06   5.4870605e+01
   3.0641700e+06   4.3640137e+01
   3.0702640e+06   4.9865723e+01
   3.0702820e+06   5.5969238e+01
   3.0703180e+06   6.0729980e+01
   3.0703380e+06   4.8217773e+01
   3.0703690e+06   4.8217773e+01
   3.0772860e+06   7.1166992e+01
   3.0773380e+06   4.5471191e+01
   3.0774000e+06   4.3884277e+01
   3.0774660e+06   4.4067383e+01
   3.0775050e+06   4.5654297e+01
   3.0851230e+06   4.8583984e+01
   3.0851480e+06   1.0583496e+02
   3.0851660e+06   5.1391602e+01
   3.0852020e+06   5.1208496e+01
   3.0852540e+06   5.3588867e+01
   3.0931780e+06   4.6813965e+01
   3.0932060e+06   6.2927246e+01
   3.0932220e+06   5.2246094e+01
   3.0932790e+06   4.9987793e+01
   3.0933230e+06   4.8645020e+01
   3.0933770e+06   4.3029785e+01
   3.1022970e+06   6.6040039e+01
   3.1023200e+06   6.8542480e+01
   3.1023520e+06   4.5471191e+01
   3.1023780e+06   5.5114746e+01
   3.1023990e+06   5.2612305e+01
   3.1031370e+06   4.5410156e+01
   3.1089310e+06   4.5104980e+01
   3.1089480e+06   6.9946289e+01
   3.1089770e+06   4.6447754e+01
   3.1090010e+06   4.4433594e+01
   3.1090250e+06   4.3945313e+01
   3.1157710e+06   6.8847656e+01
   3.1157920e+06   5.4443359e+01
   3.1158280e+06   5.3161621e+01
   3.1158390e+06   5.1940918e+01
   3.1158860e+06   5.1574707e+01
   3.1159500e+06   4.5776367e+01
   3.1229990e+06   6.4697266e+01
   3.1230580e+06   4.4067383e+01
   3.1230960e+06   4.6691895e+01
   3.1231220e+06   4.4433594e+01
   3.1314610e+06   6.8664551e+01
   3.1314750e+06   6.5612793e+01
   3.1314970e+06   5.1757813e+01
   3.1315630e+06   4.3334961e+01
   3.1398510e+06   4.3579102e+01
   3.1398730e+06   4.7058105e+01
   3.1398840e+06   7.5988770e+01
   3.1399130e+06   5.4382324e+01
   3.1484430e+06   4.5654297e+01
   3.1484580e+06   4.5959473e+01
   3.1484960e+06   5.8898926e+01
   3.1485090e+06   6.0791016e+01
   3.1485370e+06   4.3518066e+01
   3.1486050e+06   4.6142578e+01
   3.1486180e+06   4.9316406e+01
   3.1486430e+06   5.0415039e+01
   3.1569960e+06   8.0139160e+01
   3.1570200e+06   4.5471191e+01
   3.1570420e+06   4.6264648e+01
   3.1570820e+06   4.3823242e+01
   3.1571140e+06   4.4555664e+01
   3.1571250e+06   5.4321289e+01
   3.1637170e+06   4.3395996e+01
   3.1637410e+06   4.3395996e+01
   3.1637910e+06   6.9580078e+01
   3.1638120e+06   4.5288086e+01
   3.1638350e+06   4.3090820e+01
   3.1638510e+06   4.4372559e+01
   3.1711120e+06   4.9621582e+01
   3.1711360e+06   6.7504883e+01
   3.1711490e+06   5.1635742e+01
   3.1711780e+06   4.8095703e+01
   3.1712210e+06   5.4443359e+01
   3.1712330e+06   5.5908203e+01
   3.1713130e+06   4.4677734e+01
   3.1713490e+06   4.5471191e+01
   3.1791650e+06   5.0415039e+01
   3.1791840e+06   5.0659180e+01
   3.1792240e+06   4.5227051e+01
   3.1792600e+06   4.3212891e+01
   3.1870780e+06   5.6030273e+01
   3.1870910e+06   5.2185059e+01
   3.1871140e+06   7.9406738e+01
   3.1871400e+06   4.9255371e+01
   3.1871520e+06   5.0964355e+01
   3.1871770e+06   5.0720215e+01
   3.1951170e+06   5.2124023e+01
   3.1951400e+06   6.6467285e+01
   3.1951500e+06   4.7241211e+01
   3.1951890e+06   4.5349121e+01
   3.1952440e+06   4.3640137e+01
   3.2035290e+06   4.8339844e+01
   3.2035580e+06   5.5480957e+01
   3.2035840e+06   7.6049805e+01
   3.2035950e+06   4.9072266e+01
   3.2036080e+06   5.1391602e+01
   3.2036270e+06   4.7546387e+01
   3.2036720e+06   6.8786621e+01
   3.2036900e+06   4.9194336e+01
   3.2114110e+06   7.7087402e+01
   3.2114280e+06   4.4189453e+01
   3.2114520e+06   4.7424316e+01
   3.2114840e+06   4.7241211e+01
   3.2115200e+06   4.4799805e+01
   3.2191350e+06   4.6630859e+01
   3.2191600e+06   7.5256348e+01
   3.2191710e+06   5.0781250e+01
   3.2191870e+06   4.9926758e+01
   3.2192340e+06   4.5715332e+01
   3.2273130e+06   4.9316406e+01
   3.2273260e+06   7.6049805e+01
   3.2273620e+06   4.9682617e+01
   3.2273870e+06   4.7607422e+01
   3.2273970e+06   4.5593262e+01
   3.2274340e+06   4.3273926e+01
   3.2274940e+06   5.2490234e+01
   3.2345790e+06   6.0607910e+01
   3.2346000e+06   6.2011719e+01
   3.2346220e+06   4.3579102e+01
   3.2346970e+06   4.4006348e+01
   3.2423260e+06   4.5288086e+01
   3.2423460e+06   6.3537598e+01
   3.2423910e+06   4.7607422e+01
   3.2504810e+06   4.3762207e+01
   3.2504920e+06   6.9152832e+01
   3.2505100e+06   4.5166016e+01
   3.2505740e+06   5.9143066e+01
   3.2506170e+06   4.6569824e+01
   3.2506910e+06   4.8461914e+01
   3.2585140e+06   5.0354004e+01
   3.2585250e+06   6.5063477e+01
   3.2585380e+06   4.4616699e+01
   3.2585560e+06   5.9936523e+01
   3.2585760e+06   4.7119141e+01
   3.2586310e+06   4.8400879e+01
   3.2655150e+06   5.7128906e+01
   3.2655590e+06   5.4748535e+01
   3.2656040e+06   4.4738770e+01
   3.2656160e+06   4.7851563e+01
   3.2656620e+06   4.7424316e+01
   3.2726900e+06   5.0354004e+01
   3.2727100e+06   4.7729492e+01
   3.2727950e+06   4.5593262e+01
   3.2804850e+06   5.0415039e+01
   3.2804950e+06   5.2307129e+01
   3.2805270e+06   4.5349121e+01
   3.2880100e+06   5.4199219e+01
   3.2880210e+06   4.9865723e+01
   3.2880570e+06   6.2194824e+01
   3.2881030e+06   4.4189453e+01
   3.2881320e+06   4.3823242e+01
   3.2954190e+06   4.6386719e+01
   3.2954310e+06   6.2011719e+01
   3.2954880e+06   5.1818848e+01
   3.2955260e+06   4.8156738e+01
   3.2955580e+06   5.1330566e+01
   3.2955980e+06   5.4138184e+01
   3.3030840e+06   4.5043945e+01
   3.3031070e+06   4.9438477e+01
   3.3031290e+06   5.7800293e+01
   3.3031540e+06   5.2978516e+01
   3.3031740e+06   4.9682617e+01
   3.3032020e+06   4.8889160e+01
   3.3115560e+06   4.7485352e+01
   3.3115770e+06   6.3293457e+01
   3.3115940e+06   5.7067871e+01
   3.3116090e+06   4.6630859e+01
   3.3116530e+06   5.4321289e+01
   3.3194140e+06   4.8278809e+01
   3.3194280e+06   4.5715332e+01
   3.3194540e+06   5.6091309e+01
   3.3194760e+06   4.3395996e+01
   3.3195310e+06   4.4738770e+01
   3.3274170e+06   4.8889160e+01
   3.3274290e+06   5.2856445e+01
   3.3275090e+06   4.3151855e+01
   3.3357290e+06   6.0119629e+01
   3.3357500e+06   5.8227539e+01
   3.3358030e+06   4.7668457e+01
   3.3358530e+06   5.3649902e+01
   3.3358660e+06   5.2490234e+01
   3.3437110e+06   5.2185059e+01
   3.3437320e+06   8.6608887e+01
   3.3518540e+06   5.7312012e+01
   3.3518760e+06   5.9265137e+01
   3.3518940e+06   4.9133301e+01
   3.3519250e+06   4.9621582e+01
   3.3519740e+06   5.1208496e+01
   3.3604280e+06   6.0974121e+01
   3.3604430e+06   6.5734863e+01
   3.3690740e+06   5.0537109e+01
   3.3781670e+06   5.7617188e+01
   3.3781850e+06   4.7424316e+01
   3.3782440e+06   4.5288086e+01
   3.3871550e+06   4.8767090e+01
   3.3871710e+06   9.3017578e+01
   3.3872170e+06   4.3395996e+01
   3.3873030e+06   4.7729492e+01
   3.3965910e+06   4.3945313e+01
   3.3966270e+06   4.5166016e+01
   3.4064440e+06   5.1452637e+01
   3.4064540e+06   5.1635742e+01
   3.4166090e+06   4.5959473e+01
   3.4166300e+06   4.8950195e+01
   3.4274830e+06   4.8156738e+01
   3.4482920e+06   5.3222656e+01
   3.8509690e+06   5.2917480e+01
   3.9902560e+06   4.5349121e+01
   4.1331620e+06   4.4250488e+01
   5.2383470e+06   4.4250488e+01
   5.4359140e+06   4.4006348e+01
   5.6142220e+06   4.3884277e+01
   5.6144240e+06   4.3640137e+01
   5.6756790e+06   4.3640137e+01
   5.6939470e+06   4.3273926e+01
   5.6941480e+06   5.1635742e+01
   5.7124470e+06   4.9926758e+01
   5.7203800e+06   4.3212891e+01
   5.7289320e+06   4.3334961e+01
   5.7354500e+06   4.3823242e+01
   5.7355300e+06   5.3955078e+01
   5.7357320e+06   4.5715332e+01
   5.7430130e+06   4.6142578e+01
   5.7430770e+06   4.7302246e+01
   5.7433920e+06   4.3823242e+01
   5.7501590e+06   4.5288086e+01
   5.7502860e+06   4.3945313e+01
   5.7569070e+06   4.7668457e+01
   5.7569360e+06   4.5715332e+01
   5.7569580e+06   4.8095703e+01
   5.7569950e+06   5.2734375e+01
   5.7570140e+06   4.4921875e+01
   5.7638650e+06   5.5969238e+01
   5.7693830e+06   4.3823242e+01
   5.7753140e+06   4.4494629e+01
   5.7753300e+06   5.4992676e+01
   5.7754250e+06   5.1391602e+01
   5.7821620e+06   4.4860840e+01
   5.7822240e+06   7.1350098e+01
   5.7822390e+06   4.5104980e+01
   5.7883960e+06   5.2246094e+01
   5.7884290e+06   5.9814453e+01
   5.7884540e+06   8.7707520e+01
   5.7884770e+06   4.6997070e+01
   5.7947020e+06   4.9072266e+01
   5.7947520e+06   6.0974121e+01
   5.7947640e+06   6.1401367e+01
   5.7947990e+06   4.7180176e+01
   5.7948460e+06   4.4860840e+01
   5.8053690e+06   4.9865723e+01
   5.8053890e+06   4.6569824e+01
   5.8107950e+06   4.8583984e+01
   5.8164620e+06   4.4799805e+01
   5.8165110e+06   4.8461914e+01
   5.8165270e+06   6.1157227e+01
   5.8165400e+06   4.3151855e+01
   5.8224140e+06   4.3579102e+01
   5.8224440e+06   4.8828125e+01
   5.8224700e+06   5.9204102e+01
   5.8224870e+06   5.0842285e+01
   5.8225730e+06   4.3090820e+01
   5.8225960e+06   4.4067383e+01
   5.8292810e+06   6.3293457e+01
   5.8293290e+06   4.9316406e+01
   5.8293450e+06   4.9560547e+01
   5.8294130e+06   5.1391602e+01
   5.8294620e+06   4.3884277e+01
   5.8357460e+06   5.6396484e+01
   5.8357790e+06   4.5898438e+01
   5.8358020e+06   5.7922363e+01
   5.8358410e+06   4.3212891e+01
   5.8358550e+06   4.7302246e+01
   5.8358650e+06   4.5227051e+01
   5.8420800e+06   4.5532227e+01
   5.8421150e+06   4.5776367e+01
   5.8421320e+06   5.1330566e+01
   5.8421830e+06   5.7189941e+01
   5.8483470e+06   5.0537109e+01
   5.8483800e+06   6.4331055e+01
   5.8483950e+06   4.3334961e+01
   5.8484260e+06   4.5837402e+01
   5.8484440e+06   5.2368164e+01
   5.8484940e+06   5.1452637e+01
   5.8541120e+06   5.7617188e+01
   5.8541550e+06   4.3273926e+01
   5.8541650e+06   4.7912598e+01
   5.8543050e+06   4.6264648e+01
   5.8602700e+06   5.0231934e+01
   5.8602880e+06   5.8227539e+01
   5.8603340e+06   5.5053711e+01
   5.8603460e+06   4.5043945e+01
   5.8604420e+06   4.5837402e+01
   5.8663270e+06   5.6335449e+01
   5.8663970e+06   6.1767578e+01
   5.8664770e+06   4.3640137e+01
   5.8718950e+06   4.3273926e+01
   5.8719360e+06   6.8786621e+01
   5.8719960e+06   4.7729492e+01
   5.8720110e+06   4.5593262e+01
   5.8720740e+06   4.6997070e+01
   5.8789740e+06   5.1818848e+01
   5.8790630e+06   4.8522949e+01
   5.8848700e+06   4.3090820e+01
   5.8849120e+06   6.3903809e+01
   5.8849360e+06   5.0476074e+01
   5.8849900e+06   5.5297852e+01
   5.8850530e+06   5.4809570e+01
   5.8906810e+06   6.0546875e+01
   5.8906990e+06   5.5053711e+01
   5.8907540e+06   4.3518066e+01
   5.8907700e+06   6.0241699e+01
   5.8908300e+06   5.1818848e+01
   5.8908950e+06   4.4982910e+01
   5.8971490e+06   5.3100586e+01
   5.8971740e+06   8.0078125e+01
   5.8971900e+06   6.5429688e+01
   5.8972300e+06   4.4982910e+01
   5.8972530e+06   4.9072266e+01
   5.8972660e+06   4.4128418e+01
   5.9038600e+06   6.0974121e+01
   5.9038840e+06   5.3161621e+01
   5.9039170e+06   5.3833008e+01
   5.9039430e+06   5.2062988e+01
   5.9039780e+06   4.8889160e+01
   5.9039930e+06   4.9865723e+01
   5.9109780e+06   4.7058105e+01
   5.9110230e+06   4.6386719e+01
   5.9165830e+06   4.6264648e+01
   5.9165970e+06   4.9438477e+01
   5.9166200e+06   4.5471191e+01
   5.9166380e+06   5.4138184e+01
   5.9166690e+06   6.8603516e+01
   5.9167140e+06   4.4067383e+01
   5.9167810e+06   5.1513672e+01
   5.9233160e+06   4.8095703e+01
   5.9233460e+06   5.3833008e+01
   5.9233740e+06   4.8156738e+01
   5.9233850e+06   6.8481445e+01
   5.9234550e+06   5.1940918e+01
   5.9291090e+06   4.4616699e+01
   5.9291430e+06   4.8828125e+01
   5.9291750e+06   4.3212891e+01
   5.9291900e+06   4.6386719e+01
   5.9292510e+06   4.3640137e+01
   5.9292930e+06   6.4941406e+01
   5.9370880e+06   6.8115234e+01
   5.9371200e+06   5.8959961e+01
   5.9371430e+06   4.3945313e+01
   5.9371700e+06   4.5959473e+01
   5.9371930e+06   4.6875000e+01
   5.9372030e+06   4.9255371e+01
   5.9372180e+06   5.6396484e+01
   5.9372280e+06   4.4494629e+01
   5.9372750e+06   4.5471191e+01
   5.9443340e+06   4.3518066e+01
   5.9443530e+06   4.3273926e+01
   5.9443650e+06   4.8950195e+01
   5.9444260e+06   5.9936523e+01
   5.9444580e+06   5.3649902e+01
   5.9444980e+06   5.2795410e+01
   5.9501220e+06   4.4067383e+01
   5.9501620e+06   5.1330566e+01
   5.9501720e+06   5.0598145e+01
   5.9502300e+06   4.4250488e+01
   5.9502600e+06   4.5471191e+01
   5.9555660e+06   4.9255371e+01
   5.9555950e+06   4.7851563e+01
   5.9556120e+06   5.1330566e+01
   5.9556850e+06   4.4616699e+01
   5.9607520e+06   6.0058594e+01
   5.9607680e+06   5.2917480e+01
   5.9608030e+06   6.7626953e+01
   5.9608290e+06   5.0231934e+01
   5.9609100e+06   4.4677734e+01
   5.9661680e+06   5.3955078e+01
   5.9661910e+06   4.9926758e+01
   5.9662230e+06   4.6569824e+01
   5.9662810e+06   4.9804688e+01
   5.9663560e+06   4.3273926e+01
   5.9719880e+06   7.0617676e+01
   5.9720530e+06   4.7302246e+01
   5.9720700e+06   4.5532227e+01
   5.9721190e+06   4.6264648e+01
   5.9721960e+06   5.1147461e+01
   5.9781550e+06   4.8706055e+01
   5.9781850e+06   7.4218750e+01
   5.9782230e+06   6.4575195e+01
   5.9783170e+06   4.6630859e+01
   5.9848110e+06   4.7485352e+01
   5.9848310e+06   5.2978516e+01
   5.9919320e+06   4.9560547e+01
   5.9919450e+06   7.2998047e+01
   5.9919690e+06   5.9326172e+01
   5.9920090e+06   5.3588867e+01
   5.9920620e+06   4.8278809e+01
   5.9921190e+06   5.2551270e+01
   5.9993770e+06   6.0119629e+01
   5.9993920e+06   5.4077148e+01
   5.9994080e+06   5.4626465e+01
   5.9994380e+06   4.7607422e+01
   5.9994590e+06   6.8664551e+01
   5.9995140e+06   6.1645508e+01
   6.0057310e+06   6.0852051e+01
   6.0057440e+06   5.6396484e+01
   6.0057700e+06   5.8471680e+01
   6.0058420e+06   4.7912598e+01
   6.0059350e+06   5.0231934e+01
   6.0128580e+06   6.8176270e+01
   6.0128820e+06   5.1330566e+01
   6.0129050e+06   4.3273926e+01
   6.0129840e+06   5.8166504e+01
   6.0206000e+06   8.0749512e+01
   6.0206240e+06   4.7241211e+01
   6.0206840e+06   4.4982910e+01
   6.0207710e+06   4.8645020e+01
   6.0280630e+06   4.8828125e+01
   6.0280940e+06   5.2551270e+01
   6.0353000e+06   5.9875488e+01
   6.0353260e+06   5.6518555e+01
   6.0353420e+06   5.0231934e+01
   6.0353640e+06   5.6640625e+01
   6.0425920e+06   4.8767090e+01
   6.0426280e+06   5.2917480e+01
   6.0426600e+06   4.7546387e+01
   6.0426740e+06   4.4128418e+01
   6.0427540e+06   4.5959473e+01
   6.0428510e+06   5.3039551e+01
   6.0502670e+06   5.3100586e+01
   6.0502960e+06   5.2429199e+01
   6.0503480e+06   6.2316895e+01
   6.0503820e+06   6.2744141e+01
   6.0504900e+06   4.4982910e+01
   6.0583370e+06   4.4555664e+01
   6.0583710e+06   5.9143066e+01
   6.0583950e+06   4.5593262e+01
   6.0668510e+06   5.6457520e+01
   6.0668690e+06   5.1757813e+01
   6.0669700e+06   4.9560547e+01
   6.0676300e+06   4.4067383e+01
   6.0738530e+06   4.7912598e+01
   6.0738980e+06   4.5959473e+01
   6.0739740e+06   4.3395996e+01
   6.0740280e+06   5.3161621e+01
   6.0806140e+06   5.8227539e+01
   6.0806250e+06   5.1086426e+01
   6.0806590e+06   4.8461914e+01
   6.0807280e+06   5.5480957e+01
   6.0807950e+06   4.3884277e+01
   6.0875220e+06   5.6945801e+01
   6.0875790e+06   4.7241211e+01
   6.0876050e+06   5.4809570e+01
   6.0876300e+06   4.4189453e+01
   6.0945150e+06   4.3579102e+01
   6.0945510e+06   5.1879883e+01
   6.0945670e+06   7.5744629e+01
   6.0946500e+06   4.8828125e+01
   6.0946690e+06   5.7067871e+01
   6.1015430e+06   5.4077148e+01
   6.1015640e+06   5.4443359e+01
   6.1082580e+06   5.4992676e+01
   6.1083000e+06   5.3466797e+01
   6.1083220e+06   4.8583984e+01
   6.1083430e+06   4.3945313e+01
   6.1083730e+06   6.7382813e+01
   6.1083950e+06   5.1025391e+01
   6.1166940e+06   5.0659180e+01
   6.1167060e+06   5.4199219e+01
   6.1167370e+06   8.3190918e+01
   6.1168260e+06   4.4738770e+01
   6.1238420e+06   5.6701660e+01
   6.1238650e+06   4.5654297e+01
   6.1239160e+06   4.4433594e+01
   6.1239410e+06   4.4006348e+01
   6.1310620e+06   5.2856445e+01
   6.1310860e+06   4.5715332e+01
   6.1311040e+06   4.7302246e+01
   6.1311400e+06   4.7302246e+01
   6.1312630e+06   4.3945313e+01
   6.1379340e+06   5.3955078e+01
   6.1379650e+06   4.3884277e+01
   6.1380020e+06   4.4738770e+01
   6.1380320e+06   4.6081543e+01
   6.1381640e+06   4.7485352e+01
   6.1452010e+06   5.4931641e+01
   6.1452280e+06   6.5429688e+01
   6.1452520e+06   4.9499512e+01
   6.1452700e+06   4.3640137e+01
   6.1453110e+06   4.8278809e+01
   6.1453330e+06   5.1635742e+01
   6.1521110e+06   7.1289063e+01
   6.1521240e+06   6.7016602e+01
   6.1521400e+06   6.3537598e+01
   6.1521680e+06   4.5532227e+01
   6.1521960e+06   4.7790527e+01
   6.1522200e+06   4.3151855e+01
   6.1592140e+06   6.1889648e+01
   6.1592290e+06   5.5603027e+01
   6.1592480e+06   6.8359375e+01
   6.1593190e+06   4.8889160e+01
   6.1593400e+06   4.3029785e+01
   6.1660830e+06   6.3293457e+01
   6.1661000e+06   4.8828125e+01
   6.1661350e+06   4.4250488e+01
   6.1662340e+06   5.2062988e+01
   6.1733360e+06   5.1635742e+01
   6.1733460e+06   5.4199219e+01
   6.1733890e+06   6.5551758e+01
   6.1734160e+06   4.6630859e+01
   6.1807190e+06   4.5593262e+01
   6.1807430e+06   7.2387695e+01
   6.1807590e+06   5.1940918e+01
   6.1807850e+06   6.1096191e+01
   6.1808160e+06   4.4372559e+01
   6.1808380e+06   4.3090820e+01
   6.1808920e+06   4.3212891e+01
   6.1880620e+06   4.7363281e+01
   6.1881050e+06   4.8217773e+01
   6.1881630e+06   6.5124512e+01
   6.1882190e+06   5.2551270e+01
   6.1956530e+06   4.3090820e+01
   6.1956710e+06   5.3466797e+01
   6.1956990e+06   4.6386719e+01
   6.1957670e+06   5.1269531e+01
   6.1958380e+06   4.9743652e+01
   6.2027720e+06   4.9804688e+01
   6.2028040e+06   7.8796387e+01
   6.2028220e+06   5.3344727e+01
   6.2028400e+06   4.7363281e+01
   6.2029130e+06   4.3029785e+01
   6.2104130e+06   4.9072266e+01
   6.2104380e+06   6.2438965e+01
   6.2183400e+06   6.5124512e+01
   6.2183530e+06   5.8959961e+01
   6.2184240e+06   4.3151855e+01
   6.2260230e+06   5.0659180e+01
   6.2260520e+06   5.9020996e+01
   6.2261040e+06   5.1696777e+01
   6.2261710e+06   4.3701172e+01
   6.2336360e+06   5.4199219e+01
   6.2336490e+06   6.1157227e+01
   6.2336710e+06   5.2612305e+01
   6.2336860e+06   7.7636719e+01
   6.2337250e+06   4.3823242e+01
   6.2337740e+06   4.7424316e+01
   6.2409840e+06   5.1330566e+01
   6.2410020e+06   9.5153809e+01
   6.2410300e+06   4.3334961e+01
   6.2411360e+06   4.8034668e+01
   6.2484730e+06   4.5043945e+01
   6.2485000e+06   6.1767578e+01
   6.2485350e+06   5.8349609e+01
   6.2485470e+06   4.4433594e+01
   6.2485720e+06   4.3884277e+01
   6.2486030e+06   4.4494629e+01
   6.2486290e+06   4.4494629e+01
   6.2557610e+06   5.4931641e+01
   6.2557780e+06   4.7729492e+01
   6.2557970e+06   5.8471680e+01
   6.2558180e+06   5.2856445e+01
   6.2558680e+06   5.5664063e+01
   6.2630480e+06   4.4555664e+01
   6.2630690e+06   5.2734375e+01
   6.2631140e+06   6.0791016e+01
   6.2631330e+06   4.3395996e+01
   6.2631570e+06   5.0170898e+01
   6.2708450e+06   5.0659180e+01
   6.2708580e+06   4.8400879e+01
   6.2708680e+06   4.6936035e+01
   6.2708950e+06   4.3579102e+01
   6.2709300e+06   4.5410156e+01
   6.2709890e+06   5.1696777e+01
   6.2783370e+06   5.2307129e+01
   6.2783510e+06   5.7067871e+01
   6.2783840e+06   5.0659180e+01
   6.2784120e+06   5.3527832e+01
   6.2784470e+06   4.7302246e+01
   6.2857900e+06   5.7617188e+01
   6.2858160e+06   4.4006348e+01
   6.2858440e+06   4.8950195e+01
   6.2934610e+06   5.0842285e+01
   6.2934710e+06   4.4311523e+01
   6.2934850e+06   5.4138184e+01
   6.2935160e+06   5.4016113e+01
   6.3018730e+06   4.9072266e+01
   6.3018930e+06   6.8969727e+01
   6.3019630e+06   4.7119141e+01
   6.3102420e+06   5.0476074e+01
   6.3102590e+06   5.0781250e+01
   6.3103230e+06   5.2429199e+01
   6.3103480e+06   5.4321289e+01
   6.3103580e+06   4.6447754e+01
   6.3187230e+06   4.4067383e+01
   6.3187370e+06   6.3415527e+01
   6.3187930e+06   4.4250488e+01
   6.3188150e+06   5.5847168e+01
   6.3258580e+06   6.0913086e+01
   6.3353260e+06   4.6813965e+01
   6.3353530e+06   5.8532715e+01
   6.3353860e+06   4.8950195e+01
   6.3354620e+06   5.3588867e+01
   6.3434210e+06   4.9072266e+01
   6.3434550e+06   4.9987793e+01
   6.3435550e+06   4.3640137e+01
   6.3514690e+06   4.6386719e+01
   6.3598630e+06   4.8278809e+01
   6.3676720e+06   4.4372559e+01
   6.3756580e+06   4.5104980e+01
   6.4103910e+06   4.7302246e+01
   7.4395280e+06   4.4311523e+01
   7.6111200e+06   4.7363281e+01
   7.7294120e+06   4.7912598e+01
   7.7795540e+06   4.3029785e+01
   7.8171540e+06   4.8034668e+01
   7.8258400e+06   4.3640137e+01
   7.8580270e+06   5.3405762e+01
   7.9040120e+06   4.6691895e+01
   7.9112010e+06   4.6997070e+01
   7.9371440e+06   4.6508789e+01
   8.0019490e+06   4.4677734e+01
   8.0301040e+06   4.3640137e+01
   8.0430350e+06   4.4921875e+01
   8.0568280e+06   5.1086426e+01
   8.0713630e+06   4.9865723e+01
   8.0715710e+06   4.3640137e+01
   8.0856230e+06   4.3884277e+01
   8.0998660e+06   4.5654297e+01
   8.0999080e+06   5.0170898e+01
   8.1211660e+06   4.9621582e+01
   8.1432800e+06   4.4311523e+01
   8.1517360e+06   4.6630859e+01
   8.1517530e+06   5.6579590e+01
   8.1929750e+06   4.4860840e+01
   8.1930600e+06   4.5532227e+01
   8.1930820e+06   5.8166504e+01
   8.1932900e+06   4.6020508e+01
   8.2087230e+06   4.3151855e+01
   8.2235440e+06   4.5227051e+01
   8.2237700e+06   4.8706055e+01
   8.2395510e+06   4.5104980e+01
   8.2395810e+06   4.4677734e+01
   8.2491080e+06   4.6813965e+01
   8.2641260e+06   4.3457031e+01
   8.2641370e+06   5.4992676e+01
   8.2805810e+06   4.5104980e+01
   8.2888780e+06   4.6508789e+01
   8.3058890e+06   4.5227051e+01
   8.3059300e+06   4.5715332e+01
   8.3059610e+06   5.1391602e+01
   8.3159700e+06   4.3884277e+01
   8.3235560e+06   5.0170898e+01
   8.3320800e+06   4.9194336e+01
   8.3322090e+06   4.9438477e+01
   8.3322680e+06   4.4799805e+01
   8.3576990e+06   4.4555664e+01
   8.3579220e+06   4.6325684e+01
   8.3765370e+06   5.4870605e+01
   8.3766010e+06   4.4189453e+01
   8.3863480e+06   4.4189453e+01
   8.3863870e+06   5.1574707e+01
   8.3865010e+06   4.5166016e+01
   8.3971470e+06   4.5776367e+01
   8.3971740e+06   5.7678223e+01
   8.3973340e+06   4.3334961e+01
   8.4073780e+06   5.4626465e+01
   8.4169140e+06   5.6335449e+01
   8.4169510e+06   4.7302246e+01
   8.4264160e+06   4.4067383e+01
   8.4264740e+06   4.4189453e+01
   8.4464940e+06   4.3457031e+01
   8.4465360e+06   4.3457031e+01
   8.4465870e+06   4.4799805e+01
   8.4566500e+06   4.6569824e+01
   8.4567480e+06   4.6020508e+01
   8.4567970e+06   4.7424316e+01
   8.4668090e+06   4.3151855e+01
   8.4668550e+06   4.4738770e+01
   8.4669220e+06   4.5471191e+01
   8.4669790e+06   4.3151855e+01
   8.4669990e+06   4.4311523e+01
   8.4769690e+06   4.7851563e+01
   8.4769990e+06   4.5776367e+01
   8.4865930e+06   4.9377441e+01
   8.4866410e+06   5.0598145e+01
   8.4867040e+06   4.6508789e+01
   8.4970230e+06   5.3833008e+01
   8.4970960e+06   7.8063965e+01
   8.4971370e+06   5.0476074e+01
   8.4972180e+06   5.2307129e+01
   8.5087840e+06   5.3771973e+01
   8.5091200e+06   5.5236816e+01
   8.5173160e+06   4.5288086e+01
   8.5174200e+06   4.9926758e+01
   8.5352660e+06   4.7119141e+01
   8.5352770e+06   4.4433594e+01
   8.5353080e+06   4.4799805e+01
   8.5353200e+06   4.6447754e+01
   8.5353760e+06   4.8034668e+01
   8.5354670e+06   5.9997559e+01
   8.5451010e+06   5.5908203e+01
   8.5551600e+06   4.4067383e+01
   8.5552530e+06   5.7128906e+01
   8.5648820e+06   4.4799805e+01
   8.5744480e+06   4.3151855e+01
   8.5745480e+06   5.2429199e+01
   8.5745640e+06   4.5288086e+01
   8.5747490e+06   5.2062988e+01
   8.5917910e+06   4.3884277e+01
   8.5918800e+06   4.3151855e+01
   8.6002020e+06   4.3823242e+01
   8.6087450e+06   4.8278809e+01
   8.6177740e+06   4.4982910e+01
   8.6178350e+06   5.4809570e+01
   8.6178510e+06   5.5419922e+01
   8.6270820e+06   4.4372559e+01
   8.6271590e+06   4.7607422e+01
   8.6273390e+06   4.4067383e+01
   8.6363200e+06   4.4372559e+01
   8.6450150e+06   5.0354004e+01
   8.6450760e+06   5.4748535e+01
   8.6451810e+06   4.6997070e+01
   8.6538860e+06   4.4555664e+01
   8.6539440e+06   4.4433594e+01
   8.6638240e+06   4.5227051e+01
   8.6638700e+06   4.4555664e+01
   8.6639070e+06   4.6325684e+01
   8.6639980e+06   4.3518066e+01
   8.6640230e+06   4.8034668e+01
   8.6742360e+06   4.3151855e+01
   8.6743310e+06   4.4799805e+01
   8.6743850e+06   4.3212891e+01
   8.6930260e+06   4.4067383e+01
   8.6931240e+06   4.4128418e+01
   8.7019730e+06   4.9499512e+01
   8.7020120e+06   4.4433594e+01
   8.7020930e+06   4.7973633e+01
   8.7109710e+06   4.9743652e+01
   8.7111490e+06   7.5561523e+01
   8.7112310e+06   4.6752930e+01
   8.7201230e+06   4.9377441e+01
   8.7201920e+06   4.4921875e+01
   8.7294360e+06   5.5969238e+01
   8.7296240e+06   4.7729492e+01
   8.7296470e+06   4.4494629e+01
   8.7394430e+06   4.6203613e+01
   8.7395070e+06   5.4199219e+01
   8.7489270e+06   4.7973633e+01
   8.7585150e+06   4.6630859e+01
   8.7587020e+06   5.6945801e+01
   8.7683780e+06   4.6142578e+01
   8.7874520e+06   4.5288086e+01
   8.7875660e+06   4.9316406e+01
   8.7876440e+06   4.8583984e+01
   8.7974530e+06   4.7729492e+01
   8.8070860e+06   4.4067383e+01
   8.8172870e+06   5.1818848e+01
   8.8173080e+06   5.1086426e+01
   8.8279100e+06   4.5898438e+01
   8.8280870e+06   4.4311523e+01
   8.8377610e+06   4.3151855e+01
   8.8476590e+06   5.1147461e+01
   8.8572970e+06   6.6040039e+01
   8.8766250e+06   4.7912598e+01
   8.8857930e+06   4.5227051e+01
   8.8956470e+06   4.3090820e+01
   8.8956600e+06   4.9194336e+01
   8.9050390e+06   4.4006348e+01
   8.9052210e+06   4.5776367e+01
   8.9142380e+06   4.3029785e+01
   8.9239240e+06   4.3518066e+01
   8.9778750e+06   4.4067383e+01
   9.9509270e+06   4.5593262e+01
   9.9517340e+06   4.5959473e+01
   9.9518180e+06   4.4921875e+01
   9.9519100e+06   4.5410156e+01
   9.9519980e+06   4.3090820e+01
   1.0032137e+07   4.5104980e+01
   1.0032271e+07   4.4799805e+01
   1.0041221e+07   4.3090820e+01
   1.0041275e+07   4.3151855e+01
   1.0041315e+07   4.8828125e+01
   1.0051994e+07   4.7546387e+01
   1.0052015e+07   4.3334961e+01
   1.0060755e+07   4.8522949e+01
   1.0060852e+07   4.4006348e+01
   1.0069668e+07   4.6020508e+01
   1.0078340e+07   5.2246094e+01
   1.0078431e+07   4.3395996e+01
   1.0085993e+07   6.4758301e+01
   1.0086068e+07   5.4016113e+01
   1.0101679e+07   4.5776367e+01
   1.0102038e+07   4.9438477e+01
   1.0108974e+07   4.6386719e+01
   1.0108989e+07   4.5288086e+01
   1.0116724e+07   4.3518066e+01
   1.0116744e+07   5.2856445e+01
   1.0116805e+07   4.6875000e+01
   1.0116845e+07   5.3649902e+01
   1.0116868e+07   5.3649902e+01
   1.0125297e+07   4.3151855e+01
   1.0132198e+07   6.2316895e+01
   1.0132281e+07   5.2856445e+01
   1.0132336e+07   4.7058105e+01
   1.0140071e+07   5.1635742e+01
   1.0140113e+07   5.2185059e+01
   1.0140160e+07   4.8950195e+01
   1.0140217e+07   4.8706055e+01
   1.0140276e+07   4.5654297e+01
   1.0148644e+07   4.9560547e+01
   1.0148656e+07   5.5603027e+01
   1.0148693e+07   4.9194336e+01
   1.0148729e+07   4.4006348e+01
   1.0156361e+07   4.7302246e+01
   1.0156415e+07   4.5227051e+01
   1.0156449e+07   5.8044434e+01
   1.0163426e+07   4.6508789e+01
   1.0163446e+07   4.6691895e+01
   1.0163499e+07   5.8715820e+01
   1.0170569e+07   5.0842285e+01
   1.0170585e+07   5.5358887e+01
   1.0170633e+07   4.8095703e+01
   1.0170711e+07   4.3212891e+01
   1.0178029e+07   5.1757813e+01
   1.0185636e+07   5.2368164e+01
   1.0185672e+07   5.8898926e+01
   1.0185683e+07   5.0903320e+01
   1.0185705e+07   6.0974121e+01
   1.0185753e+07   5.1086426e+01
   1.0185823e+07   5.2062988e+01
   1.0193383e+07   4.3273926e+01
   1.0193403e+07   4.3579102e+01
   1.0193437e+07   4.4433594e+01
   1.0193479e+07   6.1645508e+01
   1.0193500e+07   4.6325684e+01
   1.0193513e+07   4.7302246e+01
   1.0200608e+07   4.7119141e+01
   1.0200635e+07   5.9082031e+01
   1.0200699e+07   4.5166016e+01
   1.0207758e+07   5.1574707e+01
   1.0207790e+07   5.0598145e+01
   1.0207824e+07   4.3212891e+01
   1.0207847e+07   4.5410156e+01
   1.0207880e+07   4.4738770e+01
   1.0215210e+07   4.3945313e+01
   1.0215236e+07   4.8217773e+01
   1.0215259e+07   5.0476074e+01
   1.0215347e+07   4.4799805e+01
   1.0222359e+07   4.5532227e+01
   1.0222418e+07   4.9255371e+01
   1.0222498e+07   4.3334961e+01
   1.0229208e+07   4.9072266e+01
   1.0229246e+07   4.8950195e+01
   1.0229262e+07   5.9265137e+01
   1.0229377e+07   7.0678711e+01
   1.0235855e+07   4.9072266e+01
   1.0235873e+07   6.4270020e+01
   1.0235890e+07   4.5593262e+01
   1.0235949e+07   5.2429199e+01
   1.0243097e+07   5.1147461e+01
   1.0243172e+07   5.7067871e+01
   1.0250349e+07   4.3823242e+01
   1.0250365e+07   4.4738770e+01
   1.0250468e+07   6.5734863e+01
   1.0257647e+07   4.7485352e+01
   1.0257695e+07   4.3029785e+01
   1.0257708e+07   4.6875000e+01
   1.0257751e+07   4.9499512e+01
   1.0257779e+07   4.3945313e+01
   1.0265022e+07   4.9438477e+01
   1.0265035e+07   4.6325684e+01
   1.0265052e+07   5.8776855e+01
   1.0265065e+07   5.4443359e+01
   1.0265132e+07   4.4921875e+01
   1.0265165e+07   5.4809570e+01
   1.0272776e+07   5.5419922e+01
   1.0272826e+07   4.4128418e+01
   1.0272837e+07   5.2490234e+01
   1.0272869e+07   5.2490234e+01
   1.0279620e+07   4.6142578e+01
   1.0279630e+07   5.2612305e+01
   1.0279659e+07   6.0241699e+01
   1.0279740e+07   4.3029785e+01
   1.0286342e+07   5.0292969e+01
   1.0286404e+07   5.3466797e+01
   1.0293711e+07   4.3334961e+01
   1.0293729e+07   4.5410156e+01
   1.0293765e+07   5.7006836e+01
   1.0293785e+07   4.8095703e+01
   1.0293875e+07   4.7058105e+01
   1.0301258e+07   5.0903320e+01
   1.0301268e+07   5.7250977e+01
   1.0301292e+07   6.3415527e+01
   1.0301393e+07   4.5288086e+01
   1.0308655e+07   5.3771973e+01
   1.0308698e+07   4.7241211e+01
   1.0308722e+07   5.7922363e+01
   1.0315624e+07   5.9570313e+01
   1.0315699e+07   4.5410156e+01
   1.0315730e+07   4.4860840e+01
   1.0322703e+07   4.9316406e+01
   1.0322723e+07   4.5471191e+01
   1.0322748e+07   7.1166992e+01
   1.0322832e+07   4.4799805e+01
   1.0330250e+07   5.2856445e+01
   1.0330270e+07   5.0659180e+01
   1.0330283e+07   4.3762207e+01
   1.0330310e+07   5.0109863e+01
   1.0330321e+07   4.4067383e+01
   1.0330404e+07   5.3955078e+01
   1.0330507e+07   4.6142578e+01
   1.0337662e+07   4.7668457e+01
   1.0337704e+07   5.5053711e+01
   1.0337736e+07   5.5053711e+01
   1.0337777e+07   4.8339844e+01
   1.0337851e+07   4.5227051e+01
   1.0345491e+07   4.6875000e+01
   1.0345509e+07   6.0424805e+01
   1.0345563e+07   5.1452637e+01
   1.0345613e+07   6.2011719e+01
   1.0353201e+07   4.3823242e+01
   1.0353246e+07   6.2133789e+01
   1.0353264e+07   4.5043945e+01
   1.0353293e+07   5.3527832e+01
   1.0353304e+07   5.8532715e+01
   1.0360544e+07   5.0476074e+01
   1.0360561e+07   6.2988281e+01
   1.0360573e+07   5.3222656e+01
   1.0360594e+07   5.7983398e+01
   1.0360634e+07   5.6579590e+01
   1.0373630e+07   4.7058105e+01
   1.0373812e+07   4.5349121e+01
   1.0380887e+07   4.8156738e+01
   1.0380906e+07   4.7485352e+01
   1.0380944e+07   4.4433594e+01
   1.0380970e+07   5.7373047e+01
   1.0381043e+07   4.7607422e+01
   1.0388527e+07   6.0119629e+01
   1.0388541e+07   4.4128418e+01
   1.0388636e+07   5.8105469e+01
   1.0388730e+07   4.4006348e+01
   1.0396328e+07   4.9194336e+01
   1.0396340e+07   5.4016113e+01
   1.0396407e+07   5.0537109e+01
   1.0396425e+07   4.4921875e+01
   1.0404220e+07   4.6630859e+01
   1.0404243e+07   7.2082520e+01
   1.0404258e+07   5.2490234e+01
   1.0404322e+07   4.3945313e+01
   1.0411734e+07   4.4860840e+01
   1.0411788e+07   5.0048828e+01
   1.0411842e+07   4.4433594e+01
   1.0411890e+07   4.7607422e+01
   1.0419182e+07   4.4250488e+01
   1.0419197e+07   5.9265137e+01
   1.0419226e+07   5.2185059e+01
   1.0419247e+07   5.2917480e+01
   1.0419359e+07   4.4067383e+01
   1.0427124e+07   4.3457031e+01
   1.0427136e+07   7.2570801e+01
   1.0427178e+07   5.0476074e+01
   1.0427199e+07   5.3222656e+01
   1.0427295e+07   4.7912598e+01
   1.0427324e+07   4.5166016e+01
   1.0435441e+07   8.0139160e+01
   1.0435459e+07   4.4616699e+01
   1.0435529e+07   5.1391602e+01
   1.0435559e+07   4.5959473e+01
   1.0443890e+07   5.5786133e+01
   1.0443902e+07   4.4921875e+01
   1.0443929e+07   4.6875000e+01
   1.0443958e+07   5.0720215e+01
   1.0452276e+07   5.0292969e+01
   1.0452294e+07   4.9926758e+01
   1.0452332e+07   5.2917480e+01
   1.0452350e+07   4.8889160e+01
   1.0452408e+07   4.8645020e+01
   1.0452440e+07   4.6630859e+01
   1.0460611e+07   5.2490234e+01
   1.0460635e+07   8.3435059e+01
   1.0460667e+07   4.8339844e+01
   1.0460707e+07   5.2062988e+01
   1.0460775e+07   4.4250488e+01
   1.0469225e+07   4.7119141e+01
   1.0469238e+07   4.6691895e+01
   1.0469292e+07   5.0354004e+01
   1.0469330e+07   4.5654297e+01
   1.0477500e+07   5.1086426e+01
   1.0477512e+07   4.8706055e+01
   1.0477539e+07   4.5104980e+01
   1.0477617e+07   4.3273926e+01
   1.0477691e+07   4.7119141e+01
   1.0486380e+07   6.2622070e+01
   1.0486400e+07   4.6997070e+01
   1.0486413e+07   1.0888672e+02
   1.0486518e+07   4.8278809e+01
   1.0486623e+07   4.3273926e+01
   1.0495097e+07   4.7119141e+01
   1.0495128e+07   5.6274414e+01
   1.0495141e+07   5.9875488e+01
   1.0495183e+07   4.5959473e+01
   1.0495265e+07   6.2683105e+01
   1.0503737e+07   4.3640137e+01
   1.0503770e+07   5.7739258e+01
   1.0503815e+07   4.3273926e+01
   1.0512623e+07   4.7790527e+01
   1.0512663e+07   4.5043945e+01
   1.0521534e+07   5.9020996e+01
   1.0521576e+07   4.7546387e+01
   1.0521607e+07   4.4677734e+01
   1.0521674e+07   5.1635742e+01
   1.0521695e+07   4.4128418e+01
   1.0530876e+07   4.3273926e+01
   1.0530930e+07   5.0231934e+01
   1.0530944e+07   4.6142578e+01
   1.0531001e+07   5.4870605e+01
   1.0540134e+07   5.2978516e+01
   1.0540187e+07   5.1574707e+01
   1.0540263e+07   4.6630859e+01
   1.0540299e+07   4.5654297e+01
   1.0540384e+07   4.3762207e+01
   1.0549881e+07   4.4372559e+01
   1.0550024e+07   4.3579102e+01
   1.0550264e+07   4.7302246e+01
   1.0559904e+07   5.2185059e+01
   1.0559925e+07   4.3457031e+01
   1.0559948e+07   6.0302734e+01
   1.0560057e+07   4.7973633e+01
   1.0569431e+07   4.9072266e+01
   1.0569453e+07   4.3945313e+01
   1.0579173e+07   5.2368164e+01
   1.0579234e+07   4.7729492e+01
   1.0579272e+07   4.4311523e+01
   1.0579345e+07   4.4189453e+01
   1.0588742e+07   4.3395996e+01
   1.0588763e+07   4.5898438e+01
   1.0588815e+07   4.6752930e+01
   1.0598804e+07   4.6325684e+01
   1.0598855e+07   5.7067871e+01
   1.0598918e+07   4.8583984e+01
   1.0598948e+07   4.5104980e+01
   1.0598964e+07   4.3762207e+01
   1.0599117e+07   4.7302246e+01
   1.0608759e+07   4.8828125e+01
   1.0608780e+07   4.7119141e+01
   1.0608796e+07   5.5847168e+01
   1.0608846e+07   4.9438477e+01
   1.0608919e+07   5.6640625e+01
   1.0618881e+07   4.4128418e+01
   1.0618920e+07   5.7189941e+01
   1.0618978e+07   4.5166016e+01
   1.0619013e+07   4.3579102e+01
   1.0619087e+07   4.3945312e+01
   1.0630369e+07   4.4067383e+01
   1.0630428e+07   4.9011230e+01
   1.0630484e+07   4.8400879e+01
   1.0630594e+07   6.1462402e+01
   1.0640950e+07   4.6447754e+01
   1.0640993e+07   5.0781250e+01
   1.0641054e+07   5.1330566e+01
   1.0651468e+07   5.2978516e+01
   1.0651571e+07   4.4616699e+01
   1.0651673e+07   4.6997070e+01
   1.0662317e+07   4.4921875e+01
   1.0662378e+07   4.5837402e+01
   1.0662407e+07   5.1147461e+01
   1.0674089e+07   5.5358887e+01
   1.0674120e+07   4.9743652e+01
   1.0686000e+07   4.4616699e+01
   1.0686171e+07   4.3945313e+01
   1.0698500e+07   5.9082031e+01
   1.0721980e+07   4.7607422e+01
   1.0749364e+07   4.3762207e+01
   1.0749460e+07   4.9194336e+01
