   1.1999000e+07   0.0000000e+00
   4.3690000e+03   2.3620605e+01
   9.3330000e+03   2.2277832e+01
   9.4000000e+03   5.0109863e+01
   9.4190000e+03   2.5024414e+01
   9.4460000e+03   2.4536133e+01
   9.4570000e+03   2.7099609e+01
   9.4880000e+03   4.0283203e+01
   9.5060000e+03   3.7475586e+01
   9.5670000e+03   3.9489746e+01
   9.6020000e+03   2.9418945e+01
   9.7510000e+03   2.3437500e+01
   1.0415000e+04   2.3132324e+01
   1.0766000e+04   2.3193359e+01
   5.8118000e+04   2.2888184e+01
   8.6453000e+04   2.4658203e+01
   8.6466000e+04   4.1320801e+01
   8.6482000e+04   2.4169922e+01
   8.6556000e+04   4.4799805e+01
   8.6573000e+04   4.5959473e+01
   8.6613000e+04   2.8808594e+01
   8.6651000e+04   3.1677246e+01
   8.6686000e+04   2.9602051e+01
   8.6749000e+04   2.6977539e+01
   8.7015000e+04   2.4169922e+01
   1.5261700e+05   4.2053223e+01
   1.5277400e+05   4.3518066e+01
   1.5359700e+05   2.2827148e+01
   1.8642300e+05   2.7526855e+01
   1.8911000e+05   2.3376465e+01
   1.8922800e+05   6.3903809e+01
   1.8925600e+05   3.1311035e+01
   1.8929300e+05   4.0832520e+01
   1.8932900e+05   4.1198730e+01
   1.8934200e+05   2.4658203e+01
   1.8942900e+05   3.4179688e+01
   1.8944000e+05   2.5085449e+01
   2.5459800e+05   2.5817871e+01
   2.5490700e+05   4.4921875e+01
   2.5528400e+05   2.5695801e+01
   2.9081600e+05   2.8076172e+01
   2.9083700e+05   2.3010254e+01
   2.9085100e+05   4.6508789e+01
   2.9093600e+05   3.5461426e+01
   2.9097000e+05   2.3437500e+01
   2.9098600e+05   2.6245117e+01
   2.9101500e+05   2.6306152e+01
   2.9128200e+05   2.3498535e+01
   2.9181600e+05   2.2338867e+01
   3.4600600e+05   2.3803711e+01
   3.5089300e+05   2.4963379e+01
   3.8823700e+05   3.0761719e+01
   3.8918500e+05   2.9479980e+01
   4.3873600e+05   2.3132324e+01
   4.4009500e+05   2.3132324e+01
   4.9995500e+05   2.5512695e+01
   4.9998100e+05   2.2949219e+01
   5.0003000e+05   3.1921387e+01
   5.0007200e+05   3.0395508e+01
   5.0010100e+05   4.4921875e+01
   5.0012700e+05   2.9296875e+01
   5.0017500e+05   2.3315430e+01
   5.0018600e+05   3.5217285e+01
   5.0022000e+05   2.4475098e+01
   5.0027300e+05   2.3986816e+01
   5.0090700e+05   2.8198242e+01
   5.0107200e+05   2.6611328e+01
   5.9293700e+05   2.3925781e+01
   5.9349300e+05   2.6062012e+01
   5.9356300e+05   4.3273926e+01
   5.9357400e+05   3.4729004e+01
   5.9368300e+05   4.4006348e+01
   5.9370600e+05   2.5573730e+01
   5.9376200e+05   2.7099609e+01
   5.9379400e+05   3.1738281e+01
   5.9502400e+05   2.3010254e+01
   5.9544200e+05   2.3010254e+01
   6.5393600e+05   2.2644043e+01
   6.5531300e+05   2.6000977e+01
   6.7940100e+05   2.3254395e+01
   6.7945900e+05   2.7343750e+01
   6.7950200e+05   2.9052734e+01
   6.7954600e+05   3.0944824e+01
   6.7961900e+05   3.2714844e+01
   6.7964800e+05   3.0639648e+01
   6.7969800e+05   2.8137207e+01
   6.8064300e+05   2.2766113e+01
   6.8099200e+05   2.3010254e+01
   7.2445500e+05   3.0639648e+01
   7.2447400e+05   2.6245117e+01
   7.2450600e+05   5.6823730e+01
   7.2453700e+05   2.2583008e+01
   7.2458900e+05   3.4057617e+01
   7.2465300e+05   3.1188965e+01
   7.2468900e+05   2.6855469e+01
   7.2472900e+05   2.6794434e+01
   7.2478300e+05   2.5573730e+01
   7.2562500e+05   2.3071289e+01
   7.2646800e+05   2.4047852e+01
   7.4875200e+05   2.6367187e+01
   7.8196600e+05   4.0893555e+01
   7.8278500e+05   2.3864746e+01
   7.8308600e+05   2.2827148e+01
   7.8356200e+05   2.7282715e+01
   8.2850400e+05   3.7597656e+01
   8.2858300e+05   2.6550293e+01
   8.2859500e+05   2.3437500e+01
   8.2865800e+05   2.5573730e+01
   8.2867100e+05   2.6855469e+01
   8.2872800e+05   2.5146484e+01
   8.2874300e+05   3.3935547e+01
   8.2879200e+05   2.3742676e+01
   8.2889200e+05   2.3132324e+01
   8.2940700e+05   2.2766113e+01
   8.2951600e+05   2.5390625e+01
   8.2983100e+05   2.3071289e+01
   8.3005300e+05   2.3925781e+01
   8.8063400e+05   2.4047852e+01
   8.8181900e+05   2.6062012e+01
   8.8251000e+05   2.4719238e+01
   9.0929300e+05   2.3132324e+01
   9.3050400e+05   2.3132324e+01
   9.3056400e+05   5.5175781e+01
   9.3059900e+05   2.6855469e+01
   9.3064500e+05   3.7231445e+01
   9.3072300e+05   2.7038574e+01
   9.3075500e+05   2.8503418e+01
   9.3078500e+05   2.8137207e+01
   9.3093900e+05   2.4353027e+01
   9.3126600e+05   2.3071289e+01
   9.8109600e+05   2.7160645e+01
   9.9183800e+05   2.3925781e+01
   9.9855900e+05   2.2583008e+01
   1.0105840e+06   3.6804199e+01
   1.0120270e+06   2.4169922e+01
   1.0356450e+06   2.6916504e+01
   1.0449970e+06   5.2856445e+01
   1.0450250e+06   2.7709961e+01
   1.0450650e+06   4.7668457e+01
   1.0450860e+06   2.2521973e+01
   1.0451020e+06   2.3254395e+01
   1.0451280e+06   3.0090332e+01
   1.0451610e+06   3.2531738e+01
   1.0452050e+06   2.5207520e+01
   1.0455480e+06   3.3630371e+01
   1.0459840e+06   2.4353027e+01
   1.0462050e+06   2.3376465e+01
   1.0466030e+06   2.2644043e+01
   1.0467640e+06   2.5024414e+01
   1.1016390e+06   2.2583008e+01
   1.1016770e+06   2.7404785e+01
   1.1017200e+06   5.0903320e+01
   1.1017470e+06   3.4790039e+01
   1.1018160e+06   4.1687012e+01
   1.1018670e+06   2.6306152e+01
   1.1569320e+06   2.3559570e+01
   1.1655500e+06   2.4658203e+01
   1.1820130e+06   3.8085938e+01
   1.1829580e+06   2.5207520e+01
   1.2173390e+06   2.8808594e+01
   1.2173670e+06   4.7363281e+01
   1.2174030e+06   2.3620605e+01
   1.2174190e+06   3.7048340e+01
   1.2174540e+06   3.7048340e+01
   1.2174650e+06   2.8625488e+01
   1.2174890e+06   2.4536133e+01
   1.2175450e+06   2.3254395e+01
   1.2175610e+06   2.2460938e+01
   1.2176080e+06   2.2338867e+01
   1.2177690e+06   2.3376465e+01
   1.2189390e+06   2.3437500e+01
   1.2773150e+06   4.2297363e+01
   1.2787940e+06   2.3864746e+01
   1.2796000e+06   2.6794434e+01
   1.3080730e+06   2.2521973e+01
   1.3190370e+06   2.3071289e+01
   1.3396830e+06   2.3742676e+01
   1.3420390e+06   2.6062012e+01
   1.3420750e+06   2.7160645e+01
   1.3420850e+06   2.2399902e+01
   1.3421060e+06   2.3742676e+01
   1.3421290e+06   4.3518066e+01
   1.3421870e+06   4.5166016e+01
   1.3422200e+06   2.9479980e+01
   1.3422590e+06   2.4658203e+01
   1.3422740e+06   2.8625488e+01
   1.3423050e+06   2.5817871e+01
   1.3423400e+06   2.2460938e+01
   1.3431570e+06   2.8198242e+01
   1.3899990e+06   2.3132324e+01
   1.3999420e+06   2.5390625e+01
   1.4091630e+06   2.3559570e+01
   1.4228100e+06   3.8574219e+01
   1.4238880e+06   2.3742676e+01
   1.4584800e+06   2.6855469e+01
   1.4607970e+06   2.3071289e+01
   1.4745530e+06   2.3620605e+01
   1.4745790e+06   2.4475098e+01
   1.4746340e+06   4.7119141e+01
   1.4746520e+06   2.5085449e+01
   1.4746980e+06   3.7109375e+01
   1.4747220e+06   3.1738281e+01
   1.4747630e+06   2.3376465e+01
   1.4747760e+06   3.4301758e+01
   1.4748030e+06   2.7160645e+01
   1.4748380e+06   4.0100098e+01
   1.4749280e+06   2.3437500e+01
   1.5382600e+06   2.5573730e+01
   1.5409250e+06   2.3193359e+01
   1.5470730e+06   3.6926270e+01
   1.5471600e+06   4.8950195e+01
   1.5471790e+06   4.3212891e+01
   1.5472100e+06   2.5024414e+01
   1.5472790e+06   2.5146484e+01
   1.5472950e+06   2.4475098e+01
   1.5473390e+06   2.4658203e+01
   1.5479170e+06   2.9235840e+01
   1.5485060e+06   2.4963379e+01
   1.6215700e+06   3.6865234e+01
   1.6224700e+06   2.5451660e+01
   1.6229590e+06   2.4414062e+01
   1.6508470e+06   2.3620605e+01
   1.6730990e+06   2.6123047e+01
   1.6733620e+06   2.2338867e+01
   1.6749620e+06   2.6062012e+01
   1.7235740e+06   4.2358398e+01
   1.7235900e+06   2.8747559e+01
   1.7236310e+06   2.4230957e+01
   1.7236910e+06   3.8696289e+01
   1.7237300e+06   2.6062012e+01
   1.7238250e+06   2.3559570e+01
   1.7910600e+06   2.6977539e+01
   1.8046580e+06   2.5878906e+01
   1.8231130e+06   2.4108887e+01
   1.8244910e+06   2.2583008e+01
   1.8249790e+06   2.3376465e+01
   1.8250040e+06   5.8105469e+01
   1.8250300e+06   2.7832031e+01
   1.8250590e+06   2.3559570e+01
   1.8250740e+06   3.6621094e+01
   1.8250960e+06   2.8869629e+01
   1.8251440e+06   2.7038574e+01
   1.8252270e+06   3.2714844e+01
   1.8262580e+06   2.4963379e+01
   1.8264740e+06   2.5146484e+01
   1.8817610e+06   2.8015137e+01
   1.8968390e+06   2.3376465e+01
   1.9084670e+06   2.3742676e+01
   1.9085140e+06   2.2521973e+01
   1.9085380e+06   3.6743164e+01
   1.9085650e+06   2.2399902e+01
   1.9085950e+06   2.6611328e+01
   1.9086060e+06   4.2480469e+01
   1.9086390e+06   2.5146484e+01
   1.9086560e+06   3.3691406e+01
   1.9086850e+06   3.1005859e+01
   1.9087090e+06   2.6428223e+01
   1.9087330e+06   2.2766113e+01
   1.9540390e+06   2.7038574e+01
   1.9540580e+06   2.4169922e+01
   1.9541070e+06   6.6223145e+01
   1.9541550e+06   2.5939941e+01
   1.9541770e+06   2.8686523e+01
   1.9542170e+06   2.8259277e+01
   1.9542270e+06   2.5207520e+01
   1.9542490e+06   2.8564453e+01
   1.9542820e+06   2.8198242e+01
   1.9550920e+06   2.5451660e+01
   2.0242370e+06   2.6672363e+01
   2.0250650e+06   2.5146484e+01
   2.0308260e+06   2.5878906e+01
   2.0308470e+06   3.4057617e+01
   2.0308820e+06   5.4748535e+01
   2.0309210e+06   2.3864746e+01
   2.0309430e+06   2.9113770e+01
   2.0309750e+06   3.5400391e+01
   2.0310120e+06   3.2897949e+01
   2.0310360e+06   2.5146484e+01
   2.0311680e+06   2.8198242e+01
   2.0312100e+06   2.5573730e+01
   2.0319550e+06   2.5268555e+01
   2.0798970e+06   2.8869629e+01
   2.0799260e+06   2.3315430e+01
   2.0799390e+06   2.4658203e+01
   2.0799690e+06   4.9377441e+01
   2.0800010e+06   2.3193359e+01
   2.0800570e+06   3.6560059e+01
   2.0800740e+06   2.6123047e+01
   2.0801210e+06   4.0405273e+01
   2.0801510e+06   2.7832031e+01
   2.0801770e+06   2.6672363e+01
   2.0802070e+06   2.2827148e+01
   2.0802260e+06   2.2888184e+01
   2.1771950e+06   2.3498535e+01
   2.1790240e+06   2.4719238e+01
   2.2324740e+06   2.2521973e+01
   2.2325150e+06   5.1025391e+01
   2.2325250e+06   3.7292480e+01
   2.2325650e+06   2.4597168e+01
   2.2325860e+06   3.5949707e+01
   2.2326130e+06   3.4912109e+01
   2.2326430e+06   2.5512695e+01
   2.2326660e+06   2.3071289e+01
   2.2327030e+06   2.2399902e+01
   2.2327240e+06   2.3559570e+01
   2.2334700e+06   2.6855469e+01
   2.2336440e+06   2.2399902e+01
   2.2981800e+06   2.3254395e+01
   2.3161650e+06   2.3254395e+01
   2.3162310e+06   3.7475586e+01
   2.3163100e+06   4.3762207e+01
   2.3163640e+06   2.8503418e+01
   2.3164050e+06   2.5573730e+01
   2.3169100e+06   2.3925781e+01
   2.3173930e+06   2.4902344e+01
   2.3629300e+06   2.2460937e+01
   2.3865720e+06   2.3864746e+01
   2.3865830e+06   3.8391113e+01
   2.3866070e+06   2.2705078e+01
   2.3866270e+06   2.7221680e+01
   2.3866630e+06   4.3029785e+01
   2.3866960e+06   2.5451660e+01
   2.3867360e+06   3.3020020e+01
   2.3867890e+06   2.4902344e+01
   2.3875760e+06   2.3193359e+01
   2.3885200e+06   2.5085449e+01
   2.4422910e+06   2.3437500e+01
   2.4535180e+06   2.3071289e+01
   2.4577940e+06   2.7404785e+01
   2.5298890e+06   2.2705078e+01
   2.5299600e+06   2.6306152e+01
   2.5299700e+06   3.6193848e+01
   2.5300360e+06   4.0100098e+01
   2.5300710e+06   3.3752441e+01
   2.5301510e+06   2.2644043e+01
   2.5301790e+06   2.9724121e+01
   2.5313510e+06   2.3132324e+01
   2.5315230e+06   2.2277832e+01
   2.5911430e+06   2.4597168e+01
   2.6192440e+06   3.6987305e+01
   2.6198320e+06   2.7038574e+01
   2.6667530e+06   2.9113770e+01
   2.6667790e+06   5.8166504e+01
   2.6668000e+06   2.2644043e+01
   2.6668320e+06   3.1188965e+01
   2.6668640e+06   4.0161133e+01
   2.6669040e+06   2.4902344e+01
   2.6669220e+06   3.5339355e+01
   2.6669630e+06   2.3376465e+01
   2.6669970e+06   2.4414063e+01
   2.6672480e+06   2.3376465e+01
   2.6679830e+06   2.9235840e+01
   2.7247170e+06   3.3142090e+01
   2.7247460e+06   4.2724609e+01
   2.7248040e+06   2.4047852e+01
   2.7248160e+06   4.8889160e+01
   2.7248780e+06   4.2114258e+01
   2.7249760e+06   2.3803711e+01
   2.7250060e+06   2.6611328e+01
   2.7250850e+06   2.2521973e+01
   2.7255950e+06   2.4658203e+01
   2.7256420e+06   2.2888184e+01
   2.7836000e+06   2.5817871e+01
   2.7885600e+06   2.3193359e+01
   2.8240280e+06   2.9174805e+01
   2.8240470e+06   4.8583984e+01
   2.8240680e+06   3.3569336e+01
   2.8240860e+06   2.3864746e+01
   2.8241160e+06   4.1870117e+01
   2.8241880e+06   3.2714844e+01
   2.8242330e+06   2.4169922e+01
   2.8242690e+06   2.2644043e+01
   2.8252910e+06   2.5268555e+01
   2.8261980e+06   2.2521973e+01
   2.8269530e+06   2.4780273e+01
   2.8704020e+06   2.5024414e+01
   2.8704220e+06   2.6489258e+01
   2.8704470e+06   2.3925781e+01
   2.8704600e+06   4.5288086e+01
   2.8704840e+06   2.2644043e+01
   2.8705500e+06   3.7658691e+01
   2.8705980e+06   2.5024414e+01
   2.8706120e+06   2.8503418e+01
   2.8706500e+06   2.5451660e+01
   2.8720680e+06   2.2583008e+01
   2.9798700e+06   3.4240723e+01
   2.9798980e+06   4.0527344e+01
   2.9799710e+06   3.5766602e+01
   2.9799960e+06   2.9357910e+01
   2.9800290e+06   3.3264160e+01
   2.9800540e+06   3.1127930e+01
   2.9800700e+06   2.3986816e+01
   2.9801220e+06   3.6132813e+01
   2.9801830e+06   2.8869629e+01
   2.9802550e+06   2.2644043e+01
   2.9811260e+06   2.3193359e+01
   2.9819450e+06   2.2521973e+01
   3.0259560e+06   2.2888184e+01
   3.0495060e+06   2.4169922e+01
   3.0534420e+06   2.2583008e+01
   3.0861200e+06   2.4169922e+01
   3.0996040e+06   4.5166016e+01
   3.0996460e+06   2.5695801e+01
   3.0996800e+06   4.6386719e+01
   3.0996970e+06   3.2836914e+01
   3.0997480e+06   3.5644531e+01
   3.0997690e+06   3.3813477e+01
   3.0998170e+06   2.7221680e+01
   3.1012600e+06   2.3132324e+01
   3.2160640e+06   2.3071289e+01
   3.2161050e+06   5.2001953e+01
   3.2161430e+06   3.0883789e+01
   3.2161600e+06   3.5034180e+01
   3.2162170e+06   2.3498535e+01
   3.2162400e+06   3.4912109e+01
   3.2162620e+06   2.9785156e+01
   3.2162770e+06   2.4291992e+01
   3.2163160e+06   2.9846191e+01
   3.2163320e+06   2.3681641e+01
   3.2175440e+06   2.5634766e+01
   3.2880770e+06   2.7954102e+01
   3.2978380e+06   2.8747559e+01
   3.3126820e+06   2.3620605e+01
   3.3161180e+06   3.8635254e+01
   3.3161470e+06   3.6193848e+01
   3.3161940e+06   5.0598145e+01
   3.3162250e+06   3.0700684e+01
   3.3162470e+06   2.9357910e+01
   3.3162850e+06   3.5461426e+01
   3.3163170e+06   2.7954102e+01
   3.3163910e+06   2.6428223e+01
   3.3165200e+06   2.2583008e+01
   3.3167010e+06   2.3803711e+01
   3.3642300e+06   2.4719238e+01
   3.3817450e+06   2.3132324e+01
   3.4188380e+06   2.3132324e+01
   3.4484280e+06   2.3559570e+01
   3.4634480e+06   2.2827148e+01
   3.4634810e+06   4.4311523e+01
   3.4635110e+06   2.5024414e+01
   3.4635450e+06   2.9479980e+01
   3.4635750e+06   3.9672852e+01
   3.4636130e+06   3.3203125e+01
   3.4636400e+06   4.7973633e+01
   3.4636610e+06   2.7221680e+01
   3.4650560e+06   2.3498535e+01
   3.5128180e+06   2.7343750e+01
   3.5498700e+06   2.3681641e+01
   3.5499490e+06   4.0649414e+01
   3.5499650e+06   3.0822754e+01
   3.5499990e+06   4.3518066e+01
   3.5500510e+06   2.3681641e+01
   3.5500670e+06   4.2419434e+01
   3.5501010e+06   3.0578613e+01
   3.5501220e+06   2.4719238e+01
   3.5516130e+06   2.2949219e+01
   3.5952370e+06   2.3925781e+01
   3.5959450e+06   2.3559570e+01
   3.6130420e+06   2.4841309e+01
   3.6236150e+06   2.6245117e+01
   3.6594960e+06   2.2583008e+01
   3.6600710e+06   2.7160645e+01
   3.6606040e+06   2.6916504e+01
   3.6929010e+06   2.5451660e+01
   3.6971000e+06   2.2644043e+01
   3.6971580e+06   2.3559570e+01
   3.6971880e+06   4.3945313e+01
   3.6972350e+06   3.0395508e+01
   3.6972660e+06   3.6376953e+01
   3.6972870e+06   2.5817871e+01
   3.6973170e+06   3.9123535e+01
   3.6973290e+06   2.3742676e+01
   3.6973810e+06   2.2399902e+01
   3.7409480e+06   2.3559570e+01
   3.7502280e+06   2.3681641e+01
   3.7689180e+06   3.1921387e+01
   3.7910700e+06   3.3264160e+01
   3.7910900e+06   4.8156738e+01
   3.7911190e+06   2.3925781e+01
   3.7911330e+06   2.5329590e+01
   3.7911740e+06   2.3925781e+01
   3.7911930e+06   2.4963379e+01
   3.7912150e+06   3.0639648e+01
   3.7912460e+06   2.2521973e+01
   3.7912630e+06   2.4353027e+01
   3.7912940e+06   2.3071289e+01
   3.7913410e+06   2.6611328e+01
   3.7925020e+06   2.3132324e+01
   3.8434340e+06   2.3864746e+01
   3.8435270e+06   2.3315430e+01
   3.8435560e+06   3.4973145e+01
   3.8436010e+06   2.3925781e+01
   3.8436190e+06   4.4982910e+01
   3.8436460e+06   2.9541016e+01
   3.8436570e+06   2.4169922e+01
   3.8436820e+06   3.3935547e+01
   3.8437170e+06   2.3620605e+01
   3.8905660e+06   2.5695801e+01
   3.9242380e+06   2.3498535e+01
   3.9344400e+06   2.3742676e+01
   3.9427280e+06   3.7170410e+01
   3.9765950e+06   2.6916504e+01
   4.0045420e+06   2.2460938e+01
   4.0045640e+06   5.3710938e+01
   4.0046100e+06   2.2827148e+01
   4.0046410e+06   3.9794922e+01
   4.0046900e+06   3.2104492e+01
   4.0047080e+06   2.8625488e+01
   4.0047370e+06   2.2766113e+01
   4.0047660e+06   2.8198242e+01
   4.0467630e+06   2.6062012e+01
   4.0467850e+06   6.3476563e+01
   4.0468610e+06   3.7597656e+01
   4.0468740e+06   2.9296875e+01
   4.0468870e+06   3.2592773e+01
   4.0469020e+06   3.4362793e+01
   4.0469200e+06   2.6123047e+01
   4.0469730e+06   2.5634766e+01
   4.1065840e+06   2.5756836e+01
   4.1122430e+06   3.7048340e+01
   4.1122610e+06   4.6875000e+01
   4.1123090e+06   2.5268555e+01
   4.1123320e+06   2.4963379e+01
   4.1123550e+06   3.1555176e+01
   4.1123760e+06   2.4658203e+01
   4.1123890e+06   3.2775879e+01
   4.1124310e+06   2.2460938e+01
   4.1124460e+06   2.4841309e+01
   4.1137990e+06   2.2277832e+01
   4.1141640e+06   2.3315430e+01
   4.1775660e+06   2.2644043e+01
   4.1867420e+06   2.3132324e+01
   4.1995090e+06   2.2521973e+01
   4.1995300e+06   4.2785645e+01
   4.1995740e+06   2.6733398e+01
   4.1996090e+06   3.0456543e+01
   4.1996760e+06   3.6315918e+01
   4.1996960e+06   3.4423828e+01
   4.1999490e+06   2.2644043e+01
   4.2015760e+06   2.3986816e+01
   4.2602780e+06   2.5878906e+01
   4.2629200e+06   2.2460937e+01
   4.2943960e+06   3.2775879e+01
   4.2944880e+06   2.5512695e+01
   4.2945100e+06   2.5024414e+01
   4.2945340e+06   4.0161133e+01
   4.2945540e+06   2.3254395e+01
   4.2946090e+06   2.8259277e+01
   4.2946200e+06   4.4128418e+01
   4.2946530e+06   4.1870117e+01
   4.2946840e+06   2.9296875e+01
   4.2947090e+06   2.5024414e+01
   4.2947650e+06   2.8625488e+01
   4.2958210e+06   2.3620605e+01
   4.3283830e+06   2.3315430e+01
   4.3284140e+06   3.9306641e+01
   4.3284550e+06   2.5817871e+01
   4.3284970e+06   2.4963379e+01
   4.3285660e+06   2.6123047e+01
   4.3286340e+06   2.3010254e+01
   4.3295500e+06   2.3803711e+01
   4.3298670e+06   2.4780273e+01
   4.3307840e+06   2.3071289e+01
   4.3846130e+06   2.3986816e+01
   4.3921040e+06   2.2827148e+01
   4.3921460e+06   2.3986816e+01
   4.3921600e+06   4.5593262e+01
   4.3921870e+06   3.0822754e+01
   4.3922400e+06   4.4372559e+01
   4.3922600e+06   2.7099609e+01
   4.3922950e+06   2.8686523e+01
   4.3923560e+06   2.3986816e+01
   4.3925040e+06   2.4597168e+01
   4.4769190e+06   2.4597168e+01
   4.4925490e+06   2.4230957e+01
   4.5056260e+06   2.3315430e+01
   4.5406640e+06   2.5146484e+01
   4.5800650e+06   3.1921387e+01
   4.5800960e+06   6.6772461e+01
   4.5801740e+06   4.3029785e+01
   4.5801990e+06   2.4719238e+01
   4.5802280e+06   2.3925781e+01
   4.5802670e+06   2.2521973e+01
   4.5803000e+06   2.3803711e+01
   4.5804090e+06   2.3315430e+01
   4.5805600e+06   2.5268555e+01
   4.5809650e+06   2.2766113e+01
   4.5812240e+06   2.2766113e+01
   4.5815700e+06   2.2705078e+01
   4.6384220e+06   2.4597168e+01
   4.6516800e+06   2.7343750e+01
   4.6724490e+06   2.6367188e+01
   4.6724900e+06   2.4169922e+01
   4.6725290e+06   3.8513184e+01
   4.6725580e+06   2.4230957e+01
   4.6725890e+06   2.4841309e+01
   4.6726090e+06   3.8818359e+01
   4.6726280e+06   2.4536133e+01
   4.6726560e+06   3.7170410e+01
   4.6726910e+06   3.2836914e+01
   4.6727570e+06   3.1677246e+01
   4.6728020e+06   2.5146484e+01
   4.6728640e+06   2.6000977e+01
   4.6729820e+06   2.2583008e+01
   4.6730020e+06   2.4536133e+01
   4.6737020e+06   2.2521973e+01
   4.6738090e+06   2.3803711e+01
   4.6739730e+06   2.3071289e+01
   4.7230880e+06   2.3742676e+01
   4.7809950e+06   2.2399902e+01
   4.7998550e+06   2.2521973e+01
   4.8199260e+06   2.2888184e+01
   4.8314080e+06   5.3222656e+01
   4.8314940e+06   4.6081543e+01
   4.8315450e+06   2.5268555e+01
   4.8315790e+06   2.4353027e+01
   4.8319430e+06   2.2888184e+01
   4.9154220e+06   2.2644043e+01
   4.9162910e+06   2.5207520e+01
   4.9163010e+06   2.9846191e+01
   4.9163790e+06   3.1005859e+01
   4.9164170e+06   2.5207520e+01
   4.9164570e+06   2.6672363e+01
   4.9164850e+06   2.6977539e+01
   4.9700180e+06   2.3925781e+01
   4.9796030e+06   2.2949219e+01
   5.0154650e+06   2.5268555e+01
   5.0341740e+06   2.6489258e+01
   5.0341890e+06   4.1137695e+01
   5.0342570e+06   4.4067383e+01
   5.0343060e+06   2.7526855e+01
   5.0343410e+06   2.5695801e+01
   5.0345710e+06   2.5817871e+01
   5.0929310e+06   2.4475098e+01
   5.1038640e+06   3.9428711e+01
   5.1252970e+06   2.2521973e+01
   5.1802070e+06   2.8564453e+01
   5.1861240e+06   2.4108887e+01
   5.2067350e+06   2.3071289e+01
   5.2067950e+06   2.3437500e+01
   5.2068440e+06   4.8156738e+01
   5.2068610e+06   2.4169922e+01
   5.2068720e+06   2.3132324e+01
   5.2068890e+06   2.2277832e+01
   5.2069190e+06   2.4353027e+01
   5.2069460e+06   3.3691406e+01
   5.2069820e+06   4.6020508e+01
   5.2070450e+06   2.5512695e+01
   5.2070570e+06   2.2460938e+01
   5.2070860e+06   2.3742676e+01
   5.2088560e+06   2.2338867e+01
   5.2777780e+06   2.3254395e+01
   5.2960320e+06   2.7343750e+01
   5.3172060e+06   2.7404785e+01
   5.3811130e+06   2.3742676e+01
   5.3811250e+06   3.4851074e+01
   5.3811670e+06   2.5268555e+01
   5.3811780e+06   2.4047852e+01
   5.3812000e+06   4.5776367e+01
   5.3812130e+06   2.5512695e+01
   5.3812520e+06   2.2399902e+01
   5.3815980e+06   2.7587891e+01
   5.3822390e+06   2.4230957e+01
   5.3822500e+06   2.3193359e+01
   5.4460110e+06   2.3498535e+01
   5.4796220e+06   2.2644043e+01
   5.4814610e+06   2.4719238e+01
   5.4815180e+06   5.5541992e+01
   5.4815530e+06   2.8503418e+01
   5.4815790e+06   4.3640137e+01
   5.4816140e+06   3.4851074e+01
   5.4816420e+06   3.1616211e+01
   5.4816720e+06   3.1005859e+01
   5.4816830e+06   2.5451660e+01
   5.4817340e+06   2.3864746e+01
   5.4819020e+06   2.2338867e+01
   5.4819910e+06   2.2827148e+01
   5.5370880e+06   3.0029297e+01
   5.5371220e+06   3.7719727e+01
   5.5371990e+06   4.8889160e+01
   5.5372220e+06   3.0639648e+01
   5.5372630e+06   2.8808594e+01
   5.5372930e+06   2.5024414e+01
   5.5373160e+06   2.5756836e+01
   5.5373480e+06   2.2277832e+01
   5.5381520e+06   2.2644043e+01
   5.5774050e+06   2.3559570e+01
   5.5774430e+06   4.6325684e+01
   5.5774900e+06   3.1738281e+01
   5.5775130e+06   3.3996582e+01
   5.5775800e+06   3.9733887e+01
   5.5776840e+06   2.3742676e+01
   5.5777540e+06   2.2521973e+01
   5.5785330e+06   2.5878906e+01
   5.6556220e+06   2.4108887e+01
   5.6556980e+06   3.9428711e+01
   5.6557200e+06   2.3437500e+01
   5.6557550e+06   2.5085449e+01
   5.6557800e+06   4.1870117e+01
   5.6558250e+06   2.5207520e+01
   5.6558490e+06   3.3874512e+01
   5.6559100e+06   2.3742676e+01
   5.6570140e+06   2.4108887e+01
   5.7458550e+06   2.5939941e+01
   5.7458710e+06   2.6184082e+01
   5.7458970e+06   4.6630859e+01
   5.7459260e+06   2.2949219e+01
   5.7459810e+06   4.2175293e+01
   5.7460000e+06   3.7902832e+01
   5.7460380e+06   2.2949219e+01
   5.7460760e+06   2.8076172e+01
   5.7461010e+06   2.7832031e+01
   5.7461670e+06   2.2277832e+01
   5.7473830e+06   2.6367188e+01
   5.8291800e+06   2.6306152e+01
   5.8292160e+06   3.5461426e+01
   5.8292260e+06   3.1799316e+01
   5.8293060e+06   3.8696289e+01
   5.8293500e+06   2.6611328e+01
   5.8293670e+06   3.1799316e+01
   5.8294260e+06   2.5756836e+01
   5.9175500e+06   2.6184082e+01
   5.9201850e+06   2.2827148e+01
   5.9432580e+06   3.1188965e+01
   5.9432740e+06   4.7363281e+01
   5.9433090e+06   2.8198242e+01
   5.9433280e+06   2.3559570e+01
   5.9433460e+06   2.9846191e+01
   5.9433760e+06   2.9296875e+01
   5.9434080e+06   2.4414063e+01
   5.9434220e+06   3.3386230e+01
   5.9434860e+06   3.4057617e+01
   6.0092080e+06   2.6489258e+01
   6.0505820e+06   2.3498535e+01
   6.0506330e+06   3.2714844e+01
   6.0506850e+06   3.0029297e+01
   6.0507160e+06   4.1809082e+01
   6.0507310e+06   3.1005859e+01
   6.0507670e+06   3.5400391e+01
   6.0508010e+06   3.3874512e+01
   6.0509140e+06   2.7465820e+01
   6.0511080e+06   2.3071289e+01
   6.0517930e+06   2.6245117e+01
   6.1432500e+06   2.4414063e+01
   6.1546260e+06   2.5756836e+01
   6.1546490e+06   2.7954102e+01
   6.1546690e+06   2.3193359e+01
   6.1547210e+06   2.6733398e+01
   6.1547470e+06   4.2602539e+01
   6.1547640e+06   2.3437500e+01
   6.1547900e+06   2.6550293e+01
   6.1548140e+06   2.6977539e+01
   6.1548430e+06   3.0944824e+01
   6.1548980e+06   2.2460938e+01
   6.2231400e+06   2.9357910e+01
   6.2314680e+06   2.5207520e+01
   6.2315430e+06   2.7526855e+01
   6.2315650e+06   2.3315430e+01
   6.2316020e+06   3.0639648e+01
   6.2318150e+06   2.2521973e+01
   6.2319210e+06   2.2399902e+01
   6.3519220e+06   4.1076660e+01
   6.3519320e+06   2.5024414e+01
   6.3519600e+06   2.3010254e+01
   6.3520030e+06   3.6743164e+01
   6.3520430e+06   2.5085449e+01
   6.3520670e+06   2.9724121e+01
   6.3521010e+06   3.3935547e+01
   6.3521120e+06   2.3193359e+01
   6.3521270e+06   2.2399902e+01
   6.3521550e+06   2.3071289e+01
   6.3521940e+06   2.3315430e+01
   6.3524890e+06   2.4475098e+01
   6.4121920e+06   2.2460938e+01
   6.4122140e+06   3.3935547e+01
   6.4122380e+06   3.8879395e+01
   6.4122890e+06   2.2460938e+01
   6.4123080e+06   5.0598145e+01
   6.4123260e+06   2.5146484e+01
   6.4123740e+06   3.0517578e+01
   6.4123980e+06   3.5339355e+01
   6.4125120e+06   2.7954102e+01
   6.4125780e+06   2.4353027e+01
   6.5067250e+06   2.3498535e+01
   6.5067470e+06   3.8085938e+01
   6.5067840e+06   2.7709961e+01
   6.5067940e+06   3.1250000e+01
   6.5068170e+06   4.1625977e+01
   6.5068390e+06   2.5390625e+01
   6.5068850e+06   3.7780762e+01
   6.5069180e+06   3.4057617e+01
   6.5069670e+06   2.8503418e+01
   6.5081570e+06   2.6428223e+01
   6.5691340e+06   2.5695801e+01
   6.5697660e+06   2.2583008e+01
   6.5698580e+06   2.6062012e+01
   6.5698720e+06   5.0292969e+01
   6.5698970e+06   2.3254395e+01
   6.5699680e+06   4.3640137e+01
   6.5699990e+06   2.6550293e+01
   6.5700400e+06   2.2949219e+01
   6.5700640e+06   2.6672363e+01
   6.5701070e+06   2.6672363e+01
   6.5704140e+06   2.5085449e+01
   6.5725720e+06   2.3498535e+01
   6.6421330e+06   2.9052734e+01
   6.6421550e+06   3.8513184e+01
   6.6422290e+06   3.5034180e+01
   6.6422540e+06   2.4902344e+01
   6.6422710e+06   2.4475098e+01
   6.6422970e+06   2.9602051e+01
   6.6424490e+06   2.2338867e+01
   6.7296710e+06   2.4353027e+01
   6.7297110e+06   4.9316406e+01
   6.7297350e+06   3.4851074e+01
   6.7297780e+06   3.5644531e+01
   6.7298340e+06   3.0273438e+01
   6.7298780e+06   3.2104492e+01
   6.7299160e+06   2.7099609e+01
   6.8205380e+06   2.3437500e+01
   6.8205610e+06   2.4597168e+01
   6.8205870e+06   5.2368164e+01
   6.8206260e+06   2.5085449e+01
   6.8206490e+06   2.6245117e+01
   6.8206650e+06   3.5400391e+01
   6.8206920e+06   2.4108887e+01
   6.8207250e+06   3.0517578e+01
   6.8207410e+06   2.2705078e+01
   6.8207950e+06   2.7832031e+01
   6.8208830e+06   2.3742676e+01
   6.9399230e+06   2.3437500e+01
   6.9399690e+06   3.7475586e+01
   6.9400230e+06   2.3315430e+01
   6.9400390e+06   3.9794922e+01
   6.9400630e+06   2.3376465e+01
   6.9400970e+06   2.2644043e+01
   6.9401110e+06   2.9968262e+01
   6.9401520e+06   3.0334473e+01
   6.9401850e+06   2.2949219e+01
   6.9402110e+06   2.6306152e+01
   7.0019450e+06   3.2470703e+01
   7.0020210e+06   4.7180176e+01
   7.0020820e+06   3.8024902e+01
   7.0021130e+06   2.5390625e+01
   7.0021590e+06   2.8198242e+01
   7.0031980e+06   2.4719238e+01
   7.0874810e+06   2.2705078e+01
   7.0894960e+06   2.4902344e+01
   7.0895350e+06   4.1870117e+01
   7.0895930e+06   3.6560059e+01
   7.0896070e+06   2.9785156e+01
   7.0896780e+06   3.9794922e+01
   7.0897040e+06   2.2583008e+01
   7.0897560e+06   3.5766602e+01
   7.1430180e+06   2.2949219e+01
   7.1528910e+06   2.4475098e+01
   7.1529230e+06   4.6081543e+01
   7.1529570e+06   2.4902344e+01
   7.1529730e+06   2.7587891e+01
   7.1529890e+06   3.2592773e+01
   7.1530270e+06   2.6489258e+01
   7.1530600e+06   2.4963379e+01
   7.1530710e+06   3.3630371e+01
   7.1532140e+06   2.3559570e+01
   7.1543180e+06   2.4475098e+01
   7.1551220e+06   2.2949219e+01
   7.2284270e+06   2.2827148e+01
   7.2284500e+06   4.6630859e+01
   7.2284840e+06   2.6794434e+01
   7.2285240e+06   3.6621094e+01
   7.2285540e+06   3.1311035e+01
   7.2285860e+06   3.4851074e+01
   7.2286500e+06   3.0334473e+01
   7.2287230e+06   2.3620605e+01
   7.2935460e+06   2.2644043e+01
   7.3406630e+06   4.7424316e+01
   7.3407390e+06   4.7302246e+01
   7.3407730e+06   2.5817871e+01
   7.3407900e+06   2.2644043e+01
   7.3408270e+06   2.6062012e+01
   7.3409070e+06   2.2277832e+01
   7.3409550e+06   2.2521973e+01
   7.4397500e+06   2.5268555e+01
   7.4397790e+06   4.7607422e+01
   7.4398250e+06   2.4841309e+01
   7.4398560e+06   3.9428711e+01
   7.4399250e+06   2.7832031e+01
   7.4399560e+06   2.6733398e+01
   7.4399890e+06   2.2705078e+01
   7.4400610e+06   2.5329590e+01
   7.4401920e+06   2.3437500e+01
   7.4403340e+06   2.2888184e+01
   7.5044450e+06   2.4291992e+01
   7.5304810e+06   2.3010254e+01
   7.5305130e+06   3.5949707e+01
   7.5305840e+06   3.3203125e+01
   7.5306070e+06   2.5207520e+01
   7.5306510e+06   3.8024902e+01
   7.5306710e+06   4.1748047e+01
   7.5306810e+06   2.3254395e+01
   7.5307090e+06   2.5390625e+01
   7.5307490e+06   2.6733398e+01
   7.5308010e+06   2.5207520e+01
   7.6045250e+06   2.3132324e+01
   7.6254130e+06   2.6489258e+01
   7.6254670e+06   2.7282715e+01
   7.6254890e+06   4.0893555e+01
   7.6255260e+06   2.2705078e+01
   7.6255530e+06   3.6315918e+01
   7.6256320e+06   2.2949219e+01
   7.6256610e+06   2.2399902e+01
   7.6256800e+06   2.3193359e+01
   7.6257180e+06   2.4536133e+01
   7.6941600e+06   2.8320313e+01
   7.7319850e+06   2.5329590e+01
   7.7319960e+06   2.7587891e+01
   7.7320510e+06   2.3559570e+01
   7.7320820e+06   2.2521973e+01
   7.7321250e+06   3.5949707e+01
   7.7321630e+06   3.2165527e+01
   7.7321950e+06   2.4291992e+01
   7.7324500e+06   3.5583496e+01
   7.8024550e+06   2.7404785e+01
   7.8218240e+06   2.3742676e+01
   7.8455500e+06   2.5268555e+01
   7.8456020e+06   3.8208008e+01
   7.8456740e+06   4.5959473e+01
   7.8456900e+06   2.7587891e+01
   7.8457360e+06   2.2827148e+01
   7.8457480e+06   5.2856445e+01
   7.8458210e+06   2.7770996e+01
   7.8458900e+06   3.4118652e+01
   7.9557770e+06   2.3742676e+01
   7.9557990e+06   3.0029297e+01
   7.9558490e+06   3.8085938e+01
   7.9558930e+06   3.5278320e+01
   7.9559030e+06   2.5695801e+01
   7.9559250e+06   2.6062012e+01
   7.9559490e+06   4.0283203e+01
   7.9559660e+06   2.3742676e+01
   7.9560230e+06   2.2644043e+01
   7.9560810e+06   3.6682129e+01
   8.0852070e+06   2.3925781e+01
   8.1135040e+06   2.5512695e+01
   8.1146750e+06   3.2836914e+01
   8.1147190e+06   2.2338867e+01
   8.1147440e+06   3.3874512e+01
   8.1148140e+06   3.9855957e+01
   8.1148390e+06   3.2409668e+01
   8.1148690e+06   2.4902344e+01
   8.1149400e+06   2.4963379e+01
   8.1149710e+06   2.3254395e+01
   8.2224160e+06   5.1879883e+01
   8.2224390e+06   2.5451660e+01
   8.2224670e+06   2.5207520e+01
   8.2224880e+06   3.9489746e+01
   8.2225070e+06   2.3803711e+01
   8.2225520e+06   3.5827637e+01
   8.2225800e+06   4.0466309e+01
   8.2225900e+06   2.5207520e+01
   8.2226170e+06   2.6794434e+01
   8.2226890e+06   2.5512695e+01
   8.2227330e+06   2.3803711e+01
   8.2228020e+06   2.2338867e+01
   8.2800330e+06   2.2766113e+01
   8.3262750e+06   4.4799805e+01
   8.3262930e+06   2.7160645e+01
   8.3263480e+06   3.6132813e+01
   8.3263780e+06   4.0710449e+01
   8.3264110e+06   2.5573730e+01
   8.3264410e+06   3.4790039e+01
   8.3264750e+06   2.2949219e+01
   8.3265250e+06   2.2705078e+01
   8.3281380e+06   2.3071289e+01
   8.3866380e+06   2.2277832e+01
   8.3943800e+06   2.6306152e+01
   8.4030000e+06   2.7465820e+01
   8.4114850e+06   2.2521973e+01
   8.4131250e+06   3.8574219e+01
   8.4131990e+06   3.7536621e+01
   8.4132570e+06   3.2653809e+01
   8.4133310e+06   3.1738281e+01
   8.4134830e+06   2.2827148e+01
   8.4737010e+06   2.4841309e+01
   8.5297130e+06   5.7250977e+01
   8.5297500e+06   2.9846191e+01
   8.5297710e+06   3.9062500e+01
   8.5298080e+06   2.6855469e+01
   8.5298410e+06   2.2705078e+01
   8.5298530e+06   3.4667969e+01
   8.5298850e+06   3.5949707e+01
   8.6693370e+06   2.2583008e+01
   8.6693640e+06   4.7119141e+01
   8.6693820e+06   2.5451660e+01
   8.6694330e+06   4.7119141e+01
   8.6694510e+06   3.6560059e+01
   8.6694990e+06   3.8757324e+01
   8.6695430e+06   2.3681641e+01
   8.6696420e+06   2.4108887e+01
   8.6697090e+06   2.3315430e+01
   8.7231170e+06   2.3193359e+01
   8.8218740e+06   2.6367188e+01
   8.8218840e+06   5.7983398e+01
   8.8219610e+06   3.5461426e+01
   8.8219770e+06   3.4545898e+01
   8.8219930e+06   3.2714844e+01
   8.8220150e+06   2.2277832e+01
   8.8220270e+06   3.9550781e+01
   8.8220770e+06   3.2470703e+01
   8.8222020e+06   2.2338867e+01
   8.8224650e+06   3.0273438e+01
   8.8969000e+06   2.4597168e+01
   8.9134650e+06   2.3254395e+01
   8.9819840e+06   3.4667969e+01
   8.9820230e+06   2.4597168e+01
   8.9820350e+06   3.6804199e+01
   8.9820750e+06   3.1311035e+01
   8.9821200e+06   4.6752930e+01
   8.9822200e+06   2.4475098e+01
   9.0689210e+06   2.4780273e+01
   9.1147000e+06   3.0517578e+01
   9.1147130e+06   3.0456543e+01
   9.1147630e+06   2.5451660e+01
   9.1147790e+06   3.7048340e+01
   9.1148250e+06   2.8930664e+01
   9.1148550e+06   2.4230957e+01
   9.1148770e+06   2.3864746e+01
   9.1149170e+06   2.5146484e+01
   9.1149450e+06   2.4047852e+01
   9.1150850e+06   2.2583008e+01
   9.1801480e+06   2.5756836e+01
   9.1801580e+06   4.6997070e+01
   9.1802010e+06   2.7709961e+01
   9.1802310e+06   4.1931152e+01
   9.1802630e+06   3.3996582e+01
   9.1803340e+06   2.5756836e+01
   9.1803500e+06   2.8625488e+01
   9.1814310e+06   2.6062012e+01
   9.2549090e+06   2.4536133e+01
   9.2549360e+06   2.4230957e+01
   9.2549540e+06   2.9968262e+01
   9.2550100e+06   4.1137695e+01
   9.2550340e+06   2.6977539e+01
   9.2550490e+06   3.0151367e+01
   9.2550620e+06   4.2297363e+01
   9.2551020e+06   2.6611328e+01
   9.2551360e+06   2.3925781e+01
   9.2553910e+06   2.2521973e+01
   9.2556390e+06   2.2277832e+01
   9.3102260e+06   2.2521973e+01
   9.3428270e+06   3.2958984e+01
   9.3428510e+06   4.1442871e+01
   9.3428820e+06   2.6367188e+01
   9.3429250e+06   2.3254395e+01
   9.3429540e+06   2.9479980e+01
   9.3429860e+06   3.1005859e+01
   9.3430060e+06   2.2583008e+01
   9.3430260e+06   2.5634766e+01
   9.3430520e+06   2.4658203e+01
   9.3430790e+06   2.2766113e+01
   9.4498520e+06   3.9672852e+01
   9.4499200e+06   2.9907227e+01
   9.4499710e+06   3.5461426e+01
   9.4499830e+06   3.8330078e+01
   9.4500520e+06   2.3315430e+01
   9.4500860e+06   2.5146484e+01
   9.4501020e+06   2.9418945e+01
   9.4503940e+06   2.3010254e+01
   9.5161030e+06   2.2644043e+01
   9.6659820e+06   3.5400391e+01
   9.6660260e+06   3.0639648e+01
   9.6660410e+06   3.9855957e+01
   9.6660650e+06   4.0893555e+01
   9.6660960e+06   2.3681641e+01
   9.6661380e+06   2.3376465e+01
   9.6661630e+06   2.9663086e+01
   9.6661890e+06   2.6062012e+01
   9.6672120e+06   2.3742676e+01
   9.8015320e+06   2.8259277e+01
   9.8015720e+06   2.9052734e+01
   9.8015830e+06   2.4963379e+01
   9.8016170e+06   4.5288086e+01
   9.8016350e+06   2.3620605e+01
   9.8016760e+06   3.2348633e+01
   9.8017360e+06   3.1005859e+01
   9.8017960e+06   2.5390625e+01
   9.8018120e+06   2.4108887e+01
   9.8613010e+06   2.5024414e+01
   9.9437810e+06   4.3640137e+01
   9.9438370e+06   3.2470703e+01
   9.9438910e+06   2.7709961e+01
   9.9439350e+06   2.8747559e+01
   9.9439600e+06   3.0090332e+01
   1.0001682e+07   2.4475098e+01
   1.0087161e+07   2.6855469e+01
   1.0087188e+07   2.2705078e+01
   1.0087200e+07   2.6245117e+01
   1.0087232e+07   3.9062500e+01
   1.0087271e+07   2.2888184e+01
   1.0087283e+07   2.2766113e+01
   1.0087337e+07   2.3193359e+01
   1.0087482e+07   2.2277832e+01
   1.0148252e+07   2.2338867e+01
   1.0177632e+07   3.2287598e+01
   1.0177684e+07   2.2460938e+01
   1.0177703e+07   2.8503418e+01
   1.0177729e+07   2.3193359e+01
   1.0177788e+07   2.6977539e+01
   1.0177813e+07   3.0578613e+01
   1.0235069e+07   2.3010254e+01
   1.0356549e+07   2.4536133e+01
   1.0356598e+07   4.0893555e+01
   1.0356666e+07   3.1005859e+01
   1.0356703e+07   2.8076172e+01
   1.0356715e+07   4.0222168e+01
   1.0356755e+07   3.8391113e+01
   1.0356791e+07   2.4169922e+01
   1.0356828e+07   2.8686523e+01
   1.0447214e+07   2.2827148e+01
   1.0519909e+07   4.0771484e+01
   1.0519931e+07   2.3010254e+01
   1.0519976e+07   3.5339355e+01
   1.0519986e+07   2.4719238e+01
   1.0520016e+07   3.2775879e+01
   1.0520033e+07   2.5512695e+01
   1.0520059e+07   3.2958984e+01
   1.0520087e+07   2.7038574e+01
   1.0581046e+07   2.2705078e+01
   1.0668219e+07   2.6245117e+01
   1.0668247e+07   4.2358398e+01
   1.0668276e+07   2.9357910e+01
   1.0668309e+07   3.6560059e+01
   1.0668348e+07   2.7709961e+01
   1.0668367e+07   2.9663086e+01
   1.0668383e+07   2.2277832e+01
   1.0668411e+07   2.3559570e+01
   1.0669655e+07   2.9113770e+01
   1.0751598e+07   2.2399902e+01
   1.0751626e+07   4.4372559e+01
   1.0751651e+07   3.3203125e+01
   1.0751675e+07   2.3681641e+01
   1.0751695e+07   4.1992188e+01
   1.0751716e+07   2.3376465e+01
   1.0751750e+07   3.0090332e+01
   1.0751769e+07   2.5512695e+01
   1.0751803e+07   2.4414063e+01
   1.0751877e+07   2.2338867e+01
   1.0751994e+07   2.3620605e+01
   1.0752206e+07   2.3681641e+01
   1.0827938e+07   2.6916504e+01
   1.0838988e+07   2.2460938e+01
   1.0929569e+07   2.3559570e+01
   1.0929586e+07   4.7851563e+01
   1.0929626e+07   2.2521973e+01
   1.0929641e+07   4.5288086e+01
   1.0929666e+07   2.7648926e+01
   1.0929699e+07   3.3630371e+01
   1.0929726e+07   2.3681641e+01
   1.0929801e+07   2.4475098e+01
   1.0929881e+07   2.7160645e+01
   1.1082422e+07   2.4353027e+01
   1.1082486e+07   4.1320801e+01
   1.1082505e+07   3.2958984e+01
   1.1082551e+07   3.5644531e+01
   1.1082578e+07   3.6926270e+01
   1.1082608e+07   2.3742676e+01
   1.1082633e+07   2.5512695e+01
   1.1082774e+07   2.5207520e+01
   1.1082810e+07   2.4414063e+01
   1.1274071e+07   2.5085449e+01
   1.1274099e+07   3.8757324e+01
   1.1274137e+07   2.8686523e+01
   1.1274159e+07   4.4738770e+01
   1.1274214e+07   3.1738281e+01
   1.1274317e+07   2.2277832e+01
   1.1274342e+07   2.2888184e+01
   1.1274437e+07   2.2338867e+01
   1.1275175e+07   2.4108887e+01
   1.1275311e+07   2.2827148e+01
   1.1338220e+07   4.4250488e+01
   1.1338240e+07   2.4169922e+01
   1.1338277e+07   2.8747559e+01
   1.1338303e+07   3.2226563e+01
   1.1338393e+07   2.3254395e+01
   1.1338458e+07   2.2949219e+01
   1.1504734e+07   2.6916504e+01
   1.1504764e+07   3.3203125e+01
   1.1504805e+07   2.4780273e+01
   1.1504826e+07   3.2714844e+01
   1.1504852e+07   2.9479980e+01
   1.1504868e+07   3.0639648e+01
   1.1504907e+07   2.3132324e+01
   1.1504925e+07   2.2949219e+01
   1.1522256e+07   2.8076172e+01
   1.1522292e+07   3.3996582e+01
   1.1522352e+07   2.5573730e+01
   1.1522365e+07   4.2480469e+01
   1.1522386e+07   2.5939941e+01
   1.1522423e+07   2.3864746e+01
   1.1536509e+07   2.2827148e+01
   1.1536522e+07   2.5329590e+01
   1.1536548e+07   2.3620605e+01
   1.1536563e+07   4.7241211e+01
   1.1536662e+07   3.5583496e+01
   1.1536702e+07   2.6000977e+01
   1.1536732e+07   2.4169922e+01
   1.1536760e+07   2.4108887e+01
   1.1536845e+07   2.7282715e+01
   1.1536902e+07   2.3315430e+01
   1.1536959e+07   2.3071289e+01
   1.1765704e+07   3.0456543e+01
   1.1765795e+07   3.1127930e+01
   1.1765822e+07   2.6245117e+01
   1.1765859e+07   3.2836914e+01
   1.1881674e+07   2.3864746e+01
   1.1882978e+07   4.0466309e+01
   1.1883001e+07   2.2766113e+01
   1.1883048e+07   3.2897949e+01
   1.1883096e+07   2.6550293e+01
   1.1883162e+07   2.6306152e+01
   1.1883323e+07   2.3681641e+01
   1.1970995e+07   2.2460938e+01
   1.1971032e+07   4.5654297e+01
   1.1971064e+07   2.2277832e+01
   1.1971100e+07   3.6560059e+01
   1.1971164e+07   2.4597168e+01
   1.1971185e+07   2.2705078e+01
   1.1971216e+07   2.4475098e+01
