   1.1999000e+07   0.0000000e+00
   8.4900000e+03   3.4240723e+01
   8.5360000e+03   3.8024902e+01
   3.9223000e+04   3.4667969e+01
   1.5044900e+05   3.5766602e+01
   4.7337000e+05   3.5461426e+01
   4.7341600e+05   3.8940430e+01
   4.7350100e+05   3.8391113e+01
   6.5309300e+05   3.5766602e+01
   6.5316900e+05   4.1442871e+01
   6.5337300e+05   4.3212891e+01
   6.5399000e+05   3.5522461e+01
   7.3099100e+05   3.4423828e+01
   7.8821300e+05   3.8452148e+01
   7.8914500e+05   3.7963867e+01
   8.4957600e+05   3.8879395e+01
   8.4984900e+05   3.5095215e+01
   1.1042770e+06   3.7353516e+01
   1.1044440e+06   4.1931152e+01
   1.1341450e+06   3.7719727e+01
   1.2001490e+06   4.2968750e+01
   1.2937690e+06   3.7170410e+01
   1.3230460e+06   4.3090820e+01
   1.3517800e+06   3.4790039e+01
   1.3756920e+06   4.0710449e+01
   1.4174630e+06   3.6621094e+01
   1.5043040e+06   3.6926270e+01
   1.5051320e+06   3.4240723e+01
   1.6190620e+06   3.4240723e+01
   1.6191320e+06   3.4667969e+01
   1.6197190e+06   4.0405273e+01
   1.7050210e+06   3.4851074e+01
   1.7360650e+06   4.2968750e+01
   2.1181500e+06   3.6987305e+01
   2.2873420e+06   4.5410156e+01
   2.2874760e+06   3.6865234e+01
   2.2881150e+06   4.0649414e+01
   2.3960630e+06   3.7414551e+01
   2.3961470e+06   3.4301758e+01
   2.5302320e+06   3.6071777e+01
   2.6442180e+06   3.5888672e+01
   2.6442540e+06   3.4545898e+01
   2.6443390e+06   3.5644531e+01
   2.7699640e+06   3.4606934e+01
   2.7702590e+06   3.4667969e+01
   2.8837680e+06   3.7292480e+01
   2.8838710e+06   3.5217285e+01
   2.9910070e+06   3.4790039e+01
   3.0521950e+06   3.5278320e+01
   3.0522090e+06   3.6804199e+01
   3.0524250e+06   3.9245605e+01
   3.1039480e+06   3.6499023e+01
   3.1041960e+06   3.7902832e+01
   3.1232100e+06   4.0710449e+01
   3.1234790e+06   3.6071777e+01
   3.2884440e+06   3.5827637e+01
   3.2885560e+06   3.6804199e+01
   3.2886840e+06   3.4973145e+01
   3.2888860e+06   3.7353516e+01
   3.3954340e+06   3.4362793e+01
   3.4663960e+06   3.7170410e+01
   3.4671870e+06   3.5522461e+01
   3.4855290e+06   3.7658691e+01
   3.5252540e+06   3.4484863e+01
   3.6264630e+06   4.2602539e+01
   3.6265440e+06   3.5522461e+01
   3.6979420e+06   3.6376953e+01
   3.6981460e+06   3.4667969e+01
   4.0949670e+06   4.0405273e+01
   4.0950190e+06   4.2053223e+01
   4.0951130e+06   4.0039063e+01
   4.0951470e+06   3.6682129e+01
   4.0954370e+06   3.4484863e+01
   4.0968200e+06   3.4484863e+01
   4.1928970e+06   4.9194336e+01
   4.3589940e+06   4.2480469e+01
   4.5873380e+06   3.4545898e+01
   4.6531370e+06   3.8269043e+01
   4.6532780e+06   3.7597656e+01
   4.7253840e+06   3.7719727e+01
   4.7544180e+06   3.4973145e+01
   4.7553650e+06   3.4851074e+01
   4.7766450e+06   3.5034180e+01
   4.7956760e+06   3.8208008e+01
   4.8339770e+06   3.4606934e+01
   4.8776950e+06   3.6437988e+01
   4.9265480e+06   3.7902832e+01
   4.9755270e+06   3.4545898e+01
   5.1071030e+06   3.6254883e+01
   5.1830820e+06   3.5888672e+01
   5.2722600e+06   3.9428711e+01
   5.2726890e+06   3.5583496e+01
   5.6372390e+06   3.7109375e+01
   5.6372670e+06   3.7780762e+01
   5.6375540e+06   3.4240723e+01
   5.8418990e+06   3.9428711e+01
   5.9783440e+06   4.4372559e+01
   6.1289410e+06   3.8391113e+01
   6.1290990e+06   3.4912109e+01
   6.2439300e+06   3.6621094e+01
   6.2439700e+06   3.6254883e+01
   6.3854150e+06   3.6926270e+01
   6.3854380e+06   3.7475586e+01
   6.4595560e+06   3.5400391e+01
   6.6924340e+06   4.1015625e+01
   6.6925570e+06   3.5278320e+01
   6.6925730e+06   3.4545898e+01
   6.8243540e+06   3.5583496e+01
   6.9569960e+06   3.7902832e+01
   6.9570350e+06   3.8513184e+01
   6.9572140e+06   3.5522461e+01
   6.9575090e+06   3.6743164e+01
   7.0145120e+06   3.6804199e+01
   7.0893170e+06   4.0649414e+01
   7.1371090e+06   3.4301758e+01
   7.1623420e+06   3.7109375e+01
   7.1624550e+06   3.4790039e+01
   7.1873520e+06   3.5888672e+01
   7.2964720e+06   3.5156250e+01
   7.3327060e+06   3.5217285e+01
   7.3337900e+06   3.8940430e+01
   7.4209580e+06   3.6071777e+01
   7.4427520e+06   3.7353516e+01
   7.4434460e+06   3.5400391e+01
   7.5256490e+06   3.7597656e+01
   7.5544690e+06   3.9306641e+01
   8.1106220e+06   3.5644531e+01
   8.1107410e+06   3.7048340e+01
   8.2840860e+06   3.6071777e+01
   8.2841510e+06   3.5461426e+01
   8.4330450e+06   3.4423828e+01
   8.4330860e+06   4.3579102e+01
   8.5251080e+06   3.8879395e+01
   8.6477080e+06   3.5278320e+01
   8.6478110e+06   3.7658691e+01
   8.8123820e+06   3.6254883e+01
   8.8124370e+06   4.3762207e+01
   8.8124650e+06   4.7790527e+01
   8.9764560e+06   3.9978027e+01
   9.1089980e+06   3.6987305e+01
   9.1091270e+06   3.8330078e+01
   9.1716400e+06   4.0039063e+01
   9.1717960e+06   3.8330078e+01
   9.2550890e+06   3.8757324e+01
   9.4856900e+06   3.4301758e+01
   9.4858780e+06   3.5827637e+01
   9.5632080e+06   4.0405273e+01
   9.6021320e+06   3.4301758e+01
   9.6848080e+06   3.6132813e+01
   9.7267540e+06   3.4729004e+01
   9.7270100e+06   3.5827637e+01
   9.7270820e+06   3.6987305e+01
   9.7505080e+06   3.4301758e+01
   9.8149530e+06   4.2175293e+01
   9.8504330e+06   3.4362793e+01
   9.8506120e+06   3.4606934e+01
   9.8892220e+06   3.7475586e+01
   9.9096330e+06   3.9794922e+01
   9.9443700e+06   3.4484863e+01
   1.0028455e+07   3.6682129e+01
   1.0080642e+07   4.1687012e+01
   1.0148696e+07   3.5034180e+01
   1.0931696e+07   3.8085938e+01
   1.1078206e+07   3.4423828e+01
   1.1078327e+07   3.7719727e+01
   1.1078353e+07   4.0771484e+01
   1.1101873e+07   3.5644531e+01
   1.1101908e+07   3.6193848e+01
   1.1149480e+07   3.7475586e+01
   1.1212077e+07   3.5217285e+01
   1.1486977e+07   3.5156250e+01
   1.1628193e+07   3.4484863e+01
   1.1628273e+07   3.5583496e+01
   1.1630248e+07   3.4423828e+01
   1.1737723e+07   4.4799805e+01
   1.1737830e+07   3.5034180e+01
   1.1737915e+07   3.4240723e+01
   1.1738823e+07   3.4362793e+01
   1.1924390e+07   3.4851074e+01
   1.1924480e+07   3.5339355e+01
