   1.1999000e+07   0.0000000e+00
   7.9840000e+03   3.8513184e+01
   8.1570000e+03   3.3874512e+01
   8.2610000e+03   3.2226563e+01
   8.4380000e+03   3.7963867e+01
   8.4730000e+03   3.2226563e+01
   8.5560000e+03   3.4729004e+01
   8.5980000e+03   3.5827637e+01
   8.7170000e+03   3.9001465e+01
   8.9330000e+03   3.1921387e+01
   9.7190000e+03   3.2348633e+01
   3.8404000e+04   3.9489746e+01
   3.8593000e+04   3.3203125e+01
   3.8683000e+04   3.4790039e+01
   3.8744000e+04   3.9733887e+01
   3.8777000e+04   3.3142090e+01
   3.8876000e+04   4.3029785e+01
   3.8906000e+04   3.4362793e+01
   3.9043000e+04   3.8269043e+01
   3.9131000e+04   3.2043457e+01
   4.0298000e+04   3.2287598e+01
   6.6064000e+04   3.3935547e+01
   6.6698000e+04   3.3264160e+01
   6.6825000e+04   3.1921387e+01
   6.6845000e+04   3.4545898e+01
   6.6912000e+04   4.2358398e+01
   6.7145000e+04   3.3142090e+01
   6.7166000e+04   3.6010742e+01
   6.7209000e+04   3.7353516e+01
   6.7292000e+04   4.2236328e+01
   6.7321000e+04   3.6132813e+01
   6.7386000e+04   3.2531738e+01
   9.5082000e+04   3.2287598e+01
   9.5132000e+04   3.3630371e+01
   9.5178000e+04   3.4057617e+01
   9.5248000e+04   3.3935547e+01
   9.5295000e+04   5.2185059e+01
   9.5369000e+04   3.4362793e+01
   9.5835000e+04   3.3508301e+01
   9.5940000e+04   3.2531738e+01
   1.4928100e+05   3.5278320e+01
   1.4932000e+05   3.2592773e+01
   1.4935900e+05   3.4973145e+01
   1.4937300e+05   3.4179688e+01
   1.4941800e+05   4.1748047e+01
   1.4947000e+05   3.5034180e+01
   1.5000600e+05   3.7475586e+01
   1.5056000e+05   3.6071777e+01
   1.5101000e+05   3.8879395e+01
   4.7299300e+05   4.0222168e+01
   4.7306400e+05   3.7536621e+01
   4.7311700e+05   3.3264160e+01
   4.7314900e+05   3.3996582e+01
   4.7317800e+05   3.3081055e+01
   4.7321900e+05   4.0710449e+01
   4.7324300e+05   5.3833008e+01
   4.7327900e+05   3.3386230e+01
   4.7331900e+05   3.3874512e+01
   4.7348600e+05   3.2287598e+01
   4.7398900e+05   3.7231445e+01
   4.7419500e+05   3.5644531e+01
   4.7451100e+05   3.5278320e+01
   6.5280100e+05   3.2226563e+01
   6.5283600e+05   3.8208008e+01
   6.5288700e+05   4.3212891e+01
   6.5292800e+05   3.7109375e+01
   6.5300700e+05   4.1748047e+01
   6.5302600e+05   3.6987305e+01
   6.5309500e+05   5.9387207e+01
   6.5314700e+05   3.4301758e+01
   6.5317900e+05   3.2897949e+01
   6.5320200e+05   3.3996582e+01
   6.5342000e+05   3.2226563e+01
   6.5450500e+05   3.2592773e+01
   6.5508500e+05   3.2836914e+01
   7.3075400e+05   3.8696289e+01
   7.3080700e+05   3.5583496e+01
   7.3082800e+05   4.2419434e+01
   7.3091000e+05   3.5705566e+01
   7.3098800e+05   3.4851074e+01
   7.3104600e+05   3.2836914e+01
   7.3114800e+05   3.8146973e+01
   7.3119200e+05   3.6743164e+01
   7.3123400e+05   3.6560059e+01
   7.3184600e+05   4.1992188e+01
   7.8784800e+05   3.1982422e+01
   7.8802600e+05   3.6560059e+01
   7.8805800e+05   5.2795410e+01
   7.8807900e+05   3.4729004e+01
   7.8819600e+05   3.9367676e+01
   7.8822300e+05   3.3325195e+01
   7.8824900e+05   3.7841797e+01
   7.8828700e+05   3.7109375e+01
   7.8836600e+05   3.5339355e+01
   7.8860200e+05   3.4057617e+01
   8.4929800e+05   3.8208008e+01
   8.4940900e+05   4.2114258e+01
   8.4947300e+05   3.4301758e+01
   8.4955100e+05   4.2297363e+01
   8.4962300e+05   5.0964355e+01
   8.4965200e+05   3.1921387e+01
   8.4969800e+05   4.1137695e+01
   8.4973100e+05   3.5034180e+01
   8.4988900e+05   3.5827637e+01
   8.4998200e+05   3.4240723e+01
   8.5015600e+05   4.1015625e+01
   8.5040200e+05   3.6682129e+01
   8.5085700e+05   3.3325195e+01
   8.8544900e+05   3.2287598e+01
   9.8855500e+05   3.8269043e+01
   9.8861700e+05   5.2429199e+01
   9.8863700e+05   3.7292480e+01
   9.8865500e+05   4.0954590e+01
   9.8868300e+05   5.3405762e+01
   9.8873600e+05   3.7536621e+01
   9.8875400e+05   3.3874512e+01
   9.8879400e+05   3.9916992e+01
   9.8887100e+05   3.1860352e+01
   9.9039000e+05   3.2775879e+01
   9.9068400e+05   3.1860352e+01
   1.1040620e+06   3.3874512e+01
   1.1041570e+06   3.6804199e+01
   1.1042540e+06   4.1015625e+01
   1.1042730e+06   3.7719727e+01
   1.1043010e+06   5.3833008e+01
   1.1043320e+06   3.3996582e+01
   1.1043750e+06   3.4057617e+01
   1.1044530e+06   3.6682129e+01
   1.1045410e+06   3.2165527e+01
   1.1046020e+06   3.6132813e+01
   1.1046750e+06   3.2958984e+01
   1.1047170e+06   3.2714844e+01
   1.1054090e+06   3.1860352e+01
   1.1066800e+06   3.4362793e+01
   1.1337660e+06   4.3212891e+01
   1.1338060e+06   3.4667969e+01
   1.1339410e+06   3.5949707e+01
   1.1339650e+06   3.5766602e+01
   1.1339920e+06   4.0161133e+01
   1.1340240e+06   4.5715332e+01
   1.1340430e+06   4.5288086e+01
   1.1341320e+06   3.3020020e+01
   1.1341730e+06   3.5766602e+01
   1.1342440e+06   3.3325195e+01
   1.1342850e+06   3.7292480e+01
   1.1343880e+06   3.5156250e+01
   1.1998080e+06   3.4912109e+01
   1.1998710e+06   3.1860352e+01
   1.1998970e+06   3.1921387e+01
   1.1999350e+06   3.8146973e+01
   1.1999630e+06   5.0292969e+01
   1.1999840e+06   3.1982422e+01
   1.2000280e+06   3.3020020e+01
   1.2000480e+06   3.4606934e+01
   1.2000950e+06   3.5400391e+01
   1.2001350e+06   3.3996582e+01
   1.2001540e+06   4.2480469e+01
   1.2003080e+06   3.2836914e+01
   1.2003980e+06   3.2958984e+01
   1.2010990e+06   3.3752441e+01
   1.2611230e+06   3.7353516e+01
   1.2611870e+06   3.2104492e+01
   1.2612330e+06   3.3264160e+01
   1.2612770e+06   3.8696289e+01
   1.2612910e+06   3.4484863e+01
   1.2613120e+06   4.4067383e+01
   1.2613560e+06   3.2409668e+01
   1.2613740e+06   5.2368164e+01
   1.2614050e+06   3.6071777e+01
   1.2614320e+06   3.7292480e+01
   1.2614810e+06   3.6193848e+01
   1.2615370e+06   3.3020020e+01
   1.2616450e+06   3.4118652e+01
   1.2616730e+06   4.4433594e+01
   1.2620060e+06   3.2409668e+01
   1.2625430e+06   3.6682129e+01
   1.2625670e+06   3.2531738e+01
   1.2935660e+06   3.1921387e+01
   1.2938530e+06   4.0527344e+01
   1.2939400e+06   3.3569336e+01
   1.2939600e+06   3.2409668e+01
   1.2941030e+06   3.2409668e+01
   1.2941220e+06   3.8574219e+01
   1.2941890e+06   3.2531738e+01
   1.2942080e+06   3.8940430e+01
   1.2942340e+06   3.2165527e+01
   1.2942730e+06   3.5461426e+01
   1.2943770e+06   3.9611816e+01
   1.2951420e+06   3.6560059e+01
   1.2952260e+06   3.3264160e+01
   1.3227190e+06   3.2409668e+01
   1.3227520e+06   3.8208008e+01
   1.3228310e+06   3.5034180e+01
   1.3228520e+06   4.1259766e+01
   1.3229000e+06   3.1860352e+01
   1.3229290e+06   3.2287598e+01
   1.3229430e+06   3.6743164e+01
   1.3229960e+06   4.0161133e+01
   1.3233260e+06   3.5339355e+01
   1.3516010e+06   4.0527344e+01
   1.3516900e+06   3.8391113e+01
   1.3517280e+06   3.3569336e+01
   1.3517590e+06   3.5339355e+01
   1.3518410e+06   3.4423828e+01
   1.3518730e+06   3.1860352e+01
   1.3519350e+06   3.3325195e+01
   1.3520730e+06   3.2287598e+01
   1.3521150e+06   3.5766602e+01
   1.3522890e+06   3.7475586e+01
   1.3751670e+06   3.9184570e+01
   1.3753240e+06   4.0893555e+01
   1.3754410e+06   3.2348633e+01
   1.3754660e+06   3.2470703e+01
   1.3755640e+06   3.4912109e+01
   1.3756160e+06   3.3996582e+01
   1.3756270e+06   3.6926270e+01
   1.3756980e+06   4.3640137e+01
   1.3757430e+06   3.2836914e+01
   1.3962360e+06   3.2287598e+01
   1.3967530e+06   4.3518066e+01
   1.3968720e+06   3.2409668e+01
   1.3969080e+06   3.9611816e+01
   1.3969260e+06   3.2348633e+01
   1.3971060e+06   3.6071777e+01
   1.3972020e+06   4.0039063e+01
   1.3973800e+06   5.5908203e+01
   1.4163420e+06   3.4484863e+01
   1.4169790e+06   4.1992188e+01
   1.4172630e+06   3.5461426e+01
   1.4172970e+06   3.5583496e+01
   1.4173910e+06   3.2531738e+01
   1.4174570e+06   3.6804199e+01
   1.4175360e+06   3.1921387e+01
   1.4176370e+06   3.5888672e+01
   1.4178350e+06   3.4362793e+01
   1.4178860e+06   3.3264160e+01
   1.4324070e+06   3.2165527e+01
   1.5044120e+06   3.2348633e+01
   1.5047120e+06   3.2043457e+01
   1.5047610e+06   3.4118652e+01
   1.5047840e+06   3.6071777e+01
   1.5048810e+06   3.4912109e+01
   1.5049080e+06   3.3996582e+01
   1.5049750e+06   3.2592773e+01
   1.5050370e+06   3.2165527e+01
   1.5051050e+06   3.3081055e+01
   1.5596170e+06   3.8452148e+01
   1.5596420e+06   3.4729004e+01
   1.5597130e+06   3.2714844e+01
   1.5597470e+06   3.5522461e+01
   1.5598060e+06   4.0466309e+01
   1.5598370e+06   3.7780762e+01
   1.5599800e+06   3.3325195e+01
   1.5600390e+06   3.2775879e+01
   1.5602340e+06   3.3630371e+01
   1.5611520e+06   3.1921387e+01
   1.5752360e+06   3.2653809e+01
   1.6192680e+06   3.3691406e+01
   1.6194640e+06   4.0832520e+01
   1.6194850e+06   4.7363281e+01
   1.6195130e+06   4.2480469e+01
   1.6195340e+06   3.5522461e+01
   1.6195570e+06   4.7485352e+01
   1.6195920e+06   3.7231445e+01
   1.6196030e+06   3.3264160e+01
   1.6196660e+06   3.2165527e+01
   1.6197030e+06   3.8085938e+01
   1.6198230e+06   3.2897949e+01
   1.6198990e+06   3.5278320e+01
   1.6795220e+06   3.3020020e+01
   1.6797300e+06   3.4301758e+01
   1.6797940e+06   3.5705566e+01
   1.6798410e+06   3.4362793e+01
   1.6800780e+06   3.4179688e+01
   1.6800900e+06   3.9306641e+01
   1.6807810e+06   3.3020020e+01
   1.7037480e+06   3.3447266e+01
   1.7039330e+06   3.3325195e+01
   1.7045640e+06   3.5217285e+01
   1.7047420e+06   3.4301758e+01
   1.7048620e+06   3.9794922e+01
   1.7048990e+06   3.9794922e+01
   1.7049240e+06   3.5888672e+01
   1.7049850e+06   3.4301758e+01
   1.7050180e+06   3.5400391e+01
   1.7352570e+06   3.2897949e+01
   1.7355610e+06   4.6752930e+01
   1.7356200e+06   4.3212891e+01
   1.7356610e+06   3.5339355e+01
   1.7358130e+06   3.2104492e+01
   1.7358370e+06   3.3020020e+01
   1.7359430e+06   3.9001465e+01
   1.7360800e+06   3.3935547e+01
   1.7851170e+06   3.5644531e+01
   1.7853130e+06   3.5034180e+01
   1.7853650e+06   3.6437988e+01
   1.7854190e+06   5.1025391e+01
   1.7854800e+06   3.4729004e+01
   1.7854900e+06   3.5766602e+01
   1.7861280e+06   4.0954590e+01
   2.1178740e+06   3.9611816e+01
   2.1179010e+06   4.5227051e+01
   2.1179320e+06   4.3640137e+01
   2.1179650e+06   3.1860352e+01
   2.1180090e+06   4.3151855e+01
   2.1180200e+06   4.8522949e+01
   2.1180670e+06   3.4179688e+01
   2.1181280e+06   3.3630371e+01
   2.1181470e+06   3.6315918e+01
   2.1181670e+06   3.2409668e+01
   2.1182560e+06   3.2287598e+01
   2.1183720e+06   4.4067383e+01
   2.1184010e+06   3.4851074e+01
   2.1190560e+06   3.4729004e+01
   2.1194340e+06   3.5888672e+01
   2.1196840e+06   3.3691406e+01
   2.2870320e+06   3.8696289e+01
   2.2870870e+06   3.7719727e+01
   2.2871070e+06   3.3325195e+01
   2.2871610e+06   4.1381836e+01
   2.2872060e+06   3.7292480e+01
   2.2872300e+06   3.9794922e+01
   2.2872660e+06   3.4606934e+01
   2.2872950e+06   5.9326172e+01
   2.2873550e+06   3.3142090e+01
   2.2874650e+06   3.2470703e+01
   2.2882920e+06   3.3142090e+01
   2.2884880e+06   3.3813477e+01
   2.2885740e+06   3.3020020e+01
   2.3956940e+06   3.7048340e+01
   2.3958030e+06   3.2775879e+01
   2.3958870e+06   3.4362793e+01
   2.3959070e+06   5.2124023e+01
   2.3960080e+06   3.3874512e+01
   2.3960730e+06   3.2653809e+01
   2.3961040e+06   4.1687012e+01
   2.3961240e+06   3.3447266e+01
   2.3961510e+06   3.2958984e+01
   2.3964310e+06   3.4667969e+01
   2.5297960e+06   3.6193848e+01
   2.5299200e+06   3.3447266e+01
   2.5299410e+06   3.2836914e+01
   2.5299570e+06   3.6071777e+01
   2.5299910e+06   3.3081055e+01
   2.5300190e+06   3.1860352e+01
   2.5300660e+06   4.9926758e+01
   2.5301300e+06   3.1921387e+01
   2.5301860e+06   3.7597656e+01
   2.5310530e+06   3.2775879e+01
   2.6438040e+06   4.0466309e+01
   2.6439340e+06   3.7841797e+01
   2.6439540e+06   4.3701172e+01
   2.6439830e+06   5.7006836e+01
   2.6439990e+06   3.3935547e+01
   2.6440790e+06   3.5156250e+01
   2.6441340e+06   3.5705566e+01
   2.6448410e+06   3.4545898e+01
   2.6452850e+06   3.3630371e+01
   2.7695570e+06   3.5278320e+01
   2.7696120e+06   3.4057617e+01
   2.7697410e+06   4.3212891e+01
   2.7697520e+06   4.2297363e+01
   2.7697710e+06   3.2714844e+01
   2.7697930e+06   3.3569336e+01
   2.7699070e+06   3.3752441e+01
   2.7699290e+06   3.7780762e+01
   2.7699990e+06   4.0405273e+01
   2.7709860e+06   3.4790039e+01
   2.7710620e+06   3.4851074e+01
   2.7714620e+06   3.3630371e+01
   2.8835330e+06   3.9611816e+01
   2.8836590e+06   5.1574707e+01
   2.8836890e+06   3.2836914e+01
   2.8837360e+06   3.4484863e+01
   2.8837520e+06   4.9499512e+01
   2.8837740e+06   3.1860352e+01
   2.8838140e+06   3.6743164e+01
   2.8838490e+06   3.4301758e+01
   2.8838660e+06   3.2348633e+01
   2.8839110e+06   3.4179688e+01
   2.8839540e+06   3.2897949e+01
   2.8840810e+06   3.7963867e+01
   2.8845060e+06   3.2409668e+01
   2.9908950e+06   3.6499023e+01
   2.9910980e+06   3.6804199e+01
   2.9911190e+06   5.1025391e+01
   2.9911580e+06   3.4179688e+01
   2.9911870e+06   5.3955078e+01
   2.9911970e+06   3.3935547e+01
   2.9912450e+06   3.3752441e+01
   2.9912570e+06   3.4301758e+01
   2.9912820e+06   3.6865234e+01
   2.9913030e+06   3.6376953e+01
   2.9913410e+06   3.5888672e+01
   2.9915520e+06   3.7109375e+01
   2.9916670e+06   3.5156250e+01
   2.9917590e+06   3.5034180e+01
   2.9926480e+06   3.1982422e+01
   3.0521410e+06   3.2104492e+01
   3.0522190e+06   3.4179688e+01
   3.0522950e+06   4.7729492e+01
   3.0523500e+06   3.3447266e+01
   3.0523870e+06   4.0466309e+01
   3.0524020e+06   4.6020508e+01
   3.0524610e+06   4.2907715e+01
   3.0524860e+06   4.3334961e+01
   3.0525110e+06   4.4860840e+01
   3.0525910e+06   3.5888672e+01
   3.0537550e+06   3.3203125e+01
   3.0542450e+06   3.3020020e+01
   3.1037030e+06   4.1870117e+01
   3.1038320e+06   3.7048340e+01
   3.1039250e+06   4.4738770e+01
   3.1039880e+06   3.9062500e+01
   3.1040210e+06   3.6621094e+01
   3.1040690e+06   3.5217285e+01
   3.1042080e+06   3.3386230e+01
   3.1042360e+06   3.4423828e+01
   3.1042930e+06   3.5156250e+01
   3.1054530e+06   4.2602539e+01
   3.1229870e+06   3.5949707e+01
   3.1230130e+06   3.3264160e+01
   3.1231870e+06   4.1320801e+01
   3.1232050e+06   3.6926270e+01
   3.1232700e+06   3.4790039e+01
   3.1232860e+06   3.3081055e+01
   3.1234010e+06   3.7109375e+01
   3.1234160e+06   3.3691406e+01
   3.1234610e+06   3.4790039e+01
   3.1234970e+06   4.4250488e+01
   3.1236100e+06   3.6010742e+01
   3.1244270e+06   3.2836914e+01
   3.1247190e+06   3.6315918e+01
   3.1577480e+06   3.8452148e+01
   3.1579010e+06   3.3264160e+01
   3.1579240e+06   3.7658691e+01
   3.1579340e+06   3.6132813e+01
   3.1579620e+06   3.9978027e+01
   3.1580080e+06   3.9184570e+01
   3.1580370e+06   3.2226563e+01
   3.1581120e+06   5.4199219e+01
   3.1582630e+06   3.2470703e+01
   3.1583560e+06   3.2531738e+01
   3.1584610e+06   3.2592773e+01
   3.1585370e+06   3.3203125e+01
   3.1598410e+06   3.4851074e+01
   3.1732460e+06   3.3020020e+01
   3.1736360e+06   3.5461426e+01
   3.1737530e+06   3.4606934e+01
   3.1737840e+06   3.3325195e+01
   3.1738460e+06   4.2663574e+01
   3.1894370e+06   3.5217285e+01
   3.1894550e+06   3.7963867e+01
   3.1895340e+06   3.2287598e+01
   3.1895910e+06   4.5471191e+01
   3.1897170e+06   3.6315918e+01
   3.2042360e+06   3.2592773e+01
   3.2043050e+06   3.1860352e+01
   3.2046330e+06   3.8818359e+01
   3.2048940e+06   3.6376953e+01
   3.2050950e+06   3.5522461e+01
   3.2051260e+06   3.9123535e+01
   3.2260670e+06   3.6376953e+01
   3.2262760e+06   3.5461426e+01
   3.2263530e+06   3.9794922e+01
   3.2264920e+06   3.8391113e+01
   3.2266760e+06   3.3996582e+01
   3.2454550e+06   3.2836914e+01
   3.2456640e+06   3.2104492e+01
   3.2457320e+06   3.2226563e+01
   3.2457550e+06   3.3569336e+01
   3.2458100e+06   4.6569824e+01
   3.2458300e+06   3.2775879e+01
   3.2459490e+06   3.1860352e+01
   3.2460480e+06   3.3691406e+01
   3.2461670e+06   3.3020020e+01
   3.2876480e+06   3.7902832e+01
   3.2885450e+06   3.4729004e+01
   3.2886200e+06   3.5583496e+01
   3.3238490e+06   3.2409668e+01
   3.3241200e+06   3.4790039e+01
   3.3241610e+06   3.7414551e+01
   3.3244320e+06   3.2714844e+01
   3.3244630e+06   3.9184570e+01
   3.3245470e+06   3.2470703e+01
   3.3245590e+06   3.8269043e+01
   3.3245810e+06   3.4240723e+01
   3.3247060e+06   3.8574219e+01
   3.3418300e+06   3.5400391e+01
   3.3421130e+06   4.4677734e+01
   3.3421710e+06   3.8085938e+01
   3.3423470e+06   3.6376953e+01
   3.3694470e+06   3.4118652e+01
   3.3694680e+06   3.8391113e+01
   3.3696820e+06   3.6926270e+01
   3.3697730e+06   4.2907715e+01
   3.3698000e+06   3.3020020e+01
   3.3698730e+06   3.5522461e+01
   3.3699340e+06   3.1982422e+01
   3.3699910e+06   3.3020020e+01
   3.3700880e+06   3.1921387e+01
   3.3707970e+06   3.3203125e+01
   3.3947920e+06   3.2775879e+01
   3.3952020e+06   6.3415527e+01
   3.3952690e+06   3.3142090e+01
   3.3958400e+06   3.4057617e+01
   3.4658640e+06   3.4729004e+01
   3.4659940e+06   3.8879395e+01
   3.4660270e+06   5.6640625e+01
   3.4660450e+06   4.1320801e+01
   3.4661520e+06   3.3081055e+01
   3.4663100e+06   3.5888672e+01
   3.4664620e+06   3.6315918e+01
   3.4852860e+06   3.4545898e+01
   3.4852960e+06   3.5034180e+01
   3.4854130e+06   3.3386230e+01
   3.4854530e+06   3.5644531e+01
   3.4856010e+06   3.1860352e+01
   3.4856840e+06   3.8452148e+01
   3.4861290e+06   3.2958984e+01
   3.5250230e+06   3.8635254e+01
   3.5250780e+06   4.2419434e+01
   3.5251660e+06   3.2470703e+01
   3.5254870e+06   3.2409668e+01
   3.5851370e+06   3.6010742e+01
   3.5851800e+06   3.7597656e+01
   3.5852270e+06   3.4545898e+01
   3.5852640e+06   3.2958984e+01
   3.5853590e+06   3.5278320e+01
   3.5854290e+06   3.7658691e+01
   3.5857270e+06   3.2104492e+01
   3.6257610e+06   3.2897949e+01
   3.6260310e+06   3.6621094e+01
   3.6262720e+06   4.1015625e+01
   3.6263060e+06   4.4555664e+01
   3.6263250e+06   3.9245605e+01
   3.6263820e+06   3.3813477e+01
   3.6264850e+06   3.4118652e+01
   3.6265150e+06   3.4912109e+01
   3.6274560e+06   3.3264160e+01
   3.6508110e+06   3.2470703e+01
   3.6510690e+06   3.5034180e+01
   3.6510950e+06   3.5705566e+01
   3.6511460e+06   4.7851563e+01
   3.6512500e+06   3.3569336e+01
   3.6512910e+06   4.0893555e+01
   3.6513400e+06   3.4667969e+01
   3.6514330e+06   3.2897949e+01
   3.6515530e+06   4.1870117e+01
   3.6975980e+06   3.2287598e+01
   3.6979660e+06   3.8024902e+01
   3.6979920e+06   4.2114258e+01
   3.6980190e+06   3.4790039e+01
   3.6981330e+06   3.5095215e+01
   3.6982980e+06   3.3081055e+01
   3.6985610e+06   3.2409668e+01
   3.6990030e+06   3.4790039e+01
   4.0947400e+06   4.6264648e+01
   4.0948190e+06   3.7719727e+01
   4.0948310e+06   3.3569336e+01
   4.0948510e+06   3.4179688e+01
   4.0948930e+06   4.1870117e+01
   4.0949210e+06   3.2409668e+01
   4.0949690e+06   3.2836914e+01
   4.0962470e+06   3.2409668e+01
   4.0971530e+06   3.6315918e+01
   4.1926060e+06   3.6987305e+01
   4.1926450e+06   3.2775879e+01
   4.1926970e+06   3.4790039e+01
   4.1927320e+06   4.5471191e+01
   4.1927440e+06   3.8269043e+01
   4.1927640e+06   3.2470703e+01
   4.1928210e+06   3.3447266e+01
   4.1928440e+06   3.3996582e+01
   4.1929610e+06   4.6936035e+01
   4.1931680e+06   3.2775879e+01
   4.1939170e+06   3.4179688e+01
   4.1946270e+06   3.8391113e+01
   4.1950740e+06   3.2714844e+01
   4.3587630e+06   3.8574219e+01
   4.3588560e+06   4.0222168e+01
   4.3589430e+06   3.6743164e+01
   4.3589730e+06   3.2409668e+01
   4.3590040e+06   3.2592773e+01
   4.3590280e+06   3.2897949e+01
   4.3590460e+06   3.2104492e+01
   4.3590980e+06   3.2287598e+01
   4.3593850e+06   3.2348633e+01
   4.3597210e+06   3.6743164e+01
   4.3601590e+06   3.8513184e+01
   4.3609880e+06   3.4362793e+01
   4.3612590e+06   3.9062500e+01
   4.3618890e+06   3.1921387e+01
   4.4986760e+06   3.7475586e+01
   4.4987180e+06   3.8208008e+01
   4.4987640e+06   3.3142090e+01
   4.4988400e+06   4.0283203e+01
   4.4988560e+06   5.3344727e+01
   4.4988660e+06   3.2592773e+01
   4.4988940e+06   5.2612305e+01
   4.4989180e+06   4.9560547e+01
   4.4989340e+06   3.9978027e+01
   4.4989640e+06   3.3752441e+01
   4.4990780e+06   3.2470703e+01
   4.4997530e+06   3.3081055e+01
   4.4998350e+06   3.3386230e+01
   4.5010290e+06   3.2165527e+01
   4.5871170e+06   3.2958984e+01
   4.5871740e+06   3.2226563e+01
   4.5872220e+06   4.0283203e+01
   4.5872520e+06   4.5410156e+01
   4.5872640e+06   4.2480469e+01
   4.5872950e+06   3.5766602e+01
   4.5873150e+06   3.2592773e+01
   4.5873360e+06   3.3630371e+01
   4.5873500e+06   3.8574219e+01
   4.5873870e+06   4.3518066e+01
   4.5874200e+06   4.4189453e+01
   4.5875600e+06   3.4912109e+01
   4.5895050e+06   3.3691406e+01
   4.6529620e+06   3.5278320e+01
   4.6530370e+06   3.7658691e+01
   4.6530810e+06   4.4311523e+01
   4.6531070e+06   3.8269043e+01
   4.6531210e+06   5.0781250e+01
   4.6531380e+06   4.2419434e+01
   4.6531500e+06   3.6193848e+01
   4.6531920e+06   3.2104492e+01
   4.6532600e+06   3.2714844e+01
   4.6532840e+06   3.4729004e+01
   4.6552900e+06   3.2226563e+01
   4.7239610e+06   3.6499023e+01
   4.7239820e+06   3.8146973e+01
   4.7240050e+06   3.4790039e+01
   4.7240580e+06   5.2307129e+01
   4.7240690e+06   3.3386230e+01
   4.7241050e+06   5.2062988e+01
   4.7241620e+06   3.6926270e+01
   4.7241920e+06   4.5349121e+01
   4.7242240e+06   3.8146973e+01
   4.7242630e+06   3.1982422e+01
   4.7242920e+06   3.4912109e+01
   4.7248530e+06   3.2592773e+01
   4.7537210e+06   3.9855957e+01
   4.7538430e+06   3.3020020e+01
   4.7539270e+06   4.1015625e+01
   4.7539520e+06   3.3813477e+01
   4.7539690e+06   3.1982422e+01
   4.7539910e+06   3.5827637e+01
   4.7540250e+06   3.8146973e+01
   4.7541040e+06   3.2348633e+01
   4.7544690e+06   3.4851074e+01
   4.7546780e+06   3.5400391e+01
   4.7761990e+06   3.3020020e+01
   4.7763510e+06   3.5400391e+01
   4.7763820e+06   4.7607422e+01
   4.7764100e+06   3.3325195e+01
   4.7765210e+06   3.7658691e+01
   4.7767620e+06   3.2043457e+01
   4.7773560e+06   3.3691406e+01
   4.7956700e+06   3.9062500e+01
   4.7956960e+06   3.2653809e+01
   4.7958910e+06   3.9062500e+01
   4.7959330e+06   3.3325195e+01
   4.7959600e+06   3.5827637e+01
   4.7961530e+06   3.1982422e+01
   4.7963780e+06   3.2348633e+01
   4.8191030e+06   3.5522461e+01
   4.8191360e+06   4.5898438e+01
   4.8191680e+06   5.3710938e+01
   4.8192980e+06   3.6621094e+01
   4.8193830e+06   4.1198730e+01
   4.8208290e+06   3.7475586e+01
   4.8330740e+06   3.3203125e+01
   4.8332140e+06   3.2409668e+01
   4.8333770e+06   3.9550781e+01
   4.8334450e+06   3.2958984e+01
   4.8334680e+06   4.9499512e+01
   4.8335550e+06   3.7963867e+01
   4.8341090e+06   3.2287598e+01
   4.8341370e+06   3.4851074e+01
   4.8583470e+06   3.2592773e+01
   4.8583780e+06   3.2653809e+01
   4.8584570e+06   3.5339355e+01
   4.8585090e+06   3.2653809e+01
   4.8586390e+06   3.5705566e+01
   4.8589950e+06   3.2958984e+01
   4.8598080e+06   3.4423828e+01
   4.8600950e+06   3.2470703e+01
   4.8771680e+06   3.6804199e+01
   4.8771940e+06   3.5217285e+01
   4.8772620e+06   3.2226563e+01
   4.8772910e+06   3.1982422e+01
   4.8773730e+06   4.0222168e+01
   4.8775110e+06   3.5766602e+01
   4.8775350e+06   4.8217773e+01
   4.8775920e+06   3.6010742e+01
   4.8776950e+06   4.5715332e+01
   4.9018940e+06   3.3935547e+01
   4.9019070e+06   3.3081055e+01
   4.9020020e+06   3.2165527e+01
   4.9020940e+06   3.2165527e+01
   4.9021700e+06   3.9062500e+01
   4.9023540e+06   3.4362793e+01
   4.9023890e+06   3.7170410e+01
   4.9024070e+06   3.6437988e+01
   4.9255350e+06   3.2958984e+01
   4.9255450e+06   3.4851074e+01
   4.9257660e+06   3.6682129e+01
   4.9257990e+06   4.1015625e+01
   4.9258740e+06   3.3630371e+01
   4.9259060e+06   4.0039063e+01
   4.9259700e+06   3.2775879e+01
   4.9260130e+06   3.7048340e+01
   4.9388040e+06   3.3752441e+01
   4.9393760e+06   3.3142090e+01
   4.9395130e+06   5.0048828e+01
   4.9395610e+06   3.2226563e+01
   4.9402680e+06   3.2653809e+01
   4.9574290e+06   3.1982422e+01
   4.9575530e+06   3.3813477e+01
   4.9576510e+06   3.6071777e+01
   4.9577490e+06   3.7414551e+01
   4.9578660e+06   4.6020508e+01
   4.9579100e+06   3.9672852e+01
   4.9582450e+06   3.9978027e+01
   4.9751220e+06   3.5522461e+01
   4.9752290e+06   3.6071777e+01
   4.9753170e+06   3.3142090e+01
   4.9753780e+06   4.0283203e+01
   4.9754030e+06   3.2958984e+01
   4.9755470e+06   3.4057617e+01
   4.9970720e+06   3.4240723e+01
   4.9973370e+06   3.5217285e+01
   4.9973590e+06   4.2907715e+01
   4.9973920e+06   4.1259766e+01
   4.9974910e+06   3.9733887e+01
   4.9975200e+06   3.6865234e+01
   4.9975560e+06   3.3996582e+01
   5.0197050e+06   3.3142090e+01
   5.0197330e+06   3.7963867e+01
   5.0199260e+06   4.3945313e+01
   5.0201610e+06   3.3142090e+01
   5.0205310e+06   3.6132813e+01
   5.0376650e+06   3.6926270e+01
   5.0378040e+06   4.1015625e+01
   5.0380440e+06   4.1137695e+01
   5.0381060e+06   3.6437988e+01
   5.0381380e+06   3.1860352e+01
   5.0381860e+06   3.9855957e+01
   5.0382020e+06   3.5339355e+01
   5.0383560e+06   5.0292969e+01
   5.0384050e+06   3.5827637e+01
   5.0385110e+06   3.6193848e+01
   5.0386800e+06   3.2287598e+01
   5.0536460e+06   3.3630371e+01
   5.0544750e+06   3.9855957e+01
   5.0545360e+06   3.1982422e+01
   5.0546060e+06   3.6865234e+01
   5.0705690e+06   3.2104492e+01
   5.0709930e+06   4.8095703e+01
   5.0879530e+06   3.4179688e+01
   5.0889480e+06   3.2287598e+01
   5.1061580e+06   3.3630371e+01
   5.1066360e+06   3.3142090e+01
   5.1069860e+06   3.4362793e+01
   5.1070110e+06   3.2714844e+01
   5.1070340e+06   3.5949707e+01
   5.1070630e+06   3.9489746e+01
   5.1071220e+06   3.8208008e+01
   5.1560820e+06   4.2053223e+01
   5.1561160e+06   4.1931152e+01
   5.1562020e+06   3.4179688e+01
   5.1564030e+06   3.4301758e+01
   5.1571780e+06   3.3813477e+01
   5.1572220e+06   3.3325195e+01
   5.1572480e+06   3.4973145e+01
   5.1821710e+06   3.3569336e+01
   5.1822710e+06   3.7170410e+01
   5.1824460e+06   3.4606934e+01
   5.1825250e+06   3.8696289e+01
   5.1826720e+06   4.0527344e+01
   5.1827630e+06   3.2226563e+01
   5.1828470e+06   3.3020020e+01
   5.1828760e+06   4.5715332e+01
   5.2042250e+06   3.2165527e+01
   5.2045230e+06   3.5400391e+01
   5.2048490e+06   3.7109375e+01
   5.2309940e+06   3.2104492e+01
   5.2313200e+06   3.3752441e+01
   5.2314920e+06   3.3020020e+01
   5.2315160e+06   3.6804199e+01
   5.2315530e+06   3.6315918e+01
   5.2326430e+06   3.3508301e+01
   5.2719180e+06   3.7414551e+01
   5.2719750e+06   3.3874512e+01
   5.2720590e+06   3.2409668e+01
   5.2720790e+06   3.5644531e+01
   5.2721000e+06   4.0283203e+01
   5.2721620e+06   3.9978027e+01
   5.2723820e+06   3.2043457e+01
   5.6367940e+06   3.4179688e+01
   5.6368880e+06   3.3752441e+01
   5.6369130e+06   6.0913086e+01
   5.6369600e+06   3.2897949e+01
   5.6369710e+06   3.6315918e+01
   5.6370060e+06   3.4240723e+01
   5.6370740e+06   3.3447266e+01
   5.6371830e+06   3.6621094e+01
   5.6374460e+06   3.2714844e+01
   5.6387350e+06   3.4240723e+01
   5.6390640e+06   3.1921387e+01
   5.8407070e+06   4.1015625e+01
   5.8407200e+06   3.7963867e+01
   5.8407630e+06   3.2653809e+01
   5.8407730e+06   3.6376953e+01
   5.8408020e+06   3.3630371e+01
   5.8408280e+06   3.1921387e+01
   5.8408480e+06   4.0344238e+01
   5.8408890e+06   4.2907715e+01
   5.8409130e+06   4.0039063e+01
   5.8409230e+06   3.6193848e+01
   5.8409480e+06   3.4301758e+01
   5.8410330e+06   3.5766602e+01
   5.8410570e+06   3.5583496e+01
   5.9779710e+06   3.2836914e+01
   5.9780220e+06   3.7231445e+01
   5.9780460e+06   4.2480469e+01
   5.9780690e+06   7.5134277e+01
   5.9780790e+06   5.2551270e+01
   5.9781160e+06   3.5156250e+01
   5.9781760e+06   3.6010742e+01
   5.9782130e+06   3.7597656e+01
   5.9782930e+06   3.2714844e+01
   5.9790770e+06   3.3020020e+01
   5.9793590e+06   3.5034180e+01
   5.9793980e+06   3.3264160e+01
   5.9796410e+06   3.4912109e+01
   6.1286480e+06   3.2409668e+01
   6.1287240e+06   4.3640137e+01
   6.1287560e+06   3.3569336e+01
   6.1287870e+06   6.1401367e+01
   6.1288080e+06   3.8085938e+01
   6.1288390e+06   3.1921387e+01
   6.1288710e+06   3.3935547e+01
   6.1288920e+06   3.3935547e+01
   6.1300180e+06   3.2470703e+01
   6.1304970e+06   3.3325195e+01
   6.2437380e+06   4.0039063e+01
   6.2438320e+06   3.2104492e+01
   6.2438660e+06   3.9062500e+01
   6.2438800e+06   5.5786133e+01
   6.2439330e+06   4.6630859e+01
   6.2439780e+06   3.4301758e+01
   6.2440080e+06   3.4118652e+01
   6.2440430e+06   3.2653809e+01
   6.2441270e+06   3.4667969e+01
   6.2449410e+06   3.4057617e+01
   6.2450870e+06   3.2836914e+01
   6.3850820e+06   5.6274414e+01
   6.3851050e+06   5.7739258e+01
   6.3851370e+06   3.2287598e+01
   6.3851750e+06   4.5043945e+01
   6.3851980e+06   3.7658691e+01
   6.3852260e+06   6.7749023e+01
   6.3852710e+06   3.3996582e+01
   6.3853200e+06   3.9062500e+01
   6.3854060e+06   3.8330078e+01
   6.3856790e+06   3.3203125e+01
   6.3857830e+06   3.3142090e+01
   6.3859010e+06   3.2592773e+01
   6.3864220e+06   3.3325195e+01
   6.3867730e+06   3.4362793e+01
   6.4595280e+06   3.2470703e+01
   6.4595940e+06   4.1015625e+01
   6.4596600e+06   4.9621582e+01
   6.4597240e+06   3.5034180e+01
   6.4597440e+06   3.6132813e+01
   6.4597900e+06   3.7597656e+01
   6.4598190e+06   3.5278320e+01
   6.4598560e+06   4.3212891e+01
   6.4599280e+06   3.9733887e+01
   6.4601650e+06   3.5034180e+01
   6.5443790e+06   3.2165527e+01
   6.5444690e+06   3.5095215e+01
   6.5445330e+06   4.1992188e+01
   6.5445640e+06   4.7729492e+01
   6.5445840e+06   3.5217285e+01
   6.5446150e+06   3.2653809e+01
   6.5446940e+06   4.3884277e+01
   6.5447580e+06   3.4912109e+01
   6.5457670e+06   3.1860352e+01
   6.6921400e+06   3.2287598e+01
   6.6921660e+06   5.2307129e+01
   6.6922220e+06   3.4240723e+01
   6.6922460e+06   3.7414551e+01
   6.6922690e+06   3.8818359e+01
   6.6922870e+06   3.3752441e+01
   6.6923350e+06   3.6560059e+01
   6.6923550e+06   4.2663574e+01
   6.6923770e+06   4.2968750e+01
   6.6924140e+06   3.9916992e+01
   6.6924700e+06   3.7353516e+01
   6.6926280e+06   3.2348633e+01
   6.6928520e+06   3.5278320e+01
   6.6930660e+06   3.2592773e+01
   6.6933330e+06   3.2958984e+01
   6.6934910e+06   3.3691406e+01
   6.8239400e+06   3.7902832e+01
   6.8240020e+06   3.9978027e+01
   6.8240490e+06   3.3935547e+01
   6.8240800e+06   3.2409668e+01
   6.8241000e+06   3.8391113e+01
   6.8241250e+06   3.2348633e+01
   6.8241540e+06   3.9001465e+01
   6.8241840e+06   3.9794922e+01
   6.9565870e+06   3.3691406e+01
   6.9566590e+06   3.3935547e+01
   6.9566750e+06   4.0283203e+01
   6.9567170e+06   3.7780762e+01
   6.9567570e+06   4.2968750e+01
   6.9567830e+06   3.3569336e+01
   6.9568170e+06   4.4433594e+01
   6.9568490e+06   3.5400391e+01
   6.9569170e+06   3.8146973e+01
   6.9569380e+06   3.2958984e+01
   6.9570300e+06   3.2531738e+01
   6.9579420e+06   3.2226563e+01
   6.9591160e+06   3.5400391e+01
   7.0132720e+06   3.9978027e+01
   7.0133170e+06   3.3508301e+01
   7.0133540e+06   3.9794922e+01
   7.0133850e+06   8.2153320e+01
   7.0134140e+06   3.5400391e+01
   7.0134940e+06   4.2541504e+01
   7.0135650e+06   4.0039063e+01
   7.0136030e+06   3.2470703e+01
   7.0137670e+06   4.0344238e+01
   7.0146520e+06   3.6682129e+01
   7.0150860e+06   3.2226563e+01
   7.0666410e+06   3.7780762e+01
   7.0666770e+06   3.8696289e+01
   7.0667020e+06   3.6987305e+01
   7.0667620e+06   5.7739258e+01
   7.0668510e+06   3.2226563e+01
   7.0669020e+06   4.0039063e+01
   7.0669130e+06   3.9062500e+01
   7.0669620e+06   3.8269043e+01
   7.0669950e+06   4.1809082e+01
   7.0676850e+06   3.2531738e+01
   7.0885410e+06   3.4851074e+01
   7.0886350e+06   3.6071777e+01
   7.0886750e+06   3.1860352e+01
   7.0886950e+06   3.2409668e+01
   7.0887200e+06   4.3945312e+01
   7.0888930e+06   3.8024902e+01
   7.0889300e+06   3.4423828e+01
   7.0889490e+06   3.3447266e+01
   7.0891030e+06   4.0100098e+01
   7.0895350e+06   3.7231445e+01
   7.0908380e+06   3.2043457e+01
   7.1099010e+06   3.2531738e+01
   7.1100370e+06   4.6142578e+01
   7.1100870e+06   3.3142090e+01
   7.1101310e+06   3.6560059e+01
   7.1101460e+06   3.4484863e+01
   7.1101700e+06   3.3203125e+01
   7.1102050e+06   3.8818359e+01
   7.1102480e+06   3.2836914e+01
   7.1102700e+06   3.5339355e+01
   7.1103090e+06   3.8696289e+01
   7.1104910e+06   3.5522461e+01
   7.1106420e+06   3.2958984e+01
   7.1365970e+06   3.2531738e+01
   7.1366080e+06   4.1320801e+01
   7.1366520e+06   3.7231445e+01
   7.1366930e+06   3.9367676e+01
   7.1367270e+06   3.2897949e+01
   7.1367530e+06   3.4545898e+01
   7.1367910e+06   3.2043457e+01
   7.1368160e+06   3.8452148e+01
   7.1368650e+06   3.9306641e+01
   7.1369330e+06   3.2226563e+01
   7.1370350e+06   3.4606934e+01
   7.1381740e+06   3.2104492e+01
   7.1383020e+06   3.3935547e+01
   7.1619700e+06   3.5766602e+01
   7.1620040e+06   3.2043457e+01
   7.1621000e+06   4.2663574e+01
   7.1621120e+06   5.5236816e+01
   7.1621410e+06   4.0283203e+01
   7.1622110e+06   3.8513184e+01
   7.1622960e+06   3.2104492e+01
   7.1624810e+06   4.2480469e+01
   7.1626120e+06   4.0344238e+01
   7.1632100e+06   3.3020020e+01
   7.1634960e+06   3.3508301e+01
   7.1641600e+06   3.4851074e+01
   7.1867040e+06   3.2531738e+01
   7.1868560e+06   3.4423828e+01
   7.1869470e+06   3.7719727e+01
   7.1869820e+06   4.9255371e+01
   7.1870310e+06   4.5959473e+01
   7.1870980e+06   4.3884277e+01
   7.1873570e+06   3.5888672e+01
   7.1892850e+06   3.4362793e+01
   7.2060860e+06   3.4179688e+01
   7.2061210e+06   3.3630371e+01
   7.2061470e+06   4.0954590e+01
   7.2062470e+06   3.1982422e+01
   7.2063610e+06   3.7048340e+01
   7.2064910e+06   3.4729004e+01
   7.2079910e+06   3.3203125e+01
   7.2081420e+06   3.4973145e+01
   7.2087460e+06   3.1921387e+01
   7.2312530e+06   3.5095215e+01
   7.2314200e+06   3.5034180e+01
   7.2314850e+06   3.4973145e+01
   7.2315230e+06   3.6499023e+01
   7.2565470e+06   3.4240723e+01
   7.2566620e+06   3.4301758e+01
   7.2566970e+06   3.8757324e+01
   7.2567260e+06   3.6743164e+01
   7.2567550e+06   3.2714844e+01
   7.2568230e+06   3.2714844e+01
   7.2569200e+06   3.9184570e+01
   7.2575340e+06   3.6926270e+01
   7.2776270e+06   3.5949707e+01
   7.2776380e+06   4.2541504e+01
   7.2776720e+06   3.5583496e+01
   7.2777000e+06   3.4606934e+01
   7.2778520e+06   3.5583496e+01
   7.2778760e+06   3.4362793e+01
   7.2779300e+06   4.1381836e+01
   7.2780840e+06   3.6804199e+01
   7.2781210e+06   3.4484863e+01
   7.2954210e+06   3.4851074e+01
   7.2956850e+06   3.2043457e+01
   7.2957050e+06   3.5583496e+01
   7.2957900e+06   3.7597656e+01
   7.2958530e+06   3.4362793e+01
   7.2961600e+06   3.1860352e+01
   7.3149260e+06   4.0161133e+01
   7.3149590e+06   4.0893555e+01
   7.3149790e+06   3.3935547e+01
   7.3150180e+06   3.3752441e+01
   7.3150990e+06   3.7109375e+01
   7.3151420e+06   3.3691406e+01
   7.3151970e+06   3.4362793e+01
   7.3152170e+06   3.4729004e+01
   7.3328020e+06   3.7048340e+01
   7.3329250e+06   3.2531738e+01
   7.3331440e+06   3.4423828e+01
   7.3331930e+06   3.7719727e+01
   7.3501320e+06   3.1860352e+01
   7.3503860e+06   3.5583496e+01
   7.3504410e+06   3.6987305e+01
   7.3504790e+06   3.2043457e+01
   7.3506680e+06   3.2836914e+01
   7.3506960e+06   3.6437988e+01
   7.3508760e+06   4.3701172e+01
   7.3523810e+06   3.2348633e+01
   7.3677130e+06   3.8208008e+01
   7.3677480e+06   3.3874512e+01
   7.3684560e+06   3.2592773e+01
   7.3865270e+06   4.1625977e+01
   7.3868760e+06   3.3203125e+01
   7.3870190e+06   3.2897949e+01
   7.3871180e+06   3.5217285e+01
   7.3872180e+06   3.3264160e+01
   7.3872710e+06   3.5278320e+01
   7.3873050e+06   3.1921387e+01
   7.3877290e+06   3.7658691e+01
   7.4023950e+06   3.5888672e+01
   7.4024070e+06   3.5278320e+01
   7.4024400e+06   4.6203613e+01
   7.4024910e+06   3.3203125e+01
   7.4026680e+06   3.7658691e+01
   7.4027440e+06   3.8757324e+01
   7.4029810e+06   3.3142090e+01
   7.4038780e+06   3.5461426e+01
   7.4203430e+06   3.2104492e+01
   7.4204500e+06   3.8452148e+01
   7.4204810e+06   3.6376953e+01
   7.4421010e+06   3.6560059e+01
   7.4423960e+06   3.6071777e+01
   7.4424200e+06   3.2287598e+01
   7.4424460e+06   3.7292480e+01
   7.4425190e+06   3.1921387e+01
   7.4425430e+06   3.2226563e+01
   7.4425960e+06   3.3386230e+01
   7.4429090e+06   3.3447266e+01
   7.4605560e+06   3.2653809e+01
   7.4605910e+06   4.0771484e+01
   7.4609220e+06   3.4240723e+01
   7.4610420e+06   4.6020508e+01
   7.4610860e+06   3.2592773e+01
   7.4612050e+06   3.2226563e+01
   7.4613760e+06   3.4790039e+01
   7.4614720e+06   4.0100098e+01
   7.4783150e+06   4.2968750e+01
   7.4784340e+06   3.9184570e+01
   7.4784620e+06   3.2714844e+01
   7.4934430e+06   3.2348633e+01
   7.5063450e+06   3.2165527e+01
   7.5244920e+06   3.3020020e+01
   7.5245980e+06   3.3386230e+01
   7.5246860e+06   3.2043457e+01
   7.5249090e+06   3.3935547e+01
   7.5532760e+06   3.2714844e+01
   7.5535780e+06   3.3081055e+01
   7.5538590e+06   3.9855957e+01
   7.5539650e+06   3.3691406e+01
   7.5541750e+06   3.2226563e+01
   7.5547930e+06   3.4118652e+01
   7.5831600e+06   3.4851074e+01
   7.5832280e+06   3.9550781e+01
   8.1103570e+06   3.2409668e+01
   8.1103700e+06   3.7597656e+01
   8.1103860e+06   3.3020020e+01
   8.1104250e+06   5.0231934e+01
   8.1104740e+06   3.5827637e+01
   8.1104840e+06   4.1137695e+01
   8.1105860e+06   3.6926270e+01
   8.1106640e+06   3.7231445e+01
   8.1132100e+06   3.2226563e+01
   8.2836980e+06   3.2043457e+01
   8.2837690e+06   4.8767090e+01
   8.2837800e+06   4.1137695e+01
   8.2838000e+06   5.0720215e+01
   8.2838440e+06   4.7546387e+01
   8.2838720e+06   5.9692383e+01
   8.2839000e+06   3.9611816e+01
   8.2839410e+06   3.4301758e+01
   8.2840870e+06   3.2653809e+01
   8.4326990e+06   3.5949707e+01
   8.4327510e+06   3.7109375e+01
   8.4328380e+06   3.7963867e+01
   8.4328650e+06   5.2856445e+01
   8.4329010e+06   4.2114258e+01
   8.4329600e+06   3.6010742e+01
   8.4329940e+06   4.2602539e+01
   8.4330340e+06   3.2592773e+01
   8.4339130e+06   3.2958984e+01
   8.4340210e+06   3.8146973e+01
   8.5248220e+06   5.2124023e+01
   8.5248630e+06   3.6865234e+01
   8.5249570e+06   3.8269043e+01
   8.5249770e+06   3.4484863e+01
   8.5250010e+06   3.3203125e+01
   8.5250240e+06   3.7414551e+01
   8.5250840e+06   3.2531738e+01
   8.5252360e+06   3.5034180e+01
   8.5256930e+06   3.5095215e+01
   8.6475810e+06   3.8818359e+01
   8.6475990e+06   4.6264648e+01
   8.6476280e+06   3.5644531e+01
   8.6476550e+06   3.7536621e+01
   8.6477450e+06   3.4484863e+01
   8.6478030e+06   3.7536621e+01
   8.6478950e+06   3.8208008e+01
   8.6483250e+06   3.4729004e+01
   8.6488610e+06   3.2226563e+01
   8.6494820e+06   3.8208008e+01
   8.6503110e+06   3.4179688e+01
   8.8121190e+06   3.3386230e+01
   8.8121610e+06   4.3884277e+01
   8.8121920e+06   3.9245605e+01
   8.8122040e+06   4.3334961e+01
   8.8122390e+06   3.4790039e+01
   8.8123510e+06   3.7170410e+01
   8.8124720e+06   3.6865234e+01
   8.8132540e+06   3.5034180e+01
   8.8133850e+06   3.3081055e+01
   8.9742970e+06   3.5034180e+01
   8.9743580e+06   3.8940430e+01
   8.9743700e+06   3.7109375e+01
   8.9745190e+06   3.9306641e+01
   8.9745360e+06   3.4790039e+01
   8.9745780e+06   3.3691406e+01
   8.9746840e+06   3.1921387e+01
   8.9747960e+06   3.7536621e+01
   9.1088280e+06   3.5461426e+01
   9.1088680e+06   3.5461426e+01
   9.1088970e+06   3.3813477e+01
   9.1089380e+06   3.7597656e+01
   9.1089580e+06   4.7302246e+01
   9.1089760e+06   3.4729004e+01
   9.1090070e+06   3.9611816e+01
   9.1090500e+06   3.6987305e+01
   9.1090910e+06   4.6325684e+01
   9.1091030e+06   3.4179688e+01
   9.1091390e+06   3.8208008e+01
   9.1091550e+06   3.5888672e+01
   9.1091710e+06   3.7780762e+01
   9.1104340e+06   3.2470703e+01
   9.1105850e+06   3.7048340e+01
   9.1111270e+06   3.8513184e+01
   9.1713000e+06   3.2592773e+01
   9.1713440e+06   3.3081055e+01
   9.1713850e+06   3.4973145e+01
   9.1714670e+06   4.3823242e+01
   9.1715020e+06   3.5522461e+01
   9.1715600e+06   3.8879395e+01
   9.1716040e+06   3.9489746e+01
   9.1716270e+06   3.2958984e+01
   9.1716630e+06   3.3081055e+01
   9.1717360e+06   3.3386230e+01
   9.2548390e+06   3.3935547e+01
   9.2548760e+06   3.2043457e+01
   9.2548980e+06   4.4433594e+01
   9.2549240e+06   3.2226563e+01
   9.2549690e+06   3.4667969e+01
   9.2549900e+06   4.0466309e+01
   9.2550660e+06   4.4738770e+01
   9.2551110e+06   3.2714844e+01
   9.2552080e+06   3.2043457e+01
   9.2552320e+06   3.2165527e+01
   9.2552680e+06   3.1982422e+01
   9.2561650e+06   3.5888672e+01
   9.2562740e+06   3.2104492e+01
   9.2564800e+06   3.3996582e+01
   9.2574760e+06   3.2531738e+01
   9.3696200e+06   3.2226563e+01
   9.3696850e+06   3.5156250e+01
   9.3697310e+06   3.4729004e+01
   9.3698780e+06   3.8574219e+01
   9.3700320e+06   3.4606934e+01
   9.3707970e+06   3.8757324e+01
   9.3716770e+06   4.4250488e+01
   9.3725880e+06   3.9367676e+01
   9.4856370e+06   7.6965332e+01
   9.4856980e+06   3.3630371e+01
   9.4858100e+06   3.5156250e+01
   9.4859610e+06   3.4484863e+01
   9.5627030e+06   3.3813477e+01
   9.5627500e+06   3.3447266e+01
   9.5627900e+06   4.3273926e+01
   9.5628120e+06   4.1748047e+01
   9.5628220e+06   3.6010742e+01
   9.5628560e+06   4.0161133e+01
   9.5628690e+06   3.2409668e+01
   9.5629020e+06   3.5217285e+01
   9.5629190e+06   3.6010742e+01
   9.5629640e+06   3.7414551e+01
   9.5645940e+06   3.7597656e+01
   9.5647800e+06   3.6376953e+01
   9.6016130e+06   3.6437988e+01
   9.6016460e+06   3.9550781e+01
   9.6016690e+06   3.3752441e+01
   9.6017460e+06   3.4240723e+01
   9.6018960e+06   3.8879395e+01
   9.6019490e+06   3.3203125e+01
   9.6020170e+06   3.3142090e+01
   9.6025010e+06   3.4240723e+01
   9.6345880e+06   3.8635254e+01
   9.6347660e+06   3.2653809e+01
   9.6347900e+06   3.7719727e+01
   9.6348120e+06   4.3273926e+01
   9.6348820e+06   3.4545898e+01
   9.6350780e+06   3.8940430e+01
   9.6351330e+06   4.4067383e+01
   9.6360050e+06   3.2470703e+01
   9.6846650e+06   4.7912598e+01
   9.6846960e+06   3.1982422e+01
   9.6847510e+06   3.8574219e+01
   9.6847730e+06   3.2531738e+01
   9.6847920e+06   3.9855957e+01
   9.6848930e+06   3.4362793e+01
   9.6849390e+06   3.2226563e+01
   9.6849690e+06   5.2490234e+01
   9.6849850e+06   3.7780762e+01
   9.6853080e+06   3.6254883e+01
   9.6867610e+06   3.3447266e+01
   9.7265600e+06   3.2897949e+01
   9.7267040e+06   3.5705566e+01
   9.7267380e+06   3.2714844e+01
   9.7267590e+06   4.0161133e+01
   9.7268230e+06   3.1982422e+01
   9.7268870e+06   3.9733887e+01
   9.7269120e+06   3.4240723e+01
   9.7269350e+06   3.4790039e+01
   9.7270630e+06   3.2409668e+01
   9.7271590e+06   3.3447266e+01
   9.7275220e+06   3.6926270e+01
   9.7281020e+06   4.1442871e+01
   9.7492750e+06   3.6010742e+01
   9.7493370e+06   3.6743164e+01
   9.7493940e+06   4.1870117e+01
   9.7494390e+06   3.4973145e+01
   9.7495360e+06   3.6743164e+01
   9.7496920e+06   3.2531738e+01
   9.7497340e+06   3.6010742e+01
   9.7497890e+06   3.5827637e+01
   9.7501100e+06   3.3020020e+01
   9.7504190e+06   3.3325195e+01
   9.7505670e+06   3.2470703e+01
   9.7763410e+06   3.7170410e+01
   9.7764130e+06   3.3752441e+01
   9.7764450e+06   3.7658691e+01
   9.7765320e+06   4.4128418e+01
   9.7766220e+06   3.9062500e+01
   9.7766660e+06   3.3203125e+01
   9.7766920e+06   3.3691406e+01
   9.7767290e+06   4.6081543e+01
   9.7767820e+06   3.2226563e+01
   9.7772780e+06   3.4118652e+01
   9.7774280e+06   3.5278320e+01
   9.8152060e+06   3.6682129e+01
   9.8152210e+06   3.6071777e+01
   9.8152420e+06   3.4484863e+01
   9.8153830e+06   4.9682617e+01
   9.8154680e+06   3.2653809e+01
   9.8155570e+06   3.5888672e+01
   9.8157120e+06   4.3395996e+01
   9.8503110e+06   3.4118652e+01
   9.8503800e+06   3.8940430e+01
   9.8504030e+06   3.6865234e+01
   9.8504370e+06   3.9855957e+01
   9.8504970e+06   3.3813477e+01
   9.8505340e+06   3.5095215e+01
   9.8506620e+06   3.9855957e+01
   9.8506930e+06   3.3325195e+01
   9.8512800e+06   3.6132813e+01
   9.8517400e+06   3.2897949e+01
   9.8712860e+06   3.4118652e+01
   9.8713240e+06   3.2348633e+01
   9.8714150e+06   3.3386230e+01
   9.8715150e+06   3.2226563e+01
   9.8715270e+06   3.6254883e+01
   9.8719410e+06   3.1860352e+01
   9.8895060e+06   3.9978027e+01
   9.8895260e+06   3.4423828e+01
   9.8896110e+06   3.8085938e+01
   9.8897040e+06   3.4545898e+01
   9.8897500e+06   3.7353516e+01
   9.8897950e+06   3.2531738e+01
   9.8898680e+06   3.2409668e+01
   9.8907240e+06   3.1982422e+01
   9.9099440e+06   3.3142090e+01
   9.9100580e+06   3.2836914e+01
   9.9101100e+06   4.2297363e+01
   9.9101600e+06   4.4250488e+01
   9.9103970e+06   3.1860352e+01
   9.9277740e+06   3.3508301e+01
   9.9282340e+06   3.4973145e+01
   9.9284220e+06   3.3264160e+01
   9.9284810e+06   3.1921387e+01
   9.9285600e+06   3.3142090e+01
   9.9287640e+06   3.2226563e+01
   9.9292320e+06   3.3264160e+01
   9.9400900e+06   3.2043457e+01
   9.9435560e+06   3.3081055e+01
   9.9439170e+06   3.3569336e+01
   9.9440270e+06   4.8461914e+01
   9.9441760e+06   3.2958984e+01
   9.9442050e+06   3.6865234e+01
   9.9442420e+06   3.7353516e+01
   9.9443330e+06   4.0405273e+01
   9.9444300e+06   3.2409668e+01
   9.9617390e+06   3.2226563e+01
   9.9617860e+06   3.2531738e+01
   9.9619370e+06   3.8696289e+01
   9.9619630e+06   3.4545898e+01
   9.9620930e+06   3.7414551e+01
   9.9624030e+06   3.4851074e+01
   9.9630180e+06   3.2348633e+01
   9.9632720e+06   3.2348633e+01
   9.9777000e+06   3.4729004e+01
   9.9777660e+06   3.6315918e+01
   9.9778420e+06   4.1320801e+01
   9.9779030e+06   3.3264160e+01
   9.9779680e+06   3.2836914e+01
   9.9953330e+06   3.3264160e+01
   9.9955440e+06   3.9001465e+01
   9.9955700e+06   4.6020508e+01
   9.9957020e+06   3.4484863e+01
   9.9959050e+06   3.3447266e+01
   9.9961300e+06   3.3020020e+01
   1.0010224e+07   3.6865234e+01
   1.0010387e+07   3.6132813e+01
   1.0010600e+07   4.0649414e+01
   1.0028513e+07   3.5278320e+01
   1.0028663e+07   3.2958984e+01
   1.0028692e+07   3.7902832e+01
   1.0029061e+07   3.8879395e+01
   1.0029133e+07   3.2287598e+01
   1.0046294e+07   3.1921387e+01
   1.0080057e+07   3.7353516e+01
   1.0080124e+07   4.8583984e+01
   1.0080373e+07   3.2836914e+01
   1.0080435e+07   3.9855957e+01
   1.0080997e+07   3.3691406e+01
   1.0081697e+07   3.2714844e+01
   1.0100033e+07   3.7719727e+01
   1.0100177e+07   4.5349121e+01
   1.0100314e+07   3.2226563e+01
   1.0148882e+07   3.8024902e+01
   1.0148940e+07   3.3081055e+01
   1.0148977e+07   4.9682617e+01
   1.0149003e+07   3.4057617e+01
   1.0149221e+07   3.8818359e+01
   1.0149246e+07   4.4738770e+01
   1.0149282e+07   3.2165527e+01
   1.0149410e+07   3.2775879e+01
   1.0149828e+07   4.3029785e+01
   1.0150669e+07   3.3081055e+01
   1.0166962e+07   3.2348633e+01
   1.0167766e+07   3.2958984e+01
   1.0168244e+07   4.1381836e+01
   1.0729182e+07   3.7109375e+01
   1.0729213e+07   3.4362793e+01
   1.0729227e+07   4.8461914e+01
   1.0729272e+07   5.9020996e+01
   1.0729367e+07   3.2409668e+01
   1.0729459e+07   3.7536621e+01
   1.0729486e+07   3.3508301e+01
   1.0729539e+07   3.4667969e+01
   1.0729563e+07   3.7780762e+01
   1.0730578e+07   3.4606934e+01
   1.0732021e+07   3.5095215e+01
   1.0931363e+07   3.2104492e+01
   1.0931437e+07   5.1269531e+01
   1.0931491e+07   3.3874512e+01
   1.0931521e+07   5.4382324e+01
   1.0931599e+07   3.5827637e+01
   1.0931615e+07   3.3203125e+01
   1.0931686e+07   3.9733887e+01
   1.0931699e+07   4.5654297e+01
   1.0931793e+07   3.2531738e+01
   1.0933427e+07   3.1860352e+01
   1.1078082e+07   3.3874512e+01
   1.1078140e+07   3.9733887e+01
   1.1078160e+07   3.9794922e+01
   1.1078254e+07   3.3508301e+01
   1.1078267e+07   3.3752441e+01
   1.1078297e+07   3.4729004e+01
   1.1078359e+07   3.9062500e+01
   1.1078755e+07   3.2958984e+01
   1.1079348e+07   3.3691406e+01
   1.1079604e+07   3.3691406e+01
   1.1081581e+07   3.2348633e+01
   1.1101604e+07   4.1381836e+01
   1.1101642e+07   4.2724609e+01
   1.1101661e+07   5.7495117e+01
   1.1101679e+07   3.3203125e+01
   1.1101698e+07   3.5095215e+01
   1.1101806e+07   3.5034180e+01
   1.1101863e+07   4.1931152e+01
   1.1101887e+07   3.4851074e+01
   1.1102148e+07   3.5522461e+01
   1.1149108e+07   4.2663574e+01
   1.1149175e+07   4.3457031e+01
   1.1149204e+07   3.7719727e+01
   1.1149215e+07   3.3874512e+01
   1.1149246e+07   3.4545898e+01
   1.1149285e+07   3.6926270e+01
   1.1149345e+07   3.9062500e+01
   1.1149398e+07   3.4362793e+01
   1.1149576e+07   3.1982422e+01
   1.1150048e+07   3.5888672e+01
   1.1150824e+07   3.2653809e+01
   1.1151328e+07   3.3813477e+01
   1.1211733e+07   3.4606934e+01
   1.1211756e+07   3.8208008e+01
   1.1211781e+07   4.2907715e+01
   1.1211853e+07   4.0527344e+01
   1.1211971e+07   4.1809082e+01
   1.1212084e+07   3.2775879e+01
   1.1212170e+07   3.4057617e+01
   1.1212211e+07   3.2897949e+01
   1.1212671e+07   3.2226563e+01
   1.1213109e+07   3.3508301e+01
   1.1265201e+07   3.7597656e+01
   1.1265230e+07   4.1259766e+01
   1.1265251e+07   3.4240723e+01
   1.1265266e+07   3.5583496e+01
   1.1265313e+07   3.5400391e+01
   1.1265527e+07   3.3447266e+01
   1.1265540e+07   3.7902832e+01
   1.1265610e+07   3.9489746e+01
   1.1265767e+07   3.9978027e+01
   1.1266408e+07   3.3691406e+01
   1.1266552e+07   3.7048340e+01
   1.1267432e+07   3.1860352e+01
   1.1331654e+07   4.0283203e+01
   1.1331695e+07   3.7780762e+01
   1.1331730e+07   3.5705566e+01
   1.1331839e+07   3.5278320e+01
   1.1331858e+07   3.3325195e+01
   1.1331879e+07   3.9062500e+01
   1.1331914e+07   3.8146973e+01
   1.1331939e+07   3.3508301e+01
   1.1332225e+07   4.2541504e+01
   1.1332623e+07   3.3630371e+01
   1.1334566e+07   3.2897949e+01
   1.1486773e+07   3.3264160e+01
   1.1486859e+07   3.3569336e+01
   1.1486885e+07   4.8034668e+01
   1.1486919e+07   3.6499023e+01
   1.1486934e+07   4.9133301e+01
   1.1486967e+07   3.5583496e+01
   1.1486998e+07   3.1860352e+01
   1.1487072e+07   3.6437988e+01
   1.1487151e+07   3.2775879e+01
   1.1627869e+07   4.1809082e+01
   1.1627957e+07   3.7231445e+01
   1.1627982e+07   3.6621094e+01
   1.1628010e+07   3.3569336e+01
   1.1628050e+07   4.9499512e+01
   1.1628062e+07   4.2541504e+01
   1.1628129e+07   3.4240723e+01
   1.1628191e+07   3.1921387e+01
   1.1629412e+07   4.4189453e+01
   1.1630552e+07   3.1982422e+01
   1.1632283e+07   3.2470703e+01
   1.1737519e+07   3.3569336e+01
   1.1737553e+07   3.2348633e+01
   1.1737672e+07   4.4616699e+01
   1.1737784e+07   3.2470703e+01
   1.1737817e+07   4.4555664e+01
   1.1737830e+07   3.4179688e+01
   1.1737931e+07   3.5827637e+01
   1.1737949e+07   3.5766602e+01
   1.1738552e+07   3.7109375e+01
   1.1739286e+07   3.2226563e+01
   1.1740698e+07   3.3447266e+01
   1.1841219e+07   3.6071777e+01
   1.1841251e+07   3.8513184e+01
   1.1841272e+07   3.5644531e+01
   1.1841293e+07   3.9306641e+01
   1.1841303e+07   3.8269043e+01
   1.1841322e+07   3.6987305e+01
   1.1841457e+07   4.0771484e+01
   1.1841571e+07   3.2287598e+01
   1.1841594e+07   3.2775879e+01
   1.1841735e+07   3.1982422e+01
   1.1841815e+07   3.2348633e+01
   1.1842081e+07   3.3569336e+01
   1.1924080e+07   5.7189941e+01
   1.1924110e+07   3.4240723e+01
   1.1924152e+07   3.7841797e+01
   1.1924184e+07   3.2775879e+01
   1.1924239e+07   3.1982422e+01
   1.1924264e+07   3.5339355e+01
   1.1924314e+07   3.2958984e+01
