   1.1999000e+07   0.0000000e+00
   8.4939300e+05   3.5949707e+01
   1.3519800e+06   3.4667969e+01
   1.7850170e+06   3.5339355e+01
   2.2874670e+06   3.7353516e+01
   3.5253020e+06   3.4118652e+01
   4.3589990e+06   3.5217285e+01
   4.6532570e+06   3.8757324e+01
   4.7239990e+06   3.6010742e+01
   4.8193380e+06   3.3935547e+01
   6.2439050e+06   3.6560059e+01
   6.6924720e+06   3.7902832e+01
   6.6925450e+06   3.4240723e+01
   6.9570010e+06   3.7109375e+01
   7.0133310e+06   3.6132813e+01
   7.0135030e+06   3.4729004e+01
   7.0669080e+06   3.4179688e+01
   8.2839760e+06   3.9733887e+01
   8.5251080e+06   4.7668457e+01
   9.1090230e+06   3.7475586e+01
   9.2552240e+06   3.7414551e+01
   9.6016290e+06   3.4973145e+01
   9.6349970e+06   3.4667969e+01
   1.0729042e+07   3.4606934e+01
   1.1078350e+07   3.4179688e+01
   1.1737617e+07   3.5217285e+01
