   1.1999000e+07   0.0000000e+00
   6.9470000e+03   4.3457031e+01
   7.0040000e+03   4.7912598e+01
   7.0300000e+03   5.7556152e+01
   7.0490000e+03   4.2968750e+01
   7.1290000e+03   4.3640137e+01
   7.1530000e+03   4.5715332e+01
   3.7674000e+04   4.3945313e+01
   3.7689000e+04   4.8706055e+01
   3.7701000e+04   4.6813965e+01
   3.7754000e+04   5.0109863e+01
   3.7894000e+04   5.0903320e+01
   3.8161000e+04   4.3395996e+01
   6.5823000e+04   4.7302246e+01
   6.5894000e+04   4.4799805e+01
   6.5968000e+04   5.0292969e+01
   6.6034000e+04   4.8034668e+01
   6.6200000e+04   4.6264648e+01
   6.6312000e+04   4.4494629e+01
   9.4038000e+04   4.3212891e+01
   9.4091000e+04   4.3395996e+01
   9.4152000e+04   5.9204102e+01
   9.4237000e+04   5.8044434e+01
   9.4251000e+04   4.3457031e+01
   9.4273000e+04   4.4799805e+01
   9.4356000e+04   4.4738770e+01
   9.4477000e+04   5.9020996e+01
   9.4867000e+04   4.3701172e+01
   1.4859300e+05   4.9682617e+01
   1.4860400e+05   4.6875000e+01
   1.4866600e+05   4.4860840e+01
   1.4878000e+05   4.3273926e+01
   1.4890700e+05   4.6997070e+01
   1.4981100e+05   5.5908203e+01
   4.7315700e+05   4.2968750e+01
   4.7319200e+05   5.5847168e+01
   4.7320800e+05   5.0109863e+01
   4.7322900e+05   5.8349609e+01
   4.7327600e+05   4.4616699e+01
   4.7328900e+05   4.2907715e+01
   4.7334300e+05   4.3945313e+01
   4.7336200e+05   4.6447754e+01
   4.7421300e+05   4.5715332e+01
   4.7436900e+05   4.4311523e+01
   4.7449800e+05   4.9011230e+01
   6.5251900e+05   4.4067383e+01
   6.5253100e+05   4.3579102e+01
   6.5255600e+05   5.2673340e+01
   6.5258000e+05   7.5500488e+01
   6.5267000e+05   4.5166016e+01
   6.5276900e+05   4.3884277e+01
   6.5294800e+05   4.6997070e+01
   6.5371400e+05   4.4067383e+01
   7.3039200e+05   5.2612305e+01
   7.3041100e+05   5.4077148e+01
   7.3044000e+05   4.6936035e+01
   7.3046500e+05   4.7851563e+01
   7.3051700e+05   4.6325684e+01
   7.3053300e+05   4.3640137e+01
   7.3060600e+05   4.3395996e+01
   7.3184300e+05   4.3273926e+01
   7.8752000e+05   4.4311523e+01
   7.8754800e+05   5.4504395e+01
   7.8756200e+05   5.3955078e+01
   7.8758300e+05   4.6508789e+01
   7.8762000e+05   4.4067383e+01
   7.8765200e+05   5.5297852e+01
   7.8768000e+05   4.9499512e+01
   7.8771000e+05   5.8654785e+01
   7.8783000e+05   5.1940918e+01
   7.8876500e+05   4.2907715e+01
   7.8903200e+05   4.3212891e+01
   7.8951800e+05   4.3884277e+01
   7.8968000e+05   5.1574707e+01
   8.4902700e+05   5.8654785e+01
   8.4906300e+05   4.8095703e+01
   8.4911700e+05   5.3466797e+01
   8.4917400e+05   5.0231934e+01
   8.4919800e+05   4.3884277e+01
   8.4926100e+05   4.6020508e+01
   8.4927400e+05   5.0781250e+01
   8.4931600e+05   4.5593262e+01
   8.4939200e+05   6.9885254e+01
   8.4981000e+05   4.9072266e+01
   8.5018100e+05   5.0720215e+01
   8.5033500e+05   4.8095703e+01
   9.8820900e+05   4.7119141e+01
   9.8824000e+05   4.9804687e+01
   9.8825500e+05   6.6040039e+01
   9.8828800e+05   5.8532715e+01
   9.8830100e+05   5.1757813e+01
   9.8834100e+05   6.3232422e+01
   9.8837700e+05   5.3283691e+01
   9.8843600e+05   4.3273926e+01
   9.8850600e+05   4.7546387e+01
   9.8856300e+05   4.4616699e+01
   9.8917000e+05   4.4250488e+01
   9.8929600e+05   5.2062988e+01
   9.8943700e+05   4.4311523e+01
   9.8953700e+05   4.3518066e+01
   9.8968200e+05   4.9987793e+01
   1.1038550e+06   4.9621582e+01
   1.1038940e+06   4.7241211e+01
   1.1039500e+06   4.5959473e+01
   1.1040110e+06   4.9499512e+01
   1.1040670e+06   4.7973633e+01
   1.1041250e+06   5.8105469e+01
   1.1042870e+06   4.4494629e+01
   1.1057260e+06   4.6569824e+01
   1.1321810e+06   4.7119141e+01
   1.1333040e+06   4.9987793e+01
   1.1333210e+06   4.6386719e+01
   1.1333440e+06   4.6569824e+01
   1.1334130e+06   4.9804688e+01
   1.1334250e+06   4.6813965e+01
   1.1335540e+06   4.7729492e+01
   1.1337230e+06   4.5471191e+01
   1.1337640e+06   5.6518555e+01
   1.1341140e+06   4.7912598e+01
   1.1346670e+06   5.0598145e+01
   1.1994650e+06   4.7668457e+01
   1.1994880e+06   8.3129883e+01
   1.1995170e+06   7.7453613e+01
   1.1995730e+06   5.1330566e+01
   1.1996100e+06   4.6813965e+01
   1.1996250e+06   4.4982910e+01
   1.1998040e+06   5.3527832e+01
   1.2003850e+06   4.2968750e+01
   1.2008750e+06   4.6875000e+01
   1.2607400e+06   4.3823242e+01
   1.2608160e+06   4.3823242e+01
   1.2608560e+06   4.5288086e+01
   1.2609090e+06   4.9926758e+01
   1.2610080e+06   4.2968750e+01
   1.2610590e+06   4.3151855e+01
   1.2612020e+06   4.9682617e+01
   1.2619800e+06   4.9865723e+01
   1.2931420e+06   5.4321289e+01
   1.2932550e+06   6.9458008e+01
   1.2932930e+06   4.5837402e+01
   1.2933130e+06   4.3457031e+01
   1.2933430e+06   5.3649902e+01
   1.2934230e+06   4.9926758e+01
   1.2935220e+06   4.2907715e+01
   1.2935540e+06   4.4677734e+01
   1.2935780e+06   4.7790527e+01
   1.2936750e+06   4.8767090e+01
   1.3219930e+06   4.6508789e+01
   1.3220890e+06   5.2917480e+01
   1.3221200e+06   4.3884277e+01
   1.3221340e+06   4.6386719e+01
   1.3221550e+06   4.5471191e+01
   1.3221800e+06   4.8278809e+01
   1.3222370e+06   4.4982910e+01
   1.3224680e+06   4.3884277e+01
   1.3225420e+06   4.3823242e+01
   1.3225670e+06   4.4494629e+01
   1.3228140e+06   4.4250488e+01
   1.3232740e+06   4.3762207e+01
   1.3508130e+06   5.8105469e+01
   1.3508610e+06   4.4067383e+01
   1.3508900e+06   7.0861816e+01
   1.3509150e+06   4.5349121e+01
   1.3509650e+06   4.6569824e+01
   1.3509850e+06   6.2438965e+01
   1.3511160e+06   4.9133301e+01
   1.3511320e+06   4.4677734e+01
   1.3511870e+06   4.3334961e+01
   1.3512110e+06   4.7302246e+01
   1.3512430e+06   4.6081543e+01
   1.3514060e+06   4.9194336e+01
   1.3514730e+06   4.4799805e+01
   1.3519960e+06   4.3945313e+01
   1.3744150e+06   4.5532227e+01
   1.3744250e+06   5.0964355e+01
   1.3744510e+06   5.3833008e+01
   1.3744880e+06   4.6325684e+01
   1.3746460e+06   4.3090820e+01
   1.3746660e+06   4.9072266e+01
   1.3746980e+06   4.8645020e+01
   1.3747450e+06   4.7241211e+01
   1.3749820e+06   4.8339844e+01
   1.3751800e+06   5.1452637e+01
   1.3754410e+06   5.1879883e+01
   1.3755230e+06   4.4860840e+01
   1.3958730e+06   5.7800293e+01
   1.3959020e+06   4.6081543e+01
   1.3960800e+06   4.3029785e+01
   1.3962060e+06   5.4138184e+01
   1.3963180e+06   4.8217773e+01
   1.4159540e+06   4.3090820e+01
   1.4160830e+06   4.5715332e+01
   1.4161470e+06   6.4514160e+01
   1.4162800e+06   4.7424316e+01
   1.4163230e+06   4.4738770e+01
   1.4165220e+06   4.7119141e+01
   1.4168430e+06   4.5898438e+01
   1.4317660e+06   5.0842285e+01
   1.4318100e+06   5.2490234e+01
   1.4446560e+06   4.4494629e+01
   1.4446850e+06   4.3457031e+01
   1.4449980e+06   4.4799805e+01
   1.4451080e+06   4.8950195e+01
   1.4454850e+06   4.4677734e+01
   1.4587560e+06   4.4494629e+01
   1.4587780e+06   4.4494629e+01
   1.4589000e+06   4.7302246e+01
   1.4590090e+06   4.4677734e+01
   1.4590230e+06   4.4189453e+01
   1.4591070e+06   5.8837891e+01
   1.4591630e+06   4.3579102e+01
   1.4591960e+06   4.4311523e+01
   1.4715310e+06   4.4738770e+01
   1.4717150e+06   4.3090820e+01
   1.4718750e+06   4.4921875e+01
   1.5036510e+06   4.6630859e+01
   1.5036970e+06   4.7607422e+01
   1.5037190e+06   4.6569824e+01
   1.5038620e+06   4.4311523e+01
   1.5039350e+06   6.2438965e+01
   1.5040950e+06   4.6020508e+01
   1.5172090e+06   4.5776367e+01
   1.5173880e+06   4.9743652e+01
   1.5588920e+06   4.6447754e+01
   1.5589320e+06   4.7668457e+01
   1.5589570e+06   4.7302246e+01
   1.5589760e+06   5.5358887e+01
   1.5590120e+06   4.8278809e+01
   1.5591010e+06   4.4128418e+01
   1.5591630e+06   4.4921875e+01
   1.5742930e+06   4.5043945e+01
   1.5745560e+06   4.2968750e+01
   1.5746450e+06   4.4128418e+01
   1.5894390e+06   5.2001953e+01
   1.5895330e+06   4.8339844e+01
   1.5895950e+06   4.8950195e+01
   1.5896130e+06   4.7180176e+01
   1.6187790e+06   4.4006348e+01
   1.6188560e+06   7.1899414e+01
   1.6189390e+06   4.6264648e+01
   1.6191390e+06   4.3457031e+01
   1.6191530e+06   4.6264648e+01
   1.6377990e+06   4.4128418e+01
   1.6378920e+06   4.8706055e+01
   1.6379570e+06   4.7912598e+01
   1.6380040e+06   4.7729492e+01
   1.6381620e+06   4.7363281e+01
   1.6388450e+06   4.4616699e+01
   1.6570010e+06   4.7241211e+01
   1.6570460e+06   4.9377441e+01
   1.6572010e+06   4.4250488e+01
   1.6779970e+06   4.5288086e+01
   1.6780220e+06   4.8156738e+01
   1.6780940e+06   4.9133301e+01
   1.6781860e+06   5.5419922e+01
   1.6783150e+06   4.4555664e+01
   1.6783340e+06   4.6386719e+01
   1.7032280e+06   4.9560547e+01
   1.7033350e+06   5.9387207e+01
   1.7033560e+06   4.6020508e+01
   1.7035610e+06   5.3283691e+01
   1.7040550e+06   4.3762207e+01
   1.7347050e+06   5.1635742e+01
   1.7347430e+06   4.3334961e+01
   1.7347860e+06   5.5603027e+01
   1.7348110e+06   5.2490234e+01
   1.7348330e+06   5.3344727e+01
   1.7349050e+06   4.2907715e+01
   1.7349330e+06   5.2185059e+01
   1.7351230e+06   4.3701172e+01
   1.7360170e+06   4.4433594e+01
   1.7543060e+06   4.4616699e+01
   1.7543740e+06   4.4250488e+01
   1.7544100e+06   4.5349121e+01
   1.7544760e+06   4.6081543e+01
   1.7546630e+06   4.9499512e+01
   1.7547250e+06   4.3518066e+01
   1.7548380e+06   4.6081543e+01
   1.7845790e+06   4.3273926e+01
   1.7846200e+06   5.0537109e+01
   1.7847530e+06   5.2673340e+01
   1.7848590e+06   4.5837402e+01
   1.7849690e+06   4.3029785e+01
   1.7849880e+06   4.7912598e+01
   1.7850120e+06   4.5471191e+01
   1.7851600e+06   4.8461914e+01
   2.1178740e+06   4.4067383e+01
   2.1179090e+06   4.6752930e+01
   2.1179710e+06   5.1696777e+01
   2.1180560e+06   4.6997070e+01
   2.1181040e+06   4.4250488e+01
   2.1191640e+06   4.4311523e+01
   2.1193200e+06   4.6264648e+01
   2.1193690e+06   4.8828125e+01
   2.2870830e+06   4.9072266e+01
   2.2871150e+06   5.8044434e+01
   2.2871250e+06   5.2001953e+01
   2.2871420e+06   7.0495605e+01
   2.2871730e+06   4.8828125e+01
   2.2871880e+06   4.9682617e+01
   2.2872150e+06   4.6569824e+01
   2.2872730e+06   4.4555664e+01
   2.2873750e+06   5.4809570e+01
   2.3953900e+06   4.3579102e+01
   2.3954300e+06   4.3640137e+01
   2.3954800e+06   4.9133301e+01
   2.3955040e+06   5.5847168e+01
   2.3955350e+06   4.4433594e+01
   2.3955680e+06   4.9011230e+01
   2.3956170e+06   4.3823242e+01
   2.3957020e+06   4.3945313e+01
   2.3957510e+06   4.6813965e+01
   2.3958300e+06   4.5104980e+01
   2.3958400e+06   5.2612305e+01
   2.3969160e+06   4.4982910e+01
   2.3971280e+06   4.3518066e+01
   2.5279520e+06   4.3518066e+01
   2.5296150e+06   4.8889160e+01
   2.5296320e+06   5.2124023e+01
   2.5296600e+06   7.1289063e+01
   2.5297890e+06   4.4860840e+01
   2.5298240e+06   4.3395996e+01
   2.5298830e+06   4.3823242e+01
   2.5304590e+06   4.4616699e+01
   2.5306680e+06   4.3090820e+01
   2.5307670e+06   4.6875000e+01
   2.5308040e+06   5.2124023e+01
   2.5310750e+06   4.4250488e+01
   2.5311050e+06   4.4494629e+01
   2.5321750e+06   4.6203613e+01
   2.6438820e+06   5.4565430e+01
   2.6439080e+06   4.9621582e+01
   2.6439200e+06   5.9204102e+01
   2.6439770e+06   4.8828125e+01
   2.6439990e+06   5.0781250e+01
   2.6440720e+06   5.0292969e+01
   2.6440900e+06   4.5104980e+01
   2.6441930e+06   4.3884277e+01
   2.6447940e+06   4.4006348e+01
   2.6449720e+06   4.4067383e+01
   2.7696600e+06   5.9020996e+01
   2.7696950e+06   4.4372559e+01
   2.7697120e+06   5.2307129e+01
   2.7697310e+06   5.5114746e+01
   2.7697620e+06   4.5593262e+01
   2.7697990e+06   4.5898438e+01
   2.7698440e+06   5.1513672e+01
   2.7698760e+06   6.4636230e+01
   2.7708880e+06   4.5043945e+01
   2.8833400e+06   5.6701660e+01
   2.8834040e+06   4.9987793e+01
   2.8834220e+06   7.7026367e+01
   2.8834330e+06   4.6875000e+01
   2.8835140e+06   4.5654297e+01
   2.8839320e+06   4.5166016e+01
   2.8846530e+06   4.6752930e+01
   2.8849410e+06   4.5959473e+01
   2.8849890e+06   4.4372559e+01
   2.9907720e+06   4.4189453e+01
   2.9907960e+06   4.8767090e+01
   2.9908090e+06   5.8959961e+01
   2.9908220e+06   4.7241211e+01
   2.9908380e+06   5.6091309e+01
   2.9908760e+06   5.0415039e+01
   2.9909030e+06   4.5776367e+01
   2.9909840e+06   5.1818848e+01
   2.9910090e+06   5.1208496e+01
   2.9915300e+06   4.3762207e+01
   2.9920100e+06   4.3395996e+01
   3.0517630e+06   5.3222656e+01
   3.0518340e+06   4.6447754e+01
   3.0518730e+06   4.5837402e+01
   3.0518900e+06   4.4006348e+01
   3.0519320e+06   6.0424805e+01
   3.0519760e+06   4.3273926e+01
   3.0520430e+06   4.9499512e+01
   3.0520920e+06   4.7058105e+01
   3.0522240e+06   4.7363281e+01
   3.0527830e+06   4.5288086e+01
   3.0529360e+06   4.8950195e+01
   3.0530860e+06   5.0292969e+01
   3.1034370e+06   4.8095703e+01
   3.1035270e+06   5.4382324e+01
   3.1035630e+06   4.6447754e+01
   3.1035830e+06   4.6081543e+01
   3.1036230e+06   5.2062988e+01
   3.1036580e+06   5.1269531e+01
   3.1037000e+06   5.5725098e+01
   3.1038050e+06   4.9865723e+01
   3.1045370e+06   4.9255371e+01
   3.1046380e+06   4.6203613e+01
   3.1050210e+06   5.2551270e+01
   3.1224490e+06   4.6142578e+01
   3.1224750e+06   7.5073242e+01
   3.1225050e+06   5.3039551e+01
   3.1225650e+06   4.8828125e+01
   3.1226690e+06   5.0903320e+01
   3.1227180e+06   4.7851563e+01
   3.1228170e+06   4.7180176e+01
   3.1229440e+06   5.2124023e+01
   3.1574020e+06   5.0903320e+01
   3.1574340e+06   5.7128906e+01
   3.1574460e+06   4.5166016e+01
   3.1574710e+06   4.9987793e+01
   3.1575410e+06   6.4392090e+01
   3.1575660e+06   5.6335449e+01
   3.1724820e+06   4.6508789e+01
   3.1726010e+06   5.7739258e+01
   3.1726710e+06   4.3945313e+01
   3.1727580e+06   4.7180176e+01
   3.1728710e+06   5.4809570e+01
   3.1729140e+06   4.5166016e+01
   3.1731090e+06   4.3334961e+01
   3.1734190e+06   4.3884277e+01
   3.1881990e+06   5.5786133e+01
   3.1883580e+06   4.8950195e+01
   3.1884270e+06   4.5532227e+01
   3.1885550e+06   4.9438477e+01
   3.1888690e+06   4.6264648e+01
   3.1889180e+06   5.2673340e+01
   3.1889690e+06   4.4494629e+01
   3.1894710e+06   4.3579102e+01
   3.2026550e+06   4.5776367e+01
   3.2027840e+06   7.6110840e+01
   3.2029660e+06   4.3701172e+01
   3.2029970e+06   4.9255371e+01
   3.2030420e+06   5.6579590e+01
   3.2032850e+06   4.9377441e+01
   3.2034490e+06   4.5837402e+01
   3.2255150e+06   4.7790527e+01
   3.2255440e+06   5.4687500e+01
   3.2255850e+06   4.4494629e+01
   3.2256670e+06   5.2368164e+01
   3.2257070e+06   4.5593262e+01
   3.2257310e+06   4.4860840e+01
   3.2258950e+06   5.2673340e+01
   3.2447240e+06   4.4250488e+01
   3.2447380e+06   4.4738770e+01
   3.2448600e+06   4.3029785e+01
   3.2448850e+06   4.8583984e+01
   3.2449090e+06   5.9875488e+01
   3.2449820e+06   4.4982910e+01
   3.2452970e+06   4.3579102e+01
   3.2456840e+06   5.0109863e+01
   3.2461080e+06   4.7790527e+01
   3.2579200e+06   4.5288086e+01
   3.2580850e+06   4.3457031e+01
   3.2585130e+06   4.9987793e+01
   3.2710130e+06   4.3457031e+01
   3.2710800e+06   4.4494629e+01
   3.2712330e+06   4.9560547e+01
   3.2713590e+06   5.2734375e+01
   3.2716180e+06   4.2968750e+01
   3.2718920e+06   4.7363281e+01
   3.2720950e+06   5.7067871e+01
   3.2856920e+06   4.2968750e+01
   3.2857440e+06   4.4860840e+01
   3.2858070e+06   5.1452637e+01
   3.2862260e+06   5.1269531e+01
   3.2993620e+06   5.2062988e+01
   3.2995370e+06   4.7241211e+01
   3.2995590e+06   4.5837402e+01
   3.2996290e+06   4.6142578e+01
   3.3000920e+06   4.5959473e+01
   3.3236050e+06   4.8583984e+01
   3.3237070e+06   5.4077148e+01
   3.3237770e+06   4.8034668e+01
   3.3237910e+06   5.5786133e+01
   3.3238120e+06   4.8156738e+01
   3.3239730e+06   4.6325684e+01
   3.3240680e+06   4.4006348e+01
   3.3240890e+06   4.7424316e+01
   3.3408280e+06   5.1147461e+01
   3.3408730e+06   5.3405762e+01
   3.3409030e+06   4.6875000e+01
   3.3409760e+06   4.8828125e+01
   3.3410100e+06   4.3151855e+01
   3.3410400e+06   4.4189453e+01
   3.3410810e+06   4.3273926e+01
   3.3413420e+06   4.3823242e+01
   3.3421010e+06   4.7607422e+01
   3.3690220e+06   5.9143066e+01
   3.3690730e+06   4.7424316e+01
   3.3691050e+06   4.9194336e+01
   3.3691730e+06   5.1757813e+01
   3.3692810e+06   4.3395996e+01
   3.3699510e+06   4.4372559e+01
   3.3943700e+06   4.9194336e+01
   3.3943840e+06   5.7861328e+01
   3.3946370e+06   4.3395996e+01
   3.3948860e+06   4.5166016e+01
   3.4103410e+06   4.6997070e+01
   3.4104240e+06   4.4799805e+01
   3.4104440e+06   6.0058594e+01
   3.4105570e+06   4.3640137e+01
   3.4106890e+06   4.9072266e+01
   3.4108510e+06   4.5349121e+01
   3.4280120e+06   4.8522949e+01
   3.4280510e+06   5.3283691e+01
   3.4282300e+06   5.3955078e+01
   3.4454150e+06   4.5715332e+01
   3.4456180e+06   4.6203613e+01
   3.4456550e+06   4.5593262e+01
   3.4457030e+06   4.8217773e+01
   3.4457140e+06   4.3518066e+01
   3.4457950e+06   4.9621582e+01
   3.4459330e+06   4.5043945e+01
   3.4648820e+06   4.8889160e+01
   3.4649320e+06   5.4260254e+01
   3.4649610e+06   7.2814941e+01
   3.4649800e+06   5.9509277e+01
   3.4650710e+06   5.0048828e+01
   3.4651730e+06   4.5288086e+01
   3.4837580e+06   4.3212891e+01
   3.4838550e+06   5.3283691e+01
   3.4839250e+06   4.4006348e+01
   3.4839610e+06   5.1818848e+01
   3.4841160e+06   4.3579102e+01
   3.4842180e+06   5.4138184e+01
   3.4844950e+06   4.9621582e+01
   3.5001560e+06   4.8339844e+01
   3.5004570e+06   4.6386719e+01
   3.5005120e+06   4.8645020e+01
   3.5008440e+06   4.5715332e+01
   3.5011970e+06   5.2307129e+01
   3.5239870e+06   4.9499512e+01
   3.5240230e+06   4.2968750e+01
   3.5241460e+06   5.0964355e+01
   3.5241630e+06   4.5410156e+01
   3.5242470e+06   5.1147461e+01
   3.5247320e+06   4.5532227e+01
   3.5417880e+06   4.3334961e+01
   3.5420490e+06   4.7058105e+01
   3.5421420e+06   4.6203613e+01
   3.5421760e+06   4.3334961e+01
   3.5427390e+06   4.3701172e+01
   3.5620740e+06   4.5837402e+01
   3.5621380e+06   4.9499512e+01
   3.5621630e+06   4.5715332e+01
   3.5625720e+06   5.1086426e+01
   3.5839740e+06   4.3701172e+01
   3.5840660e+06   5.1452637e+01
   3.5840860e+06   4.9011230e+01
   3.6255780e+06   4.5410156e+01
   3.6256610e+06   5.6518555e+01
   3.6256860e+06   5.1879883e+01
   3.6257970e+06   4.8339844e+01
   3.6258260e+06   4.4799805e+01
   3.6258440e+06   4.4067383e+01
   3.6259620e+06   4.6081543e+01
   3.6500800e+06   4.4006348e+01
   3.6502240e+06   4.6630859e+01
   3.6502890e+06   4.6386719e+01
   3.6504200e+06   5.6518555e+01
   3.6504870e+06   4.4616699e+01
   3.6973660e+06   4.3762207e+01
   3.6974120e+06   4.6508789e+01
   3.6974230e+06   5.2124023e+01
   3.6974700e+06   4.7363281e+01
   3.6976370e+06   5.0598145e+01
   3.6977950e+06   4.7363281e+01
   3.6982130e+06   4.3273926e+01
   3.6982460e+06   4.3762207e+01
   4.0948300e+06   6.4086914e+01
   4.0948510e+06   6.1218262e+01
   4.0948900e+06   5.2246094e+01
   4.0949140e+06   5.4870605e+01
   4.0949420e+06   4.4372559e+01
   4.0950020e+06   5.6396484e+01
   4.0961790e+06   4.2907715e+01
   4.1926200e+06   4.5166016e+01
   4.1926500e+06   6.1706543e+01
   4.1926890e+06   7.8430176e+01
   4.1927080e+06   5.7983398e+01
   4.1927460e+06   5.6823730e+01
   4.1928300e+06   4.4067383e+01
   4.1928520e+06   4.6630859e+01
   4.1940610e+06   4.7546387e+01
   4.3585970e+06   4.5471191e+01
   4.3586070e+06   8.0749512e+01
   4.3586230e+06   6.1889648e+01
   4.3586450e+06   6.8847656e+01
   4.3586850e+06   4.3457031e+01
   4.3587110e+06   4.5288086e+01
   4.3587960e+06   4.7973633e+01
   4.3588930e+06   4.3579102e+01
   4.3597340e+06   4.2907715e+01
   4.3597650e+06   4.7302246e+01
   4.3600160e+06   4.3029785e+01
   4.4541170e+06   4.4311523e+01
   4.4985030e+06   4.4982910e+01
   4.4985200e+06   5.4260254e+01
   4.4985440e+06   6.0180664e+01
   4.4985570e+06   5.3283691e+01
   4.4985840e+06   5.1879883e+01
   4.4985950e+06   4.6508789e+01
   4.4986250e+06   4.3640137e+01
   4.4987020e+06   5.1574707e+01
   4.4987230e+06   4.4189453e+01
   4.4987520e+06   4.3884277e+01
   4.4989270e+06   4.3640137e+01
   4.4997120e+06   4.4921875e+01
   4.4998980e+06   4.6386719e+01
   4.4999690e+06   4.9377441e+01
   4.5868750e+06   4.6203613e+01
   4.5868930e+06   6.6711426e+01
   4.5869040e+06   5.1269531e+01
   4.5869240e+06   4.8583984e+01
   4.5869490e+06   5.3527832e+01
   4.5869670e+06   4.4433594e+01
   4.5869930e+06   5.1818848e+01
   4.5870860e+06   4.5715332e+01
   4.5871530e+06   4.5410156e+01
   4.5878170e+06   4.4799805e+01
   4.5879250e+06   4.4372559e+01
   4.6526580e+06   5.2978516e+01
   4.6526770e+06   5.1391602e+01
   4.6527300e+06   4.8217773e+01
   4.6527470e+06   4.4555664e+01
   4.6527840e+06   4.7607422e+01
   4.6528050e+06   5.2001953e+01
   4.6528680e+06   4.8950195e+01
   4.6529490e+06   4.8889160e+01
   4.6537160e+06   5.1940918e+01
   4.6537950e+06   4.3579102e+01
   4.6540660e+06   4.6569824e+01
   4.6541010e+06   4.5715332e+01
   4.6834700e+06   4.9133301e+01
   4.7235960e+06   4.6203613e+01
   4.7236310e+06   6.8481445e+01
   4.7236530e+06   5.2429199e+01
   4.7236930e+06   5.1086426e+01
   4.7237130e+06   6.1584473e+01
   4.7237340e+06   4.9926758e+01
   4.7237590e+06   6.3110352e+01
   4.7238030e+06   4.8583984e+01
   4.7238800e+06   4.6386719e+01
   4.7239240e+06   4.4189453e+01
   4.7240770e+06   5.0231934e+01
   4.7244300e+06   4.9438477e+01
   4.7246350e+06   4.5166016e+01
   4.7247170e+06   4.3518066e+01
   4.7249480e+06   4.9194336e+01
   4.7259630e+06   4.6752930e+01
   4.7529040e+06   5.1269531e+01
   4.7534050e+06   4.9072266e+01
   4.7534210e+06   4.7912598e+01
   4.7535200e+06   4.5166016e+01
   4.7535760e+06   5.1696777e+01
   4.7538200e+06   4.5837402e+01
   4.7539170e+06   5.0170898e+01
   4.7542710e+06   4.5166016e+01
   4.7545750e+06   4.4860840e+01
   4.7545910e+06   5.2246094e+01
   4.7757970e+06   4.3945313e+01
   4.7758330e+06   4.4067383e+01
   4.7758580e+06   4.4250488e+01
   4.7760860e+06   4.7485352e+01
   4.7761370e+06   5.3771973e+01
   4.7766270e+06   4.2968750e+01
   4.7769620e+06   4.4799805e+01
   4.7950260e+06   4.6020508e+01
   4.7950410e+06   4.4372559e+01
   4.7950680e+06   4.6081543e+01
   4.7951070e+06   4.4616699e+01
   4.7951370e+06   4.6630859e+01
   4.7951790e+06   4.7058105e+01
   4.7952540e+06   4.7485352e+01
   4.7953620e+06   5.0659180e+01
   4.7954070e+06   4.5166016e+01
   4.7954470e+06   4.6813965e+01
   4.8183940e+06   4.3945313e+01
   4.8185890e+06   4.2968750e+01
   4.8186400e+06   4.3090820e+01
   4.8187610e+06   4.3457031e+01
   4.8188440e+06   4.3457031e+01
   4.8192820e+06   4.6997070e+01
   4.8195320e+06   4.2968750e+01
   4.8199220e+06   4.7058105e+01
   4.8324870e+06   4.4006348e+01
   4.8325410e+06   4.4128418e+01
   4.8326620e+06   4.3151855e+01
   4.8327540e+06   4.3762207e+01
   4.8329810e+06   4.9499512e+01
   4.8577980e+06   4.6997070e+01
   4.8579310e+06   5.3466797e+01
   4.8586380e+06   4.9865723e+01
   4.8588150e+06   4.8950195e+01
   4.8765410e+06   4.5471191e+01
   4.8765720e+06   4.6447754e+01
   4.8766050e+06   4.3701172e+01
   4.8766800e+06   4.3273926e+01
   4.8768880e+06   5.0720215e+01
   4.8773660e+06   4.5349121e+01
   4.9012890e+06   4.3151855e+01
   4.9013520e+06   4.4311523e+01
   4.9013910e+06   4.4067383e+01
   4.9015260e+06   4.4128418e+01
   4.9015860e+06   4.3945313e+01
   4.9016820e+06   4.5898438e+01
   4.9017820e+06   4.3823242e+01
   4.9023200e+06   4.4738770e+01
   4.9027560e+06   4.5227051e+01
   4.9251680e+06   7.1472168e+01
   4.9252180e+06   5.2185059e+01
   4.9261490e+06   5.0781250e+01
   4.9275210e+06   4.3090820e+01
   4.9379230e+06   4.9621582e+01
   4.9379690e+06   4.4006348e+01
   4.9380070e+06   5.2062988e+01
   4.9381050e+06   4.3884277e+01
   4.9381660e+06   4.4738770e+01
   4.9566890e+06   5.4687500e+01
   4.9567340e+06   4.3884277e+01
   4.9568760e+06   4.6142578e+01
   4.9571040e+06   4.8278809e+01
   4.9742650e+06   6.8603516e+01
   4.9743460e+06   5.6518555e+01
   4.9743830e+06   5.3039551e+01
   4.9743940e+06   4.3273926e+01
   4.9744640e+06   5.7739258e+01
   4.9744810e+06   4.9072266e+01
   4.9745200e+06   4.4921875e+01
   4.9745600e+06   4.8461914e+01
   4.9747230e+06   4.4311523e+01
   4.9752560e+06   4.7241211e+01
   4.9965910e+06   4.3273926e+01
   4.9966290e+06   4.3457031e+01
   4.9966740e+06   4.3029785e+01
   4.9966910e+06   4.4372559e+01
   4.9967690e+06   4.7485352e+01
   4.9968100e+06   4.3579102e+01
   4.9969600e+06   5.6640625e+01
   4.9971040e+06   4.3701172e+01
   5.0191960e+06   5.6457520e+01
   5.0192750e+06   4.6691895e+01
   5.0193590e+06   4.4982910e+01
   5.0196460e+06   4.6142578e+01
   5.0198000e+06   4.8095703e+01
   5.0200070e+06   4.6936035e+01
   5.0368370e+06   4.4616699e+01
   5.0368960e+06   4.7607422e+01
   5.0369850e+06   4.4860840e+01
   5.0370140e+06   4.6691895e+01
   5.0370720e+06   4.4311523e+01
   5.0371110e+06   4.8645020e+01
   5.0376260e+06   4.3334961e+01
   5.0530820e+06   6.1889648e+01
   5.0531990e+06   4.5410156e+01
   5.0532270e+06   4.4250488e+01
   5.0532510e+06   4.4555664e+01
   5.0532950e+06   4.5532227e+01
   5.0536780e+06   4.8706055e+01
   5.0691180e+06   6.0668945e+01
   5.0692730e+06   4.8217773e+01
   5.0693680e+06   4.5654297e+01
   5.0694960e+06   4.4494629e+01
   5.0875320e+06   5.1757813e+01
   5.0875490e+06   4.4921875e+01
   5.0875910e+06   4.3457031e+01
   5.0876180e+06   5.3588867e+01
   5.0876510e+06   4.2968750e+01
   5.0876860e+06   4.7241211e+01
   5.0877910e+06   4.3212891e+01
   5.0888030e+06   4.6691895e+01
   5.1053010e+06   4.3273926e+01
   5.1053400e+06   4.4372559e+01
   5.1053500e+06   4.9926758e+01
   5.1054030e+06   4.3701172e+01
   5.1055280e+06   5.6213379e+01
   5.1056780e+06   4.7302246e+01
   5.1057060e+06   4.9926758e+01
   5.1070380e+06   4.4128418e+01
   5.1225860e+06   5.1513672e+01
   5.1370470e+06   4.3457031e+01
   5.1370660e+06   5.0292969e+01
   5.1374050e+06   5.1269531e+01
   5.1374190e+06   4.3029785e+01
   5.1543260e+06   4.9926758e+01
   5.1543420e+06   4.9926758e+01
   5.1543720e+06   4.7363281e+01
   5.1544300e+06   4.3334961e+01
   5.1544830e+06   4.3273926e+01
   5.1545120e+06   4.9804688e+01
   5.1545960e+06   4.3090820e+01
   5.1546480e+06   4.5104980e+01
   5.1546610e+06   4.5532227e+01
   5.1815950e+06   5.6701660e+01
   5.1816170e+06   4.4860840e+01
   5.1816320e+06   4.2968750e+01
   5.1817310e+06   5.3222656e+01
   5.1818610e+06   4.7546387e+01
   5.2028310e+06   4.7180176e+01
   5.2030070e+06   4.2968750e+01
   5.2030480e+06   5.1269531e+01
   5.2031270e+06   4.3395996e+01
   5.2304090e+06   4.4067383e+01
   5.2305830e+06   4.3640137e+01
   5.2306060e+06   4.4555664e+01
   5.2307660e+06   4.6447754e+01
   5.2713600e+06   4.4067383e+01
   5.2714100e+06   4.5776367e+01
   5.2714830e+06   5.1513672e+01
   5.2715590e+06   5.2673340e+01
   5.3442270e+06   4.3823242e+01
   5.6369740e+06   4.3151855e+01
   5.6369940e+06   5.3222656e+01
   5.6370250e+06   5.4443359e+01
   5.6370490e+06   6.0180664e+01
   5.6370950e+06   8.0871582e+01
   5.6371260e+06   4.6875000e+01
   5.6371620e+06   4.7546387e+01
   5.6379780e+06   4.3334961e+01
   5.6381390e+06   4.5532227e+01
   5.6381780e+06   4.8095703e+01
   5.6383990e+06   4.7607422e+01
   5.6384830e+06   4.5043945e+01
   5.6385890e+06   4.4799805e+01
   5.6389320e+06   4.3518066e+01
   5.8407470e+06   5.2062988e+01
   5.8407780e+06   5.3955078e+01
   5.8407960e+06   5.8288574e+01
   5.8408260e+06   5.3649902e+01
   5.8408390e+06   4.4189453e+01
   5.8408760e+06   4.9499512e+01
   5.8409000e+06   4.6508789e+01
   5.8410730e+06   4.4433594e+01
   5.8412770e+06   4.5288086e+01
   5.8418860e+06   4.7485352e+01
   5.9778320e+06   5.8593750e+01
   5.9778470e+06   4.8156738e+01
   5.9778670e+06   5.6640625e+01
   5.9778900e+06   5.1513672e+01
   5.9779110e+06   5.4565430e+01
   5.9780200e+06   4.6508789e+01
   5.9790560e+06   5.0537109e+01
   5.9795950e+06   4.3029785e+01
   6.1287960e+06   4.4921875e+01
   6.1288690e+06   6.2072754e+01
   6.1289050e+06   4.6325684e+01
   6.1290290e+06   4.6264648e+01
   6.1291990e+06   5.3161621e+01
   6.1292120e+06   4.6936035e+01
   6.1297180e+06   4.5349121e+01
   6.1298030e+06   4.3151855e+01
   6.1299210e+06   4.2968750e+01
   6.1315840e+06   4.4433594e+01
   6.2435080e+06   4.4982910e+01
   6.2435680e+06   4.9621582e+01
   6.2436510e+06   4.4372559e+01
   6.2437480e+06   4.6630859e+01
   6.2440390e+06   4.3212891e+01
   6.2447470e+06   4.3334961e+01
   6.2447880e+06   4.9194336e+01
   6.2450030e+06   4.4494629e+01
   6.2453240e+06   4.3884277e+01
   6.3851140e+06   4.4372559e+01
   6.3851340e+06   7.1228027e+01
   6.3851840e+06   6.0852051e+01
   6.3851960e+06   4.6691895e+01
   6.3852340e+06   6.2438965e+01
   6.3852770e+06   4.9072266e+01
   6.3859290e+06   4.4006348e+01
   6.3862180e+06   4.5166016e+01
   6.3863850e+06   4.4677734e+01
   6.3864340e+06   4.4250488e+01
   6.3871660e+06   4.9072266e+01
   6.4300630e+06   4.5898437e+01
   6.4594660e+06   5.5297852e+01
   6.4595050e+06   5.0231934e+01
   6.4595450e+06   4.5654297e+01
   6.4595820e+06   5.4504395e+01
   6.4596330e+06   4.5898438e+01
   6.4596650e+06   4.3151855e+01
   6.4604230e+06   4.7912598e+01
   6.4606950e+06   4.5959473e+01
   6.4609650e+06   4.9865723e+01
   6.4611830e+06   4.5837402e+01
   6.5441490e+06   4.6691895e+01
   6.5442310e+06   4.8461914e+01
   6.5442630e+06   6.0241699e+01
   6.5443270e+06   4.3334961e+01
   6.5443630e+06   4.7668457e+01
   6.5443840e+06   4.7729492e+01
   6.5456490e+06   5.1818848e+01
   6.5943670e+06   4.7729492e+01
   6.6297540e+06   4.2968750e+01
   6.6921140e+06   4.4555664e+01
   6.6921460e+06   5.9509277e+01
   6.6921820e+06   5.4321289e+01
   6.6922020e+06   5.8105469e+01
   6.6922330e+06   4.3457031e+01
   6.6922960e+06   4.7607422e+01
   6.6924720e+06   4.4067383e+01
   6.6924940e+06   5.3771973e+01
   6.6931820e+06   4.4311523e+01
   6.6934350e+06   5.2368164e+01
   6.6935750e+06   4.7180176e+01
   6.6935950e+06   4.5715332e+01
   6.6949830e+06   4.4372559e+01
   6.8240350e+06   5.9814453e+01
   6.8240630e+06   5.8654785e+01
   6.8241870e+06   5.4077148e+01
   6.8242310e+06   4.6508789e+01
   6.8242420e+06   4.4921875e+01
   6.8242930e+06   4.7912598e+01
   6.8253370e+06   4.7180176e+01
   6.8255930e+06   4.5104980e+01
   6.9515500e+06   4.5227051e+01
   6.9567930e+06   4.3273926e+01
   6.9568180e+06   4.5227051e+01
   6.9568350e+06   4.5959473e+01
   6.9569440e+06   4.5959473e+01
   6.9569780e+06   4.6386719e+01
   6.9579100e+06   5.2490234e+01
   6.9595370e+06   4.3273926e+01
   7.0129780e+06   4.6997070e+01
   7.0129970e+06   4.2968750e+01
   7.0130250e+06   5.3344727e+01
   7.0130480e+06   4.9621582e+01
   7.0131550e+06   4.6386719e+01
   7.0131750e+06   5.1208496e+01
   7.0132110e+06   4.3518066e+01
   7.0133140e+06   4.3334961e+01
   7.0663020e+06   4.5898438e+01
   7.0663290e+06   4.3090820e+01
   7.0663850e+06   5.0476074e+01
   7.0664120e+06   4.6081543e+01
   7.0664310e+06   4.9438477e+01
   7.0664750e+06   4.4067383e+01
   7.0664930e+06   5.5297852e+01
   7.0665070e+06   4.2968750e+01
   7.0676520e+06   4.5104980e+01
   7.0880930e+06   4.3701172e+01
   7.0882090e+06   4.2968750e+01
   7.0883110e+06   4.7912598e+01
   7.0883270e+06   4.5654297e+01
   7.0883680e+06   5.7861328e+01
   7.0884050e+06   4.2907715e+01
   7.0884640e+06   4.4250488e+01
   7.0885470e+06   4.3090820e+01
   7.0886890e+06   4.3884277e+01
   7.0888030e+06   4.3090820e+01
   7.1096670e+06   5.3405762e+01
   7.1097570e+06   4.4006348e+01
   7.1098170e+06   4.4372559e+01
   7.1098420e+06   5.4443359e+01
   7.1098900e+06   5.3771973e+01
   7.1099660e+06   4.3823242e+01
   7.1101420e+06   5.7067871e+01
   7.1104880e+06   4.7058105e+01
   7.1355200e+06   4.3334961e+01
   7.1362040e+06   5.6945801e+01
   7.1362280e+06   5.1330566e+01
   7.1363120e+06   4.9438477e+01
   7.1363430e+06   4.8217773e+01
   7.1364210e+06   5.0415039e+01
   7.1365520e+06   4.8400879e+01
   7.1366600e+06   4.5776367e+01
   7.1368530e+06   4.6569824e+01
   7.1615660e+06   4.8095703e+01
   7.1615980e+06   4.6264648e+01
   7.1616130e+06   5.9631348e+01
   7.1616320e+06   4.4128418e+01
   7.1617530e+06   5.3771973e+01
   7.1617910e+06   4.4189453e+01
   7.1618010e+06   5.1940918e+01
   7.1618270e+06   4.4494629e+01
   7.1624120e+06   4.3273926e+01
   7.1864530e+06   6.0363770e+01
   7.1865140e+06   4.4250488e+01
   7.1865260e+06   4.7546387e+01
   7.1866270e+06   4.3395996e+01
   7.1866650e+06   5.0598145e+01
   7.1867840e+06   4.8522949e+01
   7.1871380e+06   4.3029785e+01
   7.1879440e+06   4.3273926e+01
   7.2055060e+06   5.2978516e+01
   7.2056190e+06   5.5419922e+01
   7.2057050e+06   4.3029785e+01
   7.2059120e+06   4.6813965e+01
   7.2309000e+06   4.3334961e+01
   7.2309400e+06   4.3579102e+01
   7.2310320e+06   4.4494629e+01
   7.2310760e+06   4.4433594e+01
   7.2312360e+06   4.4006348e+01
   7.2313240e+06   4.3640137e+01
   7.2314060e+06   4.5166016e+01
   7.2315490e+06   4.7729492e+01
   7.2561480e+06   4.6875000e+01
   7.2562450e+06   4.6020508e+01
   7.2562610e+06   5.4504395e+01
   7.2563890e+06   5.6396484e+01
   7.2566820e+06   5.4504395e+01
   7.2571220e+06   5.9509277e+01
   7.2772080e+06   5.4504395e+01
   7.2772860e+06   4.6264648e+01
   7.2774120e+06   4.8583984e+01
   7.2947370e+06   4.3090820e+01
   7.2947980e+06   4.6630859e+01
   7.2948300e+06   4.7973633e+01
   7.2948900e+06   4.4494629e+01
   7.2949480e+06   4.6386719e+01
   7.2949810e+06   4.5104980e+01
   7.2950390e+06   4.4189453e+01
   7.2951860e+06   4.3151855e+01
   7.3143050e+06   4.4677734e+01
   7.3143670e+06   4.4860840e+01
   7.3144570e+06   4.3090820e+01
   7.3145670e+06   4.3457031e+01
   7.3146380e+06   4.5104980e+01
   7.3153190e+06   4.6386719e+01
   7.3319780e+06   4.7363281e+01
   7.3321650e+06   4.9560547e+01
   7.3321940e+06   4.6447754e+01
   7.3322610e+06   5.0048828e+01
   7.3325630e+06   4.5898438e+01
   7.3496150e+06   4.5471191e+01
   7.3496990e+06   4.3212891e+01
   7.3498080e+06   4.8706055e+01
   7.3499300e+06   4.7912598e+01
   7.3506700e+06   4.3212891e+01
   7.3509160e+06   5.2062988e+01
   7.3668260e+06   4.6875000e+01
   7.3669250e+06   4.7485352e+01
   7.3669590e+06   4.4128418e+01
   7.3670190e+06   5.0659180e+01
   7.3671060e+06   4.9743652e+01
   7.3672780e+06   4.5471191e+01
   7.3862030e+06   4.6264648e+01
   7.3863070e+06   4.5837402e+01
   7.3864690e+06   4.9560547e+01
   7.3876750e+06   4.3212891e+01
   7.4013870e+06   5.0231934e+01
   7.4014770e+06   4.6936035e+01
   7.4015040e+06   4.6447754e+01
   7.4015320e+06   4.7973633e+01
   7.4017210e+06   4.3090820e+01
   7.4194560e+06   4.3334961e+01
   7.4194750e+06   6.3476562e+01
   7.4195000e+06   4.5288086e+01
   7.4195820e+06   4.7851563e+01
   7.4196330e+06   4.7729492e+01
   7.4417210e+06   4.4982910e+01
   7.4417320e+06   4.8034668e+01
   7.4417550e+06   4.5104980e+01
   7.4601380e+06   5.5114746e+01
   7.4601710e+06   5.3894043e+01
   7.4603290e+06   4.3395996e+01
   7.4604510e+06   4.3151855e+01
   7.4771480e+06   4.4067383e+01
   7.4772470e+06   5.2673340e+01
   7.4773480e+06   5.6762695e+01
   7.4774880e+06   4.7973633e+01
   7.4779160e+06   4.3945313e+01
   7.4919210e+06   4.9377441e+01
   7.4919680e+06   4.4433594e+01
   7.4925630e+06   4.3395996e+01
   7.5057540e+06   4.4250488e+01
   7.5058260e+06   4.6936035e+01
   7.5059210e+06   4.7668457e+01
   7.5061010e+06   4.4372559e+01
   7.5071270e+06   4.2968750e+01
   7.5231410e+06   5.4321289e+01
   7.5232100e+06   5.9570312e+01
   7.5232520e+06   4.4555664e+01
   7.5232680e+06   4.4982910e+01
   7.5235570e+06   4.6142578e+01
   7.5236380e+06   4.8339844e+01
   7.5529930e+06   4.8095703e+01
   7.5530370e+06   6.1096191e+01
   7.5530590e+06   4.3518066e+01
   7.5530780e+06   4.4433594e+01
   7.5531220e+06   5.7373047e+01
   7.5531530e+06   4.6020508e+01
   7.5533120e+06   4.4189453e+01
   7.5822190e+06   4.4921875e+01
   7.5823760e+06   5.0231934e+01
   7.5824160e+06   6.4392090e+01
   7.5824710e+06   4.5227051e+01
   7.5825420e+06   4.3762207e+01
   8.1104030e+06   5.6335449e+01
   8.1104470e+06   6.6101074e+01
   8.1104590e+06   4.5166016e+01
   8.1105010e+06   4.3762207e+01
   8.1105510e+06   4.4860840e+01
   8.1114690e+06   4.5715332e+01
   8.1119770e+06   4.4982910e+01
   8.2837840e+06   5.4443359e+01
   8.2838180e+06   6.4880371e+01
   8.2838350e+06   5.6274414e+01
   8.2838870e+06   4.5532227e+01
   8.2839090e+06   4.3029785e+01
   8.2848770e+06   4.3273926e+01
   8.2857930e+06   4.3395996e+01
   8.4327940e+06   6.2133789e+01
   8.4328080e+06   5.1452637e+01
   8.4328350e+06   4.7546387e+01
   8.4328630e+06   6.2438965e+01
   8.4328960e+06   4.5776367e+01
   8.4329530e+06   6.0913086e+01
   8.4331060e+06   5.5053711e+01
   8.4338640e+06   4.5532227e+01
   8.4339580e+06   4.5166016e+01
   8.4341000e+06   4.5043945e+01
   8.5250120e+06   4.5166016e+01
   8.5250370e+06   6.0668945e+01
   8.5250510e+06   5.2062988e+01
   8.5250710e+06   5.0720215e+01
   8.5250870e+06   4.8034668e+01
   8.5258520e+06   4.8583984e+01
   8.5259340e+06   4.7363281e+01
   8.5261870e+06   4.2907715e+01
   8.6473130e+06   4.6142578e+01
   8.6473370e+06   4.9865723e+01
   8.6473640e+06   4.9987793e+01
   8.6473890e+06   6.7810059e+01
   8.6474060e+06   5.0537109e+01
   8.6475090e+06   5.8654785e+01
   8.6475250e+06   4.3640137e+01
   8.6476510e+06   4.5166016e+01
   8.6477260e+06   4.6813965e+01
   8.6483700e+06   4.3945313e+01
   8.8119590e+06   4.4006348e+01
   8.8120480e+06   5.2612305e+01
   8.8120720e+06   7.0373535e+01
   8.8120850e+06   4.5898437e+01
   8.8121030e+06   4.6875000e+01
   8.8122200e+06   5.8227539e+01
   8.8122740e+06   4.4616699e+01
   8.8128200e+06   4.5471191e+01
   8.8134160e+06   4.4921875e+01
   8.9744480e+06   4.3273926e+01
   8.9744900e+06   4.8950195e+01
   8.9745110e+06   6.5185547e+01
   8.9745350e+06   5.0720215e+01
   8.9745590e+06   6.2805176e+01
   8.9745720e+06   4.5959473e+01
   8.9746010e+06   4.8339844e+01
   8.9746260e+06   4.5898438e+01
   8.9754190e+06   5.0415039e+01
   8.9757170e+06   4.5410156e+01
   8.9767970e+06   4.7668457e+01
   9.1085900e+06   4.5654297e+01
   9.1086160e+06   7.6171875e+01
   9.1086480e+06   5.3588867e+01
   9.1086620e+06   4.5043945e+01
   9.1086960e+06   5.2490234e+01
   9.1087510e+06   4.8095703e+01
   9.1087680e+06   5.8288574e+01
   9.1088380e+06   4.3701172e+01
   9.1088850e+06   4.2907715e+01
   9.1098180e+06   4.4250488e+01
   9.1099050e+06   4.3273926e+01
   9.1101180e+06   4.4799805e+01
   9.1710640e+06   4.3273926e+01
   9.1710740e+06   4.5898438e+01
   9.1711140e+06   5.1452637e+01
   9.1711360e+06   4.3273926e+01
   9.1711640e+06   5.9265137e+01
   9.1711830e+06   5.2307129e+01
   9.1713570e+06   4.4738770e+01
   9.1714070e+06   4.8034668e+01
   9.1721420e+06   4.4006348e+01
   9.1730680e+06   4.5715332e+01
   9.2545890e+06   5.3222656e+01
   9.2546110e+06   4.9072266e+01
   9.2546340e+06   4.4677734e+01
   9.2546950e+06   5.9143066e+01
   9.2547900e+06   4.3273926e+01
   9.2549180e+06   4.6691895e+01
   9.2555630e+06   5.0109863e+01
   9.2559510e+06   4.8583984e+01
   9.2570140e+06   4.5532227e+01
   9.3693450e+06   4.3090820e+01
   9.3693720e+06   4.7729492e+01
   9.3693920e+06   4.6875000e+01
   9.3694150e+06   7.0556641e+01
   9.3694300e+06   4.5715332e+01
   9.3694660e+06   5.7250977e+01
   9.3694950e+06   4.5166016e+01
   9.3695540e+06   4.3518066e+01
   9.3696060e+06   5.1269531e+01
   9.3702140e+06   4.9865723e+01
   9.3704940e+06   4.4616699e+01
   9.3705940e+06   5.5786133e+01
   9.3709330e+06   4.4067383e+01
   9.3709480e+06   4.7424316e+01
   9.3714280e+06   4.4799805e+01
   9.4853070e+06   5.0048828e+01
   9.4853190e+06   5.7800293e+01
   9.4854090e+06   4.5043945e+01
   9.4854260e+06   5.2734375e+01
   9.4854610e+06   4.9194336e+01
   9.4855170e+06   4.3945313e+01
   9.4856160e+06   4.3273926e+01
   9.4862580e+06   4.5043945e+01
   9.4865130e+06   4.4433594e+01
   9.4866800e+06   4.5104980e+01
   9.4868360e+06   4.4494629e+01
   9.4872530e+06   4.4616699e+01
   9.5624800e+06   4.5837402e+01
   9.5625320e+06   4.9072266e+01
   9.5625760e+06   4.6875000e+01
   9.5626020e+06   4.7912598e+01
   9.5626620e+06   4.3945313e+01
   9.5627380e+06   5.0598145e+01
   9.5628370e+06   4.5532227e+01
   9.5630000e+06   4.6203613e+01
   9.5644430e+06   4.6813965e+01
   9.6013130e+06   4.4006348e+01
   9.6013610e+06   4.7058105e+01
   9.6014040e+06   4.4982910e+01
   9.6014530e+06   4.7790527e+01
   9.6014820e+06   5.2490234e+01
   9.6015010e+06   5.0292969e+01
   9.6025800e+06   4.6447754e+01
   9.6035500e+06   4.4128418e+01
   9.6037340e+06   4.3334961e+01
   9.6343350e+06   4.5898438e+01
   9.6343960e+06   4.9072266e+01
   9.6344150e+06   4.3029785e+01
   9.6345110e+06   4.7851563e+01
   9.6345390e+06   4.8217773e+01
   9.6345630e+06   4.9194336e+01
   9.6345940e+06   4.8706055e+01
   9.6346070e+06   4.8461914e+01
   9.6346940e+06   4.9316406e+01
   9.6844310e+06   4.6142578e+01
   9.6844730e+06   4.3518066e+01
   9.6845270e+06   4.3579102e+01
   9.6845440e+06   6.3049316e+01
   9.6846550e+06   4.6020508e+01
   9.6862970e+06   4.4006348e+01
   9.7263460e+06   4.5043945e+01
   9.7263650e+06   4.8583984e+01
   9.7264160e+06   6.6223145e+01
   9.7264410e+06   5.0048828e+01
   9.7264740e+06   4.4982910e+01
   9.7265900e+06   4.4250488e+01
   9.7267810e+06   4.3090820e+01
   9.7268110e+06   4.3945313e+01
   9.7269110e+06   4.9255371e+01
   9.7270410e+06   4.4677734e+01
   9.7278090e+06   4.3884277e+01
   9.7487950e+06   4.6264648e+01
   9.7488430e+06   4.9987793e+01
   9.7488590e+06   5.6396484e+01
   9.7489600e+06   4.4616699e+01
   9.7489870e+06   4.3395996e+01
   9.7491080e+06   4.6569824e+01
   9.7493870e+06   4.3395996e+01
   9.7759520e+06   6.1767578e+01
   9.7759960e+06   4.4921875e+01
   9.7760270e+06   6.0485840e+01
   9.7761450e+06   4.6630859e+01
   9.7761600e+06   5.0537109e+01
   9.7762040e+06   4.9377441e+01
   9.7762410e+06   4.9743652e+01
   9.7771070e+06   4.5349121e+01
   9.8148470e+06   4.8583984e+01
   9.8148590e+06   4.7607422e+01
   9.8149250e+06   5.2551270e+01
   9.8149470e+06   4.3518066e+01
   9.8149710e+06   4.5959473e+01
   9.8150240e+06   4.6569824e+01
   9.8150470e+06   4.4982910e+01
   9.8151430e+06   5.1330566e+01
   9.8499890e+06   4.4372559e+01
   9.8500680e+06   5.4809570e+01
   9.8500810e+06   4.3029785e+01
   9.8501680e+06   5.9509277e+01
   9.8501890e+06   4.9255371e+01
   9.8502410e+06   4.9316406e+01
   9.8503510e+06   4.5593262e+01
   9.8507930e+06   4.4738770e+01
   9.8707570e+06   4.3762207e+01
   9.8707730e+06   6.0546875e+01
   9.8708110e+06   4.8706055e+01
   9.8708310e+06   4.6752930e+01
   9.8708480e+06   5.2978516e+01
   9.8709320e+06   4.8400879e+01
   9.8710050e+06   4.2907715e+01
   9.8891040e+06   4.6630859e+01
   9.8891230e+06   4.8339844e+01
   9.8892240e+06   4.4860840e+01
   9.8892820e+06   4.9377441e+01
   9.8894200e+06   4.4433594e+01
   9.8895660e+06   4.4494629e+01
   9.9094520e+06   4.8278809e+01
   9.9094710e+06   4.3395996e+01
   9.9095600e+06   5.0048828e+01
   9.9096520e+06   4.6081543e+01
   9.9096910e+06   4.4006348e+01
   9.9097950e+06   4.6386719e+01
   9.9098890e+06   4.6875000e+01
   9.9275010e+06   4.5837402e+01
   9.9275330e+06   4.6813965e+01
   9.9275560e+06   4.8095703e+01
   9.9276670e+06   4.4189453e+01
   9.9277200e+06   5.9448242e+01
   9.9433580e+06   5.1025391e+01
   9.9433790e+06   5.0292969e+01
   9.9434000e+06   4.3334961e+01
   9.9434310e+06   5.9082031e+01
   9.9436400e+06   4.4555664e+01
   9.9437250e+06   5.1757813e+01
   9.9613480e+06   5.9875488e+01
   9.9770040e+06   4.4311523e+01
   9.9770650e+06   4.3090820e+01
   9.9771910e+06   4.6936035e+01
   9.9772030e+06   4.9011230e+01
   9.9772970e+06   4.6203613e+01
   9.9773350e+06   4.8889160e+01
   9.9950190e+06   4.9865723e+01
   9.9951070e+06   4.9072266e+01
   9.9951390e+06   4.3457031e+01
   9.9952740e+06   4.3395996e+01
   1.0009508e+07   4.7302246e+01
   1.0009530e+07   4.7302246e+01
   1.0028254e+07   4.3579102e+01
   1.0028324e+07   4.6142578e+01
   1.0028651e+07   4.3884277e+01
   1.0045019e+07   4.5959473e+01
   1.0045069e+07   5.6335449e+01
   1.0045246e+07   4.7180176e+01
   1.0045452e+07   4.7668457e+01
   1.0079692e+07   4.3945313e+01
   1.0079743e+07   6.7687988e+01
   1.0079758e+07   4.4250488e+01
   1.0079781e+07   4.4372559e+01
   1.0099321e+07   5.5480957e+01
   1.0099379e+07   4.6386719e+01
   1.0099515e+07   4.5837402e+01
   1.0148501e+07   4.7424316e+01
   1.0148545e+07   4.9377441e+01
   1.0148594e+07   4.4921875e+01
   1.0148648e+07   4.4921875e+01
   1.0148688e+07   4.3579102e+01
   1.0148927e+07   4.3212891e+01
   1.0166321e+07   4.4982910e+01
   1.0166678e+07   4.3762207e+01
   1.0166803e+07   4.3334961e+01
   1.0167138e+07   4.4250488e+01
   1.0729057e+07   5.3710938e+01
   1.0729067e+07   6.9763184e+01
   1.0729111e+07   6.8786621e+01
   1.0729128e+07   5.2551270e+01
   1.0729172e+07   6.4697266e+01
   1.0729212e+07   4.4677734e+01
   1.0729232e+07   5.5847168e+01
   1.0730098e+07   5.3222656e+01
   1.0730282e+07   4.4799805e+01
   1.0731328e+07   4.4189453e+01
   1.0879627e+07   4.4250488e+01
   1.0931694e+07   4.5837402e+01
   1.0931709e+07   6.7871094e+01
   1.0931719e+07   4.6020508e+01
   1.0931742e+07   5.6640625e+01
   1.0931811e+07   5.0109863e+01
   1.0934125e+07   4.5715332e+01
   1.1077825e+07   5.8349609e+01
   1.1077836e+07   5.4260254e+01
   1.1077855e+07   5.3588867e+01
   1.1077877e+07   4.9682617e+01
   1.1077901e+07   5.2673340e+01
   1.1077919e+07   4.5898438e+01
   1.1077966e+07   4.3823242e+01
   1.1078075e+07   4.7302246e+01
   1.1078852e+07   4.3334961e+01
   1.1101236e+07   5.7922363e+01
   1.1101292e+07   4.7119141e+01
   1.1101324e+07   4.5043945e+01
   1.1101341e+07   4.4006348e+01
   1.1101420e+07   5.5664063e+01
   1.1101457e+07   4.4677734e+01
   1.1148024e+07   4.3395996e+01
   1.1148775e+07   4.6386719e+01
   1.1148789e+07   6.0485840e+01
   1.1148817e+07   4.5837402e+01
   1.1148861e+07   4.9438477e+01
   1.1148872e+07   4.8278809e+01
   1.1148913e+07   4.3151855e+01
   1.1149025e+07   4.3945312e+01
   1.1149240e+07   4.3701172e+01
   1.1211429e+07   4.6691895e+01
   1.1211467e+07   4.9987793e+01
   1.1211509e+07   4.3884277e+01
   1.1211526e+07   5.0842285e+01
   1.1211577e+07   5.6396484e+01
   1.1211621e+07   4.5104980e+01
   1.1211655e+07   4.4799805e+01
   1.1211717e+07   4.4738770e+01
   1.1212784e+07   4.3701172e+01
   1.1264958e+07   5.3283691e+01
   1.1264978e+07   4.7424316e+01
   1.1264999e+07   4.5104980e+01
   1.1265233e+07   4.5776367e+01
   1.1266592e+07   4.3579102e+01
   1.1331274e+07   5.5236816e+01
   1.1331333e+07   4.4433594e+01
   1.1331403e+07   4.5043945e+01
   1.1331453e+07   5.1452637e+01
   1.1331477e+07   7.4340820e+01
   1.1331491e+07   4.6447754e+01
   1.1331570e+07   4.9194336e+01
   1.1332510e+07   4.3884277e+01
   1.1333480e+07   5.2429199e+01
   1.1486650e+07   6.3476563e+01
   1.1486704e+07   5.6701660e+01
   1.1486722e+07   5.4748535e+01
   1.1487547e+07   4.7607422e+01
   1.1488128e+07   5.3100586e+01
   1.1627723e+07   4.4738770e+01
   1.1627739e+07   4.6386719e+01
   1.1627773e+07   5.6701660e+01
   1.1627787e+07   4.6142578e+01
   1.1627830e+07   5.3955078e+01
   1.1627892e+07   5.2917480e+01
   1.1627906e+07   4.8339844e+01
   1.1627968e+07   4.4189453e+01
   1.1628275e+07   4.3640137e+01
   1.1737300e+07   5.9204102e+01
   1.1737315e+07   5.5297852e+01
   1.1737331e+07   4.8828125e+01
   1.1737360e+07   6.2683105e+01
   1.1737375e+07   5.7617188e+01
   1.1737423e+07   4.3823242e+01
   1.1737482e+07   5.3039551e+01
   1.1737524e+07   5.0231934e+01
   1.1738126e+07   4.3762207e+01
   1.1738495e+07   5.3283691e+01
   1.1840953e+07   4.3334961e+01
   1.1840973e+07   5.2368164e+01
   1.1841013e+07   6.0913086e+01
   1.1841030e+07   6.1157227e+01
   1.1841058e+07   4.8095703e+01
   1.1841087e+07   5.0170898e+01
   1.1841134e+07   4.6386719e+01
   1.1841170e+07   4.6264648e+01
   1.1841315e+07   4.3823242e+01
   1.1843038e+07   4.7790527e+01
   1.1843515e+07   4.7424316e+01
   1.1923748e+07   4.8156738e+01
   1.1923773e+07   4.4006348e+01
   1.1923810e+07   5.3283691e+01
   1.1923833e+07   4.3640137e+01
   1.1923848e+07   4.9743652e+01
   1.1923911e+07   4.6142578e+01
   1.1923938e+07   4.3884277e+01
   1.1924099e+07   4.3090820e+01
   1.1924592e+07   4.9194336e+01
   1.1925498e+07   4.6203613e+01
