   1.4997500e+07   0.0000000e+00
   1.6530000e+03   5.1269531e+01
   1.6810000e+03   3.7597656e+01
   1.7770000e+03   3.4484863e+01
   1.4555000e+05   3.3447266e+01
   1.4570500e+05   3.3935547e+01
   1.4573800e+05   3.9245605e+01
   1.4579300e+05   3.6437988e+01
   2.1419200e+05   3.5888672e+01
   2.7686800e+05   3.4790039e+01
   2.7697300e+05   3.5461426e+01
   3.3757200e+05   3.2958984e+01
   3.3767200e+05   3.6254883e+01
   3.3775500e+05   4.1137695e+01
   3.3780600e+05   3.3081055e+01
   3.3786200e+05   4.1320801e+01
   3.3797300e+05   3.3203125e+01
   3.3833700e+05   3.3874512e+01
   3.6714500e+05   3.5034180e+01
   3.6762800e+05   3.4729004e+01
   4.2242300e+05   3.4606934e+01
   4.5518500e+05   3.3630371e+01
   4.5554300e+05   3.6804199e+01
   4.8057600e+05   3.2714844e+01
   4.8097800e+05   3.7902832e+01
   5.1003700e+05   3.4240723e+01
   5.6072400e+05   3.3020020e+01
   5.6107800e+05   3.2531738e+01
   5.8554400e+05   3.6621094e+01
   6.1384300e+05   3.4545898e+01
   6.1395000e+05   3.4118652e+01
   6.1408600e+05   3.7414551e+01
   6.6653000e+05   3.6071777e+01
   6.6665400e+05   3.3142090e+01
   6.6674500e+05   3.7292480e+01
   6.9492600e+05   3.8330078e+01
   7.5498700e+05   3.8391113e+01
   7.5529300e+05   3.2836914e+01
   8.2556400e+05   3.5949707e+01
   8.2594900e+05   4.1809082e+01
   9.2822000e+05   3.3142090e+01
   9.2850100e+05   3.2836914e+01
   1.0153130e+06   3.4057617e+01
   1.0160340e+06   3.4179688e+01
   1.0667720e+06   3.4362793e+01
   1.0671610e+06   4.1748047e+01
   1.0673750e+06   3.3569336e+01
   1.6974350e+06   3.5705566e+01
   1.6981240e+06   3.5888672e+01
   1.8406400e+06   3.2775879e+01
   1.8407030e+06   3.7902832e+01
   1.8409210e+06   3.2958984e+01
   2.0065490e+06   3.8024902e+01
   2.0066840e+06   4.5593262e+01
   2.0068710e+06   3.3447266e+01
   2.1133900e+06   3.4912109e+01
   2.1135440e+06   3.6315918e+01
   2.1138410e+06   3.4667969e+01
   2.3084860e+06   4.5227051e+01
   2.3085300e+06   3.6010742e+01
   2.3086090e+06   3.6865234e+01
   2.3086880e+06   4.3151855e+01
   2.4580860e+06   3.3386230e+01
   2.4584070e+06   3.2409668e+01
   2.5499760e+06   3.6193848e+01
   2.5502600e+06   3.2409668e+01
   2.6186540e+06   3.5034180e+01
   2.6738530e+06   3.6499023e+01
   2.7169810e+06   3.8452148e+01
   2.7170190e+06   3.3996582e+01
   2.7174460e+06   3.4851074e+01
   2.7452640e+06   3.6743164e+01
   2.7454480e+06   3.4912109e+01
   2.7806590e+06   3.8452148e+01
   2.7808260e+06   4.4799805e+01
   2.8381490e+06   3.3264160e+01
   2.8937030e+06   3.3569336e+01
   2.9207090e+06   3.2531738e+01
   2.9505490e+06   4.0466309e+01
   2.9505710e+06   3.5888672e+01
   2.9510360e+06   3.3386230e+01
   2.9511560e+06   3.3203125e+01
   3.0050700e+06   4.1992188e+01
   3.0388090e+06   3.2958984e+01
   3.0676320e+06   3.4484863e+01
   3.0682170e+06   4.6386719e+01
   3.1139990e+06   3.4362793e+01
   3.1141960e+06   3.4973145e+01
   3.2175550e+06   3.4362793e+01
   3.2175940e+06   3.2653809e+01
   3.2178360e+06   3.2592773e+01
   3.2179070e+06   3.3447266e+01
   3.2765590e+06   3.2836914e+01
   3.8256540e+06   3.2409668e+01
   3.8258930e+06   3.4301758e+01
   3.8759870e+06   3.6804199e+01
   3.9295810e+06   3.3874512e+01
   3.9296750e+06   3.6926270e+01
   3.9298050e+06   3.3020020e+01
   3.9716060e+06   3.5156250e+01
   3.9716250e+06   3.3142090e+01
   3.9717170e+06   3.2958984e+01
   4.0187400e+06   3.2714844e+01
   4.0188480e+06   3.4729004e+01
   4.0190470e+06   3.2592773e+01
   4.1099940e+06   3.9916992e+01
   4.1100350e+06   3.4423828e+01
   4.1427940e+06   3.4057617e+01
   4.1675250e+06   3.3630371e+01
   4.1681450e+06   3.2958984e+01
   4.2006860e+06   3.5705566e+01
   4.2303680e+06   3.4240723e+01
   4.2612830e+06   3.3813477e+01
   4.2948690e+06   3.7780762e+01
   4.3405570e+06   3.3020020e+01
   4.3408510e+06   4.1503906e+01
   4.3826540e+06   3.9794922e+01
   4.3828280e+06   3.6987305e+01
   5.1022270e+06   3.2470703e+01
   5.1022770e+06   3.6132813e+01
   5.1024650e+06   3.4729004e+01
   5.2283150e+06   3.6926270e+01
   5.2318650e+06   3.3447266e+01
   5.3716770e+06   3.4606934e+01
   5.3720190e+06   3.9489746e+01
   5.3721390e+06   3.6682129e+01
   5.4197760e+06   3.5949707e+01
   5.5372750e+06   3.2531738e+01
   5.6053360e+06   3.7719727e+01
   5.6300970e+06   3.8574219e+01
   5.6559390e+06   3.2836914e+01
   5.6562900e+06   3.4179688e+01
   5.7061470e+06   3.8696289e+01
   5.7062610e+06   3.2897949e+01
   5.7911650e+06   3.3081055e+01
   5.8210850e+06   3.4851074e+01
   5.8512990e+06   3.3203125e+01
   5.8964380e+06   3.4912109e+01
   5.9837780e+06   4.0771484e+01
   5.9842530e+06   3.4790039e+01
   6.5405600e+06   3.4118652e+01
   6.5407500e+06   3.3996582e+01
   6.7728200e+06   3.4973145e+01
   6.7728870e+06   3.6865234e+01
   6.7729190e+06   3.3874512e+01
   6.7731550e+06   3.8024902e+01
   6.8730940e+06   3.7231445e+01
   6.8732620e+06   3.7109375e+01
   6.9321520e+06   3.6926270e+01
   6.9324270e+06   3.3691406e+01
   6.9325530e+06   3.3142090e+01
   6.9328310e+06   3.4057617e+01
   6.9926490e+06   4.3640137e+01
   6.9926760e+06   3.5644531e+01
   6.9927740e+06   3.2653809e+01
   7.1069110e+06   3.4484863e+01
   7.1348650e+06   3.4545898e+01
   7.1351490e+06   3.5095215e+01
   7.1890780e+06   3.7170410e+01
   7.2220780e+06   3.3447266e+01
   7.2223060e+06   3.9245605e+01
   7.2627150e+06   3.5888672e+01
   7.3521530e+06   3.5827637e+01
   7.3522910e+06   3.2775879e+01
   7.3832320e+06   3.7963867e+01
   7.3836000e+06   3.5217285e+01
   7.3836870e+06   4.1015625e+01
   7.4285610e+06   4.4128418e+01
   7.4700750e+06   3.5217285e+01
   7.4703160e+06   3.4179688e+01
   7.4704730e+06   3.2470703e+01
   7.4704990e+06   3.3142090e+01
   7.5394590e+06   3.3508301e+01
   8.1026120e+06   4.7058105e+01
   8.1027250e+06   3.3447266e+01
   8.1029100e+06   3.7597656e+01
   8.2626090e+06   3.7902832e+01
   8.2628730e+06   3.5461426e+01
   8.3137140e+06   3.3752441e+01
   8.3142890e+06   3.4484863e+01
   8.3143910e+06   3.3264160e+01
   8.3640480e+06   3.6560059e+01
   8.4136810e+06   3.6743164e+01
   8.4889880e+06   3.6743164e+01
   8.4892630e+06   4.1259766e+01
   8.5656230e+06   3.6437988e+01
   8.5935410e+06   3.4912109e+01
   8.6203850e+06   3.2470703e+01
   8.6490070e+06   3.3142090e+01
   8.6776630e+06   3.5461426e+01
   8.7309810e+06   3.6254883e+01
   8.7314070e+06   3.3447266e+01
   8.7317740e+06   3.2958984e+01
   8.8033890e+06   3.2897949e+01
   8.8762820e+06   3.2531738e+01
   9.0275480e+06   3.3630371e+01
   9.2215160e+06   3.4667969e+01
   9.5645980e+06   3.3386230e+01
   9.9153740e+06   3.3874512e+01
   9.9155440e+06   3.5461426e+01
   1.0044037e+07   3.2836914e+01
   1.0044170e+07   3.5400391e+01
   1.0044298e+07   3.9428711e+01
   1.0200638e+07   4.0771484e+01
   1.0200684e+07   4.1015625e+01
   1.0200718e+07   3.6071777e+01
   1.0200905e+07   3.4545898e+01
   1.0497854e+07   3.5095215e+01
   1.0682334e+07   3.9306641e+01
   1.0682354e+07   4.0222168e+01
   1.0682408e+07   3.5888672e+01
   1.0682560e+07   3.9611816e+01
   1.0808836e+07   4.4982910e+01
   1.0808965e+07   3.7597656e+01
   1.0809087e+07   3.7902832e+01
   1.0809289e+07   3.2714844e+01
   1.0862735e+07   3.3569336e+01
   1.0862990e+07   3.5278320e+01
   1.0926689e+07   3.4851074e+01
   1.0927081e+07   4.1198730e+01
   1.0964647e+07   3.5156250e+01
   1.0995220e+07   3.2409668e+01
   1.0995254e+07   3.2958984e+01
   1.1055525e+07   3.6254883e+01
   1.1105974e+07   3.7475586e+01
   1.1270142e+07   3.6010742e+01
   1.1362933e+07   3.4973145e+01
   1.1393887e+07   3.5705566e+01
   1.1589276e+07   3.3203125e+01
   1.1589372e+07   3.4667969e+01
   1.2311379e+07   3.3447266e+01
   1.2311442e+07   3.5217285e+01
   1.2311720e+07   4.0527344e+01
   1.2518503e+07   3.3447266e+01
   1.2518582e+07   3.4301758e+01
   1.2518618e+07   3.5034180e+01
   1.2622540e+07   3.7414551e+01
   1.2622595e+07   3.6926270e+01
   1.2622733e+07   3.6804199e+01
   1.2622815e+07   3.4973145e+01
   1.2672222e+07   3.4606934e+01
   1.2672524e+07   3.7963867e+01
   1.2672703e+07   3.4423828e+01
   1.2672926e+07   3.3203125e+01
   1.2736279e+07   4.0649414e+01
   1.2772710e+07   3.4179688e+01
   1.2807237e+07   3.5034180e+01
   1.2832034e+07   3.7048340e+01
   1.2832573e+07   4.3212891e+01
   1.2856412e+07   3.4240723e+01
   1.2899132e+07   3.4362793e+01
   1.2954964e+07   3.5644531e+01
   1.2984680e+07   3.3447266e+01
   1.3017377e+07   3.2653809e+01
   1.3017841e+07   3.8635254e+01
   1.3017875e+07   3.2775879e+01
   1.3113128e+07   3.4423828e+01
   1.3145461e+07   3.5095215e+01
   1.3185725e+07   3.3386230e+01
   1.3186405e+07   3.3752441e+01
   1.3256343e+07   3.8574219e+01
   1.4067547e+07   3.5095215e+01
   1.4067783e+07   3.9123535e+01
   1.4067837e+07   3.6193848e+01
   1.4067921e+07   3.8208008e+01
   1.4217767e+07   3.5583496e+01
   1.4218134e+07   3.7841797e+01
   1.4218336e+07   3.3264160e+01
   1.4333676e+07   3.3630371e+01
   1.4333817e+07   3.2775879e+01
   1.4334094e+07   3.3325195e+01
   1.4388186e+07   4.0710449e+01
   1.4465330e+07   3.3264160e+01
   1.4510648e+07   3.5156250e+01
   1.4580530e+07   3.5461426e+01
   1.4580737e+07   3.7170410e+01
   1.4633765e+07   3.4851074e+01
   1.4634191e+07   3.6254883e+01
   1.4711110e+07   3.2775879e+01
   1.4711625e+07   3.3325195e+01
   1.4854676e+07   3.7292480e+01
   1.4887486e+07   3.8024902e+01
   1.4887672e+07   3.4729004e+01
   1.4921081e+07   3.3508301e+01
