   1.4997500e+07   0.0000000e+00
   1.6410000e+03   4.3762207e+01
   1.8420000e+03   4.7424316e+01
   1.9130000e+03   4.6569824e+01
   1.9860000e+03   4.9682617e+01
   1.9990000e+03   4.7302246e+01
   2.0300000e+03   6.1279297e+01
   2.0580000e+03   5.4809570e+01
   2.0900000e+03   5.4687500e+01
   2.1360000e+03   5.5175781e+01
   2.1480000e+03   5.9082031e+01
   2.1730000e+03   5.0048828e+01
   2.2770000e+03   4.3640137e+01
   2.3020000e+03   5.1757813e+01
   2.3380000e+03   5.0415039e+01
   2.7150000e+03   4.8767090e+01
   1.4572000e+05   5.4443359e+01
   1.4580100e+05   4.4982910e+01
   1.4585500e+05   4.7180176e+01
   1.4589900e+05   4.4494629e+01
   1.4591600e+05   4.4128418e+01
   1.4593400e+05   4.5593262e+01
   1.4596500e+05   4.5471191e+01
   1.4598200e+05   8.4411621e+01
   1.4602300e+05   7.0129395e+01
   1.4605600e+05   6.7504883e+01
   1.4608100e+05   5.3039551e+01
   1.4614100e+05   6.9458008e+01
   1.4618100e+05   5.2795410e+01
   1.4622400e+05   5.8166504e+01
   1.4628900e+05   5.0537109e+01
   1.4630900e+05   4.2724609e+01
   1.4634300e+05   4.8156738e+01
   1.4644300e+05   4.5898438e+01
   2.1409200e+05   4.8339844e+01
   2.1415500e+05   4.5898438e+01
   2.1417300e+05   5.6762695e+01
   2.1429800e+05   6.2683105e+01
   2.1439500e+05   4.6142578e+01
   2.1443600e+05   7.0068359e+01
   2.1448300e+05   4.3884277e+01
   2.1450800e+05   7.8552246e+01
   2.1452700e+05   5.5664063e+01
   2.1454900e+05   4.6020508e+01
   2.1457300e+05   4.9011230e+01
   2.1461100e+05   5.1086426e+01
   2.1465700e+05   5.1940918e+01
   2.1471300e+05   6.2194824e+01
   2.1478900e+05   5.0048828e+01
   2.1484900e+05   4.3945313e+01
   2.1487700e+05   5.7495117e+01
   2.1497200e+05   5.9326172e+01
   2.7682600e+05   4.5959473e+01
   2.7702000e+05   7.2204590e+01
   2.7706200e+05   4.9438477e+01
   2.7713700e+05   5.7006836e+01
   2.7716800e+05   5.1696777e+01
   2.7720400e+05   4.4616699e+01
   2.7732600e+05   6.8786621e+01
   2.7738300e+05   4.4372559e+01
   2.7740300e+05   7.0373535e+01
   2.7744800e+05   5.1696777e+01
   2.7746300e+05   6.5612793e+01
   2.7749600e+05   6.7199707e+01
   2.7752100e+05   4.5715332e+01
   2.7755200e+05   5.1635742e+01
   2.7756700e+05   4.9255371e+01
   2.7771300e+05   4.3762207e+01
   2.7858900e+05   4.3823242e+01
   3.3771900e+05   5.2795410e+01
   3.3784600e+05   5.9204102e+01
   3.3790800e+05   5.8044434e+01
   3.3793400e+05   5.7250977e+01
   3.3799500e+05   5.4138184e+01
   3.3801600e+05   6.5246582e+01
   3.3804700e+05   5.2612305e+01
   3.3809500e+05   4.8706055e+01
   3.3811300e+05   6.9030762e+01
   3.3816900e+05   5.6152344e+01
   3.3818200e+05   5.0170898e+01
   3.3822100e+05   4.3212891e+01
   3.3824000e+05   4.2907715e+01
   3.3828800e+05   6.6833496e+01
   3.3837100e+05   4.2602539e+01
   3.3842100e+05   5.7312012e+01
   3.3844100e+05   4.3518066e+01
   3.3860100e+05   4.5959473e+01
   3.6713900e+05   4.7790527e+01
   3.6731300e+05   7.6110840e+01
   3.6733300e+05   4.6325684e+01
   3.6753300e+05   4.5043945e+01
   3.6766000e+05   5.7128906e+01
   3.6771200e+05   5.9448242e+01
   3.6772600e+05   5.7922363e+01
   3.6789000e+05   4.6508789e+01
   3.6793700e+05   4.4250488e+01
   3.6800100e+05   5.8593750e+01
   3.6804100e+05   5.9448242e+01
   3.6811200e+05   4.4250488e+01
   3.6814600e+05   4.9743652e+01
   3.6825400e+05   4.4799805e+01
   3.6828800e+05   5.2612305e+01
   3.9501000e+05   8.6853027e+01
   3.9509800e+05   4.2907715e+01
   3.9519500e+05   4.9926758e+01
   3.9523200e+05   4.9255371e+01
   3.9526700e+05   4.8217773e+01
   3.9529000e+05   4.8706055e+01
   3.9533400e+05   8.3618164e+01
   3.9547800e+05   4.8889160e+01
   3.9560500e+05   4.7607422e+01
   3.9562700e+05   4.2968750e+01
   3.9577200e+05   4.6875000e+01
   3.9580300e+05   5.2673340e+01
   3.9584000e+05   4.5959473e+01
   4.2239100e+05   4.3701172e+01
   4.2263800e+05   6.0607910e+01
   4.2266400e+05   4.6691895e+01
   4.2278200e+05   5.6274414e+01
   4.2281800e+05   5.1330566e+01
   4.2285800e+05   5.1879883e+01
   4.2289200e+05   4.7180176e+01
   4.2296400e+05   4.5104980e+01
   4.2300500e+05   5.7617188e+01
   4.2308200e+05   4.7302246e+01
   4.2314900e+05   5.2368164e+01
   4.2318000e+05   4.7729492e+01
   4.5534800e+05   5.0598145e+01
   4.5552900e+05   5.8410645e+01
   4.5557000e+05   5.4504395e+01
   4.5559600e+05   4.4860840e+01
   4.5562100e+05   6.3415527e+01
   4.5569000e+05   4.2907715e+01
   4.5571100e+05   5.1757813e+01
   4.5576300e+05   5.5664063e+01
   4.5577700e+05   4.6875000e+01
   4.5589800e+05   4.9011230e+01
   4.5591000e+05   4.4555664e+01
   4.5595200e+05   4.5227051e+01
   4.8068300e+05   7.0251465e+01
   4.8076500e+05   5.1086426e+01
   4.8085200e+05   4.8400879e+01
   4.8094500e+05   4.5227051e+01
   4.8096400e+05   5.5603027e+01
   4.8106300e+05   4.9621582e+01
   4.8110700e+05   4.6020508e+01
   4.8124100e+05   4.8828125e+01
   4.8130100e+05   4.8828125e+01
   4.8198100e+05   4.4067383e+01
   5.1022600e+05   4.3090820e+01
   5.1029700e+05   5.4626465e+01
   5.1039600e+05   4.6936035e+01
   5.1043600e+05   4.9682617e+01
   5.1048500e+05   4.2602539e+01
   5.1051000e+05   5.7128906e+01
   5.1054100e+05   4.4921875e+01
   5.1069600e+05   4.4433594e+01
   5.3322900e+05   5.1147461e+01
   5.3341400e+05   4.7973633e+01
   5.3352700e+05   5.5297852e+01
   5.3357900e+05   6.4514160e+01
   5.3363400e+05   5.9204102e+01
   5.3370800e+05   4.3395996e+01
   5.3374200e+05   4.9255371e+01
   5.3377500e+05   4.5532227e+01
   5.3387700e+05   4.3334961e+01
   5.3414800e+05   4.6875000e+01
   5.6083500e+05   6.8664551e+01
   5.6098100e+05   4.3701172e+01
   5.6103300e+05   5.4809570e+01
   5.6106300e+05   6.7871094e+01
   5.6111500e+05   5.4016113e+01
   5.6114800e+05   5.0598145e+01
   5.6116200e+05   5.5358887e+01
   5.6121600e+05   4.2968750e+01
   5.6136200e+05   4.3579102e+01
   5.6141500e+05   6.6406250e+01
   5.6143600e+05   4.7363281e+01
   5.6155500e+05   5.8166504e+01
   5.6159500e+05   4.4372559e+01
   5.6163000e+05   5.0903320e+01
   5.8542700e+05   5.3833008e+01
   5.8573400e+05   5.2246094e+01
   5.8579400e+05   4.4555664e+01
   5.8588500e+05   4.5349121e+01
   5.8594600e+05   4.7424316e+01
   5.8609300e+05   4.2968750e+01
   5.8671800e+05   4.5349121e+01
   6.1400100e+05   5.7617188e+01
   6.1415200e+05   4.7363281e+01
   6.1417200e+05   6.5734863e+01
   6.1425000e+05   4.3945313e+01
   6.1428400e+05   5.2124023e+01
   6.1431100e+05   4.7241211e+01
   6.1437500e+05   5.8410645e+01
   6.1441400e+05   6.2194824e+01
   6.1442700e+05   5.2490234e+01
   6.1445400e+05   4.3457031e+01
   6.1450200e+05   5.1696777e+01
   6.1461500e+05   4.8706055e+01
   6.1470300e+05   5.6030273e+01
   6.1474300e+05   5.1452637e+01
   6.1479300e+05   4.8950195e+01
   6.1491600e+05   4.4189453e+01
   6.3991700e+05   5.4016113e+01
   6.4018700e+05   5.5236816e+01
   6.4021400e+05   4.6752930e+01
   6.4024800e+05   6.0119629e+01
   6.4026200e+05   5.0048828e+01
   6.4032000e+05   4.8461914e+01
   6.4034000e+05   4.5410156e+01
   6.4049400e+05   4.3823242e+01
   6.4052600e+05   5.4870605e+01
   6.4054000e+05   4.9255371e+01
   6.4061900e+05   5.4931641e+01
   6.4069500e+05   4.3395996e+01
   6.6682800e+05   6.8725586e+01
   6.6692700e+05   4.4738770e+01
   6.6700600e+05   4.4067383e+01
   6.6714100e+05   4.6752930e+01
   6.6740400e+05   6.7138672e+01
   6.6762200e+05   4.4616699e+01
   6.6766600e+05   4.5959473e+01
   6.6772000e+05   4.7546387e+01
   6.6791500e+05   4.6020508e+01
   6.6811800e+05   4.3701172e+01
   6.9504700e+05   6.7687988e+01
   6.9519600e+05   5.5847168e+01
   6.9523400e+05   4.7546387e+01
   6.9536700e+05   4.5410156e+01
   6.9539100e+05   4.3945313e+01
   6.9542900e+05   4.4921875e+01
   6.9559300e+05   4.9194336e+01
   6.9568500e+05   6.4025879e+01
   6.9573200e+05   4.2846680e+01
   6.9580100e+05   4.9194336e+01
   7.2345900e+05   6.0302734e+01
   7.2362800e+05   7.5744629e+01
   7.2364300e+05   4.8461914e+01
   7.2371300e+05   5.8044434e+01
   7.2379400e+05   5.9448242e+01
   7.2381900e+05   4.5837402e+01
   7.2387000e+05   4.9926758e+01
   7.2391400e+05   4.2602539e+01
   7.2396800e+05   4.5959473e+01
   7.2421200e+05   6.1462402e+01
   7.2430500e+05   4.3701172e+01
   7.2435500e+05   4.4860840e+01
   7.5515100e+05   4.7790527e+01
   7.5530700e+05   4.9682617e+01
   7.5541900e+05   5.0292969e+01
   7.5545400e+05   4.9560547e+01
   7.5551600e+05   5.3710938e+01
   7.5558700e+05   5.3833008e+01
   7.5564100e+05   5.5603027e+01
   7.5570100e+05   4.3884277e+01
   7.5575200e+05   4.4921875e+01
   7.5576300e+05   5.8288574e+01
   7.5579000e+05   6.4025879e+01
   7.5586300e+05   5.0170898e+01
   7.5589300e+05   4.3273926e+01
   7.5607700e+05   4.4616699e+01
   7.8866900e+05   7.1533203e+01
   7.8883900e+05   4.4921875e+01
   7.8890200e+05   5.0842285e+01
   7.8891800e+05   5.1635742e+01
   7.8897700e+05   5.1086426e+01
   7.8904000e+05   4.3701172e+01
   7.8916500e+05   7.1105957e+01
   7.8920200e+05   4.8950195e+01
   7.8924600e+05   5.0048828e+01
   7.8932300e+05   4.5410156e+01
   8.2573500e+05   6.4697266e+01
   8.2587900e+05   4.6447754e+01
   8.2596400e+05   5.1391602e+01
   8.2605900e+05   4.4494629e+01
   8.2612300e+05   7.7331543e+01
   8.2620800e+05   5.1513672e+01
   8.2631300e+05   4.9865723e+01
   8.2634900e+05   5.7617188e+01
   8.5947800e+05   7.6171875e+01
   8.5967300e+05   4.3945313e+01
   8.5970500e+05   4.5837402e+01
   8.5973100e+05   4.6813965e+01
   8.5980100e+05   5.2246094e+01
   8.5986500e+05   6.0852051e+01
   8.5988100e+05   4.2907715e+01
   8.5992500e+05   4.6020508e+01
   8.5994900e+05   4.4067383e+01
   8.6000200e+05   6.2683105e+01
   8.6004900e+05   4.3334961e+01
   8.6007700e+05   4.3029785e+01
   8.6011400e+05   5.6335449e+01
   8.6032200e+05   4.4311523e+01
   8.6044300e+05   4.2602539e+01
   8.8887300e+05   4.2907715e+01
   8.8891300e+05   4.9621582e+01
   8.8903600e+05   4.6569824e+01
   8.8913800e+05   4.4128418e+01
   8.8922400e+05   5.4992676e+01
   8.8928100e+05   4.8156738e+01
   8.8936000e+05   4.6447754e+01
   8.8946700e+05   5.5541992e+01
   8.8962600e+05   5.1147461e+01
   8.8988300e+05   4.2907715e+01
   9.2806200e+05   4.4128418e+01
   9.2807900e+05   5.1208496e+01
   9.2817400e+05   6.4392090e+01
   9.2841200e+05   5.3039551e+01
   9.2855400e+05   6.0729980e+01
   9.2861300e+05   4.4189453e+01
   9.2864700e+05   5.3283691e+01
   9.7201500e+05   5.7006836e+01
   9.7211800e+05   5.0720215e+01
   9.7222600e+05   4.7302246e+01
   9.7233100e+05   5.8837891e+01
   9.7244100e+05   5.2307129e+01
   9.7249300e+05   4.3090820e+01
   9.7255000e+05   4.3640137e+01
   9.7258600e+05   5.1635742e+01
   9.7275800e+05   4.2846680e+01
   9.7308000e+05   4.4921875e+01
   9.7365400e+05   4.3334961e+01
   1.0155510e+06   5.0415039e+01
   1.0157000e+06   4.5471191e+01
   1.0158360e+06   4.8278809e+01
   1.0158610e+06   6.3354492e+01
   1.0158940e+06   5.4077148e+01
   1.0159140e+06   4.5166016e+01
   1.0160680e+06   4.2785645e+01
   1.0160900e+06   4.9865723e+01
   1.0161070e+06   6.0485840e+01
   1.0162560e+06   5.3344727e+01
   1.0162800e+06   4.5349121e+01
   1.0164140e+06   4.3334961e+01
   1.0669470e+06   5.8044434e+01
   1.0669690e+06   4.3212891e+01
   1.0670730e+06   4.3029785e+01
   1.0671490e+06   5.3466797e+01
   1.0672360e+06   5.2490234e+01
   1.0672740e+06   6.8359375e+01
   1.0673600e+06   5.7312012e+01
   1.0673860e+06   4.9621582e+01
   1.0674360e+06   5.5053711e+01
   1.0674760e+06   4.4006348e+01
   1.0676240e+06   4.8278809e+01
   1.0677690e+06   5.5541992e+01
   1.0677990e+06   5.2001953e+01
   1.6974260e+06   4.8217773e+01
   1.6974690e+06   4.8339844e+01
   1.6975740e+06   5.2978516e+01
   1.6976310e+06   4.4311523e+01
   1.6976680e+06   4.7119141e+01
   1.6977140e+06   7.2265625e+01
   1.6977360e+06   5.8654785e+01
   1.6977500e+06   6.7565918e+01
   1.6977930e+06   5.5725098e+01
   1.6978350e+06   6.8298340e+01
   1.6978780e+06   7.2448730e+01
   1.6978880e+06   7.2814941e+01
   1.6979740e+06   5.2734375e+01
   1.6980220e+06   4.7241211e+01
   1.6992860e+06   4.2663574e+01
   1.8407150e+06   5.7312012e+01
   1.8407280e+06   4.8645020e+01
   1.8408190e+06   4.5898438e+01
   1.8408610e+06   4.7546387e+01
   1.8408830e+06   5.7495117e+01
   1.8409120e+06   5.4260254e+01
   1.8409570e+06   4.7302246e+01
   1.8410070e+06   6.1401367e+01
   1.8410430e+06   4.3884277e+01
   1.8411150e+06   6.4270020e+01
   1.8412000e+06   4.8950195e+01
   1.8412490e+06   6.9946289e+01
   1.8412710e+06   5.2734375e+01
   2.0066710e+06   6.8542480e+01
   2.0067900e+06   5.3344727e+01
   2.0068420e+06   4.7607422e+01
   2.0068650e+06   4.6691895e+01
   2.0069020e+06   4.5471191e+01
   2.0069220e+06   5.3588867e+01
   2.0069430e+06   4.4738770e+01
   2.0069770e+06   7.5988770e+01
   2.0070040e+06   5.9753418e+01
   2.0070290e+06   4.4311523e+01
   2.0070470e+06   4.7790527e+01
   2.0070660e+06   4.7912598e+01
   2.0071230e+06   4.6997070e+01
   2.0071570e+06   6.0913086e+01
   2.0072520e+06   5.2429199e+01
   2.0072820e+06   4.5166016e+01
   2.0073050e+06   6.1035156e+01
   2.0073810e+06   6.7321777e+01
   2.0074040e+06   4.9438477e+01
   2.0089410e+06   4.4006348e+01
   2.1135370e+06   4.7363281e+01
   2.1135880e+06   4.6081543e+01
   2.1136620e+06   5.4260254e+01
   2.1137090e+06   5.6579590e+01
   2.1138190e+06   4.4738770e+01
   2.1138570e+06   8.4228516e+01
   2.1138800e+06   6.4331055e+01
   2.1139140e+06   7.3608398e+01
   2.1139600e+06   4.4799805e+01
   2.1140000e+06   4.7241211e+01
   2.1140870e+06   4.6813965e+01
   2.1141210e+06   4.9377441e+01
   2.1142180e+06   5.6762695e+01
   2.1142510e+06   5.9204102e+01
   2.1143140e+06   4.4860840e+01
   2.1144050e+06   4.4128418e+01
   2.3086240e+06   4.5959473e+01
   2.3086840e+06   4.8095703e+01
   2.3087290e+06   4.5471191e+01
   2.3087570e+06   4.6386719e+01
   2.3088100e+06   4.6081543e+01
   2.3088490e+06   5.2795410e+01
   2.3088960e+06   4.8706055e+01
   2.3089300e+06   6.3049316e+01
   2.3089470e+06   5.1879883e+01
   2.3090150e+06   5.2551270e+01
   2.3090300e+06   4.8217773e+01
   2.3090480e+06   6.6894531e+01
   2.3090680e+06   4.6203613e+01
   2.3091020e+06   6.5246582e+01
   2.3091330e+06   4.3273926e+01
   2.3091900e+06   4.4555664e+01
   2.3092230e+06   4.3579102e+01
   2.3093240e+06   4.2663574e+01
   2.3094070e+06   5.1269531e+01
   2.3099750e+06   4.3579102e+01
   2.4580370e+06   4.5227051e+01
   2.4581380e+06   4.3518066e+01
   2.4582360e+06   4.3029785e+01
   2.4582780e+06   4.8400879e+01
   2.4582900e+06   6.1767578e+01
   2.4583190e+06   7.0556641e+01
   2.4583590e+06   4.5959473e+01
   2.4583860e+06   4.9499512e+01
   2.4584100e+06   4.8095703e+01
   2.4584440e+06   7.6354980e+01
   2.4584600e+06   4.4189453e+01
   2.4585130e+06   4.8950195e+01
   2.4585380e+06   4.6081543e+01
   2.4585740e+06   5.7250977e+01
   2.4586120e+06   4.7973633e+01
   2.4586550e+06   4.5593262e+01
   2.4587130e+06   6.0058594e+01
   2.4588230e+06   5.2551270e+01
   2.4588600e+06   4.3518066e+01
   2.4590430e+06   4.8339844e+01
   2.4611870e+06   4.7302246e+01
   2.4622210e+06   4.3273926e+01
   2.5500540e+06   7.3608398e+01
   2.5501450e+06   4.4006348e+01
   2.5501600e+06   5.4931641e+01
   2.5501910e+06   6.4819336e+01
   2.5502750e+06   5.4016113e+01
   2.5503470e+06   5.0048828e+01
   2.5503620e+06   8.6120605e+01
   2.5504320e+06   4.7973633e+01
   2.5504760e+06   5.4260254e+01
   2.5504900e+06   5.6091309e+01
   2.5505730e+06   5.2612305e+01
   2.5506100e+06   6.4636230e+01
   2.5506290e+06   5.2368164e+01
   2.5507140e+06   4.4982910e+01
   2.6187330e+06   4.6447754e+01
   2.6188000e+06   4.4189453e+01
   2.6188280e+06   4.4738770e+01
   2.6188910e+06   4.4067383e+01
   2.6189250e+06   4.2785645e+01
   2.6189570e+06   5.9387207e+01
   2.6189720e+06   4.4494629e+01
   2.6190080e+06   4.4860840e+01
   2.6190360e+06   4.5715332e+01
   2.6190690e+06   4.7912598e+01
   2.6191410e+06   4.9743652e+01
   2.6192170e+06   7.2143555e+01
   2.6192510e+06   4.6875000e+01
   2.6193070e+06   4.5715332e+01
   2.6193270e+06   5.4077148e+01
   2.6193900e+06   4.4128418e+01
   2.6740130e+06   7.2509766e+01
   2.6741550e+06   5.6152344e+01
   2.6742180e+06   4.5227051e+01
   2.6742400e+06   4.7729492e+01
   2.6742750e+06   4.6203613e+01
   2.6743110e+06   4.3762207e+01
   2.6743350e+06   4.5654297e+01
   2.6743710e+06   5.5297852e+01
   2.6744720e+06   4.8339844e+01
   2.6744820e+06   6.0729980e+01
   2.6745100e+06   5.7678223e+01
   2.6745290e+06   5.0598145e+01
   2.6746050e+06   5.1696777e+01
   2.6746820e+06   5.6152344e+01
   2.6748120e+06   4.6386719e+01
   2.7171090e+06   5.6030273e+01
   2.7172760e+06   7.4096680e+01
   2.7173010e+06   5.0170898e+01
   2.7173360e+06   5.2612305e+01
   2.7173770e+06   6.0668945e+01
   2.7173970e+06   5.2307129e+01
   2.7174220e+06   4.5043945e+01
   2.7174820e+06   4.5959473e+01
   2.7175060e+06   5.9387207e+01
   2.7175330e+06   4.6264648e+01
   2.7176120e+06   4.4189453e+01
   2.7176460e+06   7.0190430e+01
   2.7177880e+06   4.5776367e+01
   2.7455050e+06   6.7565918e+01
   2.7455890e+06   5.2368164e+01
   2.7456240e+06   5.6335449e+01
   2.7456610e+06   4.3395996e+01
   2.7457320e+06   4.3029785e+01
   2.7457760e+06   4.6203613e+01
   2.7458060e+06   5.9814453e+01
   2.7459140e+06   7.4890137e+01
   2.7459400e+06   7.0007324e+01
   2.7459820e+06   4.9316406e+01
   2.7460710e+06   5.3344727e+01
   2.7461480e+06   5.9997559e+01
   2.7461720e+06   5.4809570e+01
   2.7463180e+06   4.8522949e+01
   2.7805780e+06   4.9865723e+01
   2.7806840e+06   4.5593262e+01
   2.7807670e+06   4.3945313e+01
   2.7808180e+06   5.8593750e+01
   2.7808710e+06   5.7495117e+01
   2.7808960e+06   5.5053711e+01
   2.7809590e+06   4.2663574e+01
   2.7809980e+06   4.7485352e+01
   2.7810440e+06   4.7851563e+01
   2.7812120e+06   4.4982910e+01
   2.7812440e+06   4.4494629e+01
   2.7812970e+06   5.4382324e+01
   2.7814210e+06   4.4921875e+01
   2.8108670e+06   5.0659180e+01
   2.8109390e+06   4.9072266e+01
   2.8110560e+06   6.5185547e+01
   2.8111590e+06   4.6508789e+01
   2.8111720e+06   7.9406738e+01
   2.8112530e+06   4.8767090e+01
   2.8112800e+06   5.0476074e+01
   2.8113250e+06   4.6691895e+01
   2.8114860e+06   4.2846680e+01
   2.8380080e+06   4.6813965e+01
   2.8381520e+06   5.4016113e+01
   2.8382050e+06   5.6518555e+01
   2.8384100e+06   5.6640625e+01
   2.8384560e+06   4.9438477e+01
   2.8384870e+06   5.0170898e+01
   2.8385350e+06   5.2429199e+01
   2.8388330e+06   4.3273926e+01
   2.8662220e+06   5.2734375e+01
   2.8663300e+06   4.4433594e+01
   2.8665340e+06   4.8339844e+01
   2.8666260e+06   4.7668457e+01
   2.8666900e+06   5.3649902e+01
   2.8667280e+06   4.4616699e+01
   2.8668050e+06   4.6142578e+01
   2.8668500e+06   5.3771973e+01
   2.8669060e+06   4.3457031e+01
   2.8670740e+06   4.2663574e+01
   2.8671670e+06   4.7058105e+01
   2.8937150e+06   5.4077148e+01
   2.8938910e+06   4.2663574e+01
   2.8940110e+06   4.4982910e+01
   2.8940460e+06   5.7495117e+01
   2.8940730e+06   4.8950195e+01
   2.8941170e+06   5.1513672e+01
   2.8941830e+06   5.3710938e+01
   2.8942460e+06   7.8674316e+01
   2.8942630e+06   6.0668945e+01
   2.8943010e+06   5.1025391e+01
   2.8946540e+06   4.4921875e+01
   2.9207240e+06   5.5114746e+01
   2.9207580e+06   4.7180176e+01
   2.9209270e+06   5.4016113e+01
   2.9209730e+06   5.4016113e+01
   2.9210440e+06   4.7058105e+01
   2.9210760e+06   7.3974609e+01
   2.9214690e+06   4.5288086e+01
   2.9215290e+06   5.2062988e+01
   2.9504710e+06   4.6081543e+01
   2.9506380e+06   4.7180176e+01
   2.9507810e+06   6.6040039e+01
   2.9508220e+06   7.1166992e+01
   2.9509330e+06   4.7607422e+01
   2.9510320e+06   4.6752930e+01
   2.9766440e+06   4.9926758e+01
   2.9768120e+06   5.1635742e+01
   2.9768870e+06   4.9804688e+01
   2.9770270e+06   5.9631348e+01
   2.9770860e+06   6.3232422e+01
   2.9775190e+06   5.1757813e+01
   3.0047360e+06   4.5898438e+01
   3.0049340e+06   4.7607422e+01
   3.0050270e+06   4.8339844e+01
   3.0050860e+06   5.3039551e+01
   3.0051060e+06   4.7973633e+01
   3.0051600e+06   7.4890137e+01
   3.0052990e+06   4.4860840e+01
   3.0390710e+06   4.8706055e+01
   3.0391060e+06   4.3579102e+01
   3.0391630e+06   4.9499512e+01
   3.0392360e+06   6.4941406e+01
   3.0393180e+06   5.2368164e+01
   3.0393560e+06   6.6406250e+01
   3.0394450e+06   4.5227051e+01
   3.0679850e+06   4.5288086e+01
   3.0681840e+06   5.0231934e+01
   3.0682120e+06   5.1025391e+01
   3.0682600e+06   4.4189453e+01
   3.0682830e+06   5.6457520e+01
   3.0683040e+06   4.6447754e+01
   3.0683820e+06   4.4738770e+01
   3.0684090e+06   4.5410156e+01
   3.0684890e+06   4.6875000e+01
   3.0685290e+06   7.3547363e+01
   3.0686300e+06   5.0354004e+01
   3.1140060e+06   4.4128418e+01
   3.1141350e+06   4.2907715e+01
   3.1141720e+06   4.7424316e+01
   3.1142400e+06   5.6884766e+01
   3.1142700e+06   4.3273926e+01
   3.1142950e+06   4.3212891e+01
   3.1143350e+06   4.3823242e+01
   3.1143600e+06   4.4067383e+01
   3.1144150e+06   5.0781250e+01
   3.1144570e+06   6.6101074e+01
   3.1146790e+06   4.4799805e+01
   3.1147230e+06   4.3334961e+01
   3.1147540e+06   5.5725098e+01
   3.1156370e+06   4.5715332e+01
   3.2177300e+06   5.3894043e+01
   3.2177610e+06   4.3273926e+01
   3.2178440e+06   6.5673828e+01
   3.2179660e+06   4.9133301e+01
   3.2180020e+06   5.9875488e+01
   3.2180690e+06   4.4311523e+01
   3.2181150e+06   4.4616699e+01
   3.2181540e+06   6.0180664e+01
   3.2181780e+06   5.9570313e+01
   3.2182400e+06   4.2602539e+01
   3.2182830e+06   4.5104980e+01
   3.2184230e+06   6.3964844e+01
   3.2765700e+06   6.1218262e+01
   3.2766730e+06   4.8095703e+01
   3.2767960e+06   7.8674316e+01
   3.2768140e+06   4.4616699e+01
   3.2768380e+06   4.5959473e+01
   3.2768590e+06   4.9804688e+01
   3.2768920e+06   7.0068359e+01
   3.2769090e+06   7.1289063e+01
   3.2769610e+06   5.0964355e+01
   3.2769710e+06   7.6232910e+01
   3.2770150e+06   7.3059082e+01
   3.2770340e+06   4.3701172e+01
   3.2771410e+06   5.9326172e+01
   3.2771820e+06   4.9255371e+01
   3.2772990e+06   4.8828125e+01
   3.6287720e+06   6.5185547e+01
   3.6288130e+06   4.8889160e+01
   3.6289140e+06   5.1818848e+01
   3.6289490e+06   4.6325684e+01
   3.6289670e+06   5.4321289e+01
   3.6289880e+06   4.4250488e+01
   3.6290200e+06   5.2490234e+01
   3.6290480e+06   8.8623047e+01
   3.6290880e+06   6.1584473e+01
   3.6291450e+06   5.7678223e+01
   3.6293860e+06   4.3457031e+01
   3.6294980e+06   4.5166016e+01
   3.6296840e+06   4.6875000e+01
   3.6307990e+06   5.2917480e+01
   3.8258310e+06   6.6894531e+01
   3.8258620e+06   6.3415527e+01
   3.8259600e+06   5.0659180e+01
   3.8259770e+06   4.3823242e+01
   3.8260390e+06   4.2846680e+01
   3.8260610e+06   4.6020508e+01
   3.8261140e+06   8.3129883e+01
   3.8261630e+06   6.2500000e+01
   3.8262190e+06   5.4382324e+01
   3.8262330e+06   4.2724609e+01
   3.8262760e+06   5.4748535e+01
   3.8262960e+06   4.9255371e+01
   3.8263250e+06   5.8532715e+01
   3.8263760e+06   5.9936523e+01
   3.8264070e+06   7.1350098e+01
   3.8265350e+06   4.2602539e+01
   3.8268000e+06   4.9377441e+01
   3.8758100e+06   5.2734375e+01
   3.8759520e+06   5.8166504e+01
   3.8760240e+06   4.5288086e+01
   3.8760560e+06   5.5603027e+01
   3.8760700e+06   4.7241211e+01
   3.8760970e+06   6.1096191e+01
   3.8761220e+06   5.2734375e+01
   3.8761460e+06   6.6894531e+01
   3.8762050e+06   4.9194336e+01
   3.8762430e+06   5.2673340e+01
   3.8763140e+06   5.5480957e+01
   3.8763940e+06   4.4433594e+01
   3.8764630e+06   4.8950195e+01
   3.8765120e+06   4.9987793e+01
   3.8767660e+06   4.5410156e+01
   3.9294820e+06   4.3762207e+01
   3.9295320e+06   4.8400879e+01
   3.9296400e+06   5.1513672e+01
   3.9296710e+06   4.4555664e+01
   3.9297020e+06   5.2429199e+01
   3.9297260e+06   6.2194824e+01
   3.9297750e+06   6.5063477e+01
   3.9298100e+06   7.0251465e+01
   3.9298230e+06   6.4941406e+01
   3.9298510e+06   7.1594238e+01
   3.9298930e+06   4.8583984e+01
   3.9299400e+06   4.7790527e+01
   3.9300100e+06   5.9387207e+01
   3.9300620e+06   5.8471680e+01
   3.9301150e+06   4.4860840e+01
   3.9301370e+06   4.9011230e+01
   3.9303100e+06   5.5297852e+01
   3.9306310e+06   4.8156738e+01
   3.9715240e+06   6.3232422e+01
   3.9717490e+06   4.7729492e+01
   3.9717950e+06   4.3212891e+01
   3.9718450e+06   5.2917480e+01
   3.9718790e+06   5.0964355e+01
   3.9720150e+06   5.2490234e+01
   3.9721720e+06   4.7668457e+01
   3.9721950e+06   5.1574707e+01
   3.9722640e+06   4.8400879e+01
   3.9723010e+06   4.4006348e+01
   3.9726310e+06   4.3579102e+01
   4.0186890e+06   5.1879883e+01
   4.0187460e+06   4.4311523e+01
   4.0188510e+06   4.6142578e+01
   4.0188670e+06   5.1818848e+01
   4.0189840e+06   5.3955078e+01
   4.0190040e+06   5.6335449e+01
   4.0190470e+06   4.8461914e+01
   4.0191000e+06   4.5837402e+01
   4.0191170e+06   4.4372559e+01
   4.0191950e+06   4.2785645e+01
   4.0192170e+06   4.9133301e+01
   4.0192540e+06   5.6335449e+01
   4.0192670e+06   4.4433594e+01
   4.0193040e+06   4.4799805e+01
   4.0193660e+06   5.3955078e+01
   4.0193860e+06   5.4382324e+01
   4.0194760e+06   4.5776367e+01
   4.0195960e+06   4.9072266e+01
   4.0513850e+06   5.9509277e+01
   4.0516500e+06   4.7668457e+01
   4.0517230e+06   4.7058105e+01
   4.0517340e+06   4.9621582e+01
   4.0518430e+06   5.2734375e+01
   4.0518720e+06   4.8828125e+01
   4.0519390e+06   4.2907715e+01
   4.0520360e+06   5.1513672e+01
   4.0520510e+06   5.3283691e+01
   4.0523070e+06   4.2602539e+01
   4.0524420e+06   4.6691895e+01
   4.0791780e+06   4.8889160e+01
   4.0792200e+06   6.7932129e+01
   4.0792380e+06   4.4006348e+01
   4.0792900e+06   4.2724609e+01
   4.0793440e+06   5.3527832e+01
   4.0794260e+06   4.4494629e+01
   4.0794590e+06   4.8156738e+01
   4.0794730e+06   4.8828125e+01
   4.0795790e+06   4.2724609e+01
   4.0796080e+06   4.3762207e+01
   4.0798330e+06   4.3090820e+01
   4.0800730e+06   4.2846680e+01
   4.0803250e+06   4.3762207e+01
   4.1100660e+06   4.5715332e+01
   4.1102590e+06   4.4921875e+01
   4.1102730e+06   4.3029785e+01
   4.1103010e+06   4.2785645e+01
   4.1103530e+06   4.8583984e+01
   4.1104250e+06   4.5104980e+01
   4.1105280e+06   4.4677734e+01
   4.1106080e+06   5.4748535e+01
   4.1106600e+06   4.2785645e+01
   4.1106930e+06   4.4555664e+01
   4.1107270e+06   4.6508789e+01
   4.1108060e+06   5.1635742e+01
   4.1426870e+06   5.1452637e+01
   4.1429030e+06   4.5959473e+01
   4.1429170e+06   5.4870605e+01
   4.1429940e+06   6.0363770e+01
   4.1430200e+06   5.5358887e+01
   4.1430780e+06   4.9316406e+01
   4.1431180e+06   4.3640137e+01
   4.1431280e+06   4.3457031e+01
   4.1431570e+06   4.6447754e+01
   4.1432740e+06   4.8156738e+01
   4.1434140e+06   5.0354004e+01
   4.1436880e+06   4.2663574e+01
   4.1677800e+06   4.9987793e+01
   4.1679390e+06   5.2551270e+01
   4.1680710e+06   5.1147461e+01
   4.1681690e+06   4.7790527e+01
   4.1682260e+06   5.3833008e+01
   4.1682600e+06   4.2907715e+01
   4.1683320e+06   6.3537598e+01
   4.1684320e+06   4.6752930e+01
   4.2006650e+06   4.7424316e+01
   4.2008110e+06   4.6569824e+01
   4.2009110e+06   4.9194336e+01
   4.2010040e+06   4.2907715e+01
   4.2010170e+06   6.2255859e+01
   4.2010490e+06   4.6813965e+01
   4.2013430e+06   5.0964355e+01
   4.2013910e+06   4.4311523e+01
   4.2014720e+06   4.2602539e+01
   4.2304220e+06   4.5288086e+01
   4.2307280e+06   4.6020508e+01
   4.2307680e+06   5.1330566e+01
   4.2308060e+06   4.7119141e+01
   4.2308840e+06   5.4260254e+01
   4.2309250e+06   4.7485352e+01
   4.2309720e+06   4.4250488e+01
   4.2313000e+06   4.3151855e+01
   4.2317780e+06   4.3884277e+01
   4.2615150e+06   5.2185059e+01
   4.2616590e+06   5.7617188e+01
   4.2618590e+06   4.6203613e+01
   4.2619760e+06   5.5053711e+01
   4.2620920e+06   5.3894043e+01
   4.2621690e+06   4.4067383e+01
   4.2622390e+06   5.2062988e+01
   4.2622890e+06   4.4372559e+01
   4.2625520e+06   4.8461914e+01
   4.2947810e+06   5.7739258e+01
   4.2948950e+06   4.7973633e+01
   4.2950320e+06   5.5114746e+01
   4.2950590e+06   4.3884277e+01
   4.2951090e+06   4.5349121e+01
   4.2951500e+06   4.7851563e+01
   4.2952060e+06   4.6386719e+01
   4.3406240e+06   4.2846680e+01
   4.3408220e+06   5.9143066e+01
   4.3409310e+06   5.9204102e+01
   4.3409570e+06   5.1574707e+01
   4.3409870e+06   4.7058105e+01
   4.3410220e+06   4.6997070e+01
   4.3410530e+06   5.2124023e+01
   4.3410970e+06   4.3090820e+01
   4.3411450e+06   5.3405762e+01
   4.3411580e+06   4.9011230e+01
   4.3411990e+06   4.5043945e+01
   4.3826900e+06   5.0170898e+01
   4.3827030e+06   4.6264648e+01
   4.3828590e+06   4.8950195e+01
   4.3828910e+06   6.1157227e+01
   4.3829900e+06   4.3823242e+01
   4.3830500e+06   4.8034668e+01
   4.3830870e+06   4.6081543e+01
   4.3831440e+06   5.5236816e+01
   4.3832070e+06   4.4555664e+01
   4.3833830e+06   5.8288574e+01
   4.3834080e+06   4.4799805e+01
   4.3834600e+06   4.4067383e+01
   4.3836180e+06   4.5715332e+01
   4.3839150e+06   4.2968750e+01
   4.3839550e+06   4.3090820e+01
   4.4302280e+06   4.9560547e+01
   4.4303540e+06   4.3762207e+01
   4.4304360e+06   4.7790527e+01
   4.4304470e+06   5.1574707e+01
   4.4306090e+06   4.6142578e+01
   4.4306870e+06   5.0781250e+01
   4.4307000e+06   4.2602539e+01
   4.4307510e+06   4.9255371e+01
   4.4308320e+06   4.5532227e+01
   4.4308800e+06   4.7851563e+01
   4.4309170e+06   4.4555664e+01
   4.4309720e+06   5.2551270e+01
   4.4310130e+06   4.8461914e+01
   4.4311870e+06   4.3945313e+01
   4.4743350e+06   4.6020508e+01
   4.4744750e+06   4.2602539e+01
   4.4745820e+06   4.3823242e+01
   4.4746370e+06   4.2907715e+01
   4.4746730e+06   6.7687988e+01
   4.4746830e+06   4.3823242e+01
   4.4748140e+06   4.6325684e+01
   4.4748390e+06   4.5654297e+01
   4.4748630e+06   4.3151855e+01
   4.4749170e+06   4.6020508e+01
   4.4749810e+06   5.1452637e+01
   4.4750650e+06   4.6569824e+01
   4.4751340e+06   5.1574707e+01
   4.5277840e+06   5.1757813e+01
   4.5279320e+06   4.3518066e+01
   4.5279980e+06   4.3701172e+01
   4.5280330e+06   4.3579102e+01
   4.5281330e+06   6.3842773e+01
   4.5281530e+06   4.6508789e+01
   4.5282310e+06   5.3161621e+01
   4.5282720e+06   6.3842773e+01
   4.5283150e+06   4.4921875e+01
   4.5283450e+06   4.5166016e+01
   4.5285430e+06   4.3884277e+01
   5.1021630e+06   4.8645020e+01
   5.1022310e+06   5.4138184e+01
   5.1023050e+06   4.7912598e+01
   5.1023340e+06   4.5227051e+01
   5.1023590e+06   4.7851563e+01
   5.1024140e+06   8.3862305e+01
   5.1024430e+06   4.8950195e+01
   5.1024630e+06   5.6152344e+01
   5.1025130e+06   6.8115234e+01
   5.1025250e+06   4.6752930e+01
   5.1025660e+06   5.5725098e+01
   5.1025760e+06   5.6213379e+01
   5.1026730e+06   4.4860840e+01
   5.1027260e+06   4.9865723e+01
   5.1030120e+06   4.8156738e+01
   5.2281490e+06   4.2846680e+01
   5.2282450e+06   6.5246582e+01
   5.2284170e+06   6.4758301e+01
   5.2284470e+06   5.0537109e+01
   5.2285100e+06   5.0964355e+01
   5.2285320e+06   5.8044434e+01
   5.2285520e+06   5.8227539e+01
   5.2286300e+06   7.9772949e+01
   5.2286740e+06   6.1584473e+01
   5.2287160e+06   4.4738770e+01
   5.2287530e+06   4.9926758e+01
   5.2288010e+06   7.5073242e+01
   5.2288120e+06   4.7302246e+01
   5.2288690e+06   4.7485352e+01
   5.2288980e+06   5.2246094e+01
   5.2289980e+06   6.2133789e+01
   5.3717860e+06   4.2846680e+01
   5.3719090e+06   5.9204102e+01
   5.3719540e+06   5.5480957e+01
   5.3720140e+06   4.4006348e+01
   5.3720630e+06   5.2612305e+01
   5.3721040e+06   4.9072266e+01
   5.3721600e+06   8.3312988e+01
   5.3722280e+06   4.2724609e+01
   5.3722510e+06   6.8359375e+01
   5.3723100e+06   5.1330566e+01
   5.3723420e+06   4.4189453e+01
   5.3723570e+06   6.2011719e+01
   5.3723780e+06   8.2092285e+01
   5.3724070e+06   4.5227051e+01
   5.3724310e+06   5.9204102e+01
   5.3725050e+06   6.0180664e+01
   5.3725730e+06   5.3100586e+01
   5.3726120e+06   4.7485352e+01
   5.3744080e+06   4.3640137e+01
   5.4199420e+06   4.5898438e+01
   5.4200450e+06   5.3100586e+01
   5.4200760e+06   5.7006836e+01
   5.4201200e+06   4.3212891e+01
   5.4201350e+06   6.0485840e+01
   5.4201940e+06   5.0842285e+01
   5.4202700e+06   4.3212891e+01
   5.4203140e+06   4.3762207e+01
   5.4203320e+06   4.7180176e+01
   5.4203660e+06   4.9621582e+01
   5.4203910e+06   4.4799805e+01
   5.4204300e+06   4.6386719e+01
   5.4205330e+06   4.9804688e+01
   5.4205640e+06   6.0729980e+01
   5.4205810e+06   4.8889160e+01
   5.4206500e+06   4.4738770e+01
   5.4206750e+06   5.1757813e+01
   5.5000640e+06   6.3537598e+01
   5.5000910e+06   5.8044434e+01
   5.5001780e+06   5.1757813e+01
   5.5002280e+06   5.4748535e+01
   5.5002570e+06   4.8706055e+01
   5.5003410e+06   4.3090820e+01
   5.5003700e+06   4.9560547e+01
   5.5004090e+06   4.6813965e+01
   5.5004440e+06   5.0903320e+01
   5.5004720e+06   5.2368164e+01
   5.5005590e+06   5.4016113e+01
   5.5005860e+06   6.8298340e+01
   5.5006190e+06   5.5847168e+01
   5.5006470e+06   4.6142578e+01
   5.5007240e+06   4.9865723e+01
   5.5007570e+06   6.2255859e+01
   5.5017660e+06   4.4250488e+01
   5.5376230e+06   6.9885254e+01
   5.5377640e+06   4.9438477e+01
   5.5378520e+06   5.1574707e+01
   5.5378810e+06   4.5837402e+01
   5.5379270e+06   5.5603027e+01
   5.5379810e+06   4.2968750e+01
   5.5379980e+06   6.5124512e+01
   5.5380460e+06   5.1330566e+01
   5.5381330e+06   4.8706055e+01
   5.5381830e+06   4.3579102e+01
   5.5382430e+06   5.7678223e+01
   5.5382870e+06   4.2846680e+01
   5.5383860e+06   4.3029785e+01
   5.5384990e+06   4.3945313e+01
   5.5385580e+06   4.5715332e+01
   5.5385950e+06   4.9255371e+01
   5.5394590e+06   5.0598145e+01
   5.5769940e+06   5.7373047e+01
   5.5771450e+06   6.4147949e+01
   5.5772350e+06   5.4504395e+01
   5.5772450e+06   4.9316406e+01
   5.5773130e+06   4.6569824e+01
   5.5773380e+06   4.4677734e+01
   5.5774360e+06   5.8166504e+01
   5.5774500e+06   6.3842773e+01
   5.5774840e+06   4.6386719e+01
   5.5775180e+06   4.6386719e+01
   5.5775620e+06   6.6406250e+01
   5.5776390e+06   4.7729492e+01
   5.5778220e+06   4.4250488e+01
   5.5778820e+06   4.5715332e+01
   5.5780400e+06   4.3579102e+01
   5.6054840e+06   5.5297852e+01
   5.6056630e+06   4.4433594e+01
   5.6057660e+06   4.8583984e+01
   5.6058450e+06   5.9082031e+01
   5.6059840e+06   4.3762207e+01
   5.6060850e+06   4.2968750e+01
   5.6061050e+06   4.8767090e+01
   5.6061630e+06   4.5043945e+01
   5.6065950e+06   4.4372559e+01
   5.6297280e+06   6.8908691e+01
   5.6301740e+06   4.3945313e+01
   5.6303430e+06   4.4555664e+01
   5.6303960e+06   4.3090820e+01
   5.6305380e+06   6.0913086e+01
   5.6305880e+06   4.4433594e+01
   5.6306210e+06   5.1879883e+01
   5.6306540e+06   4.4982910e+01
   5.6311180e+06   4.3090820e+01
   5.6558930e+06   4.7729492e+01
   5.6559230e+06   5.4687500e+01
   5.6560700e+06   4.5959473e+01
   5.6561710e+06   5.1452637e+01
   5.6562140e+06   4.5166016e+01
   5.6562400e+06   4.7546387e+01
   5.6563550e+06   6.1218262e+01
   5.6563860e+06   4.9865723e+01
   5.6564130e+06   5.1635742e+01
   5.6564330e+06   6.3537598e+01
   5.6565280e+06   4.3762207e+01
   5.6566190e+06   5.0292969e+01
   5.6566490e+06   4.9743652e+01
   5.6568420e+06   4.3090820e+01
   5.6820110e+06   4.4250488e+01
   5.6821980e+06   4.5532227e+01
   5.6824370e+06   4.5410156e+01
   5.6824740e+06   7.0373535e+01
   5.6826090e+06   5.2124023e+01
   5.6827800e+06   5.2978516e+01
   5.6829450e+06   4.7668457e+01
   5.7060210e+06   5.2368164e+01
   5.7063800e+06   5.1818848e+01
   5.7064410e+06   4.6203613e+01
   5.7064960e+06   5.3222656e+01
   5.7066140e+06   4.6264648e+01
   5.7066570e+06   5.3283691e+01
   5.7070570e+06   4.4921875e+01
   5.7329770e+06   5.0292969e+01
   5.7333620e+06   4.3090820e+01
   5.7334200e+06   4.7912598e+01
   5.7336670e+06   4.5532227e+01
   5.7337070e+06   4.5654297e+01
   5.7337460e+06   4.5776367e+01
   5.7338050e+06   4.3151855e+01
   5.7344350e+06   4.4433594e+01
   5.7575380e+06   4.4494629e+01
   5.7575920e+06   5.5725098e+01
   5.7576370e+06   5.4748535e+01
   5.7577390e+06   4.5898438e+01
   5.7579220e+06   4.4189453e+01
   5.7587810e+06   4.5532227e+01
   5.7911660e+06   4.8400879e+01
   5.7913250e+06   5.2856445e+01
   5.7913510e+06   4.5104980e+01
   5.7914190e+06   4.2968750e+01
   5.7914660e+06   4.3701172e+01
   5.7915110e+06   4.6569824e+01
   5.7915290e+06   5.1879883e+01
   5.7915570e+06   6.7810059e+01
   5.7916480e+06   4.9316406e+01
   5.7917780e+06   4.6142578e+01
   5.7918140e+06   6.2011719e+01
   5.7920720e+06   5.0903320e+01
   5.8213130e+06   4.9560547e+01
   5.8214830e+06   4.3762207e+01
   5.8215010e+06   4.9560547e+01
   5.8216340e+06   6.1523438e+01
   5.8216700e+06   4.5166016e+01
   5.8216960e+06   4.3151855e+01
   5.8217360e+06   5.3588867e+01
   5.8218320e+06   5.3161621e+01
   5.8218600e+06   6.1340332e+01
   5.8218870e+06   4.6508789e+01
   5.8507700e+06   7.2937012e+01
   5.8509330e+06   5.0598145e+01
   5.8511010e+06   4.4738770e+01
   5.8512090e+06   5.2673340e+01
   5.8512470e+06   4.5104980e+01
   5.8514430e+06   4.3762207e+01
   5.8514700e+06   4.9255371e+01
   5.8516800e+06   4.3212891e+01
   5.8521400e+06   4.2846680e+01
   5.8963040e+06   5.1086426e+01
   5.8964590e+06   4.6936035e+01
   5.8965030e+06   4.3029785e+01
   5.8966450e+06   4.6875000e+01
   5.8968440e+06   4.4433594e+01
   5.8969020e+06   4.4250488e+01
   5.8969760e+06   5.0842285e+01
   5.9392990e+06   6.3171387e+01
   5.9394380e+06   5.2978516e+01
   5.9394820e+06   4.8522949e+01
   5.9396610e+06   5.8654785e+01
   5.9396960e+06   5.1574707e+01
   5.9398060e+06   4.7058105e+01
   5.9398590e+06   4.2785645e+01
   5.9398980e+06   5.7617188e+01
   5.9399970e+06   4.9499512e+01
   5.9400260e+06   4.8400879e+01
   5.9403330e+06   4.8645020e+01
   5.9840660e+06   4.2663574e+01
   5.9842400e+06   4.8950195e+01
   5.9843190e+06   4.5471191e+01
   5.9844300e+06   4.6936035e+01
   5.9845050e+06   4.3273926e+01
   5.9845490e+06   5.2978516e+01
   5.9845670e+06   4.4982910e+01
   6.0325020e+06   6.1950684e+01
   6.0326670e+06   4.6325684e+01
   6.0327890e+06   6.1340332e+01
   6.0329070e+06   4.8278809e+01
   6.0329270e+06   5.1452637e+01
   6.0330130e+06   5.6945801e+01
   6.0330480e+06   4.7912598e+01
   6.0330620e+06   5.1269531e+01
   6.0330990e+06   4.4799805e+01
   6.0332830e+06   4.7058105e+01
   6.0333180e+06   4.3151855e+01
   6.0335360e+06   4.4311523e+01
   6.0837830e+06   4.3884277e+01
   6.0838640e+06   5.4992676e+01
   6.0839290e+06   4.3884277e+01
   6.0839670e+06   4.9560547e+01
   6.0840480e+06   4.9194336e+01
   6.0841090e+06   4.9377441e+01
   6.0841900e+06   4.2663574e+01
   6.0842140e+06   5.4016113e+01
   6.0842590e+06   5.4809570e+01
   6.0843530e+06   5.0720215e+01
   6.0844250e+06   4.7058105e+01
   6.0844460e+06   5.1940918e+01
   6.0844770e+06   4.5166016e+01
   6.5405730e+06   4.5959473e+01
   6.5406040e+06   4.6569824e+01
   6.5406630e+06   4.2785645e+01
   6.5406950e+06   6.5856934e+01
   6.5407280e+06   5.0292969e+01
   6.5407630e+06   8.3618164e+01
   6.5409010e+06   5.8227539e+01
   6.5409440e+06   4.6386719e+01
   6.5409820e+06   4.6020508e+01
   6.5410360e+06   5.4199219e+01
   6.5411690e+06   5.8166504e+01
   6.5412820e+06   4.2968750e+01
   6.7729460e+06   5.9143066e+01
   6.7730430e+06   7.2265625e+01
   6.7730950e+06   4.4067383e+01
   6.7731240e+06   4.8400879e+01
   6.7731720e+06   6.4941406e+01
   6.7732190e+06   8.5083008e+01
   6.7732530e+06   6.1157227e+01
   6.7732730e+06   4.5837402e+01
   6.7732920e+06   5.0720215e+01
   6.7733380e+06   5.3527832e+01
   6.7733740e+06   5.9020996e+01
   6.7734030e+06   7.1716309e+01
   6.7734300e+06   5.4321289e+01
   6.7734750e+06   6.1279297e+01
   6.7735000e+06   5.4321289e+01
   6.8732710e+06   5.7312012e+01
   6.8734650e+06   4.3395996e+01
   6.8735270e+06   4.8461914e+01
   6.8735790e+06   5.5175781e+01
   6.8736140e+06   7.0312500e+01
   6.8736710e+06   8.0444336e+01
   6.8737030e+06   6.1645508e+01
   6.8737370e+06   5.2124023e+01
   6.8737980e+06   7.0983887e+01
   6.8738700e+06   5.3222656e+01
   6.8739070e+06   4.6875000e+01
   6.8739290e+06   4.5227051e+01
   6.8739550e+06   4.5410156e+01
   6.8739700e+06   4.5654297e+01
   6.8740640e+06   4.5288086e+01
   6.8741500e+06   4.7851563e+01
   6.9326550e+06   4.5166016e+01
   6.9327210e+06   5.2551270e+01
   6.9327520e+06   4.4372559e+01
   6.9327750e+06   5.4382324e+01
   6.9328320e+06   4.7302246e+01
   6.9329130e+06   5.0720215e+01
   6.9329330e+06   4.3884277e+01
   6.9330300e+06   5.7922363e+01
   6.9330900e+06   5.7312012e+01
   6.9331250e+06   4.5532227e+01
   6.9331440e+06   8.1726074e+01
   6.9332090e+06   5.3833008e+01
   6.9332610e+06   5.6152344e+01
   6.9333000e+06   4.9133301e+01
   6.9336110e+06   4.5959473e+01
   6.9926380e+06   4.9438477e+01
   6.9926950e+06   5.6030273e+01
   6.9927820e+06   4.3884277e+01
   6.9928050e+06   5.4992676e+01
   6.9928960e+06   4.6264648e+01
   6.9929540e+06   4.8339844e+01
   6.9929830e+06   5.4260254e+01
   6.9930500e+06   6.9091797e+01
   6.9930700e+06   4.4006348e+01
   6.9931110e+06   6.4453125e+01
   6.9931940e+06   4.5349121e+01
   6.9932300e+06   7.4645996e+01
   6.9932520e+06   5.7006836e+01
   6.9932760e+06   6.7993164e+01
   6.9933050e+06   6.9274902e+01
   6.9933290e+06   6.5063477e+01
   6.9933660e+06   4.8034668e+01
   6.9934200e+06   4.3029785e+01
   6.9935300e+06   4.4677734e+01
   6.9960440e+06   4.8583984e+01
   7.0361090e+06   4.4311523e+01
   7.0362660e+06   5.3833008e+01
   7.0363210e+06   4.9255371e+01
   7.0363860e+06   5.5480957e+01
   7.0364630e+06   4.7241211e+01
   7.0364780e+06   4.7058105e+01
   7.0365220e+06   4.5898438e+01
   7.0366220e+06   4.4433594e+01
   7.0367150e+06   4.4372559e+01
   7.0367520e+06   5.1757813e+01
   7.0368900e+06   4.5654297e+01
   7.0369130e+06   4.9255371e+01
   7.0370030e+06   4.3579102e+01
   7.0370920e+06   4.2602539e+01
   7.0373670e+06   4.6203613e+01
   7.0770030e+06   4.5532227e+01
   7.0771550e+06   5.3527832e+01
   7.0771660e+06   5.4382324e+01
   7.0772350e+06   4.2602539e+01
   7.0772840e+06   5.2246094e+01
   7.0772970e+06   4.3701172e+01
   7.0773610e+06   6.1523438e+01
   7.0773820e+06   4.4372559e+01
   7.0774630e+06   8.3190918e+01
   7.0775020e+06   5.9020996e+01
   7.0776230e+06   4.6447754e+01
   7.0776680e+06   5.4016113e+01
   7.0777410e+06   4.3823242e+01
   7.0778030e+06   5.6030273e+01
   7.0778720e+06   4.8828125e+01
   7.0779610e+06   4.3212891e+01
   7.1065110e+06   5.3894043e+01
   7.1065700e+06   4.9499512e+01
   7.1066200e+06   5.1696777e+01
   7.1066510e+06   4.4250488e+01
   7.1066970e+06   4.3884277e+01
   7.1067660e+06   4.3395996e+01
   7.1068320e+06   4.8400879e+01
   7.1068860e+06   6.4270020e+01
   7.1069200e+06   7.0129395e+01
   7.1069590e+06   4.5166016e+01
   7.1070840e+06   4.9011230e+01
   7.1072360e+06   4.3640137e+01
   7.1072750e+06   6.1401367e+01
   7.1073460e+06   5.1391602e+01
   7.1082100e+06   4.4616699e+01
   7.1349770e+06   5.6823730e+01
   7.1350350e+06   4.4555664e+01
   7.1351500e+06   5.3039551e+01
   7.1352210e+06   4.7424316e+01
   7.1352820e+06   5.1452637e+01
   7.1352920e+06   4.4555664e+01
   7.1353220e+06   4.6691895e+01
   7.1353800e+06   4.2724609e+01
   7.1353980e+06   5.5786133e+01
   7.1355050e+06   4.6508789e+01
   7.1358490e+06   4.7485352e+01
   7.1601830e+06   5.1391602e+01
   7.1602400e+06   5.1025391e+01
   7.1602600e+06   4.3518066e+01
   7.1604130e+06   4.7546387e+01
   7.1604370e+06   4.3212891e+01
   7.1604870e+06   4.3151855e+01
   7.1608340e+06   4.6875000e+01
   7.1615050e+06   4.8828125e+01
   7.1892300e+06   5.3039551e+01
   7.1894510e+06   4.2663574e+01
   7.1894720e+06   4.7119141e+01
   7.1895030e+06   4.6447754e+01
   7.1895600e+06   4.2846680e+01
   7.1897310e+06   4.4494629e+01
   7.1898520e+06   4.5288086e+01
   7.1898720e+06   4.2663574e+01
   7.1900060e+06   5.2246094e+01
   7.2221490e+06   4.8461914e+01
   7.2222830e+06   4.3273926e+01
   7.2224090e+06   4.5349121e+01
   7.2224260e+06   4.6447754e+01
   7.2226630e+06   5.1025391e+01
   7.2227320e+06   4.5959473e+01
   7.2229170e+06   4.4128418e+01
   7.2628130e+06   4.3701172e+01
   7.2631060e+06   5.1635742e+01
   7.2632150e+06   4.8095703e+01
   7.2632940e+06   5.7373047e+01
   7.2633540e+06   5.4016113e+01
   7.2633850e+06   4.8889160e+01
   7.2634020e+06   4.2724609e+01
   7.2637320e+06   5.3588867e+01
   7.3024220e+06   5.7800293e+01
   7.3024410e+06   5.5786133e+01
   7.3026230e+06   4.5593262e+01
   7.3027790e+06   5.6823730e+01
   7.3028250e+06   5.1452637e+01
   7.3028660e+06   4.6447754e+01
   7.3029090e+06   5.5419922e+01
   7.3029290e+06   4.5898438e+01
   7.3030210e+06   6.6833496e+01
   7.3030610e+06   5.1330566e+01
   7.3031430e+06   5.1696777e+01
   7.3031900e+06   4.6386719e+01
   7.3519890e+06   6.2927246e+01
   7.3521530e+06   4.6997070e+01
   7.3522200e+06   4.5104980e+01
   7.3522690e+06   4.4128418e+01
   7.3523200e+06   4.7851563e+01
   7.3524050e+06   4.4677734e+01
   7.3525060e+06   4.4982910e+01
   7.3525680e+06   5.0598145e+01
   7.3526250e+06   5.7006836e+01
   7.3528150e+06   5.8776855e+01
   7.3834930e+06   5.9204102e+01
   7.3837420e+06   5.4748535e+01
   7.3838150e+06   4.4128418e+01
   7.3838660e+06   5.0415039e+01
   7.3838930e+06   5.0903320e+01
   7.3840190e+06   4.5043945e+01
   7.3840930e+06   4.4067383e+01
   7.3841550e+06   4.9682617e+01
   7.3842300e+06   4.7912598e+01
   7.3842890e+06   4.7424316e+01
   7.3843100e+06   4.4189453e+01
   7.3843740e+06   4.9133301e+01
   7.3844190e+06   4.5532227e+01
   7.4284660e+06   5.5603027e+01
   7.4287230e+06   5.8471680e+01
   7.4287910e+06   5.9082031e+01
   7.4289510e+06   4.2724609e+01
   7.4289640e+06   4.5837402e+01
   7.4289920e+06   5.9143066e+01
   7.4290720e+06   4.2907715e+01
   7.4291300e+06   6.1706543e+01
   7.4291850e+06   4.4128418e+01
   7.4296920e+06   4.7729492e+01
   7.4302880e+06   4.3579102e+01
   7.4703100e+06   5.0903320e+01
   7.4704380e+06   5.0415039e+01
   7.4706390e+06   5.0903320e+01
   7.4707670e+06   5.4138184e+01
   7.4708070e+06   4.2907715e+01
   7.4708440e+06   5.1940918e+01
   7.4708750e+06   4.4494629e+01
   7.4709590e+06   5.6945801e+01
   7.4710030e+06   5.1330566e+01
   7.4711350e+06   4.4128418e+01
   7.4712300e+06   4.8339844e+01
   7.4712830e+06   4.2907715e+01
   7.5398940e+06   4.4982910e+01
   7.5399150e+06   4.8034668e+01
   7.5399400e+06   4.2602539e+01
   7.5399900e+06   5.2673340e+01
   7.5400240e+06   6.5246582e+01
   7.5400480e+06   4.5104980e+01
   7.5400730e+06   4.9438477e+01
   7.5401090e+06   4.5715332e+01
   7.5401570e+06   5.3100586e+01
   7.5401690e+06   4.5471191e+01
   7.5402430e+06   5.1574707e+01
   7.5402920e+06   4.5043945e+01
   7.5403300e+06   4.5654297e+01
   7.5403550e+06   6.5124512e+01
   7.5404040e+06   4.8339844e+01
   7.5404710e+06   5.5236816e+01
   7.5405110e+06   4.6142578e+01
   8.1028100e+06   4.3212891e+01
   8.1028400e+06   5.0048828e+01
   8.1028910e+06   4.5593262e+01
   8.1029230e+06   4.4982910e+01
   8.1029850e+06   4.7790527e+01
   8.1030130e+06   5.3222656e+01
   8.1031480e+06   7.2753906e+01
   8.1031590e+06   7.7575684e+01
   8.1032260e+06   6.1889648e+01
   8.1033050e+06   6.0974121e+01
   8.1033580e+06   5.8959961e+01
   8.1034670e+06   4.3762207e+01
   8.1034940e+06   4.5715332e+01
   8.1036660e+06   4.3945313e+01
   8.2629000e+06   4.8095703e+01
   8.2629140e+06   4.6691895e+01
   8.2630280e+06   5.0964355e+01
   8.2630680e+06   4.5654297e+01
   8.2631160e+06   4.3029785e+01
   8.2632030e+06   4.2785645e+01
   8.2632420e+06   6.1157227e+01
   8.2632860e+06   8.8623047e+01
   8.2633150e+06   6.7687988e+01
   8.2634060e+06   4.8217773e+01
   8.2635000e+06   5.5541992e+01
   8.2635640e+06   6.9641113e+01
   8.2636420e+06   4.9804688e+01
   8.2636820e+06   5.0537109e+01
   8.3141420e+06   5.4687500e+01
   8.3142760e+06   4.4189453e+01
   8.3143050e+06   4.2968750e+01
   8.3143980e+06   4.8400879e+01
   8.3144910e+06   5.7373047e+01
   8.3145490e+06   4.5471191e+01
   8.3145680e+06   5.7006836e+01
   8.3146950e+06   4.9011230e+01
   8.3147190e+06   4.5593262e+01
   8.3147490e+06   5.3405762e+01
   8.3147820e+06   6.2988281e+01
   8.3148290e+06   5.4931641e+01
   8.3149020e+06   6.5124512e+01
   8.3149140e+06   5.4870605e+01
   8.3149330e+06   4.4799805e+01
   8.3149790e+06   4.3212891e+01
   8.3150430e+06   4.5593262e+01
   8.3150730e+06   4.4738770e+01
   8.3151000e+06   4.7363281e+01
   8.3639640e+06   4.7912598e+01
   8.3641470e+06   5.6030273e+01
   8.3641820e+06   4.5776367e+01
   8.3642400e+06   5.6823730e+01
   8.3642700e+06   7.3730469e+01
   8.3643240e+06   4.9316406e+01
   8.3643410e+06   4.5349121e+01
   8.3643690e+06   4.9804688e+01
   8.3644190e+06   4.4128418e+01
   8.3644520e+06   4.4311523e+01
   8.3644850e+06   5.0842285e+01
   8.3645190e+06   4.9194336e+01
   8.3645700e+06   5.2001953e+01
   8.3646710e+06   4.4189453e+01
   8.3647630e+06   4.5776367e+01
   8.3648350e+06   4.2846680e+01
   8.3648870e+06   4.5837402e+01
   8.3649220e+06   5.0170898e+01
   8.3651210e+06   4.4006348e+01
   8.4139220e+06   5.9143066e+01
   8.4139710e+06   6.2927246e+01
   8.4140310e+06   5.2246094e+01
   8.4141210e+06   5.0048828e+01
   8.4142250e+06   5.0659180e+01
   8.4142600e+06   5.4931641e+01
   8.4143210e+06   5.4321289e+01
   8.4143840e+06   5.1147461e+01
   8.4144250e+06   5.2124023e+01
   8.4144540e+06   5.9326172e+01
   8.4146000e+06   4.3823242e+01
   8.4146110e+06   5.5541992e+01
   8.4146480e+06   5.7800293e+01
   8.4147980e+06   5.0170898e+01
   8.4148760e+06   5.1330566e+01
   8.4889970e+06   5.6579590e+01
   8.4891030e+06   5.4260254e+01
   8.4892150e+06   4.5104980e+01
   8.4892360e+06   5.1391602e+01
   8.4892900e+06   5.0720215e+01
   8.4893350e+06   4.4006348e+01
   8.4893670e+06   6.2622070e+01
   8.4894470e+06   5.5358887e+01
   8.4895380e+06   5.2185059e+01
   8.4895540e+06   6.1706543e+01
   8.4895870e+06   5.9387207e+01
   8.4896280e+06   4.4921875e+01
   8.4896630e+06   5.2368164e+01
   8.4897430e+06   4.4616699e+01
   8.4897670e+06   4.4677734e+01
   8.4898620e+06   4.6936035e+01
   8.5280080e+06   5.0170898e+01
   8.5281820e+06   4.8889160e+01
   8.5281950e+06   5.4626465e+01
   8.5282710e+06   4.5898438e+01
   8.5283890e+06   4.5471191e+01
   8.5284280e+06   4.2724609e+01
   8.5284730e+06   4.8706055e+01
   8.5285010e+06   4.5043945e+01
   8.5285670e+06   4.6081543e+01
   8.5286110e+06   4.7607422e+01
   8.5286380e+06   4.9743652e+01
   8.5286890e+06   4.3518066e+01
   8.5287700e+06   6.7810059e+01
   8.5288050e+06   4.3884277e+01
   8.5289850e+06   4.7119141e+01
   8.5290440e+06   4.4067383e+01
   8.5657290e+06   4.5593262e+01
   8.5658830e+06   6.3842773e+01
   8.5659240e+06   4.4616699e+01
   8.5660070e+06   6.3537598e+01
   8.5661720e+06   5.8654785e+01
   8.5663340e+06   4.7363281e+01
   8.5664560e+06   5.6640625e+01
   8.5665330e+06   5.6457520e+01
   8.5668470e+06   4.7851563e+01
   8.5938020e+06   6.0974121e+01
   8.5940460e+06   4.7363281e+01
   8.5941440e+06   4.6447754e+01
   8.5941760e+06   5.1696777e+01
   8.5941970e+06   4.4738770e+01
   8.5942330e+06   4.7485352e+01
   8.5942910e+06   4.7790527e+01
   8.5943770e+06   4.9987793e+01
   8.5944610e+06   4.4982910e+01
   8.5945030e+06   4.9743652e+01
   8.5946660e+06   4.6203613e+01
   8.5947130e+06   5.6945801e+01
   8.6201970e+06   5.7373047e+01
   8.6202580e+06   4.4006348e+01
   8.6204000e+06   6.1035156e+01
   8.6205580e+06   4.9316406e+01
   8.6205730e+06   4.9865723e+01
   8.6206170e+06   5.1879883e+01
   8.6209200e+06   4.2907715e+01
   8.6485340e+06   6.2011719e+01
   8.6486640e+06   4.4921875e+01
   8.6488080e+06   5.2062988e+01
   8.6489130e+06   4.2602539e+01
   8.6489890e+06   4.7851563e+01
   8.6491240e+06   5.2246094e+01
   8.6491610e+06   4.6569824e+01
   8.6491810e+06   4.5471191e+01
   8.6493880e+06   4.8034668e+01
   8.6494030e+06   4.9316406e+01
   8.6494200e+06   4.3212891e+01
   8.6497760e+06   4.4250488e+01
   8.6501220e+06   4.3395996e+01
   8.6771900e+06   4.5532227e+01
   8.6774250e+06   4.6081543e+01
   8.6774470e+06   5.4504395e+01
   8.6775140e+06   4.9926758e+01
   8.6775580e+06   4.9560547e+01
   8.6776350e+06   5.0109863e+01
   8.6777410e+06   4.3212891e+01
   8.6779120e+06   4.5776367e+01
   8.6779790e+06   5.2612305e+01
   8.7028770e+06   4.6264648e+01
   8.7031230e+06   5.3344727e+01
   8.7032280e+06   5.0903320e+01
   8.7033340e+06   4.3212891e+01
   8.7033500e+06   4.2968750e+01
   8.7035450e+06   5.1635742e+01
   8.7035790e+06   4.3457031e+01
   8.7043190e+06   4.5043945e+01
   8.7311400e+06   4.5104980e+01
   8.7312150e+06   4.3762207e+01
   8.7313800e+06   4.3884277e+01
   8.7314490e+06   4.4311523e+01
   8.7314950e+06   4.4921875e+01
   8.7316350e+06   4.3029785e+01
   8.7318400e+06   4.5043945e+01
   8.7319050e+06   4.2846680e+01
   8.7321200e+06   4.5654297e+01
   8.7642190e+06   4.8522949e+01
   8.7646150e+06   4.4128418e+01
   8.7646490e+06   4.9560547e+01
   8.7647960e+06   5.0415039e+01
   8.7648730e+06   4.3945313e+01
   8.7651490e+06   4.4677734e+01
   8.7652300e+06   4.4860840e+01
   8.7654200e+06   4.9194336e+01
   8.8035360e+06   4.4433594e+01
   8.8036130e+06   4.6325684e+01
   8.8037640e+06   4.6630859e+01
   8.8038440e+06   5.1330566e+01
   8.8038760e+06   5.2001953e+01
   8.8039170e+06   4.7485352e+01
   8.8040780e+06   4.7973633e+01
   8.8043660e+06   4.4128418e+01
   8.8044560e+06   4.3151855e+01
   8.8046100e+06   4.3884277e+01
   8.8407680e+06   5.0720215e+01
   8.8407860e+06   5.6274414e+01
   8.8409890e+06   4.8217773e+01
   8.8410930e+06   4.4677734e+01
   8.8411160e+06   4.3090820e+01
   8.8415610e+06   4.2663574e+01
   8.8416270e+06   4.8034668e+01
   8.8762040e+06   5.1696777e+01
   8.8764280e+06   6.1889648e+01
   8.8766370e+06   4.2907715e+01
   8.8767320e+06   4.5715332e+01
   8.8769350e+06   4.6203613e+01
   8.8770480e+06   5.5358887e+01
   8.8772550e+06   4.5166016e+01
   8.8775190e+06   4.5471191e+01
   8.9129550e+06   4.6081543e+01
   8.9132440e+06   4.7485352e+01
   8.9132900e+06   5.4809570e+01
   8.9134050e+06   4.3395996e+01
   8.9134310e+06   4.6020508e+01
   8.9137290e+06   5.0109863e+01
   8.9139300e+06   4.7790527e+01
   8.9558510e+06   5.7861328e+01
   8.9560120e+06   4.2907715e+01
   8.9561150e+06   4.3029785e+01
   8.9562120e+06   4.4677734e+01
   8.9562430e+06   6.0485840e+01
   8.9563500e+06   5.6640625e+01
   8.9567490e+06   4.3884277e+01
   8.9569220e+06   5.1025391e+01
   9.0274390e+06   5.0109863e+01
   9.0276360e+06   4.3090820e+01
   9.0278000e+06   4.5043945e+01
   9.0279920e+06   5.6518555e+01
   9.0280310e+06   4.9560547e+01
   9.0280590e+06   4.4616699e+01
   9.0281200e+06   5.1940918e+01
   9.0891140e+06   4.4128418e+01
   9.0893360e+06   4.3273926e+01
   9.0893860e+06   4.6569824e+01
   9.0894700e+06   4.4128418e+01
   9.0897070e+06   4.4250488e+01
   9.0897760e+06   5.4016113e+01
   9.0897990e+06   4.3945313e+01
   9.0899100e+06   5.4199219e+01
   9.0899450e+06   4.6691895e+01
   9.0899690e+06   4.9682617e+01
   9.0900210e+06   4.6081543e+01
   9.0900460e+06   4.7180176e+01
   9.0902120e+06   5.4443359e+01
   9.1341520e+06   5.3039551e+01
   9.1342690e+06   4.3212891e+01
   9.1345360e+06   4.6081543e+01
   9.1345950e+06   4.9072266e+01
   9.1714390e+06   4.6142578e+01
   9.1718120e+06   4.5776367e+01
   9.1721440e+06   4.8339844e+01
   9.2213430e+06   5.2001953e+01
   9.2217620e+06   4.5532227e+01
   9.2217980e+06   4.6142578e+01
   9.2218350e+06   5.3649902e+01
   9.2219460e+06   5.0231934e+01
   9.2220500e+06   6.7932129e+01
   9.2220720e+06   4.4067383e+01
   9.2223310e+06   4.7851563e+01
   9.2223710e+06   4.7546387e+01
   9.2223950e+06   4.4372559e+01
   9.2225770e+06   5.7373047e+01
   9.2228230e+06   4.3090820e+01
   9.2811320e+06   4.9926758e+01
   9.2812670e+06   4.5959473e+01
   9.2813120e+06   4.4067383e+01
   9.2814830e+06   4.6203613e+01
   9.2815250e+06   5.7067871e+01
   9.5645780e+06   5.3649902e+01
   9.5646410e+06   4.4860840e+01
   9.5647250e+06   4.9011230e+01
   9.5648080e+06   5.2917480e+01
   9.5648690e+06   4.5715332e+01
   9.5648910e+06   5.9753418e+01
   9.5650540e+06   5.7922363e+01
   9.5651050e+06   4.5349121e+01
   9.5651390e+06   4.4921875e+01
   9.5652190e+06   4.3151855e+01
   9.5652610e+06   4.5959473e+01
   9.9154230e+06   4.5898438e+01
   9.9154690e+06   6.2500000e+01
   9.9155190e+06   5.4565430e+01
   9.9155770e+06   4.3395996e+01
   9.9156430e+06   5.0659180e+01
   9.9156730e+06   5.7189941e+01
   9.9157040e+06   4.8217773e+01
   9.9157250e+06   4.5776367e+01
   9.9157530e+06   4.4189453e+01
   9.9158060e+06   4.7607422e+01
   9.9158380e+06   4.6569824e+01
   9.9158820e+06   4.3518066e+01
   9.9159920e+06   4.4311523e+01
   9.9160310e+06   5.5114746e+01
   9.9160680e+06   4.2968750e+01
   9.9163950e+06   4.6752930e+01
   9.9164280e+06   4.8828125e+01
   1.0044380e+07   5.3039551e+01
   1.0044427e+07   5.6640625e+01
   1.0044474e+07   4.6203613e+01
   1.0044634e+07   6.9824219e+01
   1.0044680e+07   4.5898438e+01
   1.0044811e+07   4.7119141e+01
   1.0044838e+07   4.7180176e+01
   1.0044932e+07   4.4433594e+01
   1.0044946e+07   5.3894043e+01
   1.0044980e+07   6.4697266e+01
   1.0045005e+07   4.2663574e+01
   1.0045062e+07   4.8889160e+01
   1.0045101e+07   4.4311523e+01
   1.0045124e+07   4.5776367e+01
   1.0045150e+07   5.4626465e+01
   1.0045181e+07   4.4433594e+01
   1.0045203e+07   5.0292969e+01
   1.0045245e+07   4.4189453e+01
   1.0045296e+07   4.5959473e+01
   1.0200864e+07   6.0607910e+01
   1.0200984e+07   4.2907715e+01
   1.0201011e+07   4.4494629e+01
   1.0201087e+07   7.7087402e+01
   1.0201107e+07   5.4443359e+01
   1.0201140e+07   8.1054688e+01
   1.0201186e+07   4.8217773e+01
   1.0201258e+07   4.5410156e+01
   1.0201337e+07   6.4270020e+01
   1.0201358e+07   4.8339844e+01
   1.0201470e+07   4.7851563e+01
   1.0201520e+07   4.3823242e+01
   1.0201548e+07   5.9143066e+01
   1.0201651e+07   4.3334961e+01
   1.0201680e+07   4.8278809e+01
   1.0201975e+07   4.4982910e+01
   1.0497848e+07   5.9448242e+01
   1.0497897e+07   4.8889160e+01
   1.0497988e+07   5.1879883e+01
   1.0498064e+07   7.5439453e+01
   1.0498122e+07   5.1330566e+01
   1.0498245e+07   4.7668457e+01
   1.0498308e+07   5.8044434e+01
   1.0498323e+07   4.5104980e+01
   1.0498360e+07   5.2307129e+01
   1.0498381e+07   4.5227051e+01
   1.0498463e+07   4.6752930e+01
   1.0682539e+07   4.7973633e+01
   1.0682704e+07   4.3823242e+01
   1.0682755e+07   5.0415039e+01
   1.0682790e+07   5.5480957e+01
   1.0682812e+07   4.7119141e+01
   1.0682852e+07   4.3334961e+01
   1.0682877e+07   5.3955078e+01
   1.0682911e+07   4.6936035e+01
   1.0682945e+07   4.8522949e+01
   1.0683030e+07   5.6335449e+01
   1.0683184e+07   4.8278809e+01
   1.0683210e+07   7.7819824e+01
   1.0683314e+07   5.3100586e+01
   1.0686356e+07   4.6142578e+01
   1.0687706e+07   4.5349121e+01
   1.0808648e+07   5.2551270e+01
   1.0808747e+07   5.0415039e+01
   1.0808763e+07   4.4677734e+01
   1.0808801e+07   6.6772461e+01
   1.0808836e+07   5.7678223e+01
   1.0808848e+07   4.6630859e+01
   1.0808912e+07   6.3293457e+01
   1.0808925e+07   5.6640625e+01
   1.0808995e+07   4.4006348e+01
   1.0809036e+07   8.9782715e+01
   1.0809093e+07   8.0993652e+01
   1.0809137e+07   5.9814453e+01
   1.0809183e+07   4.8034668e+01
   1.0809239e+07   6.4147949e+01
   1.0809270e+07   5.9875488e+01
   1.0863105e+07   6.5063477e+01
   1.0863282e+07   7.0007324e+01
   1.0863335e+07   4.7119141e+01
   1.0863399e+07   5.2795410e+01
   1.0863506e+07   5.8776855e+01
   1.0863549e+07   5.5603027e+01
   1.0863588e+07   5.1208496e+01
   1.0863613e+07   5.9631348e+01
   1.0863656e+07   5.7067871e+01
   1.0863682e+07   4.9194336e+01
   1.0863700e+07   6.3964844e+01
   1.0863757e+07   5.2185059e+01
   1.0863802e+07   4.4921875e+01
   1.0863829e+07   7.2509766e+01
   1.0863896e+07   4.3457031e+01
   1.0863921e+07   5.1330566e+01
   1.0864021e+07   4.4250488e+01
   1.0866073e+07   4.4372559e+01
   1.0926737e+07   6.5185547e+01
   1.0926863e+07   5.9326172e+01
   1.0926955e+07   4.8828125e+01
   1.0927005e+07   6.0607910e+01
   1.0927091e+07   4.7912598e+01
   1.0927136e+07   5.1696777e+01
   1.0927153e+07   4.6997070e+01
   1.0927236e+07   4.3762207e+01
   1.0927304e+07   5.6396484e+01
   1.0927340e+07   5.1086426e+01
   1.0927413e+07   5.1025391e+01
   1.0927438e+07   5.0292969e+01
   1.0927547e+07   4.5471191e+01
   1.0964846e+07   5.1818848e+01
   1.0964943e+07   4.5410156e+01
   1.0964972e+07   4.3273926e+01
   1.0965074e+07   4.5349121e+01
   1.0965116e+07   4.4616699e+01
   1.0965129e+07   6.0241699e+01
   1.0965161e+07   5.1574707e+01
   1.0965179e+07   5.9387207e+01
   1.0965287e+07   4.4372559e+01
   1.0965349e+07   5.0903320e+01
   1.0965377e+07   4.6203613e+01
   1.0965417e+07   4.6997070e+01
   1.0965449e+07   4.3701172e+01
   1.0965499e+07   5.6518555e+01
   1.0965523e+07   4.6081543e+01
   1.0965635e+07   4.9438477e+01
   1.0965896e+07   4.2602539e+01
   1.0995393e+07   4.3457031e+01
   1.0995409e+07   4.3090820e+01
   1.0995596e+07   4.6020508e+01
   1.0995686e+07   4.9072266e+01
   1.0995730e+07   5.0537109e+01
   1.0995852e+07   4.7241211e+01
   1.0995964e+07   4.6936035e+01
   1.0995983e+07   4.9438477e+01
   1.0996066e+07   4.7668457e+01
   1.0996114e+07   4.2663574e+01
   1.0996180e+07   4.3640137e+01
   1.0996232e+07   5.3222656e+01
   1.0996745e+07   4.5776367e+01
   1.1028125e+07   6.2927246e+01
   1.1028248e+07   4.9926758e+01
   1.1028318e+07   4.4067383e+01
   1.1028555e+07   5.2307129e+01
   1.1028649e+07   4.6875000e+01
   1.1028694e+07   6.0729980e+01
   1.1028739e+07   4.5471191e+01
   1.1028811e+07   4.2785645e+01
   1.1028856e+07   4.4494629e+01
   1.1054929e+07   4.8095703e+01
   1.1055009e+07   4.9194336e+01
   1.1055116e+07   4.3945313e+01
   1.1055192e+07   5.1513672e+01
   1.1055342e+07   4.5288086e+01
   1.1055384e+07   5.3222656e+01
   1.1055470e+07   5.9814453e+01
   1.1055480e+07   5.8532715e+01
   1.1055519e+07   5.3955078e+01
   1.1055592e+07   5.7739258e+01
   1.1055823e+07   4.8522949e+01
   1.1055847e+07   4.6630859e+01
   1.1080064e+07   4.8400879e+01
   1.1080177e+07   5.7861328e+01
   1.1080216e+07   5.1391602e+01
   1.1080280e+07   7.0800781e+01
   1.1080460e+07   4.6752930e+01
   1.1080551e+07   4.7119141e+01
   1.1080800e+07   6.2011719e+01
   1.1080883e+07   4.2968750e+01
   1.1081178e+07   4.5288086e+01
   1.1106172e+07   4.8828125e+01
   1.1106310e+07   5.3833008e+01
   1.1106357e+07   4.5959473e+01
   1.1106419e+07   6.4758301e+01
   1.1106589e+07   4.3640137e+01
   1.1106801e+07   4.6691895e+01
   1.1106838e+07   4.4555664e+01
   1.1106937e+07   5.4626465e+01
   1.1107060e+07   5.0415039e+01
   1.1107153e+07   4.5043945e+01
   1.1132220e+07   5.0781250e+01
   1.1132363e+07   4.8889160e+01
   1.1132551e+07   5.0292969e+01
   1.1132570e+07   4.8217773e+01
   1.1132684e+07   4.8645020e+01
   1.1158227e+07   4.9804688e+01
   1.1158348e+07   5.2368164e+01
   1.1158410e+07   5.5541992e+01
   1.1158467e+07   4.8950195e+01
   1.1158607e+07   4.8889160e+01
   1.1158657e+07   4.2663574e+01
   1.1158717e+07   4.6264648e+01
   1.1158766e+07   4.4921875e+01
   1.1158979e+07   5.6152344e+01
   1.1184106e+07   6.1828613e+01
   1.1184210e+07   4.3701172e+01
   1.1184307e+07   6.6772461e+01
   1.1184661e+07   4.3090820e+01
   1.1210723e+07   4.4982910e+01
   1.1210860e+07   5.7250977e+01
   1.1210952e+07   5.0537109e+01
   1.1211251e+07   4.4250488e+01
   1.1237427e+07   5.0231934e+01
   1.1270122e+07   4.9743652e+01
   1.1270415e+07   4.4494629e+01
   1.1270476e+07   4.9438477e+01
   1.1270733e+07   4.6936035e+01
   1.1270886e+07   4.7180176e+01
   1.1270952e+07   4.4799805e+01
   1.1306537e+07   4.3334961e+01
   1.1306549e+07   4.8889160e+01
   1.1306703e+07   4.4189453e+01
   1.1306933e+07   5.0537109e+01
   1.1307048e+07   4.3884277e+01
   1.1307454e+07   4.3823242e+01
   1.1334014e+07   4.8461914e+01
   1.1334338e+07   4.7058105e+01
   1.1334502e+07   4.2846680e+01
   1.1363304e+07   4.9621582e+01
   1.1363675e+07   4.5654297e+01
   1.1363832e+07   4.7302246e+01
   1.1364086e+07   4.5227051e+01
   1.1393919e+07   4.6386719e+01
   1.1393990e+07   5.2368164e+01
   1.1394482e+07   4.4677734e+01
   1.1434225e+07   4.6386719e+01
   1.1434425e+07   4.7668457e+01
   1.1434488e+07   4.9804688e+01
   1.1434501e+07   4.5776367e+01
   1.1434687e+07   4.8950195e+01
   1.1434732e+07   4.8583984e+01
   1.1435145e+07   5.5175781e+01
   1.1468315e+07   6.5673828e+01
   1.1468434e+07   5.2673340e+01
   1.1468534e+07   4.4555664e+01
   1.1468662e+07   4.3151855e+01
   1.1468734e+07   4.3518066e+01
   1.1469438e+07   4.2663574e+01
   1.1501646e+07   4.9133301e+01
   1.1501985e+07   4.6264648e+01
   1.1502078e+07   5.2490234e+01
   1.1502263e+07   4.7363281e+01
   1.1542964e+07   4.3212891e+01
   1.1543038e+07   4.6813965e+01
   1.1543199e+07   4.8583984e+01
   1.1543522e+07   4.8095703e+01
   1.1543577e+07   4.7241211e+01
   1.1543739e+07   4.9316406e+01
   1.1543771e+07   4.6569824e+01
   1.1543913e+07   4.3029785e+01
   1.1589497e+07   4.4494629e+01
   1.1589711e+07   4.8950195e+01
   1.1589776e+07   5.0598145e+01
   1.1589909e+07   5.3894043e+01
   1.1589931e+07   4.4677734e+01
   1.1590158e+07   5.7067871e+01
   1.1590445e+07   4.8278809e+01
   1.1639797e+07   6.2988281e+01
   1.1640024e+07   4.6936035e+01
   1.1640217e+07   4.2968750e+01
   1.1640437e+07   4.9011230e+01
   1.1640469e+07   4.3457031e+01
   1.1640518e+07   4.6875000e+01
   1.1640580e+07   4.5837402e+01
   1.1640838e+07   4.6875000e+01
   1.1684076e+07   4.3334961e+01
   1.1684133e+07   4.4128418e+01
   1.1684451e+07   4.5166016e+01
   1.1684682e+07   4.6142578e+01
   1.1684788e+07   4.9743652e+01
   1.1684865e+07   4.5104980e+01
   1.1685023e+07   4.3273926e+01
   1.1685410e+07   4.3762207e+01
   1.2311673e+07   5.2368164e+01
   1.2311706e+07   4.3273926e+01
   1.2311758e+07   4.4311523e+01
   1.2311824e+07   5.5480957e+01
   1.2311872e+07   4.5593262e+01
   1.2311894e+07   6.1401367e+01
   1.2311928e+07   4.3823242e+01
   1.2311943e+07   4.9499512e+01
   1.2311992e+07   4.4799805e+01
   1.2312013e+07   5.7373047e+01
   1.2312110e+07   4.7668457e+01
   1.2312269e+07   5.5297852e+01
   1.2312319e+07   5.9631348e+01
   1.2518795e+07   6.0974121e+01
   1.2518865e+07   5.9753418e+01
   1.2518926e+07   5.1940918e+01
   1.2519011e+07   4.3823242e+01
   1.2519032e+07   5.1086426e+01
   1.2519066e+07   4.5410156e+01
   1.2519139e+07   4.2724609e+01
   1.2519218e+07   7.6904297e+01
   1.2519275e+07   5.2978516e+01
   1.2519471e+07   5.2551270e+01
   1.2523606e+07   4.4372559e+01
   1.2622668e+07   6.2194824e+01
   1.2622690e+07   4.4738770e+01
   1.2622789e+07   4.5776367e+01
   1.2622884e+07   5.4809570e+01
   1.2622900e+07   4.9072266e+01
   1.2622939e+07   7.3181152e+01
   1.2622970e+07   5.6396484e+01
   1.2623001e+07   5.2795410e+01
   1.2623017e+07   4.7607422e+01
   1.2623043e+07   5.3222656e+01
   1.2623054e+07   5.4077148e+01
   1.2623080e+07   5.0964355e+01
   1.2623110e+07   5.0354004e+01
   1.2623124e+07   5.6396484e+01
   1.2623211e+07   4.3945313e+01
   1.2623293e+07   4.7485352e+01
   1.2623328e+07   4.3884277e+01
   1.2623361e+07   4.4616699e+01
   1.2623423e+07   6.3537598e+01
   1.2623451e+07   4.6936035e+01
   1.2624481e+07   4.4128418e+01
   1.2672569e+07   5.8959961e+01
   1.2672643e+07   4.3334961e+01
   1.2672732e+07   4.9499512e+01
   1.2672764e+07   5.4321289e+01
   1.2672847e+07   5.9631348e+01
   1.2672899e+07   4.7668457e+01
   1.2672977e+07   5.0781250e+01
   1.2673115e+07   6.0607910e+01
   1.2673148e+07   4.7668457e+01
   1.2673175e+07   6.5734863e+01
   1.2673227e+07   4.8767090e+01
   1.2673402e+07   4.8522949e+01
   1.2736231e+07   5.3894043e+01
   1.2736464e+07   5.8410645e+01
   1.2736487e+07   5.0048828e+01
   1.2736517e+07   4.5959473e+01
   1.2736617e+07   4.4189453e+01
   1.2736720e+07   6.0913086e+01
   1.2736745e+07   4.4372559e+01
   1.2736814e+07   4.3457031e+01
   1.2736855e+07   4.9255371e+01
   1.2736888e+07   4.7180176e+01
   1.2737022e+07   4.4494629e+01
   1.2740200e+07   4.3273926e+01
   1.2773002e+07   5.0415039e+01
   1.2773111e+07   4.6203613e+01
   1.2773220e+07   8.0322266e+01
   1.2773291e+07   4.9011230e+01
   1.2773321e+07   4.4860840e+01
   1.2773356e+07   4.6691895e+01
   1.2773413e+07   5.9020996e+01
   1.2773748e+07   4.3945313e+01
   1.2773829e+07   4.4433594e+01
   1.2807672e+07   5.5786133e+01
   1.2807793e+07   4.3090820e+01
   1.2807817e+07   4.4555664e+01
   1.2807838e+07   4.4738770e+01
   1.2807981e+07   4.2846680e+01
   1.2808060e+07   4.5471191e+01
   1.2808100e+07   4.9987793e+01
   1.2808116e+07   4.5593262e+01
   1.2808183e+07   4.2968750e+01
   1.2808298e+07   6.4575195e+01
   1.2808317e+07   4.3029785e+01
   1.2808355e+07   5.7495117e+01
   1.2808401e+07   4.3212891e+01
   1.2808480e+07   4.5715332e+01
   1.2832365e+07   4.6997070e+01
   1.2832450e+07   4.3884277e+01
   1.2832541e+07   5.6457520e+01
   1.2832765e+07   4.5349121e+01
   1.2832851e+07   4.6203613e+01
   1.2833137e+07   4.5166016e+01
   1.2833176e+07   5.3222656e+01
   1.2833512e+07   4.7790527e+01
   1.2856259e+07   4.3334961e+01
   1.2856506e+07   4.7302246e+01
   1.2856651e+07   4.5288086e+01
   1.2856770e+07   6.5429688e+01
   1.2856799e+07   5.6518555e+01
   1.2857144e+07   4.2724609e+01
   1.2879907e+07   6.7504883e+01
   1.2880188e+07   4.3762207e+01
   1.2880240e+07   4.3640137e+01
   1.2880710e+07   4.2907715e+01
   1.2898445e+07   4.2968750e+01
   1.2898819e+07   4.9194336e+01
   1.2898835e+07   5.7983398e+01
   1.2898884e+07   4.7485352e+01
   1.2924026e+07   5.0964355e+01
   1.2924168e+07   4.3518066e+01
   1.2924434e+07   5.3222656e+01
   1.2924482e+07   4.4799805e+01
   1.2925238e+07   4.8034668e+01
   1.2954758e+07   5.3588867e+01
   1.2954915e+07   5.5725098e+01
   1.2955083e+07   5.3710938e+01
   1.2955208e+07   4.3945313e+01
   1.2955347e+07   4.8522949e+01
   1.2955467e+07   4.8889160e+01
   1.2955537e+07   5.1452637e+01
   1.2955650e+07   5.0781250e+01
   1.2955700e+07   4.9804688e+01
   1.2955949e+07   4.4067383e+01
   1.2956015e+07   4.3518066e+01
   1.2984878e+07   4.4067383e+01
   1.2985282e+07   5.2246094e+01
   1.2985320e+07   5.2612305e+01
   1.2985431e+07   5.3344727e+01
   1.2985597e+07   4.8889160e+01
   1.2985686e+07   5.0048828e+01
   1.2986003e+07   4.3273926e+01
   1.3017999e+07   5.9143066e+01
   1.3018252e+07   4.5837402e+01
   1.3018297e+07   5.2734375e+01
   1.3018470e+07   4.4921875e+01
   1.3018500e+07   5.9631348e+01
   1.3018527e+07   4.5288086e+01
   1.3018611e+07   4.4372559e+01
   1.3018912e+07   4.3518066e+01
   1.3052169e+07   4.9255371e+01
   1.3052213e+07   4.6875000e+01
   1.3052294e+07   4.6081543e+01
   1.3052348e+07   5.7495117e+01
   1.3083718e+07   4.6752930e+01
   1.3083792e+07   4.8583984e+01
   1.3083922e+07   4.6264648e+01
   1.3084159e+07   5.2124023e+01
   1.3084646e+07   4.7729492e+01
   1.3113904e+07   4.3334961e+01
   1.3114180e+07   4.3762207e+01
   1.3114240e+07   5.2368164e+01
   1.3114342e+07   5.0964355e+01
   1.3145940e+07   4.4189453e+01
   1.3146246e+07   4.7729492e+01
   1.3146306e+07   4.6203613e+01
   1.3146523e+07   4.4250488e+01
   1.3146581e+07   4.3762207e+01
   1.3185900e+07   5.1635742e+01
   1.3186136e+07   5.4687500e+01
   1.3186154e+07   5.0537109e+01
   1.3186321e+07   4.4799805e+01
   1.3186361e+07   4.9621582e+01
   1.3186846e+07   4.6325684e+01
   1.3217545e+07   4.5959473e+01
   1.3217600e+07   6.5979004e+01
   1.3218010e+07   5.0720215e+01
   1.3218150e+07   5.2795410e+01
   1.3255885e+07   4.6997070e+01
   1.3256045e+07   4.3945313e+01
   1.3256210e+07   5.4077148e+01
   1.3256489e+07   4.5471191e+01
   1.3305575e+07   4.4982910e+01
   1.3305833e+07   5.2490234e+01
   1.3306190e+07   4.7790527e+01
   1.3306269e+07   5.8654785e+01
   1.3306431e+07   5.9448242e+01
   1.3306593e+07   5.9875488e+01
   1.4067743e+07   6.9152832e+01
   1.4067844e+07   4.6813965e+01
   1.4067894e+07   5.9082031e+01
   1.4067907e+07   4.2968750e+01
   1.4067951e+07   5.3344727e+01
   1.4067977e+07   6.9885254e+01
   1.4068008e+07   4.2663574e+01
   1.4068056e+07   5.9997559e+01
   1.4068097e+07   5.1635742e+01
   1.4068138e+07   4.4250488e+01
   1.4068153e+07   6.7565918e+01
   1.4068239e+07   5.2185059e+01
   1.4068603e+07   4.2968750e+01
   1.4218059e+07   6.4086914e+01
   1.4218079e+07   4.3395996e+01
   1.4218110e+07   4.5043945e+01
   1.4218160e+07   5.1086426e+01
   1.4218172e+07   5.3283691e+01
   1.4218212e+07   5.9265137e+01
   1.4218272e+07   5.9631348e+01
   1.4218302e+07   5.3710938e+01
   1.4218352e+07   4.8461914e+01
   1.4218391e+07   6.3293457e+01
   1.4218427e+07   5.3955078e+01
   1.4218452e+07   5.4626465e+01
   1.4218476e+07   5.0720215e+01
   1.4218495e+07   5.4199219e+01
   1.4218514e+07   5.8349609e+01
   1.4218596e+07   6.2622070e+01
   1.4218683e+07   4.9072266e+01
   1.4218721e+07   5.1940918e+01
   1.4218813e+07   4.7424316e+01
   1.4334090e+07   5.7617188e+01
   1.4334125e+07   4.3701172e+01
   1.4334183e+07   4.8950195e+01
   1.4334219e+07   4.3823242e+01
   1.4334262e+07   5.1208496e+01
   1.4334273e+07   6.6894531e+01
   1.4334339e+07   5.3466797e+01
   1.4334419e+07   4.7424316e+01
   1.4334464e+07   6.9824219e+01
   1.4334577e+07   4.3701172e+01
   1.4334624e+07   5.6457520e+01
   1.4334685e+07   5.2917480e+01
   1.4334970e+07   4.5593262e+01
   1.4335068e+07   4.7119141e+01
   1.4335547e+07   4.2907715e+01
   1.4388304e+07   4.3579102e+01
   1.4388333e+07   4.3823242e+01
   1.4388402e+07   4.8767090e+01
   1.4388488e+07   4.3884277e+01
   1.4388513e+07   5.0781250e+01
   1.4388534e+07   4.2602539e+01
   1.4388616e+07   4.2968750e+01
   1.4388659e+07   6.1828613e+01
   1.4388698e+07   7.0007324e+01
   1.4388781e+07   5.1147461e+01
   1.4388818e+07   5.0292969e+01
   1.4388876e+07   4.5227051e+01
   1.4388931e+07   5.2062988e+01
   1.4388981e+07   4.3762207e+01
   1.4389016e+07   4.9255371e+01
   1.4389177e+07   4.3457031e+01
   1.4465561e+07   4.4128418e+01
   1.4465587e+07   4.7546387e+01
   1.4465633e+07   5.2795410e+01
   1.4465706e+07   4.5043945e+01
   1.4465726e+07   6.3232422e+01
   1.4465773e+07   7.6538086e+01
   1.4465820e+07   4.9743652e+01
   1.4465841e+07   6.9763184e+01
   1.4465866e+07   5.2368164e+01
   1.4465898e+07   4.9560547e+01
   1.4466011e+07   4.4189453e+01
   1.4466048e+07   6.0424805e+01
   1.4466155e+07   4.3029785e+01
   1.4510918e+07   5.1269531e+01
   1.4510985e+07   5.0048828e+01
   1.4511015e+07   4.4799805e+01
   1.4511094e+07   5.3955078e+01
   1.4511161e+07   4.8034668e+01
   1.4511202e+07   5.7556152e+01
   1.4511222e+07   4.3762207e+01
   1.4511275e+07   4.5104980e+01
   1.4511290e+07   5.3161621e+01
   1.4511337e+07   4.5166016e+01
   1.4511423e+07   6.3903809e+01
   1.4511452e+07   4.4494629e+01
   1.4511586e+07   4.8645020e+01
   1.4511658e+07   4.4494629e+01
   1.4511693e+07   4.4982910e+01
   1.4512087e+07   4.9133301e+01
   1.4555019e+07   4.5471191e+01
   1.4555171e+07   4.8461914e+01
   1.4555198e+07   4.9743652e+01
   1.4555329e+07   6.7443848e+01
   1.4555369e+07   4.5837402e+01
   1.4555472e+07   4.9621582e+01
   1.4555673e+07   5.3710938e+01
   1.4555702e+07   4.6691895e+01
   1.4555732e+07   5.3161621e+01
   1.4555826e+07   4.6081543e+01
   1.4555850e+07   4.6020508e+01
   1.4555960e+07   4.6813965e+01
   1.4580851e+07   5.0659180e+01
   1.4581061e+07   4.5410156e+01
   1.4581129e+07   4.9865723e+01
   1.4581433e+07   4.4372559e+01
   1.4581489e+07   5.6030273e+01
   1.4581582e+07   6.0607910e+01
   1.4581744e+07   5.3283691e+01
   1.4581789e+07   4.3579102e+01
   1.4607704e+07   5.4931641e+01
   1.4607751e+07   5.9326172e+01
   1.4607954e+07   4.9133301e+01
   1.4608011e+07   5.8410645e+01
   1.4608079e+07   5.4504395e+01
   1.4608172e+07   4.8217773e+01
   1.4608216e+07   4.4494629e+01
   1.4608339e+07   4.5837402e+01
   1.4608562e+07   4.3762207e+01
   1.4608591e+07   5.1940918e+01
   1.4608686e+07   4.8095703e+01
   1.4608795e+07   4.4921875e+01
   1.4634317e+07   5.1086426e+01
   1.4634382e+07   4.8950195e+01
   1.4634427e+07   4.3395996e+01
   1.4634517e+07   4.8645020e+01
   1.4634826e+07   4.4067383e+01
   1.4634851e+07   5.0964355e+01
   1.4659635e+07   5.1330566e+01
   1.4659762e+07   4.5410156e+01
   1.4659788e+07   5.1391602e+01
   1.4660000e+07   4.6386719e+01
   1.4660030e+07   5.1513672e+01
   1.4660330e+07   4.7668457e+01
   1.4685019e+07   5.4138184e+01
   1.4685168e+07   4.6508789e+01
   1.4685253e+07   4.4433594e+01
   1.4685355e+07   5.0048828e+01
   1.4685683e+07   4.4677734e+01
   1.4686281e+07   4.4189453e+01
   1.4710974e+07   4.3640137e+01
   1.4711029e+07   4.3029785e+01
   1.4711136e+07   4.7851563e+01
   1.4711187e+07   4.4128418e+01
   1.4711417e+07   4.3762207e+01
   1.4711542e+07   4.3884277e+01
   1.4711569e+07   4.4128418e+01
   1.4711803e+07   4.6936035e+01
   1.4738893e+07   5.5175781e+01
   1.4739083e+07   4.4372559e+01
   1.4739117e+07   4.3334961e+01
   1.4739268e+07   5.0415039e+01
   1.4739302e+07   5.4443359e+01
   1.4739463e+07   4.7912598e+01
   1.4739679e+07   4.3029785e+01
   1.4739934e+07   4.3884277e+01
   1.4769084e+07   4.6142578e+01
   1.4769187e+07   5.4504395e+01
   1.4769299e+07   4.4555664e+01
   1.4769734e+07   4.9255371e+01
   1.4801185e+07   5.9570313e+01
   1.4801364e+07   4.6081543e+01
   1.4801578e+07   4.6630859e+01
   1.4801700e+07   4.5898438e+01
   1.4801725e+07   5.4565430e+01
   1.4802177e+07   4.3334961e+01
   1.4802282e+07   4.5593262e+01
   1.4826358e+07   4.9316406e+01
   1.4826475e+07   4.6936035e+01
   1.4854912e+07   6.3293457e+01
   1.4855265e+07   4.9804688e+01
   1.4855312e+07   4.9743652e+01
   1.4855414e+07   4.3579102e+01
   1.4855471e+07   4.3090820e+01
   1.4855685e+07   4.8950195e+01
   1.4856046e+07   4.4189453e+01
   1.4887737e+07   4.3640137e+01
   1.4887779e+07   4.3945313e+01
   1.4887882e+07   4.6264648e+01
   1.4888077e+07   4.3395996e+01
   1.4888226e+07   4.7180176e+01
   1.4888515e+07   4.3518066e+01
   1.4888901e+07   5.0415039e+01
   1.4921498e+07   5.9875488e+01
   1.4921800e+07   5.2795410e+01
   1.4921995e+07   4.4677734e+01
   1.4922130e+07   4.7119141e+01
   1.4922153e+07   4.3395996e+01
   1.4922603e+07   6.3354492e+01
   1.4968767e+07   5.4138184e+01
   1.4968869e+07   4.5532227e+01
   1.4968942e+07   4.4921875e+01
   1.4969028e+07   6.0485840e+01
   1.4969072e+07   5.4199219e+01
   1.4969441e+07   4.4311523e+01
   1.4969716e+07   4.4494629e+01
   1.4969776e+07   5.2368164e+01
