   1.4997500e+07   0.0000000e+00
   1.4634500e+05   3.7231445e+01
   2.1454200e+05   3.6926270e+01
   2.1460000e+05   3.7719727e+01
   2.7718000e+05   3.9184570e+01
   2.7720900e+05   4.5837402e+01
   3.3788100e+05   3.5644531e+01
   3.6775200e+05   3.6865234e+01
   5.8609700e+05   3.7353516e+01
   6.1449600e+05   3.5278320e+01
   6.4016900e+05   3.7414551e+01
   6.6742700e+05   3.6865234e+01
   6.9574200e+05   3.5461426e+01
   6.9577200e+05   3.6743164e+01
   7.8926800e+05   3.4912109e+01
   8.2641200e+05   3.6315918e+01
   9.7244100e+05   3.5400391e+01
   1.6977550e+06   3.7048340e+01
   1.6979480e+06   3.5583496e+01
   1.8409360e+06   3.5034180e+01
   1.8409960e+06   3.8269043e+01
   2.0067360e+06   3.6987305e+01
   2.3091050e+06   3.8146973e+01
   2.4585800e+06   3.7353516e+01
   2.5500640e+06   3.5156250e+01
   2.5502900e+06   4.0527344e+01
   2.5504640e+06   4.6264648e+01
   2.6189150e+06   3.5827637e+01
   2.6190400e+06   4.7241211e+01
   2.7459960e+06   3.6682129e+01
   2.8942230e+06   3.4851074e+01
   3.0051790e+06   3.5644531e+01
   3.1144900e+06   3.7902832e+01
   3.2179500e+06   3.7170410e+01
   3.2183020e+06   3.6682129e+01
   3.8262410e+06   3.7231445e+01
   3.8263620e+06   3.6743164e+01
   3.8763710e+06   3.8208008e+01
   4.0192300e+06   3.8208008e+01
   4.1431290e+06   3.6499023e+01
   4.4307160e+06   3.5278320e+01
   5.1023870e+06   3.5583496e+01
   5.1024720e+06   4.2968750e+01
   5.2287250e+06   4.1503906e+01
   5.3720130e+06   3.6193848e+01
   5.4203770e+06   3.6499023e+01
   5.6300250e+06   3.6254883e+01
   5.6300870e+06   3.5400391e+01
   5.8214640e+06   3.8024902e+01
   6.0840740e+06   3.5827637e+01
   6.0841160e+06   3.8208008e+01
   6.5407700e+06   3.5705566e+01
   6.7733940e+06   3.7536621e+01
   6.9326940e+06   3.9245605e+01
   7.3524790e+06   3.6926270e+01
   8.4142830e+06   3.4851074e+01
   8.4892900e+06   4.3395996e+01
   8.5941420e+06   3.5827637e+01
   8.7645710e+06   3.5278320e+01
   9.1340800e+06   3.5522461e+01
   9.9154800e+06   3.8635254e+01
   9.9156960e+06   4.5410156e+01
   1.0044790e+07   3.8024902e+01
   1.0201131e+07   3.5217285e+01
   1.0498073e+07   3.4851074e+01
   1.0863273e+07   3.5827637e+01
   1.1306577e+07   3.5461426e+01
   1.1434375e+07   3.8330078e+01
   1.2519066e+07   3.5766602e+01
   1.2519208e+07   3.7170410e+01
   1.2622937e+07   4.0893555e+01
   1.2736413e+07   3.6865234e+01
   1.2736508e+07   3.6132813e+01
   1.2807928e+07   3.7780762e+01
   1.2924497e+07   4.0100098e+01
   1.3083827e+07   4.0588379e+01
   1.4067910e+07   3.6010742e+01
   1.4218200e+07   3.5827637e+01
   1.4334267e+07   3.6254883e+01
   1.4465488e+07   4.2297363e+01
   1.4465792e+07   3.6621094e+01
   1.4554941e+07   3.5522461e+01
   1.4921758e+07   3.6437988e+01
