   1.4997500e+07   0.0000000e+00
   1.8540000e+03   4.3273926e+01
   1.9320000e+03   5.7006836e+01
   2.0200000e+03   4.2175293e+01
   2.1160000e+03   4.2236328e+01
   2.1400000e+03   5.1635742e+01
   2.3120000e+03   4.1442871e+01
   1.4584700e+05   4.4189453e+01
   1.4592700e+05   5.6945801e+01
   1.4601800e+05   5.5358887e+01
   1.4615400e+05   4.1748047e+01
   1.4625400e+05   4.3029785e+01
   2.1425500e+05   4.0649414e+01
   2.1442700e+05   4.6325684e+01
   2.1454400e+05   4.1381836e+01
   2.1466300e+05   4.2480469e+01
   2.1480900e+05   4.6691895e+01
   2.1486700e+05   4.8217773e+01
   2.1498100e+05   4.0954590e+01
   2.7702100e+05   4.4860840e+01
   2.7708800e+05   4.9133301e+01
   2.7722500e+05   4.3579102e+01
   2.7736300e+05   4.1564941e+01
   2.7741100e+05   4.8095703e+01
   2.7745400e+05   4.6630859e+01
   3.3782500e+05   4.1320801e+01
   3.3794200e+05   5.1208496e+01
   3.3798900e+05   4.2541504e+01
   3.3802800e+05   5.2734375e+01
   3.3804400e+05   4.0893555e+01
   3.3806900e+05   4.5898438e+01
   3.6752700e+05   4.4311523e+01
   3.6761300e+05   4.1442871e+01
   3.6766000e+05   4.3212891e+01
   3.6780400e+05   5.2734375e+01
   3.9528800e+05   4.2358398e+01
   3.9544500e+05   4.0344238e+01
   3.9552300e+05   4.2907715e+01
   3.9560000e+05   4.2053223e+01
   3.9563900e+05   5.0170898e+01
   3.9580100e+05   4.1015625e+01
   4.2272400e+05   4.2602539e+01
   4.2279900e+05   5.0842285e+01
   4.2310500e+05   4.1076660e+01
   4.5562300e+05   4.1870117e+01
   4.8082300e+05   4.8522949e+01
   5.1037600e+05   4.1931152e+01
   5.1056800e+05   4.2297363e+01
   5.1072600e+05   4.2846680e+01
   5.3342600e+05   4.0954590e+01
   5.3417700e+05   4.0405273e+01
   5.6103900e+05   4.0893555e+01
   5.6110500e+05   4.0527344e+01
   5.8576900e+05   5.4870605e+01
   6.1421400e+05   4.2541504e+01
   6.1428900e+05   4.0283203e+01
   6.1438400e+05   5.3527832e+01
   6.1449900e+05   4.6447754e+01
   6.1457900e+05   4.1198730e+01
   6.4032300e+05   4.3395996e+01
   6.4033500e+05   5.5725098e+01
   6.4038100e+05   4.3457031e+01
   6.6715800e+05   4.9743652e+01
   6.6719600e+05   4.0649414e+01
   6.6734800e+05   4.0893555e+01
   6.9526200e+05   4.1198730e+01
   6.9531600e+05   4.0588379e+01
   6.9554000e+05   4.4067383e+01
   7.2383900e+05   4.0710449e+01
   7.5572500e+05   4.2724609e+01
   7.8923400e+05   4.0588379e+01
   8.2600300e+05   4.5471191e+01
   8.2620200e+05   4.3762207e+01
   8.5979600e+05   4.3701172e+01
   8.8896900e+05   4.1381836e+01
   8.8925000e+05   4.1015625e+01
   8.8942500e+05   4.1870117e+01
   9.2823300e+05   4.6142578e+01
   9.2850500e+05   4.4921875e+01
   9.2877100e+05   4.1870117e+01
   9.7254300e+05   4.1015625e+01
   1.0157630e+06   4.4067383e+01
   1.0158850e+06   4.7912598e+01
   1.0159410e+06   4.8645020e+01
   1.0160350e+06   4.6997070e+01
   1.0673250e+06   4.9011230e+01
   1.6975630e+06   4.3151855e+01
   1.6976020e+06   4.6081543e+01
   1.6976420e+06   4.1625977e+01
   1.6977660e+06   4.1320801e+01
   1.6979220e+06   4.1503906e+01
   1.8410250e+06   4.3212891e+01
   1.8411940e+06   5.1696777e+01
   2.0068960e+06   4.2236328e+01
   2.0069450e+06   4.8095703e+01
   2.0069820e+06   4.6569824e+01
   2.0070820e+06   5.3161621e+01
   2.0071220e+06   4.6997070e+01
   2.0071540e+06   6.0607910e+01
   2.0072860e+06   4.0344238e+01
   2.0073260e+06   4.1076660e+01
   2.0073530e+06   4.2968750e+01
   2.1137740e+06   5.4870605e+01
   2.1139220e+06   4.2785645e+01
   2.3088740e+06   4.3579102e+01
   2.3090090e+06   4.4799805e+01
   2.3090430e+06   4.3151855e+01
   2.3090700e+06   4.0466309e+01
   2.3091040e+06   4.7363281e+01
   2.3092460e+06   4.7241211e+01
   2.3092730e+06   4.1564941e+01
   2.4583120e+06   4.0344238e+01
   2.4583540e+06   4.4189453e+01
   2.4583650e+06   4.2419434e+01
   2.4583950e+06   4.6691895e+01
   2.4584980e+06   4.1809082e+01
   2.4585910e+06   4.6569824e+01
   2.4586460e+06   4.0649414e+01
   2.5501900e+06   4.2114258e+01
   2.5502880e+06   5.2185059e+01
   2.5503000e+06   4.4433594e+01
   2.5503380e+06   4.8400879e+01
   2.5503520e+06   5.2307129e+01
   2.5503660e+06   4.0954590e+01
   2.5504350e+06   4.6386719e+01
   2.5505780e+06   6.1218262e+01
   2.6188920e+06   4.2663574e+01
   2.6189330e+06   4.6569824e+01
   2.6189630e+06   4.7729492e+01
   2.6189860e+06   4.5776367e+01
   2.6190590e+06   4.3701172e+01
   2.6191770e+06   4.3395996e+01
   2.6192800e+06   4.0649414e+01
   2.6742690e+06   4.8767090e+01
   2.6743080e+06   4.7180176e+01
   2.6743650e+06   6.0058594e+01
   2.6746000e+06   4.8400879e+01
   2.7173090e+06   4.2419434e+01
   2.7173700e+06   4.8339844e+01
   2.7173920e+06   4.3701172e+01
   2.7174300e+06   4.6386719e+01
   2.7177520e+06   4.0588379e+01
   2.7457990e+06   5.0231934e+01
   2.7458360e+06   6.4575195e+01
   2.7462170e+06   4.0283203e+01
   2.7462780e+06   4.0893555e+01
   2.7808930e+06   4.6875000e+01
   2.7810180e+06   4.9072266e+01
   2.7811410e+06   5.4321289e+01
   2.7812860e+06   4.7668457e+01
   2.8112150e+06   4.4372559e+01
   2.8113110e+06   4.4006348e+01
   2.8114700e+06   4.3701172e+01
   2.8115670e+06   4.5898438e+01
   2.8383660e+06   4.2053223e+01
   2.8383830e+06   4.1625977e+01
   2.8664440e+06   4.5898438e+01
   2.8667860e+06   4.9194336e+01
   2.8668240e+06   4.2907715e+01
   2.8942050e+06   4.8095703e+01
   2.8944040e+06   4.0649414e+01
   2.8944580e+06   4.6875000e+01
   2.9506940e+06   4.5288086e+01
   2.9507630e+06   4.0527344e+01
   2.9769250e+06   4.5776367e+01
   2.9772240e+06   4.2175293e+01
   2.9773010e+06   4.1320801e+01
   3.0054400e+06   4.5837402e+01
   3.0391130e+06   4.1931152e+01
   3.0682460e+06   4.2175293e+01
   3.1141740e+06   4.9438477e+01
   3.1143560e+06   4.1992188e+01
   3.2179830e+06   5.3222656e+01
   3.2768420e+06   4.0832520e+01
   3.2768960e+06   4.3579102e+01
   3.2769660e+06   5.1147461e+01
   3.2770880e+06   4.5288086e+01
   3.2771130e+06   4.4433594e+01
   3.2773030e+06   4.3090820e+01
   3.6288730e+06   4.0527344e+01
   3.6289580e+06   5.2062988e+01
   3.6289910e+06   5.3039551e+01
   3.6290900e+06   6.2194824e+01
   3.6292000e+06   4.1320801e+01
   3.6293650e+06   4.0710449e+01
   3.8262120e+06   4.1870117e+01
   3.8262760e+06   4.8034668e+01
   3.8263340e+06   5.0781250e+01
   3.8265000e+06   4.2480469e+01
   3.8758060e+06   4.3640137e+01
   3.8760420e+06   4.1198730e+01
   3.8762780e+06   4.0954590e+01
   3.8764140e+06   5.5114746e+01
   3.9297120e+06   4.2724609e+01
   3.9299310e+06   4.7546387e+01
   3.9299620e+06   5.5725098e+01
   3.9302230e+06   4.2724609e+01
   3.9718800e+06   4.0222168e+01
   3.9720610e+06   4.2846680e+01
   4.0188890e+06   4.2053223e+01
   4.0192830e+06   4.0710449e+01
   4.0518290e+06   5.2856445e+01
   4.0518710e+06   5.1513672e+01
   4.0519980e+06   4.0466309e+01
   4.0520290e+06   4.1503906e+01
   4.0520820e+06   4.5227051e+01
   4.0522020e+06   4.3457031e+01
   4.0793750e+06   4.8828125e+01
   4.0795330e+06   4.1503906e+01
   4.1104290e+06   5.4138184e+01
   4.1104650e+06   4.6020508e+01
   4.1106620e+06   4.2175293e+01
   4.1107490e+06   4.4189453e+01
   4.1429170e+06   4.3273926e+01
   4.1436570e+06   4.4494629e+01
   4.1680980e+06   4.1625977e+01
   4.2009530e+06   4.5471191e+01
   4.2010090e+06   4.0588379e+01
   4.2012110e+06   4.5288086e+01
   4.2307970e+06   4.4860840e+01
   4.2310800e+06   4.3395996e+01
   4.2616110e+06   4.4921875e+01
   4.2616310e+06   4.9926758e+01
   4.2621030e+06   4.1503906e+01
   4.2621680e+06   5.2185059e+01
   4.2946300e+06   4.2785645e+01
   4.3409940e+06   6.9030762e+01
   4.3411420e+06   4.3640137e+01
   4.3412320e+06   4.7424316e+01
   4.3832690e+06   4.7363281e+01
   4.4306990e+06   4.6752930e+01
   4.4746670e+06   4.7424316e+01
   4.4753100e+06   4.6325684e+01
   4.5279410e+06   4.5410156e+01
   4.5281250e+06   4.5959473e+01
   4.5281720e+06   4.2724609e+01
   4.5283570e+06   5.0109863e+01
   4.5283670e+06   4.2602539e+01
   4.5284810e+06   4.6936035e+01
   5.1024000e+06   4.0527344e+01
   5.1025190e+06   4.3701172e+01
   5.1025790e+06   5.5480957e+01
   5.1026430e+06   4.8095703e+01
   5.1028840e+06   4.0527344e+01
   5.2283900e+06   4.2297363e+01
   5.2285460e+06   4.5959473e+01
   5.3720720e+06   5.3283691e+01
   5.3721120e+06   4.6813965e+01
   5.3721590e+06   4.3395996e+01
   5.3722360e+06   4.9072266e+01
   5.3722590e+06   5.4870605e+01
   5.3723770e+06   4.6142578e+01
   5.3724400e+06   4.6325684e+01
   5.3725500e+06   4.5593262e+01
   5.4202220e+06   4.9255371e+01
   5.4202620e+06   4.1625977e+01
   5.4203480e+06   5.6823730e+01
   5.4203940e+06   4.9316406e+01
   5.4204890e+06   4.5410156e+01
   5.4205840e+06   4.1137695e+01
   5.5001580e+06   4.8278809e+01
   5.5002420e+06   4.8889160e+01
   5.5002960e+06   4.4494629e+01
   5.5004010e+06   4.1564941e+01
   5.5004240e+06   5.2429199e+01
   5.5004830e+06   4.2968750e+01
   5.5005450e+06   4.3701172e+01
   5.5005630e+06   4.7912598e+01
   5.5006630e+06   4.1809082e+01
   5.5377450e+06   4.0405273e+01
   5.5378480e+06   4.5227051e+01
   5.5379990e+06   5.1025391e+01
   5.5383700e+06   4.0527344e+01
   5.5772260e+06   4.7790527e+01
   5.5773730e+06   4.6508789e+01
   5.5774280e+06   4.3518066e+01
   5.6057860e+06   4.1564941e+01
   5.6058010e+06   4.5837402e+01
   5.6059060e+06   4.7058105e+01
   5.6301180e+06   4.0283203e+01
   5.6301640e+06   4.3518066e+01
   5.6562590e+06   4.2785645e+01
   5.6562800e+06   4.5471191e+01
   5.6565400e+06   4.8217773e+01
   5.6566350e+06   4.0527344e+01
   5.6824310e+06   4.4982910e+01
   5.7064510e+06   4.6508789e+01
   5.7065110e+06   4.0649414e+01
   5.7065990e+06   4.3273926e+01
   5.7067900e+06   4.0222168e+01
   5.7333670e+06   4.7180176e+01
   5.7333960e+06   4.5227051e+01
   5.7334960e+06   4.5471191e+01
   5.7578950e+06   4.1931152e+01
   5.7579200e+06   4.6752930e+01
   5.7915120e+06   4.6997070e+01
   5.7919860e+06   4.0466309e+01
   5.8214920e+06   4.6142578e+01
   5.8217000e+06   4.7119141e+01
   5.8218170e+06   4.3945313e+01
   5.8218830e+06   4.1625977e+01
   5.8512490e+06   4.3762207e+01
   5.8514050e+06   4.0527344e+01
   5.8514940e+06   4.4799805e+01
   5.8518180e+06   4.2663574e+01
   5.8966870e+06   5.0354004e+01
   5.8969730e+06   4.3212891e+01
   5.9396850e+06   4.2846680e+01
   5.9397070e+06   5.1635742e+01
   5.9398970e+06   4.1809082e+01
   5.9401540e+06   4.0527344e+01
   5.9843820e+06   4.0771484e+01
   6.0328310e+06   5.1391602e+01
   6.0331730e+06   4.2053223e+01
   6.0839640e+06   4.0771484e+01
   6.0840800e+06   4.1809082e+01
   6.0843500e+06   4.5349121e+01
   6.5407530e+06   5.0109863e+01
   6.5408390e+06   4.8034668e+01
   6.5410160e+06   4.9377441e+01
   6.7731040e+06   4.1870117e+01
   6.7731260e+06   4.6142578e+01
   6.7732570e+06   6.4880371e+01
   6.7737160e+06   4.3273926e+01
   6.8735370e+06   4.4189453e+01
   6.8735610e+06   4.4006348e+01
   6.8737240e+06   4.0954590e+01
   6.8737670e+06   5.3771973e+01
   6.8738050e+06   4.0771484e+01
   6.9328140e+06   4.4616699e+01
   6.9328750e+06   4.2297363e+01
   6.9328980e+06   4.5410156e+01
   6.9330220e+06   4.3701172e+01
   6.9331460e+06   5.2001953e+01
   6.9332290e+06   5.0292969e+01
   6.9333040e+06   4.4494629e+01
   6.9929230e+06   4.6508789e+01
   6.9929360e+06   6.1950684e+01
   6.9931770e+06   5.4321289e+01
   7.0364540e+06   5.8105469e+01
   7.0367460e+06   4.6020508e+01
   7.0773150e+06   4.1076660e+01
   7.0773800e+06   4.1503906e+01
   7.0774950e+06   4.3701172e+01
   7.0775230e+06   4.4555664e+01
   7.0777870e+06   4.1870117e+01
   7.1068750e+06   4.1137695e+01
   7.1070020e+06   4.0649414e+01
   7.1070540e+06   4.0893555e+01
   7.1071350e+06   4.3090820e+01
   7.1071580e+06   4.1564941e+01
   7.1352190e+06   4.1259766e+01
   7.1353530e+06   4.6325684e+01
   7.1354690e+06   4.0588379e+01
   7.1355180e+06   4.4616699e+01
   7.1602100e+06   5.1208496e+01
   7.1603190e+06   4.0954590e+01
   7.1895630e+06   4.3518066e+01
   7.1898000e+06   4.1687012e+01
   7.1898650e+06   4.5349121e+01
   7.3026410e+06   4.3701172e+01
   7.3027900e+06   4.8217773e+01
   7.3028880e+06   4.6203613e+01
   7.3029200e+06   4.1564941e+01
   7.3030150e+06   4.3151855e+01
   7.3523880e+06   4.5715332e+01
   7.3525900e+06   4.6264648e+01
   7.3842490e+06   4.2846680e+01
   7.4286510e+06   4.1198730e+01
   7.4288050e+06   4.1015625e+01
   7.4291880e+06   4.0588379e+01
   7.5399890e+06   5.0109863e+01
   7.5400380e+06   5.3710938e+01
   7.5401740e+06   4.9499512e+01
   7.5404920e+06   4.8767090e+01
   8.1030400e+06   5.7067871e+01
   8.1031430e+06   4.6936035e+01
   8.1033010e+06   4.1320801e+01
   8.1033770e+06   4.9194336e+01
   8.1034140e+06   5.1147461e+01
   8.2630190e+06   4.1992188e+01
   8.2631340e+06   4.2358398e+01
   8.2631650e+06   5.9814453e+01
   8.2631810e+06   4.1564941e+01
   8.2632270e+06   5.7189941e+01
   8.2632730e+06   4.2358398e+01
   8.2635710e+06   4.0649414e+01
   8.3144090e+06   4.3640137e+01
   8.3144970e+06   4.1320801e+01
   8.3146760e+06   4.4616699e+01
   8.3147230e+06   6.2316895e+01
   8.3148200e+06   5.4687500e+01
   8.3149380e+06   4.5043945e+01
   8.3642170e+06   4.6386719e+01
   8.3642680e+06   4.3945313e+01
   8.3642980e+06   4.0283203e+01
   8.3643840e+06   4.5593262e+01
   8.3644050e+06   4.1503906e+01
   8.3647930e+06   4.3579102e+01
   8.4141610e+06   4.6142578e+01
   8.4142310e+06   4.0710449e+01
   8.4143920e+06   5.1574707e+01
   8.4892500e+06   6.2805176e+01
   8.4892890e+06   4.5959473e+01
   8.4893020e+06   4.3090820e+01
   8.4894010e+06   4.6081543e+01
   8.4895690e+06   4.4738770e+01
   8.5285220e+06   4.6997070e+01
   8.5287490e+06   4.2236328e+01
   8.5662270e+06   4.2602539e+01
   8.5665970e+06   4.2358398e+01
   8.5941280e+06   4.2724609e+01
   8.5944070e+06   4.3212891e+01
   8.5945830e+06   4.5349121e+01
   8.5946040e+06   4.0771484e+01
   8.6205890e+06   4.1381836e+01
   8.6207490e+06   4.3212891e+01
   8.6489430e+06   4.6447754e+01
   8.6492850e+06   4.8828125e+01
   8.6774260e+06   4.4067383e+01
   8.6775340e+06   4.1992188e+01
   8.7030900e+06   4.0649414e+01
   8.7315580e+06   4.4982910e+01
   8.8038130e+06   4.2114258e+01
   8.8039370e+06   4.0588379e+01
   8.8039500e+06   5.2734375e+01
   8.8409180e+06   4.1076660e+01
   8.8409550e+06   4.3212891e+01
   8.8767140e+06   4.8156738e+01
   8.9563370e+06   4.0405273e+01
   8.9564150e+06   4.4982910e+01
   9.0893400e+06   4.2114258e+01
   9.0900560e+06   4.0710449e+01
   9.0903870e+06   4.2297363e+01
   9.2221730e+06   4.2724609e+01
   9.2811560e+06   4.4067383e+01
   9.2818290e+06   4.5227051e+01
   9.5647120e+06   5.1452637e+01
   9.5647580e+06   4.0832520e+01
   9.5648470e+06   4.9621582e+01
   9.5648820e+06   4.4738770e+01
   9.5649830e+06   4.7180176e+01
   9.5651790e+06   4.6630859e+01
   9.9156290e+06   4.0283203e+01
   9.9156700e+06   4.3640137e+01
   9.9157220e+06   4.1503906e+01
   9.9157630e+06   4.3823242e+01
   9.9159800e+06   4.1748047e+01
   1.0044639e+07   4.2968750e+01
   1.0044668e+07   4.5349121e+01
   1.0044693e+07   5.1391602e+01
   1.0044800e+07   5.6335449e+01
   1.0044828e+07   4.7973633e+01
   1.0044945e+07   4.1381836e+01
   1.0045036e+07   4.1015625e+01
   1.0201076e+07   4.5227051e+01
   1.0201087e+07   5.9753418e+01
   1.0201545e+07   4.0954590e+01
   1.0498117e+07   4.6508789e+01
   1.0498249e+07   4.4311523e+01
   1.0498315e+07   4.9621582e+01
   1.0498364e+07   4.3395996e+01
   1.0498419e+07   4.7424316e+01
   1.0682710e+07   4.4677734e+01
   1.0682758e+07   4.0405273e+01
   1.0682791e+07   5.0903320e+01
   1.0682816e+07   5.6640625e+01
   1.0682842e+07   4.1381836e+01
   1.0682878e+07   5.0964355e+01
   1.0683032e+07   4.7851563e+01
   1.0683059e+07   5.4931641e+01
   1.0683162e+07   4.4555664e+01
   1.0808842e+07   5.2551270e+01
   1.0808871e+07   4.3457031e+01
   1.0808895e+07   4.1748047e+01
   1.0808926e+07   4.3273926e+01
   1.0808997e+07   4.5043945e+01
   1.0809117e+07   5.3039551e+01
   1.0863306e+07   4.6142578e+01
   1.0863357e+07   4.0954590e+01
   1.0863435e+07   5.1025391e+01
   1.0863449e+07   4.1992188e+01
   1.0863494e+07   4.4372559e+01
   1.0863627e+07   5.2001953e+01
   1.0863818e+07   4.3029785e+01
   1.0927117e+07   4.0283203e+01
   1.0927291e+07   4.0527344e+01
   1.0927423e+07   4.7912598e+01
   1.0927589e+07   4.1381836e+01
   1.0965022e+07   4.1442871e+01
   1.0965114e+07   4.4372559e+01
   1.0965142e+07   4.0588379e+01
   1.0965225e+07   4.2541504e+01
   1.0965273e+07   4.3701172e+01
   1.0996177e+07   4.0588379e+01
   1.1028515e+07   4.3151855e+01
   1.1055225e+07   4.1076660e+01
   1.1055382e+07   4.0405273e+01
   1.1055522e+07   4.6691895e+01
   1.1080437e+07   4.1442871e+01
   1.1080981e+07   4.1503906e+01
   1.1106649e+07   4.6264648e+01
   1.1158468e+07   5.2001953e+01
   1.1184169e+07   4.0527344e+01
   1.1184264e+07   5.2429199e+01
   1.1210723e+07   4.0283203e+01
   1.1306368e+07   4.6264648e+01
   1.1394098e+07   4.2297363e+01
   1.1543270e+07   4.0588379e+01
   1.1590068e+07   4.4616699e+01
   1.2311674e+07   4.0344238e+01
   1.2311776e+07   4.5166016e+01
   1.2518999e+07   4.5288086e+01
   1.2519037e+07   4.5471191e+01
   1.2519163e+07   4.6020508e+01
   1.2622925e+07   5.1635742e+01
   1.2623262e+07   4.6264648e+01
   1.2623321e+07   4.0771484e+01
   1.2623395e+07   4.4128418e+01
   1.2623520e+07   4.2724609e+01
   1.2673025e+07   4.2358398e+01
   1.2673152e+07   4.4250488e+01
   1.2673280e+07   4.0527344e+01
   1.2736469e+07   5.7739258e+01
   1.2736918e+07   4.2297363e+01
   1.2737035e+07   4.1809082e+01
   1.2773185e+07   4.5410156e+01
   1.2773371e+07   4.3579102e+01
   1.2773769e+07   4.5410156e+01
   1.2773851e+07   4.1015625e+01
   1.2808014e+07   4.8706055e+01
   1.2833138e+07   4.8095703e+01
   1.2856683e+07   4.0771484e+01
   1.2857245e+07   4.5898438e+01
   1.2857330e+07   4.4006348e+01
   1.2924482e+07   4.5898438e+01
   1.2985728e+07   4.3579102e+01
   1.3018395e+07   4.8522949e+01
   1.3052282e+07   4.4128418e+01
   1.3256231e+07   4.5288086e+01
   1.3256608e+07   4.1137695e+01
   1.3256790e+07   4.8889160e+01
   1.3305828e+07   4.1442871e+01
   1.4067861e+07   4.0222168e+01
   1.4067904e+07   4.3395996e+01
   1.4067967e+07   5.3527832e+01
   1.4068022e+07   4.3945313e+01
   1.4068071e+07   4.2114258e+01
   1.4068211e+07   4.6386719e+01
   1.4218274e+07   4.3579102e+01
   1.4218291e+07   4.7546387e+01
   1.4218347e+07   4.3457031e+01
   1.4218426e+07   6.1889648e+01
   1.4218617e+07   4.7302246e+01
   1.4334371e+07   5.7434082e+01
   1.4334405e+07   4.6813965e+01
   1.4334439e+07   4.3457031e+01
   1.4388420e+07   4.2419434e+01
   1.4388477e+07   4.6203613e+01
   1.4388596e+07   4.1687012e+01
   1.4388631e+07   4.3518066e+01
   1.4388729e+07   6.1645508e+01
   1.4388858e+07   4.5349121e+01
   1.4388881e+07   4.8889160e+01
   1.4389023e+07   4.3457031e+01
   1.4465486e+07   4.7790527e+01
   1.4465596e+07   4.3579102e+01
   1.4465650e+07   4.5227051e+01
   1.4465774e+07   5.0659180e+01
   1.4465908e+07   4.3823242e+01
   1.4511095e+07   4.3518066e+01
   1.4511293e+07   5.4748535e+01
   1.4511606e+07   5.5114746e+01
   1.4555150e+07   4.1015625e+01
   1.4555247e+07   4.2541504e+01
   1.4555330e+07   4.3273926e+01
   1.4555402e+07   4.6691895e+01
   1.4555452e+07   5.0903320e+01
   1.4555567e+07   4.1259766e+01
   1.4555746e+07   4.3273926e+01
   1.4581173e+07   4.3823242e+01
   1.4581264e+07   4.9499512e+01
   1.4607952e+07   4.4128418e+01
   1.4608077e+07   4.0771484e+01
   1.4634645e+07   6.8237305e+01
   1.4659809e+07   4.0222168e+01
   1.4685305e+07   4.1320801e+01
   1.4685391e+07   4.5410156e+01
   1.4711497e+07   4.0466309e+01
   1.4739235e+07   4.5593262e+01
   1.4739298e+07   4.6691895e+01
   1.4739717e+07   4.4555664e+01
   1.4801632e+07   4.6691895e+01
   1.4855141e+07   5.3710938e+01
   1.4855202e+07   4.6569824e+01
   1.4855215e+07   4.1198730e+01
   1.4855517e+07   4.4982910e+01
   1.4888014e+07   4.0344238e+01
   1.4969064e+07   4.0710449e+01
   1.4969354e+07   4.6508789e+01
   1.4969459e+07   4.9682617e+01
   1.4969716e+07   4.0283203e+01
