   1.1999000e+07   0.0000000e+00
   1.4800000e+04   3.1127930e+01
   2.0523000e+04   3.3935547e+01
   2.1556000e+04   3.2775879e+01
   3.5157000e+04   3.5034180e+01
   4.1806000e+04   3.1799316e+01
   4.9552000e+04   3.2592773e+01
   5.3196000e+04   3.1799316e+01
   5.5921000e+04   3.1494141e+01
   5.6308000e+04   6.2316895e+01
   5.7045000e+04   5.4382324e+01
   7.5004000e+04   3.2043457e+01
   7.9755000e+04   4.7119141e+01
   9.4150000e+04   3.2348633e+01
   9.7610000e+04   3.6254883e+01
   1.0345500e+05   3.2104492e+01
   1.0405400e+05   3.5217285e+01
   1.0493200e+05   3.3081055e+01
   1.1010100e+05   3.4240723e+01
   1.3398500e+05   3.3996582e+01
   1.5445200e+05   3.3508301e+01
   1.5597200e+05   3.6376953e+01
   1.6119700e+05   3.2714844e+01
   1.6284100e+05   3.7292480e+01
   1.6298400e+05   5.6213379e+01
   1.6733900e+05   3.5217285e+01
   1.7452800e+05   3.1921387e+01
   1.9106400e+05   3.1127930e+01
   1.9766000e+05   3.1799316e+01
   2.0391000e+05   3.3264160e+01
   2.0544700e+05   3.1372070e+01
   2.1110800e+05   3.1555176e+01
   2.3060600e+05   3.1188965e+01
   2.3826300e+05   3.1188965e+01
   2.3865800e+05   5.2734375e+01
   2.4055000e+05   3.6987305e+01
   2.4107900e+05   3.5095215e+01
   2.4112200e+05   4.7973633e+01
   2.4434900e+05   3.1188965e+01
   2.4611400e+05   5.6396484e+01
   2.4669200e+05   5.5603027e+01
   2.5230900e+05   3.1188965e+01
   2.5768700e+05   3.2958984e+01
   2.8536000e+05   3.1188965e+01
   2.9118700e+05   3.3203125e+01
   3.0582800e+05   3.6437988e+01
   3.0990600e+05   3.5888672e+01
   3.2042200e+05   3.3325195e+01
   3.2495800e+05   3.1677246e+01
   3.2500200e+05   4.4189453e+01
   3.2840500e+05   3.1921387e+01
   3.3191200e+05   3.6926270e+01
   3.3830300e+05   3.4240723e+01
   3.4517900e+05   3.4240723e+01
   3.4818600e+05   3.2714844e+01
   3.5698800e+05   3.1555176e+01
   3.7173800e+05   3.3447266e+01
   3.8139300e+05   3.4484863e+01
   3.9277400e+05   3.1799316e+01
   4.0863800e+05   3.4851074e+01
   4.1218200e+05   3.1616211e+01
   4.1396000e+05   5.3710938e+01
   4.1465300e+05   3.8146973e+01
   4.3162400e+05   3.2470703e+01
   4.4012800e+05   3.1372070e+01
   4.4545000e+05   3.3020020e+01
   4.4798600e+05   3.2653809e+01
   4.5245100e+05   3.1433105e+01
   4.5421000e+05   3.4667969e+01
   4.5438500e+05   3.1311035e+01
   4.5528900e+05   3.4179688e+01
   4.6127000e+05   3.4667969e+01
   4.6360400e+05   3.4912109e+01
   4.7699000e+05   3.4484863e+01
   5.1529700e+05   3.1250000e+01
   5.2160500e+05   3.1677246e+01
   5.2952400e+05   3.3081055e+01
   5.5075100e+05   4.2236328e+01
   5.5083000e+05   4.1198730e+01
   5.5291400e+05   3.3508301e+01
   5.5422000e+05   3.3203125e+01
   5.5525400e+05   3.2104492e+01
   5.5765800e+05   3.2653809e+01
   5.6811800e+05   3.7841797e+01
   5.7982900e+05   3.1433105e+01
   5.8025100e+05   3.1188965e+01
   5.9748800e+05   3.2043457e+01
   6.0634600e+05   3.5522461e+01
   6.1771200e+05   3.1494141e+01
   6.2564700e+05   3.2104492e+01
   6.3268600e+05   3.1372070e+01
   6.3976100e+05   3.1250000e+01
   6.4145000e+05   3.1982422e+01
   6.4378700e+05   3.7597656e+01
   6.4809900e+05   3.1982422e+01
   6.6000500e+05   3.1860352e+01
   6.9438800e+05   3.3691406e+01
   7.0800700e+05   3.2775879e+01
   7.0882000e+05   3.1188965e+01
   7.2402800e+05   3.1555176e+01
   7.4836200e+05   3.3996582e+01
   7.8777100e+05   3.1250000e+01
   8.1286700e+05   3.1127930e+01
   8.3663900e+05   3.3203125e+01
   8.4376300e+05   3.1311035e+01
   8.7449100e+05   3.1188965e+01
   8.8094000e+05   3.1555176e+01
   8.8881500e+05   3.3813477e+01
   8.9096200e+05   3.2958984e+01
   9.0579000e+05   3.6743164e+01
   9.1659700e+05   3.4118652e+01
   9.2358600e+05   3.1555176e+01
   9.2631300e+05   3.1616211e+01
   9.2687400e+05   5.4321289e+01
   9.3201500e+05   3.2592773e+01
   9.3691300e+05   3.4179688e+01
   9.3879800e+05   3.6376953e+01
   9.4744700e+05   3.2592773e+01
   9.5105800e+05   3.3508301e+01
   9.5708900e+05   3.1555176e+01
   9.6481600e+05   3.2531738e+01
   9.6886100e+05   3.2226563e+01
   9.7569800e+05   3.1677246e+01
   9.8345500e+05   3.7841797e+01
   9.8349100e+05   5.0231934e+01
   9.8722800e+05   3.3203125e+01
   9.9659900e+05   3.1372070e+01
   1.0042800e+06   3.4057617e+01
   1.0108690e+06   3.1921387e+01
   1.0198780e+06   3.3264160e+01
   1.0227310e+06   3.2653809e+01
   1.0227730e+06   3.2531738e+01
   1.0227870e+06   4.8645020e+01
   1.0228930e+06   3.1188965e+01
   1.0422070e+06   3.1433105e+01
   1.0585320e+06   3.3630371e+01
   1.0629480e+06   3.1921387e+01
   1.0686300e+06   3.3386230e+01
   1.0842830e+06   3.4912109e+01
   1.1096510e+06   3.1188965e+01
   1.1168100e+06   3.4240723e+01
   1.1326750e+06   3.7902832e+01
   1.1943420e+06   3.4118652e+01
   1.1988450e+06   3.1250000e+01
   1.2091740e+06   3.2836914e+01
   1.2428270e+06   4.1870117e+01
   1.2428650e+06   3.5644531e+01
   1.2429430e+06   3.5583496e+01
   1.2554090e+06   3.2470703e+01
   1.2567190e+06   3.2348633e+01
   1.2577200e+06   3.1127930e+01
   1.2618560e+06   3.1372070e+01
   1.2654180e+06   3.2958984e+01
   1.2737270e+06   3.1433105e+01
   1.3082520e+06   3.4240723e+01
   1.3107450e+06   3.5217285e+01
   1.3192830e+06   3.1311035e+01
   1.3206330e+06   3.2409668e+01
   1.3209910e+06   3.1494141e+01
   1.3226110e+06   3.2287598e+01
   1.3240990e+06   3.3691406e+01
   1.3303580e+06   3.7353516e+01
   1.3513220e+06   3.3691406e+01
   1.3575090e+06   3.1433105e+01
   1.3583270e+06   3.7170410e+01
   1.3642560e+06   3.8391113e+01
   1.3871910e+06   5.0659180e+01
   1.3891370e+06   3.2531738e+01
   1.3939420e+06   3.2958984e+01
   1.4074700e+06   3.2592773e+01
   1.4189400e+06   3.1250000e+01
   1.4315180e+06   6.2194824e+01
   1.4458920e+06   3.2348633e+01
   1.4589140e+06   3.5156250e+01
   1.4816330e+06   3.3569336e+01
   1.4987720e+06   3.2714844e+01
   1.5164890e+06   3.5827637e+01
   1.5215600e+06   4.8645020e+01
   1.5219840e+06   3.1372070e+01
   1.5454500e+06   3.3752441e+01
   1.5619960e+06   3.2287598e+01
   1.5856960e+06   3.2348633e+01
   1.5912750e+06   3.3447266e+01
   1.6314500e+06   6.0546875e+01
   1.6641550e+06   3.2836914e+01
   1.6675440e+06   3.1677246e+01
   1.6766650e+06   3.1433105e+01
   1.6783630e+06   3.2043457e+01
   1.6875510e+06   3.3264160e+01
   1.6937950e+06   3.3996582e+01
   1.7055880e+06   3.6743164e+01
   1.7081740e+06   3.1616211e+01
   1.7442980e+06   3.1372070e+01
   1.7758360e+06   3.4790039e+01
   1.7826810e+06   3.1860352e+01
   1.7907440e+06   3.2409668e+01
   1.8004630e+06   3.3874512e+01
   1.8101450e+06   3.1982422e+01
   1.8177810e+06   3.2531738e+01
   1.8365330e+06   3.2958984e+01
   1.8394190e+06   3.1616211e+01
   1.8440000e+06   3.5583496e+01
   1.8492270e+06   3.2409668e+01
   1.8510470e+06   3.5034180e+01
   1.8550970e+06   3.2104492e+01
   1.8645320e+06   3.4057617e+01
   1.8848830e+06   3.2714844e+01
   1.9000280e+06   3.2714844e+01
   1.9353560e+06   3.1799316e+01
   1.9403870e+06   3.6865234e+01
   1.9420850e+06   3.2165527e+01
   1.9575170e+06   3.2470703e+01
   1.9674620e+06   3.3752441e+01
   1.9859000e+06   3.1982422e+01
   1.9870290e+06   3.5461426e+01
   1.9942690e+06   3.1555176e+01
   2.0409700e+06   3.1127930e+01
   2.0493570e+06   3.1311035e+01
   2.0509450e+06   4.8583984e+01
   2.0517790e+06   3.1616211e+01
   2.0773850e+06   3.2043457e+01
   2.0797560e+06   3.1372070e+01
   2.0934230e+06   3.2348633e+01
   2.1136740e+06   3.2897949e+01
   2.1175220e+06   3.1188965e+01
   2.1199950e+06   3.4179688e+01
   2.1284380e+06   3.1127930e+01
   2.1312220e+06   3.4240723e+01
   2.1338790e+06   3.2348633e+01
   2.1368620e+06   3.1860352e+01
   2.1746630e+06   3.1188965e+01
   2.1827460e+06   3.2043457e+01
   2.1957970e+06   3.3142090e+01
   2.1979920e+06   3.1188965e+01
   2.2035570e+06   3.1555176e+01
   2.2313010e+06   3.1127930e+01
   2.2458920e+06   3.3569336e+01
   2.2568990e+06   3.1494141e+01
   2.2584930e+06   3.2348633e+01
   2.2592350e+06   3.9916992e+01
   2.2614890e+06   3.1799316e+01
   2.3853870e+06   3.2897949e+01
   2.4049380e+06   3.1250000e+01
   2.4338090e+06   3.1127930e+01
   2.4364080e+06   3.3630371e+01
   2.4419920e+06   3.4484863e+01
   2.4564210e+06   3.1372070e+01
   2.4614880e+06   3.1616211e+01
   2.4637300e+06   3.5766602e+01
   2.4665220e+06   3.1738281e+01
   2.4692970e+06   3.3508301e+01
   2.4762060e+06   3.1188965e+01
   2.5134310e+06   3.4118652e+01
   2.5155000e+06   3.1799316e+01
   2.5253820e+06   3.3142090e+01
   2.5291990e+06   3.1311035e+01
   2.5580030e+06   3.4851074e+01
   2.5619950e+06   3.3325195e+01
   2.5794470e+06   4.3090820e+01
   2.5881650e+06   3.1982422e+01
   2.5996700e+06   3.1311035e+01
   2.6077450e+06   3.5278320e+01
   2.6107670e+06   3.1982422e+01
   2.6221790e+06   3.1372070e+01
   2.6299550e+06   3.1250000e+01
   2.6490530e+06   3.1188965e+01
   2.6538140e+06   3.3142090e+01
   2.6541260e+06   3.2836914e+01
   2.6658250e+06   3.2043457e+01
   2.6964030e+06   4.7607422e+01
   2.7200960e+06   3.1433105e+01
   2.7216650e+06   3.4362793e+01
   2.7266150e+06   3.4851074e+01
   2.7285880e+06   3.1677246e+01
   2.7365920e+06   3.1860352e+01
   2.7423010e+06   3.5705566e+01
   2.7572690e+06   3.2592773e+01
   2.7690060e+06   3.2043457e+01
   2.7765380e+06   3.2592773e+01
   2.7987690e+06   3.1921387e+01
   2.8507270e+06   3.2958984e+01
   2.8604700e+06   3.3386230e+01
   2.8612780e+06   3.2409668e+01
   2.8695740e+06   3.3447266e+01
   2.8720380e+06   3.1677246e+01
   2.8903850e+06   3.1799316e+01
   2.9060080e+06   3.1616211e+01
   2.9122930e+06   3.3813477e+01
   2.9307900e+06   3.1188965e+01
   2.9422970e+06   3.1372070e+01
   2.9563460e+06   3.4057617e+01
   2.9752710e+06   3.3020020e+01
   2.9855590e+06   3.1127930e+01
   2.9934610e+06   3.1677246e+01
   2.9977760e+06   3.3020020e+01
   3.0044610e+06   3.1494141e+01
   3.0403680e+06   3.2287598e+01
   3.0619550e+06   3.2287598e+01
   3.0744610e+06   3.1555176e+01
   3.0849660e+06   3.4729004e+01
   3.0901290e+06   3.1677246e+01
   3.0910590e+06   3.2165527e+01
   3.1038510e+06   3.5827637e+01
   3.1048820e+06   5.0537109e+01
   3.1058650e+06   5.5847168e+01
   3.1277240e+06   3.1799316e+01
   3.1466890e+06   3.2348633e+01
   3.1661910e+06   3.2653809e+01
   3.1671470e+06   3.3508301e+01
   3.1829410e+06   3.5461426e+01
   3.1947020e+06   3.3508301e+01
   3.1969760e+06   3.2592773e+01
   3.2183220e+06   3.2653809e+01
   3.2218510e+06   3.1860352e+01
   3.2619680e+06   3.1738281e+01
   3.2746980e+06   3.5400391e+01
   3.2748340e+06   5.4992676e+01
   3.2749180e+06   4.2663574e+01
   3.2781650e+06   3.3935547e+01
   3.2842950e+06   4.3334961e+01
   3.3068840e+06   3.2043457e+01
   3.3122350e+06   3.1188965e+01
   3.3194180e+06   3.1494141e+01
   3.3410310e+06   3.3386230e+01
   3.3499680e+06   3.3691406e+01
   3.3860680e+06   3.2348633e+01
   3.4000650e+06   3.4057617e+01
   3.4126770e+06   3.1677246e+01
   3.4282660e+06   3.2897949e+01
   3.4535360e+06   3.3691406e+01
   3.4579560e+06   5.4687500e+01
   3.4585930e+06   3.2226562e+01
   3.4615300e+06   3.1433105e+01
   3.4628830e+06   3.6010742e+01
   3.4758210e+06   3.2348633e+01
   3.4813080e+06   3.4240723e+01
   3.4927250e+06   3.2104492e+01
   3.5212430e+06   3.1188965e+01
   3.5226970e+06   3.3813477e+01
   3.5336970e+06   3.4973145e+01
   3.5566670e+06   3.1372070e+01
   3.5731010e+06   3.2226563e+01
   3.5819700e+06   5.2612305e+01
   3.5822190e+06   4.1625977e+01
   3.6105760e+06   4.5043945e+01
   3.6307160e+06   3.2348633e+01
   3.6396650e+06   4.2663574e+01
   3.6404470e+06   3.1860352e+01
   3.6597750e+06   4.6508789e+01
   3.6605470e+06   3.1555176e+01
   3.6740080e+06   3.2165527e+01
   3.6768160e+06   3.2531738e+01
   3.6817720e+06   4.3518066e+01
   3.6819150e+06   3.8452148e+01
   3.6975800e+06   4.7607422e+01
   3.6984970e+06   3.2958984e+01
   3.7072750e+06   3.4851074e+01
   3.7077560e+06   3.1555176e+01
   3.7139610e+06   4.4616699e+01
   3.7265700e+06   3.1799316e+01
   3.7277130e+06   3.1921387e+01
   3.7402730e+06   3.3691406e+01
   3.7464040e+06   4.8217773e+01
   3.7468310e+06   3.1921387e+01
   3.7557660e+06   3.7902832e+01
   3.7561610e+06   3.3203125e+01
   3.7565900e+06   3.2653809e+01
   3.7581860e+06   3.2897949e+01
   3.7608180e+06   3.1677246e+01
   3.7623060e+06   3.1616211e+01
   3.7695970e+06   3.2409668e+01
   3.7707750e+06   5.1208496e+01
   3.7713930e+06   3.2409668e+01
   3.7790660e+06   4.6203613e+01
   3.7795930e+06   4.1931152e+01
   3.7929980e+06   3.1799316e+01
   3.7986430e+06   3.2226562e+01
   3.8026650e+06   3.3691406e+01
   3.8102230e+06   3.4118652e+01
   3.8118830e+06   3.1250000e+01
   3.8167600e+06   3.2470703e+01
   3.8260230e+06   6.1218262e+01
   3.8338050e+06   3.3081055e+01
   3.8422240e+06   4.9865723e+01
   3.8497810e+06   4.3640137e+01
   3.8585870e+06   3.3020020e+01
   3.8615410e+06   3.5888672e+01
   3.8678900e+06   5.1818848e+01
   3.8694950e+06   4.6691895e+01
   3.8699640e+06   3.9611816e+01
   3.8761390e+06   4.5104980e+01
   3.8815540e+06   4.3640137e+01
   3.8819310e+06   3.4423828e+01
   3.8973700e+06   4.1076660e+01
   3.8977760e+06   5.4626465e+01
   3.9019020e+06   4.4311523e+01
   3.9146200e+06   3.6437988e+01
   3.9237430e+06   4.1503906e+01
   3.9260960e+06   3.2714844e+01
   3.9372280e+06   4.8095703e+01
   3.9425640e+06   4.9865723e+01
   3.9429840e+06   3.1982422e+01
   3.9519800e+06   3.4484863e+01
   3.9586540e+06   3.3569336e+01
   3.9595920e+06   3.6682129e+01
   3.9632840e+06   3.3874512e+01
   3.9676990e+06   4.2846680e+01
   3.9678990e+06   3.7170410e+01
   3.9772930e+06   4.1625977e+01
   3.9839760e+06   4.2541504e+01
   3.9914200e+06   4.9987793e+01
   3.9971740e+06   3.1921387e+01
   4.0153370e+06   3.2531738e+01
   4.0247770e+06   3.6254883e+01
   4.0321390e+06   3.1188965e+01
   4.0338710e+06   4.6813965e+01
   4.0348360e+06   3.2775879e+01
   4.0374720e+06   3.3752441e+01
   4.0429590e+06   4.8095703e+01
   4.0473190e+06   3.1494141e+01
   4.0514550e+06   3.2165527e+01
   4.0591030e+06   4.3151855e+01
   4.0790460e+06   3.1860352e+01
   4.0847450e+06   3.4118652e+01
   4.0875740e+06   4.3151855e+01
   4.1140270e+06   3.1250000e+01
   4.1182560e+06   3.3996582e+01
   4.1206270e+06   4.3945313e+01
   4.1343060e+06   3.6132813e+01
   4.1364940e+06   3.2104492e+01
   4.1428180e+06   4.0832520e+01
   4.1431520e+06   3.2104492e+01
   4.1575660e+06   4.3884277e+01
   4.1640410e+06   3.1311035e+01
   4.1646130e+06   4.3823242e+01
   4.1775170e+06   4.9133301e+01
   4.1815140e+06   3.2836914e+01
   4.1843720e+06   4.2602539e+01
   4.1846370e+06   4.5227051e+01
   4.1852540e+06   4.6264648e+01
   4.2068990e+06   3.9855957e+01
   4.2164480e+06   3.1250000e+01
   4.2317270e+06   3.8818359e+01
   4.2468350e+06   3.2897949e+01
   4.2862170e+06   4.4982910e+01
   4.2872010e+06   3.2592773e+01
   4.3642290e+06   3.1188965e+01
   4.3753200e+06   3.1311035e+01
   4.4324310e+06   3.2653809e+01
   4.4497950e+06   3.2287598e+01
   4.4574410e+06   3.1494141e+01
   4.4690930e+06   3.1311035e+01
   4.4712910e+06   3.2714844e+01
   4.4784650e+06   4.1992187e+01
   4.4789780e+06   3.1372070e+01
   4.4906910e+06   3.1127930e+01
   4.5005420e+06   3.5339355e+01
   4.5022780e+06   3.5278320e+01
   4.5140420e+06   3.1616211e+01
   4.5365940e+06   3.3325195e+01
   4.5749960e+06   3.2165527e+01
   4.5751420e+06   4.1137695e+01
   4.5766240e+06   5.7128906e+01
   4.6390010e+06   3.1372070e+01
   4.6553500e+06   5.4565430e+01
   4.7034800e+06   3.2531738e+01
   4.7758220e+06   3.1555176e+01
   4.7834020e+06   3.2897949e+01
   4.8251240e+06   3.1127930e+01
   4.8305220e+06   3.1311035e+01
   4.8555960e+06   3.3935547e+01
   4.8968090e+06   3.1982422e+01
   4.9033700e+06   4.6630859e+01
   4.9035390e+06   3.4545898e+01
   4.9125920e+06   3.1372070e+01
   4.9256660e+06   4.5959473e+01
   4.9468940e+06   4.5715332e+01
   4.9650810e+06   3.1616211e+01
   4.9670310e+06   3.2104492e+01
   4.9748410e+06   5.4809570e+01
   4.9750640e+06   4.6752930e+01
   4.9752840e+06   3.4912109e+01
   4.9914240e+06   3.5583496e+01
   4.9949940e+06   3.9245605e+01
   5.0086950e+06   4.6264648e+01
   5.0213760e+06   3.6743164e+01
   5.0214340e+06   3.1677246e+01
   5.0214850e+06   3.5400391e+01
   5.0218420e+06   3.1494141e+01
   5.0651540e+06   3.2226563e+01
   5.0785320e+06   3.3569336e+01
   5.0844720e+06   3.2531738e+01
   5.1047460e+06   3.2470703e+01
   5.1400250e+06   3.3264160e+01
   5.1401360e+06   3.8635254e+01
   5.1449210e+06   3.2653809e+01
   5.1532530e+06   4.7485352e+01
   5.1712840e+06   4.4250488e+01
   5.1748630e+06   3.4790039e+01
   5.1906470e+06   3.2409668e+01
   5.2000200e+06   3.1738281e+01
   5.2048300e+06   4.8828125e+01
   5.2062300e+06   4.7790527e+01
   5.2188290e+06   5.2307129e+01
   5.2209000e+06   4.7424316e+01
   5.2304760e+06   4.2236328e+01
   5.2331560e+06   3.1372070e+01
   5.2383090e+06   3.1127930e+01
   5.2416860e+06   3.3691406e+01
   5.2434200e+06   3.3020020e+01
   5.2678490e+06   3.1860352e+01
   5.2731850e+06   3.5156250e+01
   5.2868670e+06   3.1188965e+01
   5.3005150e+06   4.1381836e+01
   5.3098830e+06   3.5461426e+01
   5.3127830e+06   3.2958984e+01
   5.3135490e+06   5.0048828e+01
   5.3222930e+06   3.5339355e+01
   5.3292960e+06   4.8461914e+01
   5.3594950e+06   3.8269043e+01
   5.3611480e+06   3.2165527e+01
   5.3698770e+06   4.5715332e+01
   5.3705950e+06   3.6315918e+01
   5.3815510e+06   3.2531738e+01
   5.4123750e+06   3.3813477e+01
   5.4253830e+06   3.1311035e+01
   5.4434420e+06   5.5969238e+01
   5.4451150e+06   3.2470703e+01
   5.4455250e+06   5.0720215e+01
   5.4455880e+06   3.1433105e+01
   5.4695800e+06   3.8085938e+01
   5.4697230e+06   3.3752441e+01
   5.4927590e+06   3.1494141e+01
   5.4954520e+06   4.4433594e+01
   5.5000210e+06   3.1311035e+01
   5.5039490e+06   3.1127930e+01
   5.5126510e+06   3.1677246e+01
   5.5174020e+06   3.1188965e+01
   5.5203000e+06   4.6630859e+01
   5.5210480e+06   4.4616699e+01
   5.5292670e+06   5.6579590e+01
   5.5408500e+06   3.1188965e+01
   5.5412500e+06   3.2775879e+01
   5.5504710e+06   5.2856445e+01
   5.5521730e+06   3.8879395e+01
   5.5843730e+06   4.2419434e+01
   5.5844250e+06   3.2409668e+01
   5.5844620e+06   3.8391113e+01
   5.5844910e+06   3.3935547e+01
   5.5845470e+06   4.3395996e+01
   5.5846480e+06   4.7790527e+01
   5.5848470e+06   3.4118652e+01
   5.5849760e+06   3.5522461e+01
   5.5852450e+06   3.4179688e+01
   5.5853590e+06   4.0527344e+01
   5.5859890e+06   3.1677246e+01
   5.5994000e+06   5.7067871e+01
   5.6098280e+06   5.4382324e+01
   5.6203760e+06   4.0771484e+01
   5.6205410e+06   3.6682129e+01
   5.6322880e+06   4.0100098e+01
   5.6531620e+06   4.4860840e+01
   5.6533230e+06   5.0292969e+01
   5.6534910e+06   3.3142090e+01
   5.6696610e+06   4.4860840e+01
   5.6803920e+06   4.6447754e+01
   5.6804450e+06   3.6315918e+01
   5.6917410e+06   4.6081543e+01
   5.7002290e+06   3.4606934e+01
   5.7003990e+06   4.0161133e+01
   5.7115380e+06   3.6437988e+01
   5.7115710e+06   3.6193848e+01
   5.7203110e+06   4.4250488e+01
   5.7205090e+06   3.9245605e+01
   5.7206690e+06   3.3752441e+01
   5.7208300e+06   3.2470703e+01
   5.7214990e+06   3.4118652e+01
   5.7337950e+06   5.2429199e+01
   5.7438240e+06   3.4667969e+01
   5.7442660e+06   3.5217285e+01
   5.7442800e+06   4.6142578e+01
   5.7446200e+06   4.2846680e+01
   5.7641780e+06   4.4250488e+01
   5.7705110e+06   4.6508789e+01
   5.7817970e+06   5.2246094e+01
   5.7944070e+06   4.3518066e+01
   5.8049940e+06   3.9306641e+01
   5.8056450e+06   4.1931152e+01
   5.8060990e+06   3.6865234e+01
   5.8172120e+06   3.2043457e+01
   5.8178320e+06   4.7607422e+01
   5.8272470e+06   3.5156250e+01
   5.8278550e+06   4.1564941e+01
   5.8281060e+06   3.4301758e+01
   5.8286360e+06   3.1799316e+01
   5.8397360e+06   4.5898438e+01
   5.8399100e+06   3.3447266e+01
   5.8507790e+06   4.6997070e+01
   5.8632800e+06   3.5583496e+01
   5.8730040e+06   5.9570313e+01
   5.8731540e+06   3.2653809e+01
   5.8739710e+06   3.4362793e+01
   5.8855390e+06   3.7292480e+01
   5.8955310e+06   3.1127930e+01
   5.9067550e+06   3.1738281e+01
   5.9067770e+06   5.3710938e+01
   5.9068850e+06   4.8400879e+01
   5.9180550e+06   4.4616699e+01
   5.9289280e+06   3.2043457e+01
   5.9293470e+06   3.2775879e+01
   5.9397400e+06   4.4982910e+01
   5.9609690e+06   5.0170898e+01
   5.9614720e+06   4.1564941e+01
   5.9630300e+06   3.3203125e+01
   5.9718510e+06   5.1147461e+01
   5.9823920e+06   4.2175293e+01
   5.9826470e+06   3.8085938e+01
   5.9836640e+06   3.1188965e+01
   6.0031700e+06   3.6376953e+01
   6.0033460e+06   4.3090820e+01
   6.0136800e+06   4.7607422e+01
   6.0343090e+06   5.4016113e+01
   6.0345290e+06   3.4423828e+01
   6.0444770e+06   4.8767090e+01
   6.0558440e+06   4.4067383e+01
   6.0658160e+06   4.4189453e+01
   6.0659270e+06   3.8391113e+01
   6.0659400e+06   3.3447266e+01
   6.0661420e+06   3.4606934e+01
   6.0867220e+06   4.2053223e+01
   6.0909770e+06   3.5339355e+01
   6.0973140e+06   4.7424316e+01
   6.0975910e+06   4.4982910e+01
   6.1076330e+06   5.0537109e+01
   6.1077130e+06   3.2348633e+01
   6.1081900e+06   4.6447754e+01
   6.1184000e+06   3.7536621e+01
   6.1197600e+06   3.8574219e+01
   6.1279600e+06   4.5532227e+01
   6.1385390e+06   3.5583496e+01
   6.1490760e+06   4.6813965e+01
   6.1492720e+06   4.8767090e+01
   6.1494070e+06   3.1860352e+01
   6.1547210e+06   3.3386230e+01
   6.1592590e+06   4.0405273e+01
   6.1594530e+06   4.3029785e+01
   6.1598590e+06   4.7668457e+01
   6.1603710e+06   3.9978027e+01
   6.1702410e+06   3.6987305e+01
   6.1718930e+06   4.6875000e+01
   6.1804970e+06   3.5766602e+01
   6.1806380e+06   4.4677734e+01
   6.1896760e+06   3.3752441e+01
   6.1906340e+06   3.9184570e+01
   6.1908670e+06   4.7058105e+01
   6.1947610e+06   3.6682129e+01
   6.1970580e+06   3.7597656e+01
   6.2010990e+06   4.3334961e+01
   6.2104400e+06   4.9804688e+01
   6.2104560e+06   3.1616211e+01
   6.2119730e+06   4.0344238e+01
   6.2123890e+06   4.6081543e+01
   6.2204900e+06   4.7058105e+01
   6.2219770e+06   3.1738281e+01
   6.2223230e+06   5.1391602e+01
   6.2309440e+06   4.1931152e+01
   6.2417460e+06   3.3081055e+01
   6.2492500e+06   5.3833008e+01
   6.2507070e+06   4.8156738e+01
   6.2693770e+06   4.4738770e+01
   6.2697630e+06   3.1433105e+01
   6.2697860e+06   3.3081055e+01
   6.2710750e+06   3.2775879e+01
   6.2817990e+06   4.7302246e+01
   6.2820360e+06   4.1625977e+01
   6.2826360e+06   4.7729492e+01
   6.2917020e+06   4.7485352e+01
   6.2924750e+06   3.2470703e+01
   6.2930860e+06   5.9204102e+01
   6.2933240e+06   3.8085938e+01
   6.3054690e+06   3.3325195e+01
   6.3113860e+06   4.2968750e+01
   6.3121760e+06   5.3894043e+01
   6.3123600e+06   3.4973145e+01
   6.3224680e+06   3.9123535e+01
   6.3243230e+06   4.6264648e+01
   6.3428030e+06   3.1677246e+01
   6.3617320e+06   5.3100586e+01
   6.3713200e+06   5.0048828e+01
   6.3896850e+06   4.3273926e+01
   6.4000430e+06   3.8757324e+01
   6.4004400e+06   3.2287598e+01
   6.4088630e+06   3.8574219e+01
   6.4189000e+06   4.4860840e+01
   6.4191590e+06   3.8574219e+01
   6.4192710e+06   3.3996582e+01
   6.4194270e+06   3.1921387e+01
   6.4196360e+06   3.1250000e+01
   6.4260450e+06   3.1127930e+01
   6.4305310e+06   3.5705566e+01
   6.4309030e+06   3.1433105e+01
   6.4609700e+06   3.6987305e+01
   6.4611070e+06   3.1921387e+01
   6.4611720e+06   3.1860352e+01
   6.4636800e+06   3.2226563e+01
   6.4753500e+06   3.4851074e+01
   6.4832710e+06   3.9855957e+01
   6.4881320e+06   3.1555176e+01
   6.4929930e+06   4.7302246e+01
   6.4932250e+06   3.2714844e+01
   6.4935600e+06   3.6499023e+01
   6.5090180e+06   4.4799805e+01
   6.5118630e+06   3.5766602e+01
   6.5302520e+06   4.2175293e+01
   6.5303400e+06   3.9733887e+01
   6.5304890e+06   3.9367676e+01
   6.5306630e+06   4.4738770e+01
   6.5374340e+06   3.1616211e+01
   6.5375140e+06   3.1738281e+01
   6.5375700e+06   3.4912109e+01
   6.5588410e+06   4.4860840e+01
   6.5724550e+06   3.4667969e+01
   6.5852580e+06   3.6010742e+01
   6.5978180e+06   4.1198730e+01
   6.5979400e+06   4.6264648e+01
   6.5985730e+06   3.2165527e+01
   6.5990470e+06   3.2287598e+01
   6.6120030e+06   3.2775879e+01
   6.6120740e+06   5.3100586e+01
   6.6123400e+06   3.3325195e+01
   6.6124240e+06   3.4851074e+01
   6.6175000e+06   3.1127930e+01
   6.6283430e+06   3.1127930e+01
   6.6395850e+06   3.5095215e+01
   6.6396110e+06   3.5095215e+01
   6.6396220e+06   4.3090820e+01
   6.6397360e+06   3.5034180e+01
   6.6398240e+06   3.2287598e+01
   6.6407620e+06   3.1127930e+01
   6.6410200e+06   3.2226563e+01
   6.6530910e+06   3.1372070e+01
   6.6533590e+06   3.6132813e+01
   6.6678710e+06   3.7597656e+01
   6.6679070e+06   4.4921875e+01
   6.6679300e+06   3.1860352e+01
   6.6680430e+06   4.6081543e+01
   6.6680690e+06   3.6499023e+01
   6.6681580e+06   4.5532227e+01
   6.6682020e+06   3.5644531e+01
   6.6682440e+06   3.3142090e+01
   6.6682990e+06   3.3264160e+01
   6.6684670e+06   3.4606934e+01
   6.6701230e+06   3.8146973e+01
   6.6704730e+06   3.2592773e+01
   6.6717560e+06   3.1677246e+01
   6.6959970e+06   3.7292480e+01
   6.6961000e+06   3.2409668e+01
   6.6961220e+06   3.3081055e+01
   6.6968290e+06   3.1494141e+01
   6.7098760e+06   4.8645020e+01
   6.7101050e+06   4.4616699e+01
   6.7104420e+06   3.1250000e+01
   6.7271500e+06   3.9245605e+01
   6.7272000e+06   3.3752441e+01
   6.7272300e+06   3.1555176e+01
   6.7272480e+06   3.1860352e+01
   6.7273370e+06   3.7963867e+01
   6.7274200e+06   3.8330078e+01
   6.7444670e+06   3.5217285e+01
   6.7444930e+06   6.5002441e+01
   6.7445330e+06   3.4240723e+01
   6.7445490e+06   3.7719727e+01
   6.7446030e+06   3.1799316e+01
   6.7446320e+06   3.2958984e+01
   6.7446730e+06   3.1738281e+01
   6.7447260e+06   3.1127930e+01
   6.7448500e+06   3.2287598e+01
   6.7460480e+06   3.4851074e+01
   6.7465730e+06   3.2531738e+01
   6.7469230e+06   3.3996582e+01
   6.7472030e+06   3.7048340e+01
   6.7481570e+06   3.1127930e+01
   6.7484700e+06   3.9855957e+01
   6.7635560e+06   3.1677246e+01
   6.7755670e+06   3.3691406e+01
   6.7756260e+06   3.1250000e+01
   6.7756670e+06   3.2653809e+01
   6.7757680e+06   3.6193848e+01
   6.7758290e+06   3.1311035e+01
   6.7764600e+06   3.8085938e+01
   6.7900920e+06   5.2429199e+01
   6.7901170e+06   3.3935547e+01
   6.7901930e+06   4.4433594e+01
   6.7902280e+06   3.3020020e+01
   6.7902620e+06   3.1555176e+01
   6.7903850e+06   3.3935547e+01
   6.7904540e+06   3.1250000e+01
   6.7905390e+06   3.1799316e+01
   6.7907120e+06   3.3874512e+01
   6.7908900e+06   3.4729004e+01
   6.8065370e+06   4.7790527e+01
   6.8066090e+06   4.5715332e+01
   6.8067140e+06   3.4851074e+01
   6.8067440e+06   3.1555176e+01
   6.8067900e+06   3.6254883e+01
   6.8068650e+06   3.1921387e+01
   6.8069250e+06   3.3020020e+01
   6.8069470e+06   3.1311035e+01
   6.8074710e+06   3.2226563e+01
   6.8077260e+06   3.1921387e+01
   6.8080590e+06   3.8024902e+01
   6.8214920e+06   4.7363281e+01
   6.8215410e+06   3.8635254e+01
   6.8215720e+06   3.9184570e+01
   6.8216620e+06   3.7597656e+01
   6.8224220e+06   3.2470703e+01
   6.8225960e+06   3.2287598e+01
   6.8373560e+06   4.0344238e+01
   6.8374440e+06   4.0710449e+01
   6.8374540e+06   3.9001465e+01
   6.8375030e+06   4.0100098e+01
   6.8375560e+06   3.3691406e+01
   6.8376530e+06   3.3508301e+01
   6.8378000e+06   3.4179688e+01
   6.8379330e+06   3.1188965e+01
   6.8390430e+06   3.5217285e+01
   6.8410420e+06   3.1188965e+01
   6.8530370e+06   5.4504395e+01
   6.8531600e+06   3.1982422e+01
   6.8532990e+06   4.2297363e+01
   6.8534170e+06   3.3081055e+01
   6.8535920e+06   3.7963867e+01
   6.8662340e+06   3.2958984e+01
   6.8663250e+06   4.6752930e+01
   6.8663690e+06   3.2775879e+01
   6.8665730e+06   3.5461426e+01
   6.8666300e+06   3.9794922e+01
   6.8671530e+06   3.2043457e+01
   6.8681160e+06   4.3823242e+01
   6.8688150e+06   3.3142090e+01
   6.8822740e+06   3.4301758e+01
   6.8823640e+06   4.1137695e+01
   6.8823840e+06   3.8574219e+01
   6.8824610e+06   3.9550781e+01
   6.8825130e+06   3.4545898e+01
   6.8825520e+06   3.6071777e+01
   6.8826290e+06   3.1860352e+01
   6.8832230e+06   3.4118652e+01
   6.8832720e+06   3.1860352e+01
   6.9002790e+06   4.5227051e+01
   6.9003670e+06   3.9001465e+01
   6.9004290e+06   3.6926270e+01
   6.9004580e+06   4.1870117e+01
   6.9004890e+06   3.2958984e+01
   6.9009510e+06   3.4362793e+01
   6.9010600e+06   3.8452148e+01
   6.9029160e+06   3.3508301e+01
   6.9029900e+06   3.2775879e+01
   6.9037130e+06   4.1503906e+01
   6.9046270e+06   3.2714844e+01
   6.9169320e+06   4.4494629e+01
   6.9171060e+06   3.6560059e+01
   6.9171880e+06   3.8330078e+01
   6.9340380e+06   3.6193848e+01
   6.9342430e+06   3.4912109e+01
   6.9342710e+06   3.4057617e+01
   6.9344660e+06   3.3996582e+01
   6.9345680e+06   3.3569336e+01
   6.9347160e+06   3.4179688e+01
   6.9348690e+06   4.3273926e+01
   6.9353860e+06   3.4240723e+01
   6.9373130e+06   3.1494141e+01
   6.9502670e+06   4.1748047e+01
   6.9503900e+06   4.2785645e+01
   6.9504880e+06   3.1555176e+01
   6.9505650e+06   3.5095215e+01
   6.9656510e+06   4.2358398e+01
   6.9656770e+06   3.4179688e+01
   6.9656950e+06   3.1433105e+01
   6.9657180e+06   3.1616211e+01
   6.9657640e+06   3.1127930e+01
   6.9658120e+06   3.1555176e+01
   6.9660930e+06   3.3630371e+01
   6.9669470e+06   3.3447266e+01
   6.9673090e+06   3.8208008e+01
   6.9803200e+06   3.1738281e+01
   6.9803460e+06   4.0405273e+01
   6.9804050e+06   4.2541504e+01
   6.9804170e+06   3.7170410e+01
   6.9804420e+06   3.1433105e+01
   6.9804750e+06   3.2653809e+01
   6.9806500e+06   3.1555176e+01
   6.9806640e+06   4.7302246e+01
   6.9808180e+06   3.4362793e+01
   6.9816860e+06   3.1250000e+01
   6.9943670e+06   4.7790527e+01
   6.9943780e+06   3.8024902e+01
   6.9944270e+06   3.6437988e+01
   6.9944460e+06   3.6376953e+01
   6.9944800e+06   4.0527344e+01
   6.9945160e+06   3.4240723e+01
   6.9947780e+06   3.2287598e+01
   6.9949270e+06   3.4606934e+01
   6.9956800e+06   3.6071777e+01
   7.0092370e+06   5.7434082e+01
   7.0092590e+06   3.6132813e+01
   7.0093090e+06   3.3691406e+01
   7.0094370e+06   3.2958984e+01
   7.0100230e+06   3.1433105e+01
   7.0103400e+06   3.2348633e+01
   7.0106110e+06   3.5522461e+01
   7.0247540e+06   3.2592773e+01
   7.0247780e+06   4.9743652e+01
   7.0248290e+06   3.7170410e+01
   7.0257620e+06   3.2165527e+01
   7.0266360e+06   4.3518066e+01
   7.0396460e+06   3.3813477e+01
   7.0396770e+06   3.1982422e+01
   7.0397100e+06   3.4912109e+01
   7.0397270e+06   3.7170410e+01
   7.0404970e+06   3.3508301e+01
   7.0550710e+06   4.9987793e+01
   7.0552600e+06   3.2104492e+01
   7.0555120e+06   3.1555176e+01
   7.0556300e+06   3.2165527e+01
   7.0570150e+06   3.4362793e+01
   7.0714290e+06   4.0161133e+01
   7.0714900e+06   3.2653809e+01
   7.0715800e+06   3.3447266e+01
   7.0717120e+06   3.8330078e+01
   7.0882610e+06   4.0649414e+01
   7.0883900e+06   4.2297363e+01
   7.0887100e+06   3.1677246e+01
   7.1041490e+06   6.2866211e+01
   7.1355850e+06   3.4362793e+01
   7.2063740e+06   3.1127930e+01
   7.2101200e+06   3.1311035e+01
   7.2142630e+06   3.1250000e+01
   7.2671090e+06   3.1311035e+01
   7.2695650e+06   4.3884277e+01
   7.3022250e+06   3.2836914e+01
   7.3222820e+06   3.1494141e+01
   7.3529670e+06   3.4729004e+01
   7.4771980e+06   5.0720215e+01
   7.4807590e+06   3.3264160e+01
   7.5028810e+06   3.1616211e+01
   7.5113950e+06   4.4982910e+01
   7.5375010e+06   4.3273926e+01
   7.5446020e+06   3.8208008e+01
   7.5588490e+06   4.9499512e+01
   7.5591570e+06   5.1635742e+01
   7.5595590e+06   4.4921875e+01
   7.5600410e+06   3.2653809e+01
   7.5689050e+06   3.3630371e+01
   7.5754750e+06   5.0659180e+01
   7.5757200e+06   3.3996582e+01
   7.5901610e+06   3.3752441e+01
   7.5910440e+06   3.5400391e+01
   7.5914670e+06   3.8940430e+01
   7.5916470e+06   4.4250488e+01
   7.6055990e+06   3.3447266e+01
   7.6088730e+06   5.6030273e+01
   7.6206090e+06   3.1433105e+01
   7.6239320e+06   4.5654297e+01
   7.6250890e+06   4.1015625e+01
   7.6345040e+06   3.4912109e+01
   7.6420100e+06   3.5095215e+01
   7.6421670e+06   5.8288574e+01
   7.6428810e+06   5.4138184e+01
   7.6603970e+06   4.3273926e+01
   7.6606680e+06   4.6508789e+01
   7.6699360e+06   3.2653809e+01
   7.6781920e+06   4.6569824e+01
   7.6787110e+06   5.3833008e+01
   7.6788460e+06   4.3029785e+01
   7.6793360e+06   4.0161133e+01
   7.6961900e+06   4.2907715e+01
   7.6967560e+06   4.6630859e+01
   7.7130480e+06   3.4118652e+01
   7.7224320e+06   4.1809082e+01
   7.7235650e+06   5.2795410e+01
   7.7359090e+06   4.6020508e+01
   7.7446100e+06   3.2165527e+01
   7.7486520e+06   4.9133301e+01
   7.7567420e+06   3.1982422e+01
   7.7646470e+06   4.4433594e+01
   7.7659760e+06   3.8574219e+01
   7.7782280e+06   5.1025391e+01
   7.7798370e+06   4.8828125e+01
   7.7945950e+06   4.0466309e+01
   7.7947080e+06   4.8522949e+01
   7.7952040e+06   4.4128418e+01
   7.7961450e+06   4.4921875e+01
   7.8113090e+06   5.1513672e+01
   7.8117980e+06   5.3466797e+01
   7.8130360e+06   3.1555176e+01
   7.8174750e+06   3.1188965e+01
   7.8264130e+06   4.2968750e+01
   7.8266920e+06   4.3029785e+01
   7.8280560e+06   4.8767090e+01
   7.8405460e+06   5.9020996e+01
   7.8407670e+06   3.8574219e+01
   7.8530890e+06   4.9011230e+01
   7.8713010e+06   4.4677734e+01
   7.8719000e+06   4.6630859e+01
   7.8722470e+06   4.9438477e+01
   7.8723820e+06   4.1442871e+01
   7.8829800e+06   3.1127930e+01
   7.8854570e+06   3.8879395e+01
   7.8855490e+06   5.3344727e+01
   7.8881180e+06   3.1860352e+01
   7.8923110e+06   3.1982422e+01
   7.8966360e+06   4.3090820e+01
   7.8992240e+06   3.1127930e+01
   7.9005660e+06   3.1738281e+01
   7.9092770e+06   4.2114258e+01
   7.9096210e+06   4.9072266e+01
   7.9225710e+06   5.2062988e+01
   7.9229080e+06   4.4555664e+01
   7.9236760e+06   4.0649414e+01
   7.9372260e+06   4.7851563e+01
   7.9375560e+06   5.1757813e+01
   7.9383590e+06   4.9804688e+01
   7.9427280e+06   3.4301758e+01
   7.9469420e+06   4.7363281e+01
   7.9476260e+06   4.6752930e+01
   7.9501450e+06   3.5339355e+01
   7.9514110e+06   3.1372070e+01
   7.9603240e+06   4.3151855e+01
   7.9611130e+06   4.8583984e+01
   7.9658490e+06   3.8818359e+01
   7.9659670e+06   4.8339844e+01
   7.9664930e+06   3.1311035e+01
   7.9669680e+06   3.9550781e+01
   7.9726230e+06   3.4484863e+01
   7.9796890e+06   3.7048340e+01
   7.9801620e+06   4.2785645e+01
   7.9814920e+06   4.4372559e+01
   7.9913850e+06   5.3100586e+01
   7.9968470e+06   5.0781250e+01
   7.9969300e+06   3.1677246e+01
   7.9973100e+06   4.0161133e+01
   8.0142920e+06   4.2602539e+01
   8.0154810e+06   4.8889160e+01
   8.0233340e+06   4.6508789e+01
   8.0235690e+06   4.4738770e+01
   8.0237240e+06   4.4860840e+01
   8.0244160e+06   4.8278809e+01
   8.0247970e+06   4.8095703e+01
   8.0385600e+06   3.3630371e+01
   8.0387950e+06   4.9987793e+01
   8.0388920e+06   4.1564941e+01
   8.0390140e+06   3.5217285e+01
   8.0394430e+06   4.3334961e+01
   8.0396480e+06   4.2968750e+01
   8.0399540e+06   4.5532227e+01
   8.0400830e+06   3.9489746e+01
   8.0403910e+06   4.3823242e+01
   8.0520150e+06   4.8583984e+01
   8.0628310e+06   5.2917480e+01
   8.0629700e+06   4.4494629e+01
   8.0633510e+06   4.0405273e+01
   8.0637730e+06   4.4799805e+01
   8.0735220e+06   5.0109863e+01
   8.0737580e+06   4.3945313e+01
   8.0741610e+06   4.1198730e+01
   8.0805260e+06   4.7851563e+01
   8.0811130e+06   4.7119141e+01
   8.0816890e+06   4.6203613e+01
   8.0817140e+06   3.3996582e+01
   8.0818040e+06   3.5339355e+01
   8.0822630e+06   3.8879395e+01
   8.0828060e+06   4.1931152e+01
   8.0829670e+06   3.2165527e+01
   8.0833180e+06   4.1564941e+01
   8.1000280e+06   4.0222168e+01
   8.1007590e+06   5.1757813e+01
   8.1117380e+06   5.3466797e+01
   8.1119560e+06   4.2358398e+01
   8.1122960e+06   4.3395996e+01
   8.1131670e+06   4.7485352e+01
   8.1135210e+06   3.8513184e+01
   8.1137140e+06   4.1625977e+01
   8.1139260e+06   3.4667969e+01
   8.1141130e+06   3.6315918e+01
   8.1142740e+06   3.4606934e+01
   8.1145840e+06   3.1372070e+01
   8.1149920e+06   3.6132813e+01
   8.1310660e+06   3.8146973e+01
   8.1315460e+06   4.6264648e+01
   8.1320920e+06   4.3090820e+01
   8.1450680e+06   4.7363281e+01
   8.1553810e+06   3.2043457e+01
   8.1554050e+06   4.8889160e+01
   8.1555480e+06   4.9133301e+01
   8.1559870e+06   5.3710938e+01
   8.1561490e+06   3.4545898e+01
   8.1567140e+06   4.2724609e+01
   8.1674190e+06   5.3039551e+01
   8.1783750e+06   4.2602539e+01
   8.1785890e+06   4.3640137e+01
   8.1790170e+06   3.9306641e+01
   8.1805710e+06   3.2226563e+01
   8.1844570e+06   3.1799316e+01
   8.1852980e+06   4.8339844e+01
   8.1955330e+06   5.4016113e+01
   8.1957800e+06   4.9072266e+01
   8.1959440e+06   4.1992188e+01
   8.1965280e+06   3.9123535e+01
   8.2036720e+06   4.7180176e+01
   8.2038560e+06   3.9733887e+01
   8.2040530e+06   3.7170410e+01
   8.2047630e+06   4.3518066e+01
   8.2108010e+06   4.9255371e+01
   8.2110700e+06   4.6020508e+01
   8.2233640e+06   4.4494629e+01
   8.2245410e+06   4.4067383e+01
   8.2253310e+06   3.2226563e+01
   8.2328850e+06   5.0781250e+01
   8.2332490e+06   4.3334961e+01
   8.2337760e+06   3.7841797e+01
   8.2444500e+06   4.2480469e+01
   8.2451100e+06   3.7719727e+01
   8.2550710e+06   4.2724609e+01
   8.2555380e+06   4.1503906e+01
   8.2560640e+06   3.9062500e+01
   8.2649490e+06   4.5227051e+01
   8.2664590e+06   4.4799805e+01
   8.2730270e+06   4.3518066e+01
   8.2738650e+06   5.5236816e+01
   8.2753360e+06   4.9072266e+01
   8.2757140e+06   3.8696289e+01
   8.2758140e+06   3.6376953e+01
   8.2759140e+06   3.2043457e+01
   8.2760570e+06   3.6132813e+01
   8.2762920e+06   3.2592773e+01
   8.2765790e+06   3.8635254e+01
   8.2772790e+06   3.4484863e+01
   8.2926320e+06   4.7729492e+01
   8.2929560e+06   4.4067383e+01
   8.2936260e+06   3.6865234e+01
   8.3044590e+06   5.1879883e+01
   8.3052860e+06   4.3640137e+01
   8.3166590e+06   4.7607422e+01
   8.3170610e+06   5.1025391e+01
   8.3184360e+06   4.6203613e+01
   8.3290210e+06   3.4118652e+01
   8.3297040e+06   4.4982910e+01
   8.3390080e+06   5.1147461e+01
   8.3395240e+06   4.0100098e+01
   8.3512120e+06   4.2785645e+01
   8.3517350e+06   3.3447266e+01
   8.3632460e+06   4.7668457e+01
   8.3638730e+06   3.4973145e+01
   8.3644480e+06   4.5837402e+01
   8.3746080e+06   4.7180176e+01
   8.3748870e+06   4.6203613e+01
   8.3762960e+06   4.3334961e+01
   8.3767940e+06   3.2897949e+01
   8.3769320e+06   4.8278809e+01
   8.3771870e+06   3.7780762e+01
   8.3912140e+06   4.9377441e+01
   8.3929600e+06   4.4311523e+01
   8.4023080e+06   4.3823242e+01
   8.4040620e+06   4.4311523e+01
   8.4149240e+06   3.1677246e+01
   8.4150810e+06   4.6325684e+01
   8.4155520e+06   4.4738770e+01
   8.4161440e+06   4.4677734e+01
   8.4248760e+06   4.1992188e+01
   8.4261070e+06   3.8208008e+01
   8.4273470e+06   3.1250000e+01
   8.4369260e+06   4.4616699e+01
   8.4375730e+06   5.1025391e+01
   8.4381050e+06   4.6264648e+01
   8.4466230e+06   3.9489746e+01
   8.4474450e+06   4.5166016e+01
   8.4478820e+06   4.0893555e+01
   8.4590770e+06   4.7790527e+01
   8.4592050e+06   4.2419434e+01
   8.4596280e+06   5.1574707e+01
   8.4697700e+06   4.2236328e+01
   8.4710970e+06   3.5217285e+01
   8.4798250e+06   5.4504395e+01
   8.4803190e+06   4.4494629e+01
   8.4808070e+06   4.6508789e+01
   8.4812550e+06   4.0283203e+01
   8.4814450e+06   3.5522461e+01
   8.4817480e+06   4.3640137e+01
   8.4933770e+06   3.7597656e+01
   8.4938760e+06   4.0893555e+01
   8.5029410e+06   4.0588379e+01
   8.5132730e+06   4.8767090e+01
   8.5141790e+06   4.0893555e+01
   8.5240570e+06   5.8715820e+01
   8.5339360e+06   4.7668457e+01
   8.5340780e+06   4.2663574e+01
   8.5352330e+06   3.8879395e+01
   8.5357740e+06   5.4748535e+01
   8.5440020e+06   4.3457031e+01
   8.5445140e+06   3.8818359e+01
   8.5452820e+06   3.6926270e+01
   8.5541450e+06   4.1687012e+01
   8.5554160e+06   4.6081543e+01
   8.5558500e+06   5.0415039e+01
   8.5564740e+06   4.0222168e+01
   8.5598710e+06   3.1799316e+01
   8.5653850e+06   5.2062988e+01
   8.5656850e+06   4.7424316e+01
   8.5758570e+06   3.4790039e+01
   8.5766330e+06   5.6579590e+01
   8.5858970e+06   3.5827637e+01
   8.5863930e+06   4.2480469e+01
   8.5867570e+06   4.2907715e+01
   8.5960830e+06   4.7302246e+01
   8.6052050e+06   4.6081543e+01
   8.6054780e+06   3.2165527e+01
   8.6059900e+06   4.5654297e+01
   8.6063410e+06   3.6987305e+01
   8.6153960e+06   3.5461426e+01
   8.6156130e+06   4.2480469e+01
   8.6165100e+06   3.7231445e+01
   8.6166950e+06   4.3273926e+01
   8.6170390e+06   4.1259766e+01
   8.6267610e+06   3.5522461e+01
   8.6279400e+06   4.1992188e+01
   8.6356900e+06   3.3325195e+01
   8.6368970e+06   3.8635254e+01
   8.6370100e+06   3.5949707e+01
   8.6374590e+06   4.5104980e+01
   8.6378750e+06   4.1320801e+01
   8.6382560e+06   4.2358398e+01
   8.6434440e+06   3.5339355e+01
   8.6471270e+06   4.5959473e+01
   8.6480940e+06   4.5898438e+01
   8.6484840e+06   3.9306641e+01
   8.6488220e+06   4.3151855e+01
   8.6578090e+06   4.1442871e+01
   8.6583350e+06   4.6203613e+01
   8.6584380e+06   3.5095215e+01
   8.6686850e+06   4.5532227e+01
   8.6687970e+06   4.3579102e+01
   8.6691600e+06   4.0893555e+01
   8.6800770e+06   3.7780762e+01
   8.6807150e+06   4.3334961e+01
   8.6813090e+06   4.6386719e+01
   8.6815750e+06   4.2358398e+01
   8.6909320e+06   3.8452148e+01
   8.6911720e+06   3.7109375e+01
   8.6923770e+06   3.9428711e+01
   8.6933100e+06   3.2409668e+01
   8.7006200e+06   5.1269531e+01
   8.7014870e+06   4.3090820e+01
   8.7021840e+06   4.7119141e+01
   8.7025740e+06   4.3640137e+01
   8.7120550e+06   4.0466309e+01
   8.7122390e+06   4.6997070e+01
   8.7129270e+06   3.6560059e+01
   8.7222280e+06   4.3762207e+01
   8.7226720e+06   3.3264160e+01
   8.7230710e+06   4.5410156e+01
   8.7321910e+06   4.9072266e+01
   8.7324170e+06   4.5837402e+01
   8.7331360e+06   4.5166016e+01
   8.7338810e+06   4.4677734e+01
   8.7434320e+06   3.6682129e+01
   8.7435940e+06   5.1269531e+01
   8.7441380e+06   4.5898438e+01
   8.7441710e+06   3.2592773e+01
   8.7445540e+06   4.7668457e+01
   8.7448370e+06   3.8879395e+01
   8.7546190e+06   4.6142578e+01
   8.7550500e+06   4.3457031e+01
   8.7552070e+06   3.9978027e+01
   8.7652290e+06   4.2907715e+01
   8.7655010e+06   5.4809570e+01
   8.7659730e+06   4.0649414e+01
   8.7757470e+06   4.3762207e+01
   8.7760560e+06   4.5043945e+01
   8.7766840e+06   3.5339355e+01
   8.7770410e+06   4.9865723e+01
   8.7772200e+06   3.6987305e+01
   8.7773390e+06   3.2348633e+01
   8.7774620e+06   3.3508301e+01
   8.7776190e+06   4.1015625e+01
   8.7780700e+06   3.5766602e+01
   8.7783340e+06   3.1677246e+01
   8.7928700e+06   3.7475586e+01
   8.7932360e+06   4.9804688e+01
   8.7936910e+06   4.1503906e+01
   8.8047870e+06   4.3457031e+01
   8.8053580e+06   4.8828125e+01
   8.8055180e+06   4.2602539e+01
   8.8058290e+06   4.2297363e+01
   8.8062860e+06   4.1564941e+01
   8.8177620e+06   4.9682617e+01
   8.8180890e+06   4.2602539e+01
   8.8276400e+06   3.9611816e+01
   8.8283420e+06   4.2114258e+01
   8.8286870e+06   4.7851563e+01
   8.8288670e+06   3.2653809e+01
   8.8402830e+06   3.3203125e+01
   8.8403140e+06   5.0659180e+01
   8.8407470e+06   3.4362793e+01
   8.8408290e+06   3.8024902e+01
   8.8412260e+06   3.6254883e+01
   8.8539250e+06   5.1391602e+01
   8.8541670e+06   5.2368164e+01
   8.8543600e+06   3.4851074e+01
   8.8547130e+06   3.5156250e+01
   8.8647850e+06   3.6254883e+01
   8.8652240e+06   3.9001465e+01
   8.8657350e+06   4.7729492e+01
   8.8758840e+06   3.7414551e+01
   8.8764320e+06   4.0710449e+01
   8.8769200e+06   5.1940918e+01
   8.8871530e+06   4.2175293e+01
   8.8874100e+06   3.3996582e+01
   8.8876240e+06   4.0588379e+01
   8.8975820e+06   4.6569824e+01
   8.8977300e+06   3.9733887e+01
   8.8980650e+06   4.6813965e+01
   8.8984270e+06   5.1025391e+01
   8.8988470e+06   3.8757324e+01
   8.8991790e+06   4.1748047e+01
   8.9082160e+06   3.8452148e+01
   8.9086110e+06   4.1198730e+01
   8.9088330e+06   3.1555176e+01
   8.9089500e+06   3.3752441e+01
   8.9094090e+06   3.7719727e+01
   8.9220300e+06   3.6193848e+01
   8.9223160e+06   3.5888672e+01
   8.9226780e+06   4.1137695e+01
   8.9325520e+06   4.6569824e+01
   8.9330840e+06   3.8085938e+01
   8.9335550e+06   3.5034180e+01
   8.9471530e+06   4.0283203e+01
   8.9475000e+06   4.5471191e+01
   8.9481280e+06   4.8583984e+01
   8.9572540e+06   5.4992676e+01
   8.9575710e+06   3.6926270e+01
   8.9579700e+06   4.0039063e+01
   8.9684750e+06   4.6142578e+01
   8.9686560e+06   3.6376953e+01
   8.9691560e+06   3.6010742e+01
   8.9697000e+06   4.4921875e+01
   8.9699710e+06   3.8818359e+01
   8.9806430e+06   5.2429199e+01
   8.9810920e+06   3.6376953e+01
   8.9912260e+06   4.9743652e+01
   8.9916090e+06   4.7851563e+01
   8.9919610e+06   3.8696289e+01
   9.0019730e+06   5.2673340e+01
   9.0020630e+06   3.2775879e+01
   9.0023790e+06   3.9306641e+01
   9.0026820e+06   3.7902832e+01
   9.0127630e+06   4.3945313e+01
   9.0130780e+06   3.5278320e+01
   9.0141660e+06   4.3762207e+01
   9.0246140e+06   5.4260254e+01
   9.0252270e+06   4.1687012e+01
   9.0255580e+06   3.9001465e+01
   9.0354760e+06   3.2531738e+01
   9.0355640e+06   4.6875000e+01
   9.0356860e+06   4.8828125e+01
   9.0358330e+06   3.5644531e+01
   9.0364300e+06   3.3874512e+01
   9.0503080e+06   4.6203613e+01
   9.0516040e+06   4.2907715e+01
   9.0519070e+06   3.3386230e+01
   9.0529810e+06   4.1198730e+01
   9.0621420e+06   4.0222168e+01
   9.0634860e+06   4.3029785e+01
   9.0724080e+06   4.2236328e+01
   9.0727360e+06   5.8166504e+01
   9.0729450e+06   4.2297363e+01
   9.0732130e+06   3.1127930e+01
   9.0735140e+06   4.2785645e+01
   9.0848380e+06   5.5358887e+01
   9.0853190e+06   3.5522461e+01
   9.0857400e+06   4.5715332e+01
   9.0958450e+06   4.3884277e+01
   9.0972410e+06   4.4067383e+01
   9.1065120e+06   3.5827637e+01
   9.1103750e+06   3.6132813e+01
   9.1167230e+06   5.6579590e+01
   9.1169820e+06   5.0537109e+01
   9.1274070e+06   3.4606934e+01
   9.1288540e+06   4.5471191e+01
   9.1385530e+06   3.9428711e+01
   9.1397680e+06   4.5104980e+01
   9.1399830e+06   4.1992188e+01
   9.1632650e+06   5.2673340e+01
   9.1634940e+06   4.8034668e+01
   9.1647070e+06   4.3212891e+01
   9.1754590e+06   3.8696289e+01
   9.1870930e+06   4.2175293e+01
   9.1977260e+06   3.1127930e+01
   9.1977510e+06   5.1513672e+01
   9.1978730e+06   3.7780762e+01
   9.1984810e+06   3.2592773e+01
   9.1991380e+06   3.7292480e+01
   9.2114760e+06   3.2287598e+01
   9.2207570e+06   4.7912598e+01
   9.2223740e+06   3.1799316e+01
   9.2514810e+06   4.6997070e+01
   9.2517720e+06   3.1433105e+01
   9.2737150e+06   5.0415039e+01
   9.2739150e+06   4.4006348e+01
   9.3467890e+06   3.1860352e+01
   9.3688730e+06   3.2104492e+01
   9.3955010e+06   3.1250000e+01
   9.4079990e+06   3.8391113e+01
   9.4410000e+06   3.1921387e+01
   9.4440340e+06   3.2104492e+01
   9.4614010e+06   3.1372070e+01
   9.4663400e+06   3.4240723e+01
   9.4846010e+06   3.3935547e+01
   9.4920700e+06   3.1799316e+01
   9.5264150e+06   3.3081055e+01
   9.5374810e+06   3.2348633e+01
   9.5470070e+06   3.3447266e+01
   9.5647480e+06   3.1677246e+01
   9.6345870e+06   3.2104492e+01
   9.6500400e+06   3.1127930e+01
   9.6655410e+06   3.1250000e+01
   9.6999610e+06   3.6132813e+01
   9.7349820e+06   3.1616211e+01
   9.7476690e+06   3.1799316e+01
   9.7847990e+06   4.1625977e+01
   9.7848970e+06   4.0283203e+01
   9.7850800e+06   3.3447266e+01
   9.7853740e+06   3.1616211e+01
   9.8122780e+06   4.2358398e+01
   9.8239100e+06   3.2897949e+01
   9.8530000e+06   3.1127930e+01
   9.8541960e+06   4.3884277e+01
   9.8542380e+06   3.7048340e+01
   9.8542700e+06   3.8391113e+01
   9.8551420e+06   3.2409668e+01
   9.8904360e+06   3.2592773e+01
   9.8905310e+06   5.1696777e+01
   9.9011210e+06   3.2226563e+01
   9.9554950e+06   3.1188965e+01
   1.0007032e+07   3.1616211e+01
   1.0019967e+07   3.2531738e+01
   1.0038865e+07   3.9550781e+01
   1.0117855e+07   3.3691406e+01
   1.0119062e+07   4.8217773e+01
   1.0119531e+07   4.3212891e+01
   1.0179746e+07   3.1555176e+01
   1.0192180e+07   3.6315918e+01
   1.0206148e+07   3.3752441e+01
   1.0214899e+07   3.7841797e+01
   1.0257267e+07   4.1259766e+01
   1.0257381e+07   3.4301758e+01
   1.0257419e+07   3.4973145e+01
   1.0257488e+07   3.4912109e+01
   1.0257943e+07   4.4372559e+01
   1.0258262e+07   3.3447266e+01
   1.0286016e+07   4.8339844e+01
   1.0310262e+07   3.3142090e+01
   1.0310744e+07   4.5227051e+01
   1.0310906e+07   5.1208496e+01
   1.0352184e+07   4.7302246e+01
   1.0353153e+07   3.9367676e+01
   1.0369018e+07   4.6875000e+01
   1.0369187e+07   3.7841797e+01
   1.0369509e+07   4.4677734e+01
   1.0369535e+07   3.2287598e+01
   1.0369690e+07   3.7536621e+01
   1.0370030e+07   3.3935547e+01
   1.0383445e+07   3.8208008e+01
   1.0384474e+07   4.6752930e+01
   1.0393185e+07   4.9377441e+01
   1.0395553e+07   3.6926270e+01
   1.0395659e+07   4.1381836e+01
   1.0396083e+07   3.1250000e+01
   1.0396254e+07   3.7597656e+01
   1.0396645e+07   3.2531738e+01
   1.0396918e+07   3.1738281e+01
   1.0409218e+07   4.4189453e+01
   1.0411012e+07   3.2592773e+01
   1.0411753e+07   4.2724609e+01
   1.0420476e+07   4.2907715e+01
   1.0422057e+07   3.9794922e+01
   1.0433189e+07   4.7546387e+01
   1.0436948e+07   4.9316406e+01
   1.0437217e+07   3.4484863e+01
   1.0448464e+07   3.8085938e+01
   1.0448607e+07   4.0710449e+01
   1.0448739e+07   3.6499023e+01
   1.0448753e+07   3.1494141e+01
   1.0449074e+07   4.3029785e+01
   1.0449255e+07   3.4301758e+01
   1.0469692e+07   4.1809082e+01
   1.0469873e+07   4.4067383e+01
   1.0478674e+07   3.7597656e+01
   1.0478969e+07   5.1330566e+01
   1.0496739e+07   4.3884277e+01
   1.0496849e+07   4.5532227e+01
   1.0496985e+07   4.2907715e+01
   1.0497142e+07   3.1921387e+01
   1.0497510e+07   3.4790039e+01
   1.0509658e+07   5.3527832e+01
   1.0518835e+07   4.4494629e+01
   1.0527094e+07   5.2551270e+01
   1.0527280e+07   3.9978027e+01
   1.0537558e+07   4.2846680e+01
   1.0537971e+07   3.9672852e+01
   1.0547900e+07   4.1137695e+01
   1.0548358e+07   3.4301758e+01
   1.0557037e+07   3.9733887e+01
   1.0566556e+07   3.6926270e+01
   1.0585060e+07   5.1086426e+01
   1.0585188e+07   3.7414551e+01
   1.0605042e+07   4.1809082e+01
   1.0605312e+07   4.1076660e+01
   1.0615598e+07   5.0354004e+01
   1.0624639e+07   4.6569824e+01
   1.0625379e+07   3.6254883e+01
   1.0626802e+07   3.1250000e+01
   1.0634540e+07   5.5725098e+01
   1.0636646e+07   3.4667969e+01
   1.0644224e+07   5.1635742e+01
   1.0653327e+07   5.2673340e+01
   1.0674497e+07   3.3081055e+01
   1.0681389e+07   4.0832520e+01
   1.0681774e+07   4.2175293e+01
   1.0698609e+07   4.3701172e+01
   1.0700849e+07   3.2104492e+01
   1.0715176e+07   4.1442871e+01
   1.0747378e+07   3.1616211e+01
   1.0747469e+07   3.2897949e+01
   1.0769582e+07   3.9978027e+01
   1.0776873e+07   4.8706055e+01
   1.0785461e+07   4.5227051e+01
   1.0792918e+07   4.7241211e+01
   1.0807804e+07   3.9123535e+01
   1.0808664e+07   3.9428711e+01
   1.0822495e+07   4.5898438e+01
   1.0823906e+07   3.1921387e+01
   1.0828515e+07   3.9916992e+01
   1.0828937e+07   4.1137695e+01
   1.0829661e+07   4.6081543e+01
   1.0836037e+07   3.3569336e+01
   1.0836127e+07   3.2592773e+01
   1.0843594e+07   4.3579102e+01
   1.0844205e+07   4.5288086e+01
   1.0846796e+07   3.2653809e+01
   1.0851326e+07   3.1311035e+01
   1.0858885e+07   4.0039063e+01
   1.0859293e+07   4.1198730e+01
   1.0859697e+07   3.1738281e+01
   1.0865934e+07   4.6142578e+01
   1.0873560e+07   4.0344238e+01
   1.0874946e+07   4.2053223e+01
   1.0882492e+07   4.4982910e+01
   1.0888607e+07   3.4912109e+01
   1.0890692e+07   3.1311035e+01
   1.0896755e+07   4.1320801e+01
   1.0911832e+07   4.1687012e+01
   1.0921494e+07   4.5898438e+01
   1.0921683e+07   4.1564941e+01
   1.0925119e+07   3.3020020e+01
   1.0931537e+07   4.1992188e+01
   1.0936572e+07   4.2114258e+01
   1.0938517e+07   4.6630859e+01
   1.0944807e+07   4.0222168e+01
   1.0945337e+07   3.1372070e+01
   1.0946590e+07   4.0466309e+01
   1.0952806e+07   4.6630859e+01
   1.0961506e+07   4.6997070e+01
   1.0962340e+07   3.1127930e+01
   1.0962778e+07   3.7841797e+01
   1.0964978e+07   3.2958984e+01
   1.0969766e+07   3.4301758e+01
   1.0977623e+07   3.5583496e+01
   1.0979092e+07   4.3457031e+01
   1.0987775e+07   3.4301758e+01
   1.0991590e+07   3.1555176e+01
   1.1002687e+07   4.0344238e+01
   1.1003099e+07   4.1687012e+01
   1.1011170e+07   3.9733887e+01
   1.1012283e+07   3.2348633e+01
   1.1025088e+07   4.5043945e+01
   1.1033534e+07   4.1748047e+01
   1.1034373e+07   4.8217773e+01
   1.1040950e+07   4.3640137e+01
   1.1042153e+07   4.6752930e+01
   1.1042902e+07   3.2714844e+01
   1.1047338e+07   4.0832520e+01
   1.1049328e+07   3.7902832e+01
   1.1049665e+07   3.9916992e+01
   1.1050071e+07   3.8635254e+01
   1.1057866e+07   3.9855957e+01
   1.1063675e+07   3.3569336e+01
   1.1065883e+07   4.0527344e+01
   1.1074485e+07   3.1738281e+01
   1.1081706e+07   3.4179688e+01
   1.1083246e+07   4.0344238e+01
   1.1090179e+07   4.0039063e+01
   1.1090372e+07   3.9916992e+01
   1.1090480e+07   3.4057617e+01
   1.1106526e+07   3.3386230e+01
   1.1113835e+07   4.1320801e+01
   1.1122785e+07   3.8513184e+01
   1.1130565e+07   3.3813477e+01
   1.1137724e+07   3.7475586e+01
   1.1153053e+07   4.0222168e+01
   1.1153405e+07   3.7170410e+01
   1.1160945e+07   4.7912598e+01
   1.1163011e+07   3.6499023e+01
   1.1184460e+07   4.6325684e+01
   1.1193373e+07   4.1137695e+01
   1.1200694e+07   4.5104980e+01
   1.1206176e+07   3.2043457e+01
   1.1209545e+07   5.1391602e+01
   1.1217071e+07   4.1809082e+01
   1.1243211e+07   4.2114258e+01
   1.1267557e+07   3.1311035e+01
   1.1271511e+07   3.1555176e+01
   1.1275362e+07   4.1137695e+01
   1.1290082e+07   3.2897949e+01
   1.1314117e+07   5.2673340e+01
   1.1378527e+07   3.4118652e+01
   1.1395530e+07   3.1921387e+01
   1.1450762e+07   3.6499023e+01
   1.1459535e+07   3.4240723e+01
   1.1461918e+07   3.4912109e+01
   1.1470688e+07   3.2775879e+01
   1.1477483e+07   4.2114258e+01
   1.1494655e+07   3.1860352e+01
   1.1497009e+07   3.7170410e+01
   1.1521114e+07   3.6071777e+01
   1.1530610e+07   3.1311035e+01
   1.1594080e+07   3.2653809e+01
   1.1598499e+07   4.8828125e+01
   1.1601578e+07   3.8146973e+01
   1.1646023e+07   3.1921387e+01
   1.1659184e+07   3.2226563e+01
   1.1672237e+07   3.1616211e+01
   1.1693721e+07   3.4362793e+01
   1.1712980e+07   3.1494141e+01
   1.1755178e+07   3.1982422e+01
   1.1757658e+07   3.1982422e+01
   1.1869165e+07   3.4484863e+01
   1.1911185e+07   3.1982422e+01
   1.1934388e+07   3.4240723e+01
   1.1940771e+07   3.3630371e+01
   1.1976669e+07   3.1311035e+01
