   1.1999000e+07   0.0000000e+00
   9.3690000e+03   3.8574219e+01
   2.7791000e+04   4.0344238e+01
   2.7933000e+04   4.4982910e+01
   2.8166000e+04   4.2541504e+01
   1.4229100e+05   4.4067383e+01
   1.4241700e+05   3.8391113e+01
   1.4250300e+05   3.9428711e+01
   1.4414500e+05   4.2602539e+01
   1.4423200e+05   4.1625977e+01
   1.5244300e+05   4.1625977e+01
   2.9673400e+05   4.4311523e+01
   2.9687700e+05   3.8574219e+01
   2.9712700e+05   4.1442871e+01
   2.9715700e+05   5.3527832e+01
   2.9733700e+05   4.0466309e+01
   2.9746500e+05   3.9672852e+01
   3.9632300e+05   4.5471191e+01
   3.9638000e+05   3.9733887e+01
   3.9649900e+05   4.3945313e+01
   3.9663000e+05   3.8696289e+01
   3.9667700e+05   3.9733887e+01
   4.9079000e+05   4.6203613e+01
   4.9085700e+05   4.0344238e+01
   4.9087200e+05   4.0344238e+01
   4.9090600e+05   4.0100098e+01
   6.0102900e+05   4.9011230e+01
   6.0108800e+05   3.8757324e+01
   6.0112500e+05   4.9621582e+01
   6.0121600e+05   3.8818359e+01
   6.0139500e+05   3.8879395e+01
   6.6833500e+05   3.9123535e+01
   6.6839100e+05   4.0771484e+01
   6.6842900e+05   3.9062500e+01
   6.6851800e+05   4.3395996e+01
   6.6865700e+05   4.4616699e+01
   6.7040600e+05   5.3161621e+01
   7.6165100e+05   5.0170898e+01
   7.6168100e+05   4.9377441e+01
   7.6172300e+05   4.9926758e+01
   7.6174300e+05   4.0100098e+01
   7.6175600e+05   4.2114258e+01
   7.6177200e+05   3.8146973e+01
   7.6182100e+05   4.5166016e+01
   7.6185200e+05   4.3945313e+01
   7.6192300e+05   4.1809082e+01
   7.6324200e+05   3.8696289e+01
   7.6645200e+05   3.9001465e+01
   7.6648300e+05   5.3588867e+01
   7.6658600e+05   5.5908203e+01
   7.6663200e+05   4.6936035e+01
   7.6822100e+05   4.4738770e+01
   7.6832700e+05   3.8208008e+01
   8.9902600e+05   3.8452148e+01
   8.9922200e+05   4.2358398e+01
   8.9925500e+05   4.3151855e+01
   1.0084170e+06   3.8269043e+01
   1.0294370e+06   4.2175293e+01
   1.0294560e+06   4.1137695e+01
   1.0294890e+06   4.6020508e+01
   1.0296690e+06   4.9133301e+01
   1.0297520e+06   3.9184570e+01
   1.0298030e+06   6.1096191e+01
   1.0298320e+06   4.1748047e+01
   1.0299200e+06   4.4067383e+01
   1.1474520e+06   5.2612305e+01
   1.1474990e+06   4.6020508e+01
   1.1475290e+06   3.8574219e+01
   1.1475780e+06   4.0649414e+01
   1.1476180e+06   4.0222168e+01
   1.1476430e+06   5.1818848e+01
   1.1476670e+06   4.8889160e+01
   1.1476800e+06   4.5898438e+01
   1.1491280e+06   3.9001465e+01
   1.1491900e+06   4.6325684e+01
   1.2317210e+06   3.9306641e+01
   1.2785150e+06   4.3640137e+01
   1.2785920e+06   4.5471191e+01
   1.2787570e+06   4.6936035e+01
   1.2788880e+06   4.1015625e+01
   1.2808590e+06   4.1320801e+01
   1.3917350e+06   3.8208008e+01
   1.4036260e+06   4.9743652e+01
   1.4038880e+06   4.0039063e+01
   1.4039080e+06   4.6569824e+01
   1.4039260e+06   4.3945313e+01
   1.4039670e+06   5.5114746e+01
   1.4040010e+06   3.9245605e+01
   1.4040760e+06   4.1259766e+01
   1.4041890e+06   3.8635254e+01
   1.4595220e+06   4.3884277e+01
   1.4860610e+06   3.8452148e+01
   1.4861700e+06   4.6508789e+01
   1.4862690e+06   4.6569824e+01
   1.4862830e+06   3.8330078e+01
   1.4864000e+06   4.1076660e+01
   1.4864440e+06   3.9489746e+01
   1.4864820e+06   3.8879395e+01
   1.4865420e+06   4.1992188e+01
   1.4865760e+06   4.0283203e+01
   1.4866600e+06   3.8696289e+01
   1.6238320e+06   4.2724609e+01
   1.6238470e+06   3.8757324e+01
   1.6238910e+06   5.7800293e+01
   1.6240140e+06   4.0466309e+01
   1.6240440e+06   4.0405273e+01
   1.6240900e+06   4.5898438e+01
   1.6241070e+06   4.2175293e+01
   1.6253380e+06   4.1320801e+01
   1.6254840e+06   3.8452148e+01
   1.7491160e+06   3.8024902e+01
   1.7783200e+06   4.9011230e+01
   1.7783410e+06   6.5368652e+01
   1.7784090e+06   5.0048828e+01
   1.7785690e+06   3.9611816e+01
   1.8985440e+06   4.5471191e+01
   1.8985870e+06   4.6569824e+01
   1.8986200e+06   4.4677734e+01
   1.8986630e+06   4.5532227e+01
   1.8986740e+06   4.1198730e+01
   1.8986970e+06   4.1564941e+01
   1.8987110e+06   4.5959473e+01
   1.8987460e+06   3.8146973e+01
   1.8987950e+06   4.7668457e+01
   1.9001480e+06   3.9123535e+01
   1.9003050e+06   3.8696289e+01
   2.0586900e+06   3.8391113e+01
   2.0587240e+06   3.9367676e+01
   2.0785120e+06   5.0659180e+01
   2.0785470e+06   4.9072266e+01
   2.0785730e+06   4.3212891e+01
   2.0786220e+06   4.1320801e+01
   2.0786470e+06   5.7983398e+01
   2.0789620e+06   4.1320801e+01
   2.1963610e+06   4.4921875e+01
   2.1964310e+06   4.4067383e+01
   2.1964760e+06   3.8452148e+01
   2.1965380e+06   3.8330078e+01
   2.1965750e+06   4.9194336e+01
   2.1966600e+06   3.9916992e+01
   2.1967300e+06   4.2541504e+01
   2.1983070e+06   3.8635254e+01
   2.3106430e+06   4.0527344e+01
   2.3106730e+06   3.9306641e+01
   2.3106930e+06   3.8513184e+01
   2.3761590e+06   6.5551758e+01
   2.3761710e+06   4.2602539e+01
   2.3761920e+06   3.8513184e+01
   2.3763090e+06   4.8828125e+01
   2.3763200e+06   4.3701172e+01
   2.3763630e+06   4.2907715e+01
   2.3764120e+06   4.4128418e+01
   2.3777990e+06   4.2541504e+01
   2.3782520e+06   3.8085938e+01
   2.6138230e+06   5.5114746e+01
   2.6138570e+06   5.7006836e+01
   2.6207950e+06   6.3781738e+01
   2.6273590e+06   3.8635254e+01
   2.6273860e+06   4.8339844e+01
   2.6274020e+06   5.0048828e+01
   2.6274210e+06   4.7119141e+01
   2.6275440e+06   5.4382324e+01
   2.6275920e+06   3.9245605e+01
   2.6276130e+06   4.1870117e+01
   2.6276620e+06   4.2236328e+01
   2.6276990e+06   4.0466309e+01
   2.6277220e+06   4.3395996e+01
   2.6277390e+06   4.9804688e+01
   2.6293120e+06   3.9367676e+01
   2.6293650e+06   3.8940430e+01
   2.7893430e+06   4.1870117e+01
   2.7893640e+06   3.8452148e+01
   2.7894290e+06   3.9489746e+01
   2.7895430e+06   4.3457031e+01
   2.8908180e+06   4.0649414e+01
   2.8908460e+06   5.7983398e+01
   2.8909760e+06   3.8879395e+01
   2.8910480e+06   4.1198730e+01
   2.8977330e+06   4.2297363e+01
   2.8977520e+06   3.8879395e+01
   2.8977880e+06   4.5654297e+01
   2.8978050e+06   5.5358887e+01
   2.8978500e+06   4.2907715e+01
   2.8979080e+06   4.8156738e+01
   2.8979320e+06   4.1687012e+01
   2.8979900e+06   4.4738770e+01
   2.8980050e+06   4.4860840e+01
   3.0433690e+06   3.8818359e+01
   3.0440740e+06   4.1870117e+01
   3.0441080e+06   3.9733887e+01
   3.1238010e+06   3.8146973e+01
   3.1238220e+06   4.0161133e+01
   3.1594660e+06   3.9611816e+01
   3.1835330e+06   4.0283203e+01
   3.2137470e+06   3.9611816e+01
   3.2137640e+06   3.8208008e+01
   3.2138790e+06   3.9367676e+01
   3.2140540e+06   4.3945313e+01
   3.2141430e+06   4.0161133e+01
   3.2143110e+06   4.3762207e+01
   3.3239170e+06   3.9794922e+01
   3.3355260e+06   5.3405762e+01
   3.3356130e+06   4.6386719e+01
   3.3356900e+06   4.5532227e+01
   3.3657590e+06   4.7058105e+01
   3.3658500e+06   4.0344238e+01
   3.3658780e+06   4.0771484e+01
   3.5447590e+06   5.4321289e+01
   3.5448870e+06   4.6936035e+01
   3.5449800e+06   4.6630859e+01
   3.5450750e+06   3.9306641e+01
   3.7015760e+06   3.9123535e+01
   3.7020670e+06   4.8583984e+01
   3.7021060e+06   3.9916992e+01
   3.7531500e+06   5.5358887e+01
   3.7531800e+06   5.8044434e+01
   3.7532140e+06   3.9306641e+01
   3.7712620e+06   4.1381836e+01
   3.7810300e+06   4.4433594e+01
   3.7810790e+06   4.0710449e+01
   3.7873810e+06   4.5715332e+01
   3.8056690e+06   3.8879395e+01
   3.8057850e+06   3.8330078e+01
   3.8205340e+06   3.8208008e+01
   3.8206760e+06   4.2724609e+01
   3.9047100e+06   4.0222168e+01
   3.9048220e+06   3.9794922e+01
   3.9050490e+06   4.4311523e+01
   3.9051010e+06   3.8818359e+01
   3.9052380e+06   3.8513184e+01
   3.9052760e+06   4.2053223e+01
   3.9053200e+06   3.9184570e+01
   3.9586670e+06   4.0405273e+01
   3.9587280e+06   4.2663574e+01
   3.9728950e+06   4.3823242e+01
   3.9729220e+06   4.2175293e+01
   3.9730510e+06   6.4697266e+01
   3.9731330e+06   4.0649414e+01
   3.9731830e+06   4.5715332e+01
   3.9732280e+06   3.8696289e+01
   4.0747250e+06   3.9733887e+01
   4.0747900e+06   3.9245605e+01
   4.0748500e+06   5.0598145e+01
   4.0764250e+06   4.3762207e+01
   4.1151330e+06   4.0527344e+01
   4.1514560e+06   4.4067383e+01
   4.1515260e+06   3.9916992e+01
   4.1968860e+06   4.4433594e+01
   4.1969220e+06   4.0100098e+01
   4.1969990e+06   4.6936035e+01
   4.1970300e+06   4.1259766e+01
   4.1970820e+06   7.1105957e+01
   4.1971590e+06   5.7434082e+01
   4.1971790e+06   3.9794922e+01
   4.3414340e+06   3.8085938e+01
   4.3415560e+06   4.7241211e+01
   4.3415830e+06   4.3640137e+01
   4.3416260e+06   4.3457031e+01
   4.3416940e+06   4.2785645e+01
   4.3417350e+06   4.1564941e+01
   4.3417820e+06   4.2297363e+01
   4.3418590e+06   3.9672852e+01
   4.3419770e+06   4.2114258e+01
   4.3810780e+06   4.7790527e+01
   4.4046890e+06   4.2053223e+01
   4.4339510e+06   3.8146973e+01
   4.4974570e+06   4.2602539e+01
   4.4974690e+06   4.5776367e+01
   4.4975360e+06   4.0344238e+01
   4.4976430e+06   3.8391113e+01
   4.4976550e+06   4.0222168e+01
   4.4976970e+06   3.9672852e+01
   4.4977490e+06   4.7851563e+01
   4.6336190e+06   4.7485352e+01
   4.6336780e+06   4.1748047e+01
   4.7486060e+06   5.2001953e+01
   4.7486690e+06   4.0832520e+01
   4.7487350e+06   4.6936035e+01
   4.7488040e+06   4.0283203e+01
   4.7488350e+06   4.8034668e+01
   4.7489090e+06   4.9743652e+01
   4.7489280e+06   3.9672852e+01
   4.7490210e+06   4.4128418e+01
   4.7501630e+06   4.0039063e+01
   4.8632070e+06   4.1931152e+01
   4.8632680e+06   3.9916992e+01
   4.8634950e+06   3.8208008e+01
   4.8636070e+06   3.8940430e+01
   4.8885530e+06   4.4677734e+01
   4.8885670e+06   4.7912598e+01
   4.8886900e+06   3.9794922e+01
   4.8887670e+06   4.9743652e+01
   4.8888150e+06   3.9794922e+01
   4.8888560e+06   3.9672852e+01
   4.8962150e+06   3.9611816e+01
   4.8962430e+06   4.3762207e+01
   5.2350400e+06   4.2358398e+01
   5.2350570e+06   4.0405273e+01
   5.2353060e+06   4.6691895e+01
   5.2353770e+06   3.8024902e+01
   5.2469940e+06   4.1320801e+01
   5.2470130e+06   4.1931152e+01
   5.2470580e+06   4.9377441e+01
   5.2470840e+06   3.8879395e+01
   5.2473730e+06   4.7180176e+01
   5.2474850e+06   4.0588379e+01
   5.4415560e+06   4.2419434e+01
   5.4415770e+06   4.0527344e+01
   5.4416110e+06   5.1025391e+01
   5.4416350e+06   5.5847168e+01
   5.4416950e+06   4.1931152e+01
   5.4421700e+06   4.0649414e+01
   5.5029780e+06   3.8146973e+01
   5.6053130e+06   3.8391113e+01
   5.6392490e+06   4.1748047e+01
   5.6393070e+06   4.0649414e+01
   5.6393470e+06   4.6386719e+01
   5.6394000e+06   4.2236328e+01
   5.6394290e+06   4.8461914e+01
   5.6394530e+06   5.4870605e+01
   5.6395050e+06   3.9489746e+01
   5.6395180e+06   3.8879395e+01
   5.6395510e+06   3.9611816e+01
   5.6396030e+06   4.8645020e+01
   5.6412200e+06   4.2907715e+01
   5.6487710e+06   5.4992676e+01
   5.6488020e+06   4.9621582e+01
   5.6488130e+06   5.8837891e+01
   5.6488390e+06   7.1105957e+01
   5.6507080e+06   4.1992188e+01
   5.8844720e+06   3.8513184e+01
   5.8846200e+06   3.9916992e+01
   5.9003260e+06   4.2053223e+01
   5.9789490e+06   4.3518066e+01
   5.9963500e+06   3.9306641e+01
   5.9965060e+06   4.0832520e+01
   5.9965950e+06   4.0710449e+01
   5.9966260e+06   4.4677734e+01
   5.9969690e+06   3.8208008e+01
   6.0095630e+06   4.1015625e+01
   6.0095830e+06   4.7058105e+01
   6.0096140e+06   5.3283691e+01
   6.0096270e+06   4.8950195e+01
   6.0096640e+06   4.3945313e+01
   6.0097120e+06   5.5297852e+01
   6.0097970e+06   4.5043945e+01
   6.0098860e+06   3.8146973e+01
   6.1615360e+06   4.2297363e+01
   6.1615880e+06   4.0710449e+01
   6.1617220e+06   3.9611816e+01
   6.1698650e+06   3.9062500e+01
   6.1699590e+06   4.9438477e+01
   6.1699730e+06   5.8532715e+01
   6.1700990e+06   3.9916992e+01
   6.1701560e+06   4.0832520e+01
   6.2491520e+06   4.1564941e+01
   6.2491780e+06   5.1879883e+01
   6.2492210e+06   5.0537109e+01
   6.2493460e+06   3.9672852e+01
   6.2493740e+06   4.1442871e+01
   6.2494330e+06   4.9011230e+01
   6.4191960e+06   4.0466309e+01
   6.4192160e+06   5.7067871e+01
   6.4192700e+06   3.8330078e+01
   6.4193130e+06   4.6264648e+01
   6.4193490e+06   3.8696289e+01
   6.4193700e+06   3.8146973e+01
   6.4194290e+06   3.9611816e+01
   6.4207320e+06   4.0161133e+01
   6.5047540e+06   4.0588379e+01
   6.5723490e+06   4.0771484e+01
   6.5725980e+06   4.0405273e+01
   6.5886530e+06   4.0100098e+01
   6.6190370e+06   5.1574707e+01
   6.6191060e+06   4.5715332e+01
   6.6516400e+06   3.8940430e+01
   6.6516660e+06   3.9672852e+01
   6.6516940e+06   4.2175293e+01
   6.6517070e+06   4.1076660e+01
   6.6517750e+06   4.8156738e+01
   6.6518030e+06   5.9692383e+01
   6.6518140e+06   4.2358398e+01
   6.6518410e+06   4.4799805e+01
   6.6518860e+06   4.2968750e+01
   6.6519490e+06   4.5837402e+01
   6.6530240e+06   4.0222168e+01
   6.6531380e+06   4.4128418e+01
   6.7983870e+06   3.8879395e+01
   6.7998810e+06   3.8391113e+01
   6.7999380e+06   3.8208008e+01
   6.7999530e+06   4.4677734e+01
   6.8764180e+06   4.2297363e+01
   6.8764620e+06   3.8635254e+01
   6.8764740e+06   5.3466797e+01
   6.8765070e+06   3.9672852e+01
   6.8765320e+06   3.8818359e+01
   6.8765490e+06   5.3833008e+01
   6.8765700e+06   4.9133301e+01
   6.8766320e+06   3.8024902e+01
   6.8768110e+06   4.8339844e+01
   7.0848640e+06   3.8574219e+01
   7.0909400e+06   3.8940430e+01
   7.1346070e+06   4.0039063e+01
   7.1728400e+06   3.9611816e+01
   7.1728790e+06   4.3762207e+01
   7.2271260e+06   4.2541504e+01
   7.2273880e+06   5.0170898e+01
   7.2274160e+06   4.9560547e+01
   7.2274740e+06   3.9916992e+01
   7.2418160e+06   3.9367676e+01
   7.2513780e+06   3.9062500e+01
   7.2513900e+06   3.9367676e+01
   7.2591790e+06   3.9306641e+01
   7.2842130e+06   4.6142578e+01
   7.2842560e+06   4.1748047e+01
   7.2843110e+06   5.8471680e+01
   7.2843320e+06   4.1137695e+01
   7.2843740e+06   3.9367676e+01
   7.2843870e+06   4.5532227e+01
   7.2844330e+06   5.2917480e+01
   7.2844740e+06   4.6020508e+01
   7.2856240e+06   4.4860840e+01
   7.4666040e+06   4.2846680e+01
   7.5547160e+06   4.1992188e+01
   7.5550580e+06   4.5532227e+01
   7.5550990e+06   4.3029785e+01
   7.5552830e+06   3.8146973e+01
   7.5999910e+06   5.5541992e+01
   7.6105030e+06   3.8146973e+01
   7.6541440e+06   4.2602539e+01
   7.6541790e+06   6.3842773e+01
   7.6542240e+06   5.3588867e+01
   7.6543240e+06   4.3945313e+01
   7.6543480e+06   6.8298340e+01
   7.6544030e+06   3.9001465e+01
   7.6544380e+06   3.9550781e+01
   7.6545410e+06   5.2734375e+01
   7.8126240e+06   3.8452148e+01
   7.8126540e+06   4.8217773e+01
   7.8127110e+06   4.4128418e+01
   7.8127490e+06   4.1076660e+01
   7.8128150e+06   5.5114746e+01
   7.8128440e+06   3.8330078e+01
   7.8128800e+06   4.6936035e+01
   7.8129260e+06   4.4860840e+01
   7.9931130e+06   4.3518066e+01
   7.9932160e+06   4.0405273e+01
   7.9932440e+06   3.9550781e+01
   7.9932700e+06   3.8146973e+01
   8.1046720e+06   3.9306641e+01
   8.1047030e+06   5.8715820e+01
   8.1047340e+06   4.7241211e+01
   8.1048060e+06   3.8818359e+01
   8.1048930e+06   4.4067383e+01
   8.1049130e+06   3.8940430e+01
   8.1050420e+06   3.9978027e+01
   8.1050730e+06   4.1381836e+01
   8.1112970e+06   4.0039063e+01
   8.1113350e+06   4.3151855e+01
   8.1114320e+06   3.8635254e+01
   8.1115610e+06   3.8818359e+01
   8.1116830e+06   3.8208008e+01
   8.1130690e+06   4.3640137e+01
   8.3641750e+06   3.9367676e+01
   8.6479200e+06   3.9916992e+01
   8.6479400e+06   4.9560547e+01
   8.6480210e+06   4.3640137e+01
   8.6480500e+06   4.0710449e+01
   8.6481350e+06   4.8767090e+01
   8.6482110e+06   4.0771484e+01
   8.6482290e+06   4.4250488e+01
   8.6482650e+06   3.8757324e+01
   8.6482820e+06   3.8696289e+01
   8.6483720e+06   4.5043945e+01
   8.7343680e+06   4.0100098e+01
   8.7344210e+06   4.3273926e+01
   8.7344890e+06   3.8635254e+01
   8.7346420e+06   3.9794922e+01
   8.7346980e+06   4.5288086e+01
   8.7359260e+06   4.4250488e+01
   8.8756250e+06   4.5227051e+01
   8.8758250e+06   4.1748047e+01
   8.8760800e+06   4.1503906e+01
   8.8916690e+06   4.6569824e+01
   8.8917150e+06   4.5837402e+01
   8.8918920e+06   4.2480469e+01
   8.8919350e+06   4.5043945e+01
   8.8919450e+06   4.4555664e+01
   8.8921580e+06   3.8513184e+01
   8.9320980e+06   4.2541504e+01
   8.9541180e+06   4.5349121e+01
   8.9600070e+06   4.0649414e+01
   8.9600440e+06   3.8269043e+01
   8.9796790e+06   3.8513184e+01
   8.9796890e+06   4.6447754e+01
   8.9798180e+06   4.9743652e+01
   8.9799040e+06   4.4433594e+01
   8.9799420e+06   3.8696289e+01
   8.9799610e+06   3.8024902e+01
   8.9800240e+06   4.4677734e+01
   8.9800790e+06   4.1259766e+01
   8.9813530e+06   3.8146973e+01
   8.9937880e+06   5.8410645e+01
   8.9938420e+06   4.8339844e+01
   8.9938560e+06   4.7302246e+01
   8.9939290e+06   3.9611816e+01
   8.9940440e+06   3.9611816e+01
   8.9951930e+06   3.8696289e+01
   8.9953900e+06   4.3090820e+01
   9.1188070e+06   4.1320801e+01
   9.1188410e+06   4.7180176e+01
   9.3353420e+06   3.8757324e+01
   9.3972110e+06   4.3029785e+01
   9.6567470e+06   4.3334961e+01
   9.6568590e+06   4.9682617e+01
   9.6569360e+06   4.0527344e+01
   9.6569490e+06   4.3395996e+01
   9.6570430e+06   4.2846680e+01
   9.6570600e+06   4.8461914e+01
   9.6571190e+06   3.9855957e+01
   9.8021020e+06   4.2480469e+01
   9.8023510e+06   4.0283203e+01
   9.8024760e+06   3.8085938e+01
   9.8025010e+06   4.6386719e+01
   9.8026810e+06   4.6813965e+01
   9.8742260e+06   4.2968750e+01
   9.8742630e+06   3.8146973e+01
   9.8743090e+06   4.3701172e+01
   9.8743730e+06   3.8879395e+01
   9.8744280e+06   3.8085938e+01
   9.8744480e+06   4.3151855e+01
   9.8745010e+06   3.9123535e+01
   9.8745330e+06   4.4189453e+01
   9.8758580e+06   4.0100098e+01
   1.0124786e+07   5.9814453e+01
   1.0124823e+07   5.0781250e+01
   1.0124914e+07   5.1269531e+01
   1.0124931e+07   4.0588379e+01
   1.0124968e+07   4.6447754e+01
   1.0124991e+07   4.6142578e+01
   1.0125012e+07   3.8391113e+01
   1.0126309e+07   4.1076660e+01
   1.0126338e+07   4.3212891e+01
   1.0598315e+07   4.0100098e+01
   1.0598373e+07   4.2297363e+01
   1.0598403e+07   4.8461914e+01
   1.0598513e+07   4.8583984e+01
   1.0598540e+07   3.9367676e+01
   1.0598613e+07   4.6508789e+01
   1.0598659e+07   4.3518066e+01
   1.0853758e+07   4.8400879e+01
   1.0853782e+07   5.0354004e+01
   1.0853917e+07   5.0659180e+01
   1.0853950e+07   3.9001465e+01
   1.0853986e+07   3.9733887e+01
   1.0855396e+07   4.1198730e+01
   1.0865111e+07   3.9794922e+01
   1.0865209e+07   3.9489746e+01
   1.1129206e+07   3.8513184e+01
   1.1211970e+07   3.9062500e+01
   1.1268015e+07   4.1076660e+01
   1.1268569e+07   4.0832520e+01
   1.1268665e+07   4.5776367e+01
   1.1268722e+07   4.2724609e+01
   1.1268746e+07   3.8818359e+01
   1.1268768e+07   3.8085938e+01
   1.1268787e+07   3.8085938e+01
   1.1268873e+07   3.8208008e+01
   1.1358788e+07   3.9733887e+01
   1.1358818e+07   4.1870117e+01
   1.1358861e+07   4.4189453e+01
   1.1358904e+07   5.9509277e+01
   1.1358964e+07   4.1076660e+01
   1.1368058e+07   3.8635254e+01
   1.1368116e+07   3.8818359e+01
   1.1368156e+07   4.8400879e+01
   1.1368166e+07   4.3701172e+01
   1.1684233e+07   4.5166016e+01
   1.1684286e+07   4.3579102e+01
   1.1684329e+07   5.5175781e+01
   1.1684343e+07   6.2377930e+01
   1.1684620e+07   3.9855957e+01
   1.1801015e+07   5.3039551e+01
   1.1801109e+07   4.9377441e+01
   1.1801200e+07   4.1687012e+01
   1.1801267e+07   4.0771484e+01
   1.1801359e+07   3.8818359e+01
   1.1802796e+07   3.9306641e+01
   1.1808856e+07   4.0588379e+01
   1.1808911e+07   4.0954590e+01
   1.1808962e+07   3.8269043e+01
