   1.1999000e+07   0.0000000e+00
   2.7808000e+04   3.3203125e+01
   2.7977000e+04   3.2531738e+01
   2.8006000e+04   3.7902832e+01
   2.8133000e+04   3.3264160e+01
   2.9695000e+04   3.4484863e+01
   1.4198900e+05   4.1015625e+01
   1.4234800e+05   3.6376953e+01
   1.4241700e+05   4.0954590e+01
   1.4255500e+05   3.4545898e+01
   1.4394600e+05   3.9978027e+01
   1.4396800e+05   3.3020020e+01
   1.5039200e+05   3.5339355e+01
   1.5047600e+05   3.3569336e+01
   2.9706300e+05   3.7902832e+01
   3.9603700e+05   3.9062500e+01
   3.9632400e+05   3.2653809e+01
   3.9634900e+05   3.5217285e+01
   3.9642500e+05   4.2724609e+01
   4.6055900e+05   3.2958984e+01
   4.7849600e+05   3.3386230e+01
   4.9033900e+05   3.3508301e+01
   4.9046900e+05   3.4057617e+01
   4.9068200e+05   3.5583496e+01
   4.9071700e+05   3.4118652e+01
   4.9088400e+05   3.3874512e+01
   5.8627100e+05   3.4484863e+01
   6.0069400e+05   3.3752441e+01
   6.0099100e+05   3.9794922e+01
   6.5099400e+05   3.2714844e+01
   6.6806500e+05   3.2348633e+01
   6.6841000e+05   4.2785645e+01
   6.6856600e+05   3.7292480e+01
   6.7035300e+05   3.4851074e+01
   7.6051800e+05   3.5156250e+01
   7.6178300e+05   3.3081055e+01
   7.6182400e+05   3.2348633e+01
   7.6675800e+05   3.3996582e+01
   8.9902200e+05   3.2226563e+01
   8.9906600e+05   3.9428711e+01
   8.9917500e+05   3.2470703e+01
   8.9927600e+05   3.4484863e+01
   9.0091600e+05   3.5705566e+01
   9.7886000e+05   3.6621094e+01
   1.0296640e+06   4.1992188e+01
   1.0296810e+06   3.5034180e+01
   1.0296960e+06   3.5034180e+01
   1.0297490e+06   3.2958984e+01
   1.0298430e+06   3.6926270e+01
   1.0314000e+06   3.5217285e+01
   1.1475830e+06   3.5583496e+01
   1.1475990e+06   3.7353516e+01
   1.1477280e+06   3.3630371e+01
   1.2457360e+06   3.4851074e+01
   1.2787320e+06   3.2714844e+01
   1.2787490e+06   4.9560547e+01
   1.2787730e+06   3.9306641e+01
   1.2788220e+06   3.5339355e+01
   1.2789360e+06   4.5410156e+01
   1.2789600e+06   3.4973145e+01
   1.2808070e+06   3.3447266e+01
   1.3411960e+06   3.3508301e+01
   1.3666990e+06   3.2287598e+01
   1.4038140e+06   3.2409668e+01
   1.4038400e+06   3.3081055e+01
   1.4602560e+06   3.3386230e+01
   1.4810360e+06   3.7109375e+01
   1.4862830e+06   3.4057617e+01
   1.4863250e+06   3.6254883e+01
   1.4863450e+06   3.7048340e+01
   1.4864240e+06   3.2653809e+01
   1.6090370e+06   3.2714844e+01
   1.6090620e+06   4.0161133e+01
   1.6240360e+06   3.5278320e+01
   1.6252020e+06   3.2348633e+01
   1.6254870e+06   3.2958984e+01
   1.7046550e+06   3.2226563e+01
   1.7782990e+06   3.5400391e+01
   1.7784430e+06   3.3996582e+01
   1.7800160e+06   3.2287598e+01
   1.8749610e+06   3.2714844e+01
   1.8799420e+06   3.5949707e+01
   1.8964020e+06   3.4057617e+01
   1.8987390e+06   3.7048340e+01
   1.8987740e+06   3.7963867e+01
   1.8988030e+06   4.3945313e+01
   1.9001830e+06   3.2226563e+01
   1.9002930e+06   3.2714844e+01
   2.0254700e+06   3.2836914e+01
   2.0761090e+06   3.3386230e+01
   2.0787170e+06   3.7475586e+01
   2.0788110e+06   3.6254883e+01
   2.0801310e+06   3.2287598e+01
   2.1809650e+06   3.2287598e+01
   2.1942330e+06   3.2836914e+01
   2.1965290e+06   4.1442871e+01
   2.1965440e+06   3.3264160e+01
   2.1966330e+06   4.0832520e+01
   2.1966430e+06   3.5461426e+01
   2.2976630e+06   3.5034180e+01
   2.2978090e+06   3.3081055e+01
   2.2985210e+06   3.4973145e+01
   2.3106550e+06   3.3752441e+01
   2.3108120e+06   3.4240723e+01
   2.3109870e+06   3.2775879e+01
   2.3743650e+06   3.4423828e+01
   2.3763320e+06   3.2409668e+01
   2.4769500e+06   3.2287598e+01
   2.5370710e+06   3.4729004e+01
   2.5669180e+06   3.5278320e+01
   2.5669630e+06   3.2592773e+01
   2.5671280e+06   3.2714844e+01
   2.6069090e+06   4.4555664e+01
   2.6070630e+06   3.3691406e+01
   2.6140780e+06   3.5705566e+01
   2.6141160e+06   3.3447266e+01
   2.6276320e+06   3.9794922e+01
   2.6277170e+06   3.2836914e+01
   2.7884460e+06   3.5461426e+01
   2.7885300e+06   3.4057617e+01
   2.7885730e+06   3.6743164e+01
   2.7886020e+06   3.3264160e+01
   2.7895130e+06   3.2409668e+01
   2.8369000e+06   3.2531738e+01
   2.8555230e+06   3.4179688e+01
   2.8896200e+06   3.3813477e+01
   2.8979250e+06   3.3508301e+01
   2.8979540e+06   4.1870117e+01
   2.8980190e+06   3.2287598e+01
   2.8989560e+06   3.2531738e+01
   3.0176620e+06   3.2775879e+01
   3.0430560e+06   3.2409668e+01
   3.0443260e+06   3.4301758e+01
   3.1234960e+06   3.4301758e+01
   3.1237470e+06   3.2714844e+01
   3.1252730e+06   3.3020020e+01
   3.1584980e+06   4.2724609e+01
   3.2140880e+06   3.5522461e+01
   3.2142760e+06   3.7963867e+01
   3.2152970e+06   3.2592773e+01
   3.3109150e+06   3.7170410e+01
   3.3356830e+06   3.4057617e+01
   3.3357910e+06   3.2653809e+01
   3.3358670e+06   3.2653809e+01
   3.3657510e+06   3.4362793e+01
   3.3657750e+06   3.3935547e+01
   3.3658280e+06   3.6132813e+01
   3.3659090e+06   4.0100098e+01
   3.3668020e+06   3.2897949e+01
   3.3671000e+06   3.6132813e+01
   3.3671300e+06   3.7414551e+01
   3.3672080e+06   3.3386230e+01
   3.4931520e+06   3.8146973e+01
   3.5018280e+06   3.4057617e+01
   3.5447760e+06   3.5156250e+01
   3.6747370e+06   3.4790039e+01
   3.6918030e+06   3.3752441e+01
   3.7019480e+06   3.7231445e+01
   3.7019960e+06   3.7780762e+01
   3.7020840e+06   3.3020020e+01
   3.7534300e+06   3.2409668e+01
   3.7534720e+06   3.8024902e+01
   3.7877340e+06   3.3569336e+01
   3.8055380e+06   3.7902832e+01
   3.8056170e+06   4.1259766e+01
   3.8057610e+06   3.2409668e+01
   3.8201840e+06   3.2226563e+01
   3.8203310e+06   3.9855957e+01
   3.8204380e+06   3.3569336e+01
   3.8782870e+06   3.5461426e+01
   3.8792350e+06   3.2348633e+01
   3.8849140e+06   3.3020020e+01
   3.9048950e+06   3.9001465e+01
   3.9052130e+06   3.2531738e+01
   3.9052780e+06   3.4790039e+01
   3.9555660e+06   3.2287598e+01
   3.9730530e+06   4.9682617e+01
   3.9731680e+06   3.2226563e+01
   3.9743510e+06   3.2470703e+01
   4.0747570e+06   3.6865234e+01
   4.0748680e+06   3.5766602e+01
   4.0749240e+06   3.4667969e+01
   4.0749670e+06   3.2958984e+01
   4.1879660e+06   3.3264160e+01
   4.1970510e+06   3.5095215e+01
   4.1970770e+06   3.3874512e+01
   4.1971300e+06   3.8024902e+01
   4.1971910e+06   3.3691406e+01
   4.1981990e+06   4.4372559e+01
   4.3224910e+06   3.7902832e+01
   4.3415060e+06   3.2592773e+01
   4.3415470e+06   4.3334961e+01
   4.3562360e+06   3.3020020e+01
   4.3791720e+06   3.3142090e+01
   4.4342830e+06   3.4790039e+01
   4.4486220e+06   3.2348633e+01
   4.4491350e+06   3.2409668e+01
   4.4947090e+06   3.3264160e+01
   4.4947410e+06   3.5339355e+01
   4.4976230e+06   4.1687012e+01
   4.4976430e+06   3.5766602e+01
   4.5446910e+06   3.7414551e+01
   4.5956890e+06   3.2958984e+01
   4.5957590e+06   3.2226563e+01
   4.6707390e+06   3.2775879e+01
   4.7274770e+06   3.4912109e+01
   4.7442650e+06   3.7231445e+01
   4.7488050e+06   4.8706055e+01
   4.7502190e+06   3.4423828e+01
   4.7502520e+06   3.9916992e+01
   4.8636050e+06   3.2714844e+01
   4.8887340e+06   4.2663574e+01
   4.8887700e+06   3.4851074e+01
   4.8887960e+06   3.7353516e+01
   4.8888330e+06   3.3874512e+01
   4.8888710e+06   3.4790039e+01
   4.8889390e+06   3.4606934e+01
   4.8889660e+06   3.4240723e+01
   4.8963210e+06   4.1015625e+01
   4.8963460e+06   3.8757324e+01
   4.8963630e+06   3.3142090e+01
   5.0334320e+06   3.3020020e+01
   5.1498390e+06   3.2592773e+01
   5.1534840e+06   3.2226563e+01
   5.2154440e+06   3.8146973e+01
   5.2204940e+06   3.7658691e+01
   5.2353220e+06   3.5217285e+01
   5.2470440e+06   3.2287598e+01
   5.2470650e+06   3.2958984e+01
   5.3435340e+06   3.5705566e+01
   5.3649950e+06   3.7780762e+01
   5.3650830e+06   3.3386230e+01
   5.4399180e+06   4.0344238e+01
   5.4399480e+06   3.9428711e+01
   5.4415270e+06   3.4240723e+01
   5.4416210e+06   3.4912109e+01
   5.5549950e+06   3.6315918e+01
   5.6203630e+06   3.3264160e+01
   5.6205850e+06   3.3386230e+01
   5.6394320e+06   3.5278320e+01
   5.6394840e+06   3.5644531e+01
   5.6488970e+06   3.9123535e+01
   5.6489260e+06   3.6560059e+01
   5.6489620e+06   3.2836914e+01
   5.7245170e+06   3.3203125e+01
   5.7916810e+06   3.7109375e+01
   5.8280610e+06   3.2226563e+01
   5.8482940e+06   3.8146973e+01
   5.8533010e+06   3.3020020e+01
   5.8575480e+06   3.2226563e+01
   5.8829590e+06   3.2592773e+01
   5.8845990e+06   3.4545898e+01
   5.8846950e+06   3.2409668e+01
   5.9682730e+06   3.4545898e+01
   5.9967490e+06   4.1137695e+01
   5.9967820e+06   3.8635254e+01
   6.0097210e+06   3.3203125e+01
   6.0097870e+06   3.5461426e+01
   6.0098180e+06   3.9062500e+01
   6.1123120e+06   3.5217285e+01
   6.1123420e+06   3.6926270e+01
   6.1123960e+06   4.0161133e+01
   6.1618350e+06   3.2836914e+01
   6.1699200e+06   3.6560059e+01
   6.1700430e+06   3.7963867e+01
   6.1701060e+06   3.2897949e+01
   6.2079920e+06   3.6865234e+01
   6.2493530e+06   3.5888672e+01
   6.2494520e+06   3.3081055e+01
   6.2507060e+06   3.2470703e+01
   6.3043310e+06   3.4057617e+01
   6.3490340e+06   3.2775879e+01
   6.3492030e+06   3.8879395e+01
   6.3784120e+06   3.3142090e+01
   6.4191950e+06   4.2053223e+01
   6.4192230e+06   3.2653809e+01
   6.4194170e+06   3.3935547e+01
   6.5725370e+06   3.3142090e+01
   6.5726530e+06   3.3935547e+01
   6.5888270e+06   3.3874512e+01
   6.6192940e+06   3.2287598e+01
   6.6193540e+06   3.4362793e+01
   6.6193810e+06   3.4790039e+01
   6.6194110e+06   3.3325195e+01
   6.6516000e+06   3.5888672e+01
   6.6517330e+06   3.5217285e+01
   6.6517720e+06   3.7353516e+01
   6.6518020e+06   3.4912109e+01
   6.6529980e+06   3.3630371e+01
   6.7999050e+06   5.3527832e+01
   6.7999480e+06   3.3325195e+01
   6.8764130e+06   3.3386230e+01
   6.8764470e+06   5.3039551e+01
   6.8764630e+06   3.7170410e+01
   6.8776460e+06   3.2287598e+01
   6.8777240e+06   3.3325195e+01
   7.0089300e+06   3.8269043e+01
   7.0747820e+06   3.3996582e+01
   7.0832840e+06   3.2836914e+01
   7.1347130e+06   3.3020020e+01
   7.2272040e+06   3.4423828e+01
   7.2272740e+06   3.3020020e+01
   7.2843670e+06   3.6010742e+01
   7.2843810e+06   3.6132813e+01
   7.2844130e+06   4.4677734e+01
   7.2844240e+06   3.2470703e+01
   7.2856490e+06   3.4240723e+01
   7.2861690e+06   3.2592773e+01
   7.3872060e+06   3.4423828e+01
   7.4183400e+06   3.4851074e+01
   7.4483740e+06   3.3874512e+01
   7.4484600e+06   3.2470703e+01
   7.4485730e+06   3.3752441e+01
   7.4664400e+06   3.4606934e+01
   7.4666990e+06   3.2409668e+01
   7.5398610e+06   3.2348633e+01
   7.5399500e+06   3.6682129e+01
   7.6487790e+06   3.7719727e+01
   7.6543260e+06   3.2836914e+01
   7.6543680e+06   3.2653809e+01
   7.6544340e+06   4.2541504e+01
   7.6635130e+06   3.3447266e+01
   7.8002930e+06   3.2836914e+01
   7.8004160e+06   3.5888672e+01
   7.8128080e+06   3.2714844e+01
   7.8128270e+06   3.9489746e+01
   7.8128520e+06   3.9062500e+01
   7.8128880e+06   4.3212891e+01
   7.9469090e+06   3.2714844e+01
   7.9933210e+06   3.5339355e+01
   7.9933480e+06   4.1687012e+01
   7.9935090e+06   3.3630371e+01
   8.0596570e+06   3.8208008e+01
   8.1048150e+06   3.7231445e+01
   8.1048380e+06   3.8879395e+01
   8.1049030e+06   3.6254883e+01
   8.1049310e+06   3.5156250e+01
   8.1049490e+06   3.3752441e+01
   8.1115290e+06   3.3203125e+01
   8.1116130e+06   3.9306641e+01
   8.1116520e+06   3.8757324e+01
   8.2108810e+06   3.2226563e+01
   8.2527410e+06   3.3630371e+01
   8.2676740e+06   3.3325195e+01
   8.4447890e+06   3.3447266e+01
   8.4544680e+06   3.7292480e+01
   8.4545080e+06   3.3081055e+01
   8.4545420e+06   3.8879395e+01
   8.4545750e+06   3.4118652e+01
   8.4546460e+06   3.4484863e+01
   8.4775200e+06   3.2409668e+01
   8.5127730e+06   4.4128418e+01
   8.5127940e+06   3.8574219e+01
   8.5431470e+06   3.7475586e+01
   8.6163110e+06   3.8024902e+01
   8.6482240e+06   3.9855957e+01
   8.6482620e+06   3.9916992e+01
   8.6482730e+06   3.7963867e+01
   8.6484120e+06   3.5705566e+01
   8.6484810e+06   3.2775879e+01
   8.7262420e+06   3.5949707e+01
   8.7344640e+06   3.6926270e+01
   8.7345680e+06   3.7902832e+01
   8.7345920e+06   3.5522461e+01
   8.8550980e+06   3.7780762e+01
   8.8666140e+06   3.2958984e+01
   8.8759320e+06   4.0588379e+01
   8.8918530e+06   3.4301758e+01
   8.8919620e+06   3.2653809e+01
   8.8920510e+06   3.4423828e+01
   8.8920670e+06   3.2836914e+01
   8.9798970e+06   3.7231445e+01
   8.9800360e+06   3.3813477e+01
   8.9814460e+06   3.4240723e+01
   8.9938340e+06   3.4118652e+01
   8.9938490e+06   3.3203125e+01
   8.9938640e+06   3.4362793e+01
   8.9939170e+06   3.9489746e+01
   8.9939430e+06   3.5339355e+01
   9.1123420e+06   3.6682129e+01
   9.1739960e+06   3.4545898e+01
   9.1743610e+06   3.4484863e+01
   9.2296980e+06   3.2287598e+01
   9.2327560e+06   3.5095215e+01
   9.2328400e+06   3.8269043e+01
   9.2557920e+06   3.6010742e+01
   9.2897800e+06   3.5949707e+01
   9.3362610e+06   3.8330078e+01
   9.3974130e+06   3.5278320e+01
   9.4124170e+06   3.3752441e+01
   9.4126320e+06   3.5583496e+01
   9.4326630e+06   3.2592773e+01
   9.4690180e+06   3.8940430e+01
   9.5034400e+06   3.3386230e+01
   9.5034670e+06   3.4545898e+01
   9.5396020e+06   3.2531738e+01
   9.5396910e+06   3.8085938e+01
   9.5397460e+06   3.6193848e+01
   9.5734850e+06   3.3203125e+01
   9.5951180e+06   3.6804199e+01
   9.6115670e+06   3.3691406e+01
   9.6168680e+06   3.4667969e+01
   9.6569190e+06   3.4484863e+01
   9.6569630e+06   3.2287598e+01
   9.6570600e+06   3.4118652e+01
   9.8022390e+06   3.5949707e+01
   9.8023410e+06   3.6315918e+01
   9.8023700e+06   3.3752441e+01
   9.8023860e+06   3.5461426e+01
   9.8742590e+06   3.3142090e+01
   9.8742860e+06   3.2958984e+01
   9.8743370e+06   3.5400391e+01
   9.8743850e+06   3.7048340e+01
   9.8744640e+06   3.4057617e+01
   9.8756320e+06   3.3203125e+01
   9.8758090e+06   3.3203125e+01
   9.9605990e+06   4.0283203e+01
   9.9949020e+06   3.5705566e+01
   1.0017143e+07   3.9672852e+01
   1.0082196e+07   3.4301758e+01
   1.0124920e+07   3.2348633e+01
   1.0124950e+07   3.9672852e+01
   1.0124971e+07   4.4555664e+01
   1.0125009e+07   3.9672852e+01
   1.0125099e+07   3.5644531e+01
   1.0211630e+07   3.4973145e+01
   1.0269679e+07   4.4311523e+01
   1.0303717e+07   3.8208008e+01
   1.0303763e+07   3.2653809e+01
   1.0303803e+07   3.3142090e+01
   1.0396183e+07   3.2653809e+01
   1.0414034e+07   3.6315918e+01
   1.0532699e+07   3.2592773e+01
   1.0568728e+07   3.2836914e+01
   1.0575391e+07   3.3203125e+01
   1.0575620e+07   3.3569336e+01
   1.0592105e+07   3.3752441e+01
   1.0598295e+07   3.9978027e+01
   1.0692968e+07   3.5522461e+01
   1.0703176e+07   3.5705566e+01
   1.0769818e+07   3.5766602e+01
   1.0812067e+07   3.8330078e+01
   1.0853720e+07   3.6193848e+01
   1.0853817e+07   3.4729004e+01
   1.0853844e+07   3.5705566e+01
   1.0855403e+07   3.3325195e+01
   1.0865200e+07   3.4301758e+01
   1.0865233e+07   3.4118652e+01
   1.0865247e+07   4.1259766e+01
   1.0971367e+07   3.7170410e+01
   1.1038515e+07   3.2470703e+01
   1.1044777e+07   3.5949707e+01
   1.1060328e+07   3.6804199e+01
   1.1113203e+07   3.3081055e+01
   1.1129159e+07   3.7414551e+01
   1.1208458e+07   3.2287598e+01
   1.1268475e+07   3.3691406e+01
   1.1268731e+07   4.0710449e+01
   1.1322590e+07   3.4179688e+01
   1.1357254e+07   3.9184570e+01
   1.1358933e+07   3.4912109e+01
   1.1589203e+07   3.3325195e+01
   1.1598299e+07   3.2348633e+01
   1.1656169e+07   3.7902832e+01
   1.1684223e+07   3.8208008e+01
   1.1684246e+07   3.3203125e+01
   1.1684279e+07   3.9245605e+01
   1.1684304e+07   3.6987305e+01
   1.1684334e+07   3.5156250e+01
   1.1684430e+07   3.4729004e+01
   1.1754350e+07   3.3142090e+01
   1.1801081e+07   3.4301758e+01
   1.1801204e+07   4.2602539e+01
   1.1801327e+07   3.2409668e+01
   1.1809019e+07   3.5766602e+01
   1.1809048e+07   3.4423828e+01
   1.1809156e+07   3.6071777e+01
