   1.1999000e+07   0.0000000e+00
   9.6030000e+03   3.2897949e+01
   2.7747000e+04   1.3262939e+02
   2.7858000e+04   3.7475586e+01
   2.7899000e+04   3.6071777e+01
   2.7935000e+04   5.4321289e+01
   2.7992000e+04   5.4382324e+01
   2.8019000e+04   1.1090088e+02
   2.8194000e+04   8.0932617e+01
   2.9509000e+04   4.2114258e+01
   2.9560000e+04   3.4301758e+01
   2.9577000e+04   4.1076660e+01
   2.9641000e+04   1.2969971e+02
   2.9885000e+04   1.0784912e+02
   3.1645000e+04   1.2231445e+02
   9.7021000e+04   1.1224365e+02
   9.7464000e+04   1.2469482e+02
   1.0741600e+05   3.8879395e+01
   1.3249600e+05   3.5278320e+01
   1.3264700e+05   1.3800049e+02
   1.4220700e+05   3.2409668e+01
   1.4223700e+05   4.4921875e+01
   1.4226100e+05   4.1870117e+01
   1.4228400e+05   3.2531738e+01
   1.4231200e+05   1.0583496e+02
   1.4232900e+05   4.5104980e+01
   1.4236500e+05   3.4667969e+01
   1.4243300e+05   8.8623047e+01
   1.4250900e+05   7.5195313e+01
   1.4281900e+05   9.7961426e+01
   1.4386100e+05   5.8349609e+01
   1.4396200e+05   4.1564941e+01
   1.4400000e+05   3.5827637e+01
   1.4404700e+05   9.0759277e+01
   1.4419600e+05   8.1970215e+01
   1.4434200e+05   7.7941895e+01
   1.5057700e+05   3.2714844e+01
   1.5059200e+05   4.0344238e+01
   1.5062500e+05   4.3945313e+01
   1.5068300e+05   3.8085938e+01
   1.5073800e+05   1.1102295e+02
   1.5220500e+05   5.3222656e+01
   1.5223400e+05   3.4118652e+01
   1.5237300e+05   3.3142090e+01
   2.3065000e+05   1.3574219e+02
   2.3811600e+05   1.2493896e+02
   2.3828200e+05   1.2036133e+02
   2.3882600e+05   9.1430664e+01
   2.3888500e+05   8.4411621e+01
   2.5152000e+05   1.4013672e+02
   2.5646500e+05   1.2475586e+02
   2.6384600e+05   3.3386230e+01
   2.6397100e+05   1.1010742e+02
   2.6419500e+05   1.2811279e+02
   2.6461300e+05   1.2475586e+02
   2.6479500e+05   9.5153809e+01
   2.7781400e+05   1.1309814e+02
   2.9051600e+05   3.3630371e+01
   2.9099700e+05   4.0283203e+01
   2.9108100e+05   3.8391113e+01
   2.9116100e+05   1.3372803e+02
   2.9120800e+05   4.6081543e+01
   2.9124600e+05   9.0026855e+01
   2.9158700e+05   1.0998535e+02
   2.9714500e+05   5.6823730e+01
   2.9720100e+05   3.6682129e+01
   2.9721100e+05   1.1962891e+02
   2.9725900e+05   3.9184570e+01
   2.9731000e+05   8.3312988e+01
   2.9737700e+05   3.7841797e+01
   2.9743300e+05   8.0383301e+01
   2.9756600e+05   8.3496094e+01
   2.9912900e+05   3.9306641e+01
   2.9915400e+05   3.6071777e+01
   2.9920900e+05   3.2653809e+01
   3.4569900e+05   1.4733887e+02
   3.5229800e+05   1.3366699e+02
   3.5378700e+05   1.1553955e+02
   3.8384200e+05   3.3020020e+01
   3.8388500e+05   1.3000488e+02
   3.8412400e+05   1.2207031e+02
   3.8430900e+05   1.1346436e+02
   3.9610200e+05   4.3945313e+01
   3.9620800e+05   4.7180176e+01
   3.9622700e+05   4.7546387e+01
   3.9629400e+05   3.4606934e+01
   3.9632200e+05   1.0858154e+02
   3.9633300e+05   4.0161133e+01
   3.9636100e+05   3.2958984e+01
   3.9639000e+05   3.3142090e+01
   4.6091000e+05   3.6315918e+01
   4.6097900e+05   1.1901855e+02
   4.6110400e+05   1.1254883e+02
   4.6125200e+05   3.3996582e+01
   4.6131100e+05   1.0516357e+02
   4.6143100e+05   8.3007813e+01
   4.7853800e+05   1.1816406e+02
   4.7893900e+05   9.0698242e+01
   4.7912600e+05   1.1602783e+02
   4.7922300e+05   8.5693359e+01
   4.9040600e+05   1.1138916e+02
   4.9048900e+05   3.9367676e+01
   4.9050700e+05   4.2419434e+01
   4.9057400e+05   4.0283203e+01
   4.9058500e+05   3.5217285e+01
   4.9062800e+05   8.3496094e+01
   4.9067000e+05   3.2775879e+01
   4.9079600e+05   5.9753418e+01
   4.9237700e+05   1.3446045e+02
   4.9245800e+05   4.2724609e+01
   4.9255200e+05   3.5583496e+01
   4.9260700e+05   1.0266113e+02
   4.9288400e+05   7.2692871e+01
   5.4671800e+05   1.2139893e+02
   5.4697900e+05   1.2048340e+02
   5.4732500e+05   1.3098145e+02
   5.7147500e+05   1.1572266e+02
   5.7403300e+05   1.0772705e+02
   5.7463700e+05   9.0698242e+01
   6.0079400e+05   3.3508301e+01
   6.0089400e+05   3.2836914e+01
   6.0093600e+05   3.6804199e+01
   6.0094800e+05   4.1015625e+01
   6.0097800e+05   1.2969971e+02
   6.0100800e+05   5.2246094e+01
   6.0103400e+05   9.8144531e+01
   6.0105500e+05   3.8574219e+01
   6.0110300e+05   6.1462402e+01
   6.0248100e+05   1.1541748e+02
   6.6803600e+05   3.7902832e+01
   6.6804800e+05   3.4912109e+01
   6.6816800e+05   3.2226563e+01
   6.6821000e+05   4.4311523e+01
   6.6823000e+05   1.2823486e+02
   6.6825600e+05   4.9926758e+01
   6.6827400e+05   4.4494629e+01
   6.6832200e+05   3.2653809e+01
   6.6834300e+05   1.2158203e+02
   6.6838800e+05   4.4555664e+01
   6.6843200e+05   3.3813477e+01
   6.6847500e+05   8.0566406e+01
   6.6854800e+05   4.2724609e+01
   6.6864200e+05   4.6691895e+01
   6.7002800e+05   9.7412109e+01
   6.7021400e+05   8.7768555e+01
   6.7027800e+05   4.7851563e+01
   6.7045300e+05   3.3020020e+01
   6.7057200e+05   6.8969727e+01
   6.7077000e+05   4.4921875e+01
   7.3338600e+05   1.1126709e+02
   7.3453100e+05   1.1462402e+02
   7.3467300e+05   1.0229492e+02
   7.3642500e+05   4.9133301e+01
   7.5811300e+05   1.3464355e+02
   7.6080500e+05   3.2592773e+01
   7.6118400e+05   1.3159180e+02
   7.6122300e+05   3.5156250e+01
   7.6181600e+05   3.5644531e+01
   7.6184600e+05   3.6682129e+01
   7.6187100e+05   5.4565430e+01
   7.6189900e+05   4.1137695e+01
   7.6191800e+05   1.2097168e+02
   7.6194500e+05   3.6376953e+01
   7.6197300e+05   9.5336914e+01
   7.6209400e+05   3.4912109e+01
   7.6285800e+05   1.0491943e+02
   7.6304600e+05   5.8105469e+01
   7.6346800e+05   8.4655762e+01
   7.6375400e+05   8.5815430e+01
   7.6668800e+05   5.3283691e+01
   7.6673900e+05   1.2841797e+02
   7.6682100e+05   6.0424805e+01
   7.6811700e+05   4.2602539e+01
   7.6817900e+05   4.1931152e+01
   7.6824400e+05   5.3833008e+01
   8.6648400e+05   1.2255859e+02
   8.7675400e+05   1.1889648e+02
   8.7714300e+05   3.7048340e+01
   8.7720800e+05   1.0168457e+02
   8.7761400e+05   9.8876953e+01
   8.9886800e+05   3.5522461e+01
   8.9894700e+05   1.0546875e+02
   8.9896000e+05   3.8635254e+01
   8.9900500e+05   3.2775879e+01
   8.9902300e+05   3.3569336e+01
   8.9907600e+05   3.2897949e+01
   8.9911200e+05   9.9609375e+01
   8.9914900e+05   3.4973145e+01
   8.9918600e+05   5.9875488e+01
   8.9920800e+05   3.6804199e+01
   9.0076000e+05   4.2846680e+01
   9.0078500e+05   1.1291504e+02
   9.0080700e+05   3.9672852e+01
   9.0084500e+05   7.4584961e+01
   9.0099900e+05   3.8146973e+01
   9.5172400e+05   1.2542725e+02
   9.5788900e+05   4.9560547e+01
   9.5801500e+05   3.2409668e+01
   9.5805800e+05   1.2988281e+02
   9.5820800e+05   1.2414551e+02
   9.9401500e+05   1.4019775e+02
   1.0080410e+06   3.5644531e+01
   1.0080590e+06   1.0937500e+02
   1.0082560e+06   1.1816406e+02
   1.0084610e+06   1.1981201e+02
   1.0084780e+06   3.5339355e+01
   1.0086190e+06   9.5764160e+01
   1.0086960e+06   3.7292480e+01
   1.0087280e+06   3.4973145e+01
   1.0090660e+06   5.8532715e+01
   1.0259820e+06   9.9304199e+01
   1.0296890e+06   3.8330078e+01
   1.0297300e+06   5.0781250e+01
   1.0297670e+06   3.2592773e+01
   1.0297890e+06   1.4782715e+02
   1.0298510e+06   8.9355469e+01
   1.0300870e+06   8.1665039e+01
   1.0309280e+06   3.7414551e+01
   1.0309610e+06   6.0852051e+01
   1.0309800e+06   1.1627197e+02
   1.0310500e+06   3.9489746e+01
   1.0311760e+06   4.4128418e+01
   1.0311940e+06   8.1848145e+01
   1.0989120e+06   9.4848633e+01
   1.1043550e+06   1.3409424e+02
   1.1046020e+06   1.0943604e+02
   1.1048620e+06   1.1877441e+02
   1.1213540e+06   1.1486816e+02
   1.1214270e+06   8.0444336e+01
   1.1476790e+06   3.3081055e+01
   1.1476930e+06   3.8940430e+01
   1.1477280e+06   1.4373779e+02
   1.1477880e+06   4.8767090e+01
   1.1478190e+06   7.2937012e+01
   1.1479250e+06   8.5266113e+01
   1.1488820e+06   6.0058594e+01
   1.1489290e+06   3.2714844e+01
   1.1490920e+06   4.4433594e+01
   1.2310130e+06   3.3813477e+01
   1.2311160e+06   1.4959717e+02
   1.2313550e+06   1.3616943e+02
   1.2317470e+06   1.2365723e+02
   1.2319090e+06   9.8022461e+01
   1.2692930e+06   5.8105469e+01
   1.2698120e+06   1.1279297e+02
   1.2775740e+06   1.3787842e+02
   1.2788000e+06   1.2524414e+02
   1.2788460e+06   4.5288086e+01
   1.2788990e+06   4.2175293e+01
   1.2789400e+06   9.3627930e+01
   1.2789750e+06   3.6743164e+01
   1.2806340e+06   5.2551270e+01
   1.2807130e+06   3.9001465e+01
   1.2810330e+06   3.2409668e+01
   1.3348510e+06   1.5301514e+02
   1.3395400e+06   1.3555908e+02
   1.3546610e+06   1.1639404e+02
   1.3669050e+06   1.1566162e+02
   1.3753050e+06   1.3012695e+02
   1.3754820e+06   1.0754395e+02
   1.3777810e+06   3.5766602e+01
   1.3781310e+06   1.0186768e+02
   1.3783420e+06   8.9660645e+01
   1.3785030e+06   9.5092773e+01
   1.3919190e+06   3.9367676e+01
   1.4030210e+06   4.2663574e+01
   1.4030970e+06   1.3201904e+02
   1.4032630e+06   1.1499023e+02
   1.4033820e+06   7.9101563e+01
   1.4034770e+06   6.1035156e+01
   1.4039100e+06   1.0699463e+02
   1.4040460e+06   8.0017090e+01
   1.4041180e+06   3.8940430e+01
   1.4041500e+06   6.2866211e+01
   1.4041680e+06   3.5644531e+01
   1.4044460e+06   5.8227539e+01
   1.4557270e+06   5.4626465e+01
   1.4558530e+06   1.3909912e+02
   1.4560360e+06   1.2030029e+02
   1.4561120e+06   7.5744629e+01
   1.4837390e+06   1.3757324e+02
   1.4840810e+06   9.4848633e+01
   1.4863290e+06   3.6865234e+01
   1.4864050e+06   5.6030273e+01
   1.4864230e+06   3.8513184e+01
   1.4864480e+06   3.5705566e+01
   1.4864600e+06   5.1635742e+01
   1.4865020e+06   3.3630371e+01
   1.4865450e+06   9.9182129e+01
   1.4866320e+06   5.3894043e+01
   1.4867890e+06   6.7810059e+01
   1.4869740e+06   6.4697266e+01
   1.4875830e+06   9.0820313e+01
   1.4877080e+06   6.1157227e+01
   1.4877410e+06   3.2836914e+01
   1.4878790e+06   8.0017090e+01
   1.4879690e+06   4.3518066e+01
   1.5521500e+06   3.4057617e+01
   1.5652950e+06   1.1993408e+02
   1.5747970e+06   3.2653809e+01
   1.5749200e+06   8.9782715e+01
   1.5751110e+06   1.1639404e+02
   1.5898730e+06   1.4361572e+02
   1.5900160e+06   1.1529541e+02
   1.5902330e+06   8.8562012e+01
   1.6240390e+06   4.0039063e+01
   1.6240640e+06   5.7739258e+01
   1.6240760e+06   3.6743164e+01
   1.6241080e+06   3.6682129e+01
   1.6241230e+06   1.1645508e+02
   1.6241840e+06   8.3129883e+01
   1.6243020e+06   7.7941895e+01
   1.6247130e+06   8.9660645e+01
   1.6252530e+06   3.6132813e+01
   1.6253150e+06   1.1700439e+02
   1.6253250e+06   5.8532715e+01
   1.6253800e+06   3.6010742e+01
   1.6254990e+06   8.8378906e+01
   1.6274000e+06   1.0839844e+02
   1.6981460e+06   1.3519287e+02
   1.7137660e+06   1.0351563e+02
   1.7334740e+06   6.4025879e+01
   1.7340700e+06   3.3935547e+01
   1.7341260e+06   9.2102051e+01
   1.7367860e+06   3.2836914e+01
   1.7368870e+06   1.4947510e+02
   1.7370640e+06   1.0205078e+02
   1.7372910e+06   9.5458984e+01
   1.7375270e+06   9.3261719e+01
   1.7376390e+06   6.6650391e+01
   1.7481590e+06   3.3081055e+01
   1.7482490e+06   1.3256836e+02
   1.7483510e+06   9.1308594e+01
   1.7484060e+06   4.8400879e+01
   1.7485880e+06   9.1186523e+01
   1.7488500e+06   8.3068848e+01
   1.7644950e+06   3.4912109e+01
   1.7646770e+06   1.3354492e+02
   1.7649310e+06   9.2102051e+01
   1.7781800e+06   3.5034180e+01
   1.7782630e+06   1.1083984e+02
   1.7783130e+06   3.3142090e+01
   1.7783440e+06   1.1920166e+02
   1.7784410e+06   3.8024902e+01
   1.7784510e+06   6.4819336e+01
   1.7799830e+06   3.6132813e+01
   1.7800580e+06   9.8266602e+01
   1.7800730e+06   3.6376953e+01
   1.7802020e+06   9.7717285e+01
   1.8497810e+06   1.3854980e+02
   1.8498790e+06   1.1309814e+02
   1.8499940e+06   7.8674316e+01
   1.8699210e+06   1.2048340e+02
   1.8970080e+06   1.1077881e+02
   1.8979580e+06   9.8266602e+01
   1.8980690e+06   9.3811035e+01
   1.8987300e+06   3.8940430e+01
   1.8987700e+06   5.1696777e+01
   1.8987910e+06   1.0980225e+02
   1.8988120e+06   3.4423828e+01
   1.8988850e+06   3.3020020e+01
   1.8988950e+06   6.8481445e+01
   1.8989570e+06   3.9855957e+01
   1.8990550e+06   4.6142578e+01
   1.9000660e+06   3.6987305e+01
   1.9001070e+06   4.6020508e+01
   1.9001500e+06   3.2653809e+01
   1.9003750e+06   9.4482422e+01
   1.9670940e+06   1.0046387e+02
   1.9721860e+06   9.8999023e+01
   1.9794140e+06   1.3446045e+02
   1.9843530e+06   1.4141846e+02
   2.0121260e+06   1.3226318e+02
   2.0124040e+06   1.0382080e+02
   2.0262350e+06   1.0723877e+02
   2.0383650e+06   1.3909912e+02
   2.0384420e+06   1.2542725e+02
   2.0460560e+06   8.9050293e+01
   2.0587580e+06   3.6499023e+01
   2.0589480e+06   1.0186768e+02
   2.0593200e+06   1.1895752e+02
   2.0761900e+06   1.3293457e+02
   2.0765530e+06   1.0974121e+02
   2.0787400e+06   3.3508301e+01
   2.0787640e+06   3.7353516e+01
   2.0787970e+06   9.2651367e+01
   2.0788390e+06   3.9245605e+01
   2.0788650e+06   4.3029785e+01
   2.0788850e+06   3.6010742e+01
   2.0789210e+06   4.1320801e+01
   2.0799110e+06   3.5583496e+01
   2.0800440e+06   3.5217285e+01
   2.0800630e+06   6.1218262e+01
   2.0800890e+06   9.1491699e+01
   2.0802130e+06   7.5073242e+01
   2.0803140e+06   3.5217285e+01
   2.0816800e+06   7.1411133e+01
   2.0818720e+06   6.6894531e+01
   2.0824130e+06   7.1350098e+01
   2.1481030e+06   9.1369629e+01
   2.1481720e+06   1.1676025e+02
   2.1483730e+06   1.1029053e+02
   2.1486260e+06   1.1254883e+02
   2.1547510e+06   1.2097168e+02
   2.1549230e+06   1.0601807e+02
   2.1549880e+06   7.6416016e+01
   2.1812950e+06   1.2646484e+02
   2.1939220e+06   1.0742188e+02
   2.1942230e+06   1.2579346e+02
   2.1948540e+06   9.2956543e+01
   2.1965640e+06   3.2531738e+01
   2.1965790e+06   4.5043945e+01
   2.1966330e+06   1.1901855e+02
   2.1966820e+06   9.0148926e+01
   2.1967280e+06   3.9733887e+01
   2.1967480e+06   3.8391113e+01
   2.1967810e+06   3.2836914e+01
   2.1978770e+06   5.1391602e+01
   2.1979100e+06   3.3996582e+01
   2.1979240e+06   4.7241211e+01
   2.1990370e+06   5.6640625e+01
   2.1992420e+06   4.0222168e+01
   2.1994280e+06   3.3203125e+01
   2.2661320e+06   1.0852051e+02
   2.2662370e+06   1.0632324e+02
   2.2663480e+06   7.8430176e+01
   2.2952980e+06   1.3159180e+02
   2.2982880e+06   1.0339355e+02
   2.2991750e+06   3.6315918e+01
   2.2993080e+06   9.2529297e+01
   2.2993850e+06   8.1420898e+01
   2.2996140e+06   9.5886230e+01
   2.2998640e+06   9.4665527e+01
   2.3103810e+06   1.1236572e+02
   2.3104300e+06   3.2470703e+01
   2.3105690e+06   1.1834717e+02
   2.3106130e+06   5.4382324e+01
   2.3106550e+06   7.9895020e+01
   2.3107030e+06   3.5644531e+01
   2.3107150e+06   4.8583984e+01
   2.3470050e+06   1.3977051e+02
   2.3613640e+06   1.0113525e+02
   2.3616020e+06   1.0314941e+02
   2.3740980e+06   4.1992188e+01
   2.3747190e+06   1.2634277e+02
   2.3763080e+06   4.2663574e+01
   2.3763270e+06   3.3142090e+01
   2.3763680e+06   4.3884277e+01
   2.3764080e+06   1.3403320e+02
   2.3764510e+06   5.7739258e+01
   2.3764620e+06   3.3935547e+01
   2.3765590e+06   3.2775879e+01
   2.3766660e+06   3.7597656e+01
   2.3768240e+06   4.1870117e+01
   2.3779800e+06   1.0729980e+02
   2.3780380e+06   6.1828613e+01
   2.3781700e+06   7.0861816e+01
   2.3782970e+06   3.4912109e+01
   2.4612750e+06   1.1340332e+02
   2.4631290e+06   1.0742188e+02
   2.4665550e+06   1.3305664e+02
   2.4902800e+06   1.0253906e+02
   2.5113850e+06   1.4678955e+02
   2.5116100e+06   1.0534668e+02
   2.5118490e+06   1.0479736e+02
   2.5232610e+06   1.2176514e+02
   2.5234630e+06   1.0223389e+02
   2.5498630e+06   3.2836914e+01
   2.5499380e+06   4.0954590e+01
   2.5501120e+06   9.5703125e+01
   2.5501920e+06   8.8439941e+01
   2.5503310e+06   9.7167969e+01
   2.5504060e+06   3.3569336e+01
   2.5672810e+06   1.1993408e+02
   2.5673830e+06   8.8867188e+01
   2.5910340e+06   3.8024902e+01
   2.5912280e+06   1.1206055e+02
   2.5913160e+06   1.2194824e+02
   2.6062010e+06   5.3894043e+01
   2.6063730e+06   9.7229004e+01
   2.6063930e+06   5.1635742e+01
   2.6065080e+06   1.3885498e+02
   2.6067390e+06   1.0369873e+02
   2.6068010e+06   4.4311523e+01
   2.6070680e+06   7.8491211e+01
   2.6071410e+06   5.0170898e+01
   2.6144610e+06   1.2377930e+02
   2.6213770e+06   3.6865234e+01
   2.6214170e+06   3.7109375e+01
   2.6214930e+06   1.4178467e+02
   2.6216560e+06   1.0766602e+02
   2.6276090e+06   3.7048340e+01
   2.6276310e+06   3.2592773e+01
   2.6276530e+06   3.5156250e+01
   2.6276690e+06   5.6945801e+01
   2.6277250e+06   3.6621094e+01
   2.6277370e+06   1.0412598e+02
   2.6277850e+06   8.6975098e+01
   2.6278130e+06   3.6132813e+01
   2.6278390e+06   6.1767578e+01
   2.6280010e+06   5.8044434e+01
   2.6289930e+06   5.3894043e+01
   2.6290910e+06   4.0649414e+01
   2.6292590e+06   1.0485840e+02
   2.6313560e+06   1.0821533e+02
   2.6937650e+06   1.3952637e+02
   2.6940340e+06   1.2811279e+02
   2.7021630e+06   9.5031738e+01
   2.7284200e+06   1.3159180e+02
   2.7558460e+06   1.0797119e+02
   2.7571590e+06   1.1865234e+02
   2.7793830e+06   1.0430908e+02
   2.7794970e+06   1.1230469e+02
   2.7795550e+06   7.7880859e+01
   2.7889670e+06   1.2792969e+02
   2.7891840e+06   9.9487305e+01
   2.7893310e+06   1.0571289e+02
   2.7895380e+06   3.4301758e+01
   2.7896460e+06   1.0339355e+02
   2.7897810e+06   8.7646484e+01
   2.7898170e+06   6.5246582e+01
   2.7898840e+06   3.4118652e+01
   2.7899320e+06   7.6904297e+01
   2.7899930e+06   3.3874512e+01
   2.7902560e+06   4.7180176e+01
   2.8442760e+06   1.0406494e+02
   2.8692840e+06   3.6682129e+01
   2.8692970e+06   3.8330078e+01
   2.8695880e+06   1.1218262e+02
   2.8748910e+06   8.5388184e+01
   2.8894630e+06   3.3752441e+01
   2.8896320e+06   1.3537598e+02
   2.8897510e+06   9.0026855e+01
   2.8898610e+06   9.5642090e+01
   2.8900280e+06   9.3811035e+01
   2.8901620e+06   6.3720703e+01
   2.8903630e+06   7.2814941e+01
   2.8980060e+06   5.3833008e+01
   2.8980200e+06   3.8818359e+01
   2.8980360e+06   3.6499023e+01
   2.8980580e+06   4.3334961e+01
   2.8980810e+06   8.8256836e+01
   2.8980990e+06   3.6254883e+01
   2.8981260e+06   4.1870117e+01
   2.8981680e+06   5.1513672e+01
   2.8983540e+06   3.9489746e+01
   2.8986240e+06   7.4279785e+01
   2.8991510e+06   3.6376953e+01
   2.8992000e+06   3.3447266e+01
   2.8992150e+06   1.1096191e+02
   2.8995370e+06   8.3801270e+01
   2.9881520e+06   1.4526367e+02
   2.9883670e+06   1.2536621e+02
   3.0004210e+06   1.1553955e+02
   3.0184680e+06   9.3566895e+01
   3.0421190e+06   1.0729980e+02
   3.0421850e+06   1.1090088e+02
   3.0423360e+06   1.1047363e+02
   3.0424400e+06   1.0833740e+02
   3.0429250e+06   1.2054443e+02
   3.0443800e+06   3.2226563e+01
   3.0444070e+06   1.2103271e+02
   3.0445390e+06   9.7045898e+01
   3.0446140e+06   5.9814453e+01
   3.0677640e+06   1.1303711e+02
   3.0800440e+06   1.4654541e+02
   3.0803970e+06   1.3751221e+02
   3.1100740e+06   3.7353516e+01
   3.1103710e+06   4.1320801e+01
   3.1142950e+06   1.1492920e+02
   3.1230560e+06   1.2811279e+02
   3.1231630e+06   1.0791016e+02
   3.1235050e+06   3.4057617e+01
   3.1236610e+06   5.0720215e+01
   3.1237240e+06   5.0170898e+01
   3.1237650e+06   8.1176758e+01
   3.1238690e+06   3.5888672e+01
   3.1599800e+06   1.1431885e+02
   3.1601720e+06   1.2341309e+02
   3.1603500e+06   1.0076904e+02
   3.2022410e+06   1.1096191e+02
   3.2098020e+06   3.3386230e+01
   3.2098380e+06   1.3018799e+02
   3.2139760e+06   3.3874512e+01
   3.2139940e+06   3.4484863e+01
   3.2140250e+06   4.2541504e+01
   3.2140650e+06   3.3020020e+01
   3.2140750e+06   7.7331543e+01
   3.2141020e+06   1.5612793e+02
   3.2141460e+06   7.8308105e+01
   3.2141740e+06   4.0954590e+01
   3.2142050e+06   3.7780762e+01
   3.2142620e+06   3.3874512e+01
   3.2143560e+06   5.8471680e+01
   3.2144400e+06   3.6437988e+01
   3.2153720e+06   7.7941895e+01
   3.2155180e+06   7.4340820e+01
   3.2155560e+06   3.2592773e+01
   3.2155950e+06   4.5532227e+01
   3.2156500e+06   3.3569336e+01
   3.2156850e+06   7.8796387e+01
   3.2158380e+06   5.9020996e+01
   3.2160330e+06   5.6396484e+01
   3.2170910e+06   8.8134766e+01
   3.2173150e+06   6.7260742e+01
   3.2174450e+06   3.3813477e+01
   3.2176110e+06   3.8146973e+01
   3.2182360e+06   3.9489746e+01
   3.2964380e+06   5.7495117e+01
   3.2965460e+06   1.1077881e+02
   3.2968440e+06   1.3488770e+02
   3.3027890e+06   9.9975586e+01
   3.3211110e+06   1.2646484e+02
   3.3237610e+06   3.4973145e+01
   3.3238410e+06   1.2756348e+02
   3.3238530e+06   3.2226563e+01
   3.3239400e+06   1.1242676e+02
   3.3240140e+06   8.0200195e+01
   3.3242660e+06   9.0270996e+01
   3.3243510e+06   4.6936035e+01
   3.3245490e+06   7.9956055e+01
   3.3247740e+06   7.3547363e+01
   3.3303190e+06   1.2591553e+02
   3.3351170e+06   3.3081055e+01
   3.3351910e+06   1.0650635e+02
   3.3354760e+06   1.0375977e+02
   3.3357220e+06   5.0292969e+01
   3.3357810e+06   9.8937988e+01
   3.3358140e+06   4.9682617e+01
   3.3358450e+06   6.7443848e+01
   3.3358740e+06   3.2714844e+01
   3.3359030e+06   4.0161133e+01
   3.3359150e+06   3.4912109e+01
   3.3359850e+06   4.2053223e+01
   3.3377390e+06   9.7717285e+01
   3.3379390e+06   7.4279785e+01
   3.3592880e+06   1.3403320e+02
   3.3655190e+06   3.7658691e+01
   3.3655950e+06   4.0954590e+01
   3.3656060e+06   3.5339355e+01
   3.3656360e+06   4.8767090e+01
   3.3656790e+06   3.8024902e+01
   3.3656930e+06   1.0711670e+02
   3.3657360e+06   6.9641113e+01
   3.3657820e+06   3.8391113e+01
   3.3666590e+06   7.9406738e+01
   3.3670450e+06   8.2763672e+01
   3.3670830e+06   5.4199219e+01
   3.3671530e+06   4.8156738e+01
   3.3687040e+06   6.4453125e+01
   3.4552710e+06   1.3006592e+02
   3.4638370e+06   3.3935547e+01
   3.4640890e+06   9.7167969e+01
   3.4705670e+06   4.8889160e+01
   3.4791750e+06   1.2860107e+02
   3.4792470e+06   1.1584473e+02
   3.4794890e+06   9.4665527e+01
   3.4853960e+06   1.3775635e+02
   3.4954970e+06   1.4105225e+02
   3.4956570e+06   1.0620117e+02
   3.5017980e+06   9.2590332e+01
   3.5219150e+06   1.4172363e+02
   3.5221320e+06   1.0369873e+02
   3.5356730e+06   1.1346436e+02
   3.5357850e+06   4.2236328e+01
   3.5358240e+06   3.8513184e+01
   3.5359130e+06   3.4790039e+01
   3.5359330e+06   1.1230469e+02
   3.5359860e+06   3.6926270e+01
   3.5360360e+06   1.1584473e+02
   3.5361070e+06   3.7597656e+01
   3.5361390e+06   3.3691406e+01
   3.5361890e+06   6.8298340e+01
   3.5363610e+06   7.6110840e+01
   3.5446200e+06   3.3203125e+01
   3.5447020e+06   3.4301758e+01
   3.5447350e+06   3.3874512e+01
   3.5447670e+06   1.2213135e+02
   3.5448020e+06   3.4545898e+01
   3.5448500e+06   8.8989258e+01
   3.5449020e+06   4.4006348e+01
   3.5460930e+06   3.9733887e+01
   3.5462780e+06   3.4179688e+01
   3.5925250e+06   1.4135742e+02
   3.5926490e+06   1.2292480e+02
   3.6097030e+06   3.3264160e+01
   3.6098230e+06   1.1401367e+02
   3.6131330e+06   1.1688232e+02
   3.6241260e+06   1.2591553e+02
   3.6616350e+06   1.2200928e+02
   3.6643070e+06   1.1511230e+02
   3.6758240e+06   1.2030029e+02
   3.6822910e+06   3.3996582e+01
   3.6914240e+06   5.2978516e+01
   3.6917730e+06   1.3751221e+02
   3.6918920e+06   3.4179688e+01
   3.7017460e+06   3.8696289e+01
   3.7018390e+06   3.3691406e+01
   3.7018730e+06   3.8391113e+01
   3.7019630e+06   1.2243652e+02
   3.7020160e+06   3.3081055e+01
   3.7020260e+06   3.4179688e+01
   3.7020400e+06   7.8796387e+01
   3.7021730e+06   8.3190918e+01
   3.7400470e+06   1.3220215e+02
   3.7483010e+06   5.5664063e+01
   3.7878150e+06   3.3874512e+01
   3.7880070e+06   1.0565186e+02
   3.8051570e+06   6.4575195e+01
   3.8052850e+06   6.5979004e+01
   3.8056520e+06   3.7475586e+01
   3.8056820e+06   4.9743652e+01
   3.8057020e+06   1.4715576e+02
   3.8057220e+06   3.2592773e+01
   3.8057620e+06   3.7597656e+01
   3.8057980e+06   9.2163086e+01
   3.8058270e+06   3.4973145e+01
   3.8058540e+06   5.5603027e+01
   3.8058700e+06   3.3935547e+01
   3.8059260e+06   3.5827637e+01
   3.8059430e+06   6.0058594e+01
   3.8060640e+06   4.8767090e+01
   3.8063360e+06   9.3994141e+01
   3.8201000e+06   1.2048340e+02
   3.8201660e+06   4.6203613e+01
   3.8201780e+06   3.4912109e+01
   3.8202050e+06   9.2956543e+01
   3.8202770e+06   3.9855957e+01
   3.8202870e+06   6.9091797e+01
   3.8203830e+06   9.1186523e+01
   3.8205090e+06   7.7270508e+01
   3.8206120e+06   7.5317383e+01
   3.8223100e+06   1.1590576e+02
   3.8717230e+06   1.0913086e+02
   3.8718500e+06   1.0797119e+02
   3.8721070e+06   1.2292480e+02
   3.8785670e+06   1.0791016e+02
   3.8786600e+06   1.0491943e+02
   3.8787960e+06   1.0034180e+02
   3.8848550e+06   1.2524414e+02
   3.8850320e+06   1.0626221e+02
   3.8851320e+06   7.4951172e+01
   3.8853580e+06   7.4462891e+01
   3.8855070e+06   5.5847168e+01
   3.8856140e+06   3.4667969e+01
   3.9050550e+06   1.4526367e+02
   3.9050830e+06   5.9753418e+01
   3.9051940e+06   1.1120605e+02
   3.9052100e+06   5.5053711e+01
   3.9053170e+06   9.6130371e+01
   3.9054060e+06   3.3386230e+01
   3.9057250e+06   9.1186523e+01
   3.9542370e+06   4.1198730e+01
   3.9545340e+06   1.4373779e+02
   3.9558260e+06   1.3098145e+02
   3.9560840e+06   8.3129883e+01
   3.9561590e+06   8.8623047e+01
   3.9564710e+06   9.3017578e+01
   3.9730060e+06   3.4912109e+01
   3.9730460e+06   3.5461426e+01
   3.9730590e+06   5.0109863e+01
   3.9730820e+06   1.1499023e+02
   3.9730970e+06   4.1992188e+01
   3.9731330e+06   3.6132813e+01
   3.9731920e+06   5.6213379e+01
   3.9743000e+06   3.3264160e+01
   3.9745910e+06   9.3139648e+01
   4.0507570e+06   1.1889648e+02
   4.0508250e+06   1.0949707e+02
   4.0510490e+06   9.7229004e+01
   4.0570740e+06   1.2744141e+02
   4.0613790e+06   1.3861084e+02
   4.0616660e+06   1.0455322e+02
   4.0746440e+06   3.3203125e+01
   4.0747510e+06   1.2670898e+02
   4.0747750e+06   4.5959473e+01
   4.0747980e+06   6.5307617e+01
   4.0748260e+06   1.2335205e+02
   4.0748440e+06   4.5166016e+01
   4.0749640e+06   5.8776855e+01
   4.0751730e+06   7.2998047e+01
   4.0763330e+06   3.2653809e+01
   4.0763470e+06   1.2567139e+02
   4.0764020e+06   3.3508301e+01
   4.1395430e+06   3.9794922e+01
   4.1396220e+06   1.2957764e+02
   4.1458000e+06   1.3757324e+02
   4.1459330e+06   1.0382080e+02
   4.1518200e+06   1.1608887e+02
   4.1518910e+06   9.6496582e+01
   4.1519830e+06   9.8571777e+01
   4.1523550e+06   1.1151123e+02
   4.1970270e+06   3.6315918e+01
   4.1970730e+06   3.8757324e+01
   4.1970860e+06   5.6884766e+01
   4.1971130e+06   3.8330078e+01
   4.1971350e+06   1.4129639e+02
   4.1971880e+06   9.2163086e+01
   4.1972150e+06   3.9001465e+01
   4.1972350e+06   4.9255371e+01
   4.1973530e+06   6.2622070e+01
   4.1982900e+06   4.1625977e+01
   4.1983810e+06   9.9243164e+01
   4.1986010e+06   9.6557617e+01
   4.2617920e+06   1.4080811e+02
   4.2932450e+06   1.4654541e+02
   4.2937810e+06   3.5095215e+01
   4.2940600e+06   1.4471436e+02
   4.3048520e+06   1.4404297e+02
   4.3049400e+06   1.0375977e+02
   4.3226960e+06   1.3629150e+02
   4.3228860e+06   9.8266602e+01
   4.3234000e+06   1.0241699e+02
   4.3236540e+06   1.1138916e+02
   4.3414050e+06   1.4141846e+02
   4.3414980e+06   5.8044434e+01
   4.3415560e+06   1.0382080e+02
   4.3416410e+06   7.7636719e+01
   4.3417420e+06   5.7067871e+01
   4.3431420e+06   4.1931152e+01
   4.3432040e+06   9.2041016e+01
   4.3432210e+06   3.6987305e+01
   4.3433420e+06   3.2287598e+01
   4.4049440e+06   9.4299316e+01
   4.4341800e+06   3.2592773e+01
   4.4342210e+06   1.3653564e+02
   4.4343600e+06   1.2774658e+02
   4.4344250e+06   5.4321289e+01
   4.4346150e+06   1.1724854e+02
   4.4347030e+06   5.8044434e+01
   4.4349750e+06   9.5031738e+01
   4.4360810e+06   8.8012695e+01
   4.4363050e+06   8.3007813e+01
   4.4653960e+06   1.2597656e+02
   4.4654910e+06   9.0820313e+01
   4.4755290e+06   9.4970703e+01
   4.4800410e+06   1.1584473e+02
   4.4808830e+06   1.2817383e+02
   4.4814910e+06   1.2902832e+02
   4.4815480e+06   6.1767578e+01
   4.4950900e+06   1.2530518e+02
   4.4964420e+06   9.0393066e+01
   4.4964960e+06   8.7036133e+01
   4.4966230e+06   7.7087402e+01
   4.4969480e+06   9.4665527e+01
   4.4976180e+06   3.3447266e+01
   4.4976600e+06   4.8828125e+01
   4.4976930e+06   1.1914063e+02
   4.4977050e+06   4.6081543e+01
   4.4977380e+06   4.0039063e+01
   4.4977960e+06   3.4790039e+01
   4.4986260e+06   5.0842285e+01
   4.4988810e+06   8.6853027e+01
   4.4989350e+06   4.3029785e+01
   4.4989820e+06   3.5583496e+01
   4.4990880e+06   5.0659180e+01
   4.5002900e+06   5.4931641e+01
   4.5005250e+06   3.2531738e+01
   4.5007540e+06   4.1870117e+01
   4.5933880e+06   1.4044189e+02
   4.5976110e+06   1.3482666e+02
   4.5977140e+06   9.2712402e+01
   4.5978530e+06   7.8613281e+01
   4.6001740e+06   9.8571777e+01
   4.6187790e+06   1.1810303e+02
   4.6188860e+06   1.1608887e+02
   4.6189500e+06   7.8186035e+01
   4.6193170e+06   9.4299316e+01
   4.6196170e+06   1.1828613e+02
   4.6310870e+06   1.3000488e+02
   4.6311600e+06   1.0546875e+02
   4.6312240e+06   5.8227539e+01
   4.6339650e+06   1.1437988e+02
   4.6340140e+06   7.7148438e+01
   4.6341620e+06   7.4890137e+01
   4.6342250e+06   3.7902832e+01
   4.6345890e+06   1.0101318e+02
   4.6349850e+06   8.0566406e+01
   4.6468200e+06   9.5031738e+01
   4.6469110e+06   8.2580566e+01
   4.6470370e+06   8.4655762e+01
   4.6588770e+06   1.3964844e+02
   4.6589600e+06   9.4116211e+01
   4.6590760e+06   6.2500000e+01
   4.6688690e+06   3.8024902e+01
   4.6690340e+06   8.9843750e+01
   4.6947770e+06   1.1035156e+02
   4.6948880e+06   1.2109375e+02
   4.7025420e+06   1.3647461e+02
   4.7184770e+06   1.0784912e+02
   4.7186350e+06   1.3171387e+02
   4.7187840e+06   1.1541748e+02
   4.7322090e+06   9.5336914e+01
   4.7322990e+06   9.2712402e+01
   4.7457040e+06   4.9011230e+01
   4.7457410e+06   1.0137939e+02
   4.7458340e+06   1.3726807e+02
   4.7459550e+06   9.4970703e+01
   4.7460140e+06   5.3222656e+01
   4.7461930e+06   7.2143555e+01
   4.7487760e+06   4.0222168e+01
   4.7487920e+06   4.1931152e+01
   4.7488330e+06   5.6091309e+01
   4.7488570e+06   1.3732910e+02
   4.7488800e+06   4.9011230e+01
   4.7489080e+06   6.0607910e+01
   4.7501530e+06   5.2368164e+01
   4.7501890e+06   9.7229004e+01
   4.7502290e+06   4.1259766e+01
   4.7502420e+06   4.7302246e+01
   4.7504180e+06   3.6254883e+01
   4.7505670e+06   3.4973145e+01
   4.7523860e+06   8.8806152e+01
   4.8345780e+06   1.2432861e+02
   4.8346630e+06   1.1083984e+02
   4.8348270e+06   7.7941895e+01
   4.8350560e+06   1.1212158e+02
   4.8634080e+06   3.3264160e+01
   4.8634290e+06   4.9316406e+01
   4.8635240e+06   3.5522461e+01
   4.8635970e+06   3.2775879e+01
   4.8636110e+06   1.2518311e+02
   4.8636580e+06   9.2224121e+01
   4.8636970e+06   3.7292480e+01
   4.8637180e+06   7.7636719e+01
   4.8637620e+06   3.4973145e+01
   4.8638050e+06   4.8400879e+01
   4.8639210e+06   5.3894043e+01
   4.8641920e+06   7.4462891e+01
   4.8887620e+06   3.6804199e+01
   4.8887910e+06   5.6945801e+01
   4.8888350e+06   3.6315918e+01
   4.8888470e+06   1.1474609e+02
   4.8888780e+06   4.4433594e+01
   4.8889030e+06   7.1289063e+01
   4.8889540e+06   3.3020020e+01
   4.8889710e+06   5.4748535e+01
   4.8890800e+06   4.4738770e+01
   4.8894180e+06   5.1208496e+01
   4.8901630e+06   3.4606934e+01
   4.8901860e+06   1.1505127e+02
   4.8902250e+06   3.5522461e+01
   4.8902780e+06   6.0913086e+01
   4.8903760e+06   5.7312012e+01
   4.8906270e+06   3.9245605e+01
   4.8914370e+06   8.0139160e+01
   4.8963940e+06   3.7292480e+01
   4.8964280e+06   3.2470703e+01
   4.8964560e+06   1.3922119e+02
   4.8964730e+06   3.9550781e+01
   4.8965020e+06   6.5063477e+01
   4.8965610e+06   4.8522949e+01
   4.8966190e+06   3.4912109e+01
   4.8973920e+06   3.7475586e+01
   4.8977440e+06   4.1870117e+01
   4.8977890e+06   7.9223633e+01
   4.8978260e+06   3.5278320e+01
   4.8979370e+06   6.3354492e+01
   5.0817670e+06   4.5593262e+01
   5.0818500e+06   3.3935547e+01
   5.0819870e+06   1.1840820e+02
   5.0821850e+06   1.4044189e+02
   5.0824490e+06   8.7890625e+01
   5.0981800e+06   1.3623047e+02
   5.0982940e+06   8.7097168e+01
   5.0983990e+06   9.6435547e+01
   5.0988410e+06   1.0150146e+02
   5.1250620e+06   1.2158203e+02
   5.1251530e+06   8.7219238e+01
   5.1436570e+06   3.3874512e+01
   5.1438450e+06   1.2597656e+02
   5.1856300e+06   9.2041016e+01
   5.1858110e+06   1.2298584e+02
   5.1859660e+06   1.1016846e+02
   5.2205290e+06   1.2353516e+02
   5.2206090e+06   7.1655273e+01
   5.2207870e+06   8.4716797e+01
   5.2208910e+06   8.0566406e+01
   5.2343940e+06   4.2785645e+01
   5.2347460e+06   1.2133789e+02
   5.2347740e+06   3.7597656e+01
   5.2348790e+06   3.9611816e+01
   5.2349360e+06   3.8574219e+01
   5.2350210e+06   3.4545898e+01
   5.2350810e+06   3.2592773e+01
   5.2351390e+06   1.2310791e+02
   5.2352560e+06   8.3862305e+01
   5.2469080e+06   3.4484863e+01
   5.2469920e+06   3.2287598e+01
   5.2470020e+06   3.3386230e+01
   5.2470370e+06   1.4019775e+02
   5.2470610e+06   3.6132813e+01
   5.2470870e+06   3.4973145e+01
   5.2471180e+06   3.3508301e+01
   5.2483120e+06   3.7292480e+01
   5.2483610e+06   3.6376953e+01
   5.2485030e+06   4.0100098e+01
   5.3215550e+06   9.5703125e+01
   5.3416040e+06   1.2457275e+02
   5.3416630e+06   1.1334229e+02
   5.3417880e+06   1.0717773e+02
   5.3420100e+06   1.1206055e+02
   5.3712100e+06   1.3360596e+02
   5.3756910e+06   9.8937988e+01
   5.3757470e+06   8.3984375e+01
   5.3876710e+06   1.1938477e+02
   5.4118460e+06   9.4726563e+01
   5.4414080e+06   3.8696289e+01
   5.4414840e+06   4.4372559e+01
   5.4415220e+06   1.3995361e+02
   5.4415680e+06   4.0893555e+01
   5.4415850e+06   7.7636719e+01
   5.4416220e+06   3.4484863e+01
   5.4416440e+06   7.3608398e+01
   5.4417000e+06   3.8146973e+01
   5.4417260e+06   7.7026367e+01
   5.4945460e+06   1.3684082e+02
   5.5491160e+06   1.4050293e+02
   5.5491510e+06   4.6447754e+01
   5.5491770e+06   7.9345703e+01
   5.5492470e+06   7.4340820e+01
   5.5494540e+06   1.1553955e+02
   5.5496600e+06   1.1303711e+02
   5.5555740e+06   1.3775635e+02
   5.5557260e+06   1.1755371e+02
   5.5558910e+06   1.1248779e+02
   5.5560400e+06   6.8969727e+01
   5.5791700e+06   1.1853027e+02
   5.5801170e+06   1.0913086e+02
   5.5803940e+06   1.0040283e+02
   5.5852940e+06   1.0076904e+02
   5.5854810e+06   9.9670410e+01
   5.5934340e+06   3.9123535e+01
   5.5936880e+06   1.1651611e+02
   5.6117880e+06   1.4471436e+02
   5.6118800e+06   1.0400391e+02
   5.6121110e+06   1.0552979e+02
   5.6211850e+06   1.1450195e+02
   5.6375450e+06   3.4667969e+01
   5.6376380e+06   3.4729004e+01
   5.6378280e+06   1.2579346e+02
   5.6379030e+06   9.4238281e+01
   5.6380700e+06   1.0595703e+02
   5.6394980e+06   4.1931152e+01
   5.6395360e+06   1.1688232e+02
   5.6395510e+06   3.6926270e+01
   5.6395810e+06   7.5378418e+01
   5.6396170e+06   3.4240723e+01
   5.6398550e+06   6.4697266e+01
   5.6406010e+06   9.7229004e+01
   5.6408850e+06   9.3444824e+01
   5.6410510e+06   3.4118652e+01
   5.6411020e+06   3.3691406e+01
   5.6411240e+06   9.0332031e+01
   5.6413100e+06   5.5786133e+01
   5.6489950e+06   4.5043945e+01
   5.6490100e+06   3.2226563e+01
   5.6490350e+06   4.1015625e+01
   5.6490630e+06   3.5522461e+01
   5.6490920e+06   7.4768066e+01
   5.6491500e+06   4.2236328e+01
   5.6499990e+06   9.0881348e+01
   5.6504260e+06   4.6569824e+01
   5.6504860e+06   3.5888672e+01
   5.7737820e+06   3.3935547e+01
   5.7737930e+06   3.5827637e+01
   5.7739020e+06   1.3055420e+02
   5.7741610e+06   9.0393066e+01
   5.8629610e+06   1.4447021e+02
   5.8630950e+06   1.0253906e+02
   5.8632910e+06   1.1822510e+02
   5.8760020e+06   9.3078613e+01
   5.8826610e+06   4.4372559e+01
   5.8846750e+06   3.8696289e+01
   5.8847790e+06   1.3897705e+02
   5.8848400e+06   1.0980225e+02
   5.8849550e+06   8.3374023e+01
   5.8851830e+06   1.0931396e+02
   5.8853210e+06   8.5083008e+01
   5.9008830e+06   1.0046387e+02
   5.9299410e+06   1.1511230e+02
   5.9350120e+06   1.3690186e+02
   5.9462680e+06   1.1883545e+02
   5.9463760e+06   1.0260010e+02
   5.9464410e+06   6.9824219e+01
   5.9466890e+06   9.6435547e+01
   5.9687700e+06   1.0705566e+02
   5.9690340e+06   1.2225342e+02
   5.9691320e+06   9.1491699e+01
   5.9692390e+06   7.2937012e+01
   5.9693250e+06   5.2246094e+01
   5.9695080e+06   8.0444336e+01
   5.9966850e+06   1.0968018e+02
   5.9967500e+06   1.2878418e+02
   5.9968300e+06   3.8146973e+01
   5.9968750e+06   1.1621094e+02
   5.9968920e+06   3.5827637e+01
   5.9969230e+06   3.3264160e+01
   5.9969380e+06   5.4748535e+01
   5.9970110e+06   4.7912598e+01
   6.0097620e+06   3.6804199e+01
   6.0098270e+06   7.6721191e+01
   6.0098410e+06   1.3360596e+02
   6.0098780e+06   4.7607422e+01
   6.0098970e+06   9.0515137e+01
   6.0099450e+06   6.7504883e+01
   6.0100080e+06   3.2714844e+01
   6.0101880e+06   1.0076904e+02
   6.0109700e+06   5.3466797e+01
   6.0111540e+06   3.4729004e+01
   6.0112000e+06   1.0449219e+02
   6.0113100e+06   3.4973145e+01
   6.0130810e+06   1.1175537e+02
   6.1002360e+06   1.3177490e+02
   6.1127530e+06   1.2811279e+02
   6.1128580e+06   1.0485840e+02
   6.1266050e+06   1.0156250e+02
   6.1268820e+06   8.1909180e+01
   6.1617740e+06   1.0437012e+02
   6.1618440e+06   9.2224121e+01
   6.1618970e+06   7.9589844e+01
   6.1620860e+06   9.5275879e+01
   6.1621590e+06   3.8085938e+01
   6.1698240e+06   3.7048340e+01
   6.1699120e+06   1.3342285e+02
   6.1699460e+06   4.0405273e+01
   6.1699560e+06   3.7597656e+01
   6.1699970e+06   8.5693359e+01
   6.1700120e+06   3.6987305e+01
   6.1701010e+06   3.3020020e+01
   6.1701150e+06   3.8269043e+01
   6.1701850e+06   8.9172363e+01
   6.1703410e+06   3.5339355e+01
   6.2493920e+06   3.2226563e+01
   6.2494020e+06   4.7912598e+01
   6.2494420e+06   3.2592773e+01
   6.2494950e+06   9.4604492e+01
   6.2495420e+06   4.8400879e+01
   6.2508000e+06   9.9609375e+01
   6.2508760e+06   5.1330566e+01
   6.2509970e+06   4.3334961e+01
   6.2511330e+06   6.2438965e+01
   6.2512440e+06   4.5166016e+01
   6.2512610e+06   5.4931641e+01
   6.2513490e+06   3.4362793e+01
   6.2515300e+06   3.9428711e+01
   6.3324170e+06   9.0454102e+01
   6.3353610e+06   1.1315918e+02
   6.3354650e+06   9.2224121e+01
   6.3356210e+06   1.1187744e+02
   6.3648180e+06   9.7167969e+01
   6.3657900e+06   1.2335205e+02
   6.3776430e+06   6.8847656e+01
   6.3778010e+06   9.7167969e+01
   6.3778590e+06   1.0131836e+02
   6.3780220e+06   1.0797119e+02
   6.3787260e+06   8.7951660e+01
   6.3788050e+06   8.3190918e+01
   6.3941950e+06   1.1053467e+02
   6.3998290e+06   1.4123535e+02
   6.4001920e+06   1.0784912e+02
   6.4003010e+06   4.4128418e+01
   6.4003350e+06   1.0217285e+02
   6.4189610e+06   3.9245605e+01
   6.4191140e+06   1.0491943e+02
   6.4191460e+06   4.5654297e+01
   6.4191610e+06   3.2226563e+01
   6.4192080e+06   9.3933105e+01
   6.4192210e+06   4.5715332e+01
   6.4192890e+06   3.5034180e+01
   6.4193240e+06   7.4707031e+01
   6.4207780e+06   3.4851074e+01
   6.4209330e+06   4.0832520e+01
   6.4211310e+06   3.4912109e+01
   6.4214300e+06   1.1285400e+02
   6.4837790e+06   1.3519287e+02
   6.5028490e+06   1.0552979e+02
   6.5088720e+06   1.2884521e+02
   6.5324920e+06   1.2207031e+02
   6.5325640e+06   9.7534180e+01
   6.5327100e+06   1.1065674e+02
   6.5328510e+06   9.8632813e+01
   6.5580800e+06   1.5069580e+02
   6.5703260e+06   3.7414551e+01
   6.5707590e+06   3.5156250e+01
   6.5708970e+06   1.2670898e+02
   6.5725650e+06   3.3630371e+01
   6.5727370e+06   1.3641357e+02
   6.5728390e+06   3.5278320e+01
   6.5728680e+06   1.0638428e+02
   6.5730210e+06   4.9926758e+01
   6.5731750e+06   4.5532227e+01
   6.5884470e+06   1.4508057e+02
   6.5889530e+06   3.3447266e+01
   6.5890200e+06   1.0778809e+02
   6.5891340e+06   8.9294434e+01
   6.5891880e+06   5.0048828e+01
   6.6192210e+06   3.7048340e+01
   6.6192740e+06   3.3691406e+01
   6.6192850e+06   4.9377441e+01
   6.6193190e+06   3.5644531e+01
   6.6193530e+06   5.7250977e+01
   6.6193740e+06   9.8327637e+01
   6.6194100e+06   3.7231445e+01
   6.6194340e+06   7.3852539e+01
   6.6195230e+06   4.2480469e+01
   6.6199820e+06   1.1602783e+02
   6.6209290e+06   1.1749268e+02
   6.6210730e+06   5.9631348e+01
   6.6212040e+06   7.0007324e+01
   6.6213740e+06   7.4157715e+01
   6.6216320e+06   7.0434570e+01
   6.6218420e+06   3.4362793e+01
   6.6515000e+06   4.8278809e+01
   6.6515600e+06   1.4605713e+02
   6.6515840e+06   3.7414551e+01
   6.6516310e+06   5.0109863e+01
   6.6516880e+06   4.3640137e+01
   6.6517020e+06   3.4301758e+01
   6.6517370e+06   6.4941406e+01
   6.6527930e+06   8.7158203e+01
   6.6530100e+06   7.6599121e+01
   6.6531000e+06   4.1748047e+01
   6.6539560e+06   3.3752441e+01
   6.7408510e+06   1.3604736e+02
   6.7421780e+06   5.4199219e+01
   6.7448490e+06   1.0107422e+02
   6.7450490e+06   1.1596680e+02
   6.7610990e+06   1.3232422e+02
   6.7612790e+06   1.0137939e+02
   6.7616890e+06   1.1004639e+02
   6.7807240e+06   1.3739014e+02
   6.7846420e+06   5.5053711e+01
   6.7847610e+06   1.3629150e+02
   6.7848910e+06   8.0200195e+01
   6.7852240e+06   1.1364746e+02
   6.7854700e+06   1.1529541e+02
   6.7856460e+06   9.8388672e+01
   6.7858910e+06   7.2814941e+01
   6.7997960e+06   4.5471191e+01
   6.7998500e+06   1.3073730e+02
   6.7998780e+06   4.8217773e+01
   6.7999020e+06   3.3935547e+01
   6.7999290e+06   5.2978516e+01
   6.7999670e+06   1.0296631e+02
   6.8762560e+06   3.4912109e+01
   6.8763220e+06   4.2724609e+01
   6.8763730e+06   5.0109863e+01
   6.8763960e+06   9.6801758e+01
   6.8764210e+06   3.6560059e+01
   6.8764520e+06   9.3811035e+01
   6.8765080e+06   6.7138672e+01
   6.8775720e+06   3.2592773e+01
   6.8775870e+06   1.3134766e+02
   6.8776600e+06   3.4912109e+01
   6.8777030e+06   3.3508301e+01
   6.8778220e+06   4.1015625e+01
   6.9553290e+06   1.3201904e+02
   6.9653710e+06   1.0620117e+02
   6.9655000e+06   1.2060547e+02
   6.9657000e+06   1.0333252e+02
   6.9658880e+06   9.9670410e+01
   6.9967750e+06   1.1889648e+02
   6.9967910e+06   4.1931152e+01
   6.9969150e+06   1.2780762e+02
   6.9971870e+06   1.1816406e+02
   7.0103230e+06   1.4135742e+02
   7.0433290e+06   1.5148926e+02
   7.0474180e+06   1.3421631e+02
   7.0475400e+06   1.2194824e+02
   7.0476390e+06   8.2153320e+01
   7.0478070e+06   8.2031250e+01
   7.0479830e+06   7.6171875e+01
   7.0968150e+06   6.4941406e+01
   7.0972400e+06   3.4057617e+01
   7.0972550e+06   1.0296631e+02
   7.0973700e+06   3.3630371e+01
   7.0974140e+06   1.1016846e+02
   7.0976200e+06   1.0113525e+02
   7.1349270e+06   4.9072266e+01
   7.1349900e+06   4.0039063e+01
   7.1350270e+06   1.3427734e+02
   7.1350950e+06   1.1199951e+02
   7.1351670e+06   3.2409668e+01
   7.1352480e+06   9.7106934e+01
   7.1353490e+06   7.7270508e+01
   7.1354590e+06   6.4819336e+01
   7.1699310e+06   1.4831543e+02
   7.1985660e+06   1.3903809e+02
   7.2010770e+06   1.3543701e+02
   7.2107280e+06   4.3701172e+01
   7.2117230e+06   1.0156250e+02
   7.2118090e+06   8.4533691e+01
   7.2118310e+06   3.3996582e+01
   7.2267210e+06   1.4788818e+02
   7.2269680e+06   4.8278809e+01
   7.2270590e+06   3.9367676e+01
   7.2271010e+06   4.3090820e+01
   7.2271270e+06   1.3513184e+02
   7.2271850e+06   3.6804199e+01
   7.2272480e+06   8.7707520e+01
   7.2274190e+06   7.2448730e+01
   7.2843840e+06   3.4240723e+01
   7.2844520e+06   4.9499512e+01
   7.2844690e+06   1.1047363e+02
   7.2844840e+06   3.6254883e+01
   7.2845020e+06   3.2531738e+01
   7.2845210e+06   8.2092285e+01
   7.2845620e+06   3.3996582e+01
   7.2846080e+06   7.1777344e+01
   7.2847030e+06   4.2297363e+01
   7.2848050e+06   3.3325195e+01
   7.2855690e+06   3.5827637e+01
   7.2855890e+06   9.6374512e+01
   7.2856180e+06   4.3884277e+01
   7.2856690e+06   3.3752441e+01
   7.2857160e+06   8.8806152e+01
   7.2858390e+06   8.9904785e+01
   7.2872050e+06   1.2048340e+02
   7.2873190e+06   8.0810547e+01
   7.2874190e+06   5.3466797e+01
   7.2875980e+06   3.4240723e+01
   7.2876800e+06   4.8645020e+01
   7.3804020e+06   7.1228027e+01
   7.3806020e+06   1.1444092e+02
   7.4008130e+06   6.3964844e+01
   7.4008830e+06   9.1918945e+01
   7.4010280e+06   1.2030029e+02
   7.4069570e+06   1.0144043e+02
   7.4099090e+06   1.0925293e+02
   7.4356730e+06   1.2683105e+02
   7.4444410e+06   1.3159180e+02
   7.4490620e+06   5.4077148e+01
   7.4492460e+06   9.4238281e+01
   7.4493230e+06   9.4665527e+01
   7.4494830e+06   7.9406738e+01
   7.4659540e+06   3.9794922e+01
   7.4662220e+06   3.3447266e+01
   7.4663260e+06   4.9499512e+01
   7.4663490e+06   8.4411621e+01
   7.4664060e+06   3.3203125e+01
   7.4664180e+06   1.0675049e+02
   7.4665510e+06   8.4899902e+01
   7.4666210e+06   3.2714844e+01
   7.4666480e+06   5.6579590e+01
   7.4667030e+06   3.2958984e+01
   7.5272770e+06   1.1535645e+02
   7.5548130e+06   3.3081055e+01
   7.5549170e+06   4.0283203e+01
   7.5549390e+06   3.3630371e+01
   7.5549880e+06   9.9365234e+01
   7.5550120e+06   4.0222168e+01
   7.5550420e+06   9.0087891e+01
   7.5551170e+06   7.1777344e+01
   7.5551390e+06   3.3935547e+01
   7.5552190e+06   5.1208496e+01
   7.5564580e+06   1.1413574e+02
   7.5565220e+06   5.1147461e+01
   7.5567900e+06   9.6191406e+01
   7.6109830e+06   1.1102295e+02
   7.6110750e+06   3.3508301e+01
   7.6114170e+06   1.2634277e+02
   7.6491210e+06   1.3323975e+02
   7.6523050e+06   3.3264160e+01
   7.6525780e+06   1.4691162e+02
   7.6526730e+06   8.0505371e+01
   7.6528560e+06   9.8693848e+01
   7.6531110e+06   8.2641602e+01
   7.6543210e+06   3.4118652e+01
   7.6543690e+06   3.2287598e+01
   7.6543910e+06   6.0302734e+01
   7.6544090e+06   3.3447266e+01
   7.6544220e+06   4.6447754e+01
   7.6544550e+06   1.1248779e+02
   7.6545040e+06   4.3579102e+01
   7.6546060e+06   5.6091309e+01
   7.6555170e+06   3.2592773e+01
   7.6555840e+06   3.4179688e+01
   7.6556290e+06   4.7607422e+01
   7.7134910e+06   3.2958984e+01
   7.7135590e+06   1.3909912e+02
   7.7138350e+06   1.1486816e+02
   7.7249110e+06   1.4093018e+02
   7.7324540e+06   3.2470703e+01
   7.7325870e+06   9.8388672e+01
   7.7329000e+06   1.0278320e+02
   7.7868290e+06   1.5039063e+02
   7.7871190e+06   1.2591553e+02
   7.7918170e+06   1.0833740e+02
   7.7923760e+06   1.2957764e+02
   7.8116670e+06   1.0937500e+02
   7.8117740e+06   1.2170410e+02
   7.8128660e+06   1.1199951e+02
   7.8128970e+06   3.3691406e+01
   7.8129320e+06   8.8806152e+01
   7.8129560e+06   3.9123535e+01
   7.8130100e+06   4.5837402e+01
   7.8130310e+06   3.2287598e+01
   7.8138100e+06   9.4726563e+01
   7.8140320e+06   8.9294434e+01
   7.8141480e+06   4.8950195e+01
   7.8142490e+06   4.0283203e+01
   7.8142590e+06   3.9916992e+01
   7.8789540e+06   9.3322754e+01
   7.8791680e+06   1.0809326e+02
   7.9363220e+06   3.3996582e+01
   7.9363710e+06   1.3720703e+02
   7.9365200e+06   1.0308838e+02
   7.9366550e+06   1.0888672e+02
   7.9368260e+06   8.4655762e+01
   7.9520570e+06   1.3500977e+02
   7.9521880e+06   1.1370850e+02
   7.9783610e+06   9.4787598e+01
   7.9785650e+06   1.3079834e+02
   7.9905840e+06   1.0003662e+02
   7.9933090e+06   3.5278320e+01
   7.9933980e+06   1.2756348e+02
   7.9934370e+06   4.4128418e+01
   7.9934740e+06   8.0627441e+01
   7.9935060e+06   3.9550781e+01
   7.9935260e+06   3.2958984e+01
   7.9935650e+06   7.0251465e+01
   7.9935880e+06   3.2592773e+01
   8.0550800e+06   1.0607910e+02
   8.0751550e+06   1.3690186e+02
   8.1026670e+06   1.3031006e+02
   8.1033690e+06   1.4514160e+02
   8.1036560e+06   1.0382080e+02
   8.1048210e+06   3.3569336e+01
   8.1048360e+06   3.5522461e+01
   8.1048970e+06   3.3630371e+01
   8.1049200e+06   4.0283203e+01
   8.1049460e+06   3.3813477e+01
   8.1049580e+06   7.1289063e+01
   8.1049990e+06   8.0200195e+01
   8.1064460e+06   3.7414551e+01
   8.1065890e+06   9.7412109e+01
   8.1068350e+06   4.4677734e+01
   8.1115400e+06   3.4362793e+01
   8.1115570e+06   3.7048340e+01
   8.1115960e+06   3.5156250e+01
   8.1116340e+06   1.1700439e+02
   8.1116820e+06   1.0205078e+02
   8.1118500e+06   3.3447266e+01
   8.1128640e+06   3.7902832e+01
   8.2206430e+06   9.7717285e+01
   8.3474570e+06   9.9487305e+01
   8.3475540e+06   1.4428711e+02
   8.3646270e+06   1.3323975e+02
   8.4548120e+06   1.1920166e+02
   8.4550180e+06   1.0626221e+02
   8.4552930e+06   1.2658691e+02
   8.4561470e+06   1.2066650e+02
   8.4679460e+06   1.1218262e+02
   8.4864990e+06   1.2475586e+02
   8.4869160e+06   3.2470703e+01
   8.4869790e+06   1.0382080e+02
   8.4870670e+06   1.1230469e+02
   8.4872050e+06   9.1064453e+01
   8.5126870e+06   3.3020020e+01
   8.5129500e+06   1.0980225e+02
   8.5130470e+06   9.5092773e+01
   8.5549020e+06   1.0357666e+02
   8.5549660e+06   1.1212158e+02
   8.5552410e+06   1.1401367e+02
   8.6095310e+06   1.4898682e+02
   8.6097700e+06   1.0968018e+02
   8.6098440e+06   1.1157227e+02
   8.6199320e+06   3.4545898e+01
   8.6200750e+06   1.4276123e+02
   8.6201820e+06   1.1358643e+02
   8.6204040e+06   8.9904785e+01
   8.6304960e+06   1.0272217e+02
   8.6306200e+06   1.3305664e+02
   8.6481560e+06   4.1076660e+01
   8.6482540e+06   3.3508301e+01
   8.6482680e+06   1.2609863e+02
   8.6483010e+06   4.2053223e+01
   8.6483580e+06   4.9804688e+01
   8.6483980e+06   3.4851074e+01
   8.6484950e+06   8.3557129e+01
   8.6486170e+06   8.0566406e+01
   8.6497030e+06   1.0589600e+02
   8.6497940e+06   5.7067871e+01
   8.6498620e+06   1.0961914e+02
   8.6499270e+06   5.9997559e+01
   8.6499550e+06   4.3212891e+01
   8.6500700e+06   7.1105957e+01
   8.6501380e+06   3.6132813e+01
   8.6501910e+06   3.5156250e+01
   8.6502730e+06   3.9367676e+01
   8.6505850e+06   4.1442871e+01
   8.7115600e+06   1.3391113e+02
   8.7117840e+06   1.0760498e+02
   8.7275950e+06   1.4508057e+02
   8.7311760e+06   1.2915039e+02
   8.7342140e+06   3.3996582e+01
   8.7343120e+06   1.1676025e+02
   8.7343860e+06   3.9489746e+01
   8.7344220e+06   4.0039063e+01
   8.7344400e+06   1.0308838e+02
   8.7344810e+06   4.1259766e+01
   8.7345060e+06   7.4157715e+01
   8.7345660e+06   6.3476563e+01
   8.7347000e+06   6.8420410e+01
   8.7347920e+06   5.0659180e+01
   8.7359470e+06   4.2297363e+01
   8.7359830e+06   3.4484863e+01
   8.7360040e+06   3.6865234e+01
   8.7360520e+06   9.7717285e+01
   8.7362100e+06   7.9345703e+01
   8.7967870e+06   3.3142090e+01
   8.8151360e+06   1.0668945e+02
   8.8151900e+06   9.9487305e+01
   8.8153890e+06   1.0150146e+02
   8.8249460e+06   1.0095215e+02
   8.8250140e+06   1.1840820e+02
   8.8251110e+06   7.4829102e+01
   8.8253520e+06   8.5693359e+01
   8.8352960e+06   3.2714844e+01
   8.8353810e+06   1.1376953e+02
   8.8410620e+06   9.2224121e+01
   8.8412880e+06   9.2041016e+01
   8.8469890e+06   1.2908936e+02
   8.8472090e+06   9.3078613e+01
   8.8601420e+06   9.7656250e+01
   8.8700890e+06   1.2951660e+02
   8.8702730e+06   1.2023926e+02
   8.8703510e+06   8.2336426e+01
   8.8758810e+06   1.1999512e+02
   8.8759140e+06   3.3935547e+01
   8.8759360e+06   3.4423828e+01
   8.8760140e+06   1.0833740e+02
   8.8760790e+06   6.5002441e+01
   8.8761320e+06   6.2011719e+01
   8.8762370e+06   3.8879395e+01
   8.8918510e+06   3.5705566e+01
   8.8919280e+06   3.2653809e+01
   8.8919550e+06   3.9062500e+01
   8.8919650e+06   4.6447754e+01
   8.8920060e+06   3.9794922e+01
   8.8920190e+06   8.2092285e+01
   8.8920510e+06   3.2714844e+01
   8.8921100e+06   4.4738770e+01
   8.8934360e+06   3.6315918e+01
   8.9513900e+06   1.3708496e+02
   8.9568200e+06   1.1291504e+02
   8.9571060e+06   1.1242676e+02
   8.9571690e+06   7.8186035e+01
   8.9573600e+06   8.5388184e+01
   8.9798990e+06   3.9123535e+01
   8.9799630e+06   3.4912109e+01
   8.9799750e+06   7.8613281e+01
   8.9800140e+06   1.1169434e+02
   8.9800360e+06   4.0649414e+01
   8.9800640e+06   9.8876953e+01
   8.9800900e+06   4.0710449e+01
   8.9801050e+06   3.9245605e+01
   8.9801470e+06   3.7353516e+01
   8.9802120e+06   5.5786133e+01
   8.9814090e+06   1.2268066e+02
   8.9814330e+06   4.5715332e+01
   8.9814870e+06   8.2458496e+01
   8.9936900e+06   3.2958984e+01
   8.9937860e+06   4.7485352e+01
   8.9937990e+06   4.2602539e+01
   8.9938290e+06   4.0222168e+01
   8.9938460e+06   3.4362793e+01
   8.9938890e+06   8.8928223e+01
   8.9939880e+06   7.5561523e+01
   8.9951720e+06   4.0954590e+01
   9.1035660e+06   1.1584473e+02
   9.1041630e+06   9.7351074e+01
   9.1061140e+06   1.2396240e+02
   9.1121380e+06   8.5937500e+01
   9.1125230e+06   1.2896729e+02
   9.1190170e+06   3.7841797e+01
   9.1191340e+06   1.3354492e+02
   9.1192640e+06   7.3364258e+01
   9.1193120e+06   6.4697266e+01
   9.1194180e+06   6.1218262e+01
   9.1195520e+06   7.8247070e+01
   9.1739050e+06   1.2091064e+02
   9.1740100e+06   1.1901855e+02
   9.2326140e+06   3.2897949e+01
   9.2326260e+06   3.4851074e+01
   9.2327170e+06   1.0876465e+02
   9.2327330e+06   4.1259766e+01
   9.2327750e+06   8.8439941e+01
   9.2328400e+06   1.0412598e+02
   9.2329500e+06   7.9284668e+01
   9.2330250e+06   4.2236328e+01
   9.2334440e+06   7.9711914e+01
   9.2900320e+06   1.2377930e+02
   9.3010690e+06   1.0180664e+02
   9.3360430e+06   3.8574219e+01
   9.3363040e+06   1.1358643e+02
   9.3572320e+06   1.2054443e+02
   9.3887810e+06   9.8266602e+01
   9.3936850e+06   9.1613770e+01
   9.3973990e+06   3.2958984e+01
   9.3974720e+06   1.3745117e+02
   9.3976040e+06   1.1340332e+02
   9.3976680e+06   7.8125000e+01
   9.3978680e+06   1.0266113e+02
   9.3980160e+06   9.3688965e+01
   9.4393810e+06   9.9121094e+01
   9.4828490e+06   1.2939453e+02
   9.5040920e+06   1.4331055e+02
   9.5155840e+06   1.1291504e+02
   9.5156620e+06   1.1175537e+02
   9.5158510e+06   9.5825195e+01
   9.5714730e+06   1.2719727e+02
   9.6149530e+06   3.8818359e+01
   9.6251060e+06   1.2695313e+02
   9.6252320e+06   7.8857422e+01
   9.6253450e+06   1.1285400e+02
   9.6255090e+06   8.3557129e+01
   9.6568160e+06   3.4667969e+01
   9.6568420e+06   3.9428711e+01
   9.6568950e+06   4.3395996e+01
   9.6569500e+06   3.2653809e+01
   9.6569770e+06   1.6528320e+02
   9.6569980e+06   4.2602539e+01
   9.6570280e+06   9.8937988e+01
   9.6570710e+06   3.3752441e+01
   9.6570970e+06   4.1687012e+01
   9.6584090e+06   3.6071777e+01
   9.6584790e+06   4.3090820e+01
   9.6585880e+06   3.9611816e+01
   9.6586070e+06   1.1474609e+02
   9.7366650e+06   1.0925293e+02
   9.7369900e+06   1.1608887e+02
   9.7370930e+06   1.1218262e+02
   9.7601700e+06   1.1901855e+02
   9.7602880e+06   1.0998535e+02
   9.7604200e+06   1.1218262e+02
   9.7606090e+06   1.0125732e+02
   9.7608530e+06   9.3200684e+01
   9.7702800e+06   1.2872314e+02
   9.7718310e+06   1.2786865e+02
   9.7719640e+06   1.0443115e+02
   9.8021930e+06   4.4982910e+01
   9.8022490e+06   3.5217285e+01
   9.8022860e+06   3.3935547e+01
   9.8023080e+06   3.3264160e+01
   9.8023720e+06   4.2236328e+01
   9.8024200e+06   8.1237793e+01
   9.8024670e+06   6.6833496e+01
   9.8025310e+06   3.2897949e+01
   9.8025510e+06   3.2775879e+01
   9.8027840e+06   9.2041016e+01
   9.8039150e+06   1.1053467e+02
   9.8040310e+06   4.5593262e+01
   9.8042650e+06   1.0223389e+02
   9.8044590e+06   8.2275391e+01
   9.8049310e+06   6.9763184e+01
   9.8740570e+06   3.2958984e+01
   9.8742120e+06   4.5349121e+01
   9.8742230e+06   1.2524414e+02
   9.8742650e+06   3.9550781e+01
   9.8742750e+06   3.8208008e+01
   9.8742990e+06   3.6010742e+01
   9.8743250e+06   4.0893555e+01
   9.8743470e+06   3.3935547e+01
   9.8743870e+06   7.9650879e+01
   9.8744420e+06   3.4973145e+01
   9.8753260e+06   9.1369629e+01
   9.8756040e+06   8.6791992e+01
   9.8756220e+06   4.2846680e+01
   9.8756740e+06   3.6010742e+01
   9.8759790e+06   6.6345215e+01
   9.8761090e+06   3.3142090e+01
   9.9271340e+06   1.1834717e+02
   9.9419370e+06   1.3183594e+02
   9.9444860e+06   9.1491699e+01
   9.9504530e+06   1.0137939e+02
   9.9505360e+06   1.0968018e+02
   9.9506620e+06   1.1315918e+02
   9.9508580e+06   8.0871582e+01
   9.9797210e+06   1.3385010e+02
   9.9798190e+06   8.8623047e+01
   1.0007763e+07   1.0418701e+02
   1.0018103e+07   3.3203125e+01
   1.0018203e+07   9.1003418e+01
   1.0018286e+07   1.1639404e+02
   1.0018622e+07   1.0394287e+02
   1.0036952e+07   1.3110352e+02
   1.0069530e+07   1.2854004e+02
   1.0069619e+07   1.1053467e+02
   1.0069848e+07   1.1041260e+02
   1.0069908e+07   8.2641602e+01
   1.0081825e+07   5.1086426e+01
   1.0082787e+07   1.2823486e+02
   1.0092690e+07   3.9428711e+01
   1.0124960e+07   3.2592773e+01
   1.0124986e+07   4.9499512e+01
   1.0125029e+07   3.9916992e+01
   1.0125043e+07   6.0363770e+01
   1.0125086e+07   1.2243652e+02
   1.0125126e+07   4.7241211e+01
   1.0125210e+07   5.5114746e+01
   1.0125321e+07   6.6223145e+01
   1.0125521e+07   3.7963867e+01
   1.0126182e+07   4.1992188e+01
   1.0126222e+07   3.6437988e+01
   1.0126255e+07   3.3386230e+01
   1.0126312e+07   9.6252441e+01
   1.0126713e+07   9.6130371e+01
   1.0183725e+07   1.0510254e+02
   1.0183839e+07   1.0821533e+02
   1.0183961e+07   8.0139160e+01
   1.0192296e+07   9.0209961e+01
   1.0192508e+07   1.1682129e+02
   1.0192658e+07   7.5012207e+01
   1.0204824e+07   1.1529541e+02
   1.0237924e+07   1.1199951e+02
   1.0238120e+07   1.0150146e+02
   1.0267045e+07   9.7717285e+01
   1.0287971e+07   1.1468506e+02
   1.0288696e+07   1.1743164e+02
   1.0288785e+07   8.8684082e+01
   1.0317554e+07   1.0272217e+02
   1.0331595e+07   1.0803223e+02
   1.0347280e+07   1.3348389e+02
   1.0367395e+07   9.8693848e+01
   1.0371497e+07   3.2226563e+01
   1.0371520e+07   1.3006592e+02
   1.0448416e+07   1.4147949e+02
   1.0454868e+07   1.0766602e+02
   1.0454961e+07   1.0748291e+02
   1.0455149e+07   7.3852539e+01
   1.0455226e+07   8.2702637e+01
   1.0455285e+07   3.7597656e+01
   1.0455460e+07   9.4421387e+01
   1.0478844e+07   1.2866211e+02
   1.0493479e+07   3.4362793e+01
   1.0493545e+07   1.2792969e+02
   1.0493604e+07   9.9487305e+01
   1.0493699e+07   1.0333252e+02
   1.0493729e+07   3.3569336e+01
   1.0493811e+07   7.1716309e+01
   1.0493901e+07   5.7800293e+01
   1.0494678e+07   8.9782715e+01
   1.0509597e+07   1.3812256e+02
   1.0509625e+07   3.3691406e+01
   1.0525539e+07   1.4056396e+02
   1.0525641e+07   1.1883545e+02
   1.0525690e+07   6.7687988e+01
   1.0525985e+07   3.3386230e+01
   1.0526175e+07   9.3566895e+01
   1.0526344e+07   8.4533691e+01
   1.0534183e+07   9.8266602e+01
   1.0534415e+07   1.0308838e+02
   1.0598233e+07   1.0742188e+02
   1.0598295e+07   1.1022949e+02
   1.0598310e+07   6.9274902e+01
   1.0598350e+07   3.4362793e+01
   1.0598371e+07   4.0954590e+01
   1.0598398e+07   8.3129883e+01
   1.0598564e+07   9.1918945e+01
   1.0599932e+07   5.0415039e+01
   1.0599990e+07   9.8388672e+01
   1.0600098e+07   7.7819824e+01
   1.0600190e+07   3.2897949e+01
   1.0698949e+07   6.2133789e+01
   1.0721916e+07   9.3688965e+01
   1.0733444e+07   1.0430908e+02
   1.0733509e+07   1.0638428e+02
   1.0733635e+07   9.2224121e+01
   1.0733717e+07   7.5500488e+01
   1.0747251e+07   1.3146973e+02
   1.0747393e+07   1.2835693e+02
   1.0747464e+07   8.6242676e+01
   1.0747648e+07   1.0198975e+02
   1.0747719e+07   5.7983398e+01
   1.0748050e+07   8.2519531e+01
   1.0748156e+07   5.9753418e+01
   1.0789127e+07   1.0748291e+02
   1.0789290e+07   1.1828613e+02
   1.0789546e+07   9.4848633e+01
   1.0789890e+07   1.0797119e+02
   1.0809262e+07   1.3183594e+02
   1.0809323e+07   9.7595215e+01
   1.0809475e+07   7.9956055e+01
   1.0809653e+07   9.6130371e+01
   1.0809731e+07   5.4809570e+01
   1.0809952e+07   7.3486328e+01
   1.0810181e+07   6.6406250e+01
   1.0810584e+07   4.2358398e+01
   1.0810636e+07   1.0198975e+02
   1.0810704e+07   4.3090820e+01
   1.0810783e+07   6.9274902e+01
   1.0834250e+07   3.2653809e+01
   1.0834299e+07   1.3684082e+02
   1.0853694e+07   4.8217773e+01
   1.0853711e+07   1.1706543e+02
   1.0853734e+07   3.3813477e+01
   1.0853759e+07   4.5654297e+01
   1.0853773e+07   1.0302734e+02
   1.0853793e+07   3.8452148e+01
   1.0853948e+07   8.0993652e+01
   1.0854086e+07   8.4899902e+01
   1.0855155e+07   1.4215088e+02
   1.0855318e+07   3.8574219e+01
   1.0855337e+07   8.3129883e+01
   1.0855433e+07   5.2673340e+01
   1.0865185e+07   3.7475586e+01
   1.0865219e+07   3.3996582e+01
   1.0865247e+07   5.3955078e+01
   1.0865273e+07   1.2335205e+02
   1.0865294e+07   4.8095703e+01
   1.0865330e+07   3.5156250e+01
   1.0865342e+07   4.6386719e+01
   1.0865382e+07   5.5480957e+01
   1.0865459e+07   4.0100098e+01
   1.0865546e+07   3.4118652e+01
   1.0865689e+07   4.8217773e+01
   1.0866165e+07   9.7473145e+01
   1.0866195e+07   3.7475586e+01
   1.0866254e+07   3.3752441e+01
   1.0866291e+07   6.9641113e+01
   1.0866331e+07   3.2775879e+01
   1.0866405e+07   3.5766602e+01
   1.0926132e+07   3.3081055e+01
   1.0926425e+07   9.0270996e+01
   1.0927399e+07   1.1816406e+02
   1.0949879e+07   1.0455322e+02
   1.0949967e+07   1.0656738e+02
   1.0950081e+07   1.0827637e+02
   1.1037889e+07   1.3537598e+02
   1.1055680e+07   5.4199219e+01
   1.1055934e+07   1.3690186e+02
   1.1056093e+07   1.1920166e+02
   1.1056384e+07   1.2591553e+02
   1.1067224e+07   1.0028076e+02
   1.1067367e+07   1.3171387e+02
   1.1067771e+07   1.1346436e+02
   1.1078950e+07   1.0888672e+02
   1.1079128e+07   1.0247803e+02
   1.1095401e+07   4.3884277e+01
   1.1095878e+07   1.3757324e+02
   1.1096108e+07   1.2402344e+02
   1.1113248e+07   4.6447754e+01
   1.1113534e+07   9.7167969e+01
   1.1113761e+07   7.6354980e+01
   1.1113921e+07   9.9487305e+01
   1.1114099e+07   7.4035645e+01
   1.1129083e+07   3.4362793e+01
   1.1129209e+07   4.2541504e+01
   1.1129252e+07   7.5134277e+01
   1.1129528e+07   1.0961914e+02
   1.1129704e+07   8.6853027e+01
   1.1165973e+07   5.8776855e+01
   1.1166047e+07   3.6621094e+01
   1.1166123e+07   3.4790039e+01
   1.1166277e+07   1.3598633e+02
   1.1166365e+07   3.7536621e+01
   1.1166411e+07   9.8632813e+01
   1.1166512e+07   9.1613770e+01
   1.1166580e+07   3.4667969e+01
   1.1166708e+07   7.5683594e+01
   1.1166788e+07   5.0720215e+01
   1.1167128e+07   9.6496582e+01
   1.1193972e+07   3.6499023e+01
   1.1194152e+07   8.4106445e+01
   1.1234438e+07   3.5461426e+01
   1.1234639e+07   1.3372803e+02
   1.1234878e+07   1.0784912e+02
   1.1243005e+07   1.2823486e+02
   1.1267857e+07   6.0791016e+01
   1.1267978e+07   5.9631348e+01
   1.1268208e+07   3.3691406e+01
   1.1268317e+07   3.3142090e+01
   1.1268397e+07   5.1208496e+01
   1.1268416e+07   1.1340332e+02
   1.1268442e+07   3.6621094e+01
   1.1268464e+07   8.8989258e+01
   1.1268579e+07   7.8857422e+01
   1.1268646e+07   5.0170898e+01
   1.1268687e+07   3.4729004e+01
   1.1313836e+07   1.0479736e+02
   1.1313961e+07   1.0925293e+02
   1.1337797e+07   1.3226318e+02
   1.1357640e+07   9.1552734e+01
   1.1357804e+07   9.2712402e+01
   1.1357866e+07   8.7829590e+01
   1.1358047e+07   1.0437012e+02
   1.1358915e+07   4.7241211e+01
   1.1358948e+07   4.9072266e+01
   1.1358965e+07   1.2438965e+02
   1.1358997e+07   3.4484863e+01
   1.1359014e+07   8.8439941e+01
   1.1359068e+07   3.5461426e+01
   1.1359987e+07   8.3374023e+01
   1.1360133e+07   3.4240723e+01
   1.1360145e+07   9.2407227e+01
   1.1360167e+07   3.6315918e+01
   1.1360280e+07   5.4870605e+01
   1.1360408e+07   4.5043945e+01
   1.1361462e+07   8.6975098e+01
   1.1368209e+07   4.2114258e+01
   1.1368226e+07   3.5888672e+01
   1.1368251e+07   4.4128418e+01
   1.1368267e+07   1.0223389e+02
   1.1368295e+07   3.2775879e+01
   1.1368317e+07   8.3496094e+01
   1.1368362e+07   5.0842285e+01
   1.1369391e+07   4.4372559e+01
   1.1369434e+07   7.2753906e+01
   1.1369501e+07   4.1625977e+01
   1.1369560e+07   5.4565430e+01
   1.1421716e+07   3.2287598e+01
   1.1464568e+07   1.0601807e+02
   1.1465112e+07   8.2641602e+01
   1.1481013e+07   1.0723877e+02
   1.1481233e+07   9.6618652e+01
   1.1481435e+07   1.0955811e+02
   1.1505388e+07   8.4716797e+01
   1.1509433e+07   1.2432861e+02
   1.1509499e+07   8.3801270e+01
   1.1509647e+07   1.0949707e+02
   1.1509864e+07   8.4228516e+01
   1.1551866e+07   7.9956055e+01
   1.1552381e+07   9.1369629e+01
   1.1552544e+07   1.1425781e+02
   1.1568147e+07   1.2432861e+02
   1.1568172e+07   3.3264160e+01
   1.1568210e+07   1.0327148e+02
   1.1568365e+07   7.2143555e+01
   1.1598451e+07   8.3923340e+01
   1.1598463e+07   6.2744141e+01
   1.1598647e+07   1.3470459e+02
   1.1598668e+07   5.5541992e+01
   1.1598785e+07   9.4421387e+01
   1.1598849e+07   6.8237305e+01
   1.1598913e+07   5.2917480e+01
   1.1599142e+07   1.0119629e+02
   1.1599541e+07   9.6679688e+01
   1.1675161e+07   1.3177490e+02
   1.1677665e+07   1.4013672e+02
   1.1677839e+07   1.2036133e+02
   1.1677891e+07   7.2692871e+01
   1.1684095e+07   3.4179688e+01
   1.1684126e+07   3.3874512e+01
   1.1684173e+07   4.8950195e+01
   1.1684202e+07   3.3325195e+01
   1.1684228e+07   1.1413574e+02
   1.1684281e+07   4.4738770e+01
   1.1684312e+07   8.6608887e+01
   1.1684387e+07   6.1645508e+01
   1.1684499e+07   6.3476563e+01
   1.1685565e+07   4.2236328e+01
   1.1685726e+07   4.0954590e+01
   1.1685805e+07   1.1529541e+02
   1.1685886e+07   7.1228027e+01
   1.1686021e+07   3.4240723e+01
   1.1686290e+07   3.2653809e+01
   1.1746430e+07   1.4202881e+02
   1.1760804e+07   8.6303711e+01
   1.1789652e+07   1.3702393e+02
   1.1799926e+07   8.9721680e+01
   1.1801222e+07   5.0537109e+01
   1.1801279e+07   5.9020996e+01
   1.1801293e+07   1.2927246e+02
   1.1801312e+07   5.9509277e+01
   1.1801345e+07   8.2031250e+01
   1.1801540e+07   6.9091797e+01
   1.1801648e+07   4.1381836e+01
   1.1802561e+07   5.7556152e+01
   1.1802652e+07   1.0882568e+02
   1.1809042e+07   3.5583496e+01
   1.1809104e+07   5.0659180e+01
   1.1809134e+07   5.2490234e+01
   1.1809154e+07   1.2670898e+02
   1.1809216e+07   3.2714844e+01
   1.1809284e+07   4.7607422e+01
   1.1809388e+07   4.0710449e+01
   1.1810129e+07   3.6926270e+01
   1.1810191e+07   3.9489746e+01
   1.1810368e+07   3.5156250e+01
   1.1853977e+07   3.4362793e+01
   1.1868699e+07   9.4482422e+01
   1.1877859e+07   8.3312988e+01
   1.1877962e+07   7.9833984e+01
   1.1896228e+07   1.0424805e+02
   1.1896433e+07   8.4106445e+01
   1.1896579e+07   1.0742188e+02
   1.1899061e+07   1.2023926e+02
   1.1902104e+07   1.1901855e+02
   1.1902178e+07   1.0876465e+02
   1.1907482e+07   1.1938477e+02
   1.1907696e+07   9.9121094e+01
   1.1942798e+07   9.3444824e+01
   1.1952461e+07   1.2280273e+02
   1.1952683e+07   1.2078857e+02
   1.1953138e+07   1.2048340e+02
   1.1980354e+07   1.2579346e+02
   1.1994842e+07   1.3104248e+02
   1.1995117e+07   8.3496094e+01
