   1.1999000e+07   0.0000000e+00
   1.0390000e+03   7.2143555e+01
   1.1680000e+03   6.2500000e+01
   1.9660000e+03   1.2695313e+02
   2.1670000e+03   8.0444336e+01
   2.2170000e+03   9.2956543e+01
   9.3520000e+03   1.2634277e+02
   9.7050000e+03   1.0870361e+02
   1.8230000e+04   1.0357666e+02
   1.8440000e+04   1.0882568e+02
   1.9905000e+04   3.5522461e+01
   2.0496000e+04   4.2358398e+01
   2.0721000e+04   8.8928223e+01
   2.7474000e+04   8.1604004e+01
   2.7592000e+04   1.1859131e+02
   2.7742000e+04   4.8217773e+01
   2.7782000e+04   1.0070801e+02
   2.7809000e+04   7.8796387e+01
   2.7878000e+04   8.6120605e+01
   2.7911000e+04   4.5227051e+01
   2.7961000e+04   4.7607422e+01
   2.7976000e+04   3.7414551e+01
   2.9101000e+04   6.2316895e+01
   2.9397000e+04   5.5175781e+01
   2.9417000e+04   3.6010742e+01
   2.9483000e+04   6.2255859e+01
   2.9513000e+04   3.9794922e+01
   2.9538000e+04   5.8898926e+01
   2.9573000e+04   3.7658691e+01
   2.9604000e+04   3.6560059e+01
   9.6194000e+04   9.3994141e+01
   9.6303000e+04   3.6071777e+01
   9.6398000e+04   1.4190674e+02
   9.6458000e+04   3.8940430e+01
   9.6773000e+04   1.0925293e+02
   9.6918000e+04   3.5644531e+01
   1.0574600e+05   7.6110840e+01
   1.0631700e+05   1.0192871e+02
   1.1389100e+05   1.0644531e+02
   1.2364200e+05   4.1076660e+01
   1.2382000e+05   1.2469482e+02
   1.3126700e+05   1.3244629e+02
   1.3134800e+05   1.0241699e+02
   1.3187900e+05   7.6232910e+01
   1.3244600e+05   9.7717285e+01
   1.4194700e+05   9.0637207e+01
   1.4217100e+05   1.2664795e+02
   1.4220300e+05   1.1260986e+02
   1.4223600e+05   5.6518555e+01
   1.4227100e+05   6.5063477e+01
   1.4228200e+05   4.2785645e+01
   1.4230200e+05   5.5358887e+01
   1.4232800e+05   4.0893555e+01
   1.4235900e+05   4.2968750e+01
   1.4239000e+05   3.6560059e+01
   1.4339100e+05   4.6752930e+01
   1.4360000e+05   4.9865723e+01
   1.4381400e+05   6.2194824e+01
   1.4390200e+05   6.9152832e+01
   1.4391500e+05   3.6376953e+01
   1.4394100e+05   5.8532715e+01
   1.5024400e+05   8.7890625e+01
   1.5028900e+05   6.7321777e+01
   1.5033500e+05   6.0302734e+01
   1.5037100e+05   6.1706543e+01
   1.5039000e+05   4.9560547e+01
   1.5047000e+05   3.7414551e+01
   1.5054600e+05   4.4372559e+01
   1.5058000e+05   4.7851563e+01
   1.5167500e+05   4.0466309e+01
   1.5199100e+05   3.9245605e+01
   1.5204700e+05   5.5725098e+01
   1.5211700e+05   3.5827637e+01
   2.4011900e+05   3.7658691e+01
   2.6349300e+05   1.1383057e+02
   2.7737700e+05   1.2145996e+02
   2.7754800e+05   9.9487305e+01
   2.7762100e+05   6.8664551e+01
   2.9075300e+05   1.2664795e+02
   2.9079100e+05   3.5949707e+01
   2.9084200e+05   4.3273926e+01
   2.9085200e+05   1.0925293e+02
   2.9687500e+05   1.0473633e+02
   2.9689900e+05   3.5949707e+01
   2.9696100e+05   4.0100098e+01
   2.9697200e+05   5.1696777e+01
   2.9700800e+05   1.1816406e+02
   2.9702100e+05   3.7109375e+01
   2.9709000e+05   1.1572266e+02
   2.9710200e+05   4.3029785e+01
   2.9714700e+05   5.4199219e+01
   2.9716800e+05   4.6386719e+01
   2.9720300e+05   3.6132813e+01
   2.9723300e+05   4.3151855e+01
   2.9862800e+05   5.9082031e+01
   2.9867600e+05   4.7241211e+01
   2.9900900e+05   5.0354004e+01
   2.9912000e+05   5.1818848e+01
   2.9919300e+05   4.8339844e+01
   2.9926500e+05   3.5705566e+01
   3.5239700e+05   8.4167480e+01
   3.5272600e+05   4.5776367e+01
   3.5282500e+05   8.8684082e+01
   3.6534300e+05   8.0322266e+01
   3.6989900e+05   1.2670898e+02
   3.7015200e+05   7.1716309e+01
   3.7032900e+05   6.1340332e+01
   3.8323000e+05   1.3708496e+02
   3.8351900e+05   4.6997070e+01
   3.8375500e+05   7.1044922e+01
   3.9178400e+05   1.2225342e+02
   3.9604500e+05   3.6010742e+01
   3.9608700e+05   3.5583496e+01
   3.9613800e+05   1.2713623e+02
   3.9615800e+05   5.0598145e+01
   3.9616900e+05   7.7087402e+01
   3.9621400e+05   7.8125000e+01
   3.9624500e+05   4.7546387e+01
   3.9626000e+05   3.9062500e+01
   3.9627800e+05   5.7434082e+01
   3.9632500e+05   3.7902832e+01
   3.9634100e+05   4.6691895e+01
   3.9637500e+05   3.9489746e+01
   3.9639400e+05   3.9489746e+01
   3.9756100e+05   5.2368164e+01
   3.9779700e+05   6.0974121e+01
   3.9788800e+05   5.4931641e+01
   4.3221200e+05   7.4523926e+01
   4.3226200e+05   4.3334961e+01
   4.3230300e+05   6.4147949e+01
   4.3233200e+05   1.2579346e+02
   4.6061200e+05   1.2780762e+02
   4.6065100e+05   7.0861816e+01
   4.7843800e+05   9.9792480e+01
   4.7861800e+05   3.9367676e+01
   4.7866700e+05   9.1003418e+01
   4.9024300e+05   1.0052490e+02
   4.9036200e+05   1.0809326e+02
   4.9041500e+05   3.6804199e+01
   4.9044000e+05   4.2480469e+01
   4.9050400e+05   6.3964844e+01
   4.9051600e+05   3.8513184e+01
   4.9057600e+05   5.3161621e+01
   4.9059800e+05   4.6936035e+01
   4.9063200e+05   4.2663574e+01
   4.9069900e+05   3.6071777e+01
   4.9159300e+05   4.7973633e+01
   4.9203400e+05   4.2419434e+01
   4.9228000e+05   4.6203613e+01
   4.9245100e+05   8.7829590e+01
   4.9248300e+05   5.7556152e+01
   4.9251700e+05   5.0598145e+01
   4.9260300e+05   3.6621094e+01
   5.6848800e+05   7.9101563e+01
   5.6864900e+05   1.2811279e+02
   5.6867300e+05   5.3771973e+01
   5.8636800e+05   1.2030029e+02
   5.8857000e+05   1.0345459e+02
   5.9687300e+05   1.1926270e+02
   6.0057600e+05   1.2036133e+02
   6.0059200e+05   9.4116211e+01
   6.0068400e+05   8.9721680e+01
   6.0072900e+05   3.6560059e+01
   6.0084200e+05   8.5083008e+01
   6.0087400e+05   4.3273926e+01
   6.0089900e+05   5.6396484e+01
   6.0092100e+05   8.3068848e+01
   6.0096100e+05   3.5766602e+01
   6.0103300e+05   3.7536621e+01
   6.0199800e+05   4.9987793e+01
   6.0238600e+05   5.1513672e+01
   6.0240200e+05   3.6743164e+01
   6.0321200e+05   4.2907715e+01
   6.6778000e+05   8.2275391e+01
   6.6784500e+05   1.4196777e+02
   6.6794900e+05   9.8754883e+01
   6.6810200e+05   6.9030762e+01
   6.6817400e+05   3.6193848e+01
   6.6821200e+05   6.1767578e+01
   6.6824500e+05   9.1979980e+01
   6.6827700e+05   5.7006836e+01
   6.6830400e+05   4.1992188e+01
   6.6832700e+05   4.1931152e+01
   6.6837200e+05   3.6010742e+01
   6.6965500e+05   5.6274414e+01
   6.6996800e+05   3.8085938e+01
   6.7014800e+05   5.9570313e+01
   6.7023300e+05   4.7241211e+01
   6.7025600e+05   5.5297852e+01
   6.7029400e+05   4.4494629e+01
   6.7034700e+05   3.6132813e+01
   7.3387300e+05   8.4594727e+01
   7.3565800e+05   1.1730957e+02
   7.3660500e+05   3.7719727e+01
   7.5926200e+05   1.1535645e+02
   7.6026400e+05   1.2005615e+02
   7.6039600e+05   9.1186523e+01
   7.6049900e+05   9.9609375e+01
   7.6058600e+05   3.6193848e+01
   7.6169000e+05   9.8754883e+01
   7.6173600e+05   3.5522461e+01
   7.6174600e+05   9.8693848e+01
   7.6178300e+05   7.9162598e+01
   7.6181200e+05   4.4555664e+01
   7.6185400e+05   7.9956055e+01
   7.6189400e+05   4.2114258e+01
   7.6192100e+05   3.9672852e+01
   7.6193900e+05   4.1198730e+01
   7.6293400e+05   4.3273926e+01
   7.6311100e+05   4.9499512e+01
   7.6321300e+05   6.1950684e+01
   7.6341100e+05   4.3640137e+01
   7.6653900e+05   1.3824463e+02
   7.6657200e+05   1.0961914e+02
   7.6661200e+05   4.7912598e+01
   7.6662300e+05   5.8959961e+01
   7.6668000e+05   3.9062500e+01
   7.6801900e+05   3.6254883e+01
   7.6803600e+05   3.7292480e+01
   7.6806600e+05   4.0588379e+01
   7.6810800e+05   3.5583496e+01
   7.6822000e+05   3.6621094e+01
   8.5200000e+05   1.1883545e+02
   8.5209300e+05   8.2702637e+01
   8.5215600e+05   9.0881348e+01
   8.6772000e+05   1.2017822e+02
   8.6784800e+05   1.1090088e+02
   8.7652400e+05   7.0922852e+01
   8.7713400e+05   3.7353516e+01
   8.7720800e+05   4.4067383e+01
   8.9510600e+05   1.0083008e+02
   8.9885300e+05   3.7658691e+01
   8.9886300e+05   1.2109375e+02
   8.9888600e+05   8.7158203e+01
   8.9891400e+05   4.6569824e+01
   8.9893500e+05   7.8674316e+01
   8.9896500e+05   3.5949707e+01
   8.9898700e+05   8.5388184e+01
   8.9902400e+05   5.8959961e+01
   8.9904700e+05   5.9509277e+01
   8.9909200e+05   5.2246094e+01
   8.9911400e+05   4.4921875e+01
   8.9915500e+05   3.7719727e+01
   9.0009000e+05   4.3457031e+01
   9.0027300e+05   4.1259766e+01
   9.0058100e+05   4.1442871e+01
   9.0059800e+05   5.8837891e+01
   9.0069300e+05   8.2641602e+01
   9.0073600e+05   4.1198730e+01
   9.0076600e+05   3.9978027e+01
   9.0084900e+05   3.9489746e+01
   9.5863200e+05   7.8430176e+01
   9.5875300e+05   5.3710938e+01
   9.5891300e+05   3.9855957e+01
   9.7900800e+05   3.7780762e+01
   9.8086200e+05   1.1596680e+02
   1.0081140e+06   8.8623047e+01
   1.0081560e+06   1.0534668e+02
   1.0082410e+06   4.0710449e+01
   1.0082570e+06   8.3312988e+01
   1.0084420e+06   4.8889160e+01
   1.0084520e+06   9.5458984e+01
   1.0255980e+06   1.3098145e+02
   1.0257160e+06   3.9916992e+01
   1.0257390e+06   3.6987305e+01
   1.0295640e+06   1.1737061e+02
   1.0296020e+06   4.5043945e+01
   1.0296270e+06   1.3348389e+02
   1.0296610e+06   4.2053223e+01
   1.0296990e+06   5.6701660e+01
   1.0297090e+06   5.0048828e+01
   1.0297380e+06   3.6926270e+01
   1.0297530e+06   5.8715820e+01
   1.0308830e+06   6.4025879e+01
   1.0309210e+06   4.0344238e+01
   1.0309510e+06   3.6743164e+01
   1.0309940e+06   3.6010742e+01
   1.0324380e+06   5.7312012e+01
   1.1049130e+06   8.9843750e+01
   1.1057190e+06   7.6477051e+01
   1.1207680e+06   4.9926758e+01
   1.1211220e+06   1.2268066e+02
   1.1212700e+06   8.9965820e+01
   1.1213220e+06   9.0515137e+01
   1.1213560e+06   3.7292480e+01
   1.1438100e+06   4.2358398e+01
   1.1459850e+06   7.6171875e+01
   1.1475050e+06   3.6437988e+01
   1.1475160e+06   1.3122559e+02
   1.1475450e+06   4.2236328e+01
   1.1475560e+06   1.6931152e+02
   1.1475850e+06   3.9611816e+01
   1.1475950e+06   3.9855957e+01
   1.1476150e+06   6.7321777e+01
   1.1476330e+06   3.7170410e+01
   1.1476520e+06   3.9062500e+01
   1.1476680e+06   3.8208008e+01
   1.1476830e+06   4.4128418e+01
   1.1485490e+06   4.1442871e+01
   1.1487710e+06   5.4321289e+01
   1.1488110e+06   3.6621094e+01
   1.1488260e+06   4.8217773e+01
   1.1488740e+06   3.9733887e+01
   1.2300680e+06   1.2316895e+02
   1.2302470e+06   1.0522461e+02
   1.2311490e+06   9.7351074e+01
   1.2316570e+06   3.9428711e+01
   1.2570740e+06   5.7922363e+01
   1.2571990e+06   4.2724609e+01
   1.2690920e+06   4.3884277e+01
   1.2691370e+06   3.5705566e+01
   1.2703160e+06   1.1456299e+02
   1.2772040e+06   3.8940430e+01
   1.2774780e+06   1.1791992e+02
   1.2776570e+06   1.0217285e+02
   1.2786040e+06   3.6376953e+01
   1.2786350e+06   1.1846924e+02
   1.2786690e+06   5.0292969e+01
   1.2787070e+06   9.2895508e+01
   1.2787350e+06   6.3171387e+01
   1.2787840e+06   6.8664551e+01
   1.2788050e+06   5.5603027e+01
   1.2788450e+06   5.7922363e+01
   1.2788610e+06   3.9733887e+01
   1.2788990e+06   4.1809082e+01
   1.2789380e+06   3.9001465e+01
   1.2801230e+06   6.6345215e+01
   1.2805790e+06   5.7495117e+01
   1.2807040e+06   4.1442871e+01
   1.2807390e+06   3.6193848e+01
   1.3410680e+06   9.7595215e+01
   1.3440390e+06   8.8134766e+01
   1.3464950e+06   1.1938477e+02
   1.3465340e+06   3.6193848e+01
   1.3479190e+06   8.4045410e+01
   1.3546330e+06   6.3110352e+01
   1.3578960e+06   1.2017822e+02
   1.3666710e+06   1.1743164e+02
   1.3778180e+06   4.2480469e+01
   1.3779120e+06   9.1918945e+01
   1.3900130e+06   9.9548340e+01
   1.3903630e+06   8.1359863e+01
   1.3921800e+06   1.1859131e+02
   1.4024990e+06   1.1206055e+02
   1.4029700e+06   1.0662842e+02
   1.4037410e+06   1.0589600e+02
   1.4037670e+06   3.9367676e+01
   1.4037860e+06   3.7231445e+01
   1.4038710e+06   3.8024902e+01
   1.4039070e+06   7.0434570e+01
   1.4039370e+06   4.1076660e+01
   1.4039480e+06   3.5766602e+01
   1.4040270e+06   6.8115234e+01
   1.4040550e+06   3.5644531e+01
   1.4040950e+06   3.7475586e+01
   1.4041330e+06   3.7841797e+01
   1.4053610e+06   6.4758301e+01
   1.4056960e+06   4.1076660e+01
   1.4060310e+06   3.5705566e+01
   1.4492570e+06   1.0382080e+02
   1.4546230e+06   8.8989258e+01
   1.4553910e+06   1.2164307e+02
   1.4556320e+06   3.6499023e+01
   1.4556590e+06   1.0736084e+02
   1.4556760e+06   7.5012207e+01
   1.4557050e+06   8.4289551e+01
   1.4558100e+06   3.6071777e+01
   1.4601880e+06   3.9916992e+01
   1.4756260e+06   3.9001465e+01
   1.4830670e+06   4.0344238e+01
   1.4861750e+06   1.1572266e+02
   1.4862040e+06   5.5236816e+01
   1.4862320e+06   9.9975586e+01
   1.4862680e+06   3.5888672e+01
   1.4862790e+06   9.6008301e+01
   1.4862930e+06   5.3222656e+01
   1.4863100e+06   9.5886230e+01
   1.4863250e+06   4.4433594e+01
   1.4863400e+06   6.2011719e+01
   1.4863770e+06   5.1635742e+01
   1.4863900e+06   4.0527344e+01
   1.4864230e+06   3.6010742e+01
   1.4864350e+06   4.5654297e+01
   1.4874480e+06   4.1076660e+01
   1.4876360e+06   4.0954590e+01
   1.4876780e+06   4.9865723e+01
   1.4896540e+06   5.7312012e+01
   1.5504440e+06   1.1370850e+02
   1.5512790e+06   1.2060547e+02
   1.5530940e+06   7.2326660e+01
   1.5532810e+06   6.5246582e+01
   1.5534850e+06   5.4199219e+01
   1.5749050e+06   3.7048340e+01
   1.5897940e+06   3.5583496e+01
   1.5898440e+06   3.5644531e+01
   1.5898910e+06   4.7363281e+01
   1.6042920e+06   5.3100586e+01
   1.6043460e+06   3.7841797e+01
   1.6045500e+06   1.0565186e+02
   1.6047000e+06   8.3618164e+01
   1.6088120e+06   1.1315918e+02
   1.6091580e+06   3.6437988e+01
   1.6209710e+06   3.7841797e+01
   1.6210540e+06   7.4584961e+01
   1.6219490e+06   1.2371826e+02
   1.6239420e+06   1.6186523e+02
   1.6239610e+06   4.6752930e+01
   1.6239830e+06   4.0893555e+01
   1.6239980e+06   5.4016113e+01
   1.6240380e+06   7.4096680e+01
   1.6241300e+06   3.7902832e+01
   1.6250770e+06   4.8095703e+01
   1.6252180e+06   5.6823730e+01
   1.6252580e+06   4.0222168e+01
   1.6271720e+06   5.8288574e+01
   1.6711770e+06   8.2641602e+01
   1.6713930e+06   5.1513672e+01
   1.6781490e+06   5.9082031e+01
   1.7009930e+06   6.7321777e+01
   1.7046270e+06   1.2097168e+02
   1.7366100e+06   6.7565918e+01
   1.7367070e+06   1.0852051e+02
   1.7367320e+06   3.8391113e+01
   1.7368250e+06   9.8449707e+01
   1.7368830e+06   4.6447754e+01
   1.7453970e+06   3.7109375e+01
   1.7481690e+06   3.5705566e+01
   1.7482120e+06   3.7048340e+01
   1.7483070e+06   1.0345459e+02
   1.7483450e+06   3.8024902e+01
   1.7492980e+06   3.9916992e+01
   1.7493090e+06   9.8937988e+01
   1.7653470e+06   3.6132813e+01
   1.7781010e+06   3.6987305e+01
   1.7781570e+06   1.2506104e+02
   1.7781930e+06   4.2602539e+01
   1.7782210e+06   7.9833984e+01
   1.7782310e+06   1.3055420e+02
   1.7782840e+06   7.3303223e+01
   1.7783280e+06   6.3842773e+01
   1.7783820e+06   3.5949707e+01
   1.7798520e+06   3.7109375e+01
   1.7799240e+06   7.9833984e+01
   1.7799560e+06   3.6621094e+01
   1.8635440e+06   7.6110840e+01
   1.8801590e+06   1.2335205e+02
   1.8962930e+06   1.3482666e+02
   1.8963120e+06   4.5043945e+01
   1.8963810e+06   9.9243164e+01
   1.8986500e+06   1.1596680e+02
   1.8986730e+06   4.6691895e+01
   1.8986990e+06   8.0383301e+01
   1.8987300e+06   4.4799805e+01
   1.8987470e+06   5.4321289e+01
   1.8988470e+06   3.6926270e+01
   1.8999130e+06   6.0546875e+01
   1.9000290e+06   6.8359375e+01
   1.9000490e+06   4.5715332e+01
   1.9001230e+06   5.7922363e+01
   1.9014950e+06   6.1401367e+01
   1.9606040e+06   6.9946289e+01
   1.9717180e+06   7.2998047e+01
   1.9717780e+06   4.5776367e+01
   1.9839850e+06   7.0373535e+01
   1.9883120e+06   1.3403320e+02
   1.9884180e+06   8.0200195e+01
   1.9885130e+06   3.6376953e+01
   1.9885880e+06   6.7626953e+01
   1.9987300e+06   8.2397461e+01
   2.0085790e+06   1.1376953e+02
   2.0125590e+06   3.5888672e+01
   2.0254880e+06   1.3287354e+02
   2.0258580e+06   1.2432861e+02
   2.0587940e+06   1.1358643e+02
   2.0759940e+06   1.2213135e+02
   2.0786140e+06   1.4294434e+02
   2.0786470e+06   5.2551270e+01
   2.0786720e+06   9.7961426e+01
   2.0787030e+06   3.5766602e+01
   2.0787200e+06   4.1259766e+01
   2.0787400e+06   7.5500488e+01
   2.0787650e+06   5.2856445e+01
   2.0787750e+06   5.0537109e+01
   2.0787930e+06   3.5522461e+01
   2.0798540e+06   4.7485352e+01
   2.0798650e+06   7.1777344e+01
   2.0799560e+06   4.1259766e+01
   2.0799990e+06   4.7058105e+01
   2.0800650e+06   3.7292480e+01
   2.0800880e+06   3.7780762e+01
   2.0801360e+06   4.1198730e+01
   2.1546290e+06   7.6171875e+01
   2.1585570e+06   1.0638428e+02
   2.1626570e+06   1.0705566e+02
   2.1732640e+06   8.7280273e+01
   2.1782140e+06   1.0736084e+02
   2.1809420e+06   1.2811279e+02
   2.1936980e+06   7.9650879e+01
   2.1964470e+06   1.2933350e+02
   2.1964790e+06   6.8969727e+01
   2.1965010e+06   8.4533691e+01
   2.1965340e+06   1.0205078e+02
   2.1965500e+06   4.1015625e+01
   2.1965600e+06   6.1767578e+01
   2.1965860e+06   3.6621094e+01
   2.1966180e+06   4.6875000e+01
   2.1966520e+06   4.8706055e+01
   2.1977960e+06   6.9519043e+01
   2.1978600e+06   4.9255371e+01
   2.1978960e+06   3.9245605e+01
   2.1991490e+06   4.1931152e+01
   2.2609320e+06   8.9233398e+01
   2.2658730e+06   7.4035645e+01
   2.2906570e+06   1.1291504e+02
   2.2979970e+06   1.0601807e+02
   2.3104480e+06   7.9650879e+01
   2.3105180e+06   7.4279785e+01
   2.3105350e+06   4.2663574e+01
   2.3105480e+06   6.5551758e+01
   2.3105790e+06   4.0222168e+01
   2.3105980e+06   4.6752930e+01
   2.3106200e+06   8.2275391e+01
   2.3106410e+06   4.1137695e+01
   2.3106550e+06   7.8308105e+01
   2.3106820e+06   3.8146973e+01
   2.3116880e+06   5.1757813e+01
   2.3117180e+06   4.6997070e+01
   2.3122830e+06   4.2419434e+01
   2.3449950e+06   1.0583496e+02
   2.3469530e+06   1.0937500e+02
   2.3473210e+06   7.1289063e+01
   2.3478120e+06   3.6621094e+01
   2.3739630e+06   3.6926270e+01
   2.3741590e+06   3.8757324e+01
   2.3747180e+06   9.9182129e+01
   2.3761970e+06   1.2976074e+02
   2.3762460e+06   1.8383789e+02
   2.3762760e+06   4.0283203e+01
   2.3762880e+06   4.9438477e+01
   2.3763010e+06   5.0231934e+01
   2.3763610e+06   6.5429688e+01
   2.3764070e+06   4.0893555e+01
   2.3764170e+06   3.6682129e+01
   2.3776070e+06   4.9194336e+01
   2.3777390e+06   5.5053711e+01
   2.3778640e+06   7.9162598e+01
   2.3779080e+06   4.7485352e+01
   2.3781370e+06   3.6865234e+01
   2.4351940e+06   7.7209473e+01
   2.4540020e+06   7.4523926e+01
   2.4541260e+06   5.6457520e+01
   2.4629600e+06   8.5144043e+01
   2.4675360e+06   1.0455322e+02
   2.4676810e+06   9.7900391e+01
   2.5015780e+06   1.0003662e+02
   2.5104190e+06   1.2908936e+02
   2.5117530e+06   7.5317383e+01
   2.5118000e+06   3.8024902e+01
   2.5181110e+06   1.0632324e+02
   2.5230240e+06   1.2261963e+02
   2.5403870e+06   1.2304688e+02
   2.5405700e+06   1.0083008e+02
   2.5499040e+06   3.7170410e+01
   2.5668670e+06   9.7351074e+01
   2.5669490e+06   1.0339355e+02
   2.5798110e+06   1.1267090e+02
   2.6062240e+06   4.2358398e+01
   2.6062950e+06   3.5644531e+01
   2.6068040e+06   1.2390137e+02
   2.6140340e+06   1.2597656e+02
   2.6212580e+06   1.0211182e+02
   2.6213270e+06   3.6376953e+01
   2.6274930e+06   1.2011719e+02
   2.6275570e+06   8.8134766e+01
   2.6275740e+06   8.5388184e+01
   2.6276040e+06   5.3955078e+01
   2.6276300e+06   6.0241699e+01
   2.6276590e+06   4.9743652e+01
   2.6276850e+06   3.7841797e+01
   2.6287430e+06   6.1950684e+01
   2.6289220e+06   7.7514648e+01
   2.6289420e+06   6.2072754e+01
   2.6289820e+06   3.6132813e+01
   2.6289990e+06   3.8513184e+01
   2.6290160e+06   4.3273926e+01
   2.7020040e+06   6.5246582e+01
   2.7021590e+06   6.8176270e+01
   2.7103970e+06   8.0749512e+01
   2.7106200e+06   6.1706543e+01
   2.7267590e+06   1.1755371e+02
   2.7303950e+06   1.0913086e+02
   2.7304860e+06   4.7668457e+01
   2.7307250e+06   6.9213867e+01
   2.7307710e+06   4.0039063e+01
   2.7308190e+06   5.9997559e+01
   2.7308290e+06   1.0168457e+02
   2.7424180e+06   3.5705566e+01
   2.7495280e+06   1.0821533e+02
   2.7496660e+06   8.7646484e+01
   2.7568740e+06   8.4350586e+01
   2.7589070e+06   1.0198975e+02
   2.7590770e+06   3.5522461e+01
   2.7885660e+06   1.2536621e+02
   2.7886510e+06   3.6315918e+01
   2.7887110e+06   7.3120117e+01
   2.7893980e+06   1.0284424e+02
   2.7894940e+06   6.7993164e+01
   2.7895250e+06   3.5766602e+01
   2.7895830e+06   3.6560059e+01
   2.7896060e+06   1.0961914e+02
   2.7897040e+06   6.5795898e+01
   2.7897980e+06   7.6721191e+01
   2.7898430e+06   3.7109375e+01
   2.7898690e+06   4.3212891e+01
   2.7898870e+06   4.1137695e+01
   2.7899480e+06   3.6376953e+01
   2.7899760e+06   3.5705566e+01
   2.7900280e+06   3.6193848e+01
   2.8369250e+06   1.1401367e+02
   2.8370060e+06   3.8635254e+01
   2.8370740e+06   9.4726563e+01
   2.8375940e+06   3.6926270e+01
   2.8554530e+06   1.1322021e+02
   2.8554740e+06   4.2724609e+01
   2.8555500e+06   3.7597656e+01
   2.8555600e+06   9.4482422e+01
   2.8693130e+06   7.9711914e+01
   2.8748400e+06   7.8186035e+01
   2.8749920e+06   1.0583496e+02
   2.8752430e+06   1.0400391e+02
   2.8805190e+06   1.0400391e+02
   2.8893530e+06   8.6547852e+01
   2.8894350e+06   5.3283691e+01
   2.8894880e+06   4.3334961e+01
   2.8895420e+06   1.1309814e+02
   2.8897310e+06   8.2153320e+01
   2.8898110e+06   5.1330566e+01
   2.8899160e+06   1.1260986e+02
   2.8908920e+06   1.1865234e+02
   2.8909320e+06   3.6499023e+01
   2.8910100e+06   4.6752930e+01
   2.8978410e+06   1.1981201e+02
   2.8978740e+06   4.6875000e+01
   2.8978970e+06   1.1035156e+02
   2.8979250e+06   6.7749023e+01
   2.8979440e+06   3.9367676e+01
   2.8979620e+06   6.9213867e+01
   2.8979970e+06   3.5644531e+01
   2.8980250e+06   4.1687012e+01
   2.8989890e+06   3.8940430e+01
   2.8990220e+06   4.8278809e+01
   2.8990860e+06   5.6213379e+01
   2.8990990e+06   4.2907715e+01
   2.9008100e+06   4.9987793e+01
   2.9773280e+06   8.3862305e+01
   3.0000990e+06   8.1054688e+01
   3.0004690e+06   3.5644531e+01
   3.0076390e+06   3.5949707e+01
   3.0179290e+06   1.2561035e+02
   3.0180130e+06   9.1735840e+01
   3.0429020e+06   1.0852051e+02
   3.0441660e+06   1.2292480e+02
   3.0441960e+06   3.5705566e+01
   3.0442690e+06   4.0771484e+01
   3.0443710e+06   3.6926270e+01
   3.0675220e+06   3.6254883e+01
   3.0798510e+06   8.5327148e+01
   3.0799890e+06   1.2927246e+02
   3.0869160e+06   8.9660645e+01
   3.0903850e+06   3.8635254e+01
   3.1234590e+06   1.2445068e+02
   3.1235410e+06   3.6499023e+01
   3.1235650e+06   3.9733887e+01
   3.1235880e+06   3.9428711e+01
   3.1236130e+06   3.9611816e+01
   3.1236250e+06   8.7707520e+01
   3.1236560e+06   6.9763184e+01
   3.1236910e+06   4.9926758e+01
   3.1237100e+06   4.8583984e+01
   3.1237270e+06   4.1015625e+01
   3.1237630e+06   4.6020508e+01
   3.1237730e+06   3.8391113e+01
   3.1238010e+06   4.4921875e+01
   3.1492000e+06   8.3374023e+01
   3.1596230e+06   1.0845947e+02
   3.1596480e+06   3.7048340e+01
   3.1778060e+06   4.8645020e+01
   3.1778520e+06   7.7087402e+01
   3.1780110e+06   1.1413574e+02
   3.2018150e+06   1.1230469e+02
   3.2018750e+06   3.6010742e+01
   3.2021310e+06   3.9855957e+01
   3.2138920e+06   1.4282227e+02
   3.2139210e+06   1.0650635e+02
   3.2139490e+06   5.7800293e+01
   3.2139730e+06   4.0100098e+01
   3.2139990e+06   1.1688232e+02
   3.2140360e+06   6.8115234e+01
   3.2140590e+06   7.6232910e+01
   3.2140950e+06   3.9855957e+01
   3.2141070e+06   3.7963867e+01
   3.2155440e+06   1.0687256e+02
   3.2155910e+06   3.9306641e+01
   3.2375960e+06   3.5644531e+01
   3.2933310e+06   8.0871582e+01
   3.2964200e+06   1.2762451e+02
   3.2965410e+06   3.9245605e+01
   3.3126580e+06   7.2570801e+01
   3.3128070e+06   5.9326172e+01
   3.3238140e+06   8.3557129e+01
   3.3238920e+06   1.4428711e+02
   3.3355880e+06   9.9548340e+01
   3.3356130e+06   3.5766602e+01
   3.3356340e+06   7.4951172e+01
   3.3356830e+06   4.3701172e+01
   3.3357080e+06   7.2814941e+01
   3.3357480e+06   3.6437988e+01
   3.3357840e+06   7.7026367e+01
   3.3358830e+06   4.2053223e+01
   3.3369980e+06   5.1818848e+01
   3.3374850e+06   4.0344238e+01
   3.3655480e+06   3.7109375e+01
   3.3656220e+06   9.0209961e+01
   3.3656480e+06   3.9855957e+01
   3.3656700e+06   8.5144043e+01
   3.3657120e+06   4.4799805e+01
   3.3669030e+06   7.9833984e+01
   3.3669750e+06   4.2663574e+01
   3.3670120e+06   6.7321777e+01
   3.3670950e+06   3.8757324e+01
   3.3682480e+06   4.5288086e+01
   3.4358560e+06   7.2326660e+01
   3.4611640e+06   7.7758789e+01
   3.4636640e+06   7.0068359e+01
   3.4707720e+06   3.9611816e+01
   3.5168630e+06   1.2951660e+02
   3.5170400e+06   3.6315918e+01
   3.5202970e+06   1.1541748e+02
   3.5360130e+06   5.7678223e+01
   3.5360480e+06   3.6499023e+01
   3.5362230e+06   1.0095215e+02
   3.5446480e+06   7.7453613e+01
   3.5446750e+06   8.8195801e+01
   3.5446910e+06   5.2612305e+01
   3.5447240e+06   8.7585449e+01
   3.5447400e+06   5.2795410e+01
   3.5447610e+06   4.4189453e+01
   3.5447740e+06   4.7546387e+01
   3.5448130e+06   4.5654297e+01
   3.5457940e+06   5.5358887e+01
   3.5459590e+06   6.1035156e+01
   3.5460190e+06   5.5419922e+01
   3.5460550e+06   5.5541992e+01
   3.5461050e+06   3.6804199e+01
   3.6322460e+06   1.4520264e+02
   3.6630970e+06   1.1688232e+02
   3.6631240e+06   4.2053223e+01
   3.6920000e+06   3.8574219e+01
   3.6920740e+06   1.2023926e+02
   3.6922140e+06   4.3884277e+01
   3.7016430e+06   1.3360596e+02
   3.7016600e+06   6.2438965e+01
   3.7016840e+06   8.8317871e+01
   3.7017610e+06   3.8635254e+01
   3.7018360e+06   3.6621094e+01
   3.7018590e+06   1.2896729e+02
   3.7018880e+06   7.7697754e+01
   3.7019080e+06   3.5766602e+01
   3.7019370e+06   4.6630859e+01
   3.7019560e+06   3.6499023e+01
   3.7019990e+06   3.8696289e+01
   3.7020100e+06   3.5888672e+01
   3.7029740e+06   5.7312012e+01
   3.7031390e+06   5.5419922e+01
   3.7532930e+06   1.2463379e+02
   3.7533290e+06   4.4189453e+01
   3.7533710e+06   3.6193848e+01
   3.7534230e+06   3.7963867e+01
   3.7534680e+06   8.8378906e+01
   3.7875720e+06   3.6560059e+01
   3.7876400e+06   1.2701416e+02
   3.8055610e+06   4.5043945e+01
   3.8055880e+06   5.6335449e+01
   3.8057580e+06   4.3884277e+01
   3.8058080e+06   3.7170410e+01
   3.8059290e+06   1.0168457e+02
   3.8059570e+06   3.8574219e+01
   3.8201670e+06   3.8330078e+01
   3.8202500e+06   1.2603760e+02
   3.8203690e+06   9.6679688e+01
   3.8204290e+06   1.0675049e+02
   3.8204470e+06   5.0170898e+01
   3.8204680e+06   3.8513184e+01
   3.8204860e+06   5.9020996e+01
   3.8205090e+06   3.6010742e+01
   3.8205440e+06   3.9611816e+01
   3.8215340e+06   5.6213379e+01
   3.8218620e+06   3.8513184e+01
   3.8220040e+06   7.2204590e+01
   3.8221170e+06   4.3029785e+01
   3.8783970e+06   1.2652588e+02
   3.8846500e+06   7.2692871e+01
   3.8848690e+06   1.1547852e+02
   3.8848960e+06   3.9306641e+01
   3.8849260e+06   4.4860840e+01
   3.9024430e+06   1.1590576e+02
   3.9046080e+06   6.9641113e+01
   3.9048000e+06   1.1199951e+02
   3.9048870e+06   4.3701172e+01
   3.9049560e+06   9.6313477e+01
   3.9050570e+06   5.4260254e+01
   3.9050930e+06   5.7006836e+01
   3.9051200e+06   3.9245605e+01
   3.9051400e+06   3.9916992e+01
   3.9051780e+06   3.7109375e+01
   3.9063880e+06   4.6691895e+01
   3.9541520e+06   3.7414551e+01
   3.9542720e+06   3.6193848e+01
   3.9554530e+06   9.8022461e+01
   3.9556870e+06   3.5766602e+01
   3.9557220e+06   6.4208984e+01
   3.9588470e+06   1.0394287e+02
   3.9590270e+06   4.0466309e+01
   3.9712140e+06   4.0405273e+01
   3.9729440e+06   1.2298584e+02
   3.9729680e+06   5.3955078e+01
   3.9729870e+06   1.1358643e+02
   3.9730060e+06   9.6618652e+01
   3.9730220e+06   3.8818359e+01
   3.9730440e+06   7.3181152e+01
   3.9730600e+06   5.8532715e+01
   3.9730890e+06   6.7932129e+01
   3.9731000e+06   5.0109863e+01
   3.9731390e+06   4.6752930e+01
   3.9740570e+06   3.6682129e+01
   3.9742160e+06   7.8918457e+01
   3.9742290e+06   4.3090820e+01
   3.9742580e+06   4.3762207e+01
   3.9743000e+06   4.0893555e+01
   4.0431600e+06   8.0627441e+01
   4.0480870e+06   7.9956055e+01
   4.0482980e+06   7.1166992e+01
   4.0485800e+06   6.0852051e+01
   4.0505810e+06   7.1350098e+01
   4.0612810e+06   4.3945313e+01
   4.0745750e+06   7.2021484e+01
   4.0745990e+06   3.8818359e+01
   4.0746710e+06   1.0162354e+02
   4.0746880e+06   5.2062988e+01
   4.0747170e+06   4.7729492e+01
   4.0747350e+06   1.4764404e+02
   4.0747910e+06   5.8776855e+01
   4.0748280e+06   3.9306641e+01
   4.0748760e+06   3.5949707e+01
   4.0759390e+06   5.5175781e+01
   4.0759630e+06   3.6437988e+01
   4.0761420e+06   3.6376953e+01
   4.0762250e+06   6.0180664e+01
   4.0762560e+06   7.4218750e+01
   4.1348580e+06   6.7565918e+01
   4.1515270e+06   4.1198730e+01
   4.1516270e+06   3.7414551e+01
   4.1518900e+06   3.7475586e+01
   4.1768030e+06   3.5522461e+01
   4.1879530e+06   1.1926270e+02
   4.1880980e+06   7.2326660e+01
   4.1881090e+06   1.1279297e+02
   4.1883230e+06   3.5827637e+01
   4.1969460e+06   1.1334229e+02
   4.1969620e+06   5.0476074e+01
   4.1969920e+06   1.1425781e+02
   4.1970030e+06   5.7189941e+01
   4.1970460e+06   8.2458496e+01
   4.1970600e+06   3.6560059e+01
   4.1970890e+06   4.3090820e+01
   4.1971190e+06   6.3598633e+01
   4.1971440e+06   4.1564941e+01
   4.1981320e+06   5.0659180e+01
   4.1981980e+06   5.5480957e+01
   4.1982590e+06   3.6132813e+01
   4.2004720e+06   7.5195313e+01
   4.2984190e+06   4.0100098e+01
   4.2999780e+06   1.0021973e+02
   4.3225160e+06   8.1176758e+01
   4.3231880e+06   3.6010742e+01
   4.3413450e+06   9.2956543e+01
   4.3413840e+06   1.2078857e+02
   4.3414180e+06   4.5166016e+01
   4.3414360e+06   5.9387207e+01
   4.3414610e+06   8.1298828e+01
   4.3414810e+06   3.6804199e+01
   4.3415120e+06   5.7739258e+01
   4.3415590e+06   3.6315918e+01
   4.3426210e+06   4.0039063e+01
   4.3426650e+06   5.0598145e+01
   4.3428080e+06   4.7546387e+01
   4.3430060e+06   7.0983887e+01
   4.3430270e+06   4.7729492e+01
   4.3430420e+06   6.7260742e+01
   4.3431660e+06   6.1340332e+01
   4.3431870e+06   3.6987305e+01
   4.3812130e+06   1.2261963e+02
   4.3825610e+06   8.2336426e+01
   4.4340200e+06   1.0333252e+02
   4.4340350e+06   4.1015625e+01
   4.4341400e+06   6.5917969e+01
   4.4341560e+06   1.2701416e+02
   4.4489530e+06   3.6315918e+01
   4.4653070e+06   7.7575684e+01
   4.4870190e+06   1.1029053e+02
   4.4975020e+06   1.0980225e+02
   4.4975350e+06   5.5664063e+01
   4.4975480e+06   4.3334961e+01
   4.4976050e+06   5.4321289e+01
   4.4976230e+06   5.4687500e+01
   4.4976590e+06   5.9692383e+01
   4.4985270e+06   4.6752930e+01
   4.4986930e+06   4.1870117e+01
   4.4987450e+06   4.9743652e+01
   4.4988110e+06   3.6682129e+01
   4.4988760e+06   5.7250977e+01
   4.4989090e+06   6.2683105e+01
   4.4989240e+06   4.0161133e+01
   4.4989420e+06   4.6447754e+01
   4.4989720e+06   3.5827637e+01
   4.5553540e+06   1.1645508e+02
   4.6181970e+06   1.2017822e+02
   4.6337600e+06   3.7414551e+01
   4.6337750e+06   5.2673340e+01
   4.6338370e+06   4.2846680e+01
   4.6338590e+06   1.3745117e+02
   4.6338790e+06   4.6691895e+01
   4.6465950e+06   3.5644531e+01
   4.6466990e+06   4.3151855e+01
   4.6587750e+06   5.9448242e+01
   4.6671650e+06   7.5622559e+01
   4.6678530e+06   4.0039063e+01
   4.6913380e+06   3.9855957e+01
   4.7146070e+06   1.1663818e+02
   4.7272220e+06   4.0161133e+01
   4.7272490e+06   7.2692871e+01
   4.7273020e+06   1.1389160e+02
   4.7440210e+06   3.8757324e+01
   4.7457730e+06   3.8330078e+01
   4.7486790e+06   1.3574219e+02
   4.7487110e+06   8.7097168e+01
   4.7487400e+06   1.0906982e+02
   4.7487540e+06   4.0283203e+01
   4.7487780e+06   6.6894531e+01
   4.7487960e+06   6.2744141e+01
   4.7488320e+06   3.9672852e+01
   4.7488680e+06   5.6579590e+01
   4.7489040e+06   3.6621094e+01
   4.7497740e+06   4.0832520e+01
   4.7499670e+06   3.7414551e+01
   4.7500870e+06   4.8156738e+01
   4.7501220e+06   7.8186035e+01
   4.7501520e+06   3.8269043e+01
   4.7511410e+06   4.1320801e+01
   4.8343280e+06   8.6975098e+01
   4.8344410e+06   7.9528809e+01
   4.8632610e+06   1.1157227e+02
   4.8633400e+06   4.2846680e+01
   4.8634020e+06   1.2884521e+02
   4.8634430e+06   3.8635254e+01
   4.8635070e+06   8.4472656e+01
   4.8635680e+06   8.1848145e+01
   4.8635930e+06   6.4880371e+01
   4.8636160e+06   4.6203613e+01
   4.8636370e+06   4.4006348e+01
   4.8636570e+06   5.3161621e+01
   4.8636780e+06   4.5288086e+01
   4.8637150e+06   3.7109375e+01
   4.8637500e+06   4.0954590e+01
   4.8886380e+06   1.1743164e+02
   4.8886770e+06   4.9255371e+01
   4.8886890e+06   7.6660156e+01
   4.8887050e+06   3.6560059e+01
   4.8887410e+06   1.0400391e+02
   4.8887570e+06   4.1564941e+01
   4.8887710e+06   3.6315918e+01
   4.8888020e+06   7.2265625e+01
   4.8888180e+06   3.7536621e+01
   4.8888550e+06   5.6030273e+01
   4.8898720e+06   5.9936523e+01
   4.8900510e+06   4.0832520e+01
   4.8900660e+06   1.2359619e+02
   4.8901160e+06   3.7719727e+01
   4.8901320e+06   3.7780762e+01
   4.8901520e+06   4.2846680e+01
   4.8901860e+06   3.5827637e+01
   4.8919820e+06   5.4748535e+01
   4.8962830e+06   4.1381836e+01
   4.8963010e+06   7.0190430e+01
   4.8963240e+06   1.0168457e+02
   4.8963350e+06   7.4096680e+01
   4.8963720e+06   4.6569824e+01
   4.8963830e+06   3.6132813e+01
   4.8964320e+06   4.4799805e+01
   4.8975380e+06   5.2001953e+01
   4.8976170e+06   4.6020508e+01
   4.8976610e+06   5.1330566e+01
   4.8977120e+06   5.0781250e+01
   5.0086500e+06   7.4768066e+01
   5.0385480e+06   8.5571289e+01
   5.0386030e+06   3.9794922e+01
   5.0386250e+06   6.4147949e+01
   5.0816710e+06   3.6071777e+01
   5.0928990e+06   1.2921143e+02
   5.0979090e+06   9.6252441e+01
   5.0980170e+06   1.2884521e+02
   5.0981200e+06   3.6315918e+01
   5.1503200e+06   3.9062500e+01
   5.1536250e+06   4.5654297e+01
   5.1856530e+06   1.3549805e+02
   5.2202900e+06   8.5266113e+01
   5.2204530e+06   1.2078857e+02
   5.2344550e+06   3.9001465e+01
   5.2349950e+06   1.3049316e+02
   5.2350430e+06   4.1076660e+01
   5.2350790e+06   5.1269531e+01
   5.2350890e+06   4.3273926e+01
   5.2351380e+06   8.6242676e+01
   5.2351710e+06   4.1076660e+01
   5.2351900e+06   9.0270996e+01
   5.2352270e+06   8.0322266e+01
   5.2352780e+06   6.2194824e+01
   5.2353080e+06   4.1076660e+01
   5.2468490e+06   8.9843750e+01
   5.2468630e+06   1.3433838e+02
   5.2468890e+06   3.7170410e+01
   5.2469120e+06   4.2907715e+01
   5.2469220e+06   9.8449707e+01
   5.2469750e+06   3.8024902e+01
   5.2469950e+06   4.6936035e+01
   5.2481750e+06   3.8574219e+01
   5.2482510e+06   4.5471191e+01
   5.2482810e+06   3.8879395e+01
   5.3102430e+06   3.6010742e+01
   5.3580790e+06   7.2937012e+01
   5.3582010e+06   6.7138672e+01
   5.3652930e+06   1.2677002e+02
   5.3653170e+06   3.8391113e+01
   5.3743690e+06   1.1206055e+02
   5.3874280e+06   9.0393066e+01
   5.4092690e+06   8.1787109e+01
   5.4094240e+06   5.6213379e+01
   5.4399570e+06   1.1938477e+02
   5.4413340e+06   7.8247070e+01
   5.4414040e+06   3.9245605e+01
   5.4414180e+06   6.8115234e+01
   5.4414510e+06   5.2795410e+01
   5.4414650e+06   3.7902832e+01
   5.4414880e+06   7.0373535e+01
   5.4415400e+06   4.1687012e+01
   5.4415510e+06   3.6743164e+01
   5.4415750e+06   4.3395996e+01
   5.4416060e+06   3.5583496e+01
   5.4416520e+06   4.6691895e+01
   5.4426490e+06   4.9377441e+01
   5.4428900e+06   5.3710938e+01
   5.5109560e+06   1.2457275e+02
   5.5317160e+06   1.2152100e+02
   5.5349160e+06   1.1199951e+02
   5.5550210e+06   1.4129639e+02
   5.5550790e+06   8.6853027e+01
   5.5765480e+06   1.0205078e+02
   5.5766040e+06   3.5583496e+01
   5.5767280e+06   1.0620117e+02
   5.6204900e+06   1.0687256e+02
   5.6376180e+06   4.3579102e+01
   5.6393170e+06   4.1931152e+01
   5.6393520e+06   1.2646484e+02
   5.6393630e+06   3.8696289e+01
   5.6393760e+06   8.8134766e+01
   5.6393980e+06   9.8449707e+01
   5.6394370e+06   4.5715332e+01
   5.6394610e+06   5.4931641e+01
   5.6395670e+06   3.6499023e+01
   5.6404450e+06   5.3588867e+01
   5.6408130e+06   7.1411133e+01
   5.6409600e+06   7.1838379e+01
   5.6409980e+06   6.4392090e+01
   5.6410220e+06   5.7312012e+01
   5.6488300e+06   1.2121582e+02
   5.6488440e+06   5.1391602e+01
   5.6488850e+06   1.7431641e+02
   5.6489170e+06   4.6081543e+01
   5.6489420e+06   6.9702148e+01
   5.6489710e+06   4.3762207e+01
   5.6489840e+06   3.6621094e+01
   5.6490020e+06   4.4067383e+01
   5.6490290e+06   3.7841797e+01
   5.6498760e+06   4.2785645e+01
   5.6503090e+06   6.1401367e+01
   5.6503360e+06   3.6682129e+01
   5.6503680e+06   4.1748047e+01
   5.6504320e+06   4.3701172e+01
   5.7701620e+06   1.2664795e+02
   5.7930200e+06   8.4167480e+01
   5.8078090e+06   1.1627197e+02
   5.8079290e+06   9.2346191e+01
   5.8826810e+06   3.8635254e+01
   5.8845410e+06   4.2053223e+01
   5.8845740e+06   1.2420654e+02
   5.8846210e+06   4.4006348e+01
   5.8847020e+06   3.7780762e+01
   5.8848470e+06   4.5166016e+01
   5.9460230e+06   8.4289551e+01
   5.9682210e+06   1.0913086e+02
   5.9688700e+06   3.7475586e+01
   5.9689920e+06   4.2297363e+01
   5.9964900e+06   1.1749268e+02
   5.9965280e+06   3.8940430e+01
   5.9966600e+06   6.0546875e+01
   5.9966910e+06   3.6499023e+01
   5.9967190e+06   3.5522461e+01
   5.9967580e+06   1.0028076e+02
   5.9967850e+06   3.7231445e+01
   5.9968180e+06   6.6711426e+01
   5.9968390e+06   4.8583984e+01
   5.9968760e+06   3.6437988e+01
   5.9969070e+06   5.3161621e+01
   5.9969520e+06   3.7231445e+01
   5.9981420e+06   3.7231445e+01
   6.0096670e+06   9.9731445e+01
   6.0096880e+06   5.4016113e+01
   6.0097210e+06   1.1560059e+02
   6.0097550e+06   3.8635254e+01
   6.0097660e+06   4.0954590e+01
   6.0097860e+06   4.0771484e+01
   6.0105690e+06   3.6132813e+01
   6.0108640e+06   6.4575195e+01
   6.0109030e+06   3.5949707e+01
   6.0109310e+06   4.7607422e+01
   6.0109740e+06   3.9672852e+01
   6.1123460e+06   1.0656738e+02
   6.1263830e+06   7.1777344e+01
   6.1603960e+06   3.5766602e+01
   6.1605460e+06   3.8940430e+01
   6.1605720e+06   4.0771484e+01
   6.1615230e+06   9.0393066e+01
   6.1616450e+06   1.2744141e+02
   6.1697710e+06   9.3750000e+01
   6.1698190e+06   4.1992188e+01
   6.1698320e+06   5.4565430e+01
   6.1698480e+06   1.3458252e+02
   6.1698750e+06   7.3059082e+01
   6.1698850e+06   5.7250977e+01
   6.1699060e+06   5.2856445e+01
   6.1699340e+06   5.6091309e+01
   6.1699580e+06   3.7475586e+01
   6.1699930e+06   3.8330078e+01
   6.1710250e+06   3.9672852e+01
   6.2079290e+06   1.0778809e+02
   6.2253180e+06   7.4890137e+01
   6.2253650e+06   3.7963867e+01
   6.2256150e+06   1.0778809e+02
   6.2376290e+06   7.9345703e+01
   6.2492530e+06   1.3146973e+02
   6.2492950e+06   4.4555664e+01
   6.2493060e+06   5.8349609e+01
   6.2493210e+06   1.0528564e+02
   6.2493660e+06   4.0527344e+01
   6.2493770e+06   5.7006836e+01
   6.2494320e+06   3.9001465e+01
   6.2494510e+06   3.8513184e+01
   6.2505480e+06   5.1452637e+01
   6.2509780e+06   3.7414551e+01
   6.2510080e+06   4.0039063e+01
   6.2774880e+06   3.6315918e+01
   6.3161510e+06   3.5827637e+01
   6.3490510e+06   1.2084961e+02
   6.3491520e+06   8.7341309e+01
   6.3491800e+06   9.5031738e+01
   6.3491990e+06   3.6987305e+01
   6.3654690e+06   1.0809326e+02
   6.3655560e+06   3.9428711e+01
   6.3775340e+06   3.5827637e+01
   6.3776750e+06   4.5532227e+01
   6.3783120e+06   3.7231445e+01
   6.3783980e+06   8.3557129e+01
   6.3784130e+06   1.1309814e+02
   6.3784860e+06   4.3273926e+01
   6.3995490e+06   3.7719727e+01
   6.3996560e+06   3.9062500e+01
   6.4001260e+06   4.3823242e+01
   6.4150570e+06   7.2143555e+01
   6.4189710e+06   3.5644531e+01
   6.4189900e+06   9.3933105e+01
   6.4190480e+06   4.3823242e+01
   6.4190630e+06   7.8125000e+01
   6.4191020e+06   8.3557129e+01
   6.4191450e+06   6.2744141e+01
   6.4191710e+06   6.5917969e+01
   6.4191930e+06   5.1757813e+01
   6.4192320e+06   4.6691895e+01
   6.4206640e+06   5.1757813e+01
   6.4209650e+06   7.6904297e+01
   6.4211330e+06   7.5622559e+01
   6.4825590e+06   8.1970215e+01
   6.4827780e+06   7.0190430e+01
   6.4871500e+06   8.7097168e+01
   6.4892690e+06   3.6071777e+01
   6.4988580e+06   1.2200928e+02
   6.5040980e+06   3.6926270e+01
   6.5321390e+06   7.9711914e+01
   6.5724680e+06   1.2542725e+02
   6.5725020e+06   8.4228516e+01
   6.5725770e+06   7.4096680e+01
   6.5726350e+06   5.9082031e+01
   6.5726870e+06   3.7597656e+01
   6.5727380e+06   4.6020508e+01
   6.5883430e+06   6.9702148e+01
   6.5887600e+06   1.0229492e+02
   6.5888020e+06   3.6987305e+01
   6.5888630e+06   3.5766602e+01
   6.6096060e+06   1.2823486e+02
   6.6190930e+06   3.6499023e+01
   6.6191480e+06   3.7231445e+01
   6.6191840e+06   7.6171875e+01
   6.6192120e+06   8.3740234e+01
   6.6192390e+06   3.9794922e+01
   6.6192620e+06   8.1237793e+01
   6.6192770e+06   6.0546875e+01
   6.6193170e+06   9.8876953e+01
   6.6193320e+06   7.1472168e+01
   6.6193630e+06   4.2297363e+01
   6.6206840e+06   5.2490234e+01
   6.6215780e+06   3.8330078e+01
   6.6438280e+06   3.6376953e+01
   6.6515670e+06   4.0771484e+01
   6.6515880e+06   9.0942383e+01
   6.6516130e+06   1.1883545e+02
   6.6516560e+06   7.7880859e+01
   6.6516740e+06   4.9255371e+01
   6.6517030e+06   4.6142578e+01
   6.6517150e+06   5.6274414e+01
   6.6526820e+06   5.3466797e+01
   6.6529140e+06   5.8898926e+01
   6.6529330e+06   9.0332031e+01
   6.6529610e+06   3.5522461e+01
   6.6540860e+06   3.5522461e+01
   6.6543150e+06   3.6621094e+01
   6.7386570e+06   8.6547852e+01
   6.7609610e+06   6.9458008e+01
   6.7610250e+06   1.3488770e+02
   6.7955680e+06   8.4106445e+01
   6.7956180e+06   3.9062500e+01
   6.7956700e+06   6.0546875e+01
   6.7997170e+06   7.8186035e+01
   6.7997440e+06   1.2548828e+02
   6.7997750e+06   6.5124512e+01
   6.7997870e+06   4.2358398e+01
   6.7998120e+06   1.0131836e+02
   6.7998390e+06   3.6437988e+01
   6.7998550e+06   6.6162109e+01
   6.7998980e+06   3.5705566e+01
   6.8007190e+06   3.6193848e+01
   6.8009860e+06   6.4941406e+01
   6.8010030e+06   3.8269043e+01
   6.8011580e+06   4.9560547e+01
   6.8013660e+06   5.1635742e+01
   6.8015670e+06   3.6621094e+01
   6.8658550e+06   8.4289551e+01
   6.8658740e+06   3.6865234e+01
   6.8744400e+06   3.6010742e+01
   6.8762810e+06   8.6791992e+01
   6.8763170e+06   1.1456299e+02
   6.8763450e+06   5.4382324e+01
   6.8763600e+06   9.8388672e+01
   6.8763720e+06   4.6386719e+01
   6.8764030e+06   4.8400879e+01
   6.8764490e+06   3.6315918e+01
   6.8764800e+06   4.2663574e+01
   6.8765360e+06   4.5654297e+01
   6.8774550e+06   3.9306641e+01
   6.8775500e+06   6.7993164e+01
   6.8775750e+06   4.2114258e+01
   6.8776460e+06   3.7902832e+01
   6.8776660e+06   3.9306641e+01
   6.8797390e+06   6.8115234e+01
   6.9644770e+06   3.8574219e+01
   6.9652650e+06   3.9428711e+01
   6.9966240e+06   9.4909668e+01
   7.0090870e+06   4.3151855e+01
   7.0207080e+06   8.2275391e+01
   7.0475250e+06   3.6926270e+01
   7.0477040e+06   3.5644531e+01
   7.0596980e+06   3.6132813e+01
   7.0831780e+06   4.0161133e+01
   7.0832790e+06   1.1590576e+02
   7.0967360e+06   4.2907715e+01
   7.0970730e+06   3.6621094e+01
   7.0972690e+06   3.7902832e+01
   7.1207710e+06   6.4453125e+01
   7.1208800e+06   5.9326172e+01
   7.1343030e+06   3.7231445e+01
   7.1343540e+06   3.7109375e+01
   7.1535060e+06   8.9721680e+01
   7.1729350e+06   1.3568115e+02
   7.2270910e+06   4.0649414e+01
   7.2271240e+06   4.7302246e+01
   7.2271430e+06   5.1696777e+01
   7.2271630e+06   1.1407471e+02
   7.2272790e+06   8.8073730e+01
   7.2273140e+06   8.7890625e+01
   7.2273640e+06   9.2834473e+01
   7.2273940e+06   3.6193848e+01
   7.2274060e+06   3.9306641e+01
   7.2274460e+06   4.2358398e+01
   7.2416800e+06   1.1584473e+02
   7.2417180e+06   3.9001465e+01
   7.2417610e+06   3.8208008e+01
   7.2417910e+06   4.1625977e+01
   7.2515850e+06   1.1267090e+02
   7.2842850e+06   1.4068604e+02
   7.2843220e+06   5.3894043e+01
   7.2843430e+06   1.0339355e+02
   7.2843600e+06   4.8645020e+01
   7.2843780e+06   4.1625977e+01
   7.2843910e+06   7.0312500e+01
   7.2844400e+06   5.0598145e+01
   7.2844770e+06   3.8879395e+01
   7.2845130e+06   3.9550781e+01
   7.2853170e+06   4.1137695e+01
   7.2854740e+06   7.3181152e+01
   7.2855030e+06   6.5246582e+01
   7.2855510e+06   4.2907715e+01
   7.2855670e+06   3.7719727e+01
   7.2872400e+06   9.7900391e+01
   7.2872990e+06   4.9560547e+01
   7.2873470e+06   4.0771484e+01
   7.4004230e+06   5.8227539e+01
   7.4066330e+06   3.8085938e+01
   7.4182450e+06   3.8452148e+01
   7.4183260e+06   3.8391113e+01
   7.4659750e+06   3.5827637e+01
   7.4662080e+06   3.9306641e+01
   7.4664150e+06   1.1163330e+02
   7.4664320e+06   4.2175293e+01
   7.4664780e+06   1.1096191e+02
   7.4665010e+06   7.6965332e+01
   7.4665360e+06   7.0068359e+01
   7.4665910e+06   3.6682129e+01
   7.5261470e+06   8.9904785e+01
   7.5261720e+06   3.8635254e+01
   7.5396310e+06   1.2280273e+02
   7.5397930e+06   3.6865234e+01
   7.5400010e+06   3.8452148e+01
   7.5400190e+06   4.8828125e+01
   7.5547020e+06   4.1198730e+01
   7.5547160e+06   4.4982910e+01
   7.5547270e+06   1.0314941e+02
   7.5547500e+06   4.3395996e+01
   7.5548240e+06   3.8024902e+01
   7.5548940e+06   7.3547363e+01
   7.5549350e+06   1.3220215e+02
   7.5549650e+06   5.2490234e+01
   7.5549820e+06   4.4982910e+01
   7.5550020e+06   4.7973633e+01
   7.5551040e+06   3.8513184e+01
   7.5559740e+06   5.3100586e+01
   7.5561800e+06   5.1208496e+01
   7.5562860e+06   7.2143555e+01
   7.5563790e+06   6.0058594e+01
   7.5563920e+06   5.0537109e+01
   7.5564500e+06   4.1687012e+01
   7.6108550e+06   1.0345459e+02
   7.6371290e+06   7.3913574e+01
   7.6524240e+06   9.0942383e+01
   7.6524770e+06   1.3220215e+02
   7.6542580e+06   1.4434814e+02
   7.6542690e+06   9.8388672e+01
   7.6543060e+06   5.7861328e+01
   7.6543360e+06   5.9509277e+01
   7.6543630e+06   5.7678223e+01
   7.6543740e+06   4.9682617e+01
   7.6544020e+06   3.6682129e+01
   7.6544420e+06   3.7414551e+01
   7.6553930e+06   5.5847168e+01
   7.6554990e+06   4.8645020e+01
   7.6555490e+06   3.8208008e+01
   7.7322480e+06   7.6965332e+01
   7.7729290e+06   8.2824707e+01
   7.7871910e+06   7.6660156e+01
   7.8115610e+06   8.8989258e+01
   7.8119030e+06   1.1303711e+02
   7.8127260e+06   1.2591553e+02
   7.8127470e+06   1.2823486e+02
   7.8127690e+06   4.2907715e+01
   7.8127840e+06   8.1542969e+01
   7.8128120e+06   6.3598633e+01
   7.8128350e+06   4.3762207e+01
   7.8128810e+06   4.9072266e+01
   7.8136360e+06   4.0954590e+01
   7.8139340e+06   4.0039063e+01
   7.8140840e+06   4.7424316e+01
   7.8141270e+06   5.1818848e+01
   7.8141730e+06   3.6560059e+01
   7.8141850e+06   3.9855957e+01
   7.8142590e+06   3.7841797e+01
   7.8161110e+06   7.4829102e+01
   7.8911620e+06   8.0871582e+01
   7.8913040e+06   5.6945801e+01
   7.8915330e+06   5.6640625e+01
   7.9260420e+06   1.1029053e+02
   7.9301400e+06   7.6965332e+01
   7.9302430e+06   6.2316895e+01
   7.9304510e+06   1.1651611e+02
   7.9361360e+06   7.9467773e+01
   7.9362020e+06   5.3649902e+01
   7.9931970e+06   1.1694336e+02
   7.9932170e+06   5.5969238e+01
   7.9932410e+06   5.5236816e+01
   7.9932670e+06   1.1315918e+02
   7.9933220e+06   7.8308105e+01
   7.9934430e+06   4.8278809e+01
   7.9934720e+06   6.4270020e+01
   7.9935290e+06   6.0119629e+01
   7.9935560e+06   4.5349121e+01
   7.9946200e+06   6.7382813e+01
   8.0151440e+06   1.2762451e+02
   8.0261300e+06   3.5644531e+01
   8.0268310e+06   3.7719727e+01
   8.0275520e+06   7.9772949e+01
   8.0405110e+06   8.0688477e+01
   8.0547950e+06   7.8979492e+01
   8.0591920e+06   6.5307617e+01
   8.0593890e+06   3.7292480e+01
   8.0594020e+06   6.5551758e+01
   8.0594880e+06   1.0906982e+02
   8.0595580e+06   9.4970703e+01
   8.0596150e+06   4.0100098e+01
   8.0748490e+06   7.6965332e+01
   8.1023450e+06   3.7353516e+01
   8.1033950e+06   3.5705566e+01
   8.1047230e+06   1.1334229e+02
   8.1047390e+06   7.2509766e+01
   8.1047630e+06   6.6162109e+01
   8.1047780e+06   7.8735352e+01
   8.1048380e+06   4.0954590e+01
   8.1048520e+06   6.1767578e+01
   8.1049050e+06   5.6884766e+01
   8.1049170e+06   3.7353516e+01
   8.1057720e+06   4.3334961e+01
   8.1060970e+06   7.4523926e+01
   8.1062240e+06   4.0344238e+01
   8.1113920e+06   3.9855957e+01
   8.1114130e+06   1.2457275e+02
   8.1115020e+06   6.5979004e+01
   8.1115140e+06   5.5541992e+01
   8.1115700e+06   6.5612793e+01
   8.1115860e+06   4.6325684e+01
   8.1126430e+06   3.6071777e+01
   8.1126920e+06   5.9509277e+01
   8.1127730e+06   3.9306641e+01
   8.1128910e+06   3.9062500e+01
   8.1758490e+06   8.1298828e+01
   8.2381700e+06   4.5471191e+01
   8.2526170e+06   1.2365723e+02
   8.2781180e+06   1.2841797e+02
   8.4250540e+06   4.0710449e+01
   8.4271620e+06   4.1442871e+01
   8.4545350e+06   3.5644531e+01
   8.4869010e+06   3.7231445e+01
   8.4869150e+06   4.1015625e+01
   8.5126150e+06   7.6477051e+01
   8.5127080e+06   7.3242187e+01
   8.5128230e+06   1.2969971e+02
   8.5128400e+06   3.9245605e+01
   8.5485580e+06   1.1431885e+02
   8.5486520e+06   4.0588379e+01
   8.5547020e+06   9.3322754e+01
   8.5795710e+06   1.2622070e+02
   8.5796350e+06   3.7292480e+01
   8.5896050e+06   3.9245605e+01
   8.6163900e+06   9.4055176e+01
   8.6164460e+06   1.0839844e+02
   8.6468340e+06   3.6621094e+01
   8.6480270e+06   2.0483398e+02
   8.6480540e+06   5.5603027e+01
   8.6480800e+06   4.3212891e+01
   8.6481060e+06   1.2255859e+02
   8.6481290e+06   4.3395996e+01
   8.6481480e+06   5.6457520e+01
   8.6481590e+06   4.1992188e+01
   8.6481860e+06   7.4890137e+01
   8.6482110e+06   4.4799805e+01
   8.6482220e+06   4.7058105e+01
   8.6482620e+06   3.7780762e+01
   8.6483020e+06   3.8391113e+01
   8.6492010e+06   6.2438965e+01
   8.6498440e+06   3.7109375e+01
   8.6500310e+06   3.6560059e+01
   8.7112770e+06   6.5307617e+01
   8.7317020e+06   7.5256348e+01
   8.7318380e+06   6.0913086e+01
   8.7341290e+06   7.6232910e+01
   8.7342650e+06   1.2225342e+02
   8.7343090e+06   3.8635254e+01
   8.7343300e+06   6.4514160e+01
   8.7343600e+06   4.1076660e+01
   8.7343720e+06   3.8330078e+01
   8.7343940e+06   5.1269531e+01
   8.7344230e+06   4.0527344e+01
   8.7344620e+06   3.5888672e+01
   8.7358340e+06   8.8623047e+01
   8.7358510e+06   6.4819336e+01
   8.7359190e+06   4.1381836e+01
   8.8121540e+06   6.3049316e+01
   8.8122980e+06   6.7260742e+01
   8.8349990e+06   4.7485352e+01
   8.8469050e+06   8.5083008e+01
   8.8598720e+06   7.6660156e+01
   8.8757060e+06   7.7331543e+01
   8.8757540e+06   3.8208008e+01
   8.8758060e+06   1.4477539e+02
   8.8758420e+06   3.7048340e+01
   8.8758690e+06   1.0980225e+02
   8.8759110e+06   3.6193848e+01
   8.8759240e+06   3.9123535e+01
   8.8759560e+06   7.4584961e+01
   8.8759660e+06   3.6621094e+01
   8.8760320e+06   3.8757324e+01
   8.8760430e+06   3.9367676e+01
   8.8760920e+06   3.8513184e+01
   8.8771600e+06   4.7424316e+01
   8.8917310e+06   9.6557617e+01
   8.8917710e+06   7.1105957e+01
   8.8917930e+06   1.1114502e+02
   8.8918250e+06   4.3273926e+01
   8.8918400e+06   3.9550781e+01
   8.8918500e+06   3.9489746e+01
   8.8918870e+06   4.2541504e+01
   8.8918980e+06   6.3842773e+01
   8.8919260e+06   4.2236328e+01
   8.8919550e+06   3.8452148e+01
   8.8929510e+06   4.7058105e+01
   8.8931630e+06   3.6193848e+01
   8.8932760e+06   1.0803223e+02
   8.8933150e+06   4.2236328e+01
   8.8933370e+06   4.2846680e+01
   8.9321940e+06   3.8879395e+01
   8.9797430e+06   1.3330078e+02
   8.9797770e+06   4.5837402e+01
   8.9798130e+06   5.4382324e+01
   8.9798330e+06   4.2846680e+01
   8.9798670e+06   3.8269043e+01
   8.9799160e+06   8.0688477e+01
   8.9799340e+06   4.5288086e+01
   8.9799560e+06   4.0405273e+01
   8.9800100e+06   3.9550781e+01
   8.9811370e+06   3.5888672e+01
   8.9811660e+06   7.6110840e+01
   8.9811980e+06   4.6936035e+01
   8.9812930e+06   8.9294434e+01
   8.9813710e+06   3.7109375e+01
   8.9814150e+06   3.6560059e+01
   8.9814380e+06   4.6142578e+01
   8.9937070e+06   3.7963867e+01
   8.9937340e+06   1.0626221e+02
   8.9937530e+06   7.4218750e+01
   8.9938010e+06   5.0048828e+01
   8.9938370e+06   4.5654297e+01
   8.9938560e+06   3.6437988e+01
   8.9946560e+06   3.9672852e+01
   8.9949010e+06   7.3913574e+01
   8.9950030e+06   5.6030273e+01
   8.9950940e+06   5.9936523e+01
   8.9951170e+06   5.3588867e+01
   8.9951720e+06   4.2541504e+01
   8.9952060e+06   4.3518066e+01
   9.0737390e+06   6.8908691e+01
   9.0739250e+06   6.2683105e+01
   9.1074740e+06   8.3251953e+01
   9.1173570e+06   4.0771484e+01
   9.1177740e+06   3.6499023e+01
   9.1188620e+06   1.3250732e+02
   9.1189200e+06   3.9428711e+01
   9.1189550e+06   3.5705566e+01
   9.1383980e+06   3.7353516e+01
   9.1735660e+06   3.6193848e+01
   9.1739890e+06   4.7546387e+01
   9.1741520e+06   4.0954590e+01
   9.1742830e+06   3.9245605e+01
   9.1946060e+06   7.2998047e+01
   9.1948150e+06   7.2692871e+01
   9.2061190e+06   4.1320801e+01
   9.2324880e+06   1.6491699e+02
   9.2325020e+06   6.2011719e+01
   9.2325280e+06   3.7780762e+01
   9.2325700e+06   3.6376953e+01
   9.2897920e+06   1.1633301e+02
   9.2910690e+06   8.7524414e+01
   9.3009700e+06   8.0993652e+01
   9.3135890e+06   6.8054199e+01
   9.3137160e+06   5.4077148e+01
   9.3352530e+06   4.2297363e+01
   9.3745090e+06   7.4645996e+01
   9.3972160e+06   3.6437988e+01
   9.3972610e+06   4.1809082e+01
   9.4124190e+06   1.0345459e+02
   9.4689500e+06   4.3640137e+01
   9.4984850e+06   7.2143555e+01
   9.4986310e+06   6.5551758e+01
   9.4988630e+06   6.5490723e+01
   9.4989450e+06   6.3354492e+01
   9.4989690e+06   1.1218262e+02
   9.5034040e+06   1.3262939e+02
   9.5034970e+06   9.7717285e+01
   9.5035500e+06   3.6132813e+01
   9.5397300e+06   1.3647461e+02
   9.5399300e+06   3.6926270e+01
   9.5944810e+06   8.7036133e+01
   9.5952010e+06   1.2304688e+02
   9.5952970e+06   4.4372559e+01
   9.6561770e+06   1.1273193e+02
   9.6567640e+06   4.0039063e+01
   9.6568130e+06   7.5256348e+01
   9.6568280e+06   1.2530518e+02
   9.6568410e+06   3.7170410e+01
   9.6568530e+06   4.4738770e+01
   9.6568700e+06   7.0312500e+01
   9.6568800e+06   4.1809082e+01
   9.6569000e+06   3.5827637e+01
   9.6569300e+06   7.3303223e+01
   9.6569810e+06   3.9245605e+01
   9.6583890e+06   7.2143555e+01
   9.6584240e+06   3.7475586e+01
   9.6584530e+06   7.0312500e+01
   9.6584970e+06   3.5522461e+01
   9.6585270e+06   4.3945313e+01
   9.6585500e+06   4.4860840e+01
   9.6585910e+06   5.8654785e+01
   9.7439630e+06   4.4433594e+01
   9.7443170e+06   6.9519043e+01
   9.7729780e+06   8.1359863e+01
   9.7850560e+06   3.5766602e+01
   9.7932490e+06   1.2322998e+02
   9.8020950e+06   4.9926758e+01
   9.8021520e+06   9.9914551e+01
   9.8021840e+06   1.0125732e+02
   9.8022280e+06   7.0495605e+01
   9.8022500e+06   1.0443115e+02
   9.8022670e+06   4.3457031e+01
   9.8022960e+06   5.7678223e+01
   9.8023220e+06   4.7851563e+01
   9.8023510e+06   4.8767090e+01
   9.8024730e+06   3.6132813e+01
   9.8033440e+06   4.1320801e+01
   9.8036720e+06   6.4025879e+01
   9.8037510e+06   4.4616699e+01
   9.8741670e+06   8.3435059e+01
   9.8741800e+06   1.2268066e+02
   9.8742520e+06   8.2031250e+01
   9.8742720e+06   4.6508789e+01
   9.8742900e+06   3.7353516e+01
   9.8743010e+06   8.2763672e+01
   9.8743350e+06   4.0771484e+01
   9.8743490e+06   4.6997070e+01
   9.8744590e+06   3.6437988e+01
   9.8753200e+06   5.3100586e+01
   9.8754900e+06   7.6232910e+01
   9.8755470e+06   7.4890137e+01
   9.8756320e+06   4.8522949e+01
   9.8756480e+06   4.7485352e+01
   9.8757770e+06   3.6621094e+01
   9.8766840e+06   3.7597656e+01
   9.8777040e+06   3.5888672e+01
   9.9712600e+06   6.0729980e+01
   9.9714400e+06   6.6589355e+01
   9.9813050e+06   3.9001465e+01
   9.9829290e+06   7.2143555e+01
   1.0008545e+07   3.6682129e+01
   1.0081926e+07   3.9733887e+01
   1.0082478e+07   1.0766602e+02
   1.0082593e+07   8.3435059e+01
   1.0092503e+07   4.0588379e+01
   1.0092558e+07   4.1687012e+01
   1.0124874e+07   3.6437988e+01
   1.0124887e+07   1.1785889e+02
   1.0124915e+07   5.7617188e+01
   1.0124927e+07   1.5362549e+02
   1.0124952e+07   7.2631836e+01
   1.0124976e+07   1.0345459e+02
   1.0125007e+07   3.6865234e+01
   1.0125017e+07   4.8828125e+01
   1.0125033e+07   4.5593262e+01
   1.0125961e+07   4.0649414e+01
   1.0126050e+07   6.6101074e+01
   1.0126128e+07   7.3547363e+01
   1.0126217e+07   7.7758789e+01
   1.0126253e+07   3.7414551e+01
   1.0126274e+07   3.5766602e+01
   1.0192287e+07   7.7758789e+01
   1.0247911e+07   3.6193848e+01
   1.0257816e+07   1.1364746e+02
   1.0269696e+07   3.6132813e+01
   1.0271239e+07   1.0729980e+02
   1.0271266e+07   6.3049316e+01
   1.0284520e+07   6.4147949e+01
   1.0284656e+07   5.9265137e+01
   1.0287706e+07   3.8818359e+01
   1.0317309e+07   7.6354980e+01
   1.0346601e+07   4.0222168e+01
   1.0370991e+07   7.6843262e+01
   1.0371330e+07   3.6254883e+01
   1.0426115e+07   3.6010742e+01
   1.0454616e+07   1.2194824e+02
   1.0454654e+07   3.9611816e+01
   1.0478508e+07   3.5766602e+01
   1.0493366e+07   7.8125000e+01
   1.0520422e+07   4.4799805e+01
   1.0575618e+07   3.8879395e+01
   1.0598126e+07   3.5827637e+01
   1.0598179e+07   8.6364746e+01
   1.0598218e+07   1.3330078e+02
   1.0598242e+07   3.7231445e+01
   1.0598258e+07   1.3049316e+02
   1.0598297e+07   6.8847656e+01
   1.0598332e+07   5.3405762e+01
   1.0599471e+07   4.2114258e+01
   1.0599796e+07   7.6110840e+01
   1.0599907e+07   5.0720215e+01
   1.0599945e+07   5.2490234e+01
   1.0599962e+07   3.7231445e+01
   1.0599988e+07   3.6132813e+01
   1.0703248e+07   1.0644531e+02
   1.0703284e+07   3.7475586e+01
   1.0703328e+07   7.7697754e+01
   1.0713943e+07   8.6608887e+01
   1.0788924e+07   4.7485352e+01
   1.0809106e+07   3.6682129e+01
   1.0853529e+07   9.2163086e+01
   1.0853579e+07   5.9265137e+01
   1.0853605e+07   1.4855957e+02
   1.0853632e+07   3.8024902e+01
   1.0853649e+07   6.3354492e+01
   1.0853689e+07   4.9621582e+01
   1.0853702e+07   6.4270020e+01
   1.0855189e+07   9.8999023e+01
   1.0855265e+07   6.7138672e+01
   1.0855297e+07   3.5949707e+01
   1.0855311e+07   4.6936035e+01
   1.0855334e+07   4.2480469e+01
   1.0855368e+07   4.1809082e+01
   1.0865053e+07   1.1254883e+02
   1.0865125e+07   8.1909180e+01
   1.0865139e+07   9.0026855e+01
   1.0865180e+07   3.8513184e+01
   1.0865197e+07   4.1564941e+01
   1.0865239e+07   3.7414551e+01
   1.0866071e+07   3.8330078e+01
   1.0866152e+07   4.0954590e+01
   1.0972798e+07   7.2509766e+01
   1.0972894e+07   5.7250977e+01
   1.0973019e+07   3.9550781e+01
   1.0988336e+07   6.2805176e+01
   1.1009058e+07   7.0739746e+01
   1.1009219e+07   6.9396973e+01
   1.1078213e+07   3.9428711e+01
   1.1095327e+07   3.7170410e+01
   1.1095509e+07   3.7963867e+01
   1.1113190e+07   3.9794922e+01
   1.1128495e+07   3.8696289e+01
   1.1179919e+07   4.3090820e+01
   1.1180030e+07   5.0354004e+01
   1.1180458e+07   7.1899414e+01
   1.1199230e+07   1.2371826e+02
   1.1242028e+07   3.5644531e+01
   1.1267895e+07   4.4982910e+01
   1.1268358e+07   3.7902832e+01
   1.1268445e+07   5.6030273e+01
   1.1268487e+07   4.3640137e+01
   1.1268526e+07   8.3435059e+01
   1.1268559e+07   1.1682129e+02
   1.1268599e+07   6.9641113e+01
   1.1268612e+07   5.9997559e+01
   1.1268687e+07   4.6936035e+01
   1.1269676e+07   6.9946289e+01
   1.1269882e+07   3.8024902e+01
   1.1335190e+07   8.3801270e+01
   1.1343496e+07   4.9560547e+01
   1.1357312e+07   1.1108398e+02
   1.1358822e+07   1.1315918e+02
   1.1358844e+07   4.5043945e+01
   1.1358871e+07   6.8847656e+01
   1.1358891e+07   4.9743652e+01
   1.1358924e+07   7.2448730e+01
   1.1358970e+07   3.8940430e+01
   1.1358994e+07   4.0283203e+01
   1.1360032e+07   7.4462891e+01
   1.1360064e+07   5.2612305e+01
   1.1360091e+07   5.1391602e+01
   1.1360103e+07   5.4443359e+01
   1.1360124e+07   4.0527344e+01
   1.1360154e+07   4.5227051e+01
   1.1368077e+07   1.1639404e+02
   1.1368102e+07   6.8176270e+01
   1.1368130e+07   1.1065674e+02
   1.1368141e+07   3.6926270e+01
   1.1368166e+07   5.1574707e+01
   1.1368179e+07   6.0485840e+01
   1.1368215e+07   4.5349121e+01
   1.1369142e+07   5.0415039e+01
   1.1369240e+07   4.6936035e+01
   1.1369352e+07   5.8227539e+01
   1.1370690e+07   5.0048828e+01
   1.1509211e+07   7.8308105e+01
   1.1567604e+07   4.1992188e+01
   1.1598130e+07   3.6010742e+01
   1.1598314e+07   4.4189453e+01
   1.1684059e+07   1.3122559e+02
   1.1684077e+07   8.8012695e+01
   1.1684124e+07   1.3482666e+02
   1.1684137e+07   3.5522461e+01
   1.1684155e+07   4.3334961e+01
   1.1684190e+07   5.6335449e+01
   1.1684234e+07   5.6152344e+01
   1.1684263e+07   4.1748047e+01
   1.1685147e+07   3.9611816e+01
   1.1685530e+07   3.5827637e+01
   1.1685561e+07   8.1726074e+01
   1.1685790e+07   6.1218262e+01
   1.1685938e+07   7.0007324e+01
   1.1685976e+07   3.5888672e+01
   1.1686068e+07   4.1381836e+01
   1.1799752e+07   3.7109375e+01
   1.1801084e+07   1.2121582e+02
   1.1801115e+07   5.7495117e+01
   1.1801142e+07   1.1462402e+02
   1.1801182e+07   5.8593750e+01
   1.1801196e+07   6.0607910e+01
   1.1801212e+07   6.0791016e+01
   1.1801248e+07   4.5776367e+01
   1.1801265e+07   4.1809082e+01
   1.1801281e+07   3.5766602e+01
   1.1802302e+07   8.1176758e+01
   1.1802383e+07   7.3303223e+01
   1.1802407e+07   3.6010742e+01
   1.1802472e+07   7.6965332e+01
   1.1802500e+07   3.7780762e+01
   1.1802551e+07   4.6325684e+01
   1.1802714e+07   3.5766602e+01
   1.1808908e+07   1.1950684e+02
   1.1808937e+07   4.9316406e+01
   1.1808961e+07   3.6132813e+01
   1.1808975e+07   7.4829102e+01
   1.1808990e+07   6.0058594e+01
   1.1809032e+07   5.1879883e+01
   1.1810031e+07   3.9001465e+01
   1.1810097e+07   3.6987305e+01
   1.1923549e+07   4.0344238e+01
   1.1930413e+07   1.0369873e+02
   1.1956499e+07   3.7414551e+01
