   1.1999000e+07   0.0000000e+00
   2.7870000e+04   2.7465820e+01
   1.4242000e+05   2.5634766e+01
   1.2789570e+06   2.7832031e+01
   1.4558090e+06   2.6794434e+01
   1.4864490e+06   2.6611328e+01
   1.7831260e+06   2.6794434e+01
   2.8980430e+06   2.6733398e+01
   2.8980700e+06   2.5634766e+01
   3.1237390e+06   2.8442383e+01
   3.3657300e+06   3.3325195e+01
   3.5447590e+06   2.5512695e+01
   3.7019280e+06   2.6062012e+01
   3.8027130e+06   2.5817871e+01
   3.9731330e+06   2.6245117e+01
   4.1971290e+06   2.8564453e+01
   4.7488450e+06   2.5756836e+01
   4.8888940e+06   2.5878906e+01
   5.4414720e+06   2.6245117e+01
   6.0098750e+06   2.6184082e+01
   6.7998730e+06   2.7099609e+01
   7.5550780e+06   2.5451660e+01
   7.8128640e+06   2.5634766e+01
   8.6933060e+06   2.5634766e+01
   8.7360670e+06   2.6672363e+01
   8.8919220e+06   2.5634766e+01
   8.8920060e+06   2.5512695e+01
   9.6570970e+06   2.5512695e+01
   1.0598339e+07   2.6733398e+01
   1.0853744e+07   2.7587891e+01
   1.1684418e+07   2.5390625e+01
