   1.1998000e+07   0.0000000e+00
   2.9180600e+05   5.9509277e+01
   2.9211000e+05   5.8081055e+01
   2.9634000e+05   5.3796387e+01
   2.9732800e+05   5.1177979e+01
   4.0540900e+05   6.7602539e+01
   4.0677500e+05   3.0230713e+01
   4.1018200e+05   5.3796387e+01
   4.1070600e+05   5.4986572e+01
   4.1103200e+05   5.6176758e+01
   4.1133300e+05   4.8083496e+01
   4.1160500e+05   4.4512939e+01
   4.1183600e+05   3.7133789e+01
   4.1203900e+05   3.5467529e+01
   4.1238400e+05   3.3801270e+01
   4.1295300e+05   2.9040527e+01
   4.1324000e+05   3.3325195e+01
   4.1367600e+05   3.6657715e+01
   4.1404900e+05   3.9038086e+01
   4.1445900e+05   4.1180420e+01
   4.1490700e+05   4.4512939e+01
   4.1538700e+05   4.0228271e+01
   4.1591500e+05   4.3084717e+01
   4.1705100e+05   4.0228271e+01
   5.0247000e+05   4.9749756e+01
   5.0253900e+05   2.8326416e+01
   5.0348700e+05   5.0701904e+01
   5.0557700e+05   5.6890869e+01
   5.0583600e+05   5.0939941e+01
   5.0624500e+05   3.7371826e+01
   5.0660400e+05   4.9511719e+01
   5.0679300e+05   4.7369385e+01
   5.0705000e+05   4.5465088e+01
   5.0733700e+05   3.2373047e+01
   5.0762500e+05   3.2611084e+01
   5.0793100e+05   3.7371826e+01
   5.0852200e+05   3.0706787e+01
   5.0876000e+05   3.2849121e+01
   5.0921200e+05   2.9992676e+01
   5.0962200e+05   2.9040527e+01
   5.0996100e+05   3.0944824e+01
   5.1042200e+05   3.7371826e+01
   5.1078000e+05   3.2849121e+01
   5.1106300e+05   2.9992676e+01
   5.1139300e+05   3.4991455e+01
   5.1173600e+05   3.7609863e+01
   5.1220500e+05   3.9038086e+01
   5.1281200e+05   4.5703125e+01
   5.1327800e+05   3.8800049e+01
   5.1381000e+05   4.2370605e+01
   5.1443200e+05   4.2846680e+01
   5.9444000e+05   5.5462646e+01
   5.9490200e+05   4.5227051e+01
   5.9560200e+05   5.2606201e+01
   5.9742700e+05   6.6412354e+01
   5.9900400e+05   4.9511719e+01
   5.9935800e+05   3.8323975e+01
   5.9964500e+05   4.5941162e+01
   5.9988500e+05   3.6181641e+01
   6.0010100e+05   4.1656494e+01
   6.0044400e+05   3.4277344e+01
   6.0061800e+05   4.3798828e+01
   6.0079700e+05   3.0944824e+01
   6.0182800e+05   3.9038086e+01
   6.0282200e+05   4.0942383e+01
   6.0308600e+05   3.1896973e+01
   6.0337700e+05   4.1894531e+01
   6.0367500e+05   3.4991455e+01
   6.0397000e+05   2.9992676e+01
   6.0435900e+05   2.8802490e+01
   6.0466300e+05   3.1420898e+01
   6.0528100e+05   3.6181641e+01
   6.0571500e+05   3.2135010e+01
   6.0613000e+05   3.5229492e+01
   6.0692100e+05   3.7371826e+01
   7.0331200e+05   7.1173096e+01
   7.0364400e+05   5.2844238e+01
   7.0405400e+05   5.7843018e+01
   7.0489100e+05   2.8326416e+01
   7.0613500e+05   5.0701904e+01
   7.0637000e+05   4.3084717e+01
   7.0666000e+05   4.8559570e+01
   7.0703400e+05   4.7607422e+01
   7.0729100e+05   4.5465088e+01
   7.0753800e+05   3.9038086e+01
   7.0771700e+05   4.0466309e+01
   7.0790200e+05   2.9754639e+01
   7.0819100e+05   2.8326416e+01
   7.0840200e+05   3.1182861e+01
   7.0867000e+05   3.3325195e+01
   7.0886700e+05   2.9992676e+01
   7.0942700e+05   2.8802490e+01
   7.0969200e+05   2.8802490e+01
   7.1016200e+05   3.0944824e+01
   7.1047100e+05   3.2611084e+01
   7.1092100e+05   3.4039307e+01
   7.1121200e+05   3.3563232e+01
   7.1163600e+05   3.2611084e+01
   7.1204200e+05   3.9276123e+01
   7.1273700e+05   4.3322754e+01
   7.1321000e+05   4.0942383e+01
   7.1366800e+05   4.5941162e+01
   7.1413400e+05   3.9038086e+01
   8.1505000e+05   3.1182861e+01
   8.6194200e+05   5.5938721e+01
   8.6240700e+05   5.4510498e+01
   8.6329100e+05   2.8564453e+01
   8.6383000e+05   5.2368164e+01
   8.6445600e+05   5.7366943e+01
   8.6505700e+05   5.1416016e+01
   8.6579900e+05   4.9273682e+01
   8.6614300e+05   4.8321533e+01
   8.6638800e+05   3.9276123e+01
   8.6674200e+05   4.9035645e+01
   8.6705800e+05   3.8800049e+01
   8.6732800e+05   4.1656494e+01
   8.6760900e+05   4.3560791e+01
   8.6793600e+05   3.4515381e+01
   8.6843600e+05   4.9035645e+01
   8.6872300e+05   3.6895752e+01
   8.6929200e+05   3.7847900e+01
   8.6969200e+05   4.5227051e+01
   8.7009300e+05   3.9038086e+01
   8.7039100e+05   3.5943604e+01
   8.7072100e+05   4.2846680e+01
   8.7121700e+05   3.8800049e+01
   8.7151900e+05   3.9990234e+01
   8.7197800e+05   3.8800049e+01
   8.7245900e+05   4.6417236e+01
   8.7285400e+05   4.0228271e+01
   8.7331100e+05   4.8559570e+01
   8.7424200e+05   4.3084717e+01
   9.4237900e+05   6.6888428e+01
   1.3686140e+06   2.8326416e+01
   1.3689250e+06   3.8323975e+01
   1.3708190e+06   5.9271240e+01
   1.3713200e+06   5.6652832e+01
   1.3716460e+06   4.8083496e+01
   1.3723050e+06   5.9033203e+01
   1.3730440e+06   5.2606201e+01
   1.3733250e+06   5.1892090e+01
   1.3735240e+06   4.6893311e+01
   1.3738570e+06   3.9514160e+01
   1.3741220e+06   3.5467529e+01
   1.3744470e+06   4.5465088e+01
   1.3746780e+06   3.1896973e+01
   1.3750060e+06   4.8797607e+01
   1.3754220e+06   4.2370605e+01
   1.3757470e+06   3.7371826e+01
   1.3761110e+06   4.0228271e+01
   1.3768560e+06   4.5941162e+01
   1.3775110e+06   4.6417236e+01
   1.4883740e+06   6.0461426e+01
   1.4885490e+06   2.9992676e+01
   1.4885760e+06   5.2368164e+01
   1.4913850e+06   6.3317871e+01
   1.4918660e+06   4.5703125e+01
   1.4927150e+06   4.7369385e+01
   1.4929650e+06   4.7845459e+01
   1.4935600e+06   4.8321533e+01
   1.4938780e+06   4.5703125e+01
   1.4941210e+06   4.6179199e+01
   1.4943880e+06   3.8562012e+01
   1.4945820e+06   4.1418457e+01
   1.4948710e+06   3.6657715e+01
   1.4952590e+06   2.9040527e+01
   1.4954160e+06   3.2373047e+01
   1.4956620e+06   3.4515381e+01
   1.4959010e+06   2.9754639e+01
   1.4960790e+06   3.2373047e+01
   1.4963370e+06   3.2611084e+01
   1.4969540e+06   4.1418457e+01
   1.4972980e+06   3.5467529e+01
   1.4975850e+06   3.4515381e+01
   1.4978410e+06   3.4039307e+01
   1.4982030e+06   3.4039307e+01
   1.4985210e+06   3.0944824e+01
   1.4988250e+06   4.4512939e+01
   1.4992300e+06   3.9752197e+01
   1.4995880e+06   2.9278564e+01
   1.4999230e+06   3.5467529e+01
   1.5003250e+06   3.1896973e+01
   1.5007170e+06   3.6419678e+01
   1.5026900e+06   4.0942383e+01
   1.6428100e+06   6.6888428e+01
   1.6480440e+06   4.5941162e+01
   1.6484580e+06   4.9273682e+01
   1.6487220e+06   5.1892090e+01
   1.6490200e+06   4.5465088e+01
   1.6493460e+06   4.1894531e+01
   1.6496700e+06   4.2370605e+01
   1.6499790e+06   5.0463867e+01
   1.6502300e+06   5.1654053e+01
   1.6505650e+06   4.3084717e+01
   1.6508830e+06   3.2849121e+01
   1.6511520e+06   2.9040527e+01
   1.6514250e+06   3.2611084e+01
   1.6517750e+06   3.4277344e+01
   1.6521350e+06   2.8564453e+01
   1.6524260e+06   3.7847900e+01
   1.6527080e+06   4.1418457e+01
   1.6530620e+06   3.2611084e+01
   1.6534600e+06   4.4750977e+01
   1.6540130e+06   3.3801270e+01
   1.7613220e+06   3.2849121e+01
   1.7628010e+06   5.1416016e+01
   1.7710170e+06   5.2606201e+01
   1.8764550e+06   4.9273682e+01
   1.8770230e+06   5.5938721e+01
   1.8782370e+06   4.8083496e+01
   2.0128110e+06   2.9516602e+01
   2.0140060e+06   5.9033203e+01
   2.0143960e+06   5.1416016e+01
   2.0169450e+06   5.5700684e+01
   2.1076970e+06   2.8088379e+01
   2.1085160e+06   2.8088379e+01
   2.3005050e+06   6.1413574e+01
   2.3011300e+06   5.6890869e+01
   2.3017170e+06   4.9273682e+01
   2.3037900e+06   5.1177979e+01
   2.6226930e+06   5.2606201e+01
   2.6237240e+06   5.2368164e+01
   2.6240910e+06   4.4989014e+01
   2.6246020e+06   5.4510498e+01
   2.6250120e+06   6.0223389e+01
   2.6254850e+06   4.9987793e+01
   2.6259130e+06   4.5465088e+01
   2.6261810e+06   4.1894531e+01
   2.6267390e+06   4.9273682e+01
   2.6271010e+06   4.2370605e+01
   2.6275070e+06   4.1418457e+01
   2.6283340e+06   4.4274902e+01
   2.7488780e+06   5.4272461e+01
   2.7509540e+06   5.6176758e+01
   2.7529280e+06   4.8321533e+01
   2.7532030e+06   5.2130127e+01
   2.7534260e+06   4.0466309e+01
   2.7537130e+06   4.1180420e+01
   2.7540620e+06   5.2368164e+01
   2.7543710e+06   4.4989014e+01
   2.7546320e+06   4.0704346e+01
   2.7551400e+06   3.2611084e+01
   2.7554010e+06   3.6657715e+01
   2.7556560e+06   4.6893311e+01
   2.7559800e+06   3.9514160e+01
   2.7564520e+06   4.8797607e+01
   2.7567990e+06   4.5941162e+01
   2.7571780e+06   4.4036865e+01
   2.7580420e+06   4.7607422e+01
   2.7584650e+06   4.3798828e+01
   2.7593890e+06   2.9040527e+01
   2.8938230e+06   4.1656494e+01
   2.8946470e+06   5.0225830e+01
   2.8953750e+06   4.8321533e+01
   2.8957620e+06   4.9273682e+01
   2.8982860e+06   4.8797607e+01
   3.0426250e+06   6.0223389e+01
   3.0462690e+06   5.7128906e+01
   3.2409060e+06   6.0461426e+01
   3.2414130e+06   2.9992676e+01
   3.2448040e+06   3.0706787e+01
   3.2455050e+06   5.3558350e+01
   3.2466040e+06   5.0225830e+01
   3.2469090e+06   5.1654053e+01
   3.2472290e+06   4.1180420e+01
   3.2474560e+06   4.7131348e+01
   3.2477390e+06   3.7371826e+01
   3.2480550e+06   3.8800049e+01
   3.2483460e+06   4.5465088e+01
   3.2485980e+06   4.6893311e+01
   3.2488110e+06   3.2849121e+01
   3.2490530e+06   3.2373047e+01
   3.2492120e+06   3.0230713e+01
   3.2494070e+06   3.8562012e+01
   3.2496980e+06   3.8323975e+01
   3.2499660e+06   3.9276123e+01
   3.2502280e+06   3.4991455e+01
   3.2508310e+06   3.9752197e+01
   3.2511340e+06   3.7371826e+01
   3.2514890e+06   3.7133789e+01
   3.2518190e+06   3.3087158e+01
   3.2522340e+06   3.0468750e+01
   3.2525980e+06   3.6895752e+01
   3.2530800e+06   3.8323975e+01
   3.2534860e+06   4.4989014e+01
   3.2539300e+06   3.7847900e+01
   3.3807580e+06   5.7128906e+01
   3.3809200e+06   5.4272461e+01
   3.3811170e+06   5.1654053e+01
   3.3814460e+06   5.0939941e+01
   3.3820190e+06   5.1892090e+01
   3.3826630e+06   5.1892090e+01
   3.3845280e+06   4.3560791e+01
   3.3849890e+06   4.8797607e+01
   3.3854220e+06   4.5465088e+01
   3.3857630e+06   4.7607422e+01
   3.3862050e+06   4.3084717e+01
   3.3865740e+06   4.6655273e+01
   3.3867900e+06   4.4512939e+01
   3.3871630e+06   4.5941162e+01
   3.3874800e+06   4.2370605e+01
   3.3877690e+06   4.0466309e+01
   3.3882020e+06   4.4989014e+01
   3.3884820e+06   4.3560791e+01
   3.3889440e+06   4.3798828e+01
   3.3893700e+06   4.0704346e+01
   3.3898220e+06   4.5227051e+01
   3.3903470e+06   4.2608643e+01
   3.3907750e+06   3.9990234e+01
   3.3915790e+06   4.8797607e+01
   3.3926670e+06   4.1656494e+01
   3.4421900e+06   6.2603760e+01
   3.4424360e+06   4.8559570e+01
   3.4473260e+06   5.1416016e+01
   3.4489170e+06   4.6179199e+01
   3.4505790e+06   4.9273682e+01
   3.5206280e+06   2.8326416e+01
   3.5213880e+06   4.9273682e+01
   3.5221780e+06   5.5700684e+01
   3.5230880e+06   5.5224609e+01
   3.5234390e+06   5.2844238e+01
   3.5257190e+06   5.2844238e+01
   3.5261860e+06   4.5227051e+01
   3.5271980e+06   4.7845459e+01
   3.5275740e+06   4.5227051e+01
   3.5278740e+06   4.1418457e+01
   3.5281750e+06   4.2608643e+01
   3.5285430e+06   4.3084717e+01
   3.5288370e+06   3.4991455e+01
   3.5292360e+06   4.5227051e+01
   3.5295540e+06   4.6179199e+01
   3.5300040e+06   4.4274902e+01
   3.5303330e+06   3.6895752e+01
   3.5307790e+06   3.5943604e+01
   3.5313600e+06   4.2608643e+01
   3.5318850e+06   3.9514160e+01
   3.6345780e+06   5.3082275e+01
   3.6348320e+06   5.2606201e+01
   3.6362940e+06   4.9987793e+01
   3.6369970e+06   4.8321533e+01
   3.6377180e+06   5.1654053e+01
   3.6383430e+06   5.0701904e+01
   3.6387900e+06   5.1416016e+01
   3.6391620e+06   3.9990234e+01
   3.6395830e+06   4.2846680e+01
   3.6401220e+06   4.9749756e+01
   3.6404490e+06   3.7847900e+01
   3.6406800e+06   3.0230713e+01
   3.6409500e+06   3.4515381e+01
   3.6412230e+06   3.2135010e+01
   3.6415180e+06   4.1180420e+01
   3.6418590e+06   4.1894531e+01
   3.6421830e+06   3.3325195e+01
   3.6424480e+06   4.1180420e+01
   3.6427360e+06   3.1182861e+01
   3.6431210e+06   3.6895752e+01
   3.6434850e+06   3.4991455e+01
   3.6439970e+06   4.0466309e+01
   3.6444530e+06   4.5227051e+01
   3.6452450e+06   4.3560791e+01
   3.6468210e+06   4.2608643e+01
   3.6891020e+06   5.1892090e+01
   3.6894070e+06   4.3560791e+01
   3.6897550e+06   5.1177979e+01
   3.6940550e+06   4.8797607e+01
   3.6957320e+06   4.2132568e+01
   3.6965930e+06   4.2608643e+01
   3.7232650e+06   5.4748535e+01
   3.8084690e+06   5.1177979e+01
   3.8092060e+06   4.9749756e+01
   3.8093660e+06   3.0468750e+01
   3.8094320e+06   5.7366943e+01
   3.8142310e+06   4.8797607e+01
   3.8146810e+06   4.6893311e+01
   3.8150970e+06   4.2608643e+01
   3.8154900e+06   4.9749756e+01
   3.8158640e+06   4.4989014e+01
   3.8162040e+06   4.6179199e+01
   3.8165520e+06   3.6657715e+01
   3.8169720e+06   3.4039307e+01
   3.8172840e+06   4.1656494e+01
   3.8176030e+06   3.5943604e+01
   3.8179130e+06   3.9752197e+01
   3.8183390e+06   3.6657715e+01
   3.8189510e+06   4.0704346e+01
   3.8197640e+06   4.5703125e+01
   3.8203390e+06   4.3322754e+01
   3.9206590e+06   5.1177979e+01
   3.9209820e+06   5.0225830e+01
   3.9263080e+06   4.4989014e+01
   3.9273730e+06   4.9987793e+01
   3.9278280e+06   5.5462646e+01
   3.9281440e+06   4.5465088e+01
   3.9284290e+06   4.1418457e+01
   3.9287280e+06   4.7131348e+01
   3.9290420e+06   4.4036865e+01
   3.9293040e+06   3.9038086e+01
   3.9295720e+06   4.3084717e+01
   3.9298750e+06   3.8800049e+01
   3.9301320e+06   3.5229492e+01
   3.9304300e+06   3.8323975e+01
   3.9306920e+06   3.4039307e+01
   3.9310170e+06   3.6419678e+01
   3.9313600e+06   3.7847900e+01
   3.9317570e+06   2.8326416e+01
   3.9322120e+06   2.8326416e+01
   4.0358840e+06   6.4270020e+01
   4.0366120e+06   6.1413574e+01
   4.0370650e+06   5.0701904e+01
   4.0401060e+06   4.4274902e+01
   4.0405840e+06   4.6893311e+01
   4.0413490e+06   4.9511719e+01
   4.0418390e+06   5.3320313e+01
   4.0422290e+06   5.2130127e+01
   4.0428060e+06   4.6417236e+01
   4.0433430e+06   4.9749756e+01
   4.0440410e+06   4.4750977e+01
   4.0444620e+06   4.5941162e+01
   4.0449010e+06   3.9990234e+01
   4.0454060e+06   4.1418457e+01
   4.0460800e+06   4.3560791e+01
   4.0468030e+06   4.0466309e+01
   4.2717480e+06   2.8088379e+01
   4.2720860e+06   5.2844238e+01
   4.2722140e+06   2.9278564e+01
   4.2726190e+06   5.9271240e+01
   4.2735600e+06   5.3082275e+01
   4.2740610e+06   4.6893311e+01
   4.2743850e+06   5.1177979e+01
   4.2746670e+06   4.4750977e+01
   4.2749590e+06   4.1180420e+01
   4.2753860e+06   4.2132568e+01
   4.2756640e+06   4.3560791e+01
   4.2758740e+06   3.4277344e+01
   4.2761230e+06   4.0704346e+01
   4.2763200e+06   4.0942383e+01
   4.2766450e+06   4.4750977e+01
   4.2769110e+06   3.8562012e+01
   4.2771940e+06   4.4512939e+01
   4.2773980e+06   3.4515381e+01
   4.2776220e+06   3.9276123e+01
   4.2778730e+06   3.8562012e+01
   4.2780920e+06   2.8088379e+01
   4.2784130e+06   3.8323975e+01
   4.2788620e+06   3.5705566e+01
   4.2790870e+06   3.8323975e+01
   4.2793070e+06   4.0466309e+01
   4.2796520e+06   2.9992676e+01
   4.2803020e+06   3.3801270e+01
   4.2806080e+06   3.5467529e+01
   4.2808830e+06   3.3087158e+01
   4.2812420e+06   3.8085938e+01
   4.2815750e+06   3.8085938e+01
   4.2819070e+06   3.8562012e+01
   4.2823200e+06   3.6419678e+01
   4.2827400e+06   3.7133789e+01
   4.2831820e+06   3.3325195e+01
   4.2838700e+06   4.9035645e+01
   4.2845250e+06   4.2132568e+01
   4.4444650e+06   5.8081055e+01
   4.4448080e+06   5.3320313e+01
   4.4449730e+06   4.4989014e+01
   4.4452810e+06   5.4272461e+01
   4.4454730e+06   5.4510498e+01
   4.4461880e+06   5.0225830e+01
   4.4465600e+06   4.4274902e+01
   4.4468160e+06   4.5227051e+01
   4.4471410e+06   4.2132568e+01
   4.4476760e+06   4.5703125e+01
   4.4479590e+06   3.5705566e+01
   4.4482370e+06   4.3322754e+01
   4.4484580e+06   3.5943604e+01
   4.4487390e+06   3.7609863e+01
   4.4490140e+06   4.1656494e+01
   4.4493550e+06   4.7369385e+01
   4.4497200e+06   3.4039307e+01
   4.4502910e+06   3.9752197e+01
   4.4507840e+06   3.7847900e+01
   4.4513390e+06   4.4036865e+01
   4.4519080e+06   4.2608643e+01
   4.4523280e+06   3.9990234e+01
   4.4527830e+06   4.1656494e+01
   4.4531880e+06   4.2608643e+01
   4.4540200e+06   4.2846680e+01
   4.4548280e+06   4.1418457e+01
   4.4564460e+06   4.1894531e+01
   4.6340420e+06   5.2844238e+01
   4.6342970e+06   4.7131348e+01
   4.6346100e+06   3.9752197e+01
   4.6364840e+06   5.3082275e+01
   4.6368590e+06   5.5938721e+01
   4.6372120e+06   5.0939941e+01
   4.6376410e+06   4.4036865e+01
   4.6379750e+06   4.7369385e+01
   4.6383230e+06   4.4750977e+01
   4.6386890e+06   3.6181641e+01
   4.6390010e+06   4.2370605e+01
   4.6393200e+06   4.7369385e+01
   4.6395660e+06   4.4274902e+01
   4.6398630e+06   4.0942383e+01
   4.6401850e+06   3.3563232e+01
   4.6404690e+06   4.3322754e+01
   4.6407320e+06   3.9514160e+01
   4.6411310e+06   4.2608643e+01
   4.6414550e+06   4.2608643e+01
   4.6419760e+06   4.6179199e+01
   4.6423690e+06   3.5705566e+01
   4.6428290e+06   3.9514160e+01
   4.6441240e+06   4.2132568e+01
   4.6446920e+06   3.7847900e+01
   4.6539460e+06   4.5227051e+01
   4.6912750e+06   5.9509277e+01
   4.6915140e+06   5.4510498e+01
   4.6917160e+06   5.3796387e+01
   4.6919570e+06   5.8081055e+01
   4.6924660e+06   4.1418457e+01
   4.6932710e+06   4.4274902e+01
   4.6940200e+06   5.5462646e+01
   4.6948800e+06   4.3560791e+01
   4.6955560e+06   3.6895752e+01
   4.6965040e+06   4.9035645e+01
   4.6968890e+06   3.6895752e+01
   4.6971680e+06   4.2132568e+01
   4.6975050e+06   3.7371826e+01
   4.6978390e+06   3.8323975e+01
   4.6982770e+06   3.5229492e+01
   4.6986540e+06   3.9038086e+01
   4.6990050e+06   3.6181641e+01
   4.6994120e+06   4.3798828e+01
   4.6998640e+06   4.2608643e+01
   4.7003340e+06   3.8562012e+01
   4.7008450e+06   4.0228271e+01
   4.7014130e+06   4.3084717e+01
   4.8248060e+06   5.7366943e+01
   4.8251060e+06   4.6893311e+01
   4.8255820e+06   4.9273682e+01
   4.8260630e+06   4.7131348e+01
   4.8272160e+06   5.1416016e+01
   4.8275010e+06   4.3560791e+01
   4.8278240e+06   4.5227051e+01
   4.8281250e+06   4.4274902e+01
   4.8283420e+06   4.4750977e+01
   4.8285730e+06   3.9990234e+01
   4.8287640e+06   4.4036865e+01
   4.8290060e+06   4.3798828e+01
   4.8294460e+06   2.9278564e+01
   4.8297800e+06   3.4515381e+01
   4.8300610e+06   3.6181641e+01
   4.8302910e+06   3.4515381e+01
   4.8305530e+06   4.0704346e+01
   4.8308460e+06   3.5229492e+01
   4.8312960e+06   4.2132568e+01
   4.8315550e+06   3.4753418e+01
   4.8319700e+06   3.8800049e+01
   4.8323070e+06   4.1894531e+01
   4.8327610e+06   3.4277344e+01
   4.8330910e+06   3.7371826e+01
   4.8334580e+06   4.1656494e+01
   4.8338780e+06   3.6657715e+01
   4.8343010e+06   3.4515381e+01
   4.8348130e+06   2.8326416e+01
   4.8353230e+06   3.7371826e+01
   4.8360450e+06   3.9038086e+01
   4.8365730e+06   3.8800049e+01
   4.8390260e+06   3.9990234e+01
   5.1450380e+06   5.1177979e+01
   5.1454550e+06   4.5227051e+01
   5.1458390e+06   5.6414795e+01
   5.1460780e+06   4.9273682e+01
   5.1465230e+06   3.5229492e+01
   5.1468040e+06   4.5465088e+01
   5.1475330e+06   4.4989014e+01
   5.1481420e+06   4.8559570e+01
   5.1485630e+06   4.4512939e+01
   5.1489150e+06   4.5465088e+01
   5.1491960e+06   4.7131348e+01
   5.1496780e+06   3.9514160e+01
   5.1500200e+06   4.0704346e+01
   5.1503240e+06   4.1656494e+01
   5.1506670e+06   3.5705566e+01
   5.1509570e+06   4.3560791e+01
   5.1513230e+06   3.4991455e+01
   5.1517130e+06   4.4989014e+01
   5.3507050e+06   5.5462646e+01
   5.3508810e+06   6.1651611e+01
   5.3511160e+06   5.8557129e+01
   5.3514450e+06   4.4274902e+01
   5.3517010e+06   4.9987793e+01
   5.3519710e+06   4.2846680e+01
   5.3526290e+06   4.3322754e+01
   5.3530910e+06   4.3560791e+01
   5.3535970e+06   4.5227051e+01
   5.3539110e+06   4.4512939e+01
   5.3541520e+06   4.8559570e+01
   5.3544000e+06   3.9990234e+01
   5.3546030e+06   4.1418457e+01
   5.3548100e+06   3.6895752e+01
   5.3550780e+06   4.1180420e+01
   5.3554230e+06   3.1658936e+01
   5.3557190e+06   4.0228271e+01
   5.3559860e+06   3.7609863e+01
   5.3562990e+06   3.3087158e+01
   5.3566070e+06   3.6895752e+01
   5.3568470e+06   4.0228271e+01
   5.3571580e+06   3.4991455e+01
   5.3574470e+06   3.9276123e+01
   5.3578290e+06   4.3560791e+01
   5.3581940e+06   3.9752197e+01
   5.3585140e+06   3.2373047e+01
   5.3592100e+06   3.9514160e+01
   5.3597750e+06   3.4991455e+01
   5.3604630e+06   3.7847900e+01
   5.3610280e+06   3.4515381e+01
   5.3614560e+06   3.7371826e+01
   5.3619620e+06   3.9038086e+01
   5.3624370e+06   3.6181641e+01
   5.3636850e+06   3.5705566e+01
   5.3644070e+06   3.9038086e+01
   5.5232540e+06   5.7604980e+01
   5.5234350e+06   5.1892090e+01
   5.5236550e+06   4.3084717e+01
   5.5238590e+06   5.4748535e+01
   5.5245340e+06   4.5465088e+01
   5.5248360e+06   5.5462646e+01
   5.5252800e+06   4.3560791e+01
   5.5255410e+06   4.0228271e+01
   5.5257250e+06   4.5465088e+01
   5.5259840e+06   4.6179199e+01
   5.5261650e+06   4.2370605e+01
   5.5263670e+06   3.6657715e+01
   5.5267030e+06   3.9752197e+01
   5.5268660e+06   3.2611084e+01
   5.5270840e+06   2.9754639e+01
   5.5272900e+06   4.7369385e+01
   5.5274730e+06   3.5705566e+01
   5.5276420e+06   2.8564453e+01
   5.5281600e+06   3.5943604e+01
   5.5284220e+06   3.0468750e+01
   5.5286050e+06   2.9754639e+01
   5.5288000e+06   3.1182861e+01
   5.5290040e+06   3.6419678e+01
   5.5292400e+06   3.2849121e+01
   5.5294650e+06   3.8562012e+01
   5.5297630e+06   3.1420898e+01
   5.5299500e+06   2.9754639e+01
   5.5301720e+06   2.8326416e+01
   5.5303750e+06   2.8564453e+01
   5.5306100e+06   2.9754639e+01
   5.5308630e+06   2.9992676e+01
   5.5310770e+06   2.8564453e+01
   5.5312940e+06   3.1896973e+01
   5.5315580e+06   2.8802490e+01
   5.5318640e+06   3.5229492e+01
   5.5321140e+06   3.1182861e+01
   5.5324030e+06   2.8326416e+01
   5.5326570e+06   3.0468750e+01
   5.5328800e+06   2.8564453e+01
   5.5331450e+06   2.9040527e+01
   5.5333970e+06   2.9516602e+01
   5.5339660e+06   3.1420898e+01
   5.5342250e+06   3.1182861e+01
   5.5344790e+06   3.2135010e+01
   5.5350950e+06   3.7609863e+01
   5.5353450e+06   3.2849121e+01
   5.5356890e+06   3.4515381e+01
   5.5360240e+06   3.3087158e+01
   5.5364790e+06   3.2611084e+01
   5.5367680e+06   4.4512939e+01
   5.5370850e+06   3.4039307e+01
   5.5374390e+06   3.2611084e+01
   5.5377630e+06   2.8088379e+01
   5.5381530e+06   3.5705566e+01
   5.5385490e+06   3.0230713e+01
   5.5388590e+06   3.6419678e+01
   5.5392660e+06   3.3087158e+01
   5.5395900e+06   3.7133789e+01
   5.5400500e+06   3.7371826e+01
   5.5404010e+06   3.6419678e+01
   5.5407710e+06   3.2135010e+01
   5.5412360e+06   3.4991455e+01
   5.5416750e+06   3.9752197e+01
   5.5422670e+06   3.6419678e+01
   5.5433900e+06   3.3087158e+01
   5.5452750e+06   3.7847900e+01
   5.5469840e+06   3.3087158e+01
   5.6543410e+06   5.3796387e+01
   5.6545160e+06   5.9747314e+01
   5.6548190e+06   4.9511719e+01
   5.6550700e+06   3.6181641e+01
   5.6552350e+06   5.2606201e+01
   5.6556460e+06   4.7369385e+01
   5.6558010e+06   5.0939941e+01
   5.6562280e+06   4.6893311e+01
   5.6565180e+06   4.3322754e+01
   5.6567810e+06   4.4750977e+01
   5.6570300e+06   2.9754639e+01
   5.6573990e+06   3.8085938e+01
   5.6577470e+06   3.2611084e+01
   5.6579790e+06   4.5941162e+01
   5.6582610e+06   4.2132568e+01
   5.6584570e+06   4.1180420e+01
   5.6587150e+06   4.1180420e+01
   5.6589970e+06   3.7847900e+01
   5.6593110e+06   3.1896973e+01
   5.6595240e+06   3.0468750e+01
   5.6598400e+06   4.1656494e+01
   5.6600940e+06   3.7133789e+01
   5.6603620e+06   3.7133789e+01
   5.6606460e+06   3.7609863e+01
   5.6609770e+06   3.5467529e+01
   5.6612190e+06   2.8088379e+01
   5.6615480e+06   2.9516602e+01
   5.6618580e+06   3.6419678e+01
   5.6623030e+06   3.7847900e+01
   5.6627200e+06   4.0228271e+01
   5.6630050e+06   3.5467529e+01
   5.6634940e+06   4.1418457e+01
   5.6638480e+06   4.2132568e+01
   5.6641660e+06   3.2849121e+01
   5.6646520e+06   3.7371826e+01
   5.6650280e+06   3.8323975e+01
   5.6654060e+06   3.1182861e+01
   5.6658250e+06   3.6657715e+01
   5.6663850e+06   3.8085938e+01
   5.6668360e+06   4.0466309e+01
   5.6674940e+06   3.7371826e+01
   5.6682450e+06   4.3084717e+01
   5.6688280e+06   3.7609863e+01
   5.6700140e+06   3.4515381e+01
   5.6919980e+06   5.2844238e+01
   5.6923100e+06   4.8321533e+01
   5.6925040e+06   4.7607422e+01
   5.6927050e+06   5.2844238e+01
   5.6930120e+06   4.3084717e+01
   5.6932790e+06   3.8562012e+01
   5.6935480e+06   3.6657715e+01
   5.6941330e+06   3.9276123e+01
   5.6950740e+06   3.7371826e+01
   5.6955090e+06   4.3084717e+01
   5.6960810e+06   4.3084717e+01
   5.6966480e+06   3.1182861e+01
   5.6972130e+06   3.9276123e+01
   5.6975970e+06   3.6181641e+01
   5.6979770e+06   4.2370605e+01
   5.6983880e+06   4.0942383e+01
   5.6987740e+06   4.1180420e+01
   5.6991460e+06   3.7847900e+01
   5.6995040e+06   3.2611084e+01
   5.6998870e+06   3.7371826e+01
   5.7004070e+06   3.2135010e+01
   5.7008810e+06   3.5467529e+01
   5.7013140e+06   3.9038086e+01
   5.7017880e+06   3.3563232e+01
   5.7031100e+06   3.5229492e+01
   5.7676310e+06   5.6176758e+01
   5.7679530e+06   4.6417236e+01
   5.7681970e+06   5.0225830e+01
   5.7684740e+06   4.5941162e+01
   5.7689110e+06   4.1656494e+01
   5.7690740e+06   4.4512939e+01
   5.7693800e+06   4.5227051e+01
   5.7698120e+06   3.8323975e+01
   5.7706000e+06   4.5465088e+01
   5.7717560e+06   3.7609863e+01
   5.7723380e+06   4.6179199e+01
   5.7725710e+06   4.4274902e+01
   5.7728320e+06   3.9038086e+01
   5.7732060e+06   3.8323975e+01
   5.7735060e+06   4.2370605e+01
   5.7738180e+06   3.8323975e+01
   5.7741530e+06   3.5229492e+01
   5.7744990e+06   3.1420898e+01
   5.7748350e+06   4.2132568e+01
   5.7751790e+06   4.2132568e+01
   5.7756280e+06   4.4274902e+01
   5.7759410e+06   3.4277344e+01
   5.7762690e+06   3.5943604e+01
   5.7767850e+06   3.5705566e+01
   5.7772540e+06   3.8562012e+01
   5.7779100e+06   3.7609863e+01
   5.7786280e+06   3.5705566e+01
   5.7810250e+06   4.4512939e+01
   5.8047760e+06   4.2370605e+01
   5.8452110e+06   4.9987793e+01
   5.8456600e+06   4.6893311e+01
   5.8458930e+06   4.2132568e+01
   5.9384880e+06   4.9987793e+01
   5.9388670e+06   4.3560791e+01
   5.9400480e+06   5.7604980e+01
   5.9433420e+06   5.2130127e+01
   6.0905470e+06   4.9987793e+01
   6.0909740e+06   3.9990234e+01
   6.0913540e+06   5.1177979e+01
   6.0945210e+06   4.3560791e+01
   6.0953030e+06   4.6417236e+01
   6.0957090e+06   4.8797607e+01
   6.0961560e+06   4.4274902e+01
   6.0966560e+06   4.3560791e+01
   6.0971810e+06   4.9035645e+01
   6.0978630e+06   4.7845459e+01
   6.1457320e+06   5.4034424e+01
   6.1464620e+06   3.0230713e+01
   6.2015690e+06   5.6176758e+01
   6.2049110e+06   4.8797607e+01
   6.2054380e+06   4.5941162e+01
   6.2057520e+06   4.6655273e+01
   6.2063400e+06   3.4991455e+01
   6.2067390e+06   4.2370605e+01
   6.2071190e+06   4.6655273e+01
   6.2074000e+06   4.2608643e+01
   6.2076780e+06   3.5467529e+01
   6.2079740e+06   4.0704346e+01
   6.2083400e+06   3.9276123e+01
   6.2087090e+06   3.9514160e+01
   6.2090670e+06   4.0942383e+01
   6.2093860e+06   3.5705566e+01
   6.2097130e+06   3.4515381e+01
   6.2100190e+06   3.7133789e+01
   6.2103800e+06   2.9992676e+01
   6.2108030e+06   3.3325195e+01
   6.2115040e+06   4.2608643e+01
   6.2944410e+06   5.4272461e+01
   6.2946470e+06   4.2846680e+01
   6.2952130e+06   4.9273682e+01
   6.2955740e+06   4.6179199e+01
   6.2958350e+06   4.3084717e+01
   6.2963460e+06   4.2370605e+01
   6.2966580e+06   2.8088379e+01
   6.2967600e+06   4.4512939e+01
   6.2971720e+06   4.4512939e+01
   6.2974000e+06   4.8797607e+01
   6.2982630e+06   4.3798828e+01
   6.2989430e+06   3.9276123e+01
   6.2992920e+06   4.2370605e+01
   6.2999430e+06   4.2370605e+01
   6.3003260e+06   3.7133789e+01
   6.3009480e+06   4.4989014e+01
   6.3013670e+06   4.6179199e+01
   6.3020360e+06   3.8323975e+01
   6.3025280e+06   4.6179199e+01
   6.3028570e+06   4.1180420e+01
   6.3031260e+06   4.4036865e+01
   6.3036140e+06   3.8800049e+01
   6.3039620e+06   3.8085937e+01
   6.3048880e+06   3.2135010e+01
   6.3052940e+06   3.5943604e+01
   6.3057700e+06   4.6417236e+01
   6.3068280e+06   3.5229492e+01
   6.3073870e+06   3.9514160e+01
   6.3078350e+06   3.5943604e+01
   6.3084180e+06   4.7845459e+01
   6.3089890e+06   4.1180420e+01
   6.3099300e+06   4.4989014e+01
   6.3512640e+06   4.8797607e+01
   6.3515230e+06   5.4986572e+01
   6.3518250e+06   4.3322754e+01
   6.3522640e+06   4.7131348e+01
   6.3530900e+06   4.8797607e+01
   6.3577370e+06   4.5227051e+01
   6.3583120e+06   3.9276123e+01
   6.3587500e+06   4.0228271e+01
   6.3590980e+06   4.0942383e+01
   6.3595530e+06   4.8321533e+01
   6.3600130e+06   3.8323975e+01
   6.3607890e+06   3.7371826e+01
   6.3614960e+06   3.3325195e+01
   6.4453650e+06   5.2844238e+01
   6.4455400e+06   4.9035645e+01
   6.4458820e+06   5.2368164e+01
   6.4460610e+06   4.1180420e+01
   6.4464100e+06   4.8083496e+01
   6.4467550e+06   5.0701904e+01
   6.4471340e+06   4.3084717e+01
   6.4475140e+06   4.2132568e+01
   6.4478160e+06   4.5227051e+01
   6.4488290e+06   4.5227051e+01
   6.4491360e+06   4.6179199e+01
   6.4495550e+06   4.6179199e+01
   6.4501400e+06   3.6181641e+01
   6.4506370e+06   4.2608643e+01
   6.4510140e+06   4.5703125e+01
   6.4514670e+06   4.0466309e+01
   6.4520090e+06   4.1656494e+01
   6.4526300e+06   5.0225830e+01
   6.4532070e+06   4.8559570e+01
   6.4539350e+06   3.7847900e+01
   6.4552480e+06   4.5227051e+01
   6.5436040e+06   4.4512939e+01
   6.5439560e+06   4.8797607e+01
   6.5444350e+06   5.6176758e+01
   6.5447970e+06   4.9273682e+01
   6.5451490e+06   4.7607422e+01
   6.5457750e+06   4.3084717e+01
   6.5460300e+06   4.9511719e+01
   6.5476650e+06   3.9514160e+01
   6.5483230e+06   3.9276123e+01
   6.5489920e+06   4.7369385e+01
   6.5498340e+06   4.4750977e+01
   6.5507900e+06   4.4036865e+01
   6.5513560e+06   4.2132568e+01
   6.5520680e+06   4.4036865e+01
   6.5525720e+06   3.9752197e+01
   6.5532150e+06   4.3322754e+01
   6.9229890e+06   4.8083496e+01
   6.9236030e+06   6.3555908e+01
   6.9272030e+06   5.1416016e+01
   7.0931520e+06   5.4034424e+01
   7.0934390e+06   4.5941162e+01
   7.0936250e+06   4.4274902e+01
   7.0937840e+06   5.7366943e+01
   7.0939820e+06   4.6893311e+01
   7.0941410e+06   4.7131348e+01
   7.0942930e+06   3.7609863e+01
   7.0946700e+06   4.6893311e+01
   7.0951860e+06   5.1654053e+01
   7.0959100e+06   3.6657715e+01
   7.0962500e+06   4.6893311e+01
   7.0965430e+06   5.5938721e+01
   7.0968450e+06   4.3560791e+01
   7.0971520e+06   4.6893311e+01
   7.0975440e+06   3.8800049e+01
   7.0978300e+06   3.9038086e+01
   7.0980740e+06   4.2846680e+01
   7.0983260e+06   3.8323975e+01
   7.0986620e+06   3.5943604e+01
   7.0989160e+06   4.2370605e+01
   7.0992580e+06   3.6181641e+01
   7.0996140e+06   3.6895752e+01
   7.0998780e+06   3.3087158e+01
   7.1002070e+06   4.2132568e+01
   7.1005250e+06   3.1182861e+01
   7.1009120e+06   3.1896973e+01
   7.1011910e+06   3.5229492e+01
   7.1016140e+06   3.4039307e+01
   7.1019170e+06   3.9514160e+01
   7.1023140e+06   3.1658936e+01
   7.1026620e+06   3.8562012e+01
   7.1030070e+06   3.8562012e+01
   7.1032860e+06   3.8800049e+01
   7.1036900e+06   3.4991455e+01
   7.1039830e+06   3.4039307e+01
   7.1042890e+06   4.0704346e+01
   7.1047210e+06   3.5943604e+01
   7.1051810e+06   3.4515381e+01
   7.1056900e+06   4.0466309e+01
   7.1061600e+06   3.7609863e+01
   7.1066090e+06   4.3322754e+01
   7.3077510e+06   4.7607422e+01
   7.3078990e+06   4.0704346e+01
   7.3081070e+06   3.9038086e+01
   7.3082430e+06   3.9276123e+01
   7.3084210e+06   4.0942383e+01
   7.3086180e+06   4.8083496e+01
   7.3087530e+06   3.2849121e+01
   7.3092000e+06   4.7845459e+01
   7.3094870e+06   4.3084717e+01
   7.3096880e+06   4.1894531e+01
   7.3099970e+06   4.1180420e+01
   7.3101600e+06   4.0704346e+01
   7.3103380e+06   2.9754639e+01
   7.3105490e+06   4.5703125e+01
   7.3107560e+06   4.5227051e+01
   7.3109740e+06   3.3801270e+01
   7.3112230e+06   3.7847900e+01
   7.3114660e+06   4.2132568e+01
   7.3117470e+06   2.9754639e+01
   7.3120720e+06   4.5703125e+01
   7.3122700e+06   3.3801270e+01
   7.3124950e+06   3.2611084e+01
   7.3126790e+06   3.8800049e+01
   7.3131410e+06   3.3563232e+01
   7.3134130e+06   3.5229492e+01
   7.3137440e+06   3.3563232e+01
   7.3140340e+06   3.8562012e+01
   7.3143580e+06   3.4753418e+01
   7.3146590e+06   3.9276123e+01
   7.3150170e+06   2.9516602e+01
   7.3153310e+06   3.8085937e+01
   7.3157780e+06   3.2849121e+01
   7.3160710e+06   3.7847900e+01
   7.3164580e+06   3.0944824e+01
   7.3167580e+06   3.3563232e+01
   7.3171730e+06   4.0228271e+01
   7.3175980e+06   3.8562012e+01
   7.3179820e+06   3.4991455e+01
   7.3183400e+06   3.9990234e+01
   7.3187890e+06   4.0466309e+01
   7.3193290e+06   4.4274902e+01
   7.3196940e+06   3.4277344e+01
   7.3200670e+06   4.3560791e+01
   7.3204920e+06   3.7371826e+01
   7.3209180e+06   3.7133789e+01
   7.3213580e+06   3.6895752e+01
   7.3218910e+06   3.5705566e+01
   7.3224280e+06   3.6657715e+01
   7.3229020e+06   4.0942383e+01
   7.3234040e+06   4.0942383e+01
   7.3239170e+06   3.5229492e+01
   7.3243720e+06   3.9514160e+01
   7.3253840e+06   3.7847900e+01
   7.3299460e+06   3.6181641e+01
   7.3318560e+06   4.0228271e+01
   7.3324770e+06   4.0704346e+01
   7.5133690e+06   4.1418457e+01
   7.5134920e+06   5.0463867e+01
   7.5136790e+06   4.1418457e+01
   7.5137960e+06   3.9990234e+01
   7.5139970e+06   4.5227051e+01
   7.5141610e+06   4.1180420e+01
   7.5144280e+06   4.5227051e+01
   7.5147040e+06   4.7607422e+01
   7.5148920e+06   4.1418457e+01
   7.5151350e+06   4.5227051e+01
   7.5153180e+06   3.9990234e+01
   7.5155360e+06   4.0704346e+01
   7.5157600e+06   3.5229492e+01
   7.5159580e+06   3.0706787e+01
   7.5161250e+06   3.4277344e+01
   7.5164180e+06   4.0466309e+01
   7.5167280e+06   3.7371826e+01
   7.5169450e+06   3.2611084e+01
   7.5171860e+06   3.3087158e+01
   7.5174340e+06   3.4515381e+01
   7.5176930e+06   3.4277344e+01
   7.5179700e+06   3.7847900e+01
   7.5181940e+06   3.4039307e+01
   7.5184460e+06   2.8802490e+01
   7.5187760e+06   3.5467529e+01
   7.5190230e+06   2.8088379e+01
   7.5193550e+06   4.3084717e+01
   7.5196310e+06   3.6181641e+01
   7.5200300e+06   3.0706787e+01
   7.5202840e+06   3.3801270e+01
   7.5206960e+06   3.4991455e+01
   7.5209730e+06   3.9276123e+01
   7.5212260e+06   3.5705566e+01
   7.5215360e+06   3.4991455e+01
   7.5218430e+06   4.0228271e+01
   7.5221370e+06   3.1182861e+01
   7.5224500e+06   3.5467529e+01
   7.5228010e+06   3.6419678e+01
   7.5231250e+06   3.5943604e+01
   7.5235010e+06   3.3087158e+01
   7.5238120e+06   4.4750977e+01
   7.5241700e+06   3.9276123e+01
   7.5244970e+06   3.5467529e+01
   7.5248330e+06   3.2849121e+01
   7.5251360e+06   3.5467529e+01
   7.5255640e+06   3.5467529e+01
   7.5259460e+06   3.4515381e+01
   7.5263920e+06   3.5705566e+01
   7.5270170e+06   3.8085937e+01
   7.5274620e+06   4.1418457e+01
   7.5281430e+06   3.1658936e+01
   7.5285800e+06   4.5703125e+01
   7.5298170e+06   3.7609863e+01
   7.5303560e+06   3.5229492e+01
   7.5918110e+06   4.4512939e+01
   7.5920180e+06   4.3322754e+01
   7.5923610e+06   4.9273682e+01
   7.5926440e+06   4.8083496e+01
   7.5928540e+06   4.9035645e+01
   7.5940650e+06   5.2130127e+01
   7.6858060e+06   5.8795166e+01
   7.6860410e+06   6.1413574e+01
   7.6862050e+06   4.3560791e+01
   7.6864480e+06   4.2846680e+01
   7.6868250e+06   4.7369385e+01
   7.6872790e+06   4.3798828e+01
   7.6875100e+06   4.1894531e+01
   7.6878640e+06   3.9038086e+01
   7.6881900e+06   3.5943604e+01
   7.6885250e+06   4.1656494e+01
   7.6888150e+06   4.5227051e+01
   7.6890900e+06   4.1418457e+01
   7.6893060e+06   4.1894531e+01
   7.6896410e+06   3.8323975e+01
   7.6896930e+06   2.9278564e+01
   7.6899390e+06   4.4036865e+01
   7.6901660e+06   3.9752197e+01
   7.6904480e+06   3.0944824e+01
   7.6906810e+06   3.7609863e+01
   7.6912370e+06   3.7371826e+01
   7.6915010e+06   3.4515381e+01
   7.6919620e+06   3.0944824e+01
   7.6922140e+06   3.4515381e+01
   7.6925010e+06   3.4515381e+01
   7.6928110e+06   3.5943604e+01
   7.6931230e+06   3.8323975e+01
   7.6935180e+06   3.1420898e+01
   7.6937910e+06   3.2135010e+01
   7.6941130e+06   3.9752197e+01
   7.6945160e+06   4.0942383e+01
   7.6948680e+06   4.0942383e+01
   7.6953570e+06   3.8323975e+01
   7.6957670e+06   3.1420898e+01
   7.6963210e+06   3.7133789e+01
   7.6967670e+06   4.0228271e+01
   7.6974870e+06   3.6181641e+01
   7.6980070e+06   3.9990234e+01
   7.7002720e+06   3.8085937e+01
   7.8859980e+06   5.4034424e+01
   7.8861840e+06   4.9035645e+01
   7.8863080e+06   2.8564453e+01
   7.8863950e+06   5.3320312e+01
   7.8866360e+06   4.7131348e+01
   7.8868590e+06   3.4039307e+01
   7.8873580e+06   4.1894531e+01
   7.8876820e+06   4.5941162e+01
   7.8878620e+06   3.9990234e+01
   7.8880520e+06   4.0228271e+01
   7.8884160e+06   4.9035645e+01
   7.8886310e+06   3.9514160e+01
   7.8888940e+06   3.8800049e+01
   7.8894200e+06   3.9752197e+01
   7.8896520e+06   4.6655273e+01
   7.8900540e+06   3.6657715e+01
   7.8904810e+06   4.1418457e+01
   7.8907850e+06   3.6419678e+01
   7.8911270e+06   3.9990234e+01
   7.8915130e+06   3.7847900e+01
   7.8919140e+06   4.3560791e+01
   7.8923430e+06   4.6417236e+01
   7.8927820e+06   3.5467529e+01
   7.8933180e+06   3.5943604e+01
   7.8937320e+06   3.8562012e+01
   7.8941860e+06   3.9038086e+01
   7.8952650e+06   4.2608643e+01
   7.8958830e+06   3.7609863e+01
   7.8965160e+06   3.4039307e+01
   7.8984560e+06   4.5703125e+01
   8.0918410e+06   4.4989014e+01
   8.0920240e+06   4.6179199e+01
   8.0921900e+06   2.9754639e+01
   8.0923480e+06   4.4989014e+01
   8.0938960e+06   5.2606201e+01
   8.0942800e+06   5.0701904e+01
   8.0944910e+06   3.6181641e+01
   8.0946580e+06   4.3084717e+01
   8.0951720e+06   4.7607422e+01
   8.0953740e+06   3.7371826e+01
   8.0955820e+06   4.1894531e+01
   8.0958200e+06   3.5705566e+01
   8.0959780e+06   3.3325195e+01
   8.0962050e+06   3.1658936e+01
   8.0963850e+06   4.1180420e+01
   8.0965890e+06   3.0706787e+01
   8.0967760e+06   3.8323975e+01
   8.0969780e+06   3.2849121e+01
   8.0971440e+06   3.2135010e+01
   8.0976030e+06   3.0230713e+01
   8.0981430e+06   3.1896973e+01
   8.0983930e+06   3.4991455e+01
   8.0986370e+06   3.5229492e+01
   8.0988470e+06   3.3801270e+01
   8.0990630e+06   3.4277344e+01
   8.0993390e+06   3.4277344e+01
   8.0996210e+06   3.0230713e+01
   8.0998700e+06   3.6895752e+01
   8.1001030e+06   2.8326416e+01
   8.1003400e+06   3.2611084e+01
   8.1005790e+06   2.9278564e+01
   8.1008280e+06   4.2370605e+01
   8.1010330e+06   2.8564453e+01
   8.1012570e+06   2.9516602e+01
   8.1015780e+06   2.9040527e+01
   8.1019120e+06   3.8323975e+01
   8.1021780e+06   3.5705566e+01
   8.1024100e+06   3.6181641e+01
   8.1026510e+06   3.6419678e+01
   8.1029320e+06   3.5943604e+01
   8.1032010e+06   3.3801270e+01
   8.1034960e+06   3.0944824e+01
   8.1037500e+06   3.9990234e+01
   8.1040110e+06   3.0468750e+01
   8.1042920e+06   3.4991455e+01
   8.1045590e+06   3.5943604e+01
   8.1048830e+06   3.0944824e+01
   8.1051940e+06   3.1182861e+01
   8.1055200e+06   3.2373047e+01
   8.1058730e+06   3.9276123e+01
   8.1063270e+06   3.3087158e+01
   8.1066270e+06   3.5467529e+01
   8.1070280e+06   3.0944824e+01
   8.1075010e+06   3.1420898e+01
   8.1078120e+06   3.4277344e+01
   8.1085080e+06   3.0468750e+01
   8.1089700e+06   3.4039307e+01
   8.1093090e+06   3.5705566e+01
   8.1096640e+06   2.8088379e+01
   8.1100730e+06   3.0944824e+01
   8.1107880e+06   3.6419678e+01
   8.1111720e+06   3.7847900e+01
   8.1117790e+06   3.1420898e+01
   8.1122230e+06   3.6181641e+01
   8.1128620e+06   4.3798828e+01
   8.1134030e+06   3.3801270e+01
   8.1138820e+06   3.7609863e+01
   8.1146530e+06   3.7133789e+01
   8.1159830e+06   2.8802490e+01
   8.2281370e+06   5.4986572e+01
   8.2283670e+06   4.2132568e+01
   8.2286770e+06   5.7128906e+01
   8.2289160e+06   4.2846680e+01
   8.2291370e+06   4.4036865e+01
   8.2294030e+06   4.0466309e+01
   8.2300930e+06   3.8085938e+01
   8.2304350e+06   4.9987793e+01
   8.2310000e+06   4.4750977e+01
   8.2312680e+06   4.0228271e+01
   8.2317380e+06   4.2846680e+01
   8.2320730e+06   4.2846680e+01
   8.2324510e+06   4.0228271e+01
   8.2328880e+06   4.0228271e+01
   8.2333430e+06   4.6655273e+01
   8.2336710e+06   3.6181641e+01
   8.2341910e+06   4.3322754e+01
   8.2346800e+06   3.7133789e+01
   8.2350560e+06   3.5705566e+01
   8.2354530e+06   2.8802490e+01
   8.2357950e+06   4.4750977e+01
   8.2363070e+06   3.4515381e+01
   8.2366670e+06   4.2846680e+01
   8.2371800e+06   3.7847900e+01
   8.2375810e+06   3.9514160e+01
   8.2379930e+06   3.8800049e+01
   8.2385280e+06   3.9990234e+01
   8.2389560e+06   3.7847900e+01
   8.2399650e+06   4.0704346e+01
   8.2421520e+06   3.5705566e+01
   8.2741080e+06   4.9511719e+01
   8.2743250e+06   5.0939941e+01
   8.2745620e+06   4.7369385e+01
   8.2754060e+06   4.5941162e+01
   8.2762930e+06   3.4039307e+01
   8.2779190e+06   4.5941162e+01
   8.2783670e+06   4.8083496e+01
   8.2787280e+06   3.7133789e+01
   8.2791650e+06   3.7847900e+01
   8.2797090e+06   4.2132568e+01
   8.2802320e+06   3.9752197e+01
   8.2805420e+06   3.8562012e+01
   8.2808390e+06   3.8085938e+01
   8.2812000e+06   3.5705566e+01
   8.2815970e+06   4.1894531e+01
   8.2818910e+06   3.9038086e+01
   8.2822380e+06   3.7371826e+01
   8.2825950e+06   3.9038086e+01
   8.2829930e+06   3.4039307e+01
   8.2833920e+06   3.4753418e+01
   8.2837910e+06   3.7847900e+01
   8.2842400e+06   3.7609863e+01
   8.2847170e+06   4.2370605e+01
   8.2855330e+06   3.5705566e+01
   8.3612900e+06   5.3558350e+01
   8.3615550e+06   4.6417236e+01
   8.3618070e+06   4.6655273e+01
   8.3620610e+06   5.2130127e+01
   8.3623970e+06   4.4989014e+01
   8.3628780e+06   4.4750977e+01
   8.3635780e+06   4.3798828e+01
   8.3637880e+06   3.9752197e+01
   8.3643600e+06   3.5467529e+01
   8.3649090e+06   4.1180420e+01
   8.3652790e+06   3.7847900e+01
   8.3656710e+06   3.7847900e+01
   8.3660030e+06   3.8562012e+01
   8.3664120e+06   4.2132568e+01
   8.3667990e+06   3.5705566e+01
   8.3672040e+06   4.3322754e+01
   8.3676350e+06   4.0228271e+01
   8.3680550e+06   4.4036865e+01
   8.3686550e+06   4.1418457e+01
   8.3691920e+06   4.1418457e+01
   8.3697470e+06   4.8083496e+01
   8.3708450e+06   4.4512939e+01
   8.3939680e+06   4.0228271e+01
   8.4035940e+06   4.7369385e+01
   8.5017660e+06   5.4034424e+01
   8.5020240e+06   4.3322754e+01
   8.5567510e+06   6.2841797e+01
   8.5572300e+06   5.2844238e+01
   8.6379750e+06   5.2844238e+01
   8.6383630e+06   5.4272461e+01
   8.6388130e+06   4.1180420e+01
   8.6411270e+06   4.2132568e+01
   8.6422100e+06   4.0228271e+01
   8.6430670e+06   4.0704346e+01
   8.6432850e+06   4.6893311e+01
   8.6435480e+06   3.9514160e+01
   8.6438620e+06   4.4036865e+01
   8.6441260e+06   3.1182861e+01
   8.6444440e+06   3.8323975e+01
   8.6447860e+06   3.7847900e+01
   8.6451400e+06   4.0704346e+01
   8.6454290e+06   4.3084717e+01
   8.6458020e+06   4.1656494e+01
   8.6461570e+06   3.2135010e+01
   8.6465000e+06   3.7847900e+01
   8.6468370e+06   3.4753418e+01
   8.6473630e+06   3.4277344e+01
   8.6477540e+06   3.5943604e+01
   8.6483270e+06   4.0228271e+01
   8.6493060e+06   4.1894531e+01
   8.7770700e+06   5.1177979e+01
   8.7773910e+06   4.2846680e+01
   8.7775840e+06   4.7607422e+01
   8.7778140e+06   4.6179199e+01
   8.7786680e+06   4.5465088e+01
   8.7790570e+06   4.6893311e+01
   8.8517450e+06   5.1654053e+01
   8.8519920e+06   4.1418457e+01
   8.8522740e+06   4.5465088e+01
   9.0209540e+06   5.1177979e+01
   9.0212700e+06   5.3320313e+01
   9.0216360e+06   4.2608643e+01
   9.0219290e+06   5.1654053e+01
   9.0228440e+06   2.8564453e+01
   9.1217350e+06   4.9749756e+01
   9.1220280e+06   5.1654053e+01
   9.1224280e+06   4.0704346e+01
   9.1238330e+06   4.7131348e+01
   9.1243720e+06   4.1180420e+01
   9.1247600e+06   4.7369385e+01
   9.1250960e+06   4.3798828e+01
   9.1253490e+06   3.5943604e+01
   9.1256060e+06   3.9038086e+01
   9.1259870e+06   3.5229492e+01
   9.1262660e+06   3.9038086e+01
   9.1266800e+06   3.9038086e+01
   9.1269280e+06   4.3560791e+01
   9.1273630e+06   3.5467529e+01
   9.1277920e+06   4.4036865e+01
   9.1281850e+06   3.5943604e+01
   9.1286700e+06   3.9038086e+01
   9.1291890e+06   4.3084717e+01
   9.1296190e+06   3.9514160e+01
   9.1302360e+06   4.3560791e+01
   9.1307490e+06   3.9276123e+01
   9.1315430e+06   3.8323975e+01
   9.4204710e+06   5.1654053e+01
   9.4207570e+06   5.0701904e+01
   9.4210680e+06   4.9749756e+01
   9.4213490e+06   3.9038086e+01
   9.4216930e+06   3.9990234e+01
   9.4220320e+06   4.7369385e+01
   9.4223400e+06   4.8797607e+01
   9.4226290e+06   4.1418457e+01
   9.4231890e+06   4.1656494e+01
   9.4248830e+06   4.4512939e+01
   9.4251810e+06   4.2370605e+01
   9.4262140e+06   4.8559570e+01
   9.4268550e+06   3.4753418e+01
   9.4275410e+06   4.0228271e+01
   9.4282100e+06   4.3798828e+01
   9.4288780e+06   4.2608643e+01
   9.4298380e+06   4.2608643e+01
   9.4303630e+06   5.1416016e+01
   9.6749310e+06   5.1892090e+01
   9.6751570e+06   4.8083496e+01
   9.6753120e+06   4.4989014e+01
   9.6754230e+06   2.9992676e+01
   9.6756730e+06   3.5229492e+01
   9.6758650e+06   4.1656494e+01
   9.6770470e+06   2.8802490e+01
   9.6782500e+06   3.7609863e+01
   9.6787780e+06   4.7369385e+01
   9.6794460e+06   3.3801270e+01
   9.6797540e+06   4.2608643e+01
   9.6804370e+06   3.8085937e+01
   9.6808370e+06   4.5465088e+01
   9.6812690e+06   3.8562012e+01
   9.6818740e+06   4.1894531e+01
   9.6823430e+06   4.8797607e+01
   9.6843890e+06   4.0704346e+01
   9.6854010e+06   4.2370605e+01
   9.7998430e+06   5.2130127e+01
   9.8000510e+06   4.6417236e+01
   9.8004710e+06   4.4274902e+01
   9.8007330e+06   4.5703125e+01
   9.8011230e+06   5.1416016e+01
   9.8020640e+06   4.5227051e+01
   9.8023660e+06   4.7607422e+01
   9.8027750e+06   4.2846680e+01
   9.8034930e+06   4.4036865e+01
   9.8037400e+06   3.4515381e+01
   9.8039440e+06   3.9276123e+01
   9.8042220e+06   3.9752197e+01
   9.8044350e+06   4.2132568e+01
   9.8047790e+06   3.9276123e+01
   9.8051600e+06   4.3084717e+01
   9.8054950e+06   3.6657715e+01
   9.8058220e+06   4.1180420e+01
   9.8061530e+06   4.3322754e+01
   9.8066080e+06   3.7133789e+01
   9.8070610e+06   3.9276123e+01
   9.8075560e+06   4.0228271e+01
   9.8082410e+06   3.3801270e+01
   9.8094070e+06   3.5229492e+01
   9.8340810e+06   4.7845459e+01
   9.8343450e+06   4.4274902e+01
   9.8346160e+06   5.8319092e+01
   9.8349600e+06   4.6179199e+01
   9.9666860e+06   5.5938721e+01
   9.9668300e+06   4.6417236e+01
   9.9670810e+06   3.9990234e+01
   9.9673700e+06   4.2608643e+01
   9.9675550e+06   4.6417236e+01
   9.9678370e+06   3.1896973e+01
   9.9682490e+06   2.9992676e+01
   9.9683210e+06   3.4753418e+01
   9.9685200e+06   4.7845459e+01
   9.9689560e+06   4.3798828e+01
   9.9691410e+06   5.1892090e+01
   9.9695190e+06   4.0942383e+01
   9.9697590e+06   3.7133789e+01
   9.9699520e+06   4.1894531e+01
   9.9702150e+06   2.8326416e+01
   9.9704340e+06   3.7847900e+01
   9.9706280e+06   3.6181641e+01
   9.9708590e+06   3.3325195e+01
   9.9710520e+06   3.6181641e+01
   9.9713640e+06   3.1658936e+01
   9.9715510e+06   3.4515381e+01
   9.9717700e+06   2.9278564e+01
   9.9720490e+06   3.1658936e+01
   9.9723430e+06   4.0228271e+01
   9.9726090e+06   3.5467529e+01
   9.9728850e+06   3.0468750e+01
   9.9732100e+06   2.9040527e+01
   9.9734170e+06   3.1658936e+01
   9.9737210e+06   3.3801270e+01
   9.9739980e+06   3.4753418e+01
   9.9742180e+06   2.8326416e+01
   9.9744190e+06   3.1658936e+01
   9.9751470e+06   3.1182861e+01
   9.9754310e+06   3.4039307e+01
   9.9757270e+06   3.1420898e+01
   9.9760360e+06   2.9040527e+01
   9.9762960e+06   3.4515381e+01
   9.9765800e+06   3.4515381e+01
   9.9768630e+06   3.1896973e+01
   9.9771290e+06   3.6419678e+01
   9.9774520e+06   3.4277344e+01
   9.9778120e+06   3.3801270e+01
   9.9781080e+06   3.5943604e+01
   9.9783790e+06   3.2373047e+01
   9.9788660e+06   3.4991455e+01
   9.9791910e+06   3.4991455e+01
   9.9795300e+06   3.5229492e+01
   9.9799950e+06   2.8326416e+01
   9.9803400e+06   3.7133789e+01
   9.9806820e+06   3.6657715e+01
   9.9810970e+06   3.2611084e+01
   9.9814890e+06   3.4515381e+01
   9.9818680e+06   3.0230713e+01
   9.9823040e+06   3.6895752e+01
   9.9830090e+06   3.7847900e+01
   9.9835010e+06   2.9040527e+01
   9.9842770e+06   3.0944824e+01
   9.9850520e+06   3.6657715e+01
   9.9859510e+06   3.3801270e+01
   9.9873750e+06   3.2373047e+01
   1.0095740e+07   4.9511719e+01
   1.0095950e+07   5.3558350e+01
   1.0096091e+07   4.1656494e+01
   1.0096240e+07   4.4274902e+01
   1.0096381e+07   4.0704346e+01
   1.0096676e+07   3.5705566e+01
   1.0096832e+07   3.9276123e+01
   1.0097069e+07   3.6181641e+01
   1.0097464e+07   3.2373047e+01
   1.0097638e+07   4.5465088e+01
   1.0097933e+07   3.6657715e+01
   1.0098327e+07   4.8559570e+01
   1.0098573e+07   3.7371826e+01
   1.0098779e+07   3.7371826e+01
   1.0099055e+07   3.7133789e+01
   1.0099436e+07   3.4515381e+01
   1.0099620e+07   3.7847900e+01
   1.0099843e+07   2.9278564e+01
   1.0100106e+07   3.8562012e+01
   1.0100317e+07   2.9040527e+01
   1.0100526e+07   3.4515381e+01
   1.0100843e+07   3.1182861e+01
   1.0101077e+07   3.5229492e+01
   1.0101290e+07   4.2132568e+01
   1.0101530e+07   3.3087158e+01
   1.0101794e+07   3.3563232e+01
   1.0102064e+07   3.6657715e+01
   1.0102337e+07   3.4277344e+01
   1.0102683e+07   3.0468750e+01
   1.0102939e+07   3.3563232e+01
   1.0103398e+07   3.7133789e+01
   1.0103724e+07   3.1896973e+01
   1.0104049e+07   3.6181641e+01
   1.0104341e+07   3.1420898e+01
   1.0104682e+07   2.8564453e+01
   1.0104966e+07   3.5943604e+01
   1.0105283e+07   3.3087158e+01
   1.0105570e+07   3.7133789e+01
   1.0105863e+07   2.9040527e+01
   1.0106206e+07   3.7609863e+01
   1.0106576e+07   4.0704346e+01
   1.0106992e+07   3.5705566e+01
   1.0107367e+07   3.4753418e+01
   1.0107735e+07   3.8562012e+01
   1.0108169e+07   3.0706787e+01
   1.0108572e+07   3.2611084e+01
   1.0109094e+07   3.1182861e+01
   1.0109537e+07   3.2849121e+01
   1.0110063e+07   3.5943604e+01
   1.0110556e+07   3.0230713e+01
   1.0111139e+07   3.1896973e+01
   1.0111702e+07   3.2373047e+01
   1.0112204e+07   3.2135010e+01
   1.0112757e+07   3.2373047e+01
   1.0113432e+07   3.7847900e+01
   1.0114101e+07   4.0466309e+01
   1.0189748e+07   4.8797607e+01
   1.0189964e+07   4.0704346e+01
   1.0190182e+07   5.6414795e+01
   1.0190349e+07   4.0228271e+01
   1.0190560e+07   3.2611084e+01
   1.0190817e+07   4.2846680e+01
   1.0191124e+07   3.3325195e+01
   1.0191404e+07   4.2132568e+01
   1.0191736e+07   3.9990234e+01
   1.0191931e+07   3.7847900e+01
   1.0192115e+07   3.9752197e+01
   1.0192305e+07   3.7609863e+01
   1.0193151e+07   4.4274902e+01
   1.0193572e+07   3.4277344e+01
   1.0193833e+07   3.2373047e+01
   1.0194266e+07   3.6657715e+01
   1.0194669e+07   3.4753418e+01
   1.0195069e+07   3.6657715e+01
   1.0195409e+07   3.4991455e+01
   1.0195722e+07   3.9752197e+01
   1.0196103e+07   3.2611084e+01
   1.0196551e+07   3.9038086e+01
   1.0196991e+07   3.6419678e+01
   1.0197437e+07   3.8323975e+01
   1.0197910e+07   3.9038086e+01
   1.0198396e+07   3.2373047e+01
   1.0198939e+07   3.8800049e+01
   1.0199493e+07   3.7133789e+01
   1.0200121e+07   3.7133789e+01
   1.0200784e+07   3.6657715e+01
   1.0201547e+07   3.7609863e+01
   1.0227840e+07   5.1416016e+01
   1.0228654e+07   4.6893311e+01
   1.0228909e+07   4.0942383e+01
   1.0229218e+07   4.4274902e+01
   1.0229489e+07   4.1894531e+01
   1.0229878e+07   3.7847900e+01
   1.0230212e+07   4.0466309e+01
   1.0230900e+07   3.6419678e+01
   1.0232688e+07   3.8562012e+01
   1.0326306e+07   5.1177979e+01
   1.0326553e+07   4.4512939e+01
   1.0326771e+07   4.3322754e+01
   1.0327002e+07   4.4750977e+01
   1.0327243e+07   3.9752197e+01
   1.0327604e+07   4.3560791e+01
   1.0328252e+07   3.1420898e+01
   1.0328589e+07   4.5465088e+01
   1.0328886e+07   4.9273682e+01
   1.0329517e+07   3.2135010e+01
   1.0329963e+07   3.5943604e+01
   1.0330447e+07   3.9276123e+01
   1.0331041e+07   3.3801270e+01
   1.0331477e+07   3.8085937e+01
   1.0331823e+07   3.4753418e+01
   1.0332392e+07   4.1180420e+01
   1.0333337e+07   3.4991455e+01
   1.0334176e+07   3.9038086e+01
   1.0335008e+07   3.4753418e+01
   1.0335682e+07   3.5229492e+01
   1.0338171e+07   4.1180420e+01
   1.0536556e+07   4.5703125e+01
   1.0536761e+07   5.2368164e+01
   1.0536984e+07   4.5465088e+01
   1.0537217e+07   3.3563232e+01
   1.0537517e+07   4.8321533e+01
   1.0538182e+07   4.1656494e+01
   1.0538828e+07   3.7609863e+01
   1.0539310e+07   4.4274902e+01
   1.0539732e+07   3.7847900e+01
   1.0540019e+07   4.4036865e+01
   1.0540575e+07   4.7607422e+01
   1.0540864e+07   4.3084717e+01
   1.0541275e+07   4.5227051e+01
   1.0541759e+07   3.7371826e+01
   1.0542310e+07   4.0704346e+01
   1.0543123e+07   3.9752197e+01
   1.0690758e+07   5.0463867e+01
   1.0691048e+07   5.2844238e+01
   1.0691347e+07   5.4748535e+01
   1.0691869e+07   4.9273682e+01
   1.0693303e+07   4.8797607e+01
   1.1009082e+07   4.0466309e+01
   1.1009326e+07   5.1654053e+01
   1.1009625e+07   4.9511719e+01
   1.1013773e+07   5.0701904e+01
   1.1014576e+07   4.4274902e+01
   1.1015364e+07   4.3798828e+01
   1.1016050e+07   4.8559570e+01
   1.1016845e+07   5.3796387e+01
   1.1017452e+07   3.2849121e+01
   1.1017949e+07   4.8321533e+01
   1.1018738e+07   4.2132568e+01
   1.1136539e+07   4.1418457e+01
   1.1137252e+07   4.5703125e+01
   1.1137536e+07   3.8085938e+01
   1.1137704e+07   4.1894531e+01
   1.1137895e+07   4.1894531e+01
   1.1138054e+07   3.6419678e+01
   1.1138381e+07   3.8323975e+01
   1.1138735e+07   3.7609863e+01
   1.1138949e+07   3.6419678e+01
   1.1139346e+07   4.3084717e+01
   1.1139609e+07   3.7609863e+01
   1.1139894e+07   3.7133789e+01
   1.1140105e+07   3.1420898e+01
   1.1140295e+07   4.1894531e+01
   1.1140490e+07   3.1896973e+01
   1.1140783e+07   3.7371826e+01
   1.1140998e+07   3.6181641e+01
   1.1141238e+07   3.2373047e+01
   1.1141500e+07   3.8800049e+01
   1.1141756e+07   3.4039307e+01
   1.1142038e+07   3.9276123e+01
   1.1142295e+07   3.3563232e+01
   1.1142520e+07   2.9278564e+01
   1.1143027e+07   3.0706787e+01
   1.1143451e+07   3.8323975e+01
   1.1143746e+07   3.6895752e+01
   1.1144061e+07   3.7133789e+01
   1.1144405e+07   4.2370605e+01
   1.1144877e+07   2.8088379e+01
   1.1145210e+07   4.1656494e+01
   1.1145509e+07   3.6657715e+01
   1.1145877e+07   3.6657715e+01
   1.1146432e+07   4.1656494e+01
   1.1146776e+07   3.3087158e+01
   1.1147237e+07   3.3801270e+01
   1.1147709e+07   3.5229492e+01
   1.1148141e+07   3.7371826e+01
   1.1148576e+07   3.7371826e+01
   1.1148973e+07   3.9752197e+01
   1.1149820e+07   3.6657715e+01
   1.1150267e+07   3.5467529e+01
   1.1151065e+07   3.6181641e+01
   1.1151757e+07   3.4039307e+01
   1.1152975e+07   3.8323975e+01
   1.1269453e+07   4.6417236e+01
   1.1269664e+07   6.1413574e+01
   1.1269930e+07   4.9273682e+01
   1.1270074e+07   3.4277344e+01
   1.1270290e+07   4.4036865e+01
   1.1270787e+07   4.0228271e+01
   1.1270969e+07   4.2370605e+01
   1.1271148e+07   3.5705566e+01
   1.1271314e+07   4.5941162e+01
   1.1271566e+07   3.4991455e+01
   1.1271891e+07   3.6419678e+01
   1.1272234e+07   3.8562012e+01
   1.1272464e+07   3.9514160e+01
   1.1272732e+07   4.0228271e+01
   1.1273115e+07   3.0944824e+01
   1.1273461e+07   4.5465088e+01
   1.1273686e+07   3.2373047e+01
   1.1273960e+07   3.0468750e+01
   1.1274198e+07   3.9276123e+01
   1.1274514e+07   3.9990234e+01
   1.1274803e+07   3.2135010e+01
   1.1275145e+07   3.2135010e+01
   1.1275549e+07   4.4512939e+01
   1.1275857e+07   3.3801270e+01
   1.1276204e+07   3.1896973e+01
   1.1276779e+07   3.7133789e+01
   1.1277185e+07   3.4039307e+01
   1.1277528e+07   2.8802490e+01
   1.1277910e+07   2.8326416e+01
   1.1278371e+07   3.5705566e+01
   1.1278800e+07   3.3801270e+01
   1.1279228e+07   3.8562012e+01
   1.1279667e+07   3.4753418e+01
   1.1280129e+07   3.9038086e+01
   1.1281695e+07   3.0944824e+01
   1.1284151e+07   3.9514160e+01
   1.1374348e+07   5.2606201e+01
   1.1374667e+07   4.1180420e+01
   1.1374819e+07   5.3558350e+01
   1.1374965e+07   4.4036865e+01
   1.1375107e+07   4.2132568e+01
   1.1375294e+07   4.4512939e+01
   1.1375503e+07   4.5941162e+01
   1.1375738e+07   3.3563232e+01
   1.1375978e+07   4.3084717e+01
   1.1376184e+07   3.8562012e+01
   1.1376389e+07   2.9992676e+01
   1.1376542e+07   3.6181641e+01
   1.1376730e+07   3.8323975e+01
   1.1376937e+07   3.9276123e+01
   1.1377080e+07   3.6181641e+01
   1.1377241e+07   2.9040527e+01
   1.1377469e+07   4.2846680e+01
   1.1377674e+07   2.9516602e+01
   1.1377872e+07   3.2373047e+01
   1.1378093e+07   3.7847900e+01
   1.1378280e+07   3.3325195e+01
   1.1378472e+07   3.4277344e+01
   1.1378674e+07   2.9040527e+01
   1.1378896e+07   3.5943604e+01
   1.1379158e+07   3.2849121e+01
   1.1379379e+07   3.6181641e+01
   1.1379889e+07   3.4753418e+01
   1.1380190e+07   2.8802490e+01
   1.1380496e+07   2.8088379e+01
   1.1380861e+07   3.1896973e+01
   1.1381139e+07   3.3563232e+01
   1.1381732e+07   3.0944824e+01
   1.1381963e+07   3.7371826e+01
   1.1382218e+07   3.1658936e+01
   1.1382497e+07   3.6419678e+01
   1.1382840e+07   4.1418457e+01
   1.1383114e+07   3.3325195e+01
   1.1383377e+07   2.9992676e+01
   1.1383646e+07   3.1658936e+01
   1.1383961e+07   3.1658936e+01
   1.1384257e+07   3.1658936e+01
   1.1384592e+07   3.1420898e+01
   1.1384926e+07   3.9038086e+01
   1.1385269e+07   3.5705566e+01
   1.1385646e+07   3.2849121e+01
   1.1385966e+07   3.9990234e+01
   1.1386350e+07   2.9040527e+01
   1.1386676e+07   3.3325195e+01
   1.1387043e+07   3.1658936e+01
   1.1387450e+07   3.0944824e+01
   1.1387798e+07   3.6419678e+01
   1.1388167e+07   3.2611084e+01
   1.1388622e+07   3.3563232e+01
   1.1389118e+07   3.0230713e+01
   1.1389532e+07   3.6181641e+01
   1.1390030e+07   2.9516602e+01
   1.1390514e+07   3.2849121e+01
   1.1391020e+07   3.1658936e+01
   1.1391542e+07   3.4991455e+01
   1.1392258e+07   3.9514160e+01
   1.1392992e+07   3.1658936e+01
   1.1395166e+07   2.9516602e+01
   1.1503725e+07   4.8559570e+01
   1.1503985e+07   5.2130127e+01
   1.1504140e+07   4.5227051e+01
   1.1504302e+07   3.7371826e+01
   1.1504460e+07   3.7847900e+01
   1.1504713e+07   4.6655273e+01
   1.1504926e+07   4.9035645e+01
   1.1505192e+07   4.6655273e+01
   1.1505495e+07   4.0704346e+01
   1.1505695e+07   4.1180420e+01
   1.1505916e+07   3.8323975e+01
   1.1506150e+07   3.5943604e+01
   1.1506502e+07   3.4039307e+01
   1.1506802e+07   4.5941162e+01
   1.1507096e+07   3.5229492e+01
   1.1507453e+07   3.9990234e+01
   1.1507764e+07   3.1658936e+01
   1.1508003e+07   3.1420898e+01
   1.1508332e+07   3.6419678e+01
   1.1508612e+07   3.2611084e+01
   1.1508829e+07   4.7607422e+01
   1.1509150e+07   3.1182861e+01
   1.1509420e+07   3.1896973e+01
   1.1509662e+07   3.5229492e+01
   1.1509972e+07   3.4039307e+01
   1.1510287e+07   3.8562012e+01
   1.1510624e+07   3.8562012e+01
   1.1511015e+07   3.1896973e+01
   1.1511324e+07   3.4515381e+01
   1.1511721e+07   3.3325195e+01
   1.1512066e+07   3.0944824e+01
   1.1512411e+07   3.4753418e+01
   1.1513205e+07   3.4991455e+01
   1.1513527e+07   3.1896973e+01
   1.1514327e+07   3.0468750e+01
   1.1514738e+07   3.2373047e+01
   1.1515124e+07   3.0944824e+01
   1.1515553e+07   3.6895752e+01
   1.1515965e+07   3.4753418e+01
   1.1516401e+07   3.3563232e+01
   1.1516811e+07   4.1894531e+01
   1.1517419e+07   3.7609863e+01
   1.1518018e+07   3.6181641e+01
   1.1518526e+07   3.5467529e+01
   1.1520314e+07   3.2373047e+01
   1.1521376e+07   3.6419678e+01
   1.1679732e+07   4.3084717e+01
   1.1679877e+07   3.1182861e+01
   1.1679994e+07   4.5227051e+01
   1.1680132e+07   4.9749756e+01
   1.1680323e+07   3.4991455e+01
   1.1680618e+07   4.6893311e+01
   1.1680780e+07   4.2846680e+01
   1.1680936e+07   4.5465088e+01
   1.1681186e+07   4.8797607e+01
   1.1681637e+07   3.9990234e+01
   1.1681967e+07   3.3087158e+01
   1.1682388e+07   4.0228271e+01
   1.1682734e+07   3.6181641e+01
   1.1682929e+07   3.9990234e+01
   1.1683123e+07   3.6657715e+01
   1.1683352e+07   3.9514160e+01
   1.1683539e+07   2.9754639e+01
   1.1683706e+07   3.5943604e+01
   1.1683978e+07   3.6895752e+01
   1.1684171e+07   3.9038086e+01
   1.1684374e+07   3.3801270e+01
   1.1684726e+07   3.6895752e+01
   1.1684989e+07   3.0468750e+01
   1.1685194e+07   3.0706787e+01
   1.1685443e+07   3.3325195e+01
   1.1685670e+07   3.0468750e+01
   1.1685914e+07   3.0468750e+01
   1.1686154e+07   2.9516602e+01
   1.1686387e+07   3.0468750e+01
   1.1686617e+07   2.8326416e+01
   1.1686849e+07   3.5705566e+01
   1.1687615e+07   3.6419678e+01
   1.1687848e+07   3.8800049e+01
   1.1688121e+07   3.0706787e+01
   1.1688763e+07   3.0468750e+01
   1.1689048e+07   3.3087158e+01
   1.1689357e+07   2.9754639e+01
   1.1689677e+07   2.9278564e+01
   1.1689951e+07   3.0706787e+01
   1.1690232e+07   2.9516602e+01
   1.1690521e+07   3.4753418e+01
   1.1690806e+07   3.4277344e+01
   1.1691120e+07   3.3087158e+01
   1.1691466e+07   2.8802490e+01
   1.1691774e+07   3.1420898e+01
   1.1692416e+07   3.3801270e+01
   1.1692794e+07   2.8326416e+01
   1.1693112e+07   3.2373047e+01
   1.1693429e+07   2.9516602e+01
   1.1693805e+07   2.9754639e+01
   1.1694166e+07   3.3563232e+01
   1.1694529e+07   3.6895752e+01
   1.1694874e+07   3.1420898e+01
   1.1695314e+07   3.6181641e+01
   1.1695779e+07   3.2849121e+01
   1.1696110e+07   3.2373047e+01
   1.1696495e+07   2.9992676e+01
   1.1696862e+07   3.2373047e+01
   1.1697298e+07   3.0706787e+01
   1.1697787e+07   3.1658936e+01
   1.1698223e+07   2.8802490e+01
   1.1698964e+07   2.9040527e+01
   1.1699414e+07   3.4991455e+01
   1.1700071e+07   3.2373047e+01
   1.1700896e+07   2.9516602e+01
   1.1701829e+07   3.2135010e+01
   1.1702679e+07   3.6895752e+01
   1.1937568e+07   4.5465088e+01
   1.1937870e+07   5.0463867e+01
   1.1938041e+07   5.0939941e+01
   1.1938248e+07   4.2846680e+01
   1.1938501e+07   4.1180420e+01
   1.1938720e+07   3.7847900e+01
   1.1938962e+07   4.0942383e+01
   1.1939280e+07   3.9990234e+01
   1.1939764e+07   4.6655273e+01
   1.1939987e+07   3.4753418e+01
   1.1940526e+07   3.4991455e+01
   1.1941007e+07   3.6419678e+01
   1.1941522e+07   4.0942383e+01
   1.1941885e+07   3.5943604e+01
   1.1942251e+07   3.7371826e+01
   1.1942590e+07   3.7847900e+01
   1.1942922e+07   4.0466309e+01
   1.1943261e+07   4.4274902e+01
   1.1943641e+07   5.0701904e+01
   1.1944026e+07   4.5941162e+01
   1.1944323e+07   4.3084717e+01
   1.1945093e+07   4.2370605e+01
   1.1945559e+07   3.2849121e+01
   1.1946500e+07   3.8562012e+01
   1.1947719e+07   3.8323975e+01
   1.1948910e+07   3.8323975e+01
