   1.1998000e+07   0.0000000e+00
   2.7010000e+03   2.8564453e+01
   2.7850000e+03   3.3563232e+01
   3.2717000e+04   3.4039307e+01
   7.9894000e+04   2.9040527e+01
   1.0764800e+05   3.1658936e+01
   1.3822000e+05   3.3801270e+01
   1.3838000e+05   2.9516602e+01
   1.3894300e+05   3.3325195e+01
   1.3955600e+05   2.9278564e+01
   1.9118700e+05   2.8326416e+01
   2.3417100e+05   3.5229492e+01
   2.6208300e+05   3.4753418e+01
   2.9080300e+05   3.1896973e+01
   2.9084900e+05   3.1896973e+01
   2.9090500e+05   3.0944824e+01
   2.9098200e+05   3.4039307e+01
   2.9110800e+05   3.2373047e+01
   2.9112000e+05   2.8326416e+01
   3.8750900e+05   3.1658936e+01
   3.8758600e+05   2.9516602e+01
   4.0451000e+05   2.9516602e+01
   4.0452500e+05   3.3325195e+01
   4.0455500e+05   3.4277344e+01
   4.0480000e+05   3.0468750e+01
   4.0483300e+05   2.8802490e+01
   4.0509000e+05   3.2135010e+01
   4.3607200e+05   2.8564453e+01
   4.3716700e+05   2.8564453e+01
   4.5501700e+05   3.2373047e+01
   4.5504400e+05   3.3563232e+01
   4.5507000e+05   3.2373047e+01
   4.7837500e+05   3.1658936e+01
   4.7840700e+05   3.0944824e+01
   5.0134500e+05   3.0944824e+01
   5.0135500e+05   2.9040527e+01
   5.0140400e+05   2.9278564e+01
   5.0148900e+05   3.4277344e+01
   5.0205500e+05   2.8326416e+01
   5.0218000e+05   2.8802490e+01
   5.2486300e+05   2.8564453e+01
   5.2499000e+05   2.9992676e+01
   5.2623300e+05   2.8802490e+01
   5.9368900e+05   2.8802490e+01
   5.9376200e+05   3.3325195e+01
   5.9379700e+05   2.8564453e+01
   5.9382300e+05   3.6181641e+01
   5.9384300e+05   2.9040527e+01
   5.9391900e+05   3.3325195e+01
   5.9397300e+05   3.1420898e+01
   5.9400400e+05   3.1182861e+01
   5.9408300e+05   2.8326416e+01
   5.9430400e+05   3.1896973e+01
   5.9472700e+05   3.0706787e+01
   5.9509500e+05   2.8802490e+01
   6.6205600e+05   3.1182861e+01
   6.6210600e+05   2.9278564e+01
   6.8363300e+05   2.9040527e+01
   6.8368800e+05   3.4039307e+01
   6.8372100e+05   2.9278564e+01
   7.0248600e+05   2.8564453e+01
   7.0252200e+05   2.9040527e+01
   7.0253800e+05   2.9754639e+01
   7.0259600e+05   2.9754639e+01
   7.0263900e+05   2.8564453e+01
   7.0266300e+05   4.1656494e+01
   7.0268000e+05   4.2846680e+01
   7.0271400e+05   3.2849121e+01
   7.0277900e+05   2.9754639e+01
   7.0316000e+05   3.1658936e+01
   7.5811900e+05   2.9516602e+01
   7.7492700e+05   2.9516602e+01
   7.7495700e+05   3.0468750e+01
   7.7510800e+05   2.8802490e+01
   8.1472200e+05   3.3325195e+01
   8.1479000e+05   3.6895752e+01
   8.1485700e+05   2.9040527e+01
   8.1489400e+05   2.8564453e+01
   8.1505700e+05   2.9992676e+01
   8.3677100e+05   3.2135010e+01
   8.6118200e+05   2.8326416e+01
   8.6124700e+05   2.9040527e+01
   8.6128600e+05   3.2849121e+01
   8.8230500e+05   3.2849121e+01
   8.8232700e+05   3.7133789e+01
   8.8233700e+05   3.2373047e+01
   8.8236400e+05   3.5943604e+01
   8.8238000e+05   2.9992676e+01
   8.8242300e+05   3.1658936e+01
   9.4069600e+05   2.9040527e+01
   9.4072800e+05   3.6895752e+01
   9.4079700e+05   3.5943604e+01
   9.4085500e+05   3.2135010e+01
   9.4087600e+05   3.0468750e+01
   9.4096700e+05   2.9992676e+01
   9.6589400e+05   2.8564453e+01
   9.6599600e+05   3.2373047e+01
   9.6674100e+05   2.9754639e+01
   1.0632340e+06   2.9278564e+01
   1.0632670e+06   3.1658936e+01
   1.0777620e+06   2.8564453e+01
   1.0778230e+06   2.8564453e+01
   1.0778890e+06   3.2135010e+01
   1.1345200e+06   2.9278564e+01
   1.1535960e+06   3.4991455e+01
   1.1536070e+06   2.8564453e+01
   1.1536750e+06   3.0944824e+01
   1.1537470e+06   3.0468750e+01
   1.2172640e+06   2.9278564e+01
   1.2400930e+06   2.8326416e+01
   1.2407210e+06   2.8564453e+01
   1.2407860e+06   2.8326416e+01
   1.2408200e+06   3.0468750e+01
   1.2408740e+06   2.8564453e+01
   1.2409350e+06   2.8326416e+01
   1.2737210e+06   3.4753418e+01
   1.2769280e+06   3.3801270e+01
   1.2887880e+06   2.9040527e+01
   1.2912520e+06   3.3087158e+01
   1.3237870e+06   2.9278564e+01
   1.3238160e+06   3.0944824e+01
   1.3674540e+06   3.9752197e+01
   1.3675400e+06   2.9516602e+01
   1.3676130e+06   2.9992676e+01
   1.3676440e+06   4.3084717e+01
   1.3697150e+06   3.3087158e+01
   1.3884430e+06   3.3325195e+01
   1.3884590e+06   3.2611084e+01
   1.4066240e+06   3.5229492e+01
   1.4066810e+06   3.1658936e+01
   1.4276310e+06   3.0706787e+01
   1.4878840e+06   3.0706787e+01
   1.4879070e+06   3.9276123e+01
   1.4879250e+06   2.9992676e+01
   1.4879580e+06   3.1658936e+01
   1.4879830e+06   3.6657715e+01
   1.4880100e+06   3.2849121e+01
   1.4880270e+06   2.8564453e+01
   1.5908840e+06   3.0944824e+01
   1.6190060e+06   2.9278564e+01
   1.6190440e+06   2.8326416e+01
   1.6395010e+06   2.9992676e+01
   1.6395630e+06   2.8802490e+01
   1.6396130e+06   2.8802490e+01
   1.6416350e+06   2.9278564e+01
   1.6417230e+06   3.0468750e+01
   1.6417400e+06   3.1896973e+01
   1.7196630e+06   2.9516602e+01
   1.7197070e+06   3.3325195e+01
   1.7198020e+06   2.9040527e+01
   1.7199050e+06   2.9754639e+01
   1.7611150e+06   3.8323975e+01
   1.7611680e+06   3.2135010e+01
   1.7611920e+06   3.8562012e+01
   1.7612030e+06   3.0468750e+01
   1.7612270e+06   2.8326416e+01
   1.7612830e+06   3.2849121e+01
   1.8146490e+06   2.8802490e+01
   1.8147100e+06   3.2135010e+01
   1.8147380e+06   2.8564453e+01
   1.8154310e+06   2.8564453e+01
   1.8690080e+06   2.9040527e+01
   1.8690470e+06   2.8802490e+01
   1.8690710e+06   4.0704346e+01
   1.8691030e+06   3.5705566e+01
   1.8693000e+06   3.7847900e+01
   1.9110620e+06   2.8564453e+01
   1.9318720e+06   4.6417236e+01
   1.9319080e+06   3.2135010e+01
   1.9319970e+06   3.4515381e+01
   1.9544990e+06   2.9040527e+01
   1.9546630e+06   2.9040527e+01
   2.0125640e+06   3.4039307e+01
   2.0126040e+06   2.8564453e+01
   2.0126800e+06   3.5229492e+01
   2.0459100e+06   3.4515381e+01
   2.0585870e+06   2.9040527e+01
   2.0593510e+06   3.0706787e+01
   2.0593630e+06   3.2135010e+01
   2.0593730e+06   2.9278564e+01
   2.0594490e+06   3.0944824e+01
   2.0608810e+06   3.0944824e+01
   2.1052470e+06   2.9040527e+01
   2.1052870e+06   3.3563232e+01
   2.1053340e+06   3.5229492e+01
   2.1242250e+06   2.9040527e+01
   2.1242900e+06   3.9276123e+01
   2.1243230e+06   3.3801270e+01
   2.1243420e+06   2.9040527e+01
   2.1244210e+06   2.8564453e+01
   2.1246950e+06   2.9516602e+01
   2.1380190e+06   3.0230713e+01
   2.1512570e+06   2.9516602e+01
   2.2322530e+06   2.9516602e+01
   2.2323480e+06   3.4991455e+01
   2.2474760e+06   2.8802490e+01
   2.2484670e+06   2.9754639e+01
   2.2988040e+06   2.8326416e+01
   2.3316970e+06   2.9040527e+01
   2.3317420e+06   2.8326416e+01
   2.3317770e+06   3.8085938e+01
   2.3317920e+06   3.2849121e+01
   2.3318270e+06   3.1420898e+01
   2.3320530e+06   3.0706787e+01
   2.3323140e+06   3.3087158e+01
   2.3648900e+06   3.2373047e+01
   2.3650160e+06   3.1420898e+01
   2.3962580e+06   3.0468750e+01
   2.3962820e+06   2.8564453e+01
   2.4199420e+06   4.1418457e+01
   2.4495000e+06   3.3563232e+01
   2.4495450e+06   4.3560791e+01
   2.4496040e+06   4.1180420e+01
   2.4496140e+06   3.0230713e+01
   2.4497680e+06   3.1658936e+01
   2.4497820e+06   3.3563232e+01
   2.4498380e+06   3.0706787e+01
   2.4501710e+06   3.1182861e+01
   2.4508930e+06   3.1182861e+01
   2.4515320e+06   2.8802490e+01
   2.5965680e+06   3.3087158e+01
   2.6511160e+06   2.8802490e+01
   2.6511890e+06   3.2373047e+01
   2.6520020e+06   3.1420898e+01
   2.6520650e+06   2.9040527e+01
   2.6756890e+06   3.4277344e+01
   2.6757270e+06   3.0944824e+01
   2.6758130e+06   2.8326416e+01
   2.7070810e+06   2.9754639e+01
   2.7071540e+06   2.8802490e+01
   2.7071820e+06   2.9992676e+01
   2.7475240e+06   2.8564453e+01
   2.7475660e+06   3.1182861e+01
   2.7477420e+06   2.9754639e+01
   2.7482670e+06   3.1896973e+01
   2.7658200e+06   3.8323975e+01
   2.7658510e+06   3.4753418e+01
   2.7658900e+06   2.9992676e+01
   2.7659380e+06   2.8802490e+01
   2.7892040e+06   3.2611084e+01
   2.7892440e+06   3.2135010e+01
   2.7892560e+06   3.0944824e+01
   2.7893170e+06   3.3087158e+01
   2.7893340e+06   3.2611084e+01
   2.7894070e+06   2.9278564e+01
   2.7894410e+06   3.2135010e+01
   2.8136930e+06   2.8326416e+01
   2.8137100e+06   3.3801270e+01
   2.8137540e+06   3.0468750e+01
   2.8140130e+06   2.9754639e+01
   2.8681070e+06   2.9992676e+01
   2.8888080e+06   2.9516602e+01
   2.8889120e+06   3.2135010e+01
   2.8890650e+06   2.8802490e+01
   2.9070750e+06   2.9992676e+01
   2.9071900e+06   2.9754639e+01
   2.9222120e+06   2.9754639e+01
   2.9468910e+06   3.1658936e+01
   2.9648440e+06   3.2849121e+01
   2.9648890e+06   2.9992676e+01
   2.9649270e+06   3.3801270e+01
   2.9649430e+06   2.8802490e+01
   2.9822820e+06   2.8326416e+01
   3.0126230e+06   3.4039307e+01
   3.0127470e+06   2.9278564e+01
   3.0401720e+06   2.9516602e+01
   3.0625680e+06   3.0230713e+01
   3.0626430e+06   3.3563232e+01
   3.1017510e+06   3.4515381e+01
   3.1285970e+06   2.9516602e+01
   3.1286630e+06   3.5467529e+01
   3.2403090e+06   3.4277344e+01
   3.2403980e+06   3.6181641e+01
   3.2404300e+06   2.9040527e+01
   3.2404870e+06   3.0706787e+01
   3.2407610e+06   2.9040527e+01
   3.2408130e+06   3.3087158e+01
   3.3061820e+06   2.9516602e+01
   3.4032400e+06   2.9040527e+01
   3.4172970e+06   3.1658936e+01
   3.4625130e+06   3.1420898e+01
   3.4821300e+06   3.1420898e+01
   3.4821900e+06   2.8802490e+01
   3.5203900e+06   2.9278564e+01
   3.5204820e+06   3.1896973e+01
   3.5205010e+06   3.4277344e+01
   3.5205220e+06   3.4277344e+01
   3.5606110e+06   3.0706787e+01
   3.5606510e+06   3.2849121e+01
   3.5607430e+06   3.1182861e+01
   3.6343210e+06   2.8802490e+01
   3.6343720e+06   2.8802490e+01
   3.6343980e+06   2.9516602e+01
   3.6557810e+06   2.8326416e+01
   3.6883650e+06   3.0230713e+01
   3.6884970e+06   2.8564453e+01
   3.7222150e+06   3.5229492e+01
   3.7223100e+06   3.0706787e+01
   3.7433010e+06   2.9754639e+01
   3.7434030e+06   2.8326416e+01
   3.8646730e+06   2.8326416e+01
   3.8660380e+06   2.9516602e+01
   3.9195430e+06   2.9040527e+01
   3.9196280e+06   2.9278564e+01
   3.9198300e+06   3.1182861e+01
   3.9199760e+06   2.8564453e+01
   4.0833750e+06   3.1182861e+01
   4.0834060e+06   3.2135010e+01
   4.1074830e+06   3.0230713e+01
   4.1509580e+06   2.8802490e+01
   4.1721930e+06   3.4039307e+01
   4.1722350e+06   3.3325195e+01
   4.2133810e+06   3.0706787e+01
   4.2566200e+06   2.9516602e+01
   4.2578310e+06   3.0706787e+01
   4.2713140e+06   3.3325195e+01
   4.2713570e+06   3.0468750e+01
   4.2714420e+06   3.7609863e+01
   4.2715040e+06   4.0704346e+01
   4.2715190e+06   2.9516602e+01
   4.2716680e+06   2.9992676e+01
   4.2720420e+06   2.9040527e+01
   4.2722450e+06   2.9040527e+01
   4.2722970e+06   2.8564453e+01
   4.4114580e+06   2.9516602e+01
   4.4115520e+06   2.9754639e+01
   4.4435000e+06   3.1182861e+01
   4.4440110e+06   3.1896973e+01
   4.4659120e+06   3.0230713e+01
   4.4660720e+06   2.9040527e+01
   4.4871360e+06   3.0230713e+01
   4.5463290e+06   3.3087158e+01
   4.5464400e+06   2.8326416e+01
   4.5547660e+06   2.9516602e+01
   4.5548220e+06   2.8564453e+01
   4.6124370e+06   2.8326416e+01
   4.6130470e+06   2.9754639e+01
   4.6332420e+06   2.8564453e+01
   4.6907680e+06   3.4991455e+01
   4.6908140e+06   2.9278564e+01
   4.6909460e+06   2.9040527e+01
   4.6912210e+06   2.8564453e+01
   4.7285970e+06   3.1896973e+01
   4.7286280e+06   3.4991455e+01
   4.7286550e+06   3.1420898e+01
   4.7287090e+06   3.8800049e+01
   4.7287390e+06   3.2849121e+01
   4.7860070e+06   3.3563232e+01
   4.8242220e+06   2.8802490e+01
   4.8509000e+06   3.2373047e+01
   4.8610630e+06   2.8564453e+01
   4.8610920e+06   2.9516602e+01
   4.8611710e+06   3.1182861e+01
   4.9039670e+06   3.0944824e+01
   4.9158680e+06   2.9040527e+01
   4.9159820e+06   3.2135010e+01
   4.9617220e+06   3.1182861e+01
   4.9858790e+06   2.8564453e+01
   5.0718270e+06   3.1420898e+01
   5.0718610e+06   2.8326416e+01
   5.0933050e+06   2.8802490e+01
   5.1441300e+06   2.8326416e+01
   5.1441640e+06   4.1656494e+01
   5.1441960e+06   3.1420898e+01
   5.1443380e+06   3.1896973e+01
   5.2046410e+06   2.8564453e+01
   5.2046610e+06   3.1420898e+01
   5.2852350e+06   2.8564453e+01
   5.3073460e+06   2.9754639e+01
   5.3074520e+06   2.8564453e+01
   5.3492160e+06   2.9754639e+01
   5.3981390e+06   2.9992676e+01
   5.3981720e+06   3.0230713e+01
   5.4172420e+06   2.8802490e+01
   5.5228790e+06   3.4515381e+01
   5.5228980e+06   4.4989014e+01
   5.5229490e+06   3.6657715e+01
   5.5230270e+06   3.2611084e+01
   5.5230810e+06   2.9278564e+01
   5.5231060e+06   3.1896973e+01
   5.5232330e+06   2.8564453e+01
   5.5236980e+06   2.9754639e+01
   5.5246890e+06   2.8326416e+01
   5.6542300e+06   2.8326416e+01
   5.6542510e+06   3.3087158e+01
   5.6698240e+06   2.8564453e+01
   5.6699070e+06   2.8564453e+01
   5.6917820e+06   2.9278564e+01
   5.6918110e+06   3.3087158e+01
   5.6918540e+06   2.8326416e+01
   5.6918890e+06   3.2135010e+01
   5.6919580e+06   3.0468750e+01
   5.6920130e+06   3.3563232e+01
   5.6921390e+06   2.9516602e+01
   5.6924620e+06   2.9516602e+01
   5.6925480e+06   3.0944824e+01
   5.7669010e+06   2.9754639e+01
   5.7669550e+06   2.9278564e+01
   5.7670860e+06   3.2373047e+01
   5.7677630e+06   3.3563232e+01
   5.7920280e+06   2.9278564e+01
   5.8445930e+06   3.4515381e+01
   5.8446560e+06   2.9992676e+01
   5.8674500e+06   2.8326416e+01
   5.8868420e+06   2.8326416e+01
   5.8868550e+06   3.0944824e+01
   5.8878570e+06   2.9516602e+01
   5.8885600e+06   3.1182861e+01
   5.8885700e+06   2.8802490e+01
   5.9113610e+06   3.0706787e+01
   5.9375510e+06   2.9278564e+01
   5.9827680e+06   3.0706787e+01
   5.9828000e+06   2.9754639e+01
   5.9828700e+06   3.0944824e+01
   6.0156890e+06   3.1182861e+01
   6.0157120e+06   3.4753418e+01
   6.0581980e+06   2.9278564e+01
   6.0886880e+06   2.9992676e+01
   6.0903020e+06   2.9754639e+01
   6.1131980e+06   2.8564453e+01
   6.1132620e+06   3.8085938e+01
   6.1133490e+06   3.2849121e+01
   6.1317820e+06   2.8326416e+01
   6.1318770e+06   2.9278564e+01
   6.1318990e+06   3.1182861e+01
   6.1448440e+06   3.2135010e+01
   6.1449620e+06   3.2849121e+01
   6.1675470e+06   2.9754639e+01
   6.1676480e+06   3.2135010e+01
   6.1814980e+06   3.7133789e+01
   6.1920400e+06   3.1896973e+01
   6.1920570e+06   2.9040527e+01
   6.1920900e+06   2.9040527e+01
   6.1921910e+06   3.1896973e+01
   6.2009260e+06   3.4277344e+01
   6.2009580e+06   3.1896973e+01
   6.2009770e+06   3.0706787e+01
   6.2010960e+06   3.4991455e+01
   6.2012420e+06   3.0944824e+01
   6.2597230e+06   2.8802490e+01
   6.3023750e+06   2.8802490e+01
   6.3024560e+06   3.0944824e+01
   6.3024680e+06   3.3563232e+01
   6.3025050e+06   3.3801270e+01
   6.3025360e+06   3.8323975e+01
   6.3025940e+06   2.9040527e+01
   6.3425220e+06   2.9040527e+01
   6.3425690e+06   3.0944824e+01
   6.3508210e+06   2.9040527e+01
   6.3509750e+06   2.8802490e+01
   6.3511340e+06   2.9516602e+01
   6.3512010e+06   2.8802490e+01
   6.3513610e+06   3.0230713e+01
   6.3737930e+06   3.0468750e+01
   6.4444310e+06   3.2373047e+01
   6.4444850e+06   3.0706787e+01
   6.4928690e+06   3.3325195e+01
   6.4929030e+06   2.9516602e+01
   6.5185500e+06   2.8326416e+01
   6.5186390e+06   3.1182861e+01
   6.5424560e+06   3.2611084e+01
   6.5425580e+06   3.0706787e+01
   6.5431320e+06   3.1896973e+01
   6.5720990e+06   2.9278564e+01
   6.5721200e+06   2.9040527e+01
   6.5721360e+06   2.8326416e+01
   6.5722040e+06   3.7847900e+01
   6.5913030e+06   2.9040527e+01
   6.6282360e+06   3.4277344e+01
   6.7607850e+06   2.8564453e+01
   6.7614630e+06   3.2849121e+01
   6.7997810e+06   3.1658936e+01
   6.7998830e+06   3.3087158e+01
   6.8530610e+06   3.1182861e+01
   6.8686830e+06   2.8564453e+01
   6.9030560e+06   2.9040527e+01
   6.9031520e+06   2.8326416e+01
   7.0221300e+06   3.4753418e+01
   7.0924680e+06   2.8564453e+01
   7.0925340e+06   3.2135010e+01
   7.0928430e+06   3.1896973e+01
   7.0929520e+06   2.9516602e+01
   7.1245080e+06   3.0944824e+01
   7.1858470e+06   2.9516602e+01
   7.2296240e+06   2.8326416e+01
   7.2847290e+06   3.4039307e+01
   7.3066480e+06   3.4991455e+01
   7.3066750e+06   2.9278564e+01
   7.3287760e+06   3.3563232e+01
   7.3554110e+06   2.9754639e+01
   7.5123410e+06   2.8326416e+01
   7.5123580e+06   3.1658936e+01
   7.5125490e+06   3.0468750e+01
   7.5126410e+06   2.8326416e+01
   7.6040690e+06   2.8802490e+01
   7.6749050e+06   2.8802490e+01
   7.6848690e+06   3.3801270e+01
   7.6849300e+06   2.8326416e+01
   7.7067160e+06   3.0706787e+01
   7.7229420e+06   3.0468750e+01
   7.8257730e+06   3.3563232e+01
   8.0336910e+06   2.8564453e+01
   8.0915160e+06   3.0706787e+01
   8.0915340e+06   3.3087158e+01
   8.0916350e+06   3.0706787e+01
   8.0917070e+06   2.9516602e+01
   8.2736120e+06   2.8564453e+01
   8.2736510e+06   2.8326416e+01
   8.2738090e+06   2.8564453e+01
   8.3060320e+06   3.0230713e+01
   8.3060830e+06   3.6181641e+01
   8.4033280e+06   3.1182861e+01
   8.4033920e+06   3.1182861e+01
   8.5001420e+06   3.4277344e+01
   8.5560920e+06   3.2611084e+01
   8.5563600e+06   3.2373047e+01
   8.6122300e+06   3.6419678e+01
   8.6122730e+06   3.1182861e+01
   8.6374270e+06   3.3563232e+01
   8.6374450e+06   3.2611084e+01
   8.6374990e+06   2.9516602e+01
   8.6375250e+06   3.0468750e+01
   8.7758630e+06   2.8326416e+01
   8.8068910e+06   3.0944824e+01
   8.8245880e+06   2.8326416e+01
   8.8502860e+06   2.8802490e+01
   8.8637610e+06   2.9754639e+01
   8.8714310e+06   2.9516602e+01
   8.8714710e+06   2.8564453e+01
   8.8715440e+06   2.8564453e+01
   8.9196350e+06   2.9516602e+01
   8.9196770e+06   3.5229492e+01
   8.9251010e+06   2.8326416e+01
   9.0197340e+06   2.8802490e+01
   9.0198240e+06   2.8564453e+01
   9.0573480e+06   2.8326416e+01
   9.0881200e+06   4.1894531e+01
   9.1208590e+06   3.2373047e+01
   9.1648800e+06   2.8564453e+01
   9.1649130e+06   2.9992676e+01
   9.1649840e+06   3.4515381e+01
   9.1980660e+06   2.9754639e+01
   9.1980950e+06   2.9516602e+01
   9.2710400e+06   2.9992676e+01
   9.2832810e+06   2.8326416e+01
   9.2833600e+06   2.9754639e+01
   9.2838240e+06   3.1420898e+01
   9.3191080e+06   2.8802490e+01
   9.3513740e+06   3.1896973e+01
   9.4187860e+06   3.3325195e+01
   9.5076850e+06   2.8564453e+01
   9.8681580e+06   2.9278564e+01
   9.9000610e+06   2.8326416e+01
   9.9001260e+06   2.9992676e+01
   9.9516700e+06   3.1182861e+01
   1.0367375e+07   2.8802490e+01
   1.0633418e+07   2.9040527e+01
   1.0809990e+07   2.9754639e+01
   1.0951376e+07   3.0468750e+01
   1.1268210e+07   2.9516602e+01
   1.1286115e+07   3.0468750e+01
   1.1374027e+07   2.9992676e+01
   1.1679428e+07   2.9040527e+01
   1.1748952e+07   2.9992676e+01
   1.1749098e+07   3.0230713e+01
   1.1797871e+07   3.0230713e+01
   1.1936965e+07   2.8326416e+01
   1.1972627e+07   2.9516602e+01
