   1.1999000e+07   0.0000000e+00
   3.0940000e+04   8.1176758e+01
   7.8141000e+04   8.3862305e+01
   7.8351000e+04   8.1420898e+01
   1.3480700e+05   7.2265625e+01
   1.3491900e+05   7.0617676e+01
   2.1396800e+05   7.7209473e+01
   2.9607400e+05   8.7768555e+01
   2.9611600e+05   7.4890137e+01
   4.7068900e+05   7.3791504e+01
   4.7146900e+05   7.0617676e+01
   5.1583500e+05   7.0983887e+01
   5.1594100e+05   8.1115723e+01
   5.1610200e+05   7.3669434e+01
   5.5153200e+05   8.5266113e+01
   5.5157700e+05   7.8796387e+01
   6.0208400e+05   7.2692871e+01
   6.0210100e+05   8.3923340e+01
   6.0263300e+05   7.6232910e+01
   6.1294900e+05   7.0922852e+01
   6.2608400e+05   7.2265625e+01
   6.2637100e+05   7.1044922e+01
   6.3982900e+05   7.2814941e+01
   6.7496000e+05   7.8247070e+01
   6.7498700e+05   7.1289063e+01
   6.8631600e+05   8.3129883e+01
   6.8636300e+05   7.3913574e+01
   7.0330700e+05   7.3303223e+01
   7.0333900e+05   8.4106445e+01
   7.0343200e+05   7.5500488e+01
   7.1189900e+05   7.3974609e+01
   7.1200000e+05   7.3608398e+01
   7.4131200e+05   8.8012695e+01
   7.4153100e+05   7.0678711e+01
   8.2369700e+05   7.2692871e+01
   8.3745400e+05   7.1472168e+01
   8.8601700e+05   7.8002930e+01
   8.8616400e+05   8.3007813e+01
   8.9734800e+05   7.4584961e+01
   9.1111600e+05   7.5622559e+01
   9.4488300e+05   8.4960938e+01
   9.4502800e+05   9.3872070e+01
   9.5810300e+05   7.2143555e+01
   9.5826600e+05   7.2753906e+01
   9.7077100e+05   7.7209473e+01
   9.8080100e+05   7.8857422e+01
   9.8089400e+05   7.9956055e+01
   9.9190700e+05   7.0922852e+01
   1.0053440e+06   8.4838867e+01
   1.0054100e+06   8.1420898e+01
   1.0405020e+06   7.5073242e+01
   1.0405610e+06   7.3364258e+01
   1.0495550e+06   8.0871582e+01
   1.0540090e+06   8.2458496e+01
   1.0602760e+06   7.1716309e+01
   1.1564020e+06   8.1359863e+01
   1.1564700e+06   7.7209473e+01
   1.1751820e+06   7.7453613e+01
   1.2134130e+06   8.0383301e+01
   1.2135820e+06   7.5561523e+01
   1.4418360e+06   8.6486816e+01
   1.5309130e+06   7.6843262e+01
   1.5577030e+06   7.0495605e+01
   1.5871660e+06   8.3374023e+01
   1.6570580e+06   7.3547363e+01
   1.7471870e+06   8.6364746e+01
   1.7796140e+06   7.6782227e+01
   1.7798630e+06   7.4462891e+01
   1.8277300e+06   7.9223633e+01
   1.8766610e+06   7.2387695e+01
   1.9209170e+06   8.4777832e+01
   2.0124200e+06   7.5134277e+01
   2.0258350e+06   7.0617676e+01
   2.0776250e+06   7.8552246e+01
   2.1094720e+06   7.6293945e+01
   2.1097550e+06   7.6416016e+01
   2.1100360e+06   7.7392578e+01
   2.1573240e+06   7.0495605e+01
   2.1573360e+06   9.3383789e+01
   2.1761050e+06   7.7819824e+01
   2.1833550e+06   7.3791504e+01
   2.1899830e+06   7.4951172e+01
   2.1900370e+06   7.3425293e+01
   2.1901340e+06   7.8430176e+01
   2.2232240e+06   7.2937012e+01
   2.2795480e+06   7.3486328e+01
   2.2798240e+06   7.3486328e+01
   2.2801890e+06   7.4890137e+01
   2.2804720e+06   7.1166992e+01
   2.2884660e+06   8.0261230e+01
   2.3067140e+06   7.8125000e+01
   2.3067800e+06   8.3984375e+01
   2.3070870e+06   8.3679199e+01
   2.3276630e+06   7.7270508e+01
   2.3278990e+06   7.1533203e+01
   2.3282610e+06   7.5927734e+01
   2.3473110e+06   7.3120117e+01
   2.3692900e+06   7.2570801e+01
   2.3697140e+06   7.1228027e+01
   2.3812150e+06   7.5683594e+01
   2.4501200e+06   7.3669434e+01
   2.6140630e+06   7.2448730e+01
   2.7637500e+06   7.4584961e+01
   2.8489800e+06   7.1899414e+01
   2.8491050e+06   7.5622559e+01
   2.8947240e+06   8.2397461e+01
   2.9773600e+06   7.0556641e+01
   3.0768240e+06   7.2570801e+01
   3.1563320e+06   8.2214355e+01
   3.1729990e+06   7.3303223e+01
   3.1867410e+06   7.3059082e+01
   3.1873230e+06   7.5683594e+01
   3.1965850e+06   7.5683594e+01
   3.2071070e+06   7.7087402e+01
   3.2073670e+06   7.6171875e+01
   3.2190410e+06   7.1350098e+01
   3.2191420e+06   7.4157715e+01
   3.2394770e+06   7.2448730e+01
   3.2395790e+06   7.9345703e+01
   3.2399020e+06   7.3913574e+01
   3.2539240e+06   7.5134277e+01
   3.2539560e+06   7.4890137e+01
   3.2541540e+06   7.2326660e+01
   3.2688840e+06   7.4462891e+01
   3.2911950e+06   7.1655273e+01
   3.3255470e+06   7.4523926e+01
   3.3256430e+06   7.3181152e+01
   3.3307430e+06   7.2021484e+01
   3.3415210e+06   7.0617676e+01
   3.3416010e+06   7.1594238e+01
   3.3489920e+06   8.0261230e+01
   3.4189230e+06   7.6354980e+01
   3.4189630e+06   7.4462891e+01
   3.4190610e+06   8.2458496e+01
   3.4191810e+06   8.1298828e+01
   3.4461510e+06   8.3251953e+01
   3.4558660e+06   7.0861816e+01
   3.4559050e+06   7.0739746e+01
   3.4661850e+06   7.4523926e+01
   3.4662820e+06   7.2631836e+01
   3.4770330e+06   7.3486328e+01
   3.5257230e+06   7.1594238e+01
   3.5259370e+06   7.2631836e+01
   3.5428870e+06   7.1533203e+01
   3.5880120e+06   7.4768066e+01
   3.5882030e+06   8.3862305e+01
   3.5884170e+06   9.3872070e+01
   3.6147710e+06   7.8613281e+01
   3.6492580e+06   7.1166992e+01
   3.6763850e+06   7.1655273e+01
   3.6764640e+06   7.2509766e+01
   3.6970750e+06   7.4523926e+01
   3.7465670e+06   7.0556641e+01
   3.7616610e+06   7.1350098e+01
   3.7685700e+06   7.2998047e+01
   3.7744610e+06   7.2204590e+01
   3.7821520e+06   7.9589844e+01
   3.7949450e+06   7.3242188e+01
   3.8447170e+06   7.4645996e+01
   3.9157860e+06   7.4401855e+01
   3.9343870e+06   7.4218750e+01
   3.9485770e+06   7.3547363e+01
   3.9562060e+06   8.4716797e+01
   3.9562580e+06   8.2641602e+01
   3.9897970e+06   8.2641602e+01
   4.0000290e+06   7.1838379e+01
   4.0244380e+06   7.5866699e+01
   4.0245060e+06   7.3242188e+01
   4.0632200e+06   8.1176758e+01
   4.0632400e+06   8.3068848e+01
   4.0905670e+06   7.6049805e+01
   4.0905930e+06   7.3364258e+01
   4.0906370e+06   7.6599121e+01
   4.4259860e+06   7.1655273e+01
   4.4261040e+06   7.5317383e+01
   4.5089730e+06   7.3303223e+01
   4.5179080e+06   7.4401855e+01
   4.5772900e+06   7.7575684e+01
   4.5774670e+06   7.1044922e+01
   4.5854360e+06   8.0444336e+01
   4.6005050e+06   7.0495605e+01
   4.6012290e+06   7.2509766e+01
   4.6620530e+06   8.6181641e+01
   4.6853900e+06   7.2326660e+01
   4.6976760e+06   7.7758789e+01
   4.7829230e+06   7.1166992e+01
   4.7906230e+06   7.4218750e+01
   4.8023900e+06   7.2387695e+01
   4.8951370e+06   7.8918457e+01
   4.9913470e+06   7.0922852e+01
   4.9914650e+06   7.3425293e+01
   5.0728180e+06   8.2397461e+01
   5.0728660e+06   8.2214355e+01
   5.0863120e+06   7.2753906e+01
   5.0990100e+06   7.6049805e+01
   5.0991820e+06   7.1411133e+01
   5.1790310e+06   7.4829102e+01
   5.1793280e+06   7.1166992e+01
   5.1930430e+06   8.3129883e+01
   5.1934760e+06   7.0739746e+01
   5.2108230e+06   7.8308105e+01
   5.4381210e+06   7.7697754e+01
   5.4382330e+06   7.1289063e+01
   5.4382790e+06   7.2082520e+01
   5.5132230e+06   8.5388184e+01
   5.5132580e+06   8.9233398e+01
   5.5132690e+06   7.8735352e+01
   5.5132970e+06   7.3547363e+01
   5.5134890e+06   8.2641602e+01
   5.5264930e+06   8.5021973e+01
   5.5640550e+06   7.1777344e+01
   5.5742850e+06   7.6110840e+01
   5.5946300e+06   7.1289063e+01
   5.5956330e+06   8.1665039e+01
   5.8369290e+06   7.3913574e+01
   5.8369590e+06   7.9650879e+01
   5.9049790e+06   7.4218750e+01
   5.9051810e+06   7.2143555e+01
   5.9052240e+06   7.2937012e+01
   5.9577470e+06   7.2082520e+01
   5.9578800e+06   7.2265625e+01
   5.9710880e+06   7.1350098e+01
   5.9713730e+06   8.0810547e+01
   5.9801260e+06   7.7819824e+01
   6.0086740e+06   8.0017090e+01
   6.0388270e+06   7.3242188e+01
   6.2418640e+06   8.7097168e+01
   6.2420150e+06   7.2998047e+01
   6.3075120e+06   7.0617676e+01
   6.3927360e+06   7.2753906e+01
   6.4620990e+06   8.3374023e+01
   6.4747020e+06   7.0922852e+01
   6.4747850e+06   8.0627441e+01
   6.4748440e+06   7.0495605e+01
   6.4843310e+06   7.3181152e+01
   6.5316070e+06   7.8735352e+01
   6.5509020e+06   8.2336426e+01
   6.5710090e+06   7.9589844e+01
   6.5711510e+06   7.3913574e+01
   6.5966640e+06   7.1777344e+01
   6.5966960e+06   7.0617676e+01
   6.9626340e+06   7.2631836e+01
   6.9627130e+06   7.0739746e+01
   7.0676900e+06   7.8857422e+01
   7.1251480e+06   8.7097168e+01
   7.1251870e+06   8.9172363e+01
   7.1254100e+06   7.3425293e+01
   7.2280500e+06   8.2153320e+01
   7.2280790e+06   8.1909180e+01
   7.2282430e+06   7.6416016e+01
   7.2846430e+06   7.9345703e+01
   7.2847640e+06   7.2204590e+01
   7.2953960e+06   7.3486328e+01
   7.3040160e+06   7.2204590e+01
   7.3040720e+06   7.8063965e+01
   7.3041890e+06   7.1289063e+01
   7.3127630e+06   7.2692871e+01
   7.3130840e+06   7.2814941e+01
   7.3209880e+06   7.0495605e+01
   7.3366850e+06   7.0495605e+01
   7.3456990e+06   7.3791504e+01
   7.3457240e+06   7.3303223e+01
   7.3564990e+06   7.7331543e+01
   7.3790430e+06   7.7453613e+01
   7.3887390e+06   7.2814941e+01
   7.3887600e+06   7.7270508e+01
   7.5240290e+06   8.8195801e+01
   7.6226800e+06   7.4951172e+01
   7.6227950e+06   7.2631836e+01
   7.6230010e+06   7.2631836e+01
   7.6964460e+06   7.6110840e+01
   7.6966230e+06   7.8491211e+01
   7.7711510e+06   7.2021484e+01
   7.8585950e+06   7.2631836e+01
   7.8586500e+06   7.3425293e+01
   7.8587110e+06   7.1350098e+01
   7.8587330e+06   7.5439453e+01
   7.8873090e+06   7.3669434e+01
   7.8990540e+06   8.3435059e+01
   7.9439690e+06   7.5073242e+01
   7.9439890e+06   7.7331543e+01
   7.9694560e+06   7.2448730e+01
   7.9695890e+06   7.4523926e+01
   7.9697240e+06   7.6782227e+01
   7.9877020e+06   7.9467773e+01
   8.0179800e+06   7.3486328e+01
   8.1848670e+06   8.6730957e+01
   8.2690250e+06   7.6110840e+01
   8.3400890e+06   7.4157715e+01
   8.3402390e+06   8.0932617e+01
   8.4260610e+06   7.4707031e+01
   8.4738800e+06   7.5927734e+01
   8.4740650e+06   8.3190918e+01
   8.4742770e+06   7.3120117e+01
   8.5136090e+06   7.3364258e+01
   8.5487640e+06   7.4645996e+01
   8.5490580e+06   7.3181152e+01
   8.6085650e+06   8.7829590e+01
   8.6086020e+06   8.3862305e+01
   8.6086490e+06   7.9406738e+01
   8.6089630e+06   7.1960449e+01
   8.6231910e+06   7.1533203e+01
   8.6232560e+06   7.3913574e+01
   8.6376310e+06   7.5866699e+01
   8.6376780e+06   7.1533203e+01
   8.6513380e+06   7.3608398e+01
   8.6516320e+06   7.2143555e+01
   8.6601880e+06   7.7148438e+01
   8.6677500e+06   7.9406738e+01
   8.6756460e+06   7.9589844e+01
   8.6758650e+06   7.3120117e+01
   8.6846900e+06   7.8002930e+01
   8.7028790e+06   7.3486328e+01
   8.7133450e+06   7.2937012e+01
   8.7201070e+06   7.7819824e+01
   8.7497900e+06   7.5134277e+01
   8.8688680e+06   7.6599121e+01
   8.8768600e+06   7.2387695e+01
   8.9355010e+06   7.4768066e+01
   8.9739320e+06   7.3303223e+01
   9.0283740e+06   7.0861816e+01
   9.1922480e+06   7.5195313e+01
   9.2822440e+06   7.1716309e+01
   9.4591070e+06   7.9101563e+01
   9.5144050e+06   7.3791504e+01
   9.5151720e+06   7.6171875e+01
   9.6263770e+06   7.2265625e+01
   9.6574170e+06   7.5073242e+01
   9.6769870e+06   8.0505371e+01
   9.6770850e+06   7.0617676e+01
   9.6996990e+06   8.3496094e+01
   9.7173880e+06   9.0393066e+01
   9.7175090e+06   8.2824707e+01
   9.7241670e+06   7.0861816e+01
   9.8022540e+06   7.2021484e+01
   9.8025410e+06   7.6843262e+01
   9.8463890e+06   7.2875977e+01
   9.8995430e+06   7.3486328e+01
   9.9354890e+06   7.2509766e+01
   9.9639280e+06   7.8979492e+01
   9.9645100e+06   7.1289063e+01
   1.0061122e+07   7.9589844e+01
   1.0139548e+07   7.0617676e+01
   1.0247227e+07   7.3242188e+01
   1.0299226e+07   7.9406738e+01
   1.0427902e+07   7.4768066e+01
   1.0622309e+07   8.0810547e+01
   1.0671896e+07   7.0495605e+01
   1.0706435e+07   7.7758789e+01
   1.0742694e+07   7.2998047e+01
   1.0757302e+07   7.1899414e+01
   1.0850395e+07   7.0495605e+01
   1.0850515e+07   7.9956055e+01
   1.0882298e+07   7.0495605e+01
   1.0899724e+07   7.0983887e+01
   1.0911473e+07   7.6782227e+01
   1.0920083e+07   7.5012207e+01
   1.0960268e+07   7.4157715e+01
   1.0969823e+07   8.3801270e+01
   1.1040029e+07   7.2509766e+01
   1.1090184e+07   7.9162598e+01
   1.1666239e+07   7.1716309e+01
   1.1666440e+07   7.4218750e+01
   1.1681698e+07   9.3872070e+01
   1.1681938e+07   7.1655273e+01
   1.1683448e+07   7.2509766e+01
   1.1719182e+07   7.3974609e+01
   1.1761478e+07   7.5500488e+01
   1.1761753e+07   7.1228027e+01
   1.1837974e+07   7.5866699e+01
   1.1856963e+07   7.7514648e+01
   1.1857111e+07   7.4218750e+01
   1.1895595e+07   7.2631836e+01
   1.1909020e+07   7.1166992e+01
   1.1929380e+07   7.4645996e+01
   1.1940504e+07   7.0922852e+01
   1.1949937e+07   7.4340820e+01
   1.1950136e+07   7.8613281e+01
