   1.1999000e+07   0.0000000e+00
   7.5002000e+04   4.6264648e+01
   7.5103000e+04   4.9194336e+01
   7.5311000e+04   5.3833008e+01
   7.5549000e+04   4.9804688e+01
   7.5749000e+04   4.6875000e+01
   7.5793000e+04   4.6630859e+01
   7.5831000e+04   4.6936035e+01
   7.5902000e+04   4.6508789e+01
   1.0305900e+05   4.6386719e+01
   1.0341300e+05   4.8583984e+01
   1.0347800e+05   5.0781250e+01
   1.0371700e+05   5.2429199e+01
   3.5051900e+05   5.2978516e+01
   3.5063600e+05   4.6325684e+01
   3.5067100e+05   6.0913086e+01
   3.5075100e+05   5.5664063e+01
   3.5086400e+05   4.7058105e+01
   3.5093300e+05   4.6875000e+01
   3.5142800e+05   4.7180176e+01
   4.5141600e+05   4.5898438e+01
   4.5154900e+05   4.9743652e+01
   4.5157200e+05   4.7851563e+01
   5.4514800e+05   4.5959473e+01
   5.4525300e+05   6.8298340e+01
   5.4562100e+05   4.7119141e+01
   5.4732300e+05   5.5114746e+01
   5.4751600e+05   4.9621582e+01
   5.7247200e+05   4.7180176e+01
   5.7336500e+05   4.6936035e+01
   6.5928000e+05   4.5898438e+01
   6.5960100e+05   5.6701660e+01
   6.5980000e+05   4.6875000e+01
   6.5985400e+05   4.9743652e+01
   6.6078600e+05   5.4748535e+01
   7.8707000e+05   5.4443359e+01
   7.8709700e+05   4.6325684e+01
   7.8757300e+05   4.7912598e+01
   7.8790500e+05   4.6020508e+01
   8.9961500e+05   5.4077148e+01
   8.9966100e+05   4.9011230e+01
   8.9985600e+05   5.1391602e+01
   9.1125900e+05   1.1737061e+02
   9.9264100e+05   5.4199219e+01
   9.9271900e+05   4.6081543e+01
   9.9274900e+05   4.9682617e+01
   9.9294400e+05   5.0415039e+01
   9.9299600e+05   5.0048828e+01
   9.9318800e+05   4.7180176e+01
   9.9400200e+05   6.8725586e+01
   1.1031430e+06   5.7128906e+01
   1.1032010e+06   4.8034668e+01
   1.1037800e+06   4.6447754e+01
   1.1974120e+06   5.2978516e+01
   1.1974930e+06   4.6264648e+01
   1.1976050e+06   4.6936035e+01
   1.1988140e+06   4.9011230e+01
   1.3163910e+06   4.8278809e+01
   1.3169900e+06   4.5837402e+01
   1.3976620e+06   5.5603027e+01
   1.3978650e+06   5.7373047e+01
   1.3984540e+06   5.4687500e+01
   1.5263220e+06   4.7851563e+01
   1.6084340e+06   5.2856445e+01
   1.6085610e+06   5.0476074e+01
   1.6086460e+06   5.6213379e+01
   1.6087940e+06   4.8828125e+01
   1.7125450e+06   4.5959473e+01
   1.7125680e+06   5.0659180e+01
   1.7125810e+06   4.8583984e+01
   1.7127800e+06   4.6325684e+01
   1.7141440e+06   4.6142578e+01
   1.7146170e+06   5.4809570e+01
   1.8327080e+06   4.7546387e+01
   1.8329470e+06   4.6508789e+01
   1.8330880e+06   4.9743652e+01
   1.8339800e+06   4.7607422e+01
   1.8347010e+06   4.7119141e+01
   1.9725440e+06   5.1391602e+01
   1.9728800e+06   4.6081543e+01
   1.9729560e+06   4.6447754e+01
   1.9730690e+06   4.7851563e+01
   1.9730860e+06   4.6264648e+01
   1.9732140e+06   6.2316895e+01
   2.1279820e+06   4.5898438e+01
   2.2691030e+06   5.0415039e+01
   2.2692130e+06   4.8339844e+01
   2.3573100e+06   4.7607422e+01
   2.3575090e+06   4.6264648e+01
   2.3581190e+06   4.6630859e+01
   2.3619070e+06   4.6630859e+01
   2.3913580e+06   4.6813965e+01
   2.5660380e+06   4.6813965e+01
   2.5661140e+06   4.7485352e+01
   2.5661320e+06   4.7973633e+01
   2.5671110e+06   4.7241211e+01
   2.5674940e+06   4.7241211e+01
   2.5692070e+06   4.6447754e+01
   2.6852550e+06   5.2978516e+01
   2.6853270e+06   5.0964355e+01
   2.6854400e+06   4.6630859e+01
   2.6854800e+06   5.1635742e+01
   2.6856130e+06   4.6752930e+01
   2.6857980e+06   4.6020508e+01
   2.7671590e+06   4.8950195e+01
   2.9925220e+06   4.7607422e+01
   2.9925730e+06   4.6203613e+01
   2.9926710e+06   5.4565430e+01
   2.9930380e+06   4.6020508e+01
   2.9952580e+06   4.8278809e+01
   3.0749290e+06   5.0170898e+01
   3.0750240e+06   5.8044434e+01
   3.0751440e+06   5.2856445e+01
   3.0754590e+06   4.7973633e+01
   3.1734490e+06   4.7668457e+01
   3.1734880e+06   4.9865723e+01
   3.1739890e+06   5.5969238e+01
   3.2723560e+06   5.5419922e+01
   3.2727610e+06   4.5959473e+01
   3.2729300e+06   5.2795410e+01
   3.2731830e+06   5.8227539e+01
   3.3120500e+06   4.8645020e+01
   3.3120800e+06   4.6081543e+01
   3.3121330e+06   5.1635742e+01
   3.3127130e+06   4.8339844e+01
   3.5631670e+06   4.7485352e+01
   3.5631970e+06   4.7058105e+01
   3.5633650e+06   4.6447754e+01
   3.5644600e+06   4.8278809e+01
   3.5646610e+06   4.8950195e+01
   3.6551010e+06   4.8095703e+01
   3.6551200e+06   4.6386719e+01
   3.6554240e+06   4.6447754e+01
   3.6809280e+06   4.7302246e+01
   3.7752120e+06   4.6081543e+01
   3.7753980e+06   4.5959473e+01
   3.7754910e+06   4.6691895e+01
   3.7756460e+06   4.7668457e+01
   3.7766130e+06   4.7058105e+01
   4.0198810e+06   4.5898438e+01
   4.0201920e+06   5.5419922e+01
   4.0208380e+06   4.9743652e+01
   4.1412460e+06   4.9499512e+01
   4.1412780e+06   5.1696777e+01
   4.1413740e+06   4.7851563e+01
   4.1414080e+06   4.7302246e+01
   4.1414550e+06   4.9316406e+01
   4.2244490e+06   4.5959473e+01
   4.2245590e+06   4.6569824e+01
   4.2247180e+06   5.1757813e+01
   4.3767260e+06   4.7363281e+01
   4.3767750e+06   4.6875000e+01
   4.3768890e+06   4.7119141e+01
   4.5197920e+06   5.1391602e+01
   4.5199690e+06   4.9438477e+01
   4.5210920e+06   4.7973633e+01
   4.6746410e+06   4.5959473e+01
   4.6746630e+06   5.3466797e+01
   4.6746860e+06   4.8645020e+01
   4.6756660e+06   4.8583984e+01
   4.6762300e+06   4.6875000e+01
   4.7698530e+06   5.7250977e+01
   4.7699530e+06   5.1635742e+01
   4.7699670e+06   4.8278809e+01
   4.7721600e+06   4.7058105e+01
   4.7721740e+06   5.2429199e+01
   4.9847780e+06   5.6091309e+01
   4.9849850e+06   4.9804688e+01
   4.9850170e+06   4.9011230e+01
   4.9850710e+06   4.6020508e+01
   5.0285730e+06   4.9499512e+01
   5.0290070e+06   4.7241211e+01
   5.2194820e+06   4.5959473e+01
   5.2195520e+06   5.3588867e+01
   5.2197950e+06   5.6213379e+01
   5.2222620e+06   4.7729492e+01
   5.3554160e+06   4.5959473e+01
   5.3557390e+06   4.6813965e+01
   5.4196850e+06   4.6997070e+01
   5.4198700e+06   5.0415039e+01
   5.4217310e+06   4.6020508e+01
   5.5448020e+06   5.3161621e+01
   5.5453160e+06   5.2917480e+01
   5.5453820e+06   4.5776367e+01
   5.5460890e+06   4.8156738e+01
   5.6702640e+06   4.8034668e+01
   5.7823900e+06   5.7128906e+01
   5.7824050e+06   4.7668457e+01
   5.7830310e+06   5.6152344e+01
   5.7830950e+06   4.7729492e+01
   5.7832600e+06   4.5898438e+01
   5.7833670e+06   4.5959473e+01
   5.7836540e+06   5.2612305e+01
   5.8969350e+06   4.6508789e+01
   5.8970640e+06   5.1879883e+01
   6.0076760e+06   4.6325684e+01
   6.0078080e+06   4.7119141e+01
   6.0080770e+06   5.0598145e+01
   6.0095250e+06   4.7180176e+01
   6.1060860e+06   5.1025391e+01
   6.1064700e+06   4.6508789e+01
   6.1065500e+06   4.5776367e+01
   6.2261510e+06   4.7058105e+01
   6.2262920e+06   4.9072266e+01
   6.2263710e+06   4.8156738e+01
   6.2265870e+06   4.7546387e+01
   6.2285740e+06   5.5053711e+01
   6.2297840e+06   4.5898438e+01
   6.3686090e+06   4.6936035e+01
   6.3687710e+06   4.6630859e+01
   6.3705990e+06   4.6875000e+01
   6.5004230e+06   4.7973633e+01
   6.5005000e+06   4.9072266e+01
   6.5005720e+06   5.1330566e+01
   6.5007480e+06   4.8278809e+01
   6.5984900e+06   4.6020508e+01
   6.5985310e+06   4.7546387e+01
   6.5986640e+06   4.9743652e+01
   6.5988640e+06   4.7180176e+01
   6.6006540e+06   4.6081543e+01
   6.6780370e+06   4.6081543e+01
   6.6785140e+06   5.8898926e+01
   6.6803000e+06   4.6630859e+01
   6.8262770e+06   5.0781250e+01
   6.9204090e+06   4.7363281e+01
   6.9204560e+06   4.9926758e+01
   6.9208180e+06   5.1330566e+01
   6.9224280e+06   4.6691895e+01
   7.0680740e+06   4.7607422e+01
   7.0681260e+06   4.8217773e+01
   7.0684190e+06   4.9438477e+01
   7.0684660e+06   5.0598145e+01
   7.0685130e+06   4.6997070e+01
   7.0690380e+06   4.6325684e+01
   7.2171030e+06   4.8522949e+01
   7.2171490e+06   6.3293457e+01
   7.2171960e+06   5.5847168e+01
   7.2173160e+06   4.5898438e+01
   7.2175140e+06   5.2795410e+01
   7.2791760e+06   5.3039551e+01
   7.2797040e+06   5.0720215e+01
   7.3018440e+06   4.8706055e+01
   7.4715760e+06   4.6386719e+01
   7.4717580e+06   4.8034668e+01
   7.4720700e+06   5.3100586e+01
   7.5702680e+06   5.1757813e+01
   7.5714170e+06   4.6875000e+01
   7.6906200e+06   6.0729980e+01
   7.6912910e+06   4.6447754e+01
   7.7351060e+06   4.9682617e+01
   7.7352970e+06   4.7729492e+01
   7.7355390e+06   5.1208496e+01
   7.7376480e+06   5.3100586e+01
   7.8636570e+06   4.6875000e+01
   7.8636850e+06   4.9194336e+01
   7.9341980e+06   5.3161621e+01
   8.1063050e+06   5.7861328e+01
   8.1070000e+06   4.8095703e+01
   8.1086880e+06   4.8278809e+01
   8.1705080e+06   4.6997070e+01
   8.1706190e+06   4.6508789e+01
   8.1708600e+06   4.9926758e+01
   8.1715150e+06   5.3649902e+01
   8.3666470e+06   4.6936035e+01
   8.3669030e+06   5.2978516e+01
   8.3677050e+06   4.6813965e+01
   8.4944260e+06   4.6264648e+01
   8.4947650e+06   4.7546387e+01
   8.4962110e+06   4.6386719e+01
   8.5743870e+06   4.9011230e+01
   8.5744870e+06   6.2561035e+01
   8.5746650e+06   5.7495117e+01
   8.5753140e+06   4.7058105e+01
   8.7012380e+06   5.0598145e+01
   8.8048820e+06   5.2795410e+01
   8.8051010e+06   5.2612305e+01
   8.8052230e+06   4.6142578e+01
   8.9280920e+06   4.8095703e+01
   8.9291650e+06   4.5959473e+01
   9.0207470e+06   4.9621582e+01
   9.0208140e+06   4.9255371e+01
   9.0209960e+06   4.6447754e+01
   9.0213170e+06   5.0903320e+01
   9.0213810e+06   4.7424316e+01
   9.0216390e+06   5.4687500e+01
   9.1496170e+06   5.0354004e+01
   9.1497190e+06   5.3283691e+01
   9.1501330e+06   5.1696777e+01
   9.1502900e+06   4.8828125e+01
   9.1798000e+06   4.7180176e+01
   9.3160070e+06   4.8828125e+01
   9.3160740e+06   4.6752930e+01
   9.3161760e+06   4.7912598e+01
   9.3162080e+06   4.8156738e+01
   9.3163110e+06   4.9865723e+01
   9.3171970e+06   4.7973633e+01
   9.3192360e+06   4.6813965e+01
   9.4755890e+06   4.6447754e+01
   9.4756780e+06   5.0598145e+01
   9.4760410e+06   4.7607422e+01
   9.4761270e+06   4.9743652e+01
   9.5164890e+06   4.7241211e+01
   9.5170970e+06   5.6640625e+01
   9.5489350e+06   4.6752930e+01
   9.5490060e+06   5.5175781e+01
   9.5490660e+06   5.2795410e+01
   9.5493320e+06   5.0659180e+01
   9.5730450e+06   5.3710938e+01
   9.9062140e+06   4.6752930e+01
   9.9063690e+06   4.8278809e+01
   9.9818730e+06   5.0598145e+01
   9.9824360e+06   4.7241211e+01
   9.9831830e+06   4.6752930e+01
   1.0008547e+07   4.6508789e+01
   1.0192292e+07   4.8400879e+01
   1.0192400e+07   4.5776367e+01
   1.0192468e+07   4.9194336e+01
   1.0222736e+07   4.6325684e+01
   1.0251045e+07   4.7485352e+01
   1.0436110e+07   5.0964355e+01
   1.0436163e+07   4.6630859e+01
   1.0436310e+07   4.7729492e+01
   1.0436340e+07   4.9377441e+01
   1.0436795e+07   4.8217773e+01
   1.0438723e+07   5.1818848e+01
   1.0647179e+07   4.7790527e+01
   1.0647217e+07   4.5776367e+01
   1.0647252e+07   4.6875000e+01
   1.0647302e+07   6.7199707e+01
   1.0647533e+07   4.6813965e+01
   1.0647634e+07   4.8767090e+01
   1.0648543e+07   4.6203613e+01
   1.0754821e+07   4.6875000e+01
   1.0754963e+07   4.9682617e+01
   1.0755136e+07   4.9255371e+01
   1.0756346e+07   5.1391602e+01
   1.0833060e+07   5.0537109e+01
   1.1064026e+07   5.1208496e+01
   1.1064062e+07   4.6203613e+01
   1.1064233e+07   4.7546387e+01
   1.1064290e+07   4.8645020e+01
   1.1064900e+07   4.6875000e+01
   1.1066216e+07   4.9194336e+01
   1.1066743e+07   4.7851563e+01
   1.1093655e+07   4.6203613e+01
   1.1093767e+07   4.9621582e+01
   1.1093919e+07   5.3588867e+01
   1.1094420e+07   5.2246094e+01
   1.1094555e+07   5.0231934e+01
   1.1138483e+07   4.6569824e+01
   1.1569438e+07   5.4443359e+01
   1.1569608e+07   4.7485352e+01
   1.1569632e+07   4.7729492e+01
   1.1569697e+07   5.9204102e+01
   1.1569893e+07   5.3039551e+01
   1.1888741e+07   5.4138184e+01
   1.1889293e+07   4.7668457e+01
   1.1891682e+07   4.9011230e+01
