   1.1999000e+07   0.0000000e+00
   6.7568000e+04   4.5410156e+01
   4.7337900e+05   3.8085938e+01
   4.7344300e+05   3.7231445e+01
   6.5410900e+05   4.6508789e+01
   8.4974500e+05   4.1992188e+01
   9.8841100e+05   3.7048340e+01
   9.8857100e+05   3.7353516e+01
   1.1042910e+06   3.7048340e+01
   1.1999730e+06   3.8024902e+01
   1.2615140e+06   3.7841797e+01
   1.3519290e+06   4.9682617e+01
   1.3520120e+06   3.7719727e+01
   1.5050960e+06   3.7963867e+01
   1.5055850e+06   3.8818359e+01
   2.1182140e+06   4.2968750e+01
   2.2888720e+06   3.8085938e+01
   2.3957940e+06   3.8146973e+01
   2.6441570e+06   4.8461914e+01
   2.6441890e+06   4.2724609e+01
   2.6442380e+06   4.0832520e+01
   2.8833880e+06   3.9916992e+01
   2.9909790e+06   4.1198730e+01
   3.0521660e+06   3.8269043e+01
   3.1039260e+06   4.2724609e+01
   3.1897280e+06   3.7780762e+01
   3.1900400e+06   3.7902832e+01
   3.2887670e+06   3.7902832e+01
   3.2891470e+06   4.0832520e+01
   3.3700500e+06   3.8085938e+01
   3.4663960e+06   3.7780762e+01
   3.4669240e+06   3.7536621e+01
   3.6265530e+06   4.0466309e+01
   4.0950430e+06   4.2663574e+01
   4.0951130e+06   3.8208008e+01
   4.1929510e+06   4.4250488e+01
   4.1930100e+06   3.7536621e+01
   4.3589470e+06   3.7109375e+01
   4.7240610e+06   4.1381836e+01
   4.7770220e+06   3.8146973e+01
   4.8195440e+06   3.8818359e+01
   5.0207550e+06   3.8757324e+01
   5.1072690e+06   3.7231445e+01
   5.2320810e+06   3.8757324e+01
   5.8410290e+06   4.4067383e+01
   5.9781980e+06   3.7353516e+01
   6.3854070e+06   4.0039063e+01
   6.5445070e+06   3.9733887e+01
   6.5446390e+06   4.2175293e+01
   6.6924650e+06   4.1809082e+01
   6.8244480e+06   3.8879395e+01
   7.0144570e+06   3.7170410e+01
   7.0667760e+06   4.0161133e+01
   7.1371090e+06   3.8696289e+01
   7.4431550e+06   3.6987305e+01
   8.1106990e+06   3.7658691e+01
   8.2840620e+06   3.8269043e+01
   8.4330140e+06   3.9001465e+01
   8.4331280e+06   3.9428711e+01
   8.5251260e+06   3.7109375e+01
   8.5251660e+06   4.7668457e+01
   8.8123810e+06   4.3334961e+01
   9.1089930e+06   3.7841797e+01
   9.1716300e+06   4.0405273e+01
   9.3696920e+06   3.8391113e+01
   9.4857030e+06   3.9733887e+01
   9.5633030e+06   3.9001465e+01
   9.7267840e+06   3.8452148e+01
   9.7769010e+06   4.1259766e+01
   1.0149328e+07   3.8574219e+01
   1.0729095e+07   3.7292480e+01
   1.0931770e+07   3.7109375e+01
   1.1101782e+07   3.7719727e+01
   1.1101923e+07   4.0405273e+01
   1.1265849e+07   3.7719727e+01
   1.1331816e+07   3.9611816e+01
   1.1487101e+07   3.9123535e+01
   1.1628094e+07   3.7902832e+01
