   1.1999000e+07   0.0000000e+00
   4.2565000e+04   4.1137695e+01
   4.2687000e+04   5.7678223e+01
   1.4296700e+05   3.9978027e+01
   1.4346600e+05   4.5349121e+01
   1.4352400e+05   4.5898438e+01
   1.5640700e+05   4.0344238e+01
   2.2503600e+05   5.5725098e+01
   2.9017300e+05   3.9794922e+01
   5.9278400e+05   4.1564941e+01
   6.5818400e+05   4.2846680e+01
   7.2355300e+05   4.7912598e+01
   7.2367000e+05   4.3457031e+01
   7.2369200e+05   4.6203613e+01
   7.2374100e+05   4.2114258e+01
   7.8259600e+05   4.5532227e+01
   8.2740100e+05   4.9255371e+01
   1.0871350e+06   4.0771484e+01
   1.1290460e+06   4.4433594e+01
   1.1909250e+06   4.1870117e+01
   1.2315550e+06   4.0405273e+01
   1.2615800e+06   4.1381836e+01
   1.2616380e+06   4.0466309e+01
   1.3584870e+06   4.1015625e+01
   1.3619740e+06   4.0222168e+01
   1.5047810e+06   5.0415039e+01
   1.5211290e+06   4.3029785e+01
   1.6387140e+06   4.1076660e+01
   1.6720770e+06   4.1015625e+01
   1.8704790e+06   3.9733887e+01
   2.0734320e+06   4.6691895e+01
   2.1591890e+06   4.2236328e+01
   2.1691420e+06   4.1809082e+01
   2.1810940e+06   4.0649414e+01
   2.2054570e+06   3.9916992e+01
   2.2737350e+06   4.0954590e+01
   2.3723940e+06   4.1015625e+01
   2.4734460e+06   4.4982910e+01
   2.7007310e+06   4.1381836e+01
   2.9062600e+06   3.9611816e+01
   3.0279980e+06   4.4372559e+01
   3.0441860e+06   4.5837402e+01
   3.0508370e+06   4.1442871e+01
   3.1000090e+06   4.1137695e+01
   3.1633450e+06   3.9978027e+01
   3.2009810e+06   4.0893555e+01
   3.2793630e+06   4.5227051e+01
   3.2975670e+06   4.4982910e+01
   3.3174990e+06   4.4189453e+01
   3.3555590e+06   3.9916992e+01
   3.4459710e+06   4.8217773e+01
   3.4692570e+06   4.8583984e+01
   3.4695010e+06   4.2724609e+01
   3.4956840e+06   4.6325684e+01
   3.5045160e+06   4.5166016e+01
   3.5119410e+06   4.0710449e+01
   3.5207460e+06   4.2968750e+01
   3.5395400e+06   3.9855957e+01
   3.5527050e+06   4.2419434e+01
   3.5528390e+06   4.0893555e+01
   3.5678940e+06   4.0588379e+01
   3.5679340e+06   4.6630859e+01
   3.5679650e+06   4.6569824e+01
   3.5681520e+06   4.0588379e+01
   3.5815510e+06   4.4372559e+01
   3.5957560e+06   4.1992188e+01
   3.6089220e+06   4.4799805e+01
   3.6227010e+06   4.3334961e+01
   3.6227600e+06   4.0832520e+01
   3.6228090e+06   4.2724609e+01
   3.6347410e+06   4.8400879e+01
   3.6348140e+06   4.0222168e+01
   3.6348260e+06   4.1503906e+01
   3.6709130e+06   4.1503906e+01
   3.6826180e+06   4.9682617e+01
   3.6826330e+06   4.0954590e+01
   3.6826790e+06   4.0588379e+01
   3.6827280e+06   4.7363281e+01
   3.6838340e+06   4.3579102e+01
   3.6996940e+06   4.1259766e+01
   3.7155740e+06   5.0781250e+01
   3.7239700e+06   4.3762207e+01
   3.7316330e+06   4.7729492e+01
   3.7317960e+06   4.5471191e+01
   3.7462280e+06   4.7119141e+01
   3.7542290e+06   4.6936035e+01
   3.7635540e+06   5.0842285e+01
   3.7636280e+06   4.1442871e+01
   3.7750620e+06   4.2785645e+01
   3.7751140e+06   3.9611816e+01
   3.7859780e+06   4.3334961e+01
   3.7978120e+06   3.9733887e+01
   3.7978550e+06   4.5959473e+01
   3.8093760e+06   5.2673340e+01
   3.8094860e+06   4.1503906e+01
   3.8196080e+06   4.3884277e+01
   3.8307810e+06   4.1442871e+01
   3.8308170e+06   4.3395996e+01
   3.8309260e+06   4.1748047e+01
   3.8418440e+06   4.2785645e+01
   3.8532400e+06   5.7922363e+01
   3.8533000e+06   4.0832520e+01
   3.8533270e+06   4.0344238e+01
   3.8534000e+06   4.1381836e+01
   3.8662390e+06   4.1320801e+01
   3.8662860e+06   3.9794922e+01
   3.8782220e+06   4.1137695e+01
   3.8885290e+06   3.9794922e+01
   3.9003850e+06   4.8034668e+01
   3.9290140e+06   4.1625977e+01
   3.9460260e+06   4.0954590e+01
   3.9462340e+06   4.2541504e+01
   3.9609680e+06   4.7546387e+01
   4.0041260e+06   4.0588379e+01
   4.0358410e+06   4.1320801e+01
   4.0521640e+06   4.3029785e+01
   4.3925430e+06   5.8166504e+01
   4.4256550e+06   3.9733887e+01
   4.5572960e+06   4.0405273e+01
   4.5684790e+06   4.2297363e+01
   4.7910750e+06   4.1198730e+01
   4.9515020e+06   4.2236328e+01
   5.2560970e+06   4.3945313e+01
   5.3372110e+06   4.9011230e+01
   5.3607190e+06   3.9916992e+01
   5.5751690e+06   4.1931152e+01
   5.5757850e+06   4.0405273e+01
   5.7078150e+06   4.0771484e+01
   5.7995980e+06   4.0588379e+01
   5.8197870e+06   3.9794922e+01
   5.8417240e+06   4.0344238e+01
   5.8428300e+06   4.4250488e+01
   5.8786330e+06   4.2236328e+01
   5.9414870e+06   4.1870117e+01
   6.0039300e+06   4.1137695e+01
   6.0479310e+06   4.0344238e+01
   6.1586870e+06   5.5603027e+01
   6.2976950e+06   5.1879883e+01
   6.4937370e+06   4.4189453e+01
   6.4937540e+06   3.9916992e+01
   6.4938100e+06   5.4626465e+01
   6.4938520e+06   4.0649414e+01
   6.5354120e+06   3.9733887e+01
   6.5357200e+06   3.9978027e+01
   6.5362700e+06   3.9733887e+01
   6.5457250e+06   4.0283203e+01
   6.5554400e+06   4.3151855e+01
   6.5662210e+06   4.1137695e+01
   6.5663060e+06   4.3457031e+01
   6.5827970e+06   4.9865723e+01
   6.5972420e+06   4.6264648e+01
   6.5973190e+06   3.9733887e+01
   6.6154060e+06   4.3151855e+01
   6.6154760e+06   4.3334961e+01
   6.6155740e+06   3.9794922e+01
   6.6327550e+06   4.0893555e+01
   6.6328060e+06   4.1870117e+01
   6.6518340e+06   4.0161133e+01
   6.6518610e+06   6.0852051e+01
   6.6519030e+06   4.0832520e+01
   6.6519950e+06   5.4016113e+01
   6.6666080e+06   4.7790527e+01
   6.6666660e+06   4.3518066e+01
   6.6812950e+06   4.9804688e+01
   6.6901410e+06   5.7128906e+01
   6.6902860e+06   5.6640625e+01
   6.6991920e+06   4.3029785e+01
   6.7096020e+06   4.1259766e+01
   6.7215810e+06   3.9672852e+01
   6.7217590e+06   4.0222168e+01
   6.7326270e+06   4.1198730e+01
   6.7459330e+06   4.4372559e+01
   6.7459800e+06   4.5898438e+01
   6.7592290e+06   4.1259766e+01
   6.7726430e+06   4.5959473e+01
   6.7857500e+06   4.0222168e+01
   6.7858170e+06   4.7851563e+01
   6.8048100e+06   3.9611816e+01
   6.8170570e+06   5.1452637e+01
   6.8310270e+06   4.1992188e+01
   6.8459830e+06   5.1147461e+01
   6.8460270e+06   4.4677734e+01
   6.8461860e+06   4.0527344e+01
   6.8618130e+06   4.1992188e+01
   6.8766430e+06   4.0893555e+01
   6.9056460e+06   4.3212891e+01
   7.1503220e+06   4.4189453e+01
   7.4448960e+06   4.3945313e+01
   7.4450960e+06   3.9672852e+01
   7.4763510e+06   4.0405273e+01
   7.9658310e+06   4.0405273e+01
   7.9953020e+06   4.5349121e+01
   8.2065270e+06   3.9916992e+01
   8.2600340e+06   4.1381836e+01
   8.3189100e+06   4.3151855e+01
   8.6354430e+06   4.4128418e+01
   9.0225640e+06   4.4067383e+01
   9.0725530e+06   4.1748047e+01
   9.4242950e+06   4.5227051e+01
   9.6324840e+06   5.8654785e+01
   9.6325370e+06   3.9611816e+01
   9.6325780e+06   4.0344238e+01
   9.6572320e+06   4.1809082e+01
   9.6779710e+06   4.1748047e+01
   9.6965130e+06   4.8034668e+01
   9.7058830e+06   3.9611816e+01
   9.7186310e+06   4.3579102e+01
   9.7353410e+06   4.0283203e+01
   9.7510830e+06   5.2978516e+01
   9.7639770e+06   4.1076660e+01
   9.7796020e+06   4.0588379e+01
   9.7997130e+06   4.2785645e+01
   9.7997810e+06   4.1015625e+01
   9.8177390e+06   4.3090820e+01
   9.8177920e+06   4.8034668e+01
   9.8485620e+06   4.1076660e+01
   9.8486010e+06   4.3212891e+01
   9.8486460e+06   4.2053223e+01
   9.8486820e+06   4.4982910e+01
   9.8488310e+06   4.0527344e+01
   9.8879120e+06   5.4138184e+01
   9.8879340e+06   4.2053223e+01
   9.8879570e+06   4.7790527e+01
   9.8880130e+06   4.1015625e+01
   9.8880470e+06   4.2236328e+01
   9.8989570e+06   4.1198730e+01
   9.8990540e+06   4.2358398e+01
   9.9087460e+06   5.0354004e+01
   9.9087790e+06   4.7668457e+01
   9.9088820e+06   4.1442871e+01
   9.9195380e+06   4.6508789e+01
   9.9301730e+06   4.0039063e+01
   9.9302120e+06   3.9733887e+01
   9.9302480e+06   4.1259766e+01
   9.9303000e+06   4.5959473e+01
   9.9412770e+06   4.0283203e+01
   9.9535880e+06   4.9316406e+01
   9.9536110e+06   4.6142578e+01
   9.9537480e+06   3.9733887e+01
   9.9652600e+06   4.3334961e+01
   9.9786460e+06   5.0292969e+01
   9.9788650e+06   4.4311523e+01
   1.0010486e+07   4.0649414e+01
   1.0010539e+07   4.0344238e+01
   1.0027747e+07   5.2490234e+01
   1.0044606e+07   4.0039063e+01
   1.0060254e+07   4.2358398e+01
   1.0060307e+07   4.3273926e+01
   1.0060424e+07   4.5837402e+01
   1.0085083e+07   4.2968750e+01
   1.0283831e+07   4.6813965e+01
   1.0311513e+07   4.2175293e+01
   1.0423718e+07   3.9611816e+01
   1.0424476e+07   4.1809082e+01
   1.0582068e+07   4.0893555e+01
   1.0936961e+07   4.2541504e+01
   1.1109824e+07   4.0161133e+01
   1.1164036e+07   4.5654297e+01
   1.1318020e+07   4.9621582e+01
   1.1542439e+07   4.1931152e+01
   1.1627114e+07   4.2541504e+01
   1.1673164e+07   4.1320801e+01
