   1.1999000e+07   0.0000000e+00
   8.8333000e+04   5.1879883e+01
   1.1360400e+05   4.8034668e+01
   1.4357300e+05   4.3273926e+01
   1.9321400e+05   4.9621582e+01
   2.2506500e+05   4.3334961e+01
   2.2510200e+05   4.5410156e+01
   2.2512700e+05   4.7119141e+01
   2.2516800e+05   4.0283203e+01
   2.7294300e+05   5.0109863e+01
   2.7401600e+05   2.0257568e+02
   2.8718400e+05   4.3273926e+01
   2.9017700e+05   4.1320801e+01
   2.9028300e+05   5.2001953e+01
   3.4288300e+05   5.6396484e+01
   3.4362600e+05   4.3395996e+01
   3.9115200e+05   4.0283203e+01
   5.2421300e+05   4.5776367e+01
   6.5658600e+05   4.5410156e+01
   6.7498400e+05   1.9213867e+02
   7.1966100e+05   2.3199463e+02
   7.1972600e+05   1.6888428e+02
   7.2364000e+05   4.0710449e+01
   7.2365500e+05   2.2192383e+02
   7.8039100e+05   2.3858643e+02
   7.8273700e+05   4.4616699e+01
   8.1092500e+05   4.1320801e+01
   8.7152100e+05   4.3701172e+01
   8.7289700e+05   4.9499512e+01
   9.2754700e+05   2.3382568e+02
   9.6822400e+05   4.2785645e+01
   9.6829600e+05   2.1667480e+02
   9.9924400e+05   2.5482178e+02
   1.0005990e+06   4.1015625e+01
   1.0207130e+06   4.8095703e+01
   1.1289570e+06   4.9133301e+01
   1.1290720e+06   4.3762207e+01
   1.1675060e+06   5.2490234e+01
   1.1910600e+06   4.2602539e+01
   1.2311640e+06   4.8461914e+01
   1.2616830e+06   4.4738770e+01
   1.2617600e+06   1.9714355e+02
   1.2618240e+06   4.3273926e+01
   1.3218060e+06   4.8400879e+01
   1.3229030e+06   4.1992188e+01
   1.3619960e+06   5.2795410e+01
   1.3620750e+06   2.1917725e+02
   1.4229890e+06   5.0109863e+01
   1.4230030e+06   2.0690918e+02
   1.4650190e+06   4.5593262e+01
   1.4650810e+06   4.3395996e+01
   1.4824150e+06   4.8400879e+01
   1.5044170e+06   5.4138184e+01
   1.5183780e+06   2.2442627e+02
   1.5185170e+06   1.8377686e+02
   1.5186530e+06   4.3640137e+01
   1.5634820e+06   1.9622803e+02
   1.5795780e+06   5.0170898e+01
   1.6039710e+06   4.7485352e+01
   1.6040160e+06   1.8518066e+02
   1.6105300e+06   4.0466309e+01
   1.6108690e+06   4.1259766e+01
   1.6387610e+06   4.4006348e+01
   1.6578520e+06   4.8889160e+01
   1.6717310e+06   2.0666504e+02
   1.6719060e+06   4.1931152e+01
   1.6850830e+06   4.2297363e+01
   1.6957300e+06   4.5532227e+01
   1.7167980e+06   4.5166016e+01
   1.7480430e+06   4.1992188e+01
   1.8163940e+06   4.4311523e+01
   1.8705890e+06   5.2001953e+01
   1.9160310e+06   2.2326660e+02
   1.9162100e+06   5.2917480e+01
   1.9172900e+06   4.8400879e+01
   1.9179460e+06   4.3395996e+01
   1.9180560e+06   4.3701172e+01
   1.9428340e+06   5.1086426e+01
   1.9892840e+06   2.1807861e+02
   1.9899810e+06   2.0867920e+02
   1.9900110e+06   4.4799805e+01
   2.0077850e+06   5.0842285e+01
   2.0078820e+06   2.2485352e+02
   2.0082170e+06   4.1625977e+01
   2.0377890e+06   4.8583984e+01
   2.0378080e+06   2.2399902e+02
   2.0379180e+06   4.3701172e+01
   2.0391890e+06   4.5532227e+01
   2.0546480e+06   4.3457031e+01
   2.0560210e+06   4.4189453e+01
   2.0829510e+06   5.0842285e+01
   2.1027000e+06   4.2236328e+01
   2.1027790e+06   4.8522949e+01
   2.1140350e+06   4.4372559e+01
   2.1142210e+06   4.5654297e+01
   2.1276760e+06   5.0109863e+01
   2.1385890e+06   4.6691895e+01
   2.1470910e+06   4.3640137e+01
   2.1591050e+06   4.5104980e+01
   2.1591490e+06   4.4250488e+01
   2.1592950e+06   4.1564941e+01
   2.1809370e+06   4.1320801e+01
   2.1809570e+06   4.5593262e+01
   2.1924050e+06   4.7729492e+01
   2.1924520e+06   4.5227051e+01
   2.2053130e+06   4.2907715e+01
   2.2288940e+06   4.4494629e+01
   2.2289200e+06   4.2358398e+01
   2.2393170e+06   5.0781250e+01
   2.2524670e+06   4.3701172e+01
   2.2525130e+06   5.4809570e+01
   2.2525590e+06   2.3931885e+02
   2.2627850e+06   4.2419434e+01
   2.2737000e+06   4.3762207e+01
   2.2863490e+06   5.2246094e+01
   2.2863810e+06   4.8522949e+01
   2.2864110e+06   2.3931885e+02
   2.2864400e+06   4.3701172e+01
   2.3139190e+06   4.6875000e+01
   2.3277300e+06   6.2377930e+01
   2.3277610e+06   4.1687012e+01
   2.3279750e+06   4.2724609e+01
   2.3417810e+06   4.6997070e+01
   2.3721390e+06   4.0405273e+01
   2.3721730e+06   4.6081543e+01
   2.3866250e+06   4.0405273e+01
   2.4044540e+06   4.1076660e+01
   2.4227600e+06   4.6508789e+01
   2.4228100e+06   4.3029785e+01
   2.4733020e+06   4.5532227e+01
   2.4889630e+06   4.2419434e+01
   2.5010800e+06   4.9804688e+01
   2.5951060e+06   4.2602539e+01
   2.6994180e+06   4.2175293e+01
   2.7629030e+06   2.0806885e+02
   2.7630270e+06   4.5288086e+01
   2.7650070e+06   4.3395996e+01
   2.8431730e+06   2.3474121e+02
   2.8611740e+06   4.1931152e+01
   2.8629860e+06   2.2088623e+02
   2.8631310e+06   4.2236328e+01
   2.9017780e+06   5.2734375e+01
   2.9018150e+06   2.2045898e+02
   2.9041720e+06   4.9560547e+01
   2.9042160e+06   2.0825195e+02
   2.9042540e+06   5.5725098e+01
   2.9043080e+06   1.8389893e+02
   2.9228810e+06   2.2821045e+02
   2.9299110e+06   4.7790527e+01
   2.9575450e+06   5.3649902e+01
   2.9791470e+06   2.2753906e+02
   2.9791820e+06   1.2084961e+02
   2.9792440e+06   1.4648438e+02
   2.9800660e+06   4.5349121e+01
   2.9801010e+06   2.2100830e+02
   2.9801220e+06   4.1137695e+01
   2.9935760e+06   1.8408203e+02
   2.9936200e+06   1.4221191e+02
   2.9942480e+06   2.1777344e+02
   3.0072640e+06   4.3762207e+01
   3.0315780e+06   4.4616699e+01
   3.0508860e+06   5.2673340e+01
   3.0509500e+06   2.2125244e+02
   3.0707430e+06   5.4260254e+01
   3.0708100e+06   5.7678223e+01
   3.0885260e+06   6.2805176e+01
   3.0885370e+06   2.0800781e+02
   3.1039600e+06   5.2734375e+01
   3.1046780e+06   4.9438477e+01
   3.1046970e+06   4.2724609e+01
   3.1272100e+06   2.1160889e+02
   3.1457080e+06   4.6936035e+01
   3.1458110e+06   4.7180176e+01
   3.1633660e+06   1.8804932e+02
   3.1634510e+06   1.6833496e+02
   3.1634840e+06   4.2785645e+01
   3.2010300e+06   5.1025391e+01
   3.2011330e+06   1.7163086e+02
   3.2012640e+06   4.3457031e+01
   3.2223790e+06   4.4860840e+01
   3.2225110e+06   2.4475098e+02
   3.2421190e+06   6.1706543e+01
   3.2421680e+06   2.1343994e+02
   3.2594640e+06   4.5959473e+01
   3.2603390e+06   4.8583984e+01
   3.2603880e+06   5.3100586e+01
   3.2604760e+06   2.0257568e+02
   3.2793030e+06   4.6630859e+01
   3.2793180e+06   4.9499512e+01
   3.2975290e+06   4.5043945e+01
   3.2976470e+06   2.4218750e+02
   3.2976570e+06   4.8889160e+01
   3.2995370e+06   4.5410156e+01
   3.3175240e+06   4.2358398e+01
   3.3188210e+06   4.3640137e+01
   3.3192970e+06   6.2133789e+01
   3.3193480e+06   4.0283203e+01
   3.3357220e+06   4.4799805e+01
   3.3366910e+06   5.0476074e+01
   3.3372850e+06   4.6691895e+01
   3.3373740e+06   4.2297363e+01
   3.3555860e+06   4.8706055e+01
   3.3556750e+06   5.0781250e+01
   3.3556990e+06   4.1809082e+01
   3.3570930e+06   4.0710449e+01
   3.3731090e+06   4.0588379e+01
   3.3731270e+06   2.2851563e+02
   3.3743790e+06   4.7058105e+01
   3.3935810e+06   2.2656250e+02
   3.3936970e+06   4.0771484e+01
   3.4098550e+06   4.6142578e+01
   3.4103940e+06   4.4311523e+01
   3.4104620e+06   2.4908447e+02
   3.4112260e+06   4.4799805e+01
   3.4307380e+06   6.0119629e+01
   3.4309960e+06   4.7912598e+01
   3.4459260e+06   4.1503906e+01
   3.4459900e+06   2.3553467e+02
   3.4676420e+06   4.7302246e+01
   3.4684670e+06   4.1687012e+01
   3.4692120e+06   4.5227051e+01
   3.4692640e+06   2.0520020e+02
   3.4692880e+06   4.8461914e+01
   3.4693160e+06   1.6662598e+02
   3.4693390e+06   4.1381836e+01
   3.4693770e+06   1.2249756e+02
   3.4694360e+06   1.0668945e+02
   3.4695060e+06   8.8745117e+01
   3.4695860e+06   7.8247070e+01
   3.4696560e+06   4.3151855e+01
   3.4697270e+06   7.4462891e+01
   3.4698350e+06   1.1114502e+02
   3.4699510e+06   9.1552734e+01
   3.4700330e+06   7.2937012e+01
   3.4701200e+06   5.2856445e+01
   3.4702200e+06   6.1218262e+01
   3.4703160e+06   4.1381836e+01
   3.4705650e+06   4.6142578e+01
   3.4711900e+06   4.5654297e+01
   3.4712900e+06   4.9987793e+01
   3.4715240e+06   4.1015625e+01
   3.4726190e+06   5.0842285e+01
   3.4727930e+06   4.4311523e+01
   3.4729140e+06   5.1818848e+01
   3.4740740e+06   5.1574707e+01
   3.4747110e+06   5.8044434e+01
   3.4749250e+06   6.1218262e+01
   3.4751420e+06   6.5368652e+01
   3.4754490e+06   6.3049316e+01
   3.4762450e+06   8.1909180e+01
   3.4866000e+06   1.7803955e+02
   3.4871080e+06   1.6955566e+02
   3.4880980e+06   1.5631104e+02
   3.4887360e+06   1.6192627e+02
   3.4957100e+06   2.0019531e+02
   3.4958800e+06   1.5087891e+02
   3.4964300e+06   1.5722656e+02
   3.5038310e+06   1.6662598e+02
   3.5040330e+06   1.6705322e+02
   3.5042390e+06   1.6491699e+02
   3.5045470e+06   4.8889160e+01
   3.5047380e+06   1.6046143e+02
   3.5049520e+06   4.1381836e+01
   3.5119300e+06   1.9665527e+02
   3.5121070e+06   1.5594482e+02
   3.5121540e+06   4.0710449e+01
   3.5121940e+06   1.1700439e+02
   3.5123610e+06   1.3427734e+02
   3.5124690e+06   4.0893555e+01
   3.5125960e+06   1.3085938e+02
   3.5127870e+06   1.1865234e+02
   3.5206370e+06   1.8591309e+02
   3.5207270e+06   1.7364502e+02
   3.5208320e+06   4.0893555e+01
   3.5209380e+06   1.5209961e+02
   3.5211470e+06   4.0710449e+01
   3.5213190e+06   1.7370605e+02
   3.5214750e+06   1.2780762e+02
   3.5223440e+06   1.5240479e+02
   3.5291870e+06   4.4982910e+01
   3.5292190e+06   1.6735840e+02
   3.5292780e+06   1.3751221e+02
   3.5293550e+06   1.0699463e+02
   3.5295150e+06   1.1932373e+02
   3.5297730e+06   1.0491943e+02
   3.5299200e+06   1.1926270e+02
   3.5302420e+06   1.1877441e+02
   3.5306070e+06   1.0278320e+02
   3.5393590e+06   1.7797852e+02
   3.5394240e+06   5.2612305e+01
   3.5394450e+06   1.4208984e+02
   3.5394800e+06   4.5104980e+01
   3.5395250e+06   9.8205566e+01
   3.5397440e+06   1.2011719e+02
   3.5399140e+06   1.1560059e+02
   3.5400900e+06   1.1505127e+02
   3.5405250e+06   8.2458496e+01
   3.5407110e+06   8.8867187e+01
   3.5411470e+06   1.0345459e+02
   3.5413340e+06   8.2946777e+01
   3.5414830e+06   8.9111328e+01
   3.5416530e+06   8.3435059e+01
   3.5418950e+06   7.9650879e+01
   3.5420880e+06   8.2885742e+01
   3.5426690e+06   7.6904297e+01
   3.5437310e+06   1.0742188e+02
   3.5526620e+06   1.8060303e+02
   3.5527240e+06   1.4331055e+02
   3.5528040e+06   1.1297607e+02
   3.5528200e+06   4.9621582e+01
   3.5528830e+06   6.8176270e+01
   3.5529320e+06   4.4006348e+01
   3.5530980e+06   1.0034180e+02
   3.5533430e+06   4.0527344e+01
   3.5534130e+06   1.0632324e+02
   3.5538160e+06   8.2275391e+01
   3.5540720e+06   9.1979980e+01
   3.5543970e+06   7.5866699e+01
   3.5547720e+06   7.9895020e+01
   3.5551490e+06   8.0017090e+01
   3.5553400e+06   7.7636719e+01
   3.5559150e+06   8.4960938e+01
   3.5563600e+06   1.0430908e+02
   3.5570130e+06   8.7463379e+01
   3.5678980e+06   1.8896484e+02
   3.5679500e+06   1.2500000e+02
   3.5680220e+06   9.6557617e+01
   3.5680320e+06   4.0222168e+01
   3.5681100e+06   5.4077148e+01
   3.5682580e+06   8.9782715e+01
   3.5687140e+06   9.6679688e+01
   3.5698330e+06   1.2066650e+02
   3.5702900e+06   1.0491943e+02
   3.5815640e+06   2.0935059e+02
   3.5815910e+06   4.3579102e+01
   3.5816170e+06   1.2951660e+02
   3.5816570e+06   4.2968750e+01
   3.5816970e+06   9.9304199e+01
   3.5817930e+06   6.0974121e+01
   3.5822230e+06   9.2285156e+01
   3.5823520e+06   5.6701660e+01
   3.5825690e+06   6.8359375e+01
   3.5827170e+06   6.0302734e+01
   3.5834230e+06   7.5805664e+01
   3.5837410e+06   6.1706543e+01
   3.5843710e+06   8.2702637e+01
   3.5848730e+06   8.5449219e+01
   3.5851370e+06   7.7575684e+01
   3.5855240e+06   6.9824219e+01
   3.5864420e+06   8.9721680e+01
   3.5956650e+06   1.6900635e+02
   3.5957210e+06   1.0766602e+02
   3.5957350e+06   6.1889648e+01
   3.5958200e+06   5.6823730e+01
   3.5961580e+06   9.5397949e+01
   3.5968550e+06   1.0089111e+02
   3.5974100e+06   1.0314941e+02
   3.5980030e+06   9.1735840e+01
   3.5993090e+06   1.2188721e+02
   3.6088880e+06   1.7932129e+02
   3.6089040e+06   4.3640137e+01
   3.6089360e+06   9.7473145e+01
   3.6089610e+06   4.7851563e+01
   3.6090040e+06   7.6660156e+01
   3.6091720e+06   4.7912598e+01
   3.6095870e+06   7.6538086e+01
   3.6097550e+06   7.2387695e+01
   3.6099450e+06   6.6467285e+01
   3.6102350e+06   8.4533691e+01
   3.6105250e+06   7.1228027e+01
   3.6106680e+06   6.5612793e+01
   3.6108540e+06   5.7189941e+01
   3.6112600e+06   6.0974121e+01
   3.6116190e+06   6.1401367e+01
   3.6119090e+06   6.5734863e+01
   3.6121770e+06   7.1655273e+01
   3.6127880e+06   7.2753906e+01
   3.6134940e+06   8.6181641e+01
   3.6226600e+06   1.9683838e+02
   3.6227130e+06   1.2194824e+02
   3.6227440e+06   4.7485352e+01
   3.6227970e+06   5.2612305e+01
   3.6228270e+06   4.4860840e+01
   3.6228690e+06   4.1381836e+01
   3.6233480e+06   7.6232910e+01
   3.6241980e+06   8.6608887e+01
   3.6244480e+06   7.2937012e+01
   3.6247350e+06   9.4970703e+01
   3.6249410e+06   6.2377930e+01
   3.6263150e+06   9.2773438e+01
   3.6347000e+06   1.8487549e+02
   3.6347550e+06   9.0026855e+01
   3.6347840e+06   6.5734863e+01
   3.6348500e+06   6.5124512e+01
   3.6349990e+06   4.1809082e+01
   3.6353800e+06   8.7219238e+01
   3.6356720e+06   6.2377930e+01
   3.6368920e+06   7.6477051e+01
   3.6374980e+06   9.2224121e+01
   3.6378320e+06   8.1054688e+01
   3.6381060e+06   7.6049805e+01
   3.6385680e+06   8.1298828e+01
   3.6398290e+06   9.9487305e+01
   3.6464910e+06   1.7956543e+02
   3.6465550e+06   9.5031738e+01
   3.6465960e+06   4.8950195e+01
   3.6466400e+06   5.6396484e+01
   3.6471080e+06   9.0759277e+01
   3.6477780e+06   8.8684082e+01
   3.6490860e+06   9.9365234e+01
   3.6578490e+06   1.6986084e+02
   3.6578640e+06   4.7485352e+01
   3.6579030e+06   9.0698242e+01
   3.6579980e+06   5.7556152e+01
   3.6585550e+06   8.1787109e+01
   3.6590040e+06   6.6711426e+01
   3.6594150e+06   7.4951172e+01
   3.6596170e+06   7.0129395e+01
   3.6603000e+06   8.5510254e+01
   3.6607100e+06   7.3547363e+01
   3.6613840e+06   6.5979004e+01
   3.6706820e+06   1.7657471e+02
   3.6707130e+06   4.0405273e+01
   3.6707280e+06   9.5458984e+01
   3.6707530e+06   6.1706543e+01
   3.6708150e+06   4.4677734e+01
   3.6708780e+06   5.1757813e+01
   3.6711670e+06   5.9082031e+01
   3.6716440e+06   7.5988770e+01
   3.6718330e+06   5.7434082e+01
   3.6720190e+06   8.1298828e+01
   3.6722590e+06   7.3669434e+01
   3.6726800e+06   7.9284668e+01
   3.6728710e+06   7.8857422e+01
   3.6731760e+06   7.3486328e+01
   3.6734620e+06   7.0861816e+01
   3.6741010e+06   7.9284668e+01
   3.6745890e+06   7.8247070e+01
   3.6826260e+06   1.6900635e+02
   3.6826420e+06   4.7363281e+01
   3.6826740e+06   8.4289551e+01
   3.6827370e+06   4.5043945e+01
   3.6827470e+06   4.0527344e+01
   3.6831660e+06   7.3181152e+01
   3.6833250e+06   6.8054199e+01
   3.6834800e+06   6.1889648e+01
   3.6838220e+06   5.9631348e+01
   3.6843710e+06   7.0861816e+01
   3.6858800e+06   8.2397461e+01
   3.6997550e+06   1.7816162e+02
   3.6997710e+06   4.1381836e+01
   3.6997960e+06   1.1199951e+02
   3.6998470e+06   7.0068359e+01
   3.6999450e+06   4.1015625e+01
   3.7001570e+06   5.1696777e+01
   3.7003130e+06   6.2438965e+01
   3.7004970e+06   6.3354492e+01
   3.7007480e+06   6.6467285e+01
   3.7012810e+06   5.8227539e+01
   3.7022230e+06   6.8542480e+01
   3.7026820e+06   7.0800781e+01
   3.7050120e+06   1.0101318e+02
   3.7054010e+06   1.0089111e+02
   3.7155800e+06   1.6558838e+02
   3.7156340e+06   1.0089111e+02
   3.7156500e+06   5.1269531e+01
   3.7157280e+06   7.3913574e+01
   3.7158160e+06   4.1381836e+01
   3.7159420e+06   7.1350098e+01
   3.7163920e+06   8.2824707e+01
   3.7167320e+06   7.7880859e+01
   3.7174530e+06   9.5214844e+01
   3.7178610e+06   9.6313477e+01
   3.7239240e+06   1.9116211e+02
   3.7239850e+06   4.5715332e+01
   3.7240300e+06   9.3750000e+01
   3.7241760e+06   4.3884277e+01
   3.7247790e+06   9.1979980e+01
   3.7249560e+06   9.0332031e+01
   3.7257750e+06   1.0278320e+02
   3.7316160e+06   1.5356445e+02
   3.7316880e+06   7.8857422e+01
   3.7317940e+06   4.2053223e+01
   3.7321910e+06   8.9416504e+01
   3.7324590e+06   8.3801270e+01
   3.7330630e+06   9.2407227e+01
   3.7387860e+06   1.6271973e+02
   3.7388320e+06   5.4321289e+01
   3.7388800e+06   9.2163086e+01
   3.7389200e+06   4.0405273e+01
   3.7389760e+06   7.5866699e+01
   3.7396180e+06   9.1674805e+01
   3.7399150e+06   8.0810547e+01
   3.7403750e+06   7.7636719e+01
   3.7406280e+06   7.3425293e+01
   3.7461750e+06   1.6564941e+02
   3.7462500e+06   1.0339355e+02
   3.7462750e+06   4.2053223e+01
   3.7463690e+06   9.0515137e+01
   3.7541840e+06   1.8756104e+02
   3.7541980e+06   4.6203613e+01
   3.7542980e+06   1.1077881e+02
   3.7543950e+06   7.7026367e+01
   3.7545320e+06   4.9621582e+01
   3.7550080e+06   1.0034180e+02
   3.7554510e+06   7.9528809e+01
   3.7556460e+06   7.9895020e+01
   3.7566270e+06   9.9792480e+01
   3.7635040e+06   1.8048096e+02
   3.7635750e+06   9.1613770e+01
   3.7636280e+06   4.1870117e+01
   3.7636890e+06   7.9284668e+01
   3.7637080e+06   4.4555664e+01
   3.7637850e+06   5.5786133e+01
   3.7639060e+06   4.4189453e+01
   3.7642620e+06   9.4665527e+01
   3.7645430e+06   9.2468262e+01
   3.7647620e+06   7.6538086e+01
   3.7653310e+06   1.0247803e+02
   3.7749980e+06   2.1765137e+02
   3.7750570e+06   9.3994141e+01
   3.7751510e+06   7.2631836e+01
   3.7755180e+06   7.7819824e+01
   3.7757290e+06   8.9782715e+01
   3.7759410e+06   7.1166992e+01
   3.7763120e+06   1.0284424e+02
   3.7765500e+06   9.6862793e+01
   3.7772330e+06   8.0322266e+01
   3.7859120e+06   1.8988037e+02
   3.7860010e+06   8.7036133e+01
   3.7860810e+06   9.1308594e+01
   3.7861750e+06   4.9438477e+01
   3.7862900e+06   6.5551758e+01
   3.7866750e+06   1.0119629e+02
   3.7869940e+06   9.8999023e+01
   3.7872160e+06   9.1918945e+01
   3.7977760e+06   1.9085693e+02
   3.7978130e+06   4.6508789e+01
   3.7978420e+06   1.2658691e+02
   3.7979340e+06   8.1054688e+01
   3.7980260e+06   4.7180176e+01
   3.7981870e+06   7.6416016e+01
   3.7984830e+06   8.1848145e+01
   3.7986390e+06   7.6782227e+01
   3.7992800e+06   9.5642090e+01
   3.7999340e+06   1.2359619e+02
   3.8093360e+06   1.8780518e+02
   3.8093870e+06   4.1809082e+01
   3.8094920e+06   9.2041016e+01
   3.8095740e+06   6.4514160e+01
   3.8096690e+06   6.6711426e+01
   3.8101920e+06   1.1444092e+02
   3.8107010e+06   1.2023926e+02
   3.8111090e+06   1.1901855e+02
   3.8195340e+06   5.1757813e+01
   3.8195490e+06   2.1514893e+02
   3.8196120e+06   9.1247559e+01
   3.8197480e+06   9.5031738e+01
   3.8206790e+06   1.2194824e+02
   3.8306190e+06   2.1624756e+02
   3.8306720e+06   1.2402344e+02
   3.8307720e+06   1.0021973e+02
   3.8308530e+06   6.6833496e+01
   3.8312240e+06   1.2390137e+02
   3.8315250e+06   1.1492920e+02
   3.8417570e+06   4.5410156e+01
   3.8418160e+06   1.8572998e+02
   3.8418710e+06   1.1315918e+02
   3.8419790e+06   1.2353516e+02
   3.8421560e+06   9.3505859e+01
   3.8425510e+06   1.2805176e+02
   3.8531490e+06   4.2175293e+01
   3.8531810e+06   4.3029785e+01
   3.8532120e+06   1.9555664e+02
   3.8532650e+06   4.4799805e+01
   3.8532770e+06   1.2677002e+02
   3.8533740e+06   1.2463379e+02
   3.8534980e+06   8.3557129e+01
   3.8661600e+06   4.1503906e+01
   3.8661950e+06   2.0733643e+02
   3.8662100e+06   4.0649414e+01
   3.8662680e+06   1.3891602e+02
   3.8663340e+06   1.0052490e+02
   3.8664420e+06   9.2529297e+01
   3.8669080e+06   1.4306641e+02
   3.8778150e+06   4.3273926e+01
   3.8778440e+06   1.6662598e+02
   3.8779450e+06   1.4941406e+02
   3.8780200e+06   4.2846680e+01
   3.8780380e+06   1.3275146e+02
   3.8884890e+06   1.8933105e+02
   3.8885200e+06   4.4311523e+01
   3.8885780e+06   1.4349365e+02
   3.8886920e+06   1.2805176e+02
   3.8890340e+06   1.5008545e+02
   3.9002990e+06   4.6691895e+01
   3.9003230e+06   2.0184326e+02
   3.9004120e+06   1.4727783e+02
   3.9004910e+06   1.3140869e+02
   3.9005930e+06   1.1090088e+02
   3.9138010e+06   2.2174072e+02
   3.9139480e+06   1.4532471e+02
   3.9140550e+06   1.2915039e+02
   3.9289670e+06   1.9262695e+02
   3.9291330e+06   1.7120361e+02
   3.9292960e+06   1.4550781e+02
   3.9459410e+06   4.1137695e+01
   3.9459740e+06   4.1870117e+01
   3.9460020e+06   1.8597412e+02
   3.9461550e+06   1.9329834e+02
   3.9607870e+06   4.1992188e+01
   3.9608370e+06   5.1391602e+01
   3.9608810e+06   1.8786621e+02
   3.9609070e+06   4.6325684e+01
   3.9611530e+06   2.0135498e+02
   3.9765300e+06   5.7617188e+01
   3.9766830e+06   1.9793701e+02
   3.9895930e+06   4.0527344e+01
   3.9896720e+06   5.0720215e+01
   3.9897900e+06   4.4189453e+01
   3.9901930e+06   4.3701172e+01
   4.0040300e+06   4.3945313e+01
   4.0040920e+06   4.1748047e+01
   4.0190080e+06   4.9133301e+01
   4.0190600e+06   5.9753418e+01
   4.0191250e+06   4.2236328e+01
   4.0522700e+06   4.4311523e+01
   4.0524140e+06   4.1809082e+01
   4.0530290e+06   4.3945313e+01
   4.0649730e+06   4.8461914e+01
   4.0941160e+06   4.0588379e+01
   4.3925430e+06   6.0485840e+01
   4.6776750e+06   4.1992188e+01
   4.7652840e+06   2.0758057e+02
   4.7653330e+06   1.4508057e+02
   4.7658940e+06   2.0336914e+02
   4.8056320e+06   4.3334961e+01
   4.8299780e+06   2.2192383e+02
   4.8300010e+06   5.9204102e+01
   4.8300390e+06   1.7059326e+02
   4.8304040e+06   4.6569824e+01
   4.8306030e+06   4.0771484e+01
   4.8706140e+06   4.7363281e+01
   4.9297420e+06   4.6936035e+01
   4.9298450e+06   4.3518066e+01
   4.9784850e+06   5.8593750e+01
   4.9999720e+06   1.9635010e+02
   5.0001510e+06   2.1051025e+02
   5.0006030e+06   4.3090820e+01
   5.0655460e+06   4.3640137e+01
   5.0821990e+06   2.2778320e+02
   5.0822200e+06   4.6264648e+01
   5.0823110e+06   4.0893555e+01
   5.1064250e+06   4.4189453e+01
   5.1070860e+06   4.8767090e+01
   5.1347590e+06   4.8706055e+01
   5.1349600e+06   4.2175293e+01
   5.1349710e+06   2.0751953e+02
   5.1560000e+06   2.1575928e+02
   5.1560580e+06   1.5466309e+02
   5.1567690e+06   4.4372559e+01
   5.1772040e+06   4.8522949e+01
   5.2001340e+06   4.2236328e+01
   5.2001760e+06   4.3273926e+01
   5.2001980e+06   1.8884277e+02
   5.2211970e+06   5.0598145e+01
   5.2213760e+06   4.4616699e+01
   5.2365690e+06   4.3334961e+01
   5.2800750e+06   6.1584473e+01
   5.3011590e+06   2.2113037e+02
   5.3011980e+06   4.2419434e+01
   5.3012080e+06   1.7504883e+02
   5.3163680e+06   4.8400879e+01
   5.3349350e+06   2.0166016e+02
   5.3372730e+06   4.2480469e+01
   5.3644610e+06   2.0599365e+02
   5.3646350e+06   1.9268799e+02
   5.3660170e+06   4.3273926e+01
   5.3938710e+06   1.9659424e+02
   5.3939240e+06   4.6081543e+01
   5.3943240e+06   4.1870117e+01
   5.3947290e+06   4.2175293e+01
   5.4212290e+06   4.8034668e+01
   5.4497340e+06   5.6091309e+01
   5.4498090e+06   1.8145752e+02
   5.4713130e+06   1.6485596e+02
   5.4713370e+06   5.1269531e+01
   5.4929110e+06   5.8410645e+01
   5.4934060e+06   4.1381836e+01
   5.4942310e+06   4.3090820e+01
   5.5226180e+06   2.0666504e+02
   5.5249480e+06   4.1625977e+01
   5.5543900e+06   4.6875000e+01
   5.5552380e+06   4.3945313e+01
   5.5566160e+06   2.2637939e+02
   5.5743690e+06   5.0781250e+01
   5.5752560e+06   4.7729492e+01
   5.5753020e+06   2.1130371e+02
   5.5753190e+06   4.5532227e+01
   5.6050290e+06   4.7180176e+01
   5.6050880e+06   2.2943115e+02
   5.6265430e+06   4.7851563e+01
   5.6265680e+06   2.0703125e+02
   5.6266540e+06   1.8548584e+02
   5.6267210e+06   4.2663574e+01
   5.6502940e+06   4.7790527e+01
   5.6503130e+06   2.1472168e+02
   5.6504360e+06   1.8426514e+02
   5.6513510e+06   2.0709229e+02
   5.6874590e+06   4.9926758e+01
   5.7021740e+06   1.8823242e+02
   5.7067900e+06   1.9671631e+02
   5.7075990e+06   4.1320801e+01
   5.7076180e+06   5.9204102e+01
   5.7076550e+06   2.2302246e+02
   5.7076970e+06   4.6936035e+01
   5.7077420e+06   4.3395996e+01
   5.7077620e+06   1.8383789e+02
   5.7319500e+06   1.7340088e+02
   5.7319760e+06   4.4067383e+01
   5.7321800e+06   4.0527344e+01
   5.7336030e+06   4.5959473e+01
   5.7639990e+06   4.7363281e+01
   5.7640110e+06   1.8170166e+02
   5.7644560e+06   4.8034668e+01
   5.7645270e+06   4.2358398e+01
   5.7823480e+06   2.2143555e+02
   5.7984040e+06   2.2418213e+02
   5.7990330e+06   4.2358398e+01
   5.7996630e+06   4.7668457e+01
   5.7996780e+06   4.3395996e+01
   5.7997070e+06   1.9403076e+02
   5.7997330e+06   4.0649414e+01
   5.8405470e+06   2.0983887e+02
   5.8428080e+06   4.5349121e+01
   5.8428540e+06   2.0214844e+02
   5.8604060e+06   4.1931152e+01
   5.8617720e+06   4.3090820e+01
   5.8783210e+06   4.5837402e+01
   5.8787610e+06   4.1809082e+01
   5.8978960e+06   4.1259766e+01
   5.8983290e+06   4.1076660e+01
   5.9183490e+06   4.0405273e+01
   5.9184440e+06   4.0832520e+01
   5.9185540e+06   4.2114258e+01
   5.9186000e+06   4.0710449e+01
   5.9199210e+06   4.9499512e+01
   5.9420060e+06   4.1320801e+01
   5.9598280e+06   4.5349121e+01
   5.9599180e+06   4.8339844e+01
   5.9602430e+06   4.0649414e+01
   5.9611580e+06   4.6691895e+01
   5.9835930e+06   4.8278809e+01
   5.9840010e+06   4.6447754e+01
   6.0039350e+06   5.0842285e+01
   6.0044330e+06   4.9499512e+01
   6.0261230e+06   4.0283203e+01
   6.0479570e+06   4.6386719e+01
   6.0480540e+06   4.6997070e+01
   6.0483600e+06   4.0283203e+01
   6.0488800e+06   4.3579102e+01
   6.0492210e+06   4.1076660e+01
   6.0652400e+06   2.1905518e+02
   6.0652530e+06   4.2297363e+01
   6.0671030e+06   4.3762207e+01
   6.0671190e+06   4.0710449e+01
   6.0672040e+06   4.3945313e+01
   6.0866240e+06   6.9885254e+01
   6.0869690e+06   4.2602539e+01
   6.0980900e+06   2.1105957e+02
   6.0981780e+06   5.0659180e+01
   6.0995370e+06   4.0527344e+01
   6.1152360e+06   4.4921875e+01
   6.1153190e+06   4.8339844e+01
   6.1161000e+06   5.2001953e+01
   6.1285660e+06   2.1136475e+02
   6.1286210e+06   4.3395996e+01
   6.1406840e+06   1.8499756e+02
   6.1407180e+06   4.2419434e+01
   6.1572380e+06   4.0466309e+01
   6.1572570e+06   2.2210693e+02
   6.1573400e+06   5.8532715e+01
   6.1577130e+06   4.3029785e+01
   6.1585850e+06   4.2724609e+01
   6.1586110e+06   4.6813965e+01
   6.1586220e+06   4.1931152e+01
   6.1970060e+06   4.3701172e+01
   6.1980840e+06   4.1625977e+01
   6.2067870e+06   4.1259766e+01
   6.2068020e+06   2.2424316e+02
   6.2278150e+06   4.8339844e+01
   6.2278820e+06   4.6081543e+01
   6.2280460e+06   4.5166016e+01
   6.2607530e+06   4.5410156e+01
   6.2799390e+06   1.9873047e+02
   6.2800070e+06   4.0832520e+01
   6.2976400e+06   4.6997070e+01
   6.2976510e+06   2.2845459e+02
   6.3207690e+06   4.6813965e+01
   6.3209550e+06   2.3059082e+02
   6.3376030e+06   4.4128418e+01
   6.3381950e+06   1.8127441e+02
   6.3382810e+06   5.0354004e+01
   6.3565820e+06   4.5288086e+01
   6.3566240e+06   4.8339844e+01
   6.3571090e+06   4.1748047e+01
   6.3576850e+06   4.0832520e+01
   6.3726810e+06   4.6508789e+01
   6.3730570e+06   4.4921875e+01
   6.3730930e+06   4.3457031e+01
   6.3733440e+06   4.6691895e+01
   6.3892730e+06   4.4128418e+01
   6.3895390e+06   4.1198730e+01
   6.4066600e+06   4.0954590e+01
   6.4262290e+06   4.9377441e+01
   6.4431010e+06   4.9987793e+01
   6.4437000e+06   4.1931152e+01
   6.4442230e+06   4.1259766e+01
   6.4443030e+06   2.1649170e+02
   6.4596130e+06   5.0109863e+01
   6.4597480e+06   4.8706055e+01
   6.4597990e+06   2.1838379e+02
   6.4602190e+06   4.1748047e+01
   6.4772630e+06   4.9926758e+01
   6.4938090e+06   4.3579102e+01
   6.4938420e+06   2.1740723e+02
   6.4938710e+06   4.0771484e+01
   6.4939020e+06   1.5301514e+02
   6.4939850e+06   1.5167236e+02
   6.4940990e+06   1.5954590e+02
   6.4942460e+06   1.5551758e+02
   6.4943740e+06   1.4111328e+02
   6.4945790e+06   7.9345703e+01
   6.4946950e+06   1.0955811e+02
   6.4947980e+06   8.8623047e+01
   6.4950580e+06   1.0321045e+02
   6.4952030e+06   1.1267090e+02
   6.4953040e+06   8.4228516e+01
   6.4954290e+06   8.6059570e+01
   6.4955440e+06   8.6120605e+01
   6.4956720e+06   4.3212891e+01
   6.4960410e+06   4.5043945e+01
   6.4961550e+06   5.4687500e+01
   6.4963150e+06   5.9631348e+01
   6.4964260e+06   5.8776855e+01
   6.4967090e+06   5.5969238e+01
   6.4968640e+06   6.6040039e+01
   6.4970330e+06   6.4331055e+01
   6.4971860e+06   5.6396484e+01
   6.4973820e+06   5.4016113e+01
   6.4975840e+06   5.7495117e+01
   6.4977890e+06   5.4809570e+01
   6.4980970e+06   8.8745117e+01
   6.4982800e+06   8.6120605e+01
   6.4997070e+06   4.2297363e+01
   6.5165660e+06   4.8950195e+01
   6.5170330e+06   4.3212891e+01
   6.5171700e+06   1.7236328e+02
   6.5178090e+06   4.8522949e+01
   6.5256430e+06   1.7553711e+02
   6.5257350e+06   4.2968750e+01
   6.5258720e+06   4.3212891e+01
   6.5260210e+06   4.1564941e+01
   6.5260890e+06   2.0709229e+02
   6.5265500e+06   4.3518066e+01
   6.5354480e+06   2.0556641e+02
   6.5355800e+06   5.0354004e+01
   6.5356100e+06   1.6473389e+02
   6.5357790e+06   4.6020508e+01
   6.5448560e+06   4.5471191e+01
   6.5449460e+06   4.2114258e+01
   6.5449740e+06   2.0568848e+02
   6.5450840e+06   4.0649414e+01
   6.5451010e+06   1.5661621e+02
   6.5453030e+06   1.6094971e+02
   6.5460280e+06   1.7572021e+02
   6.5551700e+06   4.5837402e+01
   6.5552900e+06   2.0825195e+02
   6.5553310e+06   4.3273926e+01
   6.5554080e+06   1.8646240e+02
   6.5662420e+06   4.2480469e+01
   6.5663170e+06   1.9824219e+02
   6.5663860e+06   1.5368652e+02
   6.5664740e+06   1.1968994e+02
   6.5668610e+06   1.7828369e+02
   6.5671040e+06   1.2988281e+02
   6.5673340e+06   1.4746094e+02
   6.5686860e+06   1.3800049e+02
   6.5687070e+06   4.2358398e+01
   6.5695160e+06   1.4404297e+02
   6.5698910e+06   1.3549805e+02
   6.5701200e+06   1.2695313e+02
   6.5703700e+06   1.1584473e+02
   6.5827750e+06   2.1319580e+02
   6.5828380e+06   1.2866211e+02
   6.5828880e+06   5.0964355e+01
   6.5829210e+06   1.0388184e+02
   6.5830150e+06   9.0087891e+01
   6.5836200e+06   1.5759277e+02
   6.5971720e+06   2.0849609e+02
   6.5971940e+06   4.1564941e+01
   6.5972300e+06   5.0781250e+01
   6.5972400e+06   1.5069580e+02
   6.5972850e+06   4.0405273e+01
   6.5973100e+06   9.4177246e+01
   6.5973780e+06   7.5683594e+01
   6.5974710e+06   9.6557617e+01
   6.5977760e+06   1.2646484e+02
   6.5979360e+06   9.8266602e+01
   6.5981120e+06   6.3232422e+01
   6.5983710e+06   9.3139648e+01
   6.5986530e+06   9.2407227e+01
   6.5989490e+06   8.7951660e+01
   6.5993070e+06   8.5876465e+01
   6.5996600e+06   8.5571289e+01
   6.6000790e+06   8.3923340e+01
   6.6002190e+06   6.5612793e+01
   6.6004130e+06   7.4645996e+01
   6.6007320e+06   9.9121094e+01
   6.6009010e+06   7.1716309e+01
   6.6012160e+06   7.7270508e+01
   6.6014950e+06   8.3740234e+01
   6.6154220e+06   1.9976807e+02
   6.6154510e+06   4.0466309e+01
   6.6155100e+06   1.4031982e+02
   6.6155920e+06   1.0253906e+02
   6.6162780e+06   1.6326904e+02
   6.6166860e+06   1.4257813e+02
   6.6326710e+06   2.1667480e+02
   6.6326980e+06   4.4250488e+01
   6.6327420e+06   1.4910889e+02
   6.6328110e+06   1.0540771e+02
   6.6328230e+06   4.8278809e+01
   6.6328820e+06   8.9477539e+01
   6.6329500e+06   6.3842773e+01
   6.6331070e+06   8.6181641e+01
   6.6332310e+06   9.7656250e+01
   6.6333770e+06   8.3679199e+01
   6.6334780e+06   5.8349609e+01
   6.6335780e+06   5.6823730e+01
   6.6337160e+06   5.5847168e+01
   6.6341120e+06   8.7951660e+01
   6.6344520e+06   8.7768555e+01
   6.6348110e+06   9.4543457e+01
   6.6352550e+06   8.6975098e+01
   6.6364870e+06   9.7473145e+01
   6.6518710e+06   2.2186279e+02
   6.6518950e+06   4.3945313e+01
   6.6519120e+06   8.2885742e+01
   6.6519750e+06   7.8308105e+01
   6.6520900e+06   7.3669434e+01
   6.6522170e+06   8.0444336e+01
   6.6523570e+06   1.0113525e+02
   6.6524810e+06   9.8205566e+01
   6.6528590e+06   1.0589600e+02
   6.6530740e+06   8.3923340e+01
   6.6533920e+06   9.3994141e+01
   6.6535910e+06   9.0209961e+01
   6.6543290e+06   9.5947266e+01
   6.6665580e+06   2.0013428e+02
   6.6666320e+06   1.0723877e+02
   6.6666420e+06   4.5532227e+01
   6.6667030e+06   9.3383789e+01
   6.6667920e+06   7.7209473e+01
   6.6669360e+06   5.5664063e+01
   6.6671030e+06   9.2773438e+01
   6.6673320e+06   7.9895020e+01
   6.6677000e+06   7.5073242e+01
   6.6679580e+06   8.9660645e+01
   6.6681700e+06   8.9477539e+01
   6.6683430e+06   9.8327637e+01
   6.6690430e+06   1.0119629e+02
   6.6695330e+06   9.8388672e+01
   6.6700050e+06   1.1346436e+02
   6.6812310e+06   2.3266602e+02
   6.6812920e+06   1.2664795e+02
   6.6813940e+06   1.0223389e+02
   6.6814730e+06   6.7016602e+01
   6.6816860e+06   8.5083008e+01
   6.6820380e+06   1.0784912e+02
   6.6823440e+06   1.0028076e+02
   6.6824870e+06   7.8796387e+01
   6.6830060e+06   1.0571289e+02
   6.6834070e+06   1.0473633e+02
   6.6836200e+06   9.9975586e+01
   6.6901010e+06   1.6986084e+02
   6.6901120e+06   4.4311523e+01
   6.6901710e+06   1.2811279e+02
   6.6902660e+06   8.3068848e+01
   6.6903320e+06   4.8095703e+01
   6.6903720e+06   6.1706543e+01
   6.6907520e+06   9.8571777e+01
   6.6912310e+06   8.9660645e+01
   6.6917060e+06   8.1420898e+01
   6.6921690e+06   1.0235596e+02
   6.6925410e+06   1.0699463e+02
   6.6991300e+06   1.8334961e+02
   6.6991530e+06   4.3701172e+01
   6.6992570e+06   1.2854004e+02
   6.6993000e+06   5.1269531e+01
   6.6993650e+06   8.4167480e+01
   6.6994810e+06   5.2185059e+01
   6.6999380e+06   1.0650635e+02
   6.7002060e+06   9.6740723e+01
   6.7006040e+06   1.0546875e+02
   6.7095160e+06   2.0153809e+02
   6.7095410e+06   4.0649414e+01
   6.7095890e+06   1.2512207e+02
   6.7096760e+06   9.9365234e+01
   6.7097620e+06   6.2255859e+01
   6.7100170e+06   8.8562012e+01
   6.7103930e+06   9.9731445e+01
   6.7107860e+06   1.0241699e+02
   6.7112830e+06   9.3688965e+01
   6.7118030e+06   1.0375977e+02
   6.7214910e+06   4.2236328e+01
   6.7215420e+06   1.6064453e+02
   6.7215600e+06   5.4748535e+01
   6.7215990e+06   1.1859131e+02
   6.7216910e+06   4.1564941e+01
   6.7217770e+06   5.8593750e+01
   6.7220210e+06   8.2641602e+01
   6.7223260e+06   1.0272217e+02
   6.7225350e+06   9.4421387e+01
   6.7227740e+06   9.5642090e+01
   6.7229910e+06   1.0705566e+02
   6.7233700e+06   1.0223389e+02
   6.7244750e+06   1.2292480e+02
   6.7325790e+06   1.8981934e+02
   6.7325950e+06   4.6081543e+01
   6.7326410e+06   1.1126709e+02
   6.7327150e+06   5.0903320e+01
   6.7327420e+06   8.0566406e+01
   6.7328530e+06   5.6823730e+01
   6.7329730e+06   5.8410645e+01
   6.7332240e+06   8.7951660e+01
   6.7333980e+06   7.9101563e+01
   6.7336460e+06   7.3303223e+01
   6.7338990e+06   8.7280273e+01
   6.7345890e+06   1.0046387e+02
   6.7458240e+06   4.3334961e+01
   6.7459090e+06   1.8585205e+02
   6.7459190e+06   4.3579102e+01
   6.7459680e+06   1.0949707e+02
   6.7460480e+06   1.0308838e+02
   6.7461260e+06   7.4584961e+01
   6.7462170e+06   5.5236816e+01
   6.7465370e+06   9.8083496e+01
   6.7468880e+06   1.0498047e+02
   6.7472430e+06   1.0729980e+02
   6.7476350e+06   1.2896729e+02
   6.7478080e+06   1.0760498e+02
   6.7591920e+06   2.1667480e+02
   6.7592520e+06   1.2646484e+02
   6.7593450e+06   8.3618164e+01
   6.7594180e+06   7.0007324e+01
   6.7598300e+06   1.1358643e+02
   6.7601080e+06   8.7524414e+01
   6.7605690e+06   1.1047363e+02
   6.7609390e+06   1.1676025e+02
   6.7619040e+06   1.3195801e+02
   6.7726100e+06   2.1252441e+02
   6.7726750e+06   1.3525391e+02
   6.7727470e+06   1.0247803e+02
   6.7728400e+06   6.6711426e+01
   6.7731000e+06   1.1645508e+02
   6.7733530e+06   1.1047363e+02
   6.7736380e+06   1.0803223e+02
   6.7742170e+06   1.2103271e+02
   6.7748740e+06   1.1181641e+02
   6.7855530e+06   4.2724609e+01
   6.7856690e+06   1.9580078e+02
   6.7857380e+06   1.3726807e+02
   6.7858410e+06   1.1157227e+02
   6.7859120e+06   6.3720703e+01
   6.7859960e+06   6.1584473e+01
   6.7863200e+06   1.1499023e+02
   6.7865730e+06   1.0406494e+02
   6.7868150e+06   1.1120605e+02
   6.7874840e+06   1.1706543e+02
   6.8045340e+06   4.1381836e+01
   6.8046530e+06   1.9390869e+02
   6.8047180e+06   4.0710449e+01
   6.8047900e+06   1.0345459e+02
   6.8048750e+06   8.1848145e+01
   6.8050160e+06   8.8073730e+01
   6.8051240e+06   8.3374023e+01
   6.8052780e+06   8.9538574e+01
   6.8056980e+06   9.8754883e+01
   6.8061330e+06   1.0662842e+02
   6.8168850e+06   4.1503906e+01
   6.8170100e+06   2.0086670e+02
   6.8170250e+06   4.5227051e+01
   6.8170930e+06   1.3018799e+02
   6.8171860e+06   1.2396240e+02
   6.8172680e+06   7.6599121e+01
   6.8177320e+06   8.8134766e+01
   6.8183050e+06   1.2872314e+02
   6.8307860e+06   4.3823242e+01
   6.8309910e+06   2.1899414e+02
   6.8310680e+06   1.5216064e+02
   6.8310810e+06   4.3334961e+01
   6.8311490e+06   1.2976074e+02
   6.8312430e+06   7.3303223e+01
   6.8315840e+06   1.4300537e+02
   6.8324770e+06   1.3934326e+02
   6.8458850e+06   4.4433594e+01
   6.8459130e+06   1.9104004e+02
   6.8459230e+06   4.8278809e+01
   6.8459940e+06   1.5014648e+02
   6.8460710e+06   1.0540771e+02
   6.8461330e+06   4.7058105e+01
   6.8461620e+06   8.9111328e+01
   6.8462510e+06   6.2011719e+01
   6.8467250e+06   1.4141846e+02
   6.8475340e+06   1.4746094e+02
   6.8615790e+06   1.9500732e+02
   6.8615960e+06   5.7495117e+01
   6.8616360e+06   4.1564941e+01
   6.8616840e+06   1.5521240e+02
   6.8617780e+06   1.4105225e+02
   6.8618950e+06   8.0993652e+01
   6.8765310e+06   1.9866943e+02
   6.8766190e+06   1.6253662e+02
   6.8766350e+06   4.3701172e+01
   6.8767140e+06   1.1529541e+02
   6.8768410e+06   1.0162354e+02
   6.8916270e+06   4.1992188e+01
   6.8917590e+06   1.8768311e+02
   6.8917820e+06   4.3762207e+01
   6.8918610e+06   1.6119385e+02
   6.8919400e+06   1.3061523e+02
   6.8920360e+06   8.8806152e+01
   6.8921530e+06   1.2139893e+02
   6.9055850e+06   4.2846680e+01
   6.9056170e+06   4.7424316e+01
   6.9057220e+06   1.7193604e+02
   6.9058120e+06   1.3299561e+02
   6.9059430e+06   1.3488770e+02
   6.9230420e+06   4.1625977e+01
   6.9231010e+06   1.7034912e+02
   6.9232480e+06   1.5148926e+02
   6.9233370e+06   1.4001465e+02
   7.0228300e+06   4.7241211e+01
   7.0233000e+06   4.0527344e+01
   7.0234070e+06   4.1015625e+01
   7.1888530e+06   4.7729492e+01
   7.2777130e+06   4.4738770e+01
   7.3280780e+06   4.5776367e+01
   7.3291480e+06   4.4738770e+01
   7.3818110e+06   1.7272949e+02
   7.4451070e+06   5.1208496e+01
   7.4576320e+06   1.8890381e+02
   7.4578490e+06   2.1112061e+02
   7.4578930e+06   9.8693848e+01
   7.4579690e+06   1.2750244e+02
   7.4751530e+06   4.1687012e+01
   7.5285130e+06   4.3579102e+01
   7.5290960e+06   5.4870605e+01
   7.5821260e+06   4.0527344e+01
   7.6530540e+06   1.7224121e+02
   7.6704260e+06   4.1992188e+01
   7.6963290e+06   1.8359375e+02
   7.6963820e+06   1.5093994e+02
   7.7094340e+06   2.0220947e+02
   7.7094770e+06   1.3757324e+02
   7.7095270e+06   1.0974121e+02
   7.7097210e+06   4.7180176e+01
   7.7130500e+06   4.3579102e+01
   7.7573610e+06   4.8950195e+01
   7.7573890e+06   2.2723389e+02
   7.7581870e+06   5.0109863e+01
   7.8132980e+06   4.1992188e+01
   7.8786760e+06   2.0971680e+02
   7.8787220e+06   1.6699219e+02
   7.8967630e+06   2.1722412e+02
   7.9154900e+06   4.3395996e+01
   7.9155360e+06   2.0050049e+02
   7.9168920e+06   4.4677734e+01
   7.9362110e+06   2.0159912e+02
   7.9398730e+06   1.9555664e+02
   7.9433270e+06   2.0617676e+02
   7.9481360e+06   1.7260742e+02
   7.9643910e+06   2.0245361e+02
   7.9644600e+06   4.7607422e+01
   7.9648860e+06   4.2297363e+01
   7.9658230e+06   4.6936035e+01
   7.9932280e+06   1.7944336e+02
   7.9952780e+06   4.9072266e+01
   7.9953310e+06   4.7973633e+01
   7.9960160e+06   4.1442871e+01
   8.0206490e+06   5.1452637e+01
   8.0206920e+06   4.3640137e+01
   8.0463030e+06   2.0013428e+02
   8.0935430e+06   4.4006348e+01
   8.1040480e+06   4.7485352e+01
   8.1050440e+06   6.6467285e+01
   8.1173800e+06   4.6020508e+01
   8.1182790e+06   4.6630859e+01
   8.1308790e+06   4.8034668e+01
   8.1309420e+06   4.5959473e+01
   8.1409040e+06   4.2419434e+01
   8.1409750e+06   5.1635742e+01
   8.1417070e+06   4.0771484e+01
   8.1501400e+06   4.0588379e+01
   8.1595960e+06   4.6325684e+01
   8.1596220e+06   4.3334961e+01
   8.1602670e+06   4.1320801e+01
   8.1724960e+06   4.4006348e+01
   8.1859540e+06   4.0222168e+01
   8.1860880e+06   4.9926758e+01
   8.1957370e+06   5.1269531e+01
   8.2066080e+06   4.6752930e+01
   8.2067060e+06   4.4311523e+01
   8.2177100e+06   5.9082031e+01
   8.2179900e+06   4.4982910e+01
   8.2303060e+06   5.2062988e+01
   8.2303630e+06   4.0222168e+01
   8.2455570e+06   4.3579102e+01
   8.2456030e+06   4.4250488e+01
   8.2456240e+06   1.8957520e+02
   8.2458040e+06   4.2358398e+01
   8.2599430e+06   5.0109863e+01
   8.2599810e+06   1.9152832e+02
   8.2789600e+06   5.1635742e+01
   8.2789910e+06   5.5725098e+01
   8.2790280e+06   4.9743652e+01
   8.2790540e+06   4.2602539e+01
   8.2959610e+06   4.6264648e+01
   8.2960130e+06   1.9006348e+02
   8.3188230e+06   4.6081543e+01
   8.3188950e+06   5.4870605e+01
   8.3189070e+06   2.0385742e+02
   8.3189440e+06   4.7485352e+01
   8.3190590e+06   4.0588379e+01
   8.3688060e+06   4.0344238e+01
   8.3688240e+06   4.0832520e+01
   8.3688400e+06   4.4067383e+01
   8.3688830e+06   2.2387695e+02
   8.3689020e+06   5.8715820e+01
   8.3932540e+06   1.9921875e+02
   8.3933310e+06   1.8872070e+02
   8.3933820e+06   1.2091064e+02
   8.3945870e+06   4.0283203e+01
   8.4231490e+06   4.5288086e+01
   8.4232660e+06   2.1624756e+02
   8.4457670e+06   5.7861328e+01
   8.4779520e+06   4.0344238e+01
   8.4789480e+06   4.4616699e+01
   8.5200230e+06   4.7241211e+01
   8.5202470e+06   1.9195557e+02
   8.5206380e+06   4.7302246e+01
   8.5209060e+06   4.1137695e+01
   8.5347810e+06   4.8828125e+01
   8.5620740e+06   2.1954346e+02
   8.5772140e+06   1.8719482e+02
   8.6051650e+06   4.2297363e+01
   8.6073550e+06   4.1687012e+01
   8.6354660e+06   5.0598145e+01
   8.6354880e+06   2.0867920e+02
   8.6355680e+06   4.2907715e+01
   8.6774870e+06   6.1157227e+01
   8.6783630e+06   4.0710449e+01
   8.6784040e+06   5.6640625e+01
   8.6788380e+06   4.4189453e+01
   8.7041570e+06   5.2185059e+01
   8.7042100e+06   2.1777344e+02
   8.7408360e+06   1.9055176e+02
   8.7408970e+06   1.6662598e+02
   8.7599950e+06   2.1417236e+02
   8.7853360e+06   1.8554688e+02
   8.8001500e+06   2.0922852e+02
   8.8211420e+06   2.3059082e+02
   8.8212180e+06   4.3029785e+01
   8.8213860e+06   4.8217773e+01
   8.8216110e+06   4.1442871e+01
   8.8217890e+06   1.8298340e+02
   8.8230600e+06   4.6936035e+01
   8.8230860e+06   1.9689941e+02
   8.8231920e+06   4.3945313e+01
   8.8309800e+06   1.7956543e+02
   8.8310380e+06   1.5588379e+02
   8.8317130e+06   1.8365479e+02
   8.8318460e+06   1.8341064e+02
   8.8320480e+06   1.7358398e+02
   8.8328890e+06   1.7419434e+02
   8.8521980e+06   1.9287109e+02
   8.8786400e+06   1.5716553e+02
   8.8789090e+06   2.0172119e+02
   8.8802170e+06   2.1191406e+02
   8.8803060e+06   1.6534424e+02
   8.9038200e+06   4.6325684e+01
   8.9417840e+06   2.1057129e+02
   8.9418480e+06   1.7498779e+02
   8.9428690e+06   2.1185303e+02
   8.9431020e+06   4.2724609e+01
   8.9441310e+06   4.1809082e+01
   8.9442920e+06   4.2968750e+01
   8.9443430e+06   1.8164063e+02
   8.9791290e+06   4.6752930e+01
   8.9791550e+06   1.7645264e+02
   8.9973550e+06   4.6508789e+01
   9.0223800e+06   1.8865967e+02
   9.0228370e+06   4.4128418e+01
   9.0490840e+06   5.2185059e+01
   9.0490950e+06   2.1295166e+02
   9.0491100e+06   4.9011230e+01
   9.0491340e+06   4.1015625e+01
   9.0492150e+06   1.8463135e+02
   9.0717890e+06   2.1008301e+02
   9.0718410e+06   5.0903320e+01
   9.0725300e+06   4.1748047e+01
   9.0730810e+06   4.6936035e+01
   9.0911430e+06   4.1870117e+01
   9.0912840e+06   1.9537354e+02
   9.0922090e+06   4.2846680e+01
   9.1096930e+06   4.0893555e+01
   9.1268380e+06   5.0659180e+01
   9.1270140e+06   4.1748047e+01
   9.1412260e+06   1.8542480e+02
   9.1412850e+06   4.8828125e+01
   9.1480420e+06   4.2846680e+01
   9.1702530e+06   2.1166992e+02
   9.1703940e+06   5.7495117e+01
   9.1717440e+06   4.6081543e+01
   9.1916280e+06   1.9525146e+02
   9.2113210e+06   4.3579102e+01
   9.2371930e+06   1.9061279e+02
   9.2372360e+06   4.0466309e+01
   9.2374030e+06   2.0227051e+02
   9.2537210e+06   2.1685791e+02
   9.2538360e+06   4.5715332e+01
   9.2538900e+06   1.8780518e+02
   9.2553800e+06   4.6569824e+01
   9.2553930e+06   4.2175293e+01
   9.2725360e+06   2.1697998e+02
   9.2725750e+06   4.6508789e+01
   9.2725850e+06   1.5863037e+02
   9.2727330e+06   1.8786621e+02
   9.2742100e+06   4.6020508e+01
   9.2751260e+06   4.2297363e+01
   9.2924030e+06   4.7424316e+01
   9.2946530e+06   1.8792725e+02
   9.2947170e+06   1.6754150e+02
   9.2947570e+06   5.1696777e+01
   9.2948150e+06   1.8420410e+02
   9.2948280e+06   4.5471191e+01
   9.2952100e+06   4.1442871e+01
   9.3214470e+06   1.9750977e+02
   9.3382570e+06   1.9946289e+02
   9.3383040e+06   4.6142578e+01
   9.3383440e+06   1.9921875e+02
   9.3383960e+06   4.1992188e+01
   9.3390930e+06   4.1137695e+01
   9.3576440e+06   4.3029785e+01
   9.3576830e+06   1.8853760e+02
   9.3768070e+06   1.7120361e+02
   9.3770230e+06   5.3100586e+01
   9.3770470e+06   2.1093750e+02
   9.3781140e+06   1.9165039e+02
   9.3836280e+06   1.7291260e+02
   9.3853500e+06   2.0343018e+02
   9.3853960e+06   1.2921143e+02
   9.4057600e+06   2.0233154e+02
   9.4242780e+06   4.0527344e+01
   9.4244400e+06   4.1625977e+01
   9.4453730e+06   4.3762207e+01
   9.4473820e+06   2.3077393e+02
   9.4482350e+06   4.1320801e+01
   9.4573620e+06   2.1936035e+02
   9.4575580e+06   1.6912842e+02
   9.4683860e+06   4.8645020e+01
   9.4699470e+06   4.4616699e+01
   9.4868640e+06   2.1838379e+02
   9.4869370e+06   1.5625000e+02
   9.4869540e+06   5.0598145e+01
   9.5153830e+06   7.7636719e+01
   9.5154250e+06   4.5837402e+01
   9.5167290e+06   4.6020508e+01
   9.5348800e+06   2.1624756e+02
   9.5351850e+06   2.1191406e+02
   9.5369340e+06   4.2846680e+01
   9.5631910e+06   2.1002197e+02
   9.5632130e+06   4.7119141e+01
   9.5632610e+06   5.8288574e+01
   9.5632830e+06   1.7419434e+02
   9.5633690e+06   4.8583984e+01
   9.5636920e+06   4.5410156e+01
   9.5873440e+06   2.1575928e+02
   9.6060750e+06   5.9509277e+01
   9.6060880e+06   1.8408203e+02
   9.6066630e+06   4.7363281e+01
   9.6273040e+06   4.4128418e+01
   9.6273920e+06   4.2114258e+01
   9.6274090e+06   2.0050049e+02
   9.6323380e+06   4.2297363e+01
   9.6324020e+06   4.7180176e+01
   9.6324760e+06   4.1381836e+01
   9.6324940e+06   2.0593262e+02
   9.6325350e+06   1.3818359e+02
   9.6325470e+06   4.2358398e+01
   9.6325970e+06   1.2127686e+02
   9.6326840e+06   1.3446045e+02
   9.6327590e+06   1.2725830e+02
   9.6328300e+06   9.7229004e+01
   9.6329290e+06   7.7392578e+01
   9.6330080e+06   9.5581055e+01
   9.6330680e+06   5.7434082e+01
   9.6332690e+06   9.0942383e+01
   9.6333670e+06   6.9030762e+01
   9.6334740e+06   4.2480469e+01
   9.6335780e+06   4.8767090e+01
   9.6337320e+06   4.8950195e+01
   9.6338550e+06   4.0771484e+01
   9.6340210e+06   6.2988281e+01
   9.6345070e+06   4.0405273e+01
   9.6346430e+06   5.0720215e+01
   9.6351560e+06   4.2602539e+01
   9.6357410e+06   4.2785645e+01
   9.6360140e+06   4.9926758e+01
   9.6362430e+06   4.9072266e+01
   9.6363870e+06   6.2744141e+01
   9.6369660e+06   8.5266113e+01
   9.6371900e+06   7.9162598e+01
   9.6570330e+06   1.9897461e+02
   9.6572770e+06   4.6203613e+01
   9.6573050e+06   4.0710449e+01
   9.6578200e+06   4.0466309e+01
   9.6582790e+06   1.8109131e+02
   9.6670760e+06   5.1330566e+01
   9.6677220e+06   4.1259766e+01
   9.6678840e+06   2.0367432e+02
   9.6685040e+06   2.0141602e+02
   9.6779650e+06   2.0605469e+02
   9.6781420e+06   2.0385742e+02
   9.6783400e+06   4.8767090e+01
   9.6797590e+06   4.4799805e+01
   9.6872640e+06   4.3701172e+01
   9.6874630e+06   1.9696045e+02
   9.6874810e+06   5.3588867e+01
   9.6875670e+06   1.5679932e+02
   9.6877900e+06   1.6711426e+02
   9.6965100e+06   1.9665527e+02
   9.6966200e+06   1.6607666e+02
   9.6966630e+06   4.6020508e+01
   9.6967070e+06   1.2438965e+02
   9.6968750e+06   1.3702393e+02
   9.7059310e+06   4.3029785e+01
   9.7059760e+06   1.7590332e+02
   9.7060330e+06   1.2921143e+02
   9.7061110e+06   1.2792969e+02
   9.7061500e+06   4.6813965e+01
   9.7061860e+06   7.4951172e+01
   9.7066370e+06   1.2811279e+02
   9.7068660e+06   1.3787842e+02
   9.7071750e+06   1.3385010e+02
   9.7076380e+06   1.2841797e+02
   9.7093950e+06   1.4733887e+02
   9.7095580e+06   1.4416504e+02
   9.7097220e+06   1.1639404e+02
   9.7099200e+06   1.1553955e+02
   9.7101340e+06   9.6435547e+01
   9.7183170e+06   4.6813965e+01
   9.7184230e+06   1.5069580e+02
   9.7185050e+06   4.3212891e+01
   9.7185210e+06   1.1315918e+02
   9.7186590e+06   9.2102051e+01
   9.7191050e+06   1.5612793e+02
   9.7352470e+06   2.2448730e+02
   9.7352620e+06   4.3395996e+01
   9.7353140e+06   1.5258789e+02
   9.7353380e+06   4.0832520e+01
   9.7353680e+06   1.0607910e+02
   9.7354560e+06   5.2368164e+01
   9.7355340e+06   5.2551270e+01
   9.7357290e+06   9.8693848e+01
   9.7359030e+06   8.5937500e+01
   9.7359900e+06   6.4941406e+01
   9.7361480e+06   7.6049805e+01
   9.7363710e+06   4.9987793e+01
   9.7364790e+06   6.2927246e+01
   9.7366270e+06   6.4636230e+01
   9.7367630e+06   5.2673340e+01
   9.7368830e+06   5.9692383e+01
   9.7370380e+06   5.5236816e+01
   9.7372030e+06   4.4494629e+01
   9.7373430e+06   6.5490723e+01
   9.7375010e+06   4.0222168e+01
   9.7376410e+06   4.2541504e+01
   9.7379470e+06   6.5551758e+01
   9.7381470e+06   6.2622070e+01
   9.7383000e+06   4.4189453e+01
   9.7386650e+06   5.5358887e+01
   9.7396690e+06   7.2998047e+01
   9.7401560e+06   8.8500977e+01
   9.7404020e+06   8.6059570e+01
   9.7511140e+06   1.7376709e+02
   9.7511390e+06   5.0903320e+01
   9.7511500e+06   5.9997559e+01
   9.7511640e+06   1.3336182e+02
   9.7512500e+06   1.0290527e+02
   9.7512680e+06   4.3273926e+01
   9.7513990e+06   1.2060547e+02
   9.7517010e+06   1.2237549e+02
   9.7520050e+06   1.3482666e+02
   9.7639580e+06   2.2601318e+02
   9.7640000e+06   1.1346436e+02
   9.7640520e+06   7.0190430e+01
   9.7641340e+06   8.4594727e+01
   9.7642440e+06   1.2152100e+02
   9.7644660e+06   1.1157227e+02
   9.7648490e+06   1.0540771e+02
   9.7650740e+06   1.2603760e+02
   9.7794640e+06   4.6203613e+01
   9.7795020e+06   9.4543457e+01
   9.7795490e+06   7.4890137e+01
   9.7795970e+06   5.2795410e+01
   9.7796690e+06   6.3903809e+01
   9.7798160e+06   8.6914063e+01
   9.7799320e+06   7.2998047e+01
   9.7800930e+06   7.1594238e+01
   9.7802280e+06   7.1228027e+01
   9.7803000e+06   6.5979004e+01
   9.7804350e+06   5.4016113e+01
   9.7806490e+06   7.6538086e+01
   9.7807730e+06   6.0241699e+01
   9.7809390e+06   5.6945801e+01
   9.7811120e+06   8.2458496e+01
   9.7812560e+06   5.7006836e+01
   9.7814220e+06   5.8959961e+01
   9.7815850e+06   6.7382813e+01
   9.7817820e+06   6.0546875e+01
   9.7820310e+06   7.3120117e+01
   9.7821980e+06   4.9011230e+01
   9.7823630e+06   4.5593262e+01
   9.7826970e+06   7.5439453e+01
   9.7828790e+06   7.0129395e+01
   9.7833580e+06   9.2407227e+01
   9.7997520e+06   1.9018555e+02
   9.7997680e+06   5.4626465e+01
   9.7997930e+06   1.1718750e+02
   9.7998510e+06   8.9172363e+01
   9.7999040e+06   6.2438965e+01
   9.7999610e+06   7.3913574e+01
   9.8000510e+06   4.4128418e+01
   9.8001750e+06   8.1726074e+01
   9.8002560e+06   6.5063477e+01
   9.8004600e+06   7.6599121e+01
   9.8005820e+06   5.5175781e+01
   9.8007840e+06   5.4626465e+01
   9.8014960e+06   7.2265625e+01
   9.8020800e+06   7.9528809e+01
   9.8022370e+06   8.8989258e+01
   9.8024710e+06   6.7687988e+01
   9.8027030e+06   8.0444336e+01
   9.8029060e+06   7.8186035e+01
   9.8031500e+06   6.0241699e+01
   9.8036230e+06   8.7280273e+01
   9.8177630e+06   2.0312500e+02
   9.8178000e+06   1.1358643e+02
   9.8178730e+06   7.5500488e+01
   9.8179240e+06   4.4006348e+01
   9.8179340e+06   4.3457031e+01
   9.8180400e+06   7.9589844e+01
   9.8181600e+06   1.0156250e+02
   9.8182840e+06   9.0698242e+01
   9.8186140e+06   1.0272217e+02
   9.8190300e+06   1.0943604e+02
   9.8201290e+06   1.2683105e+02
   9.8485770e+06   2.0928955e+02
   9.8486010e+06   4.4860840e+01
   9.8486110e+06   1.1706543e+02
   9.8486540e+06   5.8532715e+01
   9.8487060e+06   6.9458008e+01
   9.8487700e+06   4.2846680e+01
   9.8488110e+06   4.3579102e+01
   9.8488870e+06   4.1564941e+01
   9.8489980e+06   5.2795410e+01
   9.8491310e+06   5.6091309e+01
   9.8492520e+06   5.2734375e+01
   9.8493790e+06   5.0537109e+01
   9.8495120e+06   6.3110352e+01
   9.8496350e+06   4.3151855e+01
   9.8496660e+06   4.0527344e+01
   9.8498520e+06   5.4016113e+01
   9.8499700e+06   4.5654297e+01
   9.8502720e+06   5.8776855e+01
   9.8504920e+06   5.3955078e+01
   9.8506610e+06   4.8767090e+01
   9.8508070e+06   5.6152344e+01
   9.8509540e+06   4.2053223e+01
   9.8511200e+06   5.4443359e+01
   9.8517770e+06   5.5725098e+01
   9.8521410e+06   5.1940918e+01
   9.8523900e+06   7.0312500e+01
   9.8526650e+06   7.1960449e+01
   9.8529410e+06   7.4157715e+01
   9.8533830e+06   7.5744629e+01
   9.8632020e+06   1.9689941e+02
   9.8632190e+06   4.5349121e+01
   9.8632520e+06   1.1169434e+02
   9.8633190e+06   6.8725586e+01
   9.8634060e+06   6.7749023e+01
   9.8635780e+06   1.0534668e+02
   9.8637520e+06   1.1071777e+02
   9.8638720e+06   9.7290039e+01
   9.8641350e+06   1.1108398e+02
   9.8643430e+06   9.5275879e+01
   9.8648900e+06   1.0595703e+02
   9.8879130e+06   1.7816162e+02
   9.8879540e+06   1.4953613e+02
   9.8879920e+06   5.1635742e+01
   9.8880470e+06   5.1818848e+01
   9.8881290e+06   4.8950195e+01
   9.8882000e+06   7.1716309e+01
   9.8882920e+06   8.4411621e+01
   9.8883680e+06   6.9519043e+01
   9.8884520e+06   5.3649902e+01
   9.8885610e+06   4.3090820e+01
   9.8887310e+06   6.0363770e+01
   9.8888450e+06   5.5725098e+01
   9.8889770e+06   6.4147949e+01
   9.8891290e+06   6.1828613e+01
   9.8894120e+06   8.6914063e+01
   9.8895550e+06   6.8054199e+01
   9.8897770e+06   7.4645996e+01
   9.8899280e+06   7.0800781e+01
   9.8901190e+06   6.6406250e+01
   9.8902780e+06   7.6721191e+01
   9.8908860e+06   9.0820313e+01
   9.8989130e+06   1.7877197e+02
   9.8989350e+06   5.7312012e+01
   9.8989720e+06   1.0961914e+02
   9.8989890e+06   5.1269531e+01
   9.8990400e+06   7.5866699e+01
   9.8991380e+06   6.6040039e+01
   9.8992330e+06   4.9011230e+01
   9.8993690e+06   7.7819824e+01
   9.8994970e+06   7.8491211e+01
   9.8996770e+06   7.0861816e+01
   9.8999420e+06   9.0209961e+01
   9.9003920e+06   8.9660645e+01
   9.9007480e+06   8.7402344e+01
   9.9087110e+06   1.4190674e+02
   9.9087640e+06   8.5083008e+01
   9.9088450e+06   6.7749023e+01
   9.9089290e+06   5.8044434e+01
   9.9090230e+06   6.2622070e+01
   9.9092130e+06   9.0393066e+01
   9.9095110e+06   9.6008301e+01
   9.9097560e+06   9.1674805e+01
   9.9101970e+06   8.7829590e+01
   9.9107480e+06   1.0473633e+02
   9.9195020e+06   1.9952393e+02
   9.9195260e+06   5.0720215e+01
   9.9195480e+06   1.1126709e+02
   9.9195960e+06   4.7607422e+01
   9.9196180e+06   4.3151855e+01
   9.9196470e+06   8.4716797e+01
   9.9197900e+06   5.6274414e+01
   9.9200380e+06   8.9965820e+01
   9.9201840e+06   7.7636719e+01
   9.9203890e+06   8.7585449e+01
   9.9205060e+06   7.9162598e+01
   9.9207340e+06   8.4289551e+01
   9.9211620e+06   9.1186523e+01
   9.9213470e+06   8.7768555e+01
   9.9216770e+06   8.3557129e+01
   9.9301140e+06   1.7504883e+02
   9.9301360e+06   4.2785645e+01
   9.9301780e+06   1.2475586e+02
   9.9302060e+06   5.1635742e+01
   9.9302620e+06   9.2651367e+01
   9.9303190e+06   4.8522949e+01
   9.9303340e+06   5.7678223e+01
   9.9304280e+06   5.0231934e+01
   9.9307840e+06   9.7351074e+01
   9.9309900e+06   9.0942383e+01
   9.9312190e+06   8.0444336e+01
   9.9322240e+06   1.0870361e+02
   9.9412510e+06   1.9415283e+02
   9.9413030e+06   1.3098145e+02
   9.9413970e+06   1.0107422e+02
   9.9414640e+06   6.4575195e+01
   9.9415250e+06   5.3100586e+01
   9.9416300e+06   4.4616699e+01
   9.9418270e+06   8.0749512e+01
   9.9419910e+06   6.2927246e+01
   9.9430540e+06   1.2194824e+02
   9.9535610e+06   2.2302246e+02
   9.9536050e+06   4.2785645e+01
   9.9536380e+06   4.3273926e+01
   9.9536610e+06   6.3293457e+01
   9.9536720e+06   7.3791504e+01
   9.9537490e+06   5.9509277e+01
   9.9538900e+06   7.2692871e+01
   9.9541630e+06   1.0003662e+02
   9.9543370e+06   9.4421387e+01
   9.9546700e+06   1.0095215e+02
   9.9652540e+06   1.8933105e+02
   9.9652810e+06   4.2236328e+01
   9.9653200e+06   1.1993408e+02
   9.9653970e+06   8.8928223e+01
   9.9655110e+06   5.9814453e+01
   9.9658810e+06   1.0998535e+02
   9.9660670e+06   9.8449707e+01
   9.9666970e+06   1.0333252e+02
   9.9669110e+06   1.0058594e+02
   9.9671910e+06   1.0076904e+02
   9.9786230e+06   2.0031738e+02
   9.9786660e+06   5.8166504e+01
   9.9786770e+06   1.2408447e+02
   9.9787780e+06   9.8937988e+01
   9.9788440e+06   5.4870605e+01
   9.9789170e+06   5.5786133e+01
   9.9792790e+06   1.1187744e+02
   9.9797150e+06   9.9121094e+01
   9.9802640e+06   1.2335205e+02
   9.9804710e+06   1.0485840e+02
   9.9955870e+06   2.0166016e+02
   9.9955990e+06   4.8828125e+01
   9.9956490e+06   1.3433838e+02
   9.9957270e+06   1.1810303e+02
   9.9958000e+06   7.4340820e+01
   9.9958180e+06   4.1687012e+01
   9.9959250e+06   6.5490723e+01
   9.9962290e+06   1.2353516e+02
   9.9963640e+06   1.0681152e+02
   9.9965060e+06   9.3322754e+01
   9.9967570e+06   1.0083008e+02
   9.9975230e+06   1.3830566e+02
   1.0010289e+07   1.9763184e+02
   1.0010316e+07   4.7851563e+01
   1.0010358e+07   1.3165283e+02
   1.0010457e+07   1.1267090e+02
   1.0010540e+07   7.0434570e+01
   1.0010605e+07   4.9987793e+01
   1.0010821e+07   8.9477539e+01
   1.0011905e+07   1.4050293e+02
   1.0027586e+07   1.7114258e+02
   1.0027600e+07   4.3762207e+01
   1.0027640e+07   1.2756348e+02
   1.0027655e+07   5.4382324e+01
   1.0027708e+07   1.2188721e+02
   1.0027785e+07   9.1918945e+01
   1.0027888e+07   8.5510254e+01
   1.0028259e+07   1.3061523e+02
   1.0028964e+07   1.4025879e+02
   1.0044441e+07   1.9354248e+02
   1.0044502e+07   5.4992676e+01
   1.0044519e+07   1.6705322e+02
   1.0044585e+07   1.1737061e+02
   1.0044622e+07   4.3457031e+01
   1.0044646e+07   9.0515137e+01
   1.0044674e+07   4.2785645e+01
   1.0044763e+07   6.8054199e+01
   1.0045083e+07   1.1767578e+02
   1.0060126e+07   2.0196533e+02
   1.0060160e+07   4.3395996e+01
   1.0060184e+07   4.0588379e+01
   1.0060206e+07   1.6595459e+02
   1.0060278e+07   1.1389160e+02
   1.0060353e+07   1.0778809e+02
   1.0060489e+07   9.4421387e+01
   1.0084973e+07   1.6607666e+02
   1.0085025e+07   4.2358398e+01
   1.0085054e+07   1.6741943e+02
   1.0085115e+07   4.5715332e+01
   1.0085136e+07   1.4013672e+02
   1.0085154e+07   4.0954590e+01
   1.0085201e+07   9.7778320e+01
   1.0085304e+07   9.1796875e+01
   1.0085406e+07   1.0736084e+02
   1.0116784e+07   1.7028809e+02
   1.0116840e+07   1.7272949e+02
   1.0116924e+07   1.4135742e+02
   1.0117005e+07   1.0607910e+02
   1.0117068e+07   8.7646484e+01
   1.0117355e+07   1.5722656e+02
   1.0150119e+07   5.2001953e+01
   1.0150144e+07   4.1015625e+01
   1.0150383e+07   4.2480469e+01
   1.0150559e+07   2.0312500e+02
   1.0150572e+07   4.8217773e+01
   1.0287306e+07   1.8188477e+02
   1.0311614e+07   2.1429443e+02
   1.0311658e+07   1.4123535e+02
   1.0312103e+07   4.1137695e+01
   1.0423949e+07   2.1527100e+02
   1.0427318e+07   6.4636230e+01
   1.0427435e+07   4.1076660e+01
   1.0427457e+07   1.6809082e+02
   1.0496540e+07   4.6752930e+01
   1.0528764e+07   2.1148682e+02
   1.0582618e+07   4.1748047e+01
   1.0633019e+07   1.7858887e+02
   1.0743188e+07   1.9738770e+02
   1.0743243e+07   1.6571045e+02
   1.0743322e+07   1.4971924e+02
   1.0744978e+07   2.1990967e+02
   1.0745033e+07   1.6772461e+02
   1.0749724e+07   1.6143799e+02
   1.0749774e+07   1.5142822e+02
   1.0776721e+07   1.8139648e+02
   1.0776782e+07   1.7181396e+02
   1.0779593e+07   1.9073486e+02
   1.0779642e+07   1.3903809e+02
   1.0779723e+07   4.9011230e+01
   1.0795427e+07   4.1076660e+01
   1.0795494e+07   1.7077637e+02
   1.0798488e+07   4.4128418e+01
   1.0829748e+07   1.7053223e+02
   1.0829795e+07   1.5447998e+02
   1.0831233e+07   2.2174072e+02
   1.0846055e+07   1.8835449e+02
   1.0912756e+07   1.9067383e+02
   1.0936900e+07   2.2534180e+02
   1.0936913e+07   4.0771484e+01
   1.0936966e+07   1.8353271e+02
   1.0938373e+07   4.3762207e+01
   1.0970200e+07   1.7034912e+02
   1.0970256e+07   1.6217041e+02
   1.0970305e+07   1.1547852e+02
   1.0990291e+07   4.0588379e+01
   1.0998995e+07   5.2124023e+01
   1.1016204e+07   2.1588135e+02
   1.1016259e+07   1.8170166e+02
   1.1017243e+07   1.9818115e+02
   1.1018926e+07   1.4221191e+02
   1.1018997e+07   4.2053223e+01
   1.1019348e+07   4.3212891e+01
   1.1031514e+07   2.1575928e+02
   1.1035045e+07   2.0953369e+02
   1.1047191e+07   2.0721436e+02
   1.1050645e+07   1.8090820e+02
   1.1058702e+07   1.8981934e+02
   1.1058748e+07   4.7973633e+01
   1.1058810e+07   1.6693115e+02
   1.1058898e+07   4.7363281e+01
   1.1059321e+07   4.5837402e+01
   1.1060882e+07   4.0832520e+01
   1.1079861e+07   4.3151855e+01
   1.1080849e+07   4.2663574e+01
   1.1126827e+07   1.9781494e+02
   1.1127070e+07   1.9586182e+02
   1.1127108e+07   5.4138184e+01
   1.1130132e+07   1.9824219e+02
   1.1132958e+07   2.0080566e+02
   1.1145571e+07   2.1850586e+02
   1.1146055e+07   1.8829346e+02
   1.1164144e+07   4.1015625e+01
   1.1164169e+07   1.7687988e+02
   1.1164217e+07   4.1809082e+01
   1.1190437e+07   4.1748047e+01
   1.1191372e+07   4.4494629e+01
   1.1218088e+07   4.0649414e+01
   1.1242695e+07   5.2734375e+01
   1.1269559e+07   4.9072266e+01
   1.1283571e+07   5.1269531e+01
   1.1283619e+07   4.1259766e+01
   1.1283646e+07   4.6813965e+01
   1.1283924e+07   4.2297363e+01
   1.1308297e+07   2.2253418e+02
   1.1312800e+07   1.8658447e+02
   1.1314359e+07   2.0507813e+02
   1.1315053e+07   1.9854736e+02
   1.1317424e+07   4.9133301e+01
   1.1317520e+07   4.1625977e+01
   1.1339450e+07   4.7485352e+01
   1.1357760e+07   4.2541504e+01
   1.1358466e+07   4.1320801e+01
   1.1358629e+07   5.8471680e+01
   1.1422943e+07   2.1990967e+02
   1.1425318e+07   4.7424316e+01
   1.1425702e+07   2.1417236e+02
   1.1438759e+07   1.6571045e+02
   1.1438903e+07   1.9702148e+02
   1.1443894e+07   4.2297363e+01
   1.1443944e+07   2.1240234e+02
   1.1443959e+07   5.3039551e+01
   1.1468520e+07   2.2790527e+02
   1.1468556e+07   4.6264648e+01
   1.1469087e+07   4.0893555e+01
   1.1469234e+07   4.4738770e+01
   1.1486259e+07   4.7912598e+01
   1.1487367e+07   4.4494629e+01
   1.1487502e+07   4.0954590e+01
   1.1507201e+07   4.9621582e+01
   1.1507857e+07   4.4067383e+01
   1.1508508e+07   4.1564941e+01
   1.1542147e+07   1.7187500e+02
   1.1542175e+07   5.4809570e+01
   1.1560872e+07   5.0109863e+01
   1.1560942e+07   4.6875000e+01
   1.1579218e+07   1.8469238e+02
   1.1579800e+07   1.9482422e+02
   1.1579819e+07   4.2541504e+01
   1.1580054e+07   4.2236328e+01
   1.1610360e+07   4.3212891e+01
   1.1610788e+07   4.3090820e+01
   1.1625300e+07   4.0405273e+01
   1.1625360e+07   2.2015381e+02
   1.1627009e+07   4.2846680e+01
   1.1627056e+07   4.0710449e+01
   1.1627101e+07   4.9560547e+01
   1.1650650e+07   2.1307373e+02
   1.1650693e+07   4.0771484e+01
   1.1651644e+07   4.5654297e+01
   1.1651654e+07   4.1137695e+01
   1.1651683e+07   1.8676758e+02
   1.1673031e+07   4.2419434e+01
   1.1673138e+07   4.6630859e+01
   1.1673259e+07   1.9189453e+02
   1.1709842e+07   2.2406006e+02
   1.1710078e+07   4.7424316e+01
   1.1710906e+07   4.6325684e+01
   1.1723945e+07   1.6534424e+02
   1.1723996e+07   4.5410156e+01
   1.1738016e+07   2.0581055e+02
   1.1738062e+07   1.4086914e+02
   1.1738145e+07   4.4738770e+01
   1.1747955e+07   4.9316406e+01
   1.1747985e+07   1.8139648e+02
   1.1748050e+07   1.6510010e+02
   1.1748518e+07   4.1931152e+01
   1.1750717e+07   4.7485352e+01
   1.1766625e+07   4.1870117e+01
   1.1782464e+07   2.0343018e+02
   1.1782560e+07   4.0283203e+01
   1.1788098e+07   2.0642090e+02
   1.1792607e+07   2.1844482e+02
   1.1792678e+07   4.3457031e+01
   1.1792758e+07   4.0771484e+01
   1.1814740e+07   1.9372559e+02
   1.1814787e+07   1.5014648e+02
   1.1814848e+07   4.1625977e+01
   1.1814977e+07   4.0222168e+01
   1.1815238e+07   2.1252441e+02
   1.1816430e+07   4.3518066e+01
   1.1818022e+07   4.3151855e+01
   1.1837487e+07   2.0391846e+02
   1.1846090e+07   1.8316650e+02
   1.1846135e+07   1.4556885e+02
   1.1846305e+07   1.7572021e+02
   1.1846363e+07   9.0393066e+01
   1.1848404e+07   4.5471191e+01
   1.1869571e+07   1.7126465e+02
   1.1869764e+07   5.1940918e+01
   1.1870574e+07   5.0903320e+01
   1.1870593e+07   4.4799805e+01
   1.1888467e+07   4.5104980e+01
   1.1888601e+07   2.0892334e+02
   1.1906711e+07   2.2320557e+02
   1.1906799e+07   1.7694092e+02
   1.1925074e+07   2.2052002e+02
   1.1925241e+07   2.0996094e+02
   1.1925308e+07   4.0954590e+01
   1.1925449e+07   4.8889160e+01
   1.1926196e+07   1.8548584e+02
   1.1936093e+07   4.5715332e+01
   1.1936230e+07   2.1136475e+02
   1.1936281e+07   4.4067383e+01
   1.1952921e+07   4.2968750e+01
   1.1953111e+07   4.1259766e+01
   1.1975591e+07   5.5908203e+01
   1.1975651e+07   2.2473145e+02
   1.1993428e+07   5.2185059e+01
   1.1993555e+07   2.2558594e+02
   1.1994926e+07   2.0959473e+02
