   1.1999000e+07   0.0000000e+00
   2.5999000e+04   6.2744141e+01
   3.2501000e+04   6.1706543e+01
   3.2702000e+04   4.3884277e+01
   3.8812000e+04   3.7170410e+01
   4.0376000e+04   7.2082520e+01
   4.0487000e+04   3.6621094e+01
   4.2612000e+04   5.8898926e+01
   4.2697000e+04   3.9062500e+01
   4.9157000e+04   4.2236328e+01
   5.9150000e+04   5.7128906e+01
   7.3538000e+04   6.8664551e+01
   7.8353000e+04   3.6437988e+01
   8.2892000e+04   3.8879395e+01
   8.2940000e+04   6.5979004e+01
   8.8402000e+04   6.9335938e+01
   8.8702000e+04   4.2846680e+01
   1.1347900e+05   6.8115234e+01
   1.4101600e+05   6.1340332e+01
   1.4348000e+05   4.0100098e+01
   1.4349500e+05   7.0922852e+01
   1.4357100e+05   3.8635254e+01
   1.4359500e+05   3.6071777e+01
   1.4362400e+05   3.7231445e+01
   1.4774700e+05   3.6621094e+01
   1.5170200e+05   5.1391602e+01
   1.5729200e+05   7.1716309e+01
   1.7432000e+05   4.4006348e+01
   1.8867100e+05   5.6030273e+01
   1.9322600e+05   5.8349609e+01
   1.9328700e+05   4.8522949e+01
   1.9342100e+05   4.6264648e+01
   1.9403000e+05   3.6499023e+01
   2.2364200e+05   5.4626465e+01
   2.2501200e+05   4.5227051e+01
   2.2503300e+05   3.7292480e+01
   2.2507800e+05   5.5358887e+01
   2.2557300e+05   4.3823242e+01
   2.5132100e+05   6.5734863e+01
   2.5929500e+05   6.6101074e+01
   2.6523900e+05   6.2866211e+01
   2.7303600e+05   6.9641113e+01
   2.7315800e+05   4.4311523e+01
   2.7332900e+05   5.6274414e+01
   2.7349600e+05   4.1259766e+01
   2.8575700e+05   3.6682129e+01
   2.8622100e+05   6.7199707e+01
   2.8657300e+05   3.6071777e+01
   2.8732800e+05   5.5175781e+01
   2.9019900e+05   6.7382813e+01
   2.9039200e+05   5.2307129e+01
   3.1832300e+05   6.3720703e+01
   3.2573600e+05   4.6386719e+01
   3.3197400e+05   4.0649414e+01
   3.3200700e+05   5.6640625e+01
   3.4296300e+05   6.4514160e+01
   3.4316700e+05   5.9509277e+01
   3.4361600e+05   4.2907715e+01
   3.4407700e+05   3.8818359e+01
   3.4446100e+05   6.2011719e+01
   3.5735600e+05   6.2866211e+01
   3.6523900e+05   6.8359375e+01
   3.6527800e+05   3.9367676e+01
   3.9596900e+05   6.0729980e+01
   3.9598800e+05   3.6865234e+01
   4.1173500e+05   3.6743164e+01
   4.1235400e+05   5.4199219e+01
   4.1488900e+05   4.7058105e+01
   4.3962300e+05   4.6752930e+01
   4.5346200e+05   6.4208984e+01
   4.5348900e+05   3.9672852e+01
   4.5953500e+05   8.2763672e+01
   4.6113100e+05   6.2011719e+01
   4.6183400e+05   3.7658691e+01
   4.8540000e+05   3.7597656e+01
   4.8576500e+05   6.5490723e+01
   4.8679700e+05   4.6081543e+01
   5.2438400e+05   5.3649902e+01
   5.2466800e+05   3.6254883e+01
   5.2489800e+05   4.5776367e+01
   5.2643400e+05   6.3476563e+01
   5.6142000e+05   3.6499023e+01
   5.6157100e+05   5.7556152e+01
   5.6165500e+05   4.2236328e+01
   5.6186900e+05   4.0710449e+01
   5.7616800e+05   4.0222168e+01
   6.0264800e+05   6.9091797e+01
   6.0267900e+05   3.6254883e+01
   6.0290900e+05   4.6081543e+01
   6.2109800e+05   6.9396973e+01
   6.5584000e+05   7.0495605e+01
   6.5616200e+05   4.3945313e+01
   6.5662000e+05   6.1706543e+01
   6.5822100e+05   5.9875488e+01
   6.5824500e+05   4.3579102e+01
   6.7281800e+05   3.9306641e+01
   6.7520300e+05   6.5307617e+01
   6.7578900e+05   3.9001465e+01
   7.0616200e+05   6.5002441e+01
   7.0639400e+05   3.6376953e+01
   7.1018600e+05   7.1166992e+01
   7.1020600e+05   4.2907715e+01
   7.1202500e+05   6.4941406e+01
   7.1226500e+05   3.6926270e+01
   7.2085900e+05   6.6589355e+01
   7.2195600e+05   3.6071777e+01
   7.2264200e+05   6.6589355e+01
   7.2353700e+05   4.0161133e+01
   7.2355600e+05   6.5917969e+01
   7.2358600e+05   3.6315918e+01
   7.2368100e+05   4.9377441e+01
   7.2369200e+05   3.9428711e+01
   7.2780300e+05   5.8532715e+01
   7.2825200e+05   5.9936523e+01
   7.2850500e+05   6.1950684e+01
   7.2875600e+05   4.6508789e+01
   7.2888900e+05   3.6560059e+01
   7.3091300e+05   4.1198730e+01
   7.3155800e+05   4.4616699e+01
   7.3884200e+05   3.6254883e+01
   7.4188900e+05   6.7932129e+01
   7.8059900e+05   5.4321289e+01
   7.8077600e+05   3.8085938e+01
   8.0860000e+05   4.0283203e+01
   8.1083900e+05   6.0241699e+01
   8.2739800e+05   3.7048340e+01
   8.7165700e+05   4.5837402e+01
   8.7172700e+05   6.6650391e+01
   8.7271800e+05   4.1931152e+01
   9.0574800e+05   6.2316895e+01
   9.0587300e+05   5.4565430e+01
   9.0652200e+05   6.1096191e+01
   9.0654400e+05   3.8269043e+01
   9.2170200e+05   6.2622070e+01
   9.2251600e+05   6.5551758e+01
   9.2312600e+05   3.6315918e+01
   9.2436200e+05   6.4025879e+01
   9.2727400e+05   6.0607910e+01
   9.3986600e+05   3.6743164e+01
   9.6657700e+05   3.6865234e+01
   9.6828800e+05   6.9946289e+01
   9.9844000e+05   3.8452148e+01
   9.9858100e+05   6.2561035e+01
   1.0006210e+06   6.0424805e+01
   1.0208290e+06   7.4096680e+01
   1.0210700e+06   3.8391113e+01
   1.0228110e+06   3.7780762e+01
   1.0424410e+06   3.6621094e+01
   1.0539560e+06   3.9306641e+01
   1.0634580e+06   4.1320801e+01
   1.0770530e+06   4.1076660e+01
   1.0771910e+06   7.0373535e+01
   1.0847450e+06   3.7719727e+01
   1.1055630e+06   5.8593750e+01
   1.1095910e+06   4.3701172e+01
   1.1289960e+06   4.0893555e+01
   1.1637200e+06   6.9030762e+01
   1.1676700e+06   6.5124512e+01
   1.1683470e+06   4.0771484e+01
   1.1758540e+06   4.1687012e+01
   1.1771740e+06   7.4584961e+01
   1.1885130e+06   3.7902832e+01
   1.1888590e+06   3.6376953e+01
   1.2023630e+06   4.7607422e+01
   1.2240370e+06   5.7922363e+01
   1.2240500e+06   6.2377930e+01
   1.2313560e+06   5.9631348e+01
   1.2313930e+06   4.2175293e+01
   1.2314980e+06   3.8330078e+01
   1.2402270e+06   4.2236328e+01
   1.2480470e+06   5.7617188e+01
   1.2584050e+06   6.4025879e+01
   1.2588860e+06   6.7077637e+01
   1.2615340e+06   5.0964355e+01
   1.2615630e+06   8.9477539e+01
   1.2616880e+06   3.6743164e+01
   1.2617170e+06   3.6071777e+01
   1.2617460e+06   4.2541504e+01
   1.2673130e+06   6.3781738e+01
   1.2675480e+06   5.3222656e+01
   1.2677400e+06   6.2805176e+01
   1.2733120e+06   6.8359375e+01
   1.2748040e+06   8.5754395e+01
   1.2884820e+06   6.2622070e+01
   1.2967420e+06   7.1105957e+01
   1.3209220e+06   5.5603027e+01
   1.3212600e+06   4.1076660e+01
   1.3451790e+06   7.9589844e+01
   1.3595030e+06   4.0527344e+01
   1.3595420e+06   7.3730469e+01
   1.3602180e+06   3.6437988e+01
   1.3602360e+06   5.2612305e+01
   1.3608630e+06   3.8330078e+01
   1.3620860e+06   5.6091309e+01
   1.3725890e+06   6.6955566e+01
   1.3954810e+06   3.8818359e+01
   1.4046240e+06   9.6313477e+01
   1.4049780e+06   6.1279297e+01
   1.4222890e+06   3.7231445e+01
   1.4230910e+06   4.0039063e+01
   1.4231260e+06   3.6560059e+01
   1.4554140e+06   3.9123535e+01
   1.4647590e+06   6.9763184e+01
   1.4651260e+06   6.6406250e+01
   1.4652180e+06   4.2236328e+01
   1.4653710e+06   5.6213379e+01
   1.4798430e+06   3.8208008e+01
   1.4809080e+06   6.1096191e+01
   1.4821940e+06   3.7475586e+01
   1.4822760e+06   6.9824219e+01
   1.4823630e+06   3.6437988e+01
   1.5047460e+06   3.9001465e+01
   1.5175350e+06   4.0100098e+01
   1.5175940e+06   7.5195313e+01
   1.5210280e+06   4.8461914e+01
   1.5401720e+06   3.6315918e+01
   1.5634460e+06   6.6223145e+01
   1.5636510e+06   6.0546875e+01
   1.5638870e+06   5.1269531e+01
   1.5794260e+06   5.2124023e+01
   1.5796550e+06   4.5349121e+01
   1.5796970e+06   5.6274414e+01
   1.5797540e+06   3.7109375e+01
   1.5802140e+06   3.7902832e+01
   1.6010360e+06   3.9733887e+01
   1.6040460e+06   7.8491211e+01
   1.6049420e+06   5.5541992e+01
   1.6094480e+06   6.3049316e+01
   1.6110520e+06   5.2856445e+01
   1.6111190e+06   5.2551270e+01
   1.6384560e+06   5.7983398e+01
   1.6386050e+06   5.4260254e+01
   1.6386290e+06   4.2541504e+01
   1.6387180e+06   3.7414551e+01
   1.6561980e+06   5.7373047e+01
   1.6563460e+06   4.2480469e+01
   1.6566010e+06   3.6804199e+01
   1.6578370e+06   5.4931641e+01
   1.6719640e+06   7.5744629e+01
   1.6725600e+06   3.9062500e+01
   1.6842310e+06   5.8593750e+01
   1.6945390e+06   6.5368652e+01
   1.6955900e+06   8.4655762e+01
   1.6956540e+06   4.0039063e+01
   1.6956690e+06   3.8146973e+01
   1.7162330e+06   6.2072754e+01
   1.7166950e+06   3.7414551e+01
   1.7168970e+06   3.8024902e+01
   1.7182360e+06   3.6560059e+01
   1.7296360e+06   6.3232422e+01
   1.7457390e+06   7.2875977e+01
   1.7457880e+06   3.9611816e+01
   1.7482010e+06   7.5134277e+01
   1.7482270e+06   3.7658691e+01
   1.7696070e+06   6.7504883e+01
   1.7696170e+06   5.0537109e+01
   1.7866230e+06   6.5063477e+01
   1.7867250e+06   6.1889648e+01
   1.7867470e+06   3.7963867e+01
   1.7873620e+06   6.1950684e+01
   1.8027740e+06   5.9692383e+01
   1.8156200e+06   5.5297852e+01
   1.8208260e+06   3.8330078e+01
   1.8418100e+06   3.6621094e+01
   1.8688330e+06   7.0617676e+01
   1.8689010e+06   4.6386719e+01
   1.8707450e+06   5.8715820e+01
   1.8709970e+06   3.6682129e+01
   1.8848290e+06   4.5043945e+01
   1.8848690e+06   6.6589355e+01
   1.8850470e+06   4.5043945e+01
   1.9068930e+06   3.7780762e+01
   1.9176270e+06   6.2622070e+01
   1.9180550e+06   3.9978027e+01
   1.9181480e+06   7.7880859e+01
   1.9184100e+06   3.8452148e+01
   1.9415850e+06   4.0527344e+01
   1.9427760e+06   6.3781738e+01
   1.9428470e+06   3.8940430e+01
   1.9432240e+06   4.0771484e+01
   1.9443790e+06   3.7597656e+01
   1.9766810e+06   4.0649414e+01
   1.9892260e+06   6.8237305e+01
   1.9903620e+06   3.8146973e+01
   1.9909870e+06   6.3781738e+01
   2.0078240e+06   6.9946289e+01
   2.0079290e+06   7.3608398e+01
   2.0082600e+06   6.3964844e+01
   2.0132930e+06   5.9692383e+01
   2.0177200e+06   3.6560059e+01
   2.0184710e+06   6.1767578e+01
   2.0311700e+06   7.2937012e+01
   2.0342260e+06   3.7292480e+01
   2.0378160e+06   5.3039551e+01
   2.0379360e+06   4.1870117e+01
   2.0380630e+06   3.7414551e+01
   2.0393700e+06   6.3781738e+01
   2.0402770e+06   3.6254883e+01
   2.0558270e+06   3.9855957e+01
   2.0725440e+06   5.9387207e+01
   2.0827290e+06   5.9814453e+01
   2.0835270e+06   5.5114746e+01
   2.0835570e+06   3.9245605e+01
   2.0941730e+06   7.1594238e+01
   2.1028230e+06   5.3833008e+01
   2.1141200e+06   6.8664551e+01
   2.1141480e+06   4.0527344e+01
   2.1141930e+06   7.8979492e+01
   2.1275930e+06   8.5754395e+01
   2.1277360e+06   6.8847656e+01
   2.1278740e+06   3.7292480e+01
   2.1386490e+06   6.1157227e+01
   2.1471910e+06   3.7719727e+01
   2.1472050e+06   5.6030273e+01
   2.1591980e+06   6.7565918e+01
   2.1592700e+06   4.3334961e+01
   2.1690800e+06   5.3344727e+01
   2.1690900e+06   4.9560547e+01
   2.1692440e+06   5.7312012e+01
   2.1809980e+06   7.7514648e+01
   2.1810100e+06   4.8217773e+01
   2.1811150e+06   5.0781250e+01
   2.1924830e+06   7.2814941e+01
   2.1925290e+06   3.8818359e+01
   2.1928000e+06   6.2561035e+01
   2.2053890e+06   6.8664551e+01
   2.2055160e+06   6.1645508e+01
   2.2164310e+06   7.9833984e+01
   2.2165740e+06   6.6162109e+01
   2.2289350e+06   6.2316895e+01
   2.2292300e+06   4.0527344e+01
   2.2393900e+06   6.1523438e+01
   2.2394010e+06   5.3527832e+01
   2.2394970e+06   4.8950195e+01
   2.2396200e+06   4.3090820e+01
   2.2525400e+06   8.5327148e+01
   2.2525650e+06   3.6499023e+01
   2.2525940e+06   3.8940430e+01
   2.2628110e+06   7.9528809e+01
   2.2629060e+06   5.0964355e+01
   2.2737690e+06   5.7312012e+01
   2.2738710e+06   5.9448242e+01
   2.2864290e+06   6.5063477e+01
   2.2864990e+06   4.0466309e+01
   2.3017500e+06   6.9824219e+01
   2.3139870e+06   5.8532715e+01
   2.3140620e+06   3.7536621e+01
   2.3140730e+06   5.3283691e+01
   2.3278070e+06   6.9213867e+01
   2.3294860e+06   3.6132813e+01
   2.3412360e+06   4.1564941e+01
   2.3412740e+06   6.6345215e+01
   2.3419030e+06   4.6508789e+01
   2.3569860e+06   3.6376953e+01
   2.3570200e+06   7.9895020e+01
   2.3722200e+06   6.2805176e+01
   2.3722950e+06   3.8269043e+01
   2.3866760e+06   7.1044922e+01
   2.4045130e+06   5.6396484e+01
   2.4228210e+06   5.7922363e+01
   2.4229130e+06   5.4565430e+01
   2.4386310e+06   4.4067383e+01
   2.4386920e+06   7.1228027e+01
   2.4571480e+06   6.1340332e+01
   2.4734020e+06   3.9978027e+01
   2.4890900e+06   5.7128906e+01
   2.4892530e+06   3.6560059e+01
   2.4892780e+06   6.0485840e+01
   2.5012570e+06   6.3415527e+01
   2.5212850e+06   3.8452148e+01
   2.5213430e+06   6.8725586e+01
   2.5416340e+06   4.1870117e+01
   2.5416920e+06   6.7443848e+01
   2.5615120e+06   4.1076660e+01
   2.5945510e+06   5.2795410e+01
   2.5947490e+06   5.6030273e+01
   2.5954850e+06   5.5847168e+01
   2.6316660e+06   7.7941895e+01
   2.6419630e+06   7.4584961e+01
   2.6753210e+06   5.5603027e+01
   2.6753650e+06   3.9306641e+01
   2.6986630e+06   4.0222168e+01
   2.6991460e+06   6.6772461e+01
   2.6992210e+06   4.1809082e+01
   2.7316540e+06   3.9123535e+01
   2.7318440e+06   6.7687988e+01
   2.7320140e+06   3.6987305e+01
   2.7327730e+06   5.9143066e+01
   2.7630050e+06   6.5979004e+01
   2.7631270e+06   3.6682129e+01
   2.7642660e+06   3.6193848e+01
   2.7830770e+06   5.8349609e+01
   2.7835190e+06   5.6945801e+01
   2.7835910e+06   4.1198730e+01
   2.7939830e+06   7.3242188e+01
   2.8152130e+06   4.4250488e+01
   2.8155100e+06   5.4260254e+01
   2.8356210e+06   5.5480957e+01
   2.8432290e+06   6.2866211e+01
   2.8610770e+06   6.3842773e+01
   2.8611710e+06   4.1931152e+01
   2.8618020e+06   5.5114746e+01
   2.9019090e+06   6.6528320e+01
   2.9021490e+06   3.9001465e+01
   2.9025210e+06   3.7292480e+01
   2.9031790e+06   4.4189453e+01
   2.9041540e+06   3.7475586e+01
   2.9041980e+06   6.6284180e+01
   2.9042770e+06   3.8635254e+01
   2.9042880e+06   3.7414551e+01
   2.9092380e+06   5.9265137e+01
   2.9095460e+06   4.6264648e+01
   2.9096950e+06   4.1442871e+01
   2.9975760e+06   4.0832520e+01
   3.0073550e+06   5.7739258e+01
   3.0295480e+06   6.7687988e+01
   3.0303790e+06   3.8940430e+01
   3.0494630e+06   7.3974609e+01
   3.0508520e+06   4.8461914e+01
   3.0509190e+06   7.3730469e+01
   3.0510150e+06   7.0129395e+01
   3.0520300e+06   3.6621094e+01
   3.0682920e+06   3.6926270e+01
   3.0695290e+06   3.6804199e+01
   3.0695460e+06   7.5317383e+01
   3.0885400e+06   6.9946289e+01
   3.0885720e+06   3.6437988e+01
   3.0885970e+06   3.8818359e+01
   3.1030950e+06   7.0312500e+01
   3.1039460e+06   5.8532715e+01
   3.1047390e+06   3.9611816e+01
   3.1047620e+06   5.7922363e+01
   3.1182550e+06   3.9733887e+01
   3.1272770e+06   6.2194824e+01
   3.1283880e+06   5.8959961e+01
   3.1285820e+06   4.2236328e+01
   3.1448850e+06   6.8908691e+01
   3.1450310e+06   4.5227051e+01
   3.1468750e+06   3.6254883e+01
   3.1634080e+06   6.3842773e+01
   3.1635100e+06   4.5837402e+01
   3.1636240e+06   3.6682129e+01
   3.1804300e+06   7.0190430e+01
   3.1805600e+06   3.9123535e+01
   3.1973460e+06   6.7199707e+01
   3.1987970e+06   3.6621094e+01
   3.2000520e+06   3.8085938e+01
   3.2000690e+06   5.5908203e+01
   3.2009610e+06   6.4331055e+01
   3.2010200e+06   3.7475586e+01
   3.2011130e+06   4.0649414e+01
   3.2046000e+06   3.8696289e+01
   3.2223430e+06   4.9926758e+01
   3.2224570e+06   5.5480957e+01
   3.2422130e+06   5.3161621e+01
   3.2563470e+06   5.5725098e+01
   3.2593550e+06   5.9326172e+01
   3.2593910e+06   3.9733887e+01
   3.2595700e+06   5.9387207e+01
   3.2603380e+06   5.7434082e+01
   3.2603580e+06   4.2846680e+01
   3.2782940e+06   7.1105957e+01
   3.2793970e+06   6.4941406e+01
   3.2794150e+06   4.1992188e+01
   3.2975920e+06   7.2753906e+01
   3.2995360e+06   6.4086914e+01
   3.2995940e+06   4.0527344e+01
   3.3173300e+06   3.6254883e+01
   3.3173490e+06   7.7087402e+01
   3.3175130e+06   4.7058105e+01
   3.3175620e+06   3.9123535e+01
   3.3176010e+06   6.2622070e+01
   3.3193760e+06   4.0466309e+01
   3.3193870e+06   4.1931152e+01
   3.3338710e+06   6.8237305e+01
   3.3356010e+06   6.8908691e+01
   3.3357460e+06   6.1096191e+01
   3.3373670e+06   6.4086914e+01
   3.3373950e+06   3.9184570e+01
   3.3555060e+06   5.6762695e+01
   3.3556010e+06   4.0954590e+01
   3.3708120e+06   3.9367676e+01
   3.3724760e+06   5.6030273e+01
   3.3731540e+06   7.2265625e+01
   3.3732800e+06   3.9489746e+01
   3.3743130e+06   7.4157715e+01
   3.3935270e+06   6.8603516e+01
   3.4090560e+06   5.8349609e+01
   3.4092280e+06   6.3720703e+01
   3.4098430e+06   3.8085938e+01
   3.4103610e+06   3.9978027e+01
   3.4104830e+06   4.9194336e+01
   3.4111800e+06   3.7597656e+01
   3.4307590e+06   7.6904297e+01
   3.4307690e+06   3.7597656e+01
   3.4308840e+06   6.9335938e+01
   3.4325810e+06   3.9733887e+01
   3.4449050e+06   6.4697266e+01
   3.4449580e+06   4.5898438e+01
   3.4452450e+06   3.8391113e+01
   3.4459850e+06   6.3781738e+01
   3.4668830e+06   6.2988281e+01
   3.4669460e+06   4.0832520e+01
   3.4669650e+06   4.0710449e+01
   3.4677380e+06   6.2927246e+01
   3.4680030e+06   5.0231934e+01
   3.4692000e+06   7.5439453e+01
   3.4692730e+06   4.1687012e+01
   3.4694360e+06   4.0405273e+01
   3.4694780e+06   3.6743164e+01
   3.4697200e+06   3.7841797e+01
   3.4699700e+06   3.6376953e+01
   3.4701970e+06   4.1015625e+01
   3.4704350e+06   3.7231445e+01
   3.4835320e+06   4.3457031e+01
   3.4856150e+06   5.1330566e+01
   3.4866530e+06   4.0344238e+01
   3.4871250e+06   4.0161133e+01
   3.4876830e+06   4.4982910e+01
   3.4884940e+06   3.9306641e+01
   3.4956100e+06   5.7373047e+01
   3.4959430e+06   4.7607422e+01
   3.4961790e+06   3.7353516e+01
   3.4974230e+06   5.3344727e+01
   3.5036970e+06   3.6804199e+01
   3.5038780e+06   6.2377930e+01
   3.5043660e+06   5.2856445e+01
   3.5045470e+06   3.7231445e+01
   3.5047540e+06   4.7424316e+01
   3.5052230e+06   4.5166016e+01
   3.5120940e+06   5.3466797e+01
   3.5125790e+06   4.8889160e+01
   3.5207080e+06   3.7231445e+01
   3.5207210e+06   7.3425293e+01
   3.5208900e+06   3.7170410e+01
   3.5210210e+06   5.8654785e+01
   3.5219290e+06   5.8166504e+01
   3.5291850e+06   3.7841797e+01
   3.5292420e+06   4.7729492e+01
   3.5293640e+06   4.6752930e+01
   3.5293910e+06   3.8269043e+01
   3.5295080e+06   4.2785645e+01
   3.5301100e+06   4.4738770e+01
   3.5315170e+06   4.6081543e+01
   3.5393750e+06   6.1462402e+01
   3.5394490e+06   4.4250488e+01
   3.5395040e+06   3.9123535e+01
   3.5399440e+06   4.7302246e+01
   3.5403120e+06   4.9377441e+01
   3.5408040e+06   3.9794922e+01
   3.5412720e+06   4.6142578e+01
   3.5418460e+06   3.9489746e+01
   3.5422300e+06   4.3945313e+01
   3.5424480e+06   3.7902832e+01
   3.5426470e+06   4.0283203e+01
   3.5527150e+06   4.1748047e+01
   3.5527400e+06   7.8002930e+01
   3.5527700e+06   4.7485352e+01
   3.5528130e+06   5.1025391e+01
   3.5528580e+06   3.6193848e+01
   3.5528770e+06   4.0527344e+01
   3.5529100e+06   3.7414551e+01
   3.5538290e+06   3.7658691e+01
   3.5553240e+06   4.0100098e+01
   3.5559680e+06   4.4860840e+01
   3.5565420e+06   4.4555664e+01
   3.5573330e+06   3.7841797e+01
   3.5679090e+06   4.0405273e+01
   3.5679870e+06   4.0527344e+01
   3.5680610e+06   4.1748047e+01
   3.5684330e+06   3.9245605e+01
   3.5685870e+06   4.0039063e+01
   3.5700810e+06   4.4494629e+01
   3.5815740e+06   6.5490723e+01
   3.5815900e+06   6.0363770e+01
   3.5816480e+06   4.7424316e+01
   3.5823530e+06   3.8940430e+01
   3.5827660e+06   4.1870117e+01
   3.5830930e+06   4.0283203e+01
   3.5956470e+06   6.9152832e+01
   3.5957290e+06   4.8339844e+01
   3.5962070e+06   4.1870117e+01
   3.5973660e+06   3.6926270e+01
   3.5981290e+06   4.2114258e+01
   3.6088990e+06   5.2307129e+01
   3.6089430e+06   3.9428711e+01
   3.6089600e+06   3.9428711e+01
   3.6090010e+06   3.6376953e+01
   3.6090330e+06   4.2663574e+01
   3.6091680e+06   4.1503906e+01
   3.6093000e+06   4.3334961e+01
   3.6097160e+06   4.2968750e+01
   3.6103500e+06   3.9855957e+01
   3.6110460e+06   3.7414551e+01
   3.6113320e+06   3.9367676e+01
   3.6227040e+06   8.3740234e+01
   3.6227700e+06   3.7048340e+01
   3.6230550e+06   3.7109375e+01
   3.6233830e+06   3.6437988e+01
   3.6246530e+06   4.7424316e+01
   3.6347140e+06   3.7658691e+01
   3.6347450e+06   6.1950684e+01
   3.6347660e+06   3.9306641e+01
   3.6348110e+06   4.2663574e+01
   3.6348470e+06   4.0405273e+01
   3.6349960e+06   3.7658691e+01
   3.6354330e+06   3.8024902e+01
   3.6356570e+06   3.6315918e+01
   3.6362710e+06   4.1564941e+01
   3.6377910e+06   3.6437988e+01
   3.6465240e+06   4.6020508e+01
   3.6465690e+06   3.8513184e+01
   3.6469570e+06   3.6987305e+01
   3.6471070e+06   3.6315918e+01
   3.6481330e+06   3.6621094e+01
   3.6487780e+06   3.7475586e+01
   3.6578370e+06   7.0617676e+01
   3.6578500e+06   3.8330078e+01
   3.6578930e+06   3.7292480e+01
   3.6579190e+06   3.7719727e+01
   3.6597450e+06   5.1696777e+01
   3.6606480e+06   4.3579102e+01
   3.6619290e+06   3.9001465e+01
   3.6706810e+06   7.1411133e+01
   3.6707030e+06   3.9550781e+01
   3.6707420e+06   3.8452148e+01
   3.6711910e+06   4.9743652e+01
   3.6718380e+06   3.8208008e+01
   3.6729000e+06   4.0893555e+01
   3.6826220e+06   4.4677734e+01
   3.6826420e+06   5.2734375e+01
   3.6826630e+06   3.6315918e+01
   3.6831250e+06   4.0771484e+01
   3.6833490e+06   3.7963867e+01
   3.6840640e+06   4.5654297e+01
   3.6843750e+06   3.9794922e+01
   3.6848890e+06   3.6926270e+01
   3.6854600e+06   3.7475586e+01
   3.6997450e+06   5.1635742e+01
   3.7008310e+06   3.7780762e+01
   3.7013620e+06   4.0588379e+01
   3.7016380e+06   3.6376953e+01
   3.7047260e+06   3.9672852e+01
   3.7155880e+06   4.0649414e+01
   3.7156160e+06   6.2377930e+01
   3.7156850e+06   4.3212891e+01
   3.7166100e+06   3.8574219e+01
   3.7239920e+06   4.2968750e+01
   3.7240130e+06   5.5664063e+01
   3.7240470e+06   3.7475586e+01
   3.7240980e+06   3.6743164e+01
   3.7241130e+06   4.3090820e+01
   3.7243460e+06   4.4128418e+01
   3.7316780e+06   4.0222168e+01
   3.7316940e+06   5.4321289e+01
   3.7317450e+06   3.6437988e+01
   3.7317840e+06   5.2978516e+01
   3.7388640e+06   5.2185059e+01
   3.7388800e+06   5.1818848e+01
   3.7462620e+06   5.9448242e+01
   3.7463390e+06   4.3029785e+01
   3.7464950e+06   3.6254883e+01
   3.7468650e+06   3.7048340e+01
   3.7542810e+06   6.2377930e+01
   3.7543470e+06   3.7963867e+01
   3.7543770e+06   3.6560059e+01
   3.7635970e+06   6.1462402e+01
   3.7636780e+06   4.6081543e+01
   3.7637770e+06   3.6987305e+01
   3.7750850e+06   5.8898926e+01
   3.7751150e+06   3.7231445e+01
   3.7751730e+06   5.1635742e+01
   3.7752960e+06   3.9184570e+01
   3.7753840e+06   3.8635254e+01
   3.7756060e+06   4.6386719e+01
   3.7859870e+06   3.8024902e+01
   3.7860030e+06   6.4575195e+01
   3.7978470e+06   4.7729492e+01
   3.7979170e+06   3.7292480e+01
   3.7979480e+06   4.8950195e+01
   3.7984960e+06   4.3884277e+01
   3.8002300e+06   4.7729492e+01
   3.8094090e+06   6.3232422e+01
   3.8094200e+06   3.6254883e+01
   3.8097110e+06   3.8208008e+01
   3.8099630e+06   4.1381836e+01
   3.8102260e+06   5.4321289e+01
   3.8196300e+06   8.0444336e+01
   3.8197030e+06   4.1809082e+01
   3.8197660e+06   3.6193848e+01
   3.8198700e+06   4.4616699e+01
   3.8306880e+06   4.4921875e+01
   3.8308140e+06   3.9733887e+01
   3.8311260e+06   3.6071777e+01
   3.8418630e+06   3.6437988e+01
   3.8418830e+06   5.3894043e+01
   3.8419780e+06   3.7719727e+01
   3.8422610e+06   3.6804199e+01
   3.8532750e+06   5.3039551e+01
   3.8662610e+06   7.6110840e+01
   3.8663180e+06   4.5654297e+01
   3.8663360e+06   3.7231445e+01
   3.8664100e+06   3.9306641e+01
   3.8664580e+06   3.6315918e+01
   3.8665340e+06   3.6315918e+01
   3.8779040e+06   3.6132813e+01
   3.8779200e+06   6.5429688e+01
   3.8780700e+06   3.6926270e+01
   3.8782180e+06   5.4321289e+01
   3.8885450e+06   3.9062500e+01
   3.8885640e+06   5.2795410e+01
   3.8887080e+06   3.7536621e+01
   3.8888230e+06   3.9367676e+01
   3.9003820e+06   4.7180176e+01
   3.9003970e+06   7.5988770e+01
   3.9004170e+06   4.0649414e+01
   3.9004460e+06   3.6193848e+01
   3.9004560e+06   3.9916992e+01
   3.9138490e+06   4.0283203e+01
   3.9138660e+06   4.6875000e+01
   3.9140790e+06   5.3588867e+01
   3.9290250e+06   7.1533203e+01
   3.9291370e+06   4.5410156e+01
   3.9460580e+06   5.1452637e+01
   3.9462150e+06   3.7231445e+01
   3.9462670e+06   5.5419922e+01
   3.9609710e+06   6.3781738e+01
   3.9610220e+06   3.8208008e+01
   3.9611710e+06   3.7902832e+01
   3.9765880e+06   6.2438965e+01
   3.9766030e+06   4.5227051e+01
   3.9897310e+06   8.0017090e+01
   4.0521160e+06   6.4392090e+01
   4.2173200e+06   3.8574219e+01
   4.2728030e+06   4.0649414e+01
   4.2763040e+06   3.6804199e+01
   4.3527750e+06   3.7353516e+01
   4.3749380e+06   6.1523438e+01
   4.3750390e+06   3.6499023e+01
   4.3925430e+06   6.8481445e+01
   4.4097010e+06   7.0556641e+01
   4.4097480e+06   3.6743164e+01
   4.4151340e+06   4.0466309e+01
   4.4328500e+06   7.5073242e+01
   4.5009100e+06   3.6926270e+01
   4.5156070e+06   7.0983887e+01
   4.5544830e+06   4.0222168e+01
   4.5664790e+06   6.4636230e+01
   4.5665080e+06   3.7292480e+01
   4.5667090e+06   3.6682129e+01
   4.5668410e+06   3.9245605e+01
   4.5669850e+06   3.6132813e+01
   4.5679500e+06   3.6499023e+01
   4.6014880e+06   4.5349121e+01
   4.6335030e+06   3.8818359e+01
   4.6358940e+06   4.3029785e+01
   4.6502450e+06   3.7536621e+01
   4.6655070e+06   6.7871094e+01
   4.6764780e+06   4.2846680e+01
   4.7191260e+06   4.2053223e+01
   4.7193220e+06   3.7109375e+01
   4.7361520e+06   6.3903809e+01
   4.7362700e+06   4.0405273e+01
   4.7919580e+06   7.2814941e+01
   4.7920180e+06   3.9611816e+01
   4.8302020e+06   5.3955078e+01
   4.8305520e+06   4.8217773e+01
   4.8705980e+06   6.1096191e+01
   4.8708020e+06   4.2175293e+01
   4.8975240e+06   6.2744141e+01
   4.8975390e+06   3.6437988e+01
   4.9785460e+06   5.6640625e+01
   4.9795240e+06   3.9062500e+01
   4.9999260e+06   7.1166992e+01
   5.0002190e+06   3.6987305e+01
   5.0211720e+06   6.8420410e+01
   5.0365230e+06   6.0791016e+01
   5.0655740e+06   4.0100098e+01
   5.0808820e+06   5.7800293e+01
   5.0809370e+06   4.4189453e+01
   5.0825540e+06   5.4016113e+01
   5.1065340e+06   6.3537598e+01
   5.1069970e+06   4.1320801e+01
   5.1326870e+06   3.7048340e+01
   5.1350190e+06   6.9702148e+01
   5.1562250e+06   6.8786621e+01
   5.1567250e+06   3.9001465e+01
   5.1985670e+06   6.5795898e+01
   5.1986640e+06   4.0771484e+01
   5.1987800e+06   3.7597656e+01
   5.2001860e+06   7.4462891e+01
   5.2213440e+06   6.6650391e+01
   5.2218050e+06   4.2480469e+01
   5.2561860e+06   6.4880371e+01
   5.3012360e+06   5.5969238e+01
   5.3014710e+06   4.5898438e+01
   5.3164360e+06   5.5847168e+01
   5.3168200e+06   4.4250488e+01
   5.3352380e+06   4.2053223e+01
   5.3628020e+06   6.0852051e+01
   5.3645500e+06   5.8044434e+01
   5.3652210e+06   3.8024902e+01
   5.3939300e+06   7.1899414e+01
   5.3940820e+06   5.6091309e+01
   5.3941640e+06   4.7912598e+01
   5.3945880e+06   3.7536621e+01
   5.4187860e+06   5.6213379e+01
   5.4191240e+06   3.6682129e+01
   5.4226950e+06   3.9611816e+01
   5.4499160e+06   6.2500000e+01
   5.4507770e+06   3.8574219e+01
   5.4714410e+06   6.7810059e+01
   5.4929570e+06   6.9458008e+01
   5.4930980e+06   4.0832520e+01
   5.5249950e+06   5.4565430e+01
   5.5253060e+06   3.8208008e+01
   5.5545090e+06   5.3771973e+01
   5.5568240e+06   3.8024902e+01
   5.5741930e+06   7.2143555e+01
   5.5752100e+06   4.2968750e+01
   5.6051150e+06   7.2326660e+01
   5.6053100e+06   3.9306641e+01
   5.6099310e+06   4.4006348e+01
   5.6104800e+06   3.7536621e+01
   5.6126710e+06   4.0649414e+01
   5.6266300e+06   4.3334961e+01
   5.6269230e+06   4.1015625e+01
   5.6272410e+06   4.3395996e+01
   5.6503570e+06   6.3293457e+01
   5.6506160e+06   6.2438965e+01
   5.6512360e+06   4.4250488e+01
   5.6514910e+06   4.4799805e+01
   5.6712880e+06   8.1176758e+01
   5.6717480e+06   5.1025391e+01
   5.6718150e+06   4.3518066e+01
   5.6878840e+06   4.2297363e+01
   5.6881870e+06   3.7963867e+01
   5.7023940e+06   4.2480469e+01
   5.7025800e+06   3.6071777e+01
   5.7026040e+06   7.1655273e+01
   5.7077030e+06   6.8298340e+01
   5.7077630e+06   4.6875000e+01
   5.7320590e+06   6.3659668e+01
   5.7323150e+06   4.7180176e+01
   5.7323470e+06   3.6132813e+01
   5.7342430e+06   3.6376953e+01
   5.7640280e+06   6.3720703e+01
   5.7640490e+06   4.1442871e+01
   5.7645720e+06   3.9916992e+01
   5.7824280e+06   6.5002441e+01
   5.7986300e+06   6.9946289e+01
   5.7989940e+06   4.0527344e+01
   5.7996900e+06   3.6376953e+01
   5.7997190e+06   7.7880859e+01
   5.8417630e+06   6.1401367e+01
   5.8417790e+06   3.8879395e+01
   5.8428670e+06   8.4045410e+01
   5.8428840e+06   4.2480469e+01
   5.8464480e+06   3.6865234e+01
   5.8572880e+06   4.1137695e+01
   5.8787430e+06   9.0698242e+01
   5.8787670e+06   3.8024902e+01
   5.8788880e+06   4.0527344e+01
   5.9184990e+06   5.6274414e+01
   5.9185920e+06   3.6865234e+01
   5.9199750e+06   5.8349609e+01
   5.9598960e+06   6.8603516e+01
   5.9605400e+06   3.7414551e+01
   5.9611340e+06   3.8513184e+01
   5.9841930e+06   3.7353516e+01
   6.0039750e+06   4.7302246e+01
   6.0040000e+06   5.9326172e+01
   6.0043990e+06   4.7485352e+01
   6.0252510e+06   6.0607910e+01
   6.0483950e+06   3.9611816e+01
   6.0656270e+06   4.4433594e+01
   6.0659580e+06   3.8513184e+01
   6.0671790e+06   6.5429688e+01
   6.0886270e+06   3.8330078e+01
   6.0982360e+06   6.3537598e+01
   6.0992200e+06   5.2795410e+01
   6.1154610e+06   6.4025879e+01
   6.1171120e+06   3.6865234e+01
   6.1287720e+06   6.4880371e+01
   6.1407910e+06   6.7687988e+01
   6.1412750e+06   4.1381836e+01
   6.1536120e+06   3.9611816e+01
   6.1573210e+06   6.0119629e+01
   6.1575150e+06   5.8410645e+01
   6.1578520e+06   3.8330078e+01
   6.1586630e+06   4.5043945e+01
   6.1919930e+06   4.0527344e+01
   6.1921190e+06   3.6743164e+01
   6.1953750e+06   3.6132813e+01
   6.1968410e+06   6.6467285e+01
   6.1972310e+06   3.9123535e+01
   6.2053430e+06   6.6284180e+01
   6.2066860e+06   5.0598145e+01
   6.2068170e+06   6.5612793e+01
   6.2279010e+06   4.6997070e+01
   6.2279880e+06   4.7546387e+01
   6.2280170e+06   3.6926270e+01
   6.2443630e+06   6.6284180e+01
   6.2600760e+06   4.6081543e+01
   6.2607560e+06   3.9978027e+01
   6.2608660e+06   6.7199707e+01
   6.2787800e+06   6.6955566e+01
   6.2800160e+06   5.9143066e+01
   6.2963900e+06   6.3842773e+01
   6.2977060e+06   6.7810059e+01
   6.2977190e+06   8.5754395e+01
   6.2977620e+06   3.7841797e+01
   6.2978810e+06   3.6071777e+01
   6.3174020e+06   4.0466309e+01
   6.3208490e+06   6.3232422e+01
   6.3210120e+06   3.9794922e+01
   6.3370170e+06   5.5725098e+01
   6.3381980e+06   7.7087402e+01
   6.3382080e+06   4.0832520e+01
   6.3382680e+06   5.3283691e+01
   6.3387870e+06   3.7963867e+01
   6.3537500e+06   6.1828613e+01
   6.3718440e+06   3.8513184e+01
   6.3722030e+06   6.4453125e+01
   6.3727240e+06   3.9367676e+01
   6.3730980e+06   4.2968750e+01
   6.3892160e+06   7.1350098e+01
   6.4049030e+06   4.2968750e+01
   6.4067500e+06   7.3852539e+01
   6.4269250e+06   3.9123535e+01
   6.4436910e+06   3.7841797e+01
   6.4443010e+06   5.9326172e+01
   6.4443690e+06   4.2053223e+01
   6.4444210e+06   3.6254883e+01
   6.4597020e+06   6.0058594e+01
   6.4600620e+06   6.0974121e+01
   6.4610800e+06   5.9020996e+01
   6.4610950e+06   3.7536621e+01
   6.4772680e+06   5.6335449e+01
   6.4780300e+06   4.0771484e+01
   6.4780880e+06   3.6621094e+01
   6.4929260e+06   6.4514160e+01
   6.4937580e+06   4.0832520e+01
   6.4938190e+06   3.9916992e+01
   6.4938310e+06   7.4157715e+01
   6.4939020e+06   4.5532227e+01
   6.4939530e+06   4.0832520e+01
   6.4939920e+06   3.7292480e+01
   6.4942450e+06   4.6630859e+01
   6.4944100e+06   4.9316406e+01
   6.4945970e+06   4.4067383e+01
   6.5075420e+06   4.0771484e+01
   6.5085970e+06   4.9072266e+01
   6.5092090e+06   3.8208008e+01
   6.5103020e+06   3.9306641e+01
   6.5161040e+06   4.7546387e+01
   6.5180680e+06   5.4260254e+01
   6.5254790e+06   3.6315918e+01
   6.5257970e+06   5.9265137e+01
   6.5259090e+06   4.0649414e+01
   6.5353610e+06   4.6569824e+01
   6.5355810e+06   3.7719727e+01
   6.5446690e+06   4.3273926e+01
   6.5449410e+06   3.6987305e+01
   6.5453130e+06   6.1401367e+01
   6.5551520e+06   3.6560059e+01
   6.5552720e+06   4.1503906e+01
   6.5554120e+06   6.1157227e+01
   6.5554320e+06   3.9428711e+01
   6.5661570e+06   3.9367676e+01
   6.5662210e+06   3.6193848e+01
   6.5663090e+06   5.6823730e+01
   6.5664260e+06   5.1208496e+01
   6.5669680e+06   4.2724609e+01
   6.5676920e+06   4.3212891e+01
   6.5687280e+06   4.6936035e+01
   6.5695490e+06   4.3151855e+01
   6.5697050e+06   4.1442871e+01
   6.5699640e+06   3.8940430e+01
   6.5703220e+06   4.1442871e+01
   6.5826620e+06   3.6621094e+01
   6.5826930e+06   3.6865234e+01
   6.5827780e+06   4.2358398e+01
   6.5828220e+06   3.9123535e+01
   6.5828500e+06   4.2358398e+01
   6.5828710e+06   5.1879883e+01
   6.5833460e+06   4.3579102e+01
   6.5972110e+06   5.0476074e+01
   6.5972790e+06   3.7719727e+01
   6.5973050e+06   4.8767090e+01
   6.5973790e+06   3.6621094e+01
   6.6154710e+06   4.0405273e+01
   6.6154970e+06   7.3913574e+01
   6.6156490e+06   3.6987305e+01
   6.6327070e+06   4.3945313e+01
   6.6327410e+06   7.0617676e+01
   6.6328780e+06   3.6621094e+01
   6.6339130e+06   3.6193848e+01
   6.6354920e+06   3.7231445e+01
   6.6518430e+06   4.4860840e+01
   6.6518770e+06   6.2194824e+01
   6.6518930e+06   3.9672852e+01
   6.6519420e+06   5.7189941e+01
   6.6523830e+06   4.0283203e+01
   6.6538240e+06   5.0354004e+01
   6.6543130e+06   4.2968750e+01
   6.6549160e+06   4.2297363e+01
   6.6666060e+06   4.9499512e+01
   6.6666420e+06   5.8837891e+01
   6.6667050e+06   4.8339844e+01
   6.6667460e+06   4.1259766e+01
   6.6669050e+06   3.8330078e+01
   6.6683300e+06   3.7109375e+01
   6.6689860e+06   3.9245605e+01
   6.6691900e+06   3.6987305e+01
   6.6813190e+06   5.8776855e+01
   6.6813560e+06   3.6315918e+01
   6.6818480e+06   3.8269043e+01
   6.6822210e+06   3.9184570e+01
   6.6824650e+06   4.6203613e+01
   6.6837380e+06   4.5959473e+01
   6.6841170e+06   3.8574219e+01
   6.6901570e+06   4.5654297e+01
   6.6901790e+06   6.1950684e+01
   6.6902430e+06   3.6743164e+01
   6.6902710e+06   4.2663574e+01
   6.6906680e+06   4.1870117e+01
   6.6915900e+06   4.9743652e+01
   6.6992630e+06   7.8369141e+01
   6.6993410e+06   5.0292969e+01
   6.7095750e+06   3.8696289e+01
   6.7095870e+06   7.1228027e+01
   6.7096790e+06   3.8269043e+01
   6.7104470e+06   5.7922363e+01
   6.7216080e+06   4.1320801e+01
   6.7216250e+06   6.2622070e+01
   6.7216590e+06   4.2419434e+01
   6.7216850e+06   3.8330078e+01
   6.7223580e+06   3.9001465e+01
   6.7236520e+06   4.8522949e+01
   6.7326490e+06   4.5959473e+01
   6.7326620e+06   6.8359375e+01
   6.7326980e+06   3.6499023e+01
   6.7327220e+06   4.2358398e+01
   6.7327370e+06   4.5349121e+01
   6.7333770e+06   5.0598145e+01
   6.7459540e+06   4.7180176e+01
   6.7459770e+06   6.5246582e+01
   6.7460080e+06   3.9855957e+01
   6.7460400e+06   4.7180176e+01
   6.7463160e+06   3.6254883e+01
   6.7592320e+06   3.6437988e+01
   6.7592450e+06   4.2053223e+01
   6.7592690e+06   4.5349121e+01
   6.7592950e+06   3.7475586e+01
   6.7593330e+06   3.6499023e+01
   6.7593770e+06   3.6193848e+01
   6.7594220e+06   3.6987305e+01
   6.7609810e+06   4.8461914e+01
   6.7726740e+06   6.7443848e+01
   6.7727480e+06   4.9560547e+01
   6.7728470e+06   4.6142578e+01
   6.7731220e+06   3.7719727e+01
   6.7857070e+06   3.6621094e+01
   6.7857440e+06   5.6762695e+01
   6.7858210e+06   3.7414551e+01
   6.7859660e+06   3.7231445e+01
   6.7860220e+06   3.7963867e+01
   6.8047170e+06   6.5979004e+01
   6.8047600e+06   3.7597656e+01
   6.8048080e+06   4.1870117e+01
   6.8052380e+06   5.0048828e+01
   6.8070040e+06   5.1757813e+01
   6.8170530e+06   4.1015625e+01
   6.8170700e+06   4.0649414e+01
   6.8170840e+06   5.8837891e+01
   6.8171930e+06   3.6315918e+01
   6.8172310e+06   4.1809082e+01
   6.8310370e+06   4.4738770e+01
   6.8310650e+06   6.7443848e+01
   6.8311580e+06   4.8461914e+01
   6.8312770e+06   3.7658691e+01
   6.8459350e+06   3.7963867e+01
   6.8460040e+06   4.7058105e+01
   6.8460370e+06   3.8391113e+01
   6.8460750e+06   3.8818359e+01
   6.8461330e+06   4.8400879e+01
   6.8462620e+06   3.6376953e+01
   6.8463250e+06   3.7231445e+01
   6.8615640e+06   3.6987305e+01
   6.8616700e+06   5.0598145e+01
   6.8616900e+06   6.2011719e+01
   6.8617430e+06   3.6804199e+01
   6.8617790e+06   4.3762207e+01
   6.8619070e+06   3.6193848e+01
   6.8765470e+06   3.6926270e+01
   6.8766080e+06   7.0007324e+01
   6.8766230e+06   3.7658691e+01
   6.8767180e+06   5.6030273e+01
   6.8918070e+06   3.7902832e+01
   6.8918610e+06   5.9082031e+01
   6.8918830e+06   3.6254883e+01
   6.8919590e+06   3.8269043e+01
   6.9057280e+06   5.9570313e+01
   6.9058150e+06   4.8095703e+01
   6.9058630e+06   5.7006836e+01
   6.9231080e+06   5.6823730e+01
   6.9232120e+06   3.6621094e+01
   6.9232290e+06   5.1757813e+01
   6.9233440e+06   3.8330078e+01
   7.0735080e+06   3.8574219e+01
   7.2510880e+06   3.7597656e+01
   7.2764760e+06   7.7331543e+01
   7.3582230e+06   7.1228027e+01
   7.3821460e+06   6.7626953e+01
   7.4061560e+06   5.5358887e+01
   7.4332060e+06   4.0893555e+01
   7.4332470e+06   6.2927246e+01
   7.4334420e+06   4.4738770e+01
   7.4382650e+06   3.9550781e+01
   7.4450450e+06   3.6315918e+01
   7.4590900e+06   3.8330078e+01
   7.4734210e+06   3.6254883e+01
   7.4756830e+06   3.6560059e+01
   7.5290420e+06   3.8757324e+01
   7.5295940e+06   3.8879395e+01
   7.5576770e+06   3.7841797e+01
   7.5577800e+06   6.2866211e+01
   7.5769910e+06   3.6560059e+01
   7.5821260e+06   6.8969727e+01
   7.6255660e+06   3.7170410e+01
   7.6538950e+06   9.0881348e+01
   7.6703650e+06   4.3457031e+01
   7.7574220e+06   6.1096191e+01
   7.7575880e+06   3.6376953e+01
   7.7576920e+06   5.5297852e+01
   7.7577860e+06   3.9855957e+01
   7.7834000e+06   6.9824219e+01
   7.7838750e+06   3.7719727e+01
   7.7838860e+06   3.7719727e+01
   7.8435540e+06   3.8696289e+01
   7.8436740e+06   4.5227051e+01
   7.8437100e+06   6.4331055e+01
   7.8937610e+06   4.4799805e+01
   7.8962630e+06   6.0974121e+01
   7.9155520e+06   5.8654785e+01
   7.9158380e+06   3.7719727e+01
   7.9366320e+06   7.3059082e+01
   7.9403360e+06   3.6315918e+01
   7.9403560e+06   5.7250977e+01
   7.9645140e+06   6.0791016e+01
   7.9942850e+06   4.5166016e+01
   8.0206490e+06   6.7443848e+01
   8.0210350e+06   3.6865234e+01
   8.0271030e+06   4.5349121e+01
   8.0464170e+06   7.2204590e+01
   8.0468430e+06   3.7658691e+01
   8.0954770e+06   3.6376953e+01
   8.0955080e+06   5.3466797e+01
   8.1050590e+06   4.0710449e+01
   8.1050730e+06   5.8776855e+01
   8.1174560e+06   6.3842773e+01
   8.1175640e+06   3.7353516e+01
   8.1309900e+06   7.2326660e+01
   8.1409960e+06   6.2805176e+01
   8.1501480e+06   6.6894531e+01
   8.1547500e+06   6.1950684e+01
   8.1597370e+06   6.1828613e+01
   8.1598080e+06   4.1015625e+01
   8.1724480e+06   6.0485840e+01
   8.1860470e+06   7.0739746e+01
   8.1958280e+06   5.9448242e+01
   8.2066570e+06   6.4025879e+01
   8.2177960e+06   6.4331055e+01
   8.2304070e+06   6.5429688e+01
   8.2305050e+06   5.1025391e+01
   8.2456540e+06   6.7443848e+01
   8.2600260e+06   5.8288574e+01
   8.2600370e+06   3.6621094e+01
   8.2790640e+06   5.9875488e+01
   8.2794360e+06   4.7973633e+01
   8.2960480e+06   7.6538086e+01
   8.2961120e+06   3.8452148e+01
   8.3188970e+06   6.5368652e+01
   8.3189640e+06   4.1198730e+01
   8.3189870e+06   4.2907715e+01
   8.3191540e+06   3.8696289e+01
   8.3196290e+06   4.4494629e+01
   8.3431570e+06   6.6528320e+01
   8.3432420e+06   4.6264648e+01
   8.3439300e+06   4.0710449e+01
   8.3688900e+06   8.4716797e+01
   8.3694820e+06   4.2602539e+01
   8.3697410e+06   4.4372559e+01
   8.3700150e+06   3.9367676e+01
   8.3947290e+06   6.0852051e+01
   8.3948060e+06   4.7363281e+01
   8.4232630e+06   6.4514160e+01
   8.4237230e+06   3.7170410e+01
   8.4458440e+06   7.1899414e+01
   8.4634750e+06   6.1096191e+01
   8.4772650e+06   5.5358887e+01
   8.4775900e+06   4.9560547e+01
   8.4791650e+06   5.3283691e+01
   8.4823430e+06   3.6987305e+01
   8.4979100e+06   5.3955078e+01
   8.5007810e+06   3.6071777e+01
   8.5201100e+06   5.7983398e+01
   8.5205340e+06   5.8654785e+01
   8.5205860e+06   3.8757324e+01
   8.5350850e+06   4.9865723e+01
   8.5378730e+06   6.7993164e+01
   8.5379130e+06   4.2541504e+01
   8.5502280e+06   6.3415527e+01
   8.5623730e+06   4.1015625e+01
   8.5629750e+06   3.7414551e+01
   8.5630160e+06   6.6528320e+01
   8.5742690e+06   3.7536621e+01
   8.5745640e+06   6.5979004e+01
   8.5746010e+06   3.7902832e+01
   8.5779560e+06   6.0546875e+01
   8.5836330e+06   3.8513184e+01
   8.5839010e+06   8.2641602e+01
   8.6052620e+06   6.2744141e+01
   8.6054130e+06   4.1870117e+01
   8.6342390e+06   4.0039063e+01
   8.6344150e+06   3.6437988e+01
   8.6355460e+06   7.4401855e+01
   8.6355820e+06   3.8269043e+01
   8.6688830e+06   6.6711426e+01
   8.6780770e+06   3.8574219e+01
   8.6784290e+06   6.8908691e+01
   8.6785390e+06   3.7109375e+01
   8.6788050e+06   4.3212891e+01
   8.7042300e+06   6.3110352e+01
   8.7045330e+06   5.7922363e+01
   8.7047080e+06   3.9794922e+01
   8.7343970e+06   3.6499023e+01
   8.7409010e+06   6.9274902e+01
   8.7409670e+06   4.4433594e+01
   8.7410540e+06   5.8593750e+01
   8.7606860e+06   6.1523438e+01
   8.7607560e+06   4.5227051e+01
   8.7608190e+06   6.6589355e+01
   8.7612360e+06   3.6499023e+01
   8.7923230e+06   4.3762207e+01
   8.8006960e+06   6.7871094e+01
   8.8009710e+06   4.3762207e+01
   8.8214010e+06   6.0913086e+01
   8.8218020e+06   4.0283203e+01
   8.8230950e+06   4.0344238e+01
   8.8231100e+06   5.6152344e+01
   8.8522700e+06   5.7189941e+01
   8.8527460e+06   3.8635254e+01
   8.8531920e+06   3.6987305e+01
   8.8802690e+06   7.1289063e+01
   8.8815520e+06   3.9978027e+01
   8.9039160e+06   5.3344727e+01
   8.9041210e+06   3.8208008e+01
   8.9042260e+06   3.6682129e+01
   8.9241440e+06   4.6752930e+01
   8.9242110e+06   4.0161133e+01
   8.9243240e+06   4.0649414e+01
   8.9423350e+06   4.2419434e+01
   8.9429500e+06   7.2998047e+01
   8.9429700e+06   3.9245605e+01
   8.9434720e+06   3.9855957e+01
   8.9641060e+06   5.5664063e+01
   8.9792900e+06   5.9631348e+01
   8.9973700e+06   6.9824219e+01
   8.9976990e+06   4.0771484e+01
   9.0207820e+06   3.6071777e+01
   9.0217410e+06   4.1870117e+01
   9.0224530e+06   3.6743164e+01
   9.0226710e+06   3.9367676e+01
   9.0484100e+06   3.9916992e+01
   9.0491390e+06   6.7565918e+01
   9.0722000e+06   4.9621582e+01
   9.0723620e+06   5.9936523e+01
   9.0725880e+06   4.8156738e+01
   9.0912060e+06   6.5551758e+01
   9.0913890e+06   6.1096191e+01
   9.0957930e+06   3.8391113e+01
   9.0964570e+06   3.7536621e+01
   9.1088420e+06   6.8969727e+01
   9.1099900e+06   4.1748047e+01
   9.1269000e+06   3.7414551e+01
   9.1269290e+06   5.9204102e+01
   9.1271770e+06   5.4260254e+01
   9.1415490e+06   5.4321289e+01
   9.1416210e+06   4.0649414e+01
   9.1433230e+06   6.1584473e+01
   9.1490980e+06   3.8391113e+01
   9.1704540e+06   4.3762207e+01
   9.1708670e+06   4.5166016e+01
   9.1916990e+06   6.7565918e+01
   9.1919890e+06   3.9184570e+01
   9.1920090e+06   5.8837891e+01
   9.1921460e+06   3.7536621e+01
   9.1923560e+06   4.2602539e+01
   9.2109620e+06   3.6743164e+01
   9.2115980e+06   6.7993164e+01
   9.2122830e+06   4.0344238e+01
   9.2148330e+06   3.7353516e+01
   9.2371890e+06   5.6884766e+01
   9.2373350e+06   3.9367676e+01
   9.2540180e+06   6.2011719e+01
   9.2540480e+06   4.0710449e+01
   9.2556060e+06   3.6437988e+01
   9.2725610e+06   4.1381836e+01
   9.2726880e+06   5.4626465e+01
   9.2728160e+06   4.2419434e+01
   9.2742730e+06   3.6621094e+01
   9.2742850e+06   5.1025391e+01
   9.2926680e+06   6.2561035e+01
   9.2927430e+06   4.3334961e+01
   9.2934900e+06   3.9123535e+01
   9.2937570e+06   4.1931152e+01
   9.2948230e+06   5.9631348e+01
   9.2948550e+06   3.8085938e+01
   9.3214630e+06   6.5246582e+01
   9.3216380e+06   5.6884766e+01
   9.3220930e+06   4.6325684e+01
   9.3382980e+06   5.3527832e+01
   9.3383840e+06   5.2490234e+01
   9.3384810e+06   5.4443359e+01
   9.3391140e+06   3.8696289e+01
   9.3412400e+06   5.7617188e+01
   9.3562730e+06   4.1931152e+01
   9.3577580e+06   7.2204590e+01
   9.3580220e+06   3.6132813e+01
   9.3587670e+06   5.9448242e+01
   9.3588260e+06   3.6499023e+01
   9.3772040e+06   6.4025879e+01
   9.3841840e+06   3.6987305e+01
   9.3866600e+06   3.7780762e+01
   9.3867650e+06   3.7841797e+01
   9.4058460e+06   6.7138672e+01
   9.4059490e+06   5.3466797e+01
   9.4068390e+06   4.1748047e+01
   9.4230480e+06   4.0039063e+01
   9.4230590e+06   7.3913574e+01
   9.4231430e+06   3.9611816e+01
   9.4243190e+06   4.5166016e+01
   9.4474420e+06   6.4208984e+01
   9.4475040e+06   5.0292969e+01
   9.4483110e+06   5.9387207e+01
   9.4685290e+06   5.7373047e+01
   9.4687680e+06   4.2480469e+01
   9.4701280e+06   3.6682129e+01
   9.4717390e+06   4.0405273e+01
   9.4857990e+06   5.6823730e+01
   9.4870300e+06   6.7382813e+01
   9.4871460e+06   3.7902832e+01
   9.4878970e+06   3.6193848e+01
   9.5155580e+06   7.1838379e+01
   9.5168500e+06   3.6743164e+01
   9.5354050e+06   6.7260742e+01
   9.5358210e+06   3.6193848e+01
   9.5632670e+06   5.9020996e+01
   9.5633480e+06   4.3640137e+01
   9.5635600e+06   4.0283203e+01
   9.5638660e+06   3.9794922e+01
   9.5874020e+06   6.3110352e+01
   9.6061250e+06   6.1767578e+01
   9.6062010e+06   4.6386719e+01
   9.6274570e+06   6.1523438e+01
   9.6284940e+06   5.6518555e+01
   9.6291630e+06   4.2541504e+01
   9.6323570e+06   4.0893555e+01
   9.6324180e+06   4.0893555e+01
   9.6324820e+06   5.3161621e+01
   9.6325550e+06   4.0100098e+01
   9.6326060e+06   3.8818359e+01
   9.6326480e+06   3.7292480e+01
   9.6326720e+06   4.2602539e+01
   9.6328020e+06   3.7048340e+01
   9.6328470e+06   4.1137695e+01
   9.6330740e+06   4.7302246e+01
   9.6334380e+06   3.8269043e+01
   9.6335770e+06   3.9123535e+01
   9.6337420e+06   3.6193848e+01
   9.6449700e+06   4.1320801e+01
   9.6457010e+06   3.8452148e+01
   9.6472200e+06   4.9011230e+01
   9.6477300e+06   3.6926270e+01
   9.6518120e+06   5.0109863e+01
   9.6549680e+06   5.6762695e+01
   9.6572770e+06   3.9611816e+01
   9.6668780e+06   4.0588379e+01
   9.6673100e+06   3.6254883e+01
   9.6781390e+06   3.6804199e+01
   9.6874200e+06   3.8085938e+01
   9.6965180e+06   4.3701172e+01
   9.6966380e+06   3.8391113e+01
   9.6966510e+06   6.8725586e+01
   9.7058490e+06   4.4555664e+01
   9.7060400e+06   6.7321777e+01
   9.7061860e+06   3.7902832e+01
   9.7183000e+06   3.6621094e+01
   9.7184340e+06   6.6223145e+01
   9.7185330e+06   4.6325684e+01
   9.7185530e+06   4.3029785e+01
   9.7187250e+06   3.7109375e+01
   9.7189710e+06   4.6508789e+01
   9.7352420e+06   4.2724609e+01
   9.7353000e+06   8.2153320e+01
   9.7353710e+06   6.1279297e+01
   9.7353890e+06   3.6743164e+01
   9.7354370e+06   4.2480469e+01
   9.7358960e+06   3.9733887e+01
   9.7510300e+06   5.8471680e+01
   9.7510570e+06   3.6254883e+01
   9.7511820e+06   5.1391602e+01
   9.7516470e+06   4.1442871e+01
   9.7638750e+06   3.6254883e+01
   9.7639450e+06   4.8217773e+01
   9.7640370e+06   4.9377441e+01
   9.7641540e+06   4.4433594e+01
   9.7643620e+06   4.1015625e+01
   9.7794110e+06   4.1625977e+01
   9.7794680e+06   5.6335449e+01
   9.7795070e+06   3.9428711e+01
   9.7795270e+06   5.2185059e+01
   9.7796000e+06   3.9062500e+01
   9.7801490e+06   4.1442871e+01
   9.7804200e+06   4.4555664e+01
   9.7812000e+06   3.7170410e+01
   9.7822340e+06   3.6621094e+01
   9.7997220e+06   4.5043945e+01
   9.7997370e+06   4.4616699e+01
   9.7997580e+06   8.3007813e+01
   9.7998040e+06   3.6865234e+01
   9.7998620e+06   3.7170410e+01
   9.8042280e+06   3.6071777e+01
   9.8177330e+06   3.6743164e+01
   9.8177540e+06   6.3354492e+01
   9.8177690e+06   3.8208008e+01
   9.8178190e+06   4.5043945e+01
   9.8178480e+06   3.8757324e+01
   9.8183040e+06   4.2663574e+01
   9.8185180e+06   4.0405273e+01
   9.8485310e+06   4.0649414e+01
   9.8485870e+06   6.8115234e+01
   9.8486110e+06   3.8818359e+01
   9.8631710e+06   3.8452148e+01
   9.8631920e+06   4.8522949e+01
   9.8632280e+06   5.7678223e+01
   9.8632540e+06   4.4128418e+01
   9.8632850e+06   3.6071777e+01
   9.8637450e+06   4.8339844e+01
   9.8641400e+06   4.0893555e+01
   9.8879400e+06   6.4025879e+01
   9.8880010e+06   4.8828125e+01
   9.8880440e+06   3.9245605e+01
   9.8881340e+06   3.6987305e+01
   9.8882650e+06   3.9245605e+01
   9.8888510e+06   4.0222168e+01
   9.8903380e+06   5.0292969e+01
   9.8989770e+06   5.9204102e+01
   9.8990480e+06   4.0405273e+01
   9.8991320e+06   3.9062500e+01
   9.8996880e+06   5.1391602e+01
   9.8999000e+06   3.6804199e+01
   9.9002320e+06   4.1625977e+01
   9.9011000e+06   3.6132813e+01
   9.9087280e+06   4.3212891e+01
   9.9087600e+06   6.3964844e+01
   9.9088110e+06   3.6132813e+01
   9.9088280e+06   4.1870117e+01
   9.9088890e+06   4.2846680e+01
   9.9089400e+06   4.0344238e+01
   9.9097150e+06   5.0354004e+01
   9.9104010e+06   4.0405273e+01
   9.9195580e+06   4.3762207e+01
   9.9195870e+06   5.9020996e+01
   9.9196520e+06   3.9367676e+01
   9.9196980e+06   3.7109375e+01
   9.9197550e+06   4.0100098e+01
   9.9202100e+06   4.3518066e+01
   9.9302170e+06   5.5969238e+01
   9.9307900e+06   4.0588379e+01
   9.9413190e+06   3.7780762e+01
   9.9413480e+06   5.8654785e+01
   9.9413680e+06   3.8940430e+01
   9.9414210e+06   3.9367676e+01
   9.9415000e+06   3.9306641e+01
   9.9418260e+06   3.7658691e+01
   9.9536300e+06   6.5795898e+01
   9.9539340e+06   3.8940430e+01
   9.9551380e+06   4.3640137e+01
   9.9653080e+06   4.1503906e+01
   9.9653440e+06   5.0354004e+01
   9.9659170e+06   5.0170898e+01
   9.9787000e+06   4.1320801e+01
   9.9787490e+06   6.4025879e+01
   9.9788110e+06   4.6508789e+01
   9.9788400e+06   4.1137695e+01
   9.9788660e+06   4.1687012e+01
   9.9956750e+06   7.3303223e+01
   9.9958800e+06   3.6315918e+01
   9.9970220e+06   5.1879883e+01
   9.9977460e+06   4.1076660e+01
   1.0010383e+07   3.9184570e+01
   1.0010413e+07   6.9824219e+01
   1.0010483e+07   5.7373047e+01
   1.0010641e+07   4.2602539e+01
   1.0027595e+07   5.0048828e+01
   1.0027663e+07   7.9223633e+01
   1.0027735e+07   5.9570313e+01
   1.0027745e+07   3.7048340e+01
   1.0027899e+07   3.9367676e+01
   1.0044455e+07   3.6193848e+01
   1.0044514e+07   7.9956055e+01
   1.0044631e+07   3.6499023e+01
   1.0044874e+07   3.9916992e+01
   1.0045121e+07   4.6142578e+01
   1.0060137e+07   4.1870117e+01
   1.0060200e+07   6.4086914e+01
   1.0060218e+07   4.2236328e+01
   1.0060312e+07   3.7841797e+01
   1.0060385e+07   4.9926758e+01
   1.0085036e+07   6.2805176e+01
   1.0085089e+07   3.7963867e+01
   1.0085137e+07   4.2846680e+01
   1.0085232e+07   6.2988281e+01
   1.0116894e+07   7.4584961e+01
   1.0116982e+07   4.5532227e+01
   1.0117071e+07   4.4189453e+01
   1.0117189e+07   5.9570313e+01
   1.0265741e+07   3.7414551e+01
   1.0283831e+07   4.9865723e+01
   1.0297401e+07   3.9001465e+01
   1.0310788e+07   6.4208984e+01
   1.0311604e+07   6.8725586e+01
   1.0311617e+07   4.2663574e+01
   1.0312159e+07   3.8879395e+01
   1.0404119e+07   3.9062500e+01
   1.0426281e+07   6.6223145e+01
   1.0427583e+07   4.6142578e+01
   1.0496473e+07   4.1564941e+01
   1.0497367e+07   4.3151855e+01
   1.0530642e+07   3.9916992e+01
   1.0578906e+07   4.0283203e+01
   1.0581995e+07   3.9123535e+01
   1.0582082e+07   3.9245605e+01
   1.0629977e+07   6.3964844e+01
   1.0634028e+07   3.7475586e+01
   1.0651339e+07   5.6274414e+01
   1.0689343e+07   4.7729492e+01
   1.0711646e+07   6.5307617e+01
   1.0713221e+07   3.9428711e+01
   1.0745067e+07   5.8593750e+01
   1.0745186e+07   4.2114258e+01
   1.0745363e+07   4.0344238e+01
   1.0781138e+07   3.7353516e+01
   1.0783376e+07   3.7902832e+01
   1.0783402e+07   5.6945801e+01
   1.0798403e+07   4.6264648e+01
   1.0817382e+07   6.3171387e+01
   1.0817417e+07   3.8391113e+01
   1.0845470e+07   4.0649414e+01
   1.0863283e+07   6.2988281e+01
   1.0864882e+07   3.6132813e+01
   1.0864943e+07   3.8391113e+01
   1.0865288e+07   5.2062988e+01
   1.0892683e+07   4.0527344e+01
   1.0898725e+07   3.7536621e+01
   1.0908966e+07   4.0222168e+01
   1.0909074e+07   3.8208008e+01
   1.0909749e+07   4.0344238e+01
   1.0910773e+07   3.7963867e+01
   1.0936982e+07   3.9184570e+01
   1.0937003e+07   4.4250488e+01
   1.0937349e+07   3.6499023e+01
   1.0973192e+07   4.1992188e+01
   1.0975412e+07   4.5959473e+01
   1.0976586e+07   4.0466309e+01
   1.0997473e+07   3.6132813e+01
   1.0999166e+07   6.3354492e+01
   1.0999179e+07   4.2785645e+01
   1.1017372e+07   3.6926270e+01
   1.1017990e+07   5.1269531e+01
   1.1018969e+07   4.8400879e+01
   1.1060016e+07   3.8146973e+01
   1.1079973e+07   5.9143066e+01
   1.1080176e+07   5.7312012e+01
   1.1080679e+07   4.0100098e+01
   1.1109444e+07   5.7861328e+01
   1.1109937e+07   3.9550781e+01
   1.1114257e+07   6.4331055e+01
   1.1114463e+07   3.8269043e+01
   1.1115135e+07   4.8339844e+01
   1.1147701e+07   7.5927734e+01
   1.1147730e+07   3.6743164e+01
   1.1147834e+07   4.1259766e+01
   1.1164133e+07   3.9184570e+01
   1.1164158e+07   5.6213379e+01
   1.1164290e+07   3.8696289e+01
   1.1191758e+07   4.0039063e+01
   1.1218826e+07   4.8522949e+01
   1.1218846e+07   7.1899414e+01
   1.1242772e+07   5.3283691e+01
   1.1269613e+07   6.1035156e+01
   1.1269909e+07   5.9509277e+01
   1.1270344e+07   7.0739746e+01
   1.1283597e+07   3.9367676e+01
   1.1317535e+07   5.4870605e+01
   1.1317661e+07   3.9306641e+01
   1.1317815e+07   4.3823242e+01
   1.1317921e+07   3.9245605e+01
   1.1339489e+07   6.4331055e+01
   1.1381283e+07   3.9550781e+01
   1.1381403e+07   3.9550781e+01
   1.1381541e+07   5.8349609e+01
   1.1381670e+07   4.4677734e+01
   1.1404893e+07   6.7077637e+01
   1.1423083e+07   4.1259766e+01
   1.1423281e+07   7.1044922e+01
   1.1443942e+07   5.9387207e+01
   1.1468791e+07   4.7241211e+01
   1.1469341e+07   3.7109375e+01
   1.1506593e+07   3.8879395e+01
   1.1530347e+07   4.9560547e+01
   1.1542267e+07   5.6152344e+01
   1.1542351e+07   3.9611816e+01
   1.1542509e+07   3.9489746e+01
   1.1561107e+07   5.4565430e+01
   1.1561342e+07   3.7536621e+01
   1.1579917e+07   6.5368652e+01
   1.1581834e+07   3.6682129e+01
   1.1594209e+07   6.3354492e+01
   1.1594359e+07   4.8706055e+01
   1.1596452e+07   3.9489746e+01
   1.1610237e+07   6.0668945e+01
   1.1610894e+07   3.7780762e+01
   1.1623957e+07   7.0983887e+01
   1.1625197e+07   4.0161133e+01
   1.1625250e+07   6.7260742e+01
   1.1625389e+07   4.3640137e+01
   1.1625753e+07   3.7780762e+01
   1.1625934e+07   3.7719727e+01
   1.1627124e+07   4.2724609e+01
   1.1650817e+07   5.4138184e+01
   1.1651034e+07   5.4626465e+01
   1.1651742e+07   5.0842285e+01
   1.1671863e+07   7.0373535e+01
   1.1673180e+07   4.4128418e+01
   1.1673213e+07   4.2724609e+01
   1.1692146e+07   7.5256348e+01
   1.1692635e+07   4.3273926e+01
   1.1692761e+07   3.9672852e+01
   1.1711861e+07   3.6376953e+01
   1.1726844e+07   3.9672852e+01
   1.1738291e+07   6.0546875e+01
   1.1748074e+07   5.7434082e+01
   1.1748210e+07   4.7058105e+01
   1.1748234e+07   4.1564941e+01
   1.1766681e+07   6.4697266e+01
   1.1771124e+07   5.0476074e+01
   1.1783055e+07   5.6884766e+01
   1.1792827e+07   6.3415527e+01
   1.1793867e+07   6.1889648e+01
   1.1815183e+07   5.4931641e+01
   1.1815803e+07   4.8278809e+01
   1.1816533e+07   3.8391113e+01
   1.1816864e+07   3.8024902e+01
   1.1869915e+07   7.4096680e+01
   1.1870678e+07   5.9997559e+01
   1.1870688e+07   4.2968750e+01
   1.1888625e+07   6.5429688e+01
   1.1889113e+07   4.3212891e+01
   1.1895832e+07   3.9672852e+01
   1.1906917e+07   6.2194824e+01
   1.1907644e+07   5.7800293e+01
   1.1907869e+07   3.9672852e+01
   1.1925368e+07   6.8298340e+01
   1.1951691e+07   6.7871094e+01
   1.1951737e+07   4.3823242e+01
   1.1951821e+07   3.7658691e+01
   1.1953035e+07   5.2734375e+01
   1.1975758e+07   5.1330566e+01
   1.1975922e+07   5.7434082e+01
