   1.1999000e+07   0.0000000e+00
   7.5045000e+04   5.2246094e+01
   7.5158000e+04   5.0598145e+01
   7.5300000e+04   5.0720215e+01
   7.5396000e+04   4.7363281e+01
   1.0324200e+05   4.7973633e+01
   3.5050600e+05   5.6335449e+01
   3.5057800e+05   4.9499512e+01
   4.5137300e+05   4.8278809e+01
   4.5152600e+05   4.8767090e+01
   4.5161700e+05   4.7180176e+01
   4.5184900e+05   4.6936035e+01
   4.5525700e+05   4.7363281e+01
   5.4506300e+05   5.8410645e+01
   5.4519700e+05   4.9377441e+01
   5.7262000e+05   4.9316406e+01
   6.5920700e+05   5.3588867e+01
   6.5932200e+05   5.3955078e+01
   6.5960000e+05   4.8583984e+01
   6.5965900e+05   4.8461914e+01
   7.8673700e+05   5.2551270e+01
   7.8683100e+05   4.9743652e+01
   7.8695300e+05   4.7790527e+01
   7.8843100e+05   5.1940918e+01
   7.8926400e+05   5.0292969e+01
   8.9968400e+05   4.7790527e+01
   8.9969500e+05   6.3537598e+01
   8.9988200e+05   5.0598145e+01
   9.0004500e+05   4.9743652e+01
   9.0014300e+05   4.7851563e+01
   9.0153900e+05   4.7180176e+01
   9.1125900e+05   7.0312500e+01
   9.9253400e+05   5.4931641e+01
   9.9309200e+05   4.7546387e+01
   9.9516600e+05   4.8339844e+01
   1.1030010e+06   5.6884766e+01
   1.1972690e+06   5.1818848e+01
   1.1976330e+06   5.1147461e+01
   1.1978270e+06   4.6936035e+01
   1.3160580e+06   4.8767090e+01
   1.3163110e+06   4.7973633e+01
   1.3164480e+06   6.5368652e+01
   1.3165000e+06   4.7912598e+01
   1.3977560e+06   4.7790527e+01
   1.3979860e+06   5.2673340e+01
   1.3980310e+06   5.0598145e+01
   1.5264500e+06   5.1391602e+01
   1.5269460e+06   4.8095703e+01
   1.5270540e+06   5.2429199e+01
   1.6084610e+06   4.7851563e+01
   1.6085930e+06   5.3527832e+01
   1.6087260e+06   4.9255371e+01
   1.8323780e+06   4.9560547e+01
   1.8325590e+06   5.0598145e+01
   1.8326490e+06   4.7363281e+01
   1.8332160e+06   4.7302246e+01
   1.9724560e+06   4.7363281e+01
   1.9725430e+06   5.1879883e+01
   1.9726040e+06   4.7363281e+01
   1.9726580e+06   5.4138184e+01
   1.9738430e+06   4.8767090e+01
   2.1276810e+06   5.4504395e+01
   2.1279070e+06   5.1147461e+01
   2.1279410e+06   4.8217773e+01
   2.1285560e+06   4.7058105e+01
   2.2686700e+06   4.8706055e+01
   2.2688890e+06   4.7790527e+01
   2.2689070e+06   4.7363281e+01
   2.2689490e+06   4.7241211e+01
   2.2689620e+06   5.1086426e+01
   2.2694460e+06   5.1208496e+01
   2.3570190e+06   4.9621582e+01
   2.3570450e+06   4.7119141e+01
   2.3573820e+06   5.0048828e+01
   2.3577610e+06   4.7851563e+01
   2.3916550e+06   4.7851563e+01
   2.3919220e+06   5.3466797e+01
   2.5659970e+06   4.7668457e+01
   2.5663450e+06   5.1208496e+01
   2.5665040e+06   5.1879883e+01
   2.6852360e+06   4.7729492e+01
   2.6853910e+06   4.7607422e+01
   2.7669060e+06   5.7067871e+01
   2.7669630e+06   4.7790527e+01
   2.7673040e+06   5.0170898e+01
   2.7677250e+06   4.7485352e+01
   2.8803200e+06   5.3222656e+01
   2.9925540e+06   4.8950195e+01
   3.0746190e+06   5.1757813e+01
   3.0746520e+06   5.7739258e+01
   3.0748270e+06   5.3833008e+01
   3.1733850e+06   4.9255371e+01
   3.1736470e+06   4.6936035e+01
   3.2724240e+06   5.7556152e+01
   3.3122580e+06   4.7241211e+01
   3.5634770e+06   4.7363281e+01
   3.5635760e+06   5.7189941e+01
   3.5635900e+06   5.9143066e+01
   3.5641460e+06   4.9865723e+01
   3.5652670e+06   4.8278809e+01
   3.6549580e+06   5.9326172e+01
   3.6550180e+06   4.8522949e+01
   3.6584000e+06   5.0598145e+01
   3.6797810e+06   5.5297852e+01
   3.6811850e+06   5.2612305e+01
   3.6819510e+06   5.0781250e+01
   3.7750470e+06   5.3405762e+01
   3.7751100e+06   4.7729492e+01
   3.7752280e+06   5.4931641e+01
   3.7754600e+06   4.9133301e+01
   3.9307980e+06   5.2490234e+01
   3.9309430e+06   4.9743652e+01
   3.9310570e+06   4.8583984e+01
   3.9328800e+06   4.8400879e+01
   3.9333370e+06   5.2307129e+01
   4.0197310e+06   5.3039551e+01
   4.0199270e+06   5.4809570e+01
   4.0207580e+06   4.9560547e+01
   4.1412810e+06   5.5236816e+01
   4.1413590e+06   4.7546387e+01
   4.2244830e+06   4.6936035e+01
   4.3762090e+06   5.4138184e+01
   4.3764280e+06   4.7668457e+01
   4.3766600e+06   4.9377441e+01
   4.3997680e+06   4.8034668e+01
   4.3998980e+06   4.9804688e+01
   4.5194320e+06   5.5114746e+01
   4.5195190e+06   5.1208496e+01
   4.5220550e+06   4.7485352e+01
   4.6746560e+06   4.7668457e+01
   4.6746810e+06   5.2429199e+01
   4.6750190e+06   4.6936035e+01
   4.6751350e+06   4.7363281e+01
   4.6778000e+06   5.0842285e+01
   4.7698240e+06   5.0964355e+01
   4.7700600e+06   5.5053711e+01
   4.7702500e+06   5.6213379e+01
   4.9863950e+06   5.2368164e+01
   5.0285350e+06   5.1696777e+01
   5.0290610e+06   5.3649902e+01
   5.0294400e+06   5.0170898e+01
   5.0817540e+06   4.7546387e+01
   5.0820190e+06   4.8278809e+01
   5.2196320e+06   5.6579590e+01
   5.2197090e+06   4.6936035e+01
   5.2197430e+06   4.7119141e+01
   5.2211650e+06   4.8889160e+01
   5.3555770e+06   4.9499512e+01
   5.3563990e+06   4.7851563e+01
   5.4198260e+06   5.5603027e+01
   5.5447470e+06   4.6936035e+01
   5.5454300e+06   4.7668457e+01
   5.5457910e+06   4.7180176e+01
   5.6703000e+06   4.9011230e+01
   5.6708980e+06   6.1035156e+01
   5.6710180e+06   4.9987793e+01
   5.6713040e+06   4.8706055e+01
   5.7823810e+06   5.5297852e+01
   5.7827290e+06   4.7485352e+01
   5.8969100e+06   4.7912598e+01
   5.8972290e+06   4.7973633e+01
   6.0075630e+06   5.4870605e+01
   6.0076010e+06   4.7302246e+01
   6.0076480e+06   4.9072266e+01
   6.0079690e+06   5.0292969e+01
   6.0080750e+06   4.7912598e+01
   6.0094150e+06   5.3710938e+01
   6.0104620e+06   4.7424316e+01
   6.1060860e+06   5.0964355e+01
   6.1063940e+06   4.7180176e+01
   6.1066560e+06   4.7790527e+01
   6.2266280e+06   4.8217773e+01
   6.3680790e+06   4.7790527e+01
   6.3684670e+06   4.7851563e+01
   6.5005010e+06   5.4260254e+01
   6.5005580e+06   5.5419922e+01
   6.5005760e+06   5.2246094e+01
   6.5011840e+06   4.7790527e+01
   6.5983750e+06   5.2795410e+01
   6.5990330e+06   5.0659180e+01
   6.6781950e+06   4.6936035e+01
   6.6782360e+06   6.0852051e+01
   6.6782590e+06   5.0903320e+01
   6.8263590e+06   4.8706055e+01
   6.8264310e+06   5.1574707e+01
   7.0680780e+06   5.3344727e+01
   7.0683550e+06   4.9316406e+01
   7.2171790e+06   4.8095703e+01
   7.2172190e+06   4.8400879e+01
   7.2806770e+06   4.6997070e+01
   7.3008200e+06   4.8095703e+01
   7.5701530e+06   5.2062988e+01
   7.5702160e+06   5.2734375e+01
   7.5702870e+06   5.2185059e+01
   7.5703180e+06   5.3894043e+01
   7.5704030e+06   4.9804688e+01
   7.5728190e+06   4.8095703e+01
   7.6908550e+06   5.3955078e+01
   7.6931710e+06   4.8156738e+01
   7.7351480e+06   5.2001953e+01
   7.7351730e+06   4.7485352e+01
   7.7355280e+06   5.3833008e+01
   7.8640820e+06   4.9255371e+01
   7.9331080e+06   4.8339844e+01
   7.9332660e+06   5.3222656e+01
   7.9333290e+06   5.3710938e+01
   7.9335300e+06   5.1086426e+01
   8.1063000e+06   4.9926758e+01
   8.1066970e+06   5.5786133e+01
   8.1069970e+06   4.7180176e+01
   8.1698420e+06   4.8217773e+01
   8.1699790e+06   4.7973633e+01
   8.1704760e+06   5.5114746e+01
   8.3662650e+06   4.8950195e+01
   8.3663260e+06   4.9377441e+01
   8.4943140e+06   5.3710937e+01
   8.4945910e+06   5.0292969e+01
   8.4946810e+06   4.7119141e+01
   8.4949980e+06   4.7485352e+01
   8.5747410e+06   5.1208496e+01
   8.5747770e+06   4.7241211e+01
   8.5757240e+06   5.0476074e+01
   8.5760460e+06   4.8461914e+01
   8.7013480e+06   5.1574707e+01
   8.7014260e+06   4.7851563e+01
   8.8048500e+06   5.0354004e+01
   8.8049080e+06   5.6030273e+01
   8.9277610e+06   5.0781250e+01
   8.9293780e+06   4.8400879e+01
   9.0207400e+06   5.1513672e+01
   9.0209130e+06   5.3100586e+01
   9.0229700e+06   4.8522949e+01
   9.1496970e+06   6.0546875e+01
   9.1789630e+06   4.8156738e+01
   9.1790310e+06   5.4016113e+01
   9.1794090e+06   4.7546387e+01
   9.1794370e+06   5.1696777e+01
   9.3159780e+06   5.1208496e+01
   9.3160230e+06   5.0231934e+01
   9.4754930e+06   6.0180664e+01
   9.4756830e+06   5.0537109e+01
   9.4757690e+06   5.2246094e+01
   9.4761390e+06   4.9560547e+01
   9.4770810e+06   5.0476074e+01
   9.5169620e+06   4.9011230e+01
   9.5489150e+06   5.1513672e+01
   9.5489490e+06   4.7729492e+01
   9.5493770e+06   4.8217773e+01
   9.5495760e+06   5.1330566e+01
   9.6134650e+06   4.6936035e+01
   9.9058480e+06   4.9194336e+01
   9.9059440e+06   5.6457520e+01
   9.9059810e+06   5.1513672e+01
   9.9061900e+06   4.8645020e+01
   9.9064150e+06   4.7119141e+01
   9.9818740e+06   4.9987793e+01
   9.9819040e+06   4.9621582e+01
   9.9819890e+06   4.8461914e+01
   9.9820160e+06   5.1025391e+01
   1.0008595e+07   4.7302246e+01
   1.0192234e+07   5.2917480e+01
   1.0192290e+07   4.7912598e+01
   1.0192411e+07   5.6457520e+01
   1.0222737e+07   4.9865723e+01
   1.0222975e+07   4.8767090e+01
   1.0223592e+07   4.7180176e+01
   1.0250421e+07   5.4443359e+01
   1.0436091e+07   4.6936035e+01
   1.0436131e+07   5.0659180e+01
   1.0436288e+07   5.1940918e+01
   1.0436361e+07   5.1208496e+01
   1.0647194e+07   4.9255371e+01
   1.0647449e+07   5.3161621e+01
   1.0832798e+07   4.7241211e+01
   1.0835864e+07   4.7546387e+01
   1.1064006e+07   5.4809570e+01
   1.1065003e+07   4.7729492e+01
   1.1093772e+07   5.0476074e+01
   1.1094717e+07   4.9255371e+01
   1.1116713e+07   5.1147461e+01
   1.1137736e+07   5.4382324e+01
   1.1139085e+07   5.1818848e+01
   1.1569551e+07   5.1940918e+01
   1.1569640e+07   4.8950195e+01
   1.1571547e+07   4.7546387e+01
   1.1888155e+07   4.7851563e+01
   1.1888303e+07   4.8522949e+01
