   1.1999000e+07   0.0000000e+00
   1.3973000e+04   4.2053223e+01
   1.4073000e+04   4.1931152e+01
   1.4258000e+04   4.1687012e+01
   6.0831000e+04   3.8208008e+01
   6.0841000e+04   3.9611816e+01
   6.0926000e+04   4.2663574e+01
   6.0997000e+04   3.6376953e+01
   6.1099000e+04   4.3701172e+01
   6.1419000e+04   3.4240723e+01
   6.7660000e+04   3.3630371e+01
   9.2623000e+04   3.8940430e+01
   9.2712000e+04   3.8757324e+01
   1.1186900e+05   3.4484863e+01
   1.1198100e+05   3.4240723e+01
   1.1212300e+05   3.2287598e+01
   1.2845500e+05   5.5419922e+01
   1.2848800e+05   3.2897949e+01
   1.2858300e+05   3.6621094e+01
   1.2880900e+05   3.7902832e+01
   1.3830500e+05   3.8391113e+01
   1.4799100e+05   3.3752441e+01
   1.5667600e+05   4.1870117e+01
   1.5694700e+05   4.1076660e+01
   1.6383500e+05   3.4729004e+01
   1.7155000e+05   5.1574707e+01
   1.7166200e+05   3.3142090e+01
   1.7813100e+05   4.0405273e+01
   1.7824900e+05   4.1564941e+01
   1.8580500e+05   3.3203125e+01
   1.8593000e+05   3.4545898e+01
   1.8600200e+05   3.6254883e+01
   1.9391900e+05   3.6926270e+01
   1.9393900e+05   3.3325195e+01
   1.9433200e+05   3.4973145e+01
   2.0256800e+05   4.4494629e+01
   2.0273000e+05   3.2714844e+01
   2.0277100e+05   3.6865234e+01
   2.1322900e+05   3.2226563e+01
   2.1336700e+05   4.4677734e+01
   2.1341200e+05   3.3630371e+01
   2.2054100e+05   5.4809570e+01
   2.2062200e+05   3.5705566e+01
   2.2095500e+05   3.7292480e+01
   2.2795600e+05   4.8095703e+01
   2.2809300e+05   4.1320801e+01
   2.2821300e+05   4.3823242e+01
   2.2831700e+05   3.5644531e+01
   2.2901300e+05   3.2226563e+01
   2.3489800e+05   3.4729004e+01
   2.3511600e+05   3.3264160e+01
   2.3513600e+05   3.2714844e+01
   2.3522500e+05   3.2958984e+01
   2.3535100e+05   3.5949707e+01
   2.4247600e+05   3.3264160e+01
   2.4257100e+05   4.3762207e+01
   2.4931500e+05   3.3874512e+01
   2.5278400e+05   3.4851074e+01
   2.5973600e+05   4.5715332e+01
   2.5985800e+05   3.2470703e+01
   2.6005500e+05   3.4301758e+01
   2.6616000e+05   3.5217285e+01
   2.6631600e+05   3.3569336e+01
   2.6677600e+05   3.6193848e+01
   2.6995300e+05   4.0222168e+01
   2.7301600e+05   3.8085938e+01
   2.7318600e+05   3.2958984e+01
   2.7332400e+05   3.2470703e+01
   2.7334900e+05   3.6376953e+01
   2.7952000e+05   4.5776367e+01
   2.7962800e+05   3.7414551e+01
   2.7968100e+05   3.6437988e+01
   2.7989800e+05   4.2968750e+01
   2.7991400e+05   3.3996582e+01
   2.8035900e+05   3.2165527e+01
   2.8541800e+05   3.6499023e+01
   2.9260400e+05   3.9672852e+01
   2.9269600e+05   3.5400391e+01
   2.9275500e+05   3.2775879e+01
   2.9279000e+05   3.2165527e+01
   2.9281500e+05   3.2897949e+01
   2.9288400e+05   3.2104492e+01
   2.9291700e+05   3.7902832e+01
   2.9338500e+05   4.0344238e+01
   2.9836300e+05   3.8330078e+01
   2.9878800e+05   3.3203125e+01
   3.0264600e+05   3.2409668e+01
   3.0790700e+05   3.5644531e+01
   3.1268400e+05   3.4729004e+01
   3.1286000e+05   3.6621094e+01
   3.1746400e+05   3.9123535e+01
   3.1774400e+05   3.2409668e+01
   3.1783400e+05   3.3569336e+01
   3.2218800e+05   3.6743164e+01
   3.2592300e+05   3.2226563e+01
   3.2594800e+05   3.2226563e+01
   3.2602900e+05   3.2165527e+01
   3.2613500e+05   4.0466309e+01
   3.2615800e+05   3.7170410e+01
   3.2628600e+05   3.3264160e+01
   3.2686600e+05   3.3142090e+01
   3.3219800e+05   3.2287598e+01
   3.3505600e+05   3.6804199e+01
   3.4029000e+05   3.4057617e+01
   3.4039100e+05   4.0039063e+01
   3.4062000e+05   3.3508301e+01
   3.4605100e+05   3.2470703e+01
   3.5545600e+05   3.4423828e+01
   3.5557900e+05   3.7048340e+01
   3.5577600e+05   3.3630371e+01
   3.6083600e+05   3.5034180e+01
   3.6094700e+05   3.4057617e+01
   3.6552400e+05   3.6743164e+01
   3.6562400e+05   3.3996582e+01
   3.6565300e+05   3.2470703e+01
   3.7128100e+05   4.2236328e+01
   3.7649400e+05   3.7048340e+01
   3.7660200e+05   4.4616699e+01
   3.8279100e+05   3.6376953e+01
   3.8287700e+05   3.8024902e+01
   3.8288800e+05   4.9560547e+01
   3.8292300e+05   3.4118652e+01
   3.8297200e+05   3.8024902e+01
   3.9044100e+05   4.0161133e+01
   3.9048900e+05   3.2836914e+01
   3.9056200e+05   3.6010742e+01
   3.9059600e+05   3.2531738e+01
   3.9064100e+05   3.2592773e+01
   3.9551300e+05   3.2531738e+01
   3.9556500e+05   3.3996582e+01
   3.9568100e+05   3.4729004e+01
   3.9595300e+05   3.7719727e+01
   4.0053700e+05   3.4912109e+01
   4.0060500e+05   3.3691406e+01
   4.0061500e+05   3.7292480e+01
   4.0063700e+05   3.4362793e+01
   4.0066000e+05   3.2226563e+01
   4.0071100e+05   4.3579102e+01
   4.0073600e+05   3.2348633e+01
   4.0078300e+05   3.2653809e+01
   4.0586100e+05   3.7841797e+01
   4.1242500e+05   3.5461426e+01
   4.1244100e+05   3.2958984e+01
   4.1250100e+05   3.2409668e+01
   4.1251800e+05   3.8085938e+01
   4.1272900e+05   3.2348633e+01
   4.2028400e+05   4.0588379e+01
   4.2037000e+05   4.2236328e+01
   4.2762800e+05   3.9611816e+01
   4.2771300e+05   4.3945313e+01
   4.3487900e+05   3.8391113e+01
   4.3494900e+05   3.3508301e+01
   4.3497000e+05   5.2795410e+01
   4.4139500e+05   4.3151855e+01
   4.4148600e+05   4.1015625e+01
   4.4159000e+05   3.2287598e+01
   4.4161900e+05   3.4179688e+01
   4.4164400e+05   3.2836914e+01
   4.4914700e+05   3.7231445e+01
   4.4919500e+05   3.8085938e+01
   4.4923100e+05   4.4250488e+01
   4.4933900e+05   3.4912109e+01
   4.4935100e+05   3.6499023e+01
   4.4941600e+05   3.3264160e+01
   4.4943000e+05   3.5339355e+01
   4.4948900e+05   3.4118652e+01
   4.4980200e+05   3.3081055e+01
   4.5658500e+05   3.2104492e+01
   4.5663200e+05   3.5217285e+01
   4.5667000e+05   5.5847168e+01
   4.5683900e+05   3.5888672e+01
   4.6311100e+05   3.6804199e+01
   4.6319400e+05   3.7597656e+01
   4.7049600e+05   3.3264160e+01
   4.7057200e+05   4.2724609e+01
   4.7062100e+05   3.3630371e+01
   4.7068300e+05   3.3996582e+01
   4.7961100e+05   3.7414551e+01
   4.7964300e+05   4.0466309e+01
   4.7969400e+05   4.3151855e+01
   4.7971900e+05   3.3752441e+01
   4.7978100e+05   3.2653809e+01
   4.7980200e+05   3.3874512e+01
   4.8910200e+05   5.1330566e+01
   4.9705200e+05   4.2236328e+01
   4.9713800e+05   3.5827637e+01
   4.9718300e+05   3.3996582e+01
   4.9723300e+05   3.6499023e+01
   5.0446900e+05   3.3081055e+01
   5.0454200e+05   5.1269531e+01
   5.0462100e+05   3.2958984e+01
   5.1222100e+05   4.0893555e+01
   5.1229800e+05   4.8095703e+01
   5.1243200e+05   3.8452148e+01
   5.2151900e+05   3.2470703e+01
   5.2157200e+05   3.5034180e+01
   5.2159200e+05   3.3081055e+01
   5.2162200e+05   3.2531738e+01
   5.3323500e+05   3.5522461e+01
   5.3329900e+05   4.5654297e+01
   5.3335800e+05   3.6315918e+01
   5.3338000e+05   3.2775879e+01
   5.4732900e+05   3.7841797e+01
   5.4735000e+05   3.3447266e+01
   5.4737000e+05   3.3264160e+01
   5.4739900e+05   3.2104492e+01
   5.4741900e+05   3.2348633e+01
   5.4746300e+05   3.2714844e+01
   5.4756000e+05   3.7109375e+01
   5.5805000e+05   3.6315918e+01
   5.5812700e+05   4.4616699e+01
   5.5821700e+05   3.5522461e+01
   5.5826100e+05   3.2348633e+01
   5.6753600e+05   3.2104492e+01
   5.6760500e+05   4.4982910e+01
   5.6768400e+05   3.9062500e+01
   5.6776700e+05   3.2714844e+01
   5.8218100e+05   3.3996582e+01
   5.8224500e+05   4.7912598e+01
   5.8232800e+05   3.7414551e+01
   5.8240200e+05   3.3325195e+01
   5.9414300e+05   3.6010742e+01
   5.9422400e+05   5.7495117e+01
   5.9425300e+05   3.9062500e+01
   5.9432700e+05   3.4301758e+01
   6.0828800e+05   3.9550781e+01
   6.0835700e+05   3.5949707e+01
   6.0838900e+05   4.0405273e+01
   6.0841900e+05   3.5705566e+01
   6.0848900e+05   3.6193848e+01
   6.0855100e+05   3.2470703e+01
   6.2136600e+05   3.6071777e+01
   6.2139600e+05   3.4057617e+01
   6.2145300e+05   5.0964355e+01
   6.2149300e+05   3.3020020e+01
   6.2159100e+05   3.6010742e+01
   9.0608600e+05   4.7668457e+01
   9.0747400e+05   3.5888672e+01
   9.1629000e+05   4.0710449e+01
   9.2609100e+05   4.5959473e+01
   9.6453100e+05   5.0781250e+01
   9.6554200e+05   3.5156250e+01
   1.0597770e+06   3.4240723e+01
   1.1130430e+06   3.6743164e+01
   1.1139610e+06   3.3081055e+01
   1.1289100e+06   3.4912109e+01
   1.2268180e+06   3.8757324e+01
   1.2270620e+06   4.0832520e+01
   1.2959030e+06   4.0466309e+01
   1.2965690e+06   3.5522461e+01
   1.2967050e+06   4.4677734e+01
   1.2971840e+06   3.7902832e+01
   1.4831220e+06   5.0659180e+01
   1.4944470e+06   4.8278809e+01
   1.5497360e+06   4.2846680e+01
   1.5528200e+06   5.8166504e+01
   1.6358050e+06   4.9133301e+01
   1.6366120e+06   3.7841797e+01
   1.7191960e+06   4.0771484e+01
   1.7224250e+06   4.1442871e+01
   1.7227600e+06   4.5288086e+01
   1.7235900e+06   3.3142090e+01
   1.8266990e+06   4.7119141e+01
   1.8674930e+06   3.4606934e+01
   1.8676050e+06   4.3823242e+01
   1.8679000e+06   4.4799805e+01
   1.8683840e+06   3.5522461e+01
   1.8928060e+06   3.4912109e+01
   1.9028910e+06   3.4057617e+01
   1.9272000e+06   3.6315918e+01
   1.9275360e+06   4.6020508e+01
   1.9486860e+06   3.2592773e+01
   1.9488340e+06   5.2368164e+01
   2.0800470e+06   4.2236328e+01
   2.0995820e+06   3.4851074e+01
   2.1107550e+06   3.8513184e+01
   2.1131650e+06   4.2480469e+01
   2.1135540e+06   4.1809082e+01
   2.1137560e+06   3.4118652e+01
   2.1344850e+06   3.7841797e+01
   2.1805600e+06   5.5969238e+01
   2.1812400e+06   3.2104492e+01
   2.2232840e+06   4.3334961e+01
   2.2242540e+06   4.0344238e+01
   2.2623010e+06   3.3935547e+01
   2.2624180e+06   3.4667969e+01
   2.2630840e+06   4.1687012e+01
   2.2797060e+06   5.0048828e+01
   2.2917520e+06   3.6987305e+01
   2.2921810e+06   3.7597656e+01
   2.3324760e+06   3.3935547e+01
   2.3328540e+06   5.0354004e+01
   2.3334050e+06   4.0527344e+01
   2.3492910e+06   3.3325195e+01
   2.3599460e+06   3.6071777e+01
   2.3600530e+06   3.7841797e+01
   2.3790240e+06   3.4423828e+01
   2.3807180e+06   3.3081055e+01
   2.4037970e+06   3.4973145e+01
   2.4040070e+06   4.6264648e+01
   2.4761180e+06   4.7912598e+01
   2.4767410e+06   3.3569336e+01
   2.4906610e+06   4.1198730e+01
   2.5166400e+06   3.2348633e+01
   2.5306820e+06   4.0893555e+01
   2.5362450e+06   4.4067383e+01
   2.5425850e+06   4.2663574e+01
   2.5431610e+06   3.2470703e+01
   2.5435100e+06   3.6132813e+01
   2.5440100e+06   4.2602539e+01
   2.5558090e+06   3.7170410e+01
   2.5858980e+06   4.6752930e+01
   2.5869400e+06   3.7170410e+01
   2.6287930e+06   4.5715332e+01
   2.6305500e+06   4.4311523e+01
   2.6320700e+06   4.4128418e+01
   2.6459500e+06   4.5288086e+01
   2.6654390e+06   3.3508301e+01
   2.6659270e+06   4.8645020e+01
   2.6664670e+06   3.8879395e+01
   2.6930400e+06   3.3630371e+01
   2.7075970e+06   4.1992188e+01
   2.7505160e+06   3.6315918e+01
   2.7517470e+06   3.3935547e+01
   2.7743620e+06   4.5166016e+01
   2.7802330e+06   3.6926270e+01
   2.7887280e+06   4.1442871e+01
   2.7911290e+06   4.1931152e+01
   2.7943280e+06   3.6987305e+01
   2.8035460e+06   3.4851074e+01
   2.8045510e+06   3.3325195e+01
   2.8151550e+06   4.0222168e+01
   2.8161640e+06   3.2958984e+01
   2.8262180e+06   3.8146973e+01
   2.8378050e+06   3.6437988e+01
   2.8473120e+06   3.4484863e+01
   2.8486460e+06   3.4057617e+01
   2.8500790e+06   3.6193848e+01
   2.8618730e+06   4.2236328e+01
   2.8713300e+06   3.4423828e+01
   2.8912500e+06   4.4250488e+01
   2.8916370e+06   3.9001465e+01
   2.8918880e+06   3.4790039e+01
   2.8921570e+06   3.6071777e+01
   2.9091040e+06   4.3579102e+01
   2.9092890e+06   3.8757324e+01
   2.9095010e+06   3.2531738e+01
   2.9100840e+06   3.3020020e+01
   2.9238080e+06   3.8513184e+01
   2.9239840e+06   3.2775879e+01
   2.9241960e+06   3.7292480e+01
   2.9389800e+06   3.2348633e+01
   2.9391410e+06   4.2114258e+01
   2.9393510e+06   3.6743164e+01
   2.9395740e+06   3.8879395e+01
   2.9503050e+06   4.1076660e+01
   2.9506950e+06   3.6071777e+01
   2.9509340e+06   3.4973145e+01
   2.9599870e+06   4.1259766e+01
   2.9602850e+06   3.2348633e+01
   2.9606160e+06   4.0222168e+01
   2.9699440e+06   3.6682129e+01
   2.9701030e+06   4.4006348e+01
   2.9801790e+06   3.7536621e+01
   2.9889140e+06   3.2226563e+01
   2.9891190e+06   3.3569336e+01
   2.9895540e+06   3.6010742e+01
   3.0000600e+06   4.7119141e+01
   3.0001830e+06   4.9865723e+01
   3.0003590e+06   3.4790039e+01
   3.0003740e+06   3.3020020e+01
   3.0007410e+06   3.5888672e+01
   3.0056470e+06   3.9001465e+01
   3.0172050e+06   4.3518066e+01
   3.0173410e+06   3.3691406e+01
   3.0174770e+06   3.4851074e+01
   3.0181770e+06   3.7109375e+01
   3.0234180e+06   3.9062500e+01
   3.0262940e+06   3.7414551e+01
   3.0266360e+06   3.9978027e+01
   3.0268740e+06   3.6376953e+01
   3.0345460e+06   3.6560059e+01
   3.0348050e+06   3.8024902e+01
   3.0349370e+06   3.5949707e+01
   3.0404780e+06   3.2470703e+01
   3.0489080e+06   4.3823242e+01
   3.0490130e+06   3.3752441e+01
   3.0492650e+06   3.2714844e+01
   3.0495870e+06   3.2714844e+01
   3.0549150e+06   4.7790527e+01
   3.0564070e+06   3.9855957e+01
   3.0595620e+06   4.2724609e+01
   3.0599420e+06   3.2653809e+01
   3.0601280e+06   3.3386230e+01
   3.0649590e+06   3.4179688e+01
   3.0693930e+06   3.5583496e+01
   3.0696150e+06   3.2287598e+01
   3.0698520e+06   3.5827637e+01
   3.0700720e+06   3.2226563e+01
   3.0741620e+06   3.2165527e+01
   3.0741730e+06   3.3203125e+01
   3.0744500e+06   3.8574219e+01
   3.0811130e+06   4.3701172e+01
   3.0812310e+06   3.2409668e+01
   3.0874120e+06   3.2165527e+01
   3.0876260e+06   3.6682129e+01
   3.0879270e+06   3.4973145e+01
   3.0947450e+06   4.0344238e+01
   3.0953970e+06   3.4851074e+01
   3.0955950e+06   3.3630371e+01
   3.1005100e+06   5.3649902e+01
   3.1080270e+06   3.3264160e+01
   3.1151450e+06   4.2297363e+01
   3.1174900e+06   3.2470703e+01
   3.1228030e+06   4.2785645e+01
   3.1229120e+06   3.2226563e+01
   3.1233670e+06   3.3020020e+01
   3.1242630e+06   3.2470703e+01
   3.1276170e+06   3.2653809e+01
   3.1311060e+06   3.8940430e+01
   3.1382420e+06   3.8940430e+01
   3.1382810e+06   3.2897949e+01
   3.1383250e+06   3.2287598e+01
   3.1472150e+06   3.7536621e+01
   3.1540520e+06   3.2104492e+01
   3.1541010e+06   3.2409668e+01
   3.1542040e+06   3.4179688e+01
   3.1582360e+06   4.1992188e+01
   3.1633060e+06   3.4729004e+01
   3.1634790e+06   3.3996582e+01
   3.1727320e+06   4.2297363e+01
   3.1779960e+06   3.6743164e+01
   3.1782400e+06   4.2907715e+01
   3.1842600e+06   3.8513184e+01
   3.1843590e+06   3.3020020e+01
   3.1883360e+06   3.6682129e+01
   3.1951790e+06   4.3518066e+01
   3.1952890e+06   4.0344238e+01
   3.2020610e+06   3.2836914e+01
   3.2094640e+06   3.7597656e+01
   3.2096130e+06   3.2897949e+01
   3.2146000e+06   3.8696289e+01
   3.2148800e+06   4.1625977e+01
   3.2153250e+06   3.5156250e+01
   3.2175460e+06   3.3996582e+01
   3.2256680e+06   3.2409668e+01
   3.2257050e+06   3.2226563e+01
   3.2257580e+06   3.6804199e+01
   3.2257760e+06   3.4667969e+01
   3.2313250e+06   3.5949707e+01
   3.2333260e+06   3.7658691e+01
   3.2340300e+06   3.3264160e+01
   3.2362820e+06   3.4912109e+01
   3.2458130e+06   3.5644531e+01
   3.2459000e+06   3.7170410e+01
   3.2459210e+06   3.2409668e+01
   3.2459910e+06   3.8024902e+01
   3.2641830e+06   4.5654297e+01
   3.2642670e+06   3.4729004e+01
   3.2690080e+06   4.3090820e+01
   3.2775560e+06   3.9062500e+01
   3.2776420e+06   3.5217285e+01
   3.2777540e+06   3.4301758e+01
   3.2894190e+06   4.0405273e+01
   3.2894860e+06   3.8269043e+01
   3.2895000e+06   3.4057617e+01
   3.2940110e+06   3.7780762e+01
   3.3083120e+06   3.8879395e+01
   3.3083980e+06   3.2958984e+01
   3.3084200e+06   3.5278320e+01
   3.3128780e+06   3.6010742e+01
   3.3149700e+06   3.3325195e+01
   3.3172410e+06   3.6193848e+01
   3.3321460e+06   3.8208008e+01
   3.3322680e+06   3.2653809e+01
   3.3327410e+06   3.4362793e+01
   3.3422510e+06   3.4545898e+01
   3.3424120e+06   3.2897949e+01
   3.3468980e+06   3.7414551e+01
   3.3601020e+06   3.2470703e+01
   3.3601480e+06   3.6254883e+01
   3.3602510e+06   4.1931152e+01
   3.3788930e+06   3.5461426e+01
   3.3838150e+06   3.9672852e+01
   3.3904070e+06   3.4790039e+01
   3.3904430e+06   3.5034180e+01
   3.3908360e+06   3.6254883e+01
   3.4090280e+06   3.9489746e+01
   3.4091040e+06   3.2104492e+01
   3.4232770e+06   4.3762207e+01
   3.4279250e+06   3.2409668e+01
   3.4487750e+06   3.3203125e+01
   3.4487860e+06   3.5095215e+01
   3.4488780e+06   3.8024902e+01
   3.4490880e+06   3.3813477e+01
   3.4492350e+06   3.3264160e+01
   3.4579260e+06   3.9184570e+01
   3.4580610e+06   3.9367676e+01
   3.4585410e+06   3.4484863e+01
   3.4665180e+06   4.5166016e+01
   3.4668470e+06   3.7841797e+01
   3.4800060e+06   3.3386230e+01
   3.4801120e+06   3.3447266e+01
   3.4803350e+06   3.2409668e+01
   3.5027340e+06   5.2368164e+01
   3.5028550e+06   3.9123535e+01
   3.5213230e+06   4.5837402e+01
   3.5214790e+06   4.2175293e+01
   3.5345100e+06   3.9306641e+01
   3.5347210e+06   3.9428711e+01
   3.5349680e+06   3.4362793e+01
   3.5443540e+06   3.3508301e+01
   3.5447520e+06   3.5949707e+01
   3.5571020e+06   3.8146973e+01
   3.5574090e+06   3.6743164e+01
   3.5730930e+06   4.5959473e+01
   3.5736340e+06   3.8635254e+01
   3.5943850e+06   3.4484863e+01
   3.6243370e+06   4.0771484e+01
   3.6494120e+06   3.6254883e+01
   3.6537990e+06   4.7119141e+01
   3.6572270e+06   3.8024902e+01
   3.6643810e+06   3.4606934e+01
   3.6698370e+06   3.7597656e+01
   3.6780830e+06   4.1809082e+01
   3.6944410e+06   4.2968750e+01
   3.6971020e+06   3.2653809e+01
   3.6980900e+06   3.8208008e+01
   3.7163750e+06   3.6743164e+01
   3.7199240e+06   3.6621094e+01
   3.7205080e+06   3.8269043e+01
   3.7206920e+06   4.1015625e+01
   3.7210420e+06   4.1625977e+01
   3.7456160e+06   3.3813477e+01
   3.7511390e+06   3.4484863e+01
   3.7567940e+06   3.2287598e+01
   3.7686100e+06   4.5410156e+01
   3.7711670e+06   3.9611816e+01
   3.7753280e+06   4.0100098e+01
   3.7806970e+06   3.5156250e+01
   3.7834260e+06   3.9367676e+01
   3.7876180e+06   4.4738770e+01
   3.7958640e+06   4.6386719e+01
   3.8016280e+06   4.5532227e+01
   3.8047210e+06   3.3142090e+01
   3.8133210e+06   3.5766602e+01
   3.8142830e+06   3.9062500e+01
   3.8144060e+06   3.2592773e+01
   3.8144330e+06   3.9367676e+01
   3.8145760e+06   3.5034180e+01
   3.8147440e+06   4.0527344e+01
   3.8151700e+06   3.5522461e+01
   3.8263130e+06   3.9733887e+01
   3.8338750e+06   3.6804199e+01
   3.8342390e+06   3.8208008e+01
   3.8479880e+06   4.6386719e+01
   3.8575990e+06   3.4790039e+01
   3.8991740e+06   3.8879395e+01
   3.9183450e+06   3.5644531e+01
   3.9222830e+06   3.6010742e+01
   3.9316600e+06   4.3579102e+01
   3.9354020e+06   3.4545898e+01
   3.9374020e+06   4.8095703e+01
   3.9375500e+06   3.9306641e+01
   3.9729940e+06   4.0649414e+01
   3.9750890e+06   4.2419434e+01
   3.9839660e+06   4.6264648e+01
   3.9957380e+06   3.3386230e+01
   4.0082190e+06   4.7058105e+01
   4.0112750e+06   3.2836914e+01
   4.0175840e+06   3.6926270e+01
   4.0209070e+06   4.2114258e+01
   4.0250290e+06   3.2714844e+01
   4.0279650e+06   4.2907715e+01
   4.0309660e+06   4.4250488e+01
   4.0512370e+06   3.5888672e+01
   4.0726250e+06   4.1015625e+01
   4.0879960e+06   3.6743164e+01
   4.0941860e+06   3.4729004e+01
   4.0942710e+06   3.3630371e+01
   4.0947190e+06   3.5034180e+01
   4.1192730e+06   3.7414551e+01
   4.1411490e+06   4.5227051e+01
   4.1452740e+06   3.5827637e+01
   4.1564660e+06   3.4606934e+01
   4.1665610e+06   3.2958984e+01
   4.1758090e+06   3.6743164e+01
   4.1772270e+06   4.6264648e+01
   4.1808500e+06   3.5461426e+01
   4.1890330e+06   4.4677734e+01
   4.1900950e+06   4.0161133e+01
   4.1958000e+06   3.3630371e+01
   4.1992110e+06   4.4250488e+01
   4.2018280e+06   3.4240723e+01
   4.2024940e+06   4.0893555e+01
   4.2025070e+06   3.6437988e+01
   4.2025760e+06   3.6621094e+01
   4.2111550e+06   3.7841797e+01
   4.2293440e+06   3.5522461e+01
   4.2360700e+06   3.4179688e+01
   4.2368720e+06   3.7597656e+01
   4.2432970e+06   3.4423828e+01
   4.2562150e+06   3.9794922e+01
   4.2640080e+06   3.4484863e+01
   4.2717570e+06   3.2226563e+01
   4.2719920e+06   4.0954590e+01
   4.2754870e+06   4.7546387e+01
   4.2767820e+06   3.6254883e+01
   4.2990680e+06   3.9611816e+01
   4.2991460e+06   3.3752441e+01
   4.2991650e+06   3.3203125e+01
   4.2992280e+06   3.8085938e+01
   4.3122010e+06   3.7353516e+01
   4.3123370e+06   4.9926758e+01
   4.3126090e+06   3.5339355e+01
   4.3261510e+06   4.5227051e+01
   4.3262630e+06   4.6875000e+01
   4.3263330e+06   3.2226563e+01
   4.3455120e+06   4.4128418e+01
   4.3455600e+06   3.2897949e+01
   4.3457020e+06   4.7485352e+01
   4.3460180e+06   3.2775879e+01
   4.3541920e+06   4.3273926e+01
   4.3687040e+06   3.2775879e+01
   4.3687680e+06   3.9367676e+01
   4.3689220e+06   3.2287598e+01
   4.3695840e+06   3.2287598e+01
   4.3838510e+06   5.5664063e+01
   4.3839460e+06   3.2470703e+01
   4.3914960e+06   5.1696777e+01
   4.4019160e+06   4.5532227e+01
   4.4020150e+06   4.3823242e+01
   4.4020320e+06   3.2287598e+01
   4.4033300e+06   3.2714844e+01
   4.4096510e+06   3.8452148e+01
   4.4097530e+06   3.3203125e+01
   4.4101380e+06   3.4423828e+01
   4.4352210e+06   4.6630859e+01
   4.4354240e+06   3.5644531e+01
   4.4449770e+06   3.4057617e+01
   4.4494860e+06   3.8696289e+01
   4.4596380e+06   3.9428711e+01
   4.4597970e+06   4.0466309e+01
   4.4599440e+06   3.7841797e+01
   4.4666240e+06   3.6010742e+01
   4.4700740e+06   3.6560059e+01
   4.4741440e+06   3.3447266e+01
   4.4743120e+06   3.3691406e+01
   4.4809150e+06   3.7475586e+01
   4.4810730e+06   3.9794922e+01
   4.4811980e+06   3.7963867e+01
   4.4878530e+06   3.9855957e+01
   4.4879920e+06   3.6560059e+01
   4.4882140e+06   3.8818359e+01
   4.4950320e+06   3.2226563e+01
   4.4951520e+06   3.3386230e+01
   4.4951660e+06   3.8757324e+01
   4.4952920e+06   3.4790039e+01
   4.4953550e+06   3.2592773e+01
   4.5036590e+06   4.0283203e+01
   4.5037690e+06   3.2775879e+01
   4.5037960e+06   3.8757324e+01
   4.5038210e+06   3.7597656e+01
   4.5038700e+06   3.7841797e+01
   4.5145780e+06   3.6071777e+01
   4.5146700e+06   4.1625977e+01
   4.5146990e+06   3.3691406e+01
   4.5147640e+06   3.4545898e+01
   4.5148190e+06   3.4973145e+01
   4.5215030e+06   3.8879395e+01
   4.5248480e+06   4.4494629e+01
   4.5571190e+06   4.4616699e+01
   4.5571340e+06   3.5278320e+01
   4.5572600e+06   3.6071777e+01
   4.5572750e+06   3.4301758e+01
   4.5575660e+06   3.6193848e+01
   4.5605480e+06   3.4240723e+01
   4.5731720e+06   3.2226563e+01
   4.5732740e+06   4.1748047e+01
   4.5765630e+06   3.3813477e+01
   4.5766800e+06   3.2409668e+01
   4.5826390e+06   4.5227051e+01
   4.5827400e+06   3.5583496e+01
   4.5827590e+06   3.6132813e+01
   4.5828050e+06   3.4912109e+01
   4.5828330e+06   3.3813477e+01
   4.5828460e+06   4.5227051e+01
   4.5828810e+06   3.3020020e+01
   4.5834540e+06   3.2531738e+01
   4.5893480e+06   3.2531738e+01
   4.5895250e+06   3.2287598e+01
   4.5972110e+06   3.7353516e+01
   4.5973060e+06   3.9123535e+01
   4.5973290e+06   3.2226563e+01
   4.6063810e+06   4.2236328e+01
   4.6064880e+06   3.4240723e+01
   4.6154710e+06   3.3020020e+01
   4.6155710e+06   5.9326172e+01
   4.6156720e+06   3.8452148e+01
   4.6157000e+06   3.4545898e+01
   4.6171730e+06   3.2653809e+01
   4.6286940e+06   4.0222168e+01
   4.6287640e+06   3.3752441e+01
   4.6287760e+06   4.4067383e+01
   4.6288180e+06   3.2958984e+01
   4.6288590e+06   3.5644531e+01
   4.6288870e+06   3.4240723e+01
   4.6429260e+06   3.5034180e+01
   4.6429930e+06   3.4362793e+01
   4.6430060e+06   4.7607422e+01
   4.6475980e+06   4.3701172e+01
   4.6476560e+06   3.9306641e+01
   4.6476810e+06   4.3273926e+01
   4.8125540e+06   4.0527344e+01
   4.8458960e+06   3.9978027e+01
   4.8490560e+06   4.6020508e+01
   4.8549600e+06   3.7353516e+01
   4.8613230e+06   3.7902832e+01
   4.8725760e+06   4.5654297e+01
   4.8771380e+06   4.3945313e+01
   4.8915180e+06   4.0893555e+01
   4.9001880e+06   3.8208008e+01
   4.9224210e+06   3.3203125e+01
   4.9234570e+06   4.1442871e+01
   4.9329070e+06   4.3273926e+01
   4.9410610e+06   4.1015625e+01
   4.9420870e+06   4.2541504e+01
   4.9432200e+06   3.4667969e+01
   4.9450500e+06   4.1748047e+01
   4.9479410e+06   3.7475586e+01
   4.9583300e+06   3.5644531e+01
   4.9628450e+06   3.5339355e+01
   4.9672710e+06   4.6203613e+01
   4.9736430e+06   3.8452148e+01
   4.9745040e+06   3.5644531e+01
   4.9839550e+06   3.6132813e+01
   4.9949240e+06   3.7353516e+01
   4.9955240e+06   3.6804199e+01
   4.9966590e+06   3.5644531e+01
   5.0169020e+06   3.9367676e+01
   5.0269240e+06   4.0710449e+01
   5.0391210e+06   3.3935547e+01
   5.0397950e+06   3.4606934e+01
   5.0399110e+06   4.3701172e+01
   5.0399240e+06   3.2348633e+01
   5.0405770e+06   3.6499023e+01
   5.0592530e+06   4.6936035e+01
   5.0596610e+06   3.4301758e+01
   5.0598610e+06   3.5888672e+01
   5.1070910e+06   4.5471191e+01
   5.1175280e+06   4.2236328e+01
   5.1326490e+06   3.8269043e+01
   5.1399960e+06   4.0832520e+01
   5.1421260e+06   4.3823242e+01
   5.1455560e+06   4.6569824e+01
   5.1545950e+06   3.4667969e+01
   5.1573530e+06   3.6315918e+01
   5.1615340e+06   4.1625977e+01
   5.1762840e+06   3.4301758e+01
   5.1776820e+06   4.5349121e+01
   5.1788680e+06   3.4118652e+01
   5.1789680e+06   3.4179688e+01
   5.1955490e+06   4.5715332e+01
   5.2265140e+06   3.5949707e+01
   5.2265580e+06   3.5217285e+01
   5.2265950e+06   3.5949707e+01
   5.2266410e+06   3.4301758e+01
   5.2278120e+06   3.3569336e+01
   5.2390440e+06   3.7414551e+01
   5.2392490e+06   3.4240723e+01
   5.2394450e+06   4.1320801e+01
   5.2396050e+06   3.5156250e+01
   5.2400790e+06   3.2714844e+01
   5.2525970e+06   3.4484863e+01
   5.2529360e+06   3.5156250e+01
   5.2534360e+06   3.2348633e+01
   5.2536380e+06   3.2165527e+01
   5.2609360e+06   3.6621094e+01
   5.2614230e+06   3.2531738e+01
   5.2615770e+06   3.3386230e+01
   5.2687100e+06   4.2846680e+01
   5.2688400e+06   5.4443359e+01
   5.2690150e+06   3.6376953e+01
   5.2691850e+06   3.4484863e+01
   5.2694590e+06   3.4667969e+01
   5.2700260e+06   3.3203125e+01
   5.2848430e+06   3.4301758e+01
   5.2851520e+06   3.6743164e+01
   5.2933840e+06   3.4912109e+01
   5.2991950e+06   3.9978027e+01
   5.3049480e+06   3.8879395e+01
   5.3050820e+06   3.5095215e+01
   5.3056230e+06   3.5644531e+01
   5.3136990e+06   3.4790039e+01
   5.3138100e+06   3.9733887e+01
   5.3291800e+06   3.7048340e+01
   5.3367690e+06   3.7414551e+01
   5.3372000e+06   3.8513184e+01
   5.3657200e+06   3.2470703e+01
   5.3658090e+06   3.8513184e+01
   5.3774350e+06   4.3212891e+01
   5.3774530e+06   3.2287598e+01
   5.3775070e+06   3.2836914e+01
   5.3776400e+06   3.3630371e+01
   5.3777740e+06   3.4301758e+01
   5.3888480e+06   3.2714844e+01
   5.3889110e+06   3.7048340e+01
   5.3889600e+06   3.2287598e+01
   5.3890560e+06   3.2226563e+01
   5.3981050e+06   3.2287598e+01
   5.4157440e+06   3.2714844e+01
   5.4158240e+06   3.4851074e+01
   5.4159260e+06   3.2958984e+01
   5.4258530e+06   4.2053223e+01
   5.4260540e+06   3.2226563e+01
   5.4261990e+06   3.4423828e+01
   5.4262310e+06   3.2165527e+01
   5.4266760e+06   3.8208008e+01
   5.4400280e+06   4.0405273e+01
   5.4401100e+06   3.8879395e+01
   5.4409000e+06   3.3020020e+01
   5.4577330e+06   3.5156250e+01
   5.4671080e+06   3.6865234e+01
   5.4675330e+06   3.3386230e+01
   5.4677030e+06   3.4545898e+01
   5.4939250e+06   4.7119141e+01
   5.4942740e+06   3.2104492e+01
   5.5128080e+06   3.5034180e+01
   5.5129110e+06   3.6560059e+01
   5.5130850e+06   4.3762207e+01
   5.5132350e+06   3.7109375e+01
   5.5132770e+06   3.7719727e+01
   5.5645390e+06   4.1137695e+01
   5.5647920e+06   3.8452148e+01
   5.5650330e+06   3.3325195e+01
   5.5651000e+06   3.6865234e+01
   5.5659760e+06   3.2226563e+01
   5.6501610e+06   3.6071777e+01
   5.6673290e+06   3.4362793e+01
   5.6682350e+06   3.9001465e+01
   5.6695010e+06   4.0893555e+01
   5.6708590e+06   5.8532715e+01
   5.6709540e+06   3.2409668e+01
   5.6709740e+06   3.6437988e+01
   5.6710730e+06   3.6437988e+01
   5.6715890e+06   3.4301758e+01
   5.6723680e+06   3.5217285e+01
   5.6814580e+06   3.6499023e+01
   5.6863520e+06   4.3334961e+01
   5.6909200e+06   4.1870117e+01
   5.7195880e+06   3.3447266e+01
   5.7461690e+06   3.2226563e+01
   5.7557830e+06   3.4118652e+01
   5.7588690e+06   4.6203613e+01
   5.7718600e+06   4.4982910e+01
   5.7821190e+06   3.8574219e+01
   5.7833040e+06   3.9001465e+01
   5.7841120e+06   3.2714844e+01
   5.7841340e+06   3.4240723e+01
   5.7842190e+06   3.5156250e+01
   5.7845070e+06   3.2287598e+01
   5.8328870e+06   4.3212891e+01
   5.8341130e+06   5.1879883e+01
   5.8391720e+06   4.9926758e+01
   5.8411920e+06   3.7292480e+01
   5.8412680e+06   5.0170898e+01
   5.8412790e+06   4.4250488e+01
   5.8586880e+06   4.3945313e+01
   5.8591880e+06   3.7658691e+01
   5.8596360e+06   3.6010742e+01
   5.8596630e+06   3.5339355e+01
   5.8600520e+06   3.2226563e+01
   5.8602700e+06   4.0039063e+01
   5.9098180e+06   5.1147461e+01
   5.9098880e+06   3.2470703e+01
   5.9099070e+06   3.5766602e+01
   5.9099570e+06   3.4790039e+01
   5.9102400e+06   3.3020020e+01
   5.9108950e+06   3.3325195e+01
   5.9214510e+06   3.9794922e+01
   5.9216080e+06   3.2592773e+01
   5.9217670e+06   4.2236328e+01
   5.9218790e+06   3.5095215e+01
   5.9274260e+06   3.7536621e+01
   5.9355660e+06   4.6997070e+01
   5.9356750e+06   3.6132813e+01
   5.9357760e+06   4.4555664e+01
   5.9361760e+06   3.4118652e+01
   5.9494980e+06   3.2409668e+01
   5.9495150e+06   4.7485352e+01
   5.9496060e+06   3.9306641e+01
   5.9496570e+06   3.4912109e+01
   5.9497080e+06   4.0649414e+01
   5.9497350e+06   3.2653809e+01
   5.9498200e+06   3.5278320e+01
   5.9498670e+06   3.2104492e+01
   5.9580140e+06   3.5339355e+01
   5.9581560e+06   3.7658691e+01
   5.9585720e+06   3.3813477e+01
   5.9649220e+06   3.5217285e+01
   5.9650060e+06   3.4179688e+01
   5.9651170e+06   3.3508301e+01
   5.9651340e+06   3.5095215e+01
   5.9652340e+06   3.4545898e+01
   5.9654720e+06   3.2165527e+01
   5.9739630e+06   3.7170410e+01
   5.9740540e+06   3.4973145e+01
   5.9742110e+06   4.0954590e+01
   5.9786840e+06   3.4179688e+01
   5.9788440e+06   3.3020020e+01
   5.9789160e+06   3.4057617e+01
   5.9885630e+06   3.6315918e+01
   5.9886150e+06   3.6804199e+01
   5.9886350e+06   3.4912109e+01
   5.9886580e+06   3.8452148e+01
   5.9887250e+06   3.2165527e+01
   5.9887770e+06   3.3020020e+01
   5.9963710e+06   4.7119141e+01
   5.9964500e+06   4.0344238e+01
   6.0054510e+06   3.6254883e+01
   6.0103690e+06   3.3996582e+01
   6.0104880e+06   3.9855957e+01
   6.0106030e+06   3.2226563e+01
   6.0107480e+06   3.3264160e+01
   6.0138610e+06   3.9733887e+01
   6.0139270e+06   3.3996582e+01
   6.0139580e+06   3.4790039e+01
   6.0256260e+06   3.6560059e+01
   6.0256670e+06   3.4729004e+01
   6.0256890e+06   4.2846680e+01
   6.0257570e+06   3.3264160e+01
   6.0257820e+06   4.0954590e+01
   6.0328740e+06   3.3630371e+01
   6.0329440e+06   3.5034180e+01
   6.0359630e+06   3.8085938e+01
   6.0360050e+06   3.2409668e+01
   6.0360410e+06   4.0832520e+01
   6.0386080e+06   3.2958984e+01
   6.0417400e+06   3.4057617e+01
   6.0418080e+06   3.3447266e+01
   6.0418200e+06   4.2663574e+01
   6.0418460e+06   3.2775879e+01
   6.0418830e+06   3.2775879e+01
   6.0448100e+06   3.4057617e+01
   6.0448810e+06   4.4494629e+01
   6.0448980e+06   4.1076660e+01
   6.0450110e+06   3.2165527e+01
   6.0489420e+06   3.6010742e+01
   6.0489750e+06   3.6499023e+01
   6.0490110e+06   3.3386230e+01
   6.0548590e+06   3.8818359e+01
   6.0548750e+06   3.2409668e+01
   6.0549190e+06   4.2175293e+01
   6.0591180e+06   3.5705566e+01
   6.0591790e+06   4.2175293e+01
   6.0591990e+06   3.6560059e+01
   6.0602070e+06   3.5278320e+01
   6.0629660e+06   3.4179688e+01
   6.0715580e+06   3.9794922e+01
   6.0715980e+06   3.6682129e+01
   6.0716210e+06   4.1687012e+01
   6.0716530e+06   4.0222168e+01
   6.0717670e+06   3.7719727e+01
   6.0787370e+06   4.1137695e+01
   6.0787860e+06   4.0588379e+01
   6.0788090e+06   3.8269043e+01
   6.0788680e+06   4.2114258e+01
   6.0835280e+06   3.6132813e+01
   6.0835540e+06   3.3630371e+01
   6.0835870e+06   3.4790039e+01
   6.0885760e+06   3.5583496e+01
   6.0886170e+06   4.4982910e+01
   6.0886430e+06   3.4362793e+01
   6.0886670e+06   3.5522461e+01
   6.0887110e+06   4.2297363e+01
   6.0932830e+06   3.2531738e+01
   6.0932970e+06   3.8085938e+01
   6.1006610e+06   3.7963867e+01
   6.1006780e+06   3.7597656e+01
   6.1007190e+06   3.7353516e+01
   6.1007510e+06   3.5095215e+01
   6.1007800e+06   4.0466309e+01
   6.1096880e+06   3.3508301e+01
   6.1097160e+06   3.2714844e+01
   6.1097260e+06   3.7414551e+01
   6.1097430e+06   3.2836914e+01
   6.1178750e+06   3.9184570e+01
   6.1179040e+06   3.7170410e+01
   6.1260000e+06   4.3823242e+01
   6.1260330e+06   3.7292480e+01
   6.1353670e+06   4.2663574e+01
   6.1354010e+06   3.6682129e+01
   6.1354680e+06   3.3325195e+01
   6.1472030e+06   5.2795410e+01
   6.1472340e+06   3.4912109e+01
   6.1472600e+06   3.9184570e+01
   6.1472990e+06   3.3630371e+01
   6.1595920e+06   4.5227051e+01
   6.1596290e+06   3.3630371e+01
   6.1596590e+06   3.3630371e+01
   6.1597190e+06   3.3813477e+01
   6.1597650e+06   3.3996582e+01
   6.1601960e+06   3.2287598e+01
   6.1706030e+06   4.1687012e+01
   6.1706430e+06   4.4372559e+01
   6.1834190e+06   4.3884277e+01
   6.1834520e+06   4.5104980e+01
   6.1834860e+06   3.7353516e+01
   6.1835080e+06   3.5827637e+01
   6.1835230e+06   3.2653809e+01
   6.1835780e+06   3.5278320e+01
   6.1836030e+06   3.2653809e+01
   6.2046460e+06   4.2053223e+01
   6.4125030e+06   3.5156250e+01
   6.4192370e+06   4.8645020e+01
   6.4248400e+06   3.8757324e+01
   6.4394480e+06   4.1809082e+01
   6.4421550e+06   3.7536621e+01
   6.4433070e+06   4.2236328e+01
   6.4507110e+06   4.3762207e+01
   6.4639020e+06   4.5288086e+01
   6.4706770e+06   3.4790039e+01
   6.4715560e+06   3.3752441e+01
   6.4865240e+06   4.1992188e+01
   6.5016230e+06   3.6254883e+01
   6.5118730e+06   4.5104980e+01
   6.5176700e+06   5.2001953e+01
   6.5246830e+06   4.1381836e+01
   6.5266190e+06   3.2226563e+01
   6.5272140e+06   3.9184570e+01
   6.5447500e+06   4.2602539e+01
   6.5566870e+06   3.5766602e+01
   6.5706850e+06   4.5043945e+01
   6.5738170e+06   4.1809082e+01
   6.5870570e+06   3.7170410e+01
   6.6109890e+06   3.6132813e+01
   6.6180340e+06   4.3395996e+01
   6.6191680e+06   4.0039063e+01
   6.6390280e+06   4.4006348e+01
   6.6417210e+06   3.5339355e+01
   6.6478200e+06   3.6682129e+01
   6.6520520e+06   4.2541504e+01
   6.6542120e+06   3.5522461e+01
   6.6549300e+06   4.4067383e+01
   6.6558850e+06   4.2541504e+01
   6.6561380e+06   5.0354004e+01
   6.6707920e+06   4.2175293e+01
   6.6911630e+06   3.9245605e+01
   6.7106700e+06   3.3569336e+01
   6.7288050e+06   4.1748047e+01
   6.7333130e+06   3.9672852e+01
   6.7385160e+06   4.1381836e+01
   6.7442180e+06   3.4362793e+01
   6.7498940e+06   3.4912109e+01
   6.7556210e+06   3.5949707e+01
   6.7779930e+06   4.1015625e+01
   6.7791340e+06   3.6071777e+01
   6.7799060e+06   3.3752441e+01
   6.8045270e+06   4.5593262e+01
   6.8184290e+06   3.8146973e+01
   6.8279850e+06   3.5400391e+01
   6.8365970e+06   3.9367676e+01
   6.8489660e+06   3.7536621e+01
   6.8536740e+06   3.8146973e+01
   6.8551690e+06   4.5593262e+01
   6.8673230e+06   3.9916992e+01
   6.8867760e+06   4.5837402e+01
   6.8954570e+06   4.0832520e+01
   6.8977260e+06   3.4301758e+01
   6.9005560e+06   4.3151855e+01
   6.9017870e+06   4.6936035e+01
   6.9019860e+06   3.4301758e+01
   6.9022430e+06   4.4799805e+01
   6.9027220e+06   3.3020020e+01
   6.9231470e+06   4.2236328e+01
   6.9240980e+06   4.1687012e+01
   6.9385350e+06   3.3386230e+01
   6.9427960e+06   3.6437988e+01
   6.9561660e+06   4.5715332e+01
   6.9620750e+06   3.5766602e+01
   6.9664090e+06   3.7109375e+01
   6.9775950e+06   4.4128418e+01
   6.9845580e+06   3.8818359e+01
   6.9895470e+06   3.9916992e+01
   7.0057420e+06   5.6762695e+01
   7.0059600e+06   3.3386230e+01
   7.0060420e+06   3.5461426e+01
   7.0065140e+06   3.5461426e+01
   7.0249660e+06   4.3640137e+01
   7.0322680e+06   3.6376953e+01
   7.0364270e+06   4.0832520e+01
   7.0454200e+06   3.8085938e+01
   7.0461970e+06   4.1992188e+01
   7.0463830e+06   4.0893555e+01
   7.0579900e+06   3.2775879e+01
   7.0581560e+06   4.1992188e+01
   7.0664060e+06   3.6499023e+01
   7.0747470e+06   4.1870117e+01
   7.0749810e+06   3.8391113e+01
   7.0910830e+06   4.7668457e+01
   7.0914430e+06   4.4250488e+01
   7.1024570e+06   5.0964355e+01
   7.1177400e+06   3.7963867e+01
   7.1279210e+06   3.8269043e+01
   7.1502430e+06   3.8330078e+01
   7.1506050e+06   4.7668457e+01
   7.1508420e+06   3.4729004e+01
   7.1607000e+06   4.0954590e+01
   7.1668330e+06   3.5827637e+01
   7.1841880e+06   3.9428711e+01
   7.1846150e+06   4.4921875e+01
   7.2561450e+06   3.9855957e+01
   7.2596020e+06   4.0527344e+01
   7.2675340e+06   3.9550781e+01
   7.2687820e+06   3.5156250e+01
   7.2689800e+06   3.2226563e+01
   7.2690860e+06   4.3640137e+01
   7.2693620e+06   3.2897949e+01
   7.2909320e+06   4.8217773e+01
   7.2923070e+06   3.7902832e+01
   7.3234220e+06   3.9428711e+01
   7.3309270e+06   3.7414551e+01
   7.3404870e+06   4.6020508e+01
   7.3492820e+06   3.5461426e+01
   7.3533200e+06   3.8085938e+01
   7.3565010e+06   4.3640137e+01
   7.3612170e+06   3.4973145e+01
   7.3718200e+06   3.9306641e+01
   7.3787660e+06   3.9978027e+01
   7.3842840e+06   4.1381836e+01
   7.3949040e+06   4.2480469e+01
   7.3952650e+06   3.8940430e+01
   7.3953790e+06   3.3081055e+01
   7.3956430e+06   3.7109375e+01
   7.4118940e+06   4.1625977e+01
   7.4221710e+06   4.6691895e+01
   7.4295990e+06   4.3029785e+01
   7.4407950e+06   5.1208496e+01
   7.4438020e+06   4.0710449e+01
   7.4647550e+06   4.3395996e+01
   7.4713280e+06   4.2968750e+01
   7.4714740e+06   3.9367676e+01
   7.4716290e+06   3.2714844e+01
   7.4718020e+06   3.6743164e+01
   7.4861360e+06   4.0649414e+01
   7.4915690e+06   3.9062500e+01
   7.4982120e+06   4.3945313e+01
   7.4991500e+06   3.3447266e+01
   7.5143340e+06   4.4433594e+01
   7.5195200e+06   3.3203125e+01
   7.5248030e+06   3.2531738e+01
   7.5336110e+06   4.1320801e+01
   7.5389840e+06   3.8879395e+01
   7.5436680e+06   4.0222168e+01
   7.5437510e+06   3.4423828e+01
   7.5561750e+06   5.6762695e+01
   7.5570380e+06   3.8024902e+01
   7.5769610e+06   3.8818359e+01
   7.5837530e+06   3.9672852e+01
   7.5984170e+06   3.8757324e+01
   7.6125780e+06   3.9978027e+01
   7.6285910e+06   4.0344238e+01
   7.6351950e+06   3.4606934e+01
   7.6362040e+06   3.7170410e+01
   7.6434340e+06   5.0109863e+01
   7.6434700e+06   3.2592773e+01
   7.6435300e+06   3.4423828e+01
   7.6435500e+06   4.2236328e+01
   7.6436270e+06   3.2531738e+01
   7.6445750e+06   3.3569336e+01
   7.6550080e+06   4.0222168e+01
   7.6557850e+06   3.6560059e+01
   7.6775640e+06   3.2592773e+01
   7.6898890e+06   3.5522461e+01
   7.7028840e+06   3.7109375e+01
   7.7222050e+06   4.9438477e+01
   7.7226530e+06   3.8757324e+01
   7.7357990e+06   3.6132813e+01
   7.7500680e+06   4.1259766e+01
   7.7612460e+06   4.3640137e+01
   7.7663110e+06   3.6926270e+01
   7.7688470e+06   3.2958984e+01
   7.7931190e+06   3.2958984e+01
   7.8021890e+06   4.0832520e+01
   7.8041400e+06   3.9855957e+01
   7.8288990e+06   4.2785645e+01
   7.8487830e+06   4.1931152e+01
   7.8683980e+06   3.6621094e+01
   7.8719360e+06   4.8034668e+01
   7.8812450e+06   3.9062500e+01
   7.8850310e+06   3.2226563e+01
   7.8908820e+06   4.5043945e+01
   7.8985020e+06   4.4006348e+01
   7.9042390e+06   4.2785645e+01
   7.9069830e+06   4.0649414e+01
   7.9084730e+06   3.9672852e+01
   7.9085280e+06   3.9306641e+01
   7.9206800e+06   3.6682129e+01
   7.9211230e+06   3.4973145e+01
   7.9524320e+06   4.8706055e+01
   7.9735410e+06   4.2480469e+01
   7.9808590e+06   3.9123535e+01
   7.9870660e+06   4.7790527e+01
   7.9872070e+06   3.3996582e+01
   7.9875080e+06   4.5532227e+01
   7.9876750e+06   3.2775879e+01
   7.9879650e+06   3.4912109e+01
   8.0283110e+06   3.4240723e+01
   8.0379300e+06   4.3579102e+01
   8.0461350e+06   3.9550781e+01
   8.0466460e+06   3.3508301e+01
   8.0599270e+06   3.9916992e+01
   8.0802050e+06   4.2175293e+01
   8.0843610e+06   3.9245605e+01
   8.0848080e+06   3.9245605e+01
   8.0853360e+06   4.4128418e+01
   8.0857500e+06   3.5156250e+01
   8.0859920e+06   4.2541504e+01
   8.1079140e+06   3.2409668e+01
   8.1328410e+06   3.8940430e+01
   8.1330080e+06   4.2785645e+01
   8.1331700e+06   4.3090820e+01
   8.1333340e+06   3.3752441e+01
   8.1639070e+06   4.1503906e+01
   8.1641260e+06   3.9672852e+01
   8.1643070e+06   3.2775879e+01
   8.1646840e+06   3.4667969e+01
   8.1650360e+06   3.2226563e+01
   8.1818040e+06   4.3762207e+01
   8.1820420e+06   4.0954590e+01
   8.1822560e+06   3.9062500e+01
   8.2047700e+06   4.0588379e+01
   8.2050260e+06   3.4362793e+01
   8.2052870e+06   3.6743164e+01
   8.2054460e+06   3.2592773e+01
   8.2195680e+06   3.7658691e+01
   8.2198380e+06   4.7546387e+01
   8.2201330e+06   3.4973145e+01
   8.2364130e+06   3.7963867e+01
   8.2366580e+06   4.6264648e+01
   8.2368260e+06   3.4729004e+01
   8.2370180e+06   3.2775879e+01
   8.2467570e+06   3.8330078e+01
   8.2471110e+06   3.3081055e+01
   8.2593390e+06   3.5888672e+01
   8.2601610e+06   3.4729004e+01
   8.2729600e+06   3.9489746e+01
   8.2731370e+06   4.6142578e+01
   8.2860470e+06   3.2775879e+01
   8.2862120e+06   4.1992188e+01
   8.2863860e+06   3.2653809e+01
   8.3001550e+06   3.6926270e+01
   8.3003180e+06   3.9001465e+01
   8.3004830e+06   3.7231445e+01
   8.3009140e+06   3.3630371e+01
   8.3152950e+06   3.7719727e+01
   8.3154110e+06   4.5471191e+01
   8.3155690e+06   3.2348633e+01
   8.3160680e+06   3.3508301e+01
   8.3161060e+06   3.2958984e+01
   8.3277970e+06   5.2429199e+01
   8.3280650e+06   3.7780762e+01
   8.3282640e+06   3.2714844e+01
   8.3285190e+06   3.4667969e+01
   8.3397980e+06   3.2775879e+01
   8.3401960e+06   3.3203125e+01
   8.3517570e+06   3.7536621e+01
   8.3518210e+06   3.6926270e+01
   8.3523140e+06   3.7841797e+01
   8.3613590e+06   3.2226563e+01
   8.3615410e+06   3.3020020e+01
   8.3617190e+06   4.2846680e+01
   8.3618870e+06   3.5034180e+01
   8.3704950e+06   3.4851074e+01
   8.3707830e+06   4.6325684e+01
   8.3710060e+06   3.3203125e+01
   8.3712500e+06   4.1992188e+01
   8.3808640e+06   4.1076660e+01
   8.3810060e+06   3.6865234e+01
   8.3811370e+06   3.7841797e+01
   8.3904950e+06   4.0527344e+01
   8.3905210e+06   3.2775879e+01
   8.3906070e+06   3.3752441e+01
   8.4031910e+06   4.5410156e+01
   8.4032890e+06   4.1076660e+01
   8.4033870e+06   3.4729004e+01
   8.4129740e+06   3.9184570e+01
   8.4130880e+06   3.4667969e+01
   8.4133190e+06   3.6560059e+01
   8.4212910e+06   3.7536621e+01
   8.4214420e+06   3.3203125e+01
   8.4315140e+06   4.3884277e+01
   8.4316050e+06   3.5217285e+01
   8.4316220e+06   3.6499023e+01
   8.4317100e+06   3.5461426e+01
   8.4317260e+06   3.6621094e+01
   8.4414430e+06   3.3325195e+01
   8.4415090e+06   3.7353516e+01
   8.4462590e+06   3.8269043e+01
   8.4520080e+06   3.3081055e+01
   8.4520620e+06   3.4790039e+01
   8.4521020e+06   3.2775879e+01
   8.4521490e+06   3.7475586e+01
   8.4522330e+06   3.3691406e+01
   8.4570740e+06   4.1381836e+01
   8.4627460e+06   4.2419434e+01
   8.4628220e+06   3.2409668e+01
   8.4629450e+06   3.6193848e+01
   8.4672180e+06   4.1320801e+01
   8.4698170e+06   3.7902832e+01
   8.4739840e+06   4.2480469e+01
   8.4740980e+06   3.6132813e+01
   8.4742110e+06   3.3264160e+01
   8.4783120e+06   4.1748047e+01
   8.4831640e+06   3.3630371e+01
   8.4832630e+06   3.5400391e+01
   8.4833740e+06   3.5217285e+01
   8.4835580e+06   3.2348633e+01
   8.4904700e+06   3.2836914e+01
   8.4941000e+06   4.1381836e+01
   8.4978740e+06   3.5461426e+01
   8.4979960e+06   3.4179688e+01
   8.4981510e+06   3.4362793e+01
   8.5018060e+06   3.2226563e+01
   8.5020390e+06   3.3691406e+01
   8.5083010e+06   3.7231445e+01
   8.5083970e+06   4.0039063e+01
   8.5084280e+06   3.2592773e+01
   8.5157770e+06   4.0344238e+01
   8.5158680e+06   4.1748047e+01
   8.5203320e+06   3.3813477e+01
   8.5204330e+06   3.7048340e+01
   8.5213020e+06   3.6804199e+01
   8.5265210e+06   3.6193848e+01
   8.5265730e+06   4.3823242e+01
   8.5265880e+06   3.3569336e+01
   8.5266060e+06   4.2724609e+01
   8.5266530e+06   3.7963867e+01
   8.5266750e+06   3.4179688e+01
   8.5318430e+06   3.4362793e+01
   8.5369390e+06   3.3508301e+01
   8.5370290e+06   4.1198730e+01
   8.5370460e+06   3.5034180e+01
   8.5433120e+06   3.2470703e+01
   8.5495830e+06   3.4423828e+01
   8.5496860e+06   4.7912598e+01
   8.5552350e+06   4.3273926e+01
   8.5553410e+06   3.3325195e+01
   8.5622290e+06   3.5217285e+01
   8.5622950e+06   3.2104492e+01
   8.5623090e+06   4.2236328e+01
   8.5623740e+06   3.4118652e+01
   8.5624030e+06   3.2470703e+01
   8.5625500e+06   4.0527344e+01
   8.5689850e+06   3.4057617e+01
   8.5690690e+06   3.4301758e+01
   8.5750570e+06   3.2104492e+01
   8.5751390e+06   5.1391602e+01
   8.5753020e+06   3.3569336e+01
   8.5753400e+06   3.7170410e+01
   8.5816800e+06   3.6621094e+01
   8.5817610e+06   3.7170410e+01
   8.5885530e+06   3.8452148e+01
   8.5886200e+06   3.7170410e+01
   8.5886860e+06   3.2592773e+01
   8.5945230e+06   3.2226563e+01
   8.5945550e+06   3.4667969e+01
   8.5945900e+06   3.4423828e+01
   8.6003250e+06   3.5095215e+01
   8.6003570e+06   3.5644531e+01
   8.6004020e+06   3.8391113e+01
   8.6004810e+06   3.2958984e+01
   8.6005150e+06   3.3325195e+01
   8.6064640e+06   3.5644531e+01
   8.6065930e+06   3.4851074e+01
   8.6132730e+06   4.9560547e+01
   8.6133350e+06   3.7658691e+01
   8.6133910e+06   3.6621094e+01
   8.6204730e+06   4.6752930e+01
   8.6204890e+06   3.2348633e+01
   8.6205730e+06   3.2348633e+01
   8.6277950e+06   3.5095215e+01
   8.6278490e+06   3.5400391e+01
   8.6280340e+06   3.2226563e+01
   8.6348560e+06   3.2958984e+01
   8.6349350e+06   3.6926270e+01
   8.6349890e+06   3.5339355e+01
   8.6350260e+06   3.3508301e+01
   8.6425000e+06   3.2348633e+01
   8.6425500e+06   6.0668945e+01
   8.6425700e+06   3.4179688e+01
   8.6426470e+06   3.2226563e+01
   8.6507800e+06   4.7851563e+01
   8.6508300e+06   3.9672852e+01
   8.6510560e+06   3.2653809e+01
   8.6593970e+06   4.9804688e+01
   8.6594490e+06   3.7597656e+01
   8.6595210e+06   3.3447266e+01
   8.6595740e+06   3.3508301e+01
   8.6676540e+06   3.3630371e+01
   8.6677250e+06   3.8879395e+01
   8.6768600e+06   4.4677734e+01
   8.6769070e+06   3.4729004e+01
   8.6769240e+06   3.3508301e+01
   8.6770260e+06   3.5644531e+01
   8.6770510e+06   3.2714844e+01
   8.6858730e+06   4.4189453e+01
   8.6859270e+06   3.7048340e+01
   8.6859750e+06   3.5156250e+01
   8.6859900e+06   3.3386230e+01
   8.6959350e+06   3.2470703e+01
   8.6959750e+06   3.7536621e+01
   8.6960090e+06   4.1381836e+01
   8.6960740e+06   3.2897949e+01
   8.7068590e+06   3.9306641e+01
   8.7069010e+06   4.7973633e+01
   8.7069220e+06   3.6743164e+01
   8.7069740e+06   3.5583496e+01
   8.7187750e+06   4.2175293e+01
   8.7188300e+06   3.4362793e+01
   8.7189380e+06   3.2409668e+01
   8.7293040e+06   3.2226563e+01
   8.7293350e+06   3.9794922e+01
   8.7293790e+06   3.3874512e+01
   8.7294070e+06   3.8146973e+01
   8.7386070e+06   3.7048340e+01
   8.7386380e+06   4.6142578e+01
   8.7482890e+06   3.6865234e+01
   8.7483160e+06   3.7109375e+01
   8.7483380e+06   3.4057617e+01
   8.7483750e+06   3.2775879e+01
   8.7484270e+06   3.3630371e+01
   8.7604570e+06   3.7109375e+01
   8.7604880e+06   5.1757813e+01
   8.7605630e+06   3.2836914e+01
   8.7606660e+06   3.4118652e+01
   8.7746580e+06   3.7719727e+01
   8.7747160e+06   5.3405762e+01
   8.7747680e+06   3.2348633e+01
   8.7749410e+06   3.2775879e+01
   8.7872130e+06   5.6579590e+01
   8.7872370e+06   3.3630371e+01
   8.8113910e+06   4.0893555e+01
   8.8114650e+06   3.6071777e+01
   8.8116200e+06   3.2531738e+01
   8.8116540e+06   3.4484863e+01
   8.8205020e+06   3.3935547e+01
   8.8211880e+06   3.2531738e+01
   8.8295540e+06   3.9916992e+01
   8.8374150e+06   3.5644531e+01
   8.8374350e+06   3.3325195e+01
   8.8375950e+06   3.4729004e+01
   8.8377450e+06   3.3386230e+01
   8.8521540e+06   3.2470703e+01
   8.8522010e+06   3.2897949e+01
   8.8522480e+06   3.4240723e+01
   8.8522840e+06   4.0222168e+01
   8.8534980e+06   3.2592773e+01
   8.8538510e+06   3.4606934e+01
   8.8638870e+06   3.7170410e+01
   8.8639590e+06   4.4067383e+01
   8.8641030e+06   3.8635254e+01
   8.8644400e+06   3.3813477e+01
   8.8802750e+06   3.6621094e+01
   8.8805150e+06   3.5827637e+01
   8.8908720e+06   4.2114258e+01
   8.9051940e+06   5.4077148e+01
   8.9052390e+06   3.3996582e+01
   8.9052960e+06   3.5400391e+01
   8.9184310e+06   3.2409668e+01
   8.9185380e+06   3.4729004e+01
   8.9186860e+06   3.5827637e+01
   8.9188560e+06   3.8208008e+01
   8.9190530e+06   3.7597656e+01
   9.0751130e+06   4.0100098e+01
   9.0970710e+06   4.5837402e+01
   9.1062990e+06   4.3212891e+01
   9.1073000e+06   3.7841797e+01
   9.1105500e+06   3.9855957e+01
   9.1196080e+06   3.9855957e+01
   9.1206300e+06   3.5766602e+01
   9.1217370e+06   3.7536621e+01
   9.1297840e+06   4.2175293e+01
   9.1309900e+06   3.5583496e+01
   9.1445620e+06   4.0466309e+01
   9.1486780e+06   3.6621094e+01
   9.1494630e+06   3.2775879e+01
   9.1596800e+06   3.6743164e+01
   9.1652070e+06   4.1015625e+01
   9.1699140e+06   3.9794922e+01
   9.1724580e+06   3.8574219e+01
   9.1734460e+06   3.3325195e+01
   9.1778760e+06   3.4790039e+01
   9.1789340e+06   4.4616699e+01
   9.1886990e+06   3.3264160e+01
   9.2002060e+06   3.6987305e+01
   9.2036990e+06   3.2287598e+01
   9.2042100e+06   3.3569336e+01
   9.2484640e+06   3.5583496e+01
   9.2506860e+06   4.1870117e+01
   9.2713280e+06   3.9794922e+01
   9.2721550e+06   3.5705566e+01
   9.2763140e+06   4.0466309e+01
   9.2815600e+06   3.8818359e+01
   9.2894050e+06   3.4973145e+01
   9.2903350e+06   3.2348633e+01
   9.2998120e+06   3.9245605e+01
   9.3019290e+06   3.4301758e+01
   9.3044140e+06   3.9062500e+01
   9.3175490e+06   3.9367676e+01
   9.3179890e+06   3.4912109e+01
   9.3181400e+06   3.4240723e+01
   9.3789970e+06   3.4790039e+01
   9.3801030e+06   4.2053223e+01
   9.3900530e+06   3.4912109e+01
   9.3976830e+06   3.3813477e+01
   9.3979150e+06   4.1625977e+01
   9.4196030e+06   3.3874512e+01
   9.4310010e+06   3.2104492e+01
   9.4443160e+06   4.5715332e+01
   9.4576460e+06   3.9978027e+01
   9.4802750e+06   3.6499023e+01
   9.4833110e+06   4.4982910e+01
   9.4834350e+06   3.9062500e+01
   9.4836340e+06   3.3996582e+01
   9.5084660e+06   4.6569824e+01
   9.5289720e+06   4.7851563e+01
   9.5290850e+06   4.6875000e+01
   9.5296530e+06   3.9306641e+01
   9.5543450e+06   4.2663574e+01
   9.5545240e+06   3.9855957e+01
   9.5741690e+06   4.8645020e+01
   9.5923360e+06   4.1564941e+01
   9.6044850e+06   3.8574219e+01
   9.6046540e+06   3.7231445e+01
   9.6180350e+06   3.2531738e+01
   9.6182380e+06   5.1879883e+01
   9.6249070e+06   3.3264160e+01
   9.6330880e+06   4.0954590e+01
   9.6395500e+06   3.8513184e+01
   9.6397750e+06   3.6315918e+01
   9.6468580e+06   3.8513184e+01
   9.6551630e+06   4.2053223e+01
   9.6552630e+06   4.8461914e+01
   9.6556210e+06   3.4057617e+01
   9.6657470e+06   5.6701660e+01
   9.6657850e+06   3.5034180e+01
   9.6657960e+06   3.5034180e+01
   9.6658400e+06   3.4484863e+01
   9.6660430e+06   3.6193848e+01
   9.6757550e+06   3.8574219e+01
   9.6761170e+06   3.6865234e+01
   9.6842050e+06   4.7668457e+01
   9.6843040e+06   4.0100098e+01
   9.6844330e+06   3.3081055e+01
   9.6932860e+06   4.6875000e+01
   9.6933660e+06   3.3996582e+01
   9.6936030e+06   3.6010742e+01
   9.7041240e+06   3.7109375e+01
   9.7042540e+06   3.4179688e+01
   9.7043020e+06   4.1503906e+01
   9.7044040e+06   3.2165527e+01
   9.7045630e+06   3.4118652e+01
   9.7109880e+06   3.8085938e+01
   9.7112200e+06   4.4738770e+01
   9.7207860e+06   4.6875000e+01
   9.7211800e+06   3.2531738e+01
   9.7286130e+06   3.9550781e+01
   9.7287900e+06   3.2958984e+01
   9.7289680e+06   3.4118652e+01
   9.7353770e+06   3.3874512e+01
   9.7415120e+06   3.7719727e+01
   9.7417130e+06   3.8696289e+01
   9.7421190e+06   3.3081055e+01
   9.7475190e+06   3.4606934e+01
   9.7477250e+06   3.4973145e+01
   9.7547110e+06   3.2409668e+01
   9.7548900e+06   3.9184570e+01
   9.7554040e+06   3.5156250e+01
   9.7612520e+06   4.3762207e+01
   9.7614680e+06   3.9489746e+01
   9.7615840e+06   4.0100098e+01
   9.7678690e+06   3.3386230e+01
   9.7679380e+06   3.4606934e+01
   9.7683400e+06   3.2531738e+01
   9.7736460e+06   3.2226563e+01
   9.7795800e+06   3.6804199e+01
   9.7797780e+06   4.1015625e+01
   9.7863000e+06   4.5959473e+01
   9.7865240e+06   4.2175293e+01
   9.7866300e+06   3.4729004e+01
   9.7924170e+06   3.9733887e+01
   9.7926860e+06   4.7668457e+01
   9.7994640e+06   3.5522461e+01
   9.7996730e+06   3.9550781e+01
   9.8064880e+06   3.8452148e+01
   9.8067280e+06   4.0954590e+01
   9.8073630e+06   3.8208008e+01
   9.8127560e+06   4.0588379e+01
   9.8130490e+06   3.9245605e+01
   9.8131610e+06   3.4301758e+01
   9.8181890e+06   4.2602539e+01
   9.8185720e+06   3.4484863e+01
   9.8187550e+06   3.5705566e+01
   9.8256350e+06   3.7475586e+01
   9.8257430e+06   3.5949707e+01
   9.8257960e+06   3.4362793e+01
   9.8318970e+06   3.6560059e+01
   9.8322420e+06   3.9855957e+01
   9.8323940e+06   4.1320801e+01
   9.8393130e+06   3.2165527e+01
   9.8395140e+06   3.4362793e+01
   9.8396380e+06   3.8818359e+01
   9.8474080e+06   4.3090820e+01
   9.8476240e+06   3.6621094e+01
   9.8477390e+06   3.8696289e+01
   9.8478440e+06   4.0344238e+01
   9.8538970e+06   3.2409668e+01
   9.8591350e+06   3.6621094e+01
   9.8596630e+06   3.7048340e+01
   9.8650300e+06   3.7597656e+01
   9.8654060e+06   3.4240723e+01
   9.8711540e+06   3.2592773e+01
   9.8715790e+06   3.4606934e+01
   9.8795600e+06   4.8278809e+01
   9.8797730e+06   3.2226563e+01
   9.8798300e+06   3.2470703e+01
   9.8799760e+06   3.3935547e+01
   9.8875290e+06   3.4851074e+01
   9.8877760e+06   3.3264160e+01
   9.8879060e+06   3.4484863e+01
   9.8949470e+06   3.3020020e+01
   9.8952140e+06   4.0466309e+01
   9.8956520e+06   3.2531738e+01
   9.9024660e+06   3.3508301e+01
   9.9027090e+06   3.4851074e+01
   9.9029720e+06   3.7963867e+01
   9.9098610e+06   3.7109375e+01
   9.9101840e+06   3.6743164e+01
   9.9103570e+06   3.6437988e+01
   9.9176520e+06   5.2062988e+01
   9.9179210e+06   4.0710449e+01
   9.9180710e+06   4.1687012e+01
   9.9257340e+06   3.3264160e+01
   9.9260120e+06   3.5949707e+01
   9.9261840e+06   3.8818359e+01
   9.9330150e+06   3.9306641e+01
   9.9333340e+06   3.4240723e+01
   9.9335680e+06   3.5095215e+01
   9.9338240e+06   4.2968750e+01
   9.9428260e+06   3.4606934e+01
   9.9430970e+06   3.9978027e+01
   9.9433660e+06   3.5339355e+01
   9.9435400e+06   4.4189453e+01
   9.9522240e+06   3.7780762e+01
   9.9525160e+06   3.4179688e+01
   9.9526850e+06   4.4494629e+01
   9.9601120e+06   3.4118652e+01
   9.9604450e+06   3.3203125e+01
   9.9606300e+06   3.7353516e+01
   9.9608370e+06   3.6193848e+01
   9.9682840e+06   4.0222168e+01
   9.9685560e+06   3.4912109e+01
   9.9768090e+06   3.7719727e+01
   9.9771710e+06   4.4372559e+01
   9.9773810e+06   3.5339355e+01
   9.9859440e+06   3.4545898e+01
   9.9862930e+06   3.5400391e+01
   9.9946570e+06   3.2165527e+01
   9.9951570e+06   3.7414551e+01
   1.0003958e+07   4.1992188e+01
   1.0004333e+07   3.7597656e+01
   1.0004624e+07   4.3090820e+01
   1.0013298e+07   3.8085938e+01
   1.0013789e+07   5.2795410e+01
   1.0022853e+07   3.3630371e+01
   1.0023433e+07   4.4372559e+01
   1.0023790e+07   3.7170410e+01
   1.0034396e+07   4.0771484e+01
   1.0034865e+07   3.4912109e+01
   1.0035043e+07   3.3996582e+01
   1.0047858e+07   4.1198730e+01
   1.0048457e+07   3.3935547e+01
   1.0062127e+07   3.7048340e+01
   1.0078893e+07   4.4738770e+01
   1.0135540e+07   3.9062500e+01
   1.0152046e+07   4.0771484e+01
   1.0160857e+07   4.3640137e+01
   1.0163240e+07   3.7170410e+01
   1.0165471e+07   3.2348633e+01
   1.0166444e+07   4.4860840e+01
   1.0168571e+07   3.9916992e+01
   1.0179320e+07   4.2175293e+01
   1.0188575e+07   3.9794922e+01
   1.0195615e+07   4.1076660e+01
   1.0215335e+07   3.8818359e+01
   1.0220500e+07   3.2226563e+01
   1.0221519e+07   3.6254883e+01
   1.0231282e+07   3.9367676e+01
   1.0235033e+07   3.9123535e+01
   1.0242099e+07   3.3325195e+01
   1.0247454e+07   4.9316406e+01
   1.0252609e+07   3.9306641e+01
   1.0255341e+07   3.2531738e+01
   1.0270357e+07   3.6254883e+01
   1.0273678e+07   3.7963867e+01
   1.0276047e+07   3.6193848e+01
   1.0276949e+07   4.4982910e+01
   1.0288991e+07   3.8146973e+01
   1.0289976e+07   3.3447266e+01
   1.0294922e+07   3.7475586e+01
   1.0300785e+07   3.9611816e+01
   1.0306343e+07   3.2714844e+01
   1.0310415e+07   3.7902832e+01
   1.0315937e+07   3.8818359e+01
   1.0327428e+07   4.0771484e+01
   1.0332580e+07   3.2897949e+01
   1.0340389e+07   3.5522461e+01
   1.0341008e+07   3.8574219e+01
   1.0341435e+07   3.8452148e+01
   1.0341644e+07   3.8146973e+01
   1.0341979e+07   3.2714844e+01
   1.0356348e+07   3.5949707e+01
   1.0381889e+07   3.9916992e+01
   1.0389728e+07   4.1748047e+01
   1.0394951e+07   3.8879395e+01
   1.0403881e+07   3.4973145e+01
   1.0408042e+07   3.7048340e+01
   1.0416514e+07   4.2907715e+01
   1.0421637e+07   4.5349121e+01
   1.0423819e+07   3.8269043e+01
   1.0427257e+07   3.6193848e+01
   1.0434255e+07   3.2287598e+01
   1.0439510e+07   3.4362793e+01
   1.0442448e+07   4.2358398e+01
   1.0445556e+07   4.0893555e+01
   1.0455128e+07   4.1198730e+01
   1.0456221e+07   3.8024902e+01
   1.0462860e+07   4.0954590e+01
   1.0469515e+07   3.7658691e+01
   1.0482718e+07   4.1076660e+01
   1.0486322e+07   3.2714844e+01
   1.0494724e+07   3.9611816e+01
   1.0504949e+07   3.6315918e+01
   1.0505373e+07   3.3813477e+01
   1.0505695e+07   3.5949707e+01
   1.0505886e+07   3.8146973e+01
   1.0521609e+07   3.8452148e+01
   1.0525539e+07   4.1992188e+01
   1.0540532e+07   3.4484863e+01
   1.0546762e+07   3.2165527e+01
   1.0554359e+07   5.0109863e+01
   1.0555070e+07   3.4790039e+01
   1.0555392e+07   4.0100098e+01
   1.0555702e+07   4.3334961e+01
   1.0585916e+07   3.2531738e+01
   1.0587216e+07   3.3996582e+01
   1.0600909e+07   3.6804199e+01
   1.0609974e+07   4.1564941e+01
   1.0617071e+07   4.7363281e+01
   1.0623536e+07   4.9499512e+01
   1.0628792e+07   4.3579102e+01
   1.0633493e+07   3.5278320e+01
   1.0636167e+07   3.7109375e+01
   1.0643074e+07   3.9672852e+01
   1.0645217e+07   3.8696289e+01
   1.0654964e+07   3.7719727e+01
   1.0655752e+07   4.6936035e+01
   1.0672051e+07   3.3813477e+01
   1.0672325e+07   3.2958984e+01
   1.0672414e+07   3.5644531e+01
   1.0672510e+07   3.7658691e+01
   1.0672679e+07   3.2165527e+01
   1.0687057e+07   3.6193848e+01
   1.0714709e+07   4.0527344e+01
   1.0715763e+07   3.7292480e+01
   1.0715899e+07   4.8461914e+01
   1.0738693e+07   3.4912109e+01
   1.0738820e+07   4.4189453e+01
   1.0738916e+07   3.5583496e+01
   1.0748835e+07   3.3447266e+01
   1.0748968e+07   3.7902832e+01
   1.0756282e+07   3.3142090e+01
   1.0757074e+07   3.2653809e+01
   1.0761447e+07   3.8757324e+01
   1.0761598e+07   3.6865234e+01
   1.0761703e+07   3.6010742e+01
   1.0770713e+07   3.3020020e+01
   1.0770821e+07   4.4311523e+01
   1.0771115e+07   3.4057617e+01
   1.0781056e+07   3.2714844e+01
   1.0781143e+07   3.4179688e+01
   1.0781245e+07   4.4799805e+01
   1.0787783e+07   3.9428711e+01
   1.0788007e+07   3.3203125e+01
   1.0795856e+07   3.6437988e+01
   1.0796071e+07   3.2287598e+01
   1.0804041e+07   3.2653809e+01
   1.0811113e+07   3.4545898e+01
   1.0811204e+07   3.7353516e+01
   1.0811291e+07   3.5034180e+01
   1.0813319e+07   3.3325195e+01
   1.0819980e+07   4.0527344e+01
   1.0820347e+07   3.3386230e+01
   1.0828294e+07   3.2592773e+01
   1.0828570e+07   3.2104492e+01
   1.0835405e+07   4.1992188e+01
   1.0835694e+07   3.2165527e+01
   1.0838349e+07   3.2531738e+01
   1.0845392e+07   3.8940430e+01
   1.0852088e+07   3.6743164e+01
   1.0852458e+07   3.3569336e+01
   1.0859896e+07   3.8574219e+01
   1.0859970e+07   3.3203125e+01
   1.0860187e+07   3.3630371e+01
   1.0868158e+07   4.0710449e+01
   1.0874568e+07   3.7109375e+01
   1.0882728e+07   3.9062500e+01
   1.0891441e+07   3.3020020e+01
   1.0898066e+07   4.0344238e+01
   1.0904843e+07   3.9550781e+01
   1.0904943e+07   4.1259766e+01
   1.0914675e+07   3.9123535e+01
   1.0914759e+07   3.7170410e+01
   1.0924534e+07   3.8574219e+01
   1.0924627e+07   3.4851074e+01
   1.0939942e+07   3.3203125e+01
   1.0940043e+07   3.7109375e+01
   1.0940532e+07   3.4423828e+01
   1.0947153e+07   3.6804199e+01
   1.0947505e+07   3.2348633e+01
   1.0956134e+07   4.1015625e+01
   1.0956234e+07   3.2836914e+01
   1.0963852e+07   3.3264160e+01
   1.0963960e+07   4.0649414e+01
   1.0971515e+07   3.4606934e+01
   1.0983510e+07   4.5104980e+01
   1.0983846e+07   3.3996582e+01
   1.0993058e+07   3.8635254e+01
   1.0993169e+07   3.3752441e+01
   1.0993345e+07   3.4179688e+01
   1.0993492e+07   3.2470703e+01
   1.1003417e+07   3.5034180e+01
   1.1004243e+07   3.5461426e+01
   1.1004469e+07   3.2287598e+01
   1.1013624e+07   3.5766602e+01
   1.1013750e+07   3.5095215e+01
   1.1013922e+07   3.2409668e+01
   1.1014336e+07   3.6926270e+01
   1.1014626e+07   3.3813477e+01
   1.1025644e+07   3.6499023e+01
   1.1025782e+07   4.8950195e+01
   1.1026161e+07   4.0344238e+01
   1.1026480e+07   3.2531738e+01
   1.1036378e+07   3.7658691e+01
   1.1036537e+07   3.8940430e+01
   1.1036948e+07   3.4362793e+01
   1.1048861e+07   4.2175293e+01
   1.1049075e+07   4.1564941e+01
   1.1049332e+07   3.9062500e+01
   1.1068649e+07   3.3752441e+01
   1.1068918e+07   3.2653809e+01
   1.1082778e+07   4.0100098e+01
   1.1202950e+07   3.6499023e+01
   1.1203224e+07   5.0415039e+01
   1.1203479e+07   4.2297363e+01
   1.1203615e+07   3.9001465e+01
   1.1203909e+07   3.2165527e+01
   1.1382794e+07   4.7119141e+01
   1.1382930e+07   4.3212891e+01
   1.1382992e+07   3.2104492e+01
   1.1383059e+07   3.2958984e+01
   1.1383241e+07   3.8696289e+01
   1.1383711e+07   3.5095215e+01
   1.1393071e+07   4.0710449e+01
   1.1393552e+07   5.0231934e+01
   1.1394361e+07   3.9916992e+01
   1.1447723e+07   4.4006348e+01
   1.1447877e+07   3.9489746e+01
   1.1448055e+07   3.5339355e+01
   1.1448205e+07   4.0527344e+01
   1.1448319e+07   3.5156250e+01
   1.1448643e+07   3.4606934e+01
   1.1497882e+07   3.7780762e+01
   1.1497905e+07   3.2836914e+01
   1.1497996e+07   4.8278809e+01
   1.1498114e+07   4.0832520e+01
   1.1498267e+07   3.7414551e+01
   1.1498761e+07   4.0954590e+01
   1.1514303e+07   3.6254883e+01
   1.1514475e+07   3.5766602e+01
   1.1514691e+07   3.2226563e+01
   1.1514949e+07   3.6315918e+01
   1.1526636e+07   3.5827637e+01
   1.1526996e+07   3.3874512e+01
   1.1536564e+07   3.8085938e+01
   1.1544507e+07   3.7963867e+01
   1.1544632e+07   3.3020020e+01
   1.1544740e+07   4.3151855e+01
   1.1556760e+07   4.4006348e+01
   1.1557070e+07   3.5461426e+01
   1.1557448e+07   3.5095215e+01
   1.1572248e+07   3.6865234e+01
   1.1572645e+07   3.7109375e+01
   1.1573079e+07   4.3823242e+01
   1.1590104e+07   4.0100098e+01
   1.1590653e+07   3.6499023e+01
   1.1591051e+07   3.8269043e+01
   1.1603396e+07   4.4555664e+01
   1.1616647e+07   4.1931152e+01
   1.1617016e+07   3.2836914e+01
   1.1617366e+07   4.0466309e+01
   1.1632385e+07   3.8574219e+01
   1.1633076e+07   3.9794922e+01
   1.1643753e+07   3.9733887e+01
   1.1644255e+07   4.2419434e+01
   1.1658829e+07   3.9855957e+01
   1.1673114e+07   4.0954590e+01
   1.1685034e+07   4.4311523e+01
   1.1698337e+07   4.1625977e+01
   1.1711570e+07   3.9855957e+01
   1.1730299e+07   3.8879395e+01
   1.1730566e+07   3.9062500e+01
   1.1744138e+07   4.6691895e+01
   1.1744400e+07   4.0649414e+01
   1.1761298e+07   4.7058105e+01
   1.1777723e+07   4.6386719e+01
   1.1777889e+07   3.7048340e+01
   1.1777924e+07   3.2592773e+01
   1.1794461e+07   3.6865234e+01
   1.1794650e+07   4.1503906e+01
   1.1810195e+07   4.6325684e+01
   1.1810353e+07   4.1564941e+01
   1.1810563e+07   3.9123535e+01
   1.1825648e+07   4.5104980e+01
   1.1825797e+07   3.4973145e+01
   1.1825983e+07   3.2592773e+01
   1.1842813e+07   4.7485352e+01
   1.1842945e+07   5.4260254e+01
   1.1843073e+07   3.5705566e+01
   1.1843279e+07   3.4606934e+01
   1.1859671e+07   4.6142578e+01
   1.1859808e+07   4.1748047e+01
   1.1873669e+07   3.4118652e+01
   1.1873794e+07   3.8269043e+01
   1.1881331e+07   3.8879395e+01
   1.1896034e+07   3.7536621e+01
   1.1896206e+07   3.2714844e+01
   1.1896228e+07   3.4240723e+01
   1.1896268e+07   3.5644531e+01
   1.1917801e+07   4.2602539e+01
   1.1917994e+07   3.2714844e+01
   1.1918343e+07   3.2531738e+01
   1.1924323e+07   4.0283203e+01
   1.1930415e+07   3.7048340e+01
   1.1936531e+07   3.6682129e+01
   1.1947075e+07   3.3325195e+01
   1.1947100e+07   4.7180176e+01
   1.1954474e+07   3.8757324e+01
   1.1954678e+07   3.7841797e+01
   1.1954878e+07   3.4301758e+01
   1.1965699e+07   3.4667969e+01
   1.1965974e+07   5.0476074e+01
   1.1965988e+07   3.4667969e+01
   1.1974328e+07   3.6010742e+01
   1.1980785e+07   4.6875000e+01
   1.1988134e+07   3.3325195e+01
   1.1988710e+07   3.3142090e+01
   1.1988847e+07   3.4484863e+01
   1.1994947e+07   3.5217285e+01
