   1.1999000e+07   0.0000000e+00
   2.7929000e+04   4.5776367e+01
   2.7968000e+04   4.2907715e+01
   2.7980000e+04   5.2795410e+01
   2.9622000e+04   4.0344238e+01
   2.9645000e+04   3.4912109e+01
   2.9683000e+04   3.7658691e+01
   1.4228400e+05   3.7170410e+01
   1.4232400e+05   3.5034180e+01
   1.4237700e+05   3.8391113e+01
   1.4238900e+05   3.7109375e+01
   1.4394500e+05   3.6376953e+01
   1.4398700e+05   3.6926270e+01
   1.4399800e+05   4.9255371e+01
   1.4403400e+05   3.6010742e+01
   1.4407700e+05   3.8818359e+01
   1.5039800e+05   3.7536621e+01
   1.5050200e+05   3.5034180e+01
   1.5063700e+05   3.5339355e+01
   2.9698700e+05   4.4616699e+01
   2.9704500e+05   3.5461426e+01
   2.9711300e+05   3.5949707e+01
   2.9713600e+05   4.3151855e+01
   2.9716900e+05   4.1564941e+01
   2.9722200e+05   3.6560059e+01
   2.9723900e+05   4.3395996e+01
   2.9727800e+05   4.4494629e+01
   2.9857400e+05   3.7597656e+01
   2.9920000e+05   3.6865234e+01
   2.9922500e+05   3.5339355e+01
   2.9927500e+05   3.8024902e+01
   3.9597500e+05   3.5339355e+01
   3.9623900e+05   3.5278320e+01
   3.9627400e+05   3.6132813e+01
   3.9633400e+05   4.2907715e+01
   3.9634800e+05   4.0588379e+01
   3.9636900e+05   3.8574219e+01
   3.9639100e+05   3.9184570e+01
   3.9643400e+05   3.7414551e+01
   4.6046800e+05   3.8085938e+01
   4.9021100e+05   3.5705566e+01
   4.9053200e+05   3.7170410e+01
   4.9062000e+05   3.5583496e+01
   4.9064600e+05   4.3334961e+01
   4.9066900e+05   3.6376953e+01
   4.9072300e+05   4.1748047e+01
   4.9253900e+05   3.9245605e+01
   4.9261400e+05   3.5217285e+01
   5.9685600e+05   3.4240723e+01
   6.0066400e+05   3.8391113e+01
   6.0096500e+05   3.4851074e+01
   6.0100100e+05   4.4128418e+01
   6.0111000e+05   3.6987305e+01
   6.5097700e+05   3.4667969e+01
   6.6829500e+05   4.3273926e+01
   6.6833400e+05   3.9916992e+01
   6.6837800e+05   3.5034180e+01
   6.7026400e+05   3.6010742e+01
   6.7032700e+05   4.6203613e+01
   6.7040200e+05   3.5888672e+01
   7.1416300e+05   3.4729004e+01
   7.6042100e+05   4.2358398e+01
   7.6173600e+05   3.9367676e+01
   7.6182100e+05   4.2297363e+01
   7.6188000e+05   3.4851074e+01
   7.6192200e+05   4.9255371e+01
   7.6195200e+05   4.6020508e+01
   7.6199300e+05   3.5217285e+01
   7.6658000e+05   4.1259766e+01
   7.6660900e+05   4.0161133e+01
   7.6662800e+05   4.3212891e+01
   7.6664500e+05   3.4057617e+01
   7.6667400e+05   3.4118652e+01
   7.6810100e+05   4.7973633e+01
   7.6815200e+05   3.4240723e+01
   8.5213300e+05   3.7902832e+01
   8.7714700e+05   3.9978027e+01
   8.9906700e+05   3.3996582e+01
   8.9912200e+05   3.4729004e+01
   8.9914400e+05   4.5410156e+01
   8.9920200e+05   3.4301758e+01
   9.0082200e+05   3.3996582e+01
   9.0084400e+05   3.6437988e+01
   9.0088800e+05   3.6926270e+01
   1.0256850e+06   3.5034180e+01
   1.0296390e+06   3.7170410e+01
   1.0296820e+06   4.4616699e+01
   1.0297170e+06   3.8818359e+01
   1.0298070e+06   4.0649414e+01
   1.0309570e+06   4.1687012e+01
   1.0309820e+06   4.6447754e+01
   1.0310330e+06   3.7353516e+01
   1.1475430e+06   3.5522461e+01
   1.1475630e+06   5.0109863e+01
   1.1475990e+06   3.6621094e+01
   1.1476190e+06   4.3273926e+01
   1.1476530e+06   3.4545898e+01
   1.1476790e+06   3.7170410e+01
   1.1477040e+06   5.5175781e+01
   1.1477460e+06   3.5522461e+01
   1.1488570e+06   3.4912109e+01
   1.1489380e+06   3.5339355e+01
   1.2787340e+06   4.4921875e+01
   1.2789490e+06   3.8146973e+01
   1.2807330e+06   3.3996582e+01
   1.2809020e+06   3.7292480e+01
   1.4023730e+06   3.7780762e+01
   1.4037680e+06   3.7658691e+01
   1.4042280e+06   3.4484863e+01
   1.4547400e+06   3.8757324e+01
   1.4556990e+06   3.9184570e+01
   1.4601520e+06   3.8330078e+01
   1.4863350e+06   3.6926270e+01
   1.4863470e+06   3.7963867e+01
   1.4863840e+06   4.1076660e+01
   1.4864430e+06   3.8269043e+01
   1.4865180e+06   3.5705566e+01
   1.4876850e+06   4.4494629e+01
   1.4877170e+06   3.8269043e+01
   1.5747200e+06   3.9001465e+01
   1.6239690e+06   4.0039063e+01
   1.6240000e+06   4.0466309e+01
   1.6240110e+06   3.5705566e+01
   1.6240580e+06   4.2053223e+01
   1.6241540e+06   3.8818359e+01
   1.6254180e+06   3.5217285e+01
   1.7454600e+06   3.4118652e+01
   1.7781360e+06   3.4484863e+01
   1.7782830e+06   5.9692383e+01
   1.7783030e+06   3.9001465e+01
   1.7783350e+06   4.2663574e+01
   1.7783470e+06   3.7536621e+01
   1.7783720e+06   3.4851074e+01
   1.7800580e+06   3.7658691e+01
   1.8986700e+06   3.4912109e+01
   1.8987230e+06   3.6682129e+01
   1.8987980e+06   4.5959473e+01
   1.9001310e+06   3.4912109e+01
   1.9002160e+06   3.7414551e+01
   1.9988290e+06   3.7292480e+01
   2.0254270e+06   3.5583496e+01
   2.0254980e+06   4.1320801e+01
   2.0786470e+06   3.9001465e+01
   2.0786660e+06   4.3273926e+01
   2.0787040e+06   4.0222168e+01
   2.0787150e+06   3.4362793e+01
   2.0787870e+06   3.7353516e+01
   2.0788390e+06   3.5705566e+01
   2.0788570e+06   3.4179688e+01
   2.0789580e+06   3.4484863e+01
   2.0800600e+06   3.9428711e+01
   2.0801290e+06   3.6804199e+01
   2.1585750e+06   3.7048340e+01
   2.1964840e+06   3.6010742e+01
   2.1965250e+06   3.8391113e+01
   2.1965380e+06   5.5480957e+01
   2.1965980e+06   3.9794922e+01
   2.1966470e+06   4.2053223e+01
   2.1966960e+06   4.1870117e+01
   2.1978610e+06   5.1879883e+01
   2.1992620e+06   3.4423828e+01
   2.3106410e+06   3.5522461e+01
   2.3106630e+06   4.7912598e+01
   2.3107340e+06   4.5104980e+01
   2.3613800e+06   3.6926270e+01
   2.3762380e+06   5.2368164e+01
   2.3762870e+06   3.4057617e+01
   2.3763900e+06   4.2236328e+01
   2.3764400e+06   3.7658691e+01
   2.3779770e+06   3.9489746e+01
   2.5104420e+06   3.6804199e+01
   2.5118110e+06   3.4729004e+01
   2.5403260e+06   3.6010742e+01
   2.6140040e+06   3.5644531e+01
   2.6275420e+06   3.7170410e+01
   2.6275990e+06   3.5034180e+01
   2.6276200e+06   3.8757324e+01
   2.6276750e+06   3.5339355e+01
   2.6277250e+06   4.5776367e+01
   2.6290020e+06   3.7353516e+01
   2.6290260e+06   3.5278320e+01
   2.6290700e+06   3.6804199e+01
   2.6290840e+06   3.9855957e+01
   2.7591130e+06   4.4067383e+01
   2.7591870e+06   4.4067383e+01
   2.7884520e+06   3.5339355e+01
   2.7894500e+06   3.8269043e+01
   2.8910100e+06   4.1442871e+01
   2.8978280e+06   3.4301758e+01
   2.8979010e+06   4.0283203e+01
   2.8979640e+06   3.4545898e+01
   2.8979800e+06   4.4433594e+01
   2.8980170e+06   4.3884277e+01
   2.8991160e+06   5.1635742e+01
   2.8991400e+06   3.9367676e+01
   2.8991570e+06   3.4667969e+01
   3.0429400e+06   3.5644531e+01
   3.0442290e+06   3.5949707e+01
   3.1235870e+06   3.5766602e+01
   3.1236920e+06   3.4851074e+01
   3.1237300e+06   3.6376953e+01
   3.1238010e+06   3.8330078e+01
   3.1239550e+06   3.4973145e+01
   3.1582970e+06   3.6804199e+01
   3.1596500e+06   3.6010742e+01
   3.2018140e+06   3.7048340e+01
   3.2018630e+06   3.4545898e+01
   3.2139450e+06   4.0405273e+01
   3.2139650e+06   3.6804199e+01
   3.2140610e+06   4.2663574e+01
   3.2140980e+06   5.0170898e+01
   3.2141110e+06   3.7353516e+01
   3.2142070e+06   3.7231445e+01
   3.2155950e+06   3.4118652e+01
   3.2156380e+06   4.6569824e+01
   3.2156840e+06   3.4057617e+01
   3.2157250e+06   3.4057617e+01
   3.3349490e+06   4.0222168e+01
   3.3356250e+06   4.4982910e+01
   3.3356780e+06   3.8208008e+01
   3.3356890e+06   3.4118652e+01
   3.3357250e+06   4.3762207e+01
   3.3358090e+06   4.1748047e+01
   3.3358310e+06   4.0161133e+01
   3.3358520e+06   4.2968750e+01
   3.3656200e+06   4.1564941e+01
   3.3656450e+06   3.7170410e+01
   3.3656610e+06   7.5744629e+01
   3.3657160e+06   3.7353516e+01
   3.3670720e+06   4.5166016e+01
   3.5358490e+06   3.6621094e+01
   3.5446860e+06   3.6682129e+01
   3.5447450e+06   3.8024902e+01
   3.5447770e+06   4.1931152e+01
   3.5447870e+06   3.5583496e+01
   3.5448050e+06   4.0161133e+01
   3.5448240e+06   4.5104980e+01
   3.5460600e+06   4.3395996e+01
   3.5460700e+06   5.4748535e+01
   3.5461020e+06   3.8513184e+01
   3.5461240e+06   3.6315918e+01
   3.7016700e+06   4.0588379e+01
   3.7019020e+06   3.9245605e+01
   3.7019560e+06   3.4851074e+01
   3.7019720e+06   3.4179688e+01
   3.7020170e+06   3.4362793e+01
   3.7020420e+06   3.6926270e+01
   3.7877250e+06   3.5034180e+01
   3.8055760e+06   4.6997070e+01
   3.8057180e+06   3.8208008e+01
   3.8201950e+06   3.4973145e+01
   3.8204950e+06   3.7963867e+01
   3.8205390e+06   3.6560059e+01
   3.8783300e+06   3.9672852e+01
   3.9048430e+06   3.8024902e+01
   3.9049060e+06   3.4729004e+01
   3.9050280e+06   4.2297363e+01
   3.9052300e+06   4.5288086e+01
   3.9052920e+06   4.2724609e+01
   3.9555810e+06   3.7353516e+01
   3.9729760e+06   3.7475586e+01
   3.9730080e+06   3.8696289e+01
   3.9730540e+06   3.5583496e+01
   3.9730860e+06   4.8828125e+01
   3.9731120e+06   4.2419434e+01
   3.9731480e+06   4.4555664e+01
   3.9742520e+06   3.6499023e+01
   4.0747720e+06   3.6560059e+01
   4.0748310e+06   3.4606934e+01
   4.0748490e+06   3.5034180e+01
   4.0748610e+06   3.7536621e+01
   4.0748870e+06   3.5156250e+01
   4.0749110e+06   3.5461426e+01
   4.0763480e+06   3.6437988e+01
   4.1466960e+06   4.1015625e+01
   4.1879140e+06   3.5522461e+01
   4.1970220e+06   3.7109375e+01
   4.1970730e+06   3.9001465e+01
   4.1971070e+06   3.4973145e+01
   4.1971210e+06   4.7546387e+01
   4.1971640e+06   4.1564941e+01
   4.1971950e+06   3.8574219e+01
   4.1981720e+06   3.4118652e+01
   4.1982470e+06   3.7536621e+01
   4.1982990e+06   3.4729004e+01
   4.3413770e+06   3.9916992e+01
   4.3413910e+06   3.7719727e+01
   4.3415160e+06   4.3029785e+01
   4.3415470e+06   4.7546387e+01
   4.3415760e+06   3.8513184e+01
   4.3416060e+06   4.1137695e+01
   4.3432070e+06   4.2907715e+01
   4.3432620e+06   4.1870117e+01
   4.4340830e+06   3.8085938e+01
   4.4341200e+06   3.4912109e+01
   4.4487190e+06   3.5217285e+01
   4.4975690e+06   4.2053223e+01
   4.4975990e+06   3.7719727e+01
   4.4976230e+06   3.5034180e+01
   4.4976770e+06   4.0649414e+01
   4.4977100e+06   3.9123535e+01
   4.4989310e+06   4.5898438e+01
   4.6180230e+06   3.7353516e+01
   4.6588280e+06   3.8574219e+01
   4.6949260e+06   3.5766602e+01
   4.7487050e+06   3.9978027e+01
   4.7487550e+06   3.9367676e+01
   4.7487940e+06   3.9367676e+01
   4.7488060e+06   5.3283691e+01
   4.7501850e+06   4.2968750e+01
   4.7502280e+06   4.1809082e+01
   4.8634860e+06   3.5217285e+01
   4.8636970e+06   3.8513184e+01
   4.8637540e+06   4.1137695e+01
   4.8637930e+06   4.3762207e+01
   4.8886510e+06   3.6560059e+01
   4.8887060e+06   4.0405273e+01
   4.8887620e+06   3.7902832e+01
   4.8887990e+06   3.9428711e+01
   4.8888670e+06   4.2663574e+01
   4.8901020e+06   3.6560059e+01
   4.8901660e+06   4.4738770e+01
   4.8963030e+06   3.9550781e+01
   4.8963410e+06   3.7475586e+01
   4.8976480e+06   3.4118652e+01
   5.0668860e+06   3.4179688e+01
   5.1533460e+06   4.4067383e+01
   5.2349620e+06   3.7292480e+01
   5.2350530e+06   3.8330078e+01
   5.2352150e+06   3.8452148e+01
   5.2353320e+06   3.7231445e+01
   5.2353430e+06   3.5095215e+01
   5.2468730e+06   3.5888672e+01
   5.2469320e+06   3.5583496e+01
   5.2469510e+06   4.5654297e+01
   5.2469810e+06   3.6376953e+01
   5.2469940e+06   3.7719727e+01
   5.2470190e+06   3.7841797e+01
   5.2470390e+06   4.1503906e+01
   5.2482480e+06   3.4545898e+01
   5.3651400e+06   4.0100098e+01
   5.4413350e+06   3.6010742e+01
   5.4414780e+06   4.3212891e+01
   5.4414960e+06   3.8330078e+01
   5.4415540e+06   4.1015625e+01
   5.4415730e+06   3.9733887e+01
   5.4416040e+06   4.1076660e+01
   5.5549250e+06   3.5400391e+01
   5.6203310e+06   4.2541504e+01
   5.6204380e+06   3.6010742e+01
   5.6393880e+06   3.9306641e+01
   5.6394070e+06   3.4423828e+01
   5.6394360e+06   3.9245605e+01
   5.6395010e+06   4.0039063e+01
   5.6395450e+06   3.6315918e+01
   5.6410380e+06   4.1198730e+01
   5.6410590e+06   3.6376953e+01
   5.6489020e+06   5.4504395e+01
   5.6489240e+06   4.0405273e+01
   5.6489780e+06   3.4362793e+01
   5.8574020e+06   3.7475586e+01
   5.8845880e+06   4.1381836e+01
   5.9966180e+06   3.8269043e+01
   5.9966730e+06   3.9978027e+01
   5.9966980e+06   3.8574219e+01
   5.9967540e+06   3.4729004e+01
   5.9967730e+06   3.8208008e+01
   5.9968070e+06   3.5034180e+01
   5.9968250e+06   3.4240723e+01
   5.9968550e+06   4.1992188e+01
   5.9969220e+06   3.6743164e+01
   5.9969700e+06   3.5522461e+01
   6.0096850e+06   3.7536621e+01
   6.0097170e+06   3.5217285e+01
   6.0097470e+06   4.9743652e+01
   6.0097730e+06   3.8574219e+01
   6.0097890e+06   3.8574219e+01
   6.0098190e+06   4.1015625e+01
   6.0098470e+06   3.5766602e+01
   6.0099200e+06   3.6193848e+01
   6.0109060e+06   3.5461426e+01
   6.0109650e+06   3.5644531e+01
   6.0110060e+06   3.9062500e+01
   6.0110380e+06   3.4118652e+01
   6.1122330e+06   3.4667969e+01
   6.1615620e+06   3.5766602e+01
   6.1616690e+06   3.4912109e+01
   6.1698300e+06   3.6926270e+01
   6.1699270e+06   4.4128418e+01
   6.1699790e+06   4.8828125e+01
   6.1700090e+06   4.3151855e+01
   6.1700660e+06   4.3273926e+01
   6.2493070e+06   3.4545898e+01
   6.2493530e+06   5.4748535e+01
   6.2494070e+06   3.9611816e+01
   6.2494220e+06   3.8391113e+01
   6.2494440e+06   4.0649414e+01
   6.3043130e+06   3.4790039e+01
   6.3489550e+06   3.7597656e+01
   6.3491420e+06   3.6071777e+01
   6.3783450e+06   3.4240723e+01
   6.3783830e+06   3.3996582e+01
   6.3996510e+06   3.7780762e+01
   6.4000920e+06   3.7353516e+01
   6.4191400e+06   4.3579102e+01
   6.4191510e+06   3.7170410e+01
   6.4191920e+06   4.6325684e+01
   6.4192230e+06   3.8574219e+01
   6.5725380e+06   3.7231445e+01
   6.5726630e+06   3.4057617e+01
   6.5887560e+06   3.8818359e+01
   6.5888100e+06   3.9367676e+01
   6.6192720e+06   3.7841797e+01
   6.6193410e+06   4.1259766e+01
   6.6193640e+06   4.2602539e+01
   6.6194030e+06   3.7658691e+01
   6.6194300e+06   3.6987305e+01
   6.6516680e+06   3.7719727e+01
   6.6516790e+06   6.0363770e+01
   6.6517410e+06   4.2419434e+01
   6.6518070e+06   3.3996582e+01
   6.6529300e+06   3.4667969e+01
   6.6529720e+06   3.7170410e+01
   6.7997720e+06   4.2785645e+01
   6.7998370e+06   4.1015625e+01
   6.7998730e+06   3.7963867e+01
   6.7998960e+06   3.5888672e+01
   6.8763240e+06   3.8879395e+01
   6.8763450e+06   3.7109375e+01
   6.8763930e+06   3.8024902e+01
   6.8764610e+06   3.6926270e+01
   6.8777030e+06   3.4912109e+01
   7.0968010e+06   3.4118652e+01
   7.2272360e+06   4.4372559e+01
   7.2274340e+06   4.6203613e+01
   7.2516470e+06   3.4545898e+01
   7.2843860e+06   3.4057617e+01
   7.2844110e+06   3.7536621e+01
   7.2844610e+06   3.6254883e+01
   7.2855350e+06   4.2236328e+01
   7.2855580e+06   5.7678223e+01
   7.4662560e+06   3.5034180e+01
   7.4665800e+06   4.0649414e+01
   7.4665960e+06   4.5471191e+01
   7.4666180e+06   3.6376953e+01
   7.4666590e+06   3.7841797e+01
   7.5398160e+06   3.7231445e+01
   7.5545220e+06   4.3151855e+01
   7.5546460e+06   3.8818359e+01
   7.5549930e+06   3.5827637e+01
   7.5550600e+06   3.8513184e+01
   7.5563510e+06   3.6376953e+01
   7.6542700e+06   3.3996582e+01
   7.6542860e+06   3.8940430e+01
   7.6543090e+06   3.6804199e+01
   7.6543410e+06   4.2053223e+01
   7.6543890e+06   3.9428711e+01
   7.6544070e+06   3.9184570e+01
   7.6555330e+06   4.2724609e+01
   7.6556710e+06   3.5644531e+01
   7.7497340e+06   3.9611816e+01
   7.8127560e+06   3.8696289e+01
   7.8128400e+06   3.7780762e+01
   7.8128660e+06   4.4189453e+01
   7.8142130e+06   3.5461426e+01
   7.8142490e+06   4.0344238e+01
   7.9936000e+06   3.8818359e+01
   8.0548690e+06   3.5888672e+01
   8.1047770e+06   3.4362793e+01
   8.1048090e+06   3.4973145e+01
   8.1048440e+06   3.7048340e+01
   8.1048900e+06   4.3029785e+01
   8.1049090e+06   4.7912598e+01
   8.1049740e+06   4.3579102e+01
   8.1115740e+06   4.5288086e+01
   8.1116130e+06   3.4606934e+01
   8.1116530e+06   4.1076660e+01
   8.1127850e+06   3.4057617e+01
   8.1128440e+06   3.4790039e+01
   8.1128740e+06   3.5827637e+01
   8.3245930e+06   3.3996582e+01
   8.4225090e+06   3.7597656e+01
   8.4545380e+06   3.7536621e+01
   8.5126790e+06   3.4790039e+01
   8.5483040e+06   3.6499023e+01
   8.5795740e+06   3.6682129e+01
   8.6303150e+06   3.8452148e+01
   8.6480570e+06   3.6010742e+01
   8.6481010e+06   3.6987305e+01
   8.6481390e+06   5.1208496e+01
   8.6481610e+06   4.0832520e+01
   8.6481950e+06   4.1748047e+01
   8.6482320e+06   3.7292480e+01
   8.6483070e+06   4.6447754e+01
   8.7343850e+06   4.5471191e+01
   8.7359330e+06   5.0903320e+01
   8.8757990e+06   3.8208008e+01
   8.8761010e+06   3.7963867e+01
   8.8917480e+06   4.1137695e+01
   8.8918370e+06   3.5461426e+01
   8.8919080e+06   4.2663574e+01
   8.8919370e+06   3.6437988e+01
   8.8920710e+06   3.6193848e+01
   8.8933210e+06   4.6997070e+01
   8.8933430e+06   3.9245605e+01
   8.8933560e+06   3.9306641e+01
   8.9797710e+06   3.7719727e+01
   8.9799430e+06   6.0119629e+01
   8.9799750e+06   3.6621094e+01
   8.9800010e+06   5.3222656e+01
   8.9800290e+06   3.4423828e+01
   8.9800710e+06   3.9733887e+01
   8.9801010e+06   3.5644531e+01
   8.9801790e+06   3.5949707e+01
   8.9813710e+06   3.9184570e+01
   8.9937950e+06   3.4179688e+01
   8.9938410e+06   3.6254883e+01
   8.9950930e+06   3.3996582e+01
   8.9951350e+06   3.6987305e+01
   8.9952310e+06   3.7719727e+01
   9.2325850e+06   3.9306641e+01
   9.2327650e+06   3.5156250e+01
   9.5033630e+06   3.4484863e+01
   9.5397740e+06   3.4179688e+01
   9.5950660e+06   3.4179688e+01
   9.5951250e+06   3.7597656e+01
   9.6165050e+06   3.6987305e+01
   9.6306710e+06   4.6264648e+01
   9.6567930e+06   4.8217773e+01
   9.6568940e+06   3.5217285e+01
   9.6569290e+06   4.5715332e+01
   9.6569530e+06   4.3701172e+01
   9.6569720e+06   3.7841797e+01
   9.6570020e+06   3.5766602e+01
   9.6570700e+06   3.7597656e+01
   9.6585730e+06   3.5217285e+01
   9.6586360e+06   4.4189453e+01
   9.6586680e+06   3.5705566e+01
   9.8022730e+06   3.4301758e+01
   9.8023440e+06   4.0283203e+01
   9.8023680e+06   4.6020508e+01
   9.8023960e+06   3.9428711e+01
   9.8742820e+06   3.8085938e+01
   9.8743170e+06   5.4321289e+01
   9.8743520e+06   3.8879395e+01
   9.8744840e+06   3.7292480e+01
   9.8756730e+06   3.7292480e+01
   9.8757200e+06   4.0222168e+01
   1.0082404e+07   3.4545898e+01
   1.0107185e+07   3.4301758e+01
   1.0124914e+07   3.4362793e+01
   1.0124926e+07   4.5959473e+01
   1.0125026e+07   3.6132813e+01
   1.0125078e+07   3.5278320e+01
   1.0126273e+07   3.6437988e+01
   1.0269585e+07   4.4616699e+01
   1.0269634e+07   3.4912109e+01
   1.0269671e+07   4.0283203e+01
   1.0396059e+07   4.1381836e+01
   1.0552139e+07   3.4912109e+01
   1.0552331e+07   3.5583496e+01
   1.0598266e+07   5.1879883e+01
   1.0598277e+07   4.4189453e+01
   1.0598302e+07   4.8706055e+01
   1.0599955e+07   3.7902832e+01
   1.0600060e+07   3.8696289e+01
   1.0703230e+07   3.7353516e+01
   1.0853583e+07   3.6987305e+01
   1.0853645e+07   4.0222168e+01
   1.0853664e+07   3.8269043e+01
   1.0853677e+07   3.9245605e+01
   1.0853694e+07   4.0893555e+01
   1.0853728e+07   4.7912598e+01
   1.0853751e+07   3.7475586e+01
   1.0855230e+07   3.4851074e+01
   1.0855330e+07   3.5522461e+01
   1.0855382e+07   3.6621094e+01
   1.0865128e+07   3.5278320e+01
   1.0865178e+07   4.9011230e+01
   1.0865209e+07   4.2175293e+01
   1.0865220e+07   4.2053223e+01
   1.0865246e+07   4.4677734e+01
   1.0865262e+07   3.8330078e+01
   1.0865279e+07   3.7231445e+01
   1.0866131e+07   3.6254883e+01
   1.0866152e+07   5.4626465e+01
   1.1096140e+07   4.0710449e+01
   1.1208322e+07   3.5278320e+01
   1.1268434e+07   3.9428711e+01
   1.1268647e+07   4.4006348e+01
   1.1268657e+07   3.4545898e+01
   1.1268710e+07   3.4851074e+01
   1.1358894e+07   5.1147461e+01
   1.1358915e+07   4.5837402e+01
   1.1358933e+07   3.8330078e+01
   1.1358950e+07   4.1687012e+01
   1.1359017e+07   3.4912109e+01
   1.1360112e+07   4.1503906e+01
   1.1360136e+07   4.1015625e+01
   1.1360209e+07   4.1503906e+01
   1.1360229e+07   3.5522461e+01
   1.1360325e+07   3.4057617e+01
   1.1368147e+07   3.4790039e+01
   1.1368160e+07   3.7231445e+01
   1.1368195e+07   3.4057617e+01
   1.1368221e+07   3.5278320e+01
   1.1475385e+07   3.7292480e+01
   1.1684090e+07   3.8085938e+01
   1.1684136e+07   3.9123535e+01
   1.1684148e+07   3.4423828e+01
   1.1684194e+07   4.0893555e+01
   1.1684232e+07   3.5827637e+01
   1.1684270e+07   3.7902832e+01
   1.1684290e+07   3.8818359e+01
   1.1685971e+07   3.4179688e+01
   1.1686046e+07   5.2795410e+01
   1.1779626e+07   3.7109375e+01
   1.1801124e+07   3.5827637e+01
   1.1801192e+07   5.1513672e+01
   1.1801207e+07   3.7109375e+01
   1.1801262e+07   4.0222168e+01
   1.1801312e+07   4.7729492e+01
   1.1801361e+07   4.3212891e+01
   1.1802639e+07   3.6193848e+01
   1.1802654e+07   3.8024902e+01
   1.1802687e+07   4.2114258e+01
   1.1808984e+07   3.4179688e+01
   1.1809015e+07   3.9306641e+01
   1.1809025e+07   3.9245605e+01
   1.1976556e+07   3.5583496e+01
