   1.1999000e+07   0.0000000e+00
   1.5822000e+04   4.5654297e+01
   2.2143000e+04   5.8593750e+01
   2.7763000e+04   4.1931152e+01
   2.7796000e+04   4.9560547e+01
   2.7826000e+04   4.8461914e+01
   2.7879000e+04   5.7250977e+01
   2.7898000e+04   4.4677734e+01
   2.7965000e+04   4.3579102e+01
   2.7997000e+04   4.4921875e+01
   2.8045000e+04   4.3151855e+01
   2.8101000e+04   5.2612305e+01
   2.8130000e+04   5.8105469e+01
   2.8151000e+04   5.0476074e+01
   2.8230000e+04   5.4260254e+01
   2.9566000e+04   4.5471191e+01
   2.9608000e+04   5.8105469e+01
   2.9703000e+04   4.1259766e+01
   2.9766000e+04   4.2480469e+01
   9.5918000e+04   4.1503906e+01
   9.6391000e+04   4.6447754e+01
   9.6434000e+04   4.3151855e+01
   1.0750600e+05   4.3029785e+01
   1.3210700e+05   4.4128418e+01
   1.4226500e+05   4.7668457e+01
   1.4228700e+05   4.5532227e+01
   1.4234500e+05   4.1198730e+01
   1.4237300e+05   4.5410156e+01
   1.4240200e+05   4.2846680e+01
   1.4241700e+05   4.0710449e+01
   1.4246000e+05   5.5297852e+01
   1.4247200e+05   5.6640625e+01
   1.4258000e+05   5.8044434e+01
   1.4261600e+05   5.4565430e+01
   1.4397000e+05   4.1015625e+01
   1.4403000e+05   4.1503906e+01
   1.4409600e+05   4.0466309e+01
   1.4417100e+05   4.2724609e+01
   1.4998300e+05   4.0466309e+01
   1.5002500e+05   4.1687012e+01
   1.5051400e+05   5.2062988e+01
   1.5053400e+05   4.4677734e+01
   1.5062200e+05   4.7424316e+01
   1.5237600e+05   4.2419434e+01
   1.5243400e+05   4.3762207e+01
   1.5248100e+05   5.0231934e+01
   2.4071500e+05   4.2785645e+01
   2.6363600e+05   5.5175781e+01
   2.9081600e+05   4.6325684e+01
   2.9150300e+05   4.1259766e+01
   2.9675200e+05   4.3640137e+01
   2.9681300e+05   4.0405273e+01
   2.9686800e+05   4.4555664e+01
   2.9693700e+05   4.1748047e+01
   2.9726700e+05   6.3232422e+01
   2.9736400e+05   5.1513672e+01
   2.9741800e+05   4.0466309e+01
   2.9745800e+05   4.2724609e+01
   2.9955200e+05   4.0283203e+01
   3.8304800e+05   4.1076660e+01
   3.8308000e+05   4.4250488e+01
   3.8310200e+05   4.2297363e+01
   3.8318300e+05   4.5654297e+01
   3.9541800e+05   4.9255371e+01
   3.9627000e+05   5.6396484e+01
   3.9636500e+05   5.5480957e+01
   3.9652700e+05   4.6264648e+01
   3.9659400e+05   5.0476074e+01
   3.9664200e+05   5.3039551e+01
   3.9667000e+05   4.8706055e+01
   4.1267400e+05   4.0161133e+01
   4.5060600e+05   4.3701172e+01
   4.6072000e+05   4.2541504e+01
   4.6105900e+05   4.2663574e+01
   4.7382500e+05   4.5654297e+01
   4.7813900e+05   4.0100098e+01
   4.7837400e+05   4.2602539e+01
   4.9048700e+05   4.3884277e+01
   4.9059700e+05   4.1198730e+01
   4.9061100e+05   5.1452637e+01
   4.9069900e+05   5.0109863e+01
   4.9079500e+05   4.4433594e+01
   4.9081900e+05   5.7983398e+01
   4.9083400e+05   5.2307129e+01
   4.9088000e+05   5.9570313e+01
   4.9090100e+05   4.2419434e+01
   4.9093800e+05   4.8156738e+01
   4.9098800e+05   4.0649414e+01
   4.9254800e+05   4.8278809e+01
   4.9258500e+05   4.4738770e+01
   4.9261000e+05   4.0954590e+01
   4.9271900e+05   5.0231934e+01
   5.9756800e+05   4.0466309e+01
   5.9991000e+05   5.5419922e+01
   6.0041800e+05   4.2053223e+01
   6.0054700e+05   4.3029785e+01
   6.0093000e+05   4.9133301e+01
   6.0095400e+05   4.0893555e+01
   6.0104100e+05   4.3762207e+01
   6.0109800e+05   4.2114258e+01
   6.0113000e+05   4.0954590e+01
   6.0122100e+05   4.3090820e+01
   6.0126600e+05   4.5288086e+01
   6.0129600e+05   4.0649414e+01
   6.0131300e+05   4.3640137e+01
   6.5261000e+05   4.5227051e+01
   6.6781100e+05   4.0344238e+01
   6.6803900e+05   4.0100098e+01
   6.6834200e+05   5.4687500e+01
   6.6843200e+05   5.0231934e+01
   6.6847100e+05   4.6386719e+01
   6.6855100e+05   4.2480469e+01
   6.6856600e+05   4.1381836e+01
   6.6863900e+05   4.0710449e+01
   6.6875300e+05   4.3090820e+01
   6.6878400e+05   4.9438477e+01
   6.6883100e+05   4.6691895e+01
   6.7040100e+05   4.6569824e+01
   6.7044500e+05   4.2114258e+01
   6.7103700e+05   4.0527344e+01
   7.1776700e+05   4.1076660e+01
   7.2120100e+05   4.2480469e+01
   7.3691900e+05   4.7241211e+01
   7.4703400e+05   4.2907715e+01
   7.5934100e+05   4.4799805e+01
   7.6038000e+05   5.5358887e+01
   7.6158200e+05   6.8115234e+01
   7.6162500e+05   5.8166504e+01
   7.6172200e+05   4.5227051e+01
   7.6175200e+05   5.6335449e+01
   7.6180500e+05   5.4077148e+01
   7.6182600e+05   4.1992188e+01
   7.6642600e+05   4.4128418e+01
   7.6646700e+05   6.1096191e+01
   7.6648600e+05   4.6081543e+01
   7.6651600e+05   4.0893555e+01
   7.6652700e+05   4.7180176e+01
   7.6659900e+05   4.2663574e+01
   7.6663400e+05   4.0466309e+01
   7.6829200e+05   5.1879883e+01
   7.6834700e+05   4.5837402e+01
   8.7723000e+05   4.4372559e+01
   8.8469700e+05   4.1625977e+01
   8.9874400e+05   5.1330566e+01
   8.9880600e+05   4.0466309e+01
   8.9897500e+05   5.3039551e+01
   8.9902000e+05   4.8767090e+01
   8.9904800e+05   4.6386719e+01
   8.9909100e+05   4.0954590e+01
   8.9911800e+05   4.1625977e+01
   8.9919600e+05   4.2480469e+01
   8.9931900e+05   4.4616699e+01
   9.0083200e+05   4.1748047e+01
   9.5702300e+05   5.0415039e+01
   9.7618500e+05   4.5593262e+01
   9.7628300e+05   4.2114258e+01
   1.0079630e+06   6.2011719e+01
   1.0257710e+06   4.2846680e+01
   1.0294450e+06   8.7158203e+01
   1.0294790e+06   6.3964844e+01
   1.0295110e+06   4.3151855e+01
   1.0295600e+06   4.3823242e+01
   1.0296820e+06   6.1401367e+01
   1.0297370e+06   4.1015625e+01
   1.0298260e+06   4.7180176e+01
   1.0298960e+06   5.8227539e+01
   1.0299480e+06   4.9194336e+01
   1.0310890e+06   4.5104980e+01
   1.0844440e+06   4.8339844e+01
   1.1202070e+06   4.1931152e+01
   1.1212010e+06   5.4138184e+01
   1.1474090e+06   4.9255371e+01
   1.1474340e+06   4.8828125e+01
   1.1475380e+06   5.3466797e+01
   1.1475800e+06   7.0617676e+01
   1.1475970e+06   4.8950195e+01
   1.1476750e+06   4.8156738e+01
   1.1490240e+06   4.0588379e+01
   1.1490930e+06   4.0832520e+01
   1.2298860e+06   6.1401367e+01
   1.2318290e+06   4.0283203e+01
   1.2560850e+06   4.2541504e+01
   1.2773220e+06   4.3273926e+01
   1.2784840e+06   5.4931641e+01
   1.2785010e+06   4.6386719e+01
   1.2785420e+06   4.8706055e+01
   1.2785750e+06   6.6467285e+01
   1.2785940e+06   4.6264648e+01
   1.2786650e+06   6.0058594e+01
   1.2787310e+06   4.5410156e+01
   1.2788250e+06   4.5349121e+01
   1.2788920e+06   5.1025391e+01
   1.2789530e+06   4.0893555e+01
   1.2790110e+06   4.4677734e+01
   1.2808190e+06   4.2785645e+01
   1.3282590e+06   6.5124512e+01
   1.3768850e+06   4.0161133e+01
   1.3777410e+06   5.1940918e+01
   1.3916980e+06   4.1198730e+01
   1.3917450e+06   4.4250488e+01
   1.4035680e+06   4.3029785e+01
   1.4035980e+06   4.7363281e+01
   1.4037410e+06   4.8706055e+01
   1.4038040e+06   7.0251465e+01
   1.4038330e+06   6.0241699e+01
   1.4038530e+06   4.0466309e+01
   1.4038850e+06   4.5104980e+01
   1.4039160e+06   4.0405273e+01
   1.4039700e+06   5.3344727e+01
   1.4040060e+06   4.6081543e+01
   1.4040170e+06   4.8034668e+01
   1.4230950e+06   4.3579102e+01
   1.4279810e+06   4.3823242e+01
   1.4551730e+06   4.4067383e+01
   1.4557400e+06   4.3212891e+01
   1.4558450e+06   4.6447754e+01
   1.4558890e+06   4.0466309e+01
   1.4594370e+06   4.2663574e+01
   1.4599250e+06   4.0954590e+01
   1.4670730e+06   4.6020508e+01
   1.4670900e+06   4.0100098e+01
   1.4763110e+06   4.1564941e+01
   1.4823490e+06   5.0415039e+01
   1.4827960e+06   5.2001953e+01
   1.4860020e+06   4.7607422e+01
   1.4860420e+06   4.5471191e+01
   1.4860590e+06   4.8645020e+01
   1.4860910e+06   4.1076660e+01
   1.4861090e+06   4.3762207e+01
   1.4861730e+06   4.0405273e+01
   1.4862260e+06   4.1564941e+01
   1.4862780e+06   4.2175293e+01
   1.4864060e+06   5.4748535e+01
   1.4864730e+06   4.3395996e+01
   1.4865190e+06   6.6650391e+01
   1.4866190e+06   4.3029785e+01
   1.4866450e+06   4.3273926e+01
   1.4877690e+06   6.3476563e+01
   1.4879270e+06   5.0842285e+01
   1.5496110e+06   4.4616699e+01
   1.5736720e+06   4.3701172e+01
   1.5893890e+06   4.4067383e+01
   1.5893990e+06   4.1198730e+01
   1.5894570e+06   4.3884277e+01
   1.5895820e+06   4.0588379e+01
   1.5898880e+06   4.0710449e+01
   1.5899290e+06   4.0527344e+01
   1.6085700e+06   4.1931152e+01
   1.6086100e+06   4.9499512e+01
   1.6086570e+06   4.0100098e+01
   1.6238370e+06   5.1269531e+01
   1.6238800e+06   4.2968750e+01
   1.6238960e+06   6.0852051e+01
   1.6239120e+06   7.3120117e+01
   1.6239450e+06   7.0190430e+01
   1.6240080e+06   5.4443359e+01
   1.6240280e+06   4.6325684e+01
   1.6240670e+06   4.3762207e+01
   1.6240980e+06   5.1330566e+01
   1.6252650e+06   4.3029785e+01
   1.6254060e+06   4.5959473e+01
   1.6254290e+06   5.0598145e+01
   1.6255290e+06   4.1625977e+01
   1.7366830e+06   4.3701172e+01
   1.7367940e+06   4.2480469e+01
   1.7482390e+06   4.2114258e+01
   1.7485600e+06   4.1259766e+01
   1.7490750e+06   4.6020508e+01
   1.7490910e+06   7.8063965e+01
   1.7491250e+06   6.4758301e+01
   1.7491440e+06   6.8054199e+01
   1.7491750e+06   5.0720215e+01
   1.7491930e+06   4.2114258e+01
   1.7781430e+06   4.7790527e+01
   1.7782320e+06   4.2358398e+01
   1.7782770e+06   4.9987793e+01
   1.7782920e+06   5.2185059e+01
   1.7783460e+06   4.8278809e+01
   1.7783710e+06   5.4809570e+01
   1.7783980e+06   4.4677734e+01
   1.7784390e+06   6.7260742e+01
   1.7784980e+06   5.2917480e+01
   1.7785300e+06   4.4433594e+01
   1.7785600e+06   4.3762207e+01
   1.7785830e+06   4.2663574e+01
   1.7786210e+06   7.2265625e+01
   1.7786600e+06   4.6447754e+01
   1.7787080e+06   4.0344238e+01
   1.7801150e+06   4.5349121e+01
   1.8462220e+06   6.5856934e+01
   1.8731420e+06   4.0954590e+01
   1.8732090e+06   4.0893555e+01
   1.8880890e+06   4.0893555e+01
   1.8985400e+06   5.3161621e+01
   1.8985630e+06   5.3771973e+01
   1.8985990e+06   4.3395996e+01
   1.8986300e+06   6.2683105e+01
   1.8986420e+06   5.1879883e+01
   1.8986650e+06   4.7058105e+01
   1.8987210e+06   5.7373047e+01
   1.8987580e+06   4.0588379e+01
   1.9002980e+06   4.8645020e+01
   1.9003790e+06   4.4128418e+01
   1.9526560e+06   4.1015625e+01
   1.9796700e+06   4.0527344e+01
   2.0068100e+06   4.0588379e+01
   2.0075130e+06   4.4311523e+01
   2.0090270e+06   4.0344238e+01
   2.0248140e+06   4.2236328e+01
   2.0258960e+06   4.4250488e+01
   2.0381350e+06   4.1442871e+01
   2.0587900e+06   4.0893555e+01
   2.0784770e+06   4.2419434e+01
   2.0785020e+06   5.9143066e+01
   2.0785540e+06   4.0161133e+01
   2.0785970e+06   4.1381836e+01
   2.0787340e+06   5.6640625e+01
   2.0788020e+06   4.7546387e+01
   2.0788140e+06   5.4626465e+01
   2.0789710e+06   4.5837402e+01
   2.0790090e+06   4.5532227e+01
   2.0803780e+06   4.2419434e+01
   2.0992510e+06   4.2846680e+01
   2.1034600e+06   4.0466309e+01
   2.1711490e+06   4.0893555e+01
   2.1962870e+06   4.0832520e+01
   2.1963190e+06   4.6142578e+01
   2.1963750e+06   5.1269531e+01
   2.1964810e+06   4.5288086e+01
   2.1965140e+06   7.4340820e+01
   2.1965630e+06   4.4189453e+01
   2.1965830e+06   4.9072266e+01
   2.1966130e+06   4.6508789e+01
   2.1966500e+06   5.1940918e+01
   2.1966960e+06   4.6325684e+01
   2.1978860e+06   4.1992188e+01
   2.1979020e+06   4.7546387e+01
   2.1981680e+06   4.4677734e+01
   2.2219370e+06   4.1870117e+01
   2.2587070e+06   4.1503906e+01
   2.2998030e+06   4.8706055e+01
   2.3104280e+06   4.0222168e+01
   2.3105990e+06   4.0161133e+01
   2.3106470e+06   5.4687500e+01
   2.3106720e+06   5.0842285e+01
   2.3107080e+06   5.1208496e+01
   2.3107350e+06   5.5175781e+01
   2.3107460e+06   6.0974121e+01
   2.3108070e+06   4.5471191e+01
   2.3245750e+06   4.4616699e+01
   2.3331070e+06   4.0344238e+01
   2.3468760e+06   4.0527344e+01
   2.3609920e+06   4.4799805e+01
   2.3610880e+06   5.4199219e+01
   2.3760880e+06   4.0893555e+01
   2.3760990e+06   4.8095703e+01
   2.3761230e+06   6.5307617e+01
   2.3761570e+06   4.6264648e+01
   2.3762010e+06   4.2419434e+01
   2.3762490e+06   4.1076660e+01
   2.3762810e+06   4.6203613e+01
   2.3763120e+06   7.2875977e+01
   2.3763440e+06   4.3029785e+01
   2.3764150e+06   5.2795410e+01
   2.3764370e+06   6.7749023e+01
   2.3765150e+06   4.8767090e+01
   2.3777990e+06   4.3457031e+01
   2.3778130e+06   5.1574707e+01
   2.3780990e+06   4.4372559e+01
   2.3781460e+06   4.2663574e+01
   2.4349680e+06   4.1748047e+01
   2.4706530e+06   4.3884277e+01
   2.4832880e+06   5.6884766e+01
   2.5103590e+06   4.0466309e+01
   2.5228410e+06   4.6325684e+01
   2.5229180e+06   4.2297363e+01
   2.5230120e+06   4.6752930e+01
   2.5493030e+06   4.4677734e+01
   2.5493930e+06   4.9072266e+01
   2.5671910e+06   4.7851563e+01
   2.5908530e+06   4.0649414e+01
   2.5909450e+06   4.5104980e+01
   2.5980370e+06   4.4921875e+01
   2.6137800e+06   4.1198730e+01
   2.6138430e+06   4.9865723e+01
   2.6207830e+06   4.6691895e+01
   2.6208210e+06   4.9743652e+01
   2.6273770e+06   4.7607422e+01
   2.6274040e+06   5.3710938e+01
   2.6274420e+06   5.5175781e+01
   2.6274560e+06   4.6081543e+01
   2.6274950e+06   7.2631836e+01
   2.6275630e+06   4.9560547e+01
   2.6275960e+06   5.3405762e+01
   2.6276170e+06   4.0771484e+01
   2.6276380e+06   6.7443848e+01
   2.6276570e+06   4.2541504e+01
   2.6277070e+06   4.6691895e+01
   2.6277430e+06   4.4921875e+01
   2.6290640e+06   4.3457031e+01
   2.6291120e+06   4.6203613e+01
   2.6292150e+06   4.2114258e+01
   2.6292750e+06   4.3762207e+01
   2.6293070e+06   4.9499512e+01
   2.6293780e+06   4.0344238e+01
   2.6294020e+06   4.2663574e+01
   2.7582260e+06   4.0344238e+01
   2.7782340e+06   4.0771484e+01
   2.7887410e+06   4.1992188e+01
   2.7892980e+06   4.0649414e+01
   2.7893150e+06   5.3955078e+01
   2.7893340e+06   4.8522949e+01
   2.7893530e+06   4.7790527e+01
   2.7894860e+06   4.5471191e+01
   2.7895010e+06   4.1625977e+01
   2.7899440e+06   5.3833008e+01
   2.8105640e+06   4.0344238e+01
   2.8182360e+06   4.0710449e+01
   2.8302930e+06   4.1748047e+01
   2.8897100e+06   4.7790527e+01
   2.8898800e+06   5.3161621e+01
   2.8907620e+06   5.5358887e+01
   2.8907930e+06   4.6997070e+01
   2.8908100e+06   6.5063477e+01
   2.8908280e+06   4.0344238e+01
   2.8908820e+06   4.6569824e+01
   2.8977090e+06   6.6528320e+01
   2.8977260e+06   4.4067383e+01
   2.8977890e+06   4.0161133e+01
   2.8978290e+06   4.3945313e+01
   2.8978510e+06   4.4128418e+01
   2.8978850e+06   5.0109863e+01
   2.8979050e+06   6.3598633e+01
   2.8979460e+06   6.5490723e+01
   2.8979920e+06   4.6142578e+01
   2.8980620e+06   4.7363281e+01
   2.8992730e+06   5.5358887e+01
   3.0154930e+06   4.5043945e+01
   3.0192350e+06   4.5898438e+01
   3.0201270e+06   4.1198730e+01
   3.0440750e+06   4.3518066e+01
   3.0441060e+06   6.1096191e+01
   3.0441930e+06   4.2968750e+01
   3.1208950e+06   4.9621582e+01
   3.1212650e+06   4.7180176e+01
   3.1233280e+06   4.6020508e+01
   3.1233530e+06   4.8400879e+01
   3.1233670e+06   4.0466309e+01
   3.1233790e+06   5.1940918e+01
   3.1234580e+06   4.4189453e+01
   3.1236830e+06   4.5104980e+01
   3.1238920e+06   4.6020508e+01
   3.1474720e+06   4.9621582e+01
   3.1582640e+06   4.1503906e+01
   3.1594380e+06   5.0659180e+01
   3.1594770e+06   4.9987793e+01
   3.1594920e+06   6.7932129e+01
   3.1595100e+06   4.5532227e+01
   3.1595280e+06   4.8400879e+01
   3.1595750e+06   5.2124023e+01
   3.1596260e+06   4.3823242e+01
   3.1767360e+06   5.2917480e+01
   3.1834570e+06   4.6020508e+01
   3.1834730e+06   6.0180664e+01
   3.1963540e+06   4.1198730e+01
   3.2016750e+06   4.8889160e+01
   3.2017060e+06   5.8349609e+01
   3.2085620e+06   4.5593262e+01
   3.2085840e+06   4.5410156e+01
   3.2137750e+06   5.8044434e+01
   3.2138140e+06   4.4616699e+01
   3.2139740e+06   4.0283203e+01
   3.2140350e+06   4.8034668e+01
   3.2140680e+06   4.0832520e+01
   3.2141010e+06   5.4931641e+01
   3.2141560e+06   5.1391602e+01
   3.2141810e+06   4.4860840e+01
   3.2142170e+06   5.1513672e+01
   3.2142510e+06   4.6203613e+01
   3.2142840e+06   4.9194336e+01
   3.2143330e+06   4.4311523e+01
   3.2143800e+06   5.2917480e+01
   3.2156260e+06   4.0649414e+01
   3.2393940e+06   4.2236328e+01
   3.2527980e+06   5.7250977e+01
   3.2528100e+06   4.3579102e+01
   3.2955040e+06   5.9326172e+01
   3.2955780e+06   4.0832520e+01
   3.2962880e+06   4.3945313e+01
   3.3006470e+06   4.0222168e+01
   3.3022740e+06   5.1208496e+01
   3.3022900e+06   4.5043945e+01
   3.3235530e+06   4.8278809e+01
   3.3351740e+06   4.1870117e+01
   3.3355130e+06   6.2805176e+01
   3.3355300e+06   5.3344727e+01
   3.3355400e+06   4.0161133e+01
   3.3356740e+06   5.7128906e+01
   3.3357570e+06   5.2429199e+01
   3.3358300e+06   4.0100098e+01
   3.3359870e+06   4.7607422e+01
   3.3449270e+06   4.3457031e+01
   3.3455810e+06   4.4921875e+01
   3.3655920e+06   4.4982910e+01
   3.3656760e+06   5.2917480e+01
   3.3656940e+06   5.4321289e+01
   3.3657200e+06   5.1635742e+01
   3.3657630e+06   4.9316406e+01
   3.3657840e+06   4.6691895e+01
   3.3658310e+06   7.0312500e+01
   3.3671020e+06   5.5419922e+01
   3.3672320e+06   4.5410156e+01
   3.4455080e+06   4.1198730e+01
   3.4504270e+06   4.2785645e+01
   3.4848910e+06   4.2297363e+01
   3.5012230e+06   5.8105469e+01
   3.5095080e+06   5.3161621e+01
   3.5195960e+06   4.1259766e+01
   3.5197490e+06   4.4067383e+01
   3.5352870e+06   4.3945313e+01
   3.5358380e+06   4.0649414e+01
   3.5359090e+06   5.0659180e+01
   3.5447270e+06   5.9509277e+01
   3.5447440e+06   4.7668457e+01
   3.5447700e+06   4.0893555e+01
   3.5448020e+06   7.6660156e+01
   3.5448430e+06   6.4514160e+01
   3.5448920e+06   6.4697266e+01
   3.5449030e+06   4.1320801e+01
   3.5449340e+06   5.0415039e+01
   3.5449690e+06   4.7363281e+01
   3.5449860e+06   4.3457031e+01
   3.5450190e+06   5.2307129e+01
   3.5462420e+06   6.1218262e+01
   3.6482690e+06   4.4433594e+01
   3.6547240e+06   4.0466309e+01
   3.6582970e+06   4.4067383e+01
   3.6991880e+06   5.6579590e+01
   3.7014740e+06   5.8532715e+01
   3.7015290e+06   4.7851563e+01
   3.7019930e+06   4.2236328e+01
   3.7020590e+06   4.6630859e+01
   3.7021560e+06   4.8767090e+01
   3.7292090e+06   4.4494629e+01
   3.7497390e+06   4.1503906e+01
   3.7531100e+06   4.3029785e+01
   3.7531630e+06   5.8532715e+01
   3.7533350e+06   4.2724609e+01
   3.7647170e+06   5.3527832e+01
   3.7647350e+06   4.5898438e+01
   3.7647480e+06   5.1940918e+01
   3.7647970e+06   4.9072266e+01
   3.7648630e+06   4.7485352e+01
   3.7649750e+06   4.0832520e+01
   3.7712340e+06   5.2612305e+01
   3.7809850e+06   4.7912598e+01
   3.7810430e+06   4.5654297e+01
   3.7810530e+06   5.3405762e+01
   3.7810960e+06   4.2724609e+01
   3.7873720e+06   4.1687012e+01
   3.7873850e+06   7.5561523e+01
   3.8052260e+06   4.2846680e+01
   3.8056380e+06   4.0588379e+01
   3.8058680e+06   4.0710449e+01
   3.8060250e+06   5.3405762e+01
   3.8192740e+06   4.1809082e+01
   3.8203020e+06   4.4372559e+01
   3.8203780e+06   4.0710449e+01
   3.8204340e+06   4.3273926e+01
   3.8204930e+06   6.2622070e+01
   3.8205210e+06   5.3161621e+01
   3.8205920e+06   5.7495117e+01
   3.8206440e+06   4.4860840e+01
   3.8206980e+06   4.2053223e+01
   3.8207440e+06   4.0649414e+01
   3.8225570e+06   4.0283203e+01
   3.8363020e+06   4.3518066e+01
   3.8379150e+06   4.0771484e+01
   3.8552020e+06   4.0954590e+01
   3.8644540e+06   4.1809082e+01
   3.9046870e+06   4.1625977e+01
   3.9047270e+06   5.3039551e+01
   3.9047910e+06   4.2480469e+01
   3.9048040e+06   4.6630859e+01
   3.9050850e+06   4.2968750e+01
   3.9051140e+06   4.8522949e+01
   3.9051310e+06   4.1381836e+01
   3.9051840e+06   4.6630859e+01
   3.9052280e+06   4.7058105e+01
   3.9052870e+06   6.5063477e+01
   3.9477510e+06   4.0405273e+01
   3.9556680e+06   5.1757813e+01
   3.9565290e+06   4.1198730e+01
   3.9586550e+06   4.2358398e+01
   3.9587000e+06   4.4555664e+01
   3.9587310e+06   4.5288086e+01
   3.9728560e+06   8.2397461e+01
   3.9728880e+06   8.3923340e+01
   3.9729120e+06   4.0222168e+01
   3.9729270e+06   5.0109863e+01
   3.9729440e+06   5.2856445e+01
   3.9730000e+06   4.9255371e+01
   3.9730360e+06   5.2124023e+01
   3.9730570e+06   4.0466309e+01
   3.9730700e+06   4.6569824e+01
   3.9731000e+06   4.3518066e+01
   3.9731280e+06   5.3771973e+01
   3.9731550e+06   4.7119141e+01
   3.9743190e+06   5.6152344e+01
   3.9744370e+06   5.1086426e+01
   3.9744770e+06   4.1992188e+01
   3.9746410e+06   4.4616699e+01
   4.0744800e+06   4.6997070e+01
   4.0745660e+06   4.4189453e+01
   4.0748100e+06   5.5297852e+01
   4.0748610e+06   4.6997070e+01
   4.0749580e+06   4.1870117e+01
   4.0749940e+06   5.9082031e+01
   4.0761070e+06   4.1992188e+01
   4.0763440e+06   4.0588379e+01
   4.0764610e+06   4.6752930e+01
   4.1017920e+06   4.1015625e+01
   4.1151150e+06   4.8217773e+01
   4.1151440e+06   5.4199219e+01
   4.1151760e+06   4.1564941e+01
   4.1152100e+06   5.3833008e+01
   4.1352230e+06   4.6508789e+01
   4.1420040e+06   4.0771484e+01
   4.1513530e+06   4.9438477e+01
   4.1513830e+06   6.5185547e+01
   4.1514090e+06   4.6569824e+01
   4.1514570e+06   4.6691895e+01
   4.1514910e+06   4.1503906e+01
   4.1515140e+06   4.1076660e+01
   4.1515730e+06   4.1931152e+01
   4.1801720e+06   4.8889160e+01
   4.1802340e+06   5.1147461e+01
   4.1845740e+06   4.9621582e+01
   4.1956960e+06   5.3955078e+01
   4.1968780e+06   4.9926758e+01
   4.1969020e+06   7.6965332e+01
   4.1969320e+06   4.1076660e+01
   4.1969790e+06   4.0405273e+01
   4.1970320e+06   5.9875488e+01
   4.1970690e+06   4.2480469e+01
   4.1970900e+06   4.1259766e+01
   4.1971010e+06   5.3161621e+01
   4.1971570e+06   4.0710449e+01
   4.1983180e+06   5.7861328e+01
   4.1984130e+06   4.4616699e+01
   4.2994390e+06   4.1259766e+01
   4.3414080e+06   4.2907715e+01
   4.3414560e+06   4.2602539e+01
   4.3415230e+06   4.2663574e+01
   4.3415560e+06   4.5349121e+01
   4.3416350e+06   5.0903320e+01
   4.3416940e+06   4.2846680e+01
   4.3417510e+06   4.4311523e+01
   4.3417680e+06   4.1503906e+01
   4.3417930e+06   4.1015625e+01
   4.3418350e+06   5.0781250e+01
   4.3419040e+06   4.3945313e+01
   4.3624210e+06   4.1931152e+01
   4.3810570e+06   4.1503906e+01
   4.3811110e+06   4.3212891e+01
   4.3811270e+06   4.9438477e+01
   4.3954840e+06   4.7851563e+01
   4.4046400e+06   4.5532227e+01
   4.4314890e+06   4.1442871e+01
   4.4338730e+06   4.2846680e+01
   4.4339070e+06   5.1208496e+01
   4.4339440e+06   4.1381836e+01
   4.4340280e+06   4.2968750e+01
   4.4340780e+06   5.1269531e+01
   4.4491570e+06   4.0710449e+01
   4.4540290e+06   5.9143066e+01
   4.4541020e+06   4.3151855e+01
   4.4541310e+06   4.2297363e+01
   4.4641280e+06   4.3518066e+01
   4.4676500e+06   4.5654297e+01
   4.4677010e+06   4.3334961e+01
   4.4677320e+06   4.4311523e+01
   4.4677820e+06   4.2175293e+01
   4.4798360e+06   4.3823242e+01
   4.4936600e+06   4.3457031e+01
   4.4973900e+06   4.0161133e+01
   4.4974070e+06   6.0852051e+01
   4.4974220e+06   6.5063477e+01
   4.4974640e+06   4.0832520e+01
   4.4974770e+06   5.2551270e+01
   4.4974970e+06   4.4433594e+01
   4.4975380e+06   4.4189453e+01
   4.4975670e+06   4.9926758e+01
   4.4975980e+06   5.7617188e+01
   4.4976550e+06   6.2561035e+01
   4.4977020e+06   4.1687012e+01
   4.4977520e+06   4.5166016e+01
   4.6063690e+06   4.0588379e+01
   4.6314900e+06   5.0781250e+01
   4.6336130e+06   4.3945313e+01
   4.6336610e+06   5.7312012e+01
   4.6512400e+06   4.1076660e+01
   4.6944140e+06   4.2419434e+01
   4.7103110e+06   4.0832520e+01
   4.7271310e+06   4.2480469e+01
   4.7367470e+06   5.4382324e+01
   4.7367610e+06   4.8645020e+01
   4.7433160e+06   4.1625977e+01
   4.7485420e+06   4.1442871e+01
   4.7485700e+06   4.1137695e+01
   4.7486000e+06   8.5510254e+01
   4.7486170e+06   6.0668945e+01
   4.7486450e+06   4.2480469e+01
   4.7487180e+06   5.2856445e+01
   4.7487440e+06   4.2602539e+01
   4.7488300e+06   4.3884277e+01
   4.7488460e+06   6.8420410e+01
   4.7488670e+06   4.9682617e+01
   4.7489030e+06   4.8889160e+01
   4.7489250e+06   4.6813965e+01
   4.7504220e+06   4.2663574e+01
   4.8399260e+06   4.0222168e+01
   4.8488870e+06   4.4372559e+01
   4.8631810e+06   4.5776367e+01
   4.8631920e+06   5.2856445e+01
   4.8632280e+06   4.0710449e+01
   4.8633660e+06   4.1748047e+01
   4.8633940e+06   4.5166016e+01
   4.8634130e+06   4.6569824e+01
   4.8634560e+06   4.6447754e+01
   4.8637630e+06   5.3955078e+01
   4.8638330e+06   4.2175293e+01
   4.8885270e+06   5.5664063e+01
   4.8885390e+06   5.1330566e+01
   4.8885780e+06   6.0241699e+01
   4.8886220e+06   4.3273926e+01
   4.8887710e+06   5.1879883e+01
   4.8888110e+06   4.2724609e+01
   4.8888720e+06   4.8461914e+01
   4.8902560e+06   4.5166016e+01
   4.8903410e+06   4.0283203e+01
   4.8905260e+06   4.4921875e+01
   4.8961370e+06   5.9753418e+01
   4.8961830e+06   5.1452637e+01
   4.8961950e+06   4.4067383e+01
   4.8962100e+06   5.3833008e+01
   4.8962360e+06   9.5886230e+01
   4.8962680e+06   6.6284180e+01
   4.8963030e+06   5.0598145e+01
   4.8963290e+06   4.5349121e+01
   4.8963750e+06   4.0466309e+01
   4.8977380e+06   5.1025391e+01
   4.9223460e+06   4.1687012e+01
   5.0608400e+06   4.1137695e+01
   5.1423000e+06   4.2724609e+01
   5.1696450e+06   4.1931152e+01
   5.2153760e+06   4.0771484e+01
   5.2344290e+06   4.2663574e+01
   5.2349830e+06   4.0832520e+01
   5.2351910e+06   4.4860840e+01
   5.2353540e+06   4.1870117e+01
   5.2353770e+06   7.2875977e+01
   5.2354320e+06   4.6997070e+01
   5.2470050e+06   4.1442871e+01
   5.2470640e+06   4.2785645e+01
   5.2471010e+06   7.0922852e+01
   5.2471320e+06   4.1809082e+01
   5.2471920e+06   4.9743652e+01
   5.2472680e+06   4.3640137e+01
   5.2473160e+06   4.0283203e+01
   5.2473730e+06   5.1025391e+01
   5.2474930e+06   4.0710449e+01
   5.2475700e+06   4.2297363e+01
   5.2476900e+06   4.9560547e+01
   5.2702760e+06   4.8400879e+01
   5.2888440e+06   4.3579102e+01
   5.2889330e+06   4.2297363e+01
   5.3083400e+06   5.3588867e+01
   5.3126560e+06   4.4372559e+01
   5.3426710e+06   4.0161133e+01
   5.3427350e+06   4.1564941e+01
   5.3583580e+06   5.2246094e+01
   5.3738600e+06   4.2053223e+01
   5.3874420e+06   5.3710938e+01
   5.4415440e+06   5.7312012e+01
   5.4415620e+06   5.6396484e+01
   5.4415820e+06   6.7199707e+01
   5.4416130e+06   4.8583984e+01
   5.4416380e+06   4.6813965e+01
   5.4416570e+06   6.6040039e+01
   5.4416840e+06   4.3640137e+01
   5.4417060e+06   4.4067383e+01
   5.4417260e+06   4.4677734e+01
   5.4417560e+06   4.9194336e+01
   5.4420070e+06   4.1076660e+01
   5.4420170e+06   4.4250488e+01
   5.4420570e+06   4.0588379e+01
   5.4420890e+06   4.7058105e+01
   5.4421010e+06   5.3405762e+01
   5.4421670e+06   4.5349121e+01
   5.5102000e+06   4.1442871e+01
   5.5212320e+06   4.0893555e+01
   5.5331780e+06   4.1931152e+01
   5.5346990e+06   5.3161621e+01
   5.5552050e+06   4.4372559e+01
   5.5678230e+06   4.0466309e+01
   5.6017290e+06   4.1442871e+01
   5.6054130e+06   4.2480469e+01
   5.6141260e+06   4.3884277e+01
   5.6204350e+06   4.5104980e+01
   5.6259870e+06   4.0710449e+01
   5.6332580e+06   4.0893555e+01
   5.6392160e+06   4.6203613e+01
   5.6392280e+06   4.1137695e+01
   5.6392580e+06   5.9814453e+01
   5.6393060e+06   4.1931152e+01
   5.6393510e+06   5.8898926e+01
   5.6393960e+06   4.7790527e+01
   5.6394110e+06   6.2194824e+01
   5.6394500e+06   6.0119629e+01
   5.6394690e+06   4.0832520e+01
   5.6394930e+06   4.1748047e+01
   5.6395330e+06   4.7485352e+01
   5.6395460e+06   5.8837891e+01
   5.6395750e+06   4.1381836e+01
   5.6395910e+06   4.2663574e+01
   5.6396050e+06   4.4860840e+01
   5.6410830e+06   4.2907715e+01
   5.6412770e+06   4.4494629e+01
   5.6487290e+06   5.0964355e+01
   5.6487550e+06   4.1381836e+01
   5.6487660e+06   4.1503906e+01
   5.6488060e+06   4.1442871e+01
   5.6488290e+06   5.7495117e+01
   5.6488530e+06   4.6630859e+01
   5.6488730e+06   4.2419434e+01
   5.6488990e+06   4.8156738e+01
   5.6504560e+06   4.4921875e+01
   5.6506330e+06   4.6447754e+01
   5.6506600e+06   5.2551270e+01
   5.6506950e+06   4.1320801e+01
   5.6679060e+06   4.0527344e+01
   5.7692600e+06   4.0527344e+01
   5.8210280e+06   4.1503906e+01
   5.8618150e+06   4.3884277e+01
   5.8742210e+06   4.0405273e+01
   5.8844330e+06   4.2785645e+01
   5.8844890e+06   4.9377441e+01
   5.8845270e+06   5.0781250e+01
   5.8845700e+06   4.8645020e+01
   5.9003160e+06   4.0832520e+01
   5.9003490e+06   5.2307129e+01
   5.9003860e+06   4.0832520e+01
   5.9438680e+06   5.4260254e+01
   5.9439150e+06   4.3395996e+01
   5.9682220e+06   4.2968750e+01
   5.9687400e+06   6.8359375e+01
   5.9687510e+06   4.4677734e+01
   5.9688590e+06   4.4616699e+01
   5.9689120e+06   4.5227051e+01
   5.9786530e+06   4.1503906e+01
   5.9789070e+06   4.7668457e+01
   5.9870860e+06   5.3588867e+01
   5.9963480e+06   5.6945801e+01
   5.9963630e+06   4.5898438e+01
   5.9965090e+06   4.5349121e+01
   5.9965290e+06   4.9255371e+01
   5.9965500e+06   4.5471191e+01
   5.9965920e+06   4.6569824e+01
   5.9966180e+06   4.2480469e+01
   5.9966330e+06   4.9560547e+01
   5.9967160e+06   4.5837402e+01
   5.9967880e+06   4.4006348e+01
   5.9968110e+06   4.6264648e+01
   5.9968490e+06   4.9499512e+01
   6.0095160e+06   4.2480469e+01
   6.0095580e+06   7.1838379e+01
   6.0095780e+06   5.4565430e+01
   6.0096100e+06   6.7993164e+01
   6.0096380e+06   7.0495605e+01
   6.0096640e+06   4.3334961e+01
   6.0097050e+06   6.1523437e+01
   6.0097180e+06   4.1748047e+01
   6.0097420e+06   5.3833008e+01
   6.0097600e+06   4.9133301e+01
   6.0097890e+06   4.3457031e+01
   6.0111440e+06   4.0405273e+01
   6.1614600e+06   4.6264648e+01
   6.1615410e+06   4.3457031e+01
   6.1698760e+06   4.0405273e+01
   6.1699040e+06   4.2297363e+01
   6.1699690e+06   4.1442871e+01
   6.1699910e+06   4.1992188e+01
   6.1700170e+06   4.2724609e+01
   6.1700400e+06   8.6547852e+01
   6.1700590e+06   4.3212891e+01
   6.1700910e+06   4.8217773e+01
   6.1701090e+06   4.2358398e+01
   6.1701210e+06   5.3588867e+01
   6.1701730e+06   4.8522949e+01
   6.1702000e+06   4.2602539e+01
   6.1702280e+06   4.5593262e+01
   6.1702620e+06   4.0283203e+01
   6.2209520e+06   4.3029785e+01
   6.2376700e+06   4.5959473e+01
   6.2491410e+06   4.2358398e+01
   6.2491590e+06   5.3283691e+01
   6.2491690e+06   5.5847168e+01
   6.2491990e+06   5.4687500e+01
   6.2492320e+06   7.0922852e+01
   6.2492800e+06   4.7607422e+01
   6.2493340e+06   4.2114258e+01
   6.2493780e+06   5.0720215e+01
   6.2494010e+06   5.5847168e+01
   6.2494150e+06   4.4128418e+01
   6.2494410e+06   4.2602539e+01
   6.2495270e+06   4.4128418e+01
   6.2508430e+06   4.2236328e+01
   6.2512420e+06   4.1259766e+01
   6.3266930e+06   4.3151855e+01
   6.3784890e+06   4.1442871e+01
   6.3938640e+06   4.9560547e+01
   6.4173990e+06   4.8034668e+01
   6.4174830e+06   4.3273926e+01
   6.4190490e+06   4.2724609e+01
   6.4191120e+06   4.9499512e+01
   6.4191300e+06   5.3771973e+01
   6.4191550e+06   5.5236816e+01
   6.4191680e+06   4.4006348e+01
   6.4192350e+06   6.7321777e+01
   6.4192530e+06   4.4067383e+01
   6.4194110e+06   4.7058105e+01
   6.4194540e+06   4.2480469e+01
   6.4195620e+06   4.4433594e+01
   6.4195940e+06   4.4128418e+01
   6.5047420e+06   4.3334961e+01
   6.5083450e+06   4.0100098e+01
   6.5083800e+06   4.7241211e+01
   6.5229570e+06   4.2968750e+01
   6.5513080e+06   5.5725098e+01
   6.5656150e+06   4.2785645e+01
   6.5723230e+06   4.0405273e+01
   6.5723440e+06   4.4311523e+01
   6.5723610e+06   4.7851563e+01
   6.5724190e+06   4.6508789e+01
   6.5725340e+06   4.5166016e+01
   6.5726230e+06   5.0292969e+01
   6.5886490e+06   4.4372559e+01
   6.5974620e+06   5.6884766e+01
   6.5975470e+06   6.0058594e+01
   6.6089550e+06   4.0588379e+01
   6.6127600e+06   4.6630859e+01
   6.6189790e+06   4.6997070e+01
   6.6190510e+06   4.6752930e+01
   6.6190780e+06   4.6142578e+01
   6.6191350e+06   4.1320801e+01
   6.6192950e+06   4.4799805e+01
   6.6193420e+06   4.5043945e+01
   6.6194170e+06   4.0344238e+01
   6.6195520e+06   4.0283203e+01
   6.6378260e+06   4.4250488e+01
   6.6379150e+06   4.9194336e+01
   6.6379400e+06   4.9255371e+01
   6.6380250e+06   4.9926758e+01
   6.6516340e+06   4.7973633e+01
   6.6516790e+06   5.2246094e+01
   6.6517120e+06   5.8898926e+01
   6.6517230e+06   4.0649414e+01
   6.6517600e+06   4.6875000e+01
   6.6517860e+06   5.0476074e+01
   6.6518080e+06   4.9621582e+01
   6.6518290e+06   4.7302246e+01
   6.6518730e+06   5.5786133e+01
   6.6519420e+06   4.0466309e+01
   6.6530150e+06   4.9865723e+01
   6.6530380e+06   4.9438477e+01
   6.7535580e+06   4.4372559e+01
   6.7983610e+06   4.2724609e+01
   6.7983880e+06   4.3151855e+01
   6.7998080e+06   4.4250488e+01
   6.7999000e+06   4.2175293e+01
   6.7999250e+06   5.4016113e+01
   6.7999390e+06   4.5959473e+01
   6.7999850e+06   4.8889160e+01
   6.8000170e+06   4.0405273e+01
   6.8000420e+06   4.2419434e+01
   6.8000520e+06   4.1931152e+01
   6.8000950e+06   4.1198730e+01
   6.8002280e+06   4.0954590e+01
   6.8355710e+06   4.8950195e+01
   6.8697820e+06   5.4626465e+01
   6.8698360e+06   4.0283203e+01
   6.8763780e+06   4.1625977e+01
   6.8763980e+06   4.6447754e+01
   6.8764310e+06   5.0292969e+01
   6.8764790e+06   4.7546387e+01
   6.8765000e+06   6.2683105e+01
   6.8765940e+06   4.1809082e+01
   6.8766230e+06   4.3762207e+01
   6.8766620e+06   4.4738770e+01
   6.8767120e+06   5.5847168e+01
   6.9001710e+06   4.5471191e+01
   6.9087410e+06   4.0893555e+01
   6.9087710e+06   4.1137695e+01
   6.9346870e+06   4.1198730e+01
   6.9531830e+06   4.4982910e+01
   6.9584270e+06   4.5288086e+01
   6.9642950e+06   4.9194336e+01
   6.9709630e+06   4.8828125e+01
   7.0388590e+06   4.6936035e+01
   7.0592580e+06   4.1381836e+01
   7.0594080e+06   4.4311523e+01
   7.0708380e+06   4.2236328e+01
   7.0971800e+06   4.1076660e+01
   7.0972080e+06   4.1992188e+01
   7.1243620e+06   4.4738770e+01
   7.1531760e+06   4.0954590e+01
   7.1647090e+06   4.0527344e+01
   7.1674120e+06   4.2541504e+01
   7.1727950e+06   4.2175293e+01
   7.1728300e+06   4.6264648e+01
   7.1728490e+06   4.3640137e+01
   7.1728940e+06   4.1137695e+01
   7.1875670e+06   4.5837402e+01
   7.1990560e+06   5.2673340e+01
   7.1990690e+06   5.2307129e+01
   7.2010740e+06   4.5776367e+01
   7.2157680e+06   4.2602539e+01
   7.2273740e+06   4.2053223e+01
   7.2273930e+06   7.8186035e+01
   7.2274080e+06   4.8522949e+01
   7.2274880e+06   4.8461914e+01
   7.2415200e+06   4.1259766e+01
   7.2415570e+06   5.2001953e+01
   7.2416600e+06   5.3405762e+01
   7.2416930e+06   4.2053223e+01
   7.2417640e+06   4.9560547e+01
   7.2513370e+06   4.8828125e+01
   7.2513640e+06   4.3884277e+01
   7.2514070e+06   4.4921875e+01
   7.2514410e+06   4.6630859e+01
   7.2591340e+06   4.0405273e+01
   7.2591480e+06   4.7729492e+01
   7.2591690e+06   4.2968750e+01
   7.2592040e+06   4.2724609e+01
   7.2683820e+06   4.5043945e+01
   7.2778530e+06   4.2053223e+01
   7.2779100e+06   4.0588379e+01
   7.2841680e+06   5.0720215e+01
   7.2842070e+06   5.1940918e+01
   7.2842450e+06   4.2846680e+01
   7.2842610e+06   4.6386719e+01
   7.2842910e+06   4.7851563e+01
   7.2843380e+06   6.1523438e+01
   7.2843650e+06   4.3823242e+01
   7.2843990e+06   4.7058105e+01
   7.2844250e+06   4.5288086e+01
   7.2844710e+06   4.6386719e+01
   7.2844880e+06   4.0832520e+01
   7.2856670e+06   4.9072266e+01
   7.2857260e+06   4.1870117e+01
   7.3902250e+06   4.5166016e+01
   7.4096290e+06   4.7058105e+01
   7.4505500e+06   5.0048828e+01
   7.4505790e+06   4.1748047e+01
   7.4662490e+06   4.2358398e+01
   7.4663840e+06   4.0344238e+01
   7.4664260e+06   4.6875000e+01
   7.4665800e+06   6.8664551e+01
   7.4665900e+06   4.3029785e+01
   7.4666920e+06   4.3823242e+01
   7.5394580e+06   4.8645020e+01
   7.5394800e+06   5.5114746e+01
   7.5546630e+06   4.3945313e+01
   7.5547080e+06   6.0729980e+01
   7.5547390e+06   4.6752930e+01
   7.5547820e+06   4.1015625e+01
   7.5548260e+06   4.5532227e+01
   7.5548430e+06   4.1320801e+01
   7.5549480e+06   4.2053223e+01
   7.5550440e+06   4.3579102e+01
   7.5550620e+06   4.2724609e+01
   7.5551030e+06   4.1992188e+01
   7.5551440e+06   4.7302246e+01
   7.5565790e+06   4.0527344e+01
   7.5566400e+06   4.0100098e+01
   7.5687900e+06   5.6823730e+01
   7.5688180e+06   5.4077148e+01
   7.5688520e+06   5.0659180e+01
   7.5867840e+06   4.1625977e+01
   7.5867980e+06   4.4250488e+01
   7.5999970e+06   4.2846680e+01
   7.6000720e+06   4.3884277e+01
   7.6104890e+06   4.1259766e+01
   7.6105090e+06   6.3293457e+01
   7.6105200e+06   5.7250977e+01
   7.6105430e+06   4.1137695e+01
   7.6107290e+06   4.0832520e+01
   7.6107640e+06   4.0100098e+01
   7.6190470e+06   4.2175293e+01
   7.6541590e+06   6.7871094e+01
   7.6542060e+06   6.0424805e+01
   7.6542480e+06   4.5104980e+01
   7.6542710e+06   4.7851562e+01
   7.6542900e+06   4.5104980e+01
   7.6543220e+06   7.2937012e+01
   7.6544160e+06   4.6875000e+01
   7.6555420e+06   4.4250488e+01
   7.6557560e+06   4.2785645e+01
   7.7829770e+06   4.2297363e+01
   7.7915010e+06   4.8339844e+01
   7.7915330e+06   4.8095703e+01
   7.7915490e+06   4.0161133e+01
   7.8126100e+06   4.1198730e+01
   7.8126260e+06   4.2175293e+01
   7.8126470e+06   4.8889160e+01
   7.8126800e+06   4.0527344e+01
   7.8127000e+06   4.4311523e+01
   7.8127250e+06   4.3457031e+01
   7.8127830e+06   4.8706055e+01
   7.8128050e+06   4.1564941e+01
   7.8128170e+06   5.1635742e+01
   7.8128750e+06   5.1696777e+01
   7.8141990e+06   4.4921875e+01
   7.8144690e+06   4.1625977e+01
   7.8145110e+06   4.2907715e+01
   7.8202440e+06   4.0161133e+01
   7.9260120e+06   4.0466309e+01
   7.9828790e+06   4.6813965e+01
   7.9930640e+06   4.0344238e+01
   7.9930890e+06   5.5419922e+01
   7.9931080e+06   5.1330566e+01
   7.9931270e+06   4.7973633e+01
   7.9931680e+06   4.0710449e+01
   7.9931810e+06   4.7424316e+01
   7.9933200e+06   5.5786133e+01
   7.9933710e+06   4.3151855e+01
   7.9935310e+06   4.0954590e+01
   7.9936070e+06   4.8583984e+01
   7.9936510e+06   4.5898438e+01
   7.9936850e+06   4.3029785e+01
   8.0257650e+06   4.0771484e+01
   8.0257900e+06   4.0222168e+01
   8.0462040e+06   4.2358398e+01
   8.1045980e+06   4.1625977e+01
   8.1046620e+06   4.0954590e+01
   8.1046840e+06   4.7363281e+01
   8.1046960e+06   4.4189453e+01
   8.1047170e+06   5.2612305e+01
   8.1047790e+06   4.5227051e+01
   8.1048060e+06   4.2724609e+01
   8.1048580e+06   6.0180664e+01
   8.1049030e+06   4.7607422e+01
   8.1049140e+06   6.6040039e+01
   8.1049390e+06   4.7668457e+01
   8.1049720e+06   4.0222168e+01
   8.1112690e+06   4.8889160e+01
   8.1112800e+06   4.5776367e+01
   8.1114270e+06   4.5593262e+01
   8.1114740e+06   4.6508789e+01
   8.1115040e+06   5.1330566e+01
   8.1115500e+06   4.0283203e+01
   8.1130720e+06   4.3395996e+01
   8.3020350e+06   4.9438477e+01
   8.3195210e+06   4.2480469e+01
   8.3640640e+06   5.4260254e+01
   8.3641590e+06   4.6081543e+01
   8.4248290e+06   4.1015625e+01
   8.4268080e+06   4.6813965e+01
   8.4442410e+06   4.4616699e+01
   8.4683740e+06   4.4311523e+01
   8.4789410e+06   4.1870117e+01
   8.4789740e+06   4.2175293e+01
   8.4861840e+06   4.7424316e+01
   8.4981930e+06   4.5837402e+01
   8.5164590e+06   4.1442871e+01
   8.5468330e+06   4.1687012e+01
   8.5468730e+06   4.0283203e+01
   8.5803600e+06   4.1625977e+01
   8.5880690e+06   4.0466309e+01
   8.5894310e+06   4.1564941e+01
   8.5988160e+06   4.1015625e+01
   8.6151120e+06   4.4128418e+01
   8.6300440e+06   5.5541992e+01
   8.6300650e+06   4.2297363e+01
   8.6301220e+06   4.7180176e+01
   8.6301730e+06   5.3894043e+01
   8.6478980e+06   5.8044434e+01
   8.6479300e+06   4.3579102e+01
   8.6479910e+06   4.0466309e+01
   8.6480620e+06   4.7424316e+01
   8.6481910e+06   4.9011230e+01
   8.6482160e+06   4.8767090e+01
   8.6482350e+06   4.1931152e+01
   8.6482730e+06   4.6936035e+01
   8.6483610e+06   4.1870117e+01
   8.6608910e+06   4.1259766e+01
   8.6609680e+06   4.4616699e+01
   8.7021220e+06   4.0100098e+01
   8.7315460e+06   4.5776367e+01
   8.7344360e+06   4.7058105e+01
   8.7345130e+06   5.0109863e+01
   8.7345740e+06   5.5053711e+01
   8.7346180e+06   4.0100098e+01
   8.7346740e+06   4.8461914e+01
   8.7359790e+06   4.4006348e+01
   8.7360510e+06   4.7119141e+01
   8.8629930e+06   4.4799805e+01
   8.8668810e+06   4.5349121e+01
   8.8755780e+06   4.7790527e+01
   8.8755880e+06   4.0466309e+01
   8.8756220e+06   4.4799805e+01
   8.8756370e+06   4.7912598e+01
   8.8758710e+06   5.0292969e+01
   8.8758910e+06   4.3701172e+01
   8.8760160e+06   4.1442871e+01
   8.8760360e+06   6.5063477e+01
   8.8760950e+06   4.0100098e+01
   8.8916160e+06   4.9072266e+01
   8.8916270e+06   6.7199707e+01
   8.8916460e+06   4.4250488e+01
   8.8916650e+06   5.0170898e+01
   8.8916910e+06   4.3579102e+01
   8.8917430e+06   4.5532227e+01
   8.8917720e+06   5.7861328e+01
   8.8918670e+06   5.8593750e+01
   8.8919450e+06   4.8339844e+01
   8.8919920e+06   4.3823242e+01
   8.8920450e+06   5.3833008e+01
   8.8920680e+06   4.6325684e+01
   8.8920780e+06   5.2124023e+01
   8.8921070e+06   5.1635742e+01
   8.8922340e+06   4.1503906e+01
   8.8935210e+06   4.4433594e+01
   8.9050730e+06   4.9804688e+01
   8.9186390e+06   4.8950195e+01
   8.9318200e+06   4.9743652e+01
   8.9318530e+06   4.5776367e+01
   8.9318850e+06   4.3395996e+01
   8.9319110e+06   4.5959473e+01
   8.9320590e+06   5.0659180e+01
   8.9540270e+06   5.0476074e+01
   8.9540760e+06   4.5043945e+01
   8.9599930e+06   5.9326172e+01
   8.9600420e+06   4.8950195e+01
   8.9601310e+06   4.1259766e+01
   8.9662170e+06   4.1687012e+01
   8.9796360e+06   6.2927246e+01
   8.9796530e+06   5.7189941e+01
   8.9796720e+06   5.3405762e+01
   8.9796850e+06   4.5471191e+01
   8.9797360e+06   4.8339844e+01
   8.9798290e+06   5.9143066e+01
   8.9798580e+06   4.3884277e+01
   8.9798700e+06   4.4982910e+01
   8.9798970e+06   4.9560547e+01
   8.9799690e+06   6.3171387e+01
   8.9800200e+06   4.0405273e+01
   8.9812080e+06   4.3701172e+01
   8.9813890e+06   4.2419434e+01
   8.9937440e+06   4.6325684e+01
   8.9937710e+06   7.4645996e+01
   8.9937840e+06   4.7363281e+01
   8.9938020e+06   4.9804688e+01
   8.9938230e+06   6.0241699e+01
   8.9938840e+06   5.4382324e+01
   8.9939090e+06   5.0659180e+01
   8.9939830e+06   4.2480469e+01
   8.9950750e+06   4.1320801e+01
   8.9952720e+06   4.1503906e+01
   9.0114950e+06   4.3151855e+01
   9.1070110e+06   4.4494629e+01
   9.1187930e+06   4.1442871e+01
   9.1188100e+06   4.3457031e+01
   9.1188950e+06   4.3212891e+01
   9.1189480e+06   4.2663574e+01
   9.1382560e+06   6.2011719e+01
   9.1507680e+06   4.1137695e+01
   9.1672870e+06   6.4636230e+01
   9.1743810e+06   4.3212891e+01
   9.2207760e+06   4.6447754e+01
   9.2323620e+06   4.6813965e+01
   9.2323730e+06   5.5725098e+01
   9.2324170e+06   5.1757813e+01
   9.2427430e+06   4.9804688e+01
   9.2632600e+06   4.0527344e+01
   9.3207920e+06   4.2236328e+01
   9.3234770e+06   4.8583984e+01
   9.3504650e+06   4.8400879e+01
   9.3970720e+06   5.3466797e+01
   9.3971470e+06   4.0100098e+01
   9.3971650e+06   4.9987793e+01
   9.3971800e+06   4.0893555e+01
   9.3972260e+06   4.5227051e+01
   9.3972360e+06   4.5166016e+01
   9.3972940e+06   4.2663574e+01
   9.3973830e+06   5.0170898e+01
   9.4084390e+06   4.6447754e+01
   9.4085160e+06   4.1015625e+01
   9.4131820e+06   4.0222168e+01
   9.4222590e+06   4.8583984e+01
   9.4585390e+06   4.1259766e+01
   9.4688750e+06   4.7973633e+01
   9.4689300e+06   4.5837402e+01
   9.4690400e+06   5.7250977e+01
   9.4764630e+06   4.0710449e+01
   9.4826110e+06   4.3762207e+01
   9.4908820e+06   4.0832520e+01
   9.5385060e+06   4.6752930e+01
   9.5385160e+06   5.7434082e+01
   9.5519450e+06   4.5410156e+01
   9.5597450e+06   4.0832520e+01
   9.5813690e+06   4.7668457e+01
   9.5890030e+06   5.6030273e+01
   9.5971410e+06   4.0588379e+01
   9.5975820e+06   4.0344238e+01
   9.6068940e+06   4.6142578e+01
   9.6249540e+06   4.4128418e+01
   9.6298030e+06   4.0954590e+01
   9.6566670e+06   4.5043945e+01
   9.6566820e+06   4.3701172e+01
   9.6566940e+06   4.1687012e+01
   9.6567480e+06   4.5166016e+01
   9.6567710e+06   4.5898438e+01
   9.6568780e+06   4.3457031e+01
   9.6569080e+06   5.2856445e+01
   9.6569380e+06   4.6081543e+01
   9.6569570e+06   4.3212891e+01
   9.6569980e+06   4.1137695e+01
   9.7306780e+06   5.5786133e+01
   9.7691730e+06   4.8706055e+01
   9.7752020e+06   4.1320801e+01
   9.7892250e+06   4.9865723e+01
   9.7892460e+06   4.3151855e+01
   9.8019810e+06   4.3273926e+01
   9.8020540e+06   4.6325684e+01
   9.8020880e+06   4.6691895e+01
   9.8021530e+06   5.0170898e+01
   9.8021660e+06   4.2785645e+01
   9.8022280e+06   5.4992676e+01
   9.8022900e+06   5.0964355e+01
   9.8023130e+06   4.9682617e+01
   9.8024390e+06   4.6142578e+01
   9.8024710e+06   4.1076660e+01
   9.8025280e+06   4.0588379e+01
   9.8041670e+06   4.5471191e+01
   9.8320580e+06   4.2968750e+01
   9.8572940e+06   4.0710449e+01
   9.8609750e+06   4.1198730e+01
   9.8610210e+06   5.2612305e+01
   9.8742030e+06   4.2236328e+01
   9.8742460e+06   4.1503906e+01
   9.8742820e+06   4.5898438e+01
   9.8743300e+06   5.9692383e+01
   9.8743940e+06   5.8044434e+01
   9.8744380e+06   4.8400879e+01
   9.8744480e+06   4.7912598e+01
   9.8750630e+06   4.0344238e+01
   9.8753860e+06   4.0954590e+01
   9.8757760e+06   4.2480469e+01
   9.8757970e+06   4.1564941e+01
   9.8758590e+06   4.2663574e+01
   9.8759500e+06   4.0527344e+01
   9.9061890e+06   4.0527344e+01
   9.9967810e+06   4.0344238e+01
   1.0007283e+07   5.0476074e+01
   1.0095543e+07   4.1809082e+01
   1.0119915e+07   4.0527344e+01
   1.0124767e+07   4.1198730e+01
   1.0124787e+07   4.5654297e+01
   1.0124807e+07   4.3701172e+01
   1.0124833e+07   4.2968750e+01
   1.0124847e+07   6.1767578e+01
   1.0124916e+07   6.6406250e+01
   1.0124930e+07   4.7119141e+01
   1.0124949e+07   4.7668457e+01
   1.0124967e+07   4.4067383e+01
   1.0125018e+07   4.4677734e+01
   1.0126311e+07   5.1757813e+01
   1.0126462e+07   4.1381836e+01
   1.0126538e+07   4.2175293e+01
   1.0179470e+07   4.0710449e+01
   1.0200059e+07   4.2724609e+01
   1.0287544e+07   5.1940918e+01
   1.0287569e+07   4.9438477e+01
   1.0287653e+07   4.4738770e+01
   1.0287729e+07   4.6813965e+01
   1.0346469e+07   5.3039551e+01
   1.0369590e+07   5.6640625e+01
   1.0455721e+07   4.6813965e+01
   1.0463210e+07   4.0405273e+01
   1.0478320e+07   4.0100098e+01
   1.0478467e+07   4.0588379e+01
   1.0487038e+07   4.0222168e+01
   1.0508252e+07   4.1870117e+01
   1.0514650e+07   4.0649414e+01
   1.0534143e+07   4.0344238e+01
   1.0544946e+07   4.0344238e+01
   1.0553401e+07   4.3823242e+01
   1.0553478e+07   4.8767090e+01
   1.0563243e+07   4.2053223e+01
   1.0594014e+07   4.9194336e+01
   1.0594116e+07   4.1198730e+01
   1.0598173e+07   4.5471191e+01
   1.0598300e+07   4.3701172e+01
   1.0598323e+07   5.0720215e+01
   1.0598356e+07   5.9448242e+01
   1.0598370e+07   7.1472168e+01
   1.0598403e+07   4.2236328e+01
   1.0598427e+07   4.9377441e+01
   1.0598442e+07   4.2907715e+01
   1.0598465e+07   6.3049316e+01
   1.0598507e+07   4.7790527e+01
   1.0598570e+07   4.6264648e+01
   1.0598602e+07   4.3090820e+01
   1.0598614e+07   4.8034668e+01
   1.0598636e+07   4.7607422e+01
   1.0598665e+07   4.1870117e+01
   1.0600121e+07   4.9133301e+01
   1.0621238e+07   4.3457031e+01
   1.0702668e+07   4.3212891e+01
   1.0719959e+07   4.3212891e+01
   1.0732830e+07   4.1259766e+01
   1.0743009e+07   4.0283203e+01
   1.0749982e+07   4.9560547e+01
   1.0763458e+07   4.1503906e+01
   1.0770934e+07   4.0222168e+01
   1.0788878e+07   4.9987793e+01
   1.0848439e+07   4.0344238e+01
   1.0853698e+07   5.2551270e+01
   1.0853730e+07   4.7119141e+01
   1.0853745e+07   4.5654297e+01
   1.0853784e+07   4.7058105e+01
   1.0853830e+07   4.1870117e+01
   1.0853857e+07   4.4738770e+01
   1.0853911e+07   4.1687012e+01
   1.0853962e+07   4.0527344e+01
   1.0854011e+07   4.1992188e+01
   1.0854037e+07   4.0954590e+01
   1.0854072e+07   4.9926758e+01
   1.0864961e+07   4.7668457e+01
   1.0864992e+07   6.5185547e+01
   1.0865038e+07   5.5603027e+01
   1.0865051e+07   4.3640137e+01
   1.0865077e+07   5.0720215e+01
   1.0865101e+07   5.3466797e+01
   1.0865180e+07   6.1828613e+01
   1.0865209e+07   4.3945313e+01
   1.0866257e+07   4.3945313e+01
   1.0866269e+07   4.0344238e+01
   1.0866334e+07   4.3579102e+01
   1.1022700e+07   4.0222168e+01
   1.1022775e+07   4.0893555e+01
   1.1030910e+07   4.8156738e+01
   1.1066715e+07   4.1259766e+01
   1.1066781e+07   4.0588379e+01
   1.1133414e+07   4.5532227e+01
   1.1133499e+07   5.4260254e+01
   1.1158897e+07   4.0588379e+01
   1.1211916e+07   6.1035156e+01
   1.1211948e+07   4.1015625e+01
   1.1242298e+07   4.0527344e+01
   1.1250653e+07   4.0649414e+01
   1.1268483e+07   4.7180176e+01
   1.1268594e+07   5.4504395e+01
   1.1268659e+07   4.1381836e+01
   1.1268732e+07   4.3518066e+01
   1.1268753e+07   4.1687012e+01
   1.1286616e+07   4.2663574e+01
   1.1302034e+07   4.6081543e+01
   1.1313335e+07   4.0832520e+01
   1.1313358e+07   4.7302246e+01
   1.1358705e+07   4.2968750e+01
   1.1358717e+07   5.8593750e+01
   1.1358749e+07   5.7250977e+01
   1.1358776e+07   4.9316406e+01
   1.1358812e+07   4.4067383e+01
   1.1358827e+07   6.6528320e+01
   1.1358847e+07   4.6752930e+01
   1.1358876e+07   4.1259766e+01
   1.1358899e+07   6.8237305e+01
   1.1358944e+07   5.1208496e+01
   1.1358968e+07   5.6457520e+01
   1.1359014e+07   4.8034668e+01
   1.1360151e+07   4.1442871e+01
   1.1360220e+07   4.1259766e+01
   1.1368012e+07   5.9570313e+01
   1.1368041e+07   4.2114258e+01
   1.1368055e+07   4.8461914e+01
   1.1368088e+07   4.5837402e+01
   1.1368119e+07   5.2062988e+01
   1.1369300e+07   4.8522949e+01
   1.1369468e+07   4.2541504e+01
   1.1369612e+07   4.1015625e+01
   1.1369625e+07   5.0781250e+01
   1.1447553e+07   4.1381836e+01
   1.1518048e+07   4.1076660e+01
   1.1551270e+07   4.7851563e+01
   1.1616502e+07   5.1391602e+01
   1.1676593e+07   4.1687012e+01
   1.1676652e+07   4.1198730e+01
   1.1682275e+07   4.2053223e+01
   1.1684182e+07   4.4921875e+01
   1.1684215e+07   4.2053223e+01
   1.1684241e+07   5.4809570e+01
   1.1684257e+07   4.6508789e+01
   1.1684312e+07   4.0954590e+01
   1.1684353e+07   4.0222168e+01
   1.1684365e+07   5.2124023e+01
   1.1684388e+07   4.7363281e+01
   1.1684421e+07   4.1259766e+01
   1.1684466e+07   4.1320801e+01
   1.1777489e+07   4.0832520e+01
   1.1800972e+07   4.0893555e+01
   1.1801000e+07   6.2744141e+01
   1.1801020e+07   4.2114258e+01
   1.1801049e+07   6.8237305e+01
   1.1801091e+07   7.3669434e+01
   1.1801153e+07   4.0649414e+01
   1.1801176e+07   4.3823242e+01
   1.1801200e+07   4.4006348e+01
   1.1801228e+07   4.9377441e+01
   1.1801258e+07   4.7363281e+01
   1.1801280e+07   4.6081543e+01
   1.1808821e+07   4.9865723e+01
   1.1808871e+07   4.3762207e+01
   1.1808930e+07   4.1259766e+01
   1.1808941e+07   5.6274414e+01
   1.1808965e+07   4.4311523e+01
   1.1809000e+07   4.4189453e+01
   1.1809031e+07   4.3762207e+01
   1.1809046e+07   4.1015625e+01
   1.1810119e+07   4.5410156e+01
   1.1874081e+07   4.2724609e+01
