   1.1999000e+07   0.0000000e+00
   1.0297630e+06   3.7048340e+01
   1.1213160e+06   3.3142090e+01
   1.6240510e+06   3.4301758e+01
   1.7492940e+06   3.3569336e+01
   1.7784430e+06   3.4179688e+01
   2.1965750e+06   3.5095215e+01
   2.1966560e+06   3.7658691e+01
   2.3762980e+06   3.7353516e+01
   2.6277250e+06   3.9001465e+01
   2.8979560e+06   3.4667969e+01
   3.3658770e+06   3.6010742e+01
   3.7020280e+06   3.8940430e+01
   3.8783930e+06   3.3325195e+01
   3.9730880e+06   3.6071777e+01
   4.1970680e+06   3.6437988e+01
   4.3416040e+06   3.4545898e+01
   4.3416300e+06   3.7841797e+01
   4.7487570e+06   3.7536621e+01
   4.8888370e+06   3.4301758e+01
   4.8888580e+06   3.7475586e+01
   5.9967830e+06   3.4606934e+01
   6.1700500e+06   3.4057617e+01
   6.6195250e+06   3.3874512e+01
   6.7999420e+06   4.2236328e+01
   6.7999600e+06   4.5410156e+01
   7.5548250e+06   3.3142090e+01
   7.8127860e+06   3.6254883e+01
   7.8128420e+06   3.3386230e+01
   8.7344360e+06   3.3813477e+01
   8.7344690e+06   3.4790039e+01
   1.0853778e+07   3.6254883e+01
   1.0865202e+07   3.3203125e+01
   1.1358957e+07   3.4240723e+01
   1.1368125e+07   3.4240723e+01
   1.1801115e+07   3.7780762e+01
   1.1801235e+07   3.6254883e+01
