   1.1999000e+07   0.0000000e+00
   9.4900000e+02   3.4729004e+01
   1.4640000e+03   3.7780762e+01
   2.7670000e+04   3.7841797e+01
   2.7802000e+04   4.2602539e+01
   2.7884000e+04   3.8391113e+01
   2.7900000e+04   4.1320801e+01
   2.7925000e+04   3.8085937e+01
   2.7948000e+04   3.8452148e+01
   2.7976000e+04   4.7912598e+01
   2.8014000e+04   4.0222168e+01
   2.8166000e+04   5.7006836e+01
   2.8217000e+04   3.5034180e+01
   2.9564000e+04   3.7170410e+01
   2.9634000e+04   3.4423828e+01
   9.7216000e+04   4.4616699e+01
   1.2326800e+05   3.4362793e+01
   1.2365900e+05   3.6682129e+01
   1.2371000e+05   3.7109375e+01
   1.4204600e+05   3.4912109e+01
   1.4226900e+05   3.7780762e+01
   1.4231800e+05   5.0659180e+01
   1.4233800e+05   4.8645020e+01
   1.4235700e+05   5.3955078e+01
   1.4237800e+05   4.6813965e+01
   1.4243000e+05   5.0964355e+01
   1.4255400e+05   3.9794922e+01
   1.4261600e+05   4.1442871e+01
   1.4267800e+05   3.6743164e+01
   1.4412600e+05   3.7414551e+01
   1.5007800e+05   3.8574219e+01
   1.5013600e+05   3.4790039e+01
   1.5023300e+05   4.0771484e+01
   1.5033500e+05   4.1259766e+01
   1.5039100e+05   3.8024902e+01
   1.5236800e+05   3.4851074e+01
   1.8776400e+05   3.3874512e+01
   2.6368700e+05   3.4729004e+01
   2.7771700e+05   3.6499023e+01
   2.9096500e+05   3.5583496e+01
   2.9677000e+05   3.6315918e+01
   2.9678700e+05   4.8828125e+01
   2.9679800e+05   3.5705566e+01
   2.9699600e+05   3.7475586e+01
   2.9704500e+05   3.7414551e+01
   2.9706600e+05   3.6437988e+01
   2.9711800e+05   3.5583496e+01
   2.9715500e+05   3.5705566e+01
   2.9717900e+05   3.4240723e+01
   2.9721400e+05   3.5644531e+01
   2.9731400e+05   4.0954590e+01
   2.9744000e+05   3.4973145e+01
   3.2918100e+05   3.5644531e+01
   3.5282800e+05   3.8085938e+01
   3.8306400e+05   3.9123535e+01
   3.8311100e+05   3.7902832e+01
   3.8324700e+05   3.7719727e+01
   3.9631100e+05   3.6071777e+01
   3.9635000e+05   3.4790039e+01
   3.9639300e+05   3.3935547e+01
   3.9683300e+05   3.5095215e+01
   4.6061800e+05   3.7048340e+01
   4.6081000e+05   4.0222168e+01
   4.7855600e+05   3.7170410e+01
   4.9046100e+05   3.4667969e+01
   4.9055400e+05   3.5766602e+01
   4.9060400e+05   4.2419434e+01
   4.9079500e+05   3.6926270e+01
   4.9082200e+05   3.5522461e+01
   4.9107200e+05   3.6926270e+01
   4.9241800e+05   3.5034180e+01
   6.0099800e+05   3.6499023e+01
   6.0102100e+05   3.4118652e+01
   6.0108800e+05   3.4484863e+01
   6.0112600e+05   4.2358398e+01
   6.0116800e+05   3.6071777e+01
   6.0141200e+05   3.9733887e+01
   6.0147400e+05   4.1503906e+01
   6.0295700e+05   3.4423828e+01
   6.6523600e+05   3.5034180e+01
   6.6783500e+05   3.4790039e+01
   6.6826500e+05   4.0466309e+01
   6.6828500e+05   3.6010742e+01
   6.6833900e+05   3.6560059e+01
   6.6837500e+05   3.9184570e+01
   6.6839300e+05   4.3395996e+01
   6.6864200e+05   3.7048340e+01
   6.6874300e+05   4.0893555e+01
   7.6043300e+05   3.6315918e+01
   7.6162400e+05   3.9245605e+01
   7.6169700e+05   3.5583496e+01
   7.6177500e+05   3.8757324e+01
   7.6182900e+05   5.4748535e+01
   7.6646700e+05   3.5156250e+01
   7.6649000e+05   5.1757813e+01
   7.6652900e+05   4.3029785e+01
   7.6659300e+05   4.4067383e+01
   7.6663600e+05   3.5461426e+01
   7.6790000e+05   3.4301758e+01
   7.6817700e+05   3.8452148e+01
   8.7725800e+05   3.4362793e+01
   8.9878200e+05   3.4118652e+01
   8.9882300e+05   3.9550781e+01
   8.9890500e+05   4.0283203e+01
   8.9901600e+05   4.0771484e+01
   8.9904000e+05   3.6193848e+01
   8.9913600e+05   4.1931152e+01
   8.9914900e+05   3.5217285e+01
   8.9918600e+05   3.7841797e+01
   8.9929000e+05   4.4555664e+01
   9.0084700e+05   3.5583496e+01
   9.0095500e+05   3.8452148e+01
   9.3083300e+05   3.4606934e+01
   9.5803000e+05   3.4545898e+01
   1.0082310e+06   3.4240723e+01
   1.0294730e+06   4.5837402e+01
   1.0295090e+06   3.5156250e+01
   1.0295220e+06   3.6987305e+01
   1.0295400e+06   3.4484863e+01
   1.0295880e+06   3.9978027e+01
   1.0296200e+06   3.4667969e+01
   1.0296930e+06   3.8574219e+01
   1.0297990e+06   3.5827637e+01
   1.0298590e+06   3.7170410e+01
   1.0299320e+06   3.7780762e+01
   1.0310930e+06   4.1137695e+01
   1.0311340e+06   3.5888672e+01
   1.0846290e+06   3.8635254e+01
   1.1474520e+06   3.6621094e+01
   1.1474680e+06   3.8635254e+01
   1.1475060e+06   3.7109375e+01
   1.1475570e+06   3.7902832e+01
   1.1476290e+06   3.4606934e+01
   1.1476400e+06   4.0954590e+01
   1.1476780e+06   3.4118652e+01
   1.1490700e+06   3.4667969e+01
   1.2566820e+06   4.0527344e+01
   1.2571200e+06   3.4973145e+01
   1.2704640e+06   3.4484863e+01
   1.2773290e+06   3.4912109e+01
   1.2773710e+06   3.6804199e+01
   1.2785640e+06   4.7790527e+01
   1.2786090e+06   3.4912109e+01
   1.2786400e+06   3.5278320e+01
   1.2786710e+06   4.4921875e+01
   1.2787640e+06   3.9428711e+01
   1.2788310e+06   3.4362793e+01
   1.2788890e+06   3.9062500e+01
   1.2789600e+06   3.7658691e+01
   1.2790210e+06   3.6621094e+01
   1.2790670e+06   3.7353516e+01
   1.2808290e+06   3.6193848e+01
   1.2808810e+06   3.4423828e+01
   1.3769110e+06   3.3935547e+01
   1.3770240e+06   3.7048340e+01
   1.3784290e+06   3.5644531e+01
   1.3917350e+06   3.7475586e+01
   1.4023920e+06   3.7048340e+01
   1.4036350e+06   4.8645020e+01
   1.4036690e+06   3.6010742e+01
   1.4039110e+06   4.6752930e+01
   1.4039330e+06   4.7729492e+01
   1.4039840e+06   3.4240723e+01
   1.4040010e+06   4.9133301e+01
   1.4040860e+06   3.8452148e+01
   1.4280650e+06   3.7414551e+01
   1.4280880e+06   3.7231445e+01
   1.4281790e+06   3.4301758e+01
   1.4548920e+06   3.8940430e+01
   1.4557800e+06   3.4301758e+01
   1.4558050e+06   3.4118652e+01
   1.4671680e+06   4.6630859e+01
   1.4860590e+06   4.3212891e+01
   1.4861470e+06   3.6132813e+01
   1.4862060e+06   4.1931152e+01
   1.4862580e+06   3.6376953e+01
   1.4863110e+06   3.5095215e+01
   1.4863760e+06   3.8330078e+01
   1.4864340e+06   3.6499023e+01
   1.4881460e+06   3.4362793e+01
   1.5748400e+06   3.4545898e+01
   1.5897700e+06   3.5888672e+01
   1.6086490e+06   4.0039062e+01
   1.6238670e+06   4.1625977e+01
   1.6238910e+06   6.3110352e+01
   1.6239100e+06   4.9316406e+01
   1.6239360e+06   4.0405273e+01
   1.6239970e+06   4.1870117e+01
   1.6240180e+06   5.0720215e+01
   1.6240680e+06   4.2480469e+01
   1.6240880e+06   5.0048828e+01
   1.6241090e+06   4.5593262e+01
   1.6253470e+06   3.4606934e+01
   1.7046850e+06   3.6437988e+01
   1.7366460e+06   4.5471191e+01
   1.7366750e+06   3.4179688e+01
   1.7368160e+06   3.5095215e+01
   1.7486300e+06   3.4667969e+01
   1.7491120e+06   3.8085938e+01
   1.7491970e+06   3.6743164e+01
   1.7493150e+06   3.5461426e+01
   1.7782560e+06   3.7170410e+01
   1.7782900e+06   4.5471191e+01
   1.7783080e+06   3.7475586e+01
   1.7783490e+06   6.0974121e+01
   1.7783720e+06   4.4067383e+01
   1.7784180e+06   4.4616699e+01
   1.7785160e+06   4.6752930e+01
   1.7785370e+06   4.2907715e+01
   1.7786190e+06   3.3935547e+01
   1.7786610e+06   3.5949707e+01
   1.7787080e+06   3.4973145e+01
   1.7801060e+06   3.4179688e+01
   1.8985760e+06   3.5034180e+01
   1.8986010e+06   5.8715820e+01
   1.8986150e+06   3.9672852e+01
   1.8986790e+06   3.6193848e+01
   1.8987220e+06   3.9489746e+01
   1.8987410e+06   3.7048340e+01
   1.8987530e+06   5.1757813e+01
   1.8987690e+06   3.9184570e+01
   1.8988020e+06   4.1687012e+01
   1.9001500e+06   3.5461426e+01
   2.0255170e+06   3.5156250e+01
   2.0586960e+06   3.5217285e+01
   2.0587460e+06   4.1564941e+01
   2.0588990e+06   3.3874512e+01
   2.0785100e+06   4.8645020e+01
   2.0785670e+06   4.6752930e+01
   2.0786450e+06   3.4545898e+01
   2.0786750e+06   5.0903320e+01
   2.0787040e+06   3.4301758e+01
   2.0788290e+06   5.2856445e+01
   2.0788640e+06   4.9072266e+01
   2.0789620e+06   3.6010742e+01
   2.1548740e+06   3.6987305e+01
   2.1588440e+06   3.4912109e+01
   2.1963760e+06   3.7902832e+01
   2.1963900e+06   4.1625977e+01
   2.1964240e+06   4.1259766e+01
   2.1964390e+06   3.5583496e+01
   2.1965220e+06   3.6743164e+01
   2.1965530e+06   3.5827637e+01
   2.1966660e+06   4.6691895e+01
   2.2984290e+06   3.4667969e+01
   2.3105080e+06   4.4982910e+01
   2.3106010e+06   3.4301758e+01
   2.3106180e+06   5.3771973e+01
   2.3106520e+06   3.9306641e+01
   2.3107000e+06   3.4912109e+01
   2.3107200e+06   4.8034668e+01
   2.3107550e+06   3.7536621e+01
   2.3107660e+06   5.4016113e+01
   2.3107870e+06   4.0405273e+01
   2.3330050e+06   3.4973145e+01
   2.3471090e+06   3.5766602e+01
   2.3611030e+06   3.5888672e+01
   2.3611640e+06   3.9306641e+01
   2.3761260e+06   3.7780762e+01
   2.3761710e+06   4.9926758e+01
   2.3761830e+06   3.9367676e+01
   2.3762150e+06   3.4667969e+01
   2.3762650e+06   3.5461426e+01
   2.3763910e+06   4.5288086e+01
   2.3764120e+06   4.2175293e+01
   2.3764670e+06   3.6071777e+01
   2.3765110e+06   3.7048340e+01
   2.3780450e+06   4.0344238e+01
   2.4247900e+06   3.5827637e+01
   2.4384480e+06   3.4545898e+01
   2.5040040e+06   3.3996582e+01
   2.5228840e+06   3.9184570e+01
   2.5229000e+06   3.9978027e+01
   2.5231180e+06   3.7963867e+01
   2.5231440e+06   3.4606934e+01
   2.5910550e+06   3.5949707e+01
   2.6069560e+06   3.5339355e+01
   2.6070180e+06   4.3334961e+01
   2.6138470e+06   4.8461914e+01
   2.6138800e+06   3.6132813e+01
   2.6138980e+06   3.4362793e+01
   2.6139840e+06   3.7231445e+01
   2.6140100e+06   4.7485352e+01
   2.6208170e+06   3.7414551e+01
   2.6208360e+06   3.8452148e+01
   2.6208660e+06   3.9428711e+01
   2.6273770e+06   3.7719727e+01
   2.6274160e+06   4.2419434e+01
   2.6274880e+06   3.7292480e+01
   2.6275490e+06   5.7189941e+01
   2.6275940e+06   4.1992188e+01
   2.6276460e+06   4.5166016e+01
   2.6277240e+06   3.6926270e+01
   2.6290470e+06   5.0415039e+01
   2.6291520e+06   3.7170410e+01
   2.6293060e+06   3.3935547e+01
   2.7893250e+06   3.3935547e+01
   2.7893580e+06   6.1645508e+01
   2.7893920e+06   3.5888672e+01
   2.7894800e+06   3.8757324e+01
   2.7895970e+06   3.9611816e+01
   2.7900190e+06   5.1513672e+01
   2.8270810e+06   3.5400391e+01
   2.8349430e+06   3.4301758e+01
   2.8693950e+06   3.9550781e+01
   2.8797190e+06   3.5278320e+01
   2.8895240e+06   3.6315918e+01
   2.8897900e+06   5.7739258e+01
   2.8898670e+06   3.4301758e+01
   2.8908310e+06   3.7170410e+01
   2.8908620e+06   4.4799805e+01
   2.8908820e+06   4.0527344e+01
   2.8909080e+06   4.0649414e+01
   2.8910480e+06   4.7973633e+01
   2.8977430e+06   4.1564941e+01
   2.8977560e+06   5.1391602e+01
   2.8977910e+06   4.2785645e+01
   2.8978720e+06   3.4729004e+01
   2.8978990e+06   4.9926758e+01
   2.8979330e+06   3.7963867e+01
   2.8979790e+06   3.5949707e+01
   2.8980050e+06   4.3212891e+01
   2.8994140e+06   3.5461426e+01
   3.0440860e+06   3.5522461e+01
   3.0441140e+06   4.5166016e+01
   3.0441430e+06   3.7048340e+01
   3.0441660e+06   3.8940430e+01
   3.0442430e+06   3.9306641e+01
   3.0674120e+06   3.7353516e+01
   3.1144860e+06   4.0527344e+01
   3.1208550e+06   3.6437988e+01
   3.1208920e+06   3.4057617e+01
   3.1234480e+06   4.1931152e+01
   3.1235260e+06   3.4973145e+01
   3.1235400e+06   3.5644531e+01
   3.1236430e+06   4.1564941e+01
   3.1236750e+06   5.0109863e+01
   3.1236890e+06   3.5522461e+01
   3.1237920e+06   3.7597656e+01
   3.1238390e+06   5.6884766e+01
   3.1238790e+06   3.4851074e+01
   3.1424160e+06   3.4484863e+01
   3.1558200e+06   3.4057617e+01
   3.1594910e+06   3.6132813e+01
   3.1595320e+06   3.4912109e+01
   3.1596020e+06   3.8391113e+01
   3.1772600e+06   4.0832520e+01
   3.1776480e+06   3.9184570e+01
   3.1835090e+06   3.4606934e+01
   3.1964350e+06   3.4545898e+01
   3.1964640e+06   3.9428711e+01
   3.2016940e+06   4.0344238e+01
   3.2017270e+06   3.4301758e+01
   3.2017580e+06   4.0222168e+01
   3.2137740e+06   3.9489746e+01
   3.2139060e+06   3.7597656e+01
   3.2139750e+06   3.8452148e+01
   3.2140260e+06   4.6081543e+01
   3.2140530e+06   4.4250488e+01
   3.2140950e+06   3.8452148e+01
   3.2141430e+06   3.9916992e+01
   3.2142160e+06   3.5461426e+01
   3.2142260e+06   3.9184570e+01
   3.2142830e+06   4.5471191e+01
   3.2143930e+06   3.6804199e+01
   3.2156530e+06   4.3090820e+01
   3.2366130e+06   3.9062500e+01
   3.2900460e+06   3.4423828e+01
   3.2958250e+06   3.4118652e+01
   3.3022930e+06   3.5156250e+01
   3.3023430e+06   3.3874512e+01
   3.3024770e+06   3.4179688e+01
   3.3235920e+06   3.6010742e+01
   3.3239270e+06   3.4179688e+01
   3.3355170e+06   4.3212891e+01
   3.3355380e+06   3.8085938e+01
   3.3355960e+06   4.6020508e+01
   3.3356420e+06   3.7048340e+01
   3.3356680e+06   3.7292480e+01
   3.3356900e+06   3.7109375e+01
   3.3358140e+06   3.4790039e+01
   3.3358350e+06   3.7048340e+01
   3.3358910e+06   4.2297363e+01
   3.3359320e+06   4.0893555e+01
   3.3359740e+06   3.4057617e+01
   3.3656860e+06   3.4057617e+01
   3.3657300e+06   5.6274414e+01
   3.3657440e+06   4.1687012e+01
   3.3657700e+06   4.9011230e+01
   3.3657920e+06   3.7170410e+01
   3.3658190e+06   5.9753418e+01
   3.3658710e+06   3.9367676e+01
   3.3671180e+06   4.8583984e+01
   3.4318590e+06   3.4667969e+01
   3.4850400e+06   3.4851074e+01
   3.5013620e+06   3.3935547e+01
   3.5359380e+06   3.5156250e+01
   3.5447560e+06   5.5297852e+01
   3.5447690e+06   3.5705566e+01
   3.5447900e+06   3.7780762e+01
   3.5448110e+06   5.8044434e+01
   3.5448380e+06   3.9306641e+01
   3.5448770e+06   3.9978027e+01
   3.5449370e+06   3.7841797e+01
   3.5449770e+06   4.5898438e+01
   3.5450600e+06   3.6437988e+01
   3.5461190e+06   4.4860840e+01
   3.5461980e+06   3.5339355e+01
   3.5462760e+06   3.6437988e+01
   3.6510140e+06   4.1503906e+01
   3.6627090e+06   3.4851074e+01
   3.6642540e+06   3.8085938e+01
   3.6749970e+06   3.9672852e+01
   3.7015580e+06   4.3640137e+01
   3.7019270e+06   3.3935547e+01
   3.7019830e+06   3.6499023e+01
   3.7019930e+06   3.9733887e+01
   3.7020210e+06   3.6376953e+01
   3.7021360e+06   3.6071777e+01
   3.7207600e+06   3.7048340e+01
   3.7379170e+06   3.4118652e+01
   3.7497850e+06   3.4057617e+01
   3.7531570e+06   5.5480957e+01
   3.7531750e+06   5.9326172e+01
   3.7532200e+06   3.5705566e+01
   3.7533360e+06   4.7241211e+01
   3.7595100e+06   4.7485352e+01
   3.7712470e+06   3.6315918e+01
   3.7712690e+06   3.4851074e+01
   3.7714310e+06   3.4484863e+01
   3.7760670e+06   3.5278320e+01
   3.7761470e+06   3.4057617e+01
   3.7810420e+06   3.6132813e+01
   3.7810720e+06   3.3996582e+01
   3.7810930e+06   4.0283203e+01
   3.7873890e+06   3.5339355e+01
   3.7875980e+06   4.1870117e+01
   3.8056350e+06   3.6804199e+01
   3.8060280e+06   3.4912109e+01
   3.8061370e+06   3.5766602e+01
   3.8202130e+06   3.6437988e+01
   3.8202600e+06   3.6254883e+01
   3.8205490e+06   4.9072266e+01
   3.8206690e+06   3.5705566e+01
   3.8207830e+06   4.1442871e+01
   3.8209270e+06   3.5095215e+01
   3.8786380e+06   3.5583496e+01
   3.8846700e+06   4.9560547e+01
   3.8849570e+06   3.4362793e+01
   3.8850310e+06   3.5644531e+01
   3.8937020e+06   4.2663574e+01
   3.8938250e+06   3.8635254e+01
   3.8940200e+06   3.5888672e+01
   3.8981710e+06   4.2968750e+01
   3.9047510e+06   3.7902832e+01
   3.9047870e+06   3.6621094e+01
   3.9048340e+06   3.4545898e+01
   3.9051250e+06   3.5522461e+01
   3.9051690e+06   3.4057617e+01
   3.9054700e+06   3.5461426e+01
   3.9554120e+06   3.5278320e+01
   3.9586660e+06   3.5339355e+01
   3.9588380e+06   4.0954590e+01
   3.9589790e+06   3.5156250e+01
   3.9711750e+06   3.8269043e+01
   3.9713000e+06   3.6010742e+01
   3.9728840e+06   3.7231445e+01
   3.9728970e+06   4.5410156e+01
   3.9729590e+06   4.0039063e+01
   3.9730560e+06   4.4372559e+01
   3.9731000e+06   3.7353516e+01
   3.9743380e+06   4.3273926e+01
   3.9744540e+06   3.6926270e+01
   4.0581600e+06   3.4057617e+01
   4.0746900e+06   4.4189453e+01
   4.0748720e+06   4.7790527e+01
   4.0763530e+06   3.8940430e+01
   4.0763760e+06   3.5034180e+01
   4.0764070e+06   3.7170410e+01
   4.0764280e+06   4.2358398e+01
   4.0764470e+06   3.8208008e+01
   4.0765220e+06   3.5400391e+01
   4.1151190e+06   3.9306641e+01
   4.1152100e+06   4.1687012e+01
   4.1152500e+06   3.4973145e+01
   4.1156240e+06   3.4667969e+01
   4.1514440e+06   3.3874512e+01
   4.1514760e+06   4.7058105e+01
   4.1515080e+06   3.9733887e+01
   4.1515700e+06   3.5217285e+01
   4.1612370e+06   3.3996582e+01
   4.1867110e+06   3.4851074e+01
   4.1969010e+06   5.0842285e+01
   4.1969190e+06   3.5827637e+01
   4.1969910e+06   4.1503906e+01
   4.1970020e+06   3.7414551e+01
   4.1970330e+06   3.8574219e+01
   4.1970820e+06   4.3457031e+01
   4.1971030e+06   4.1198730e+01
   4.1971190e+06   4.4433594e+01
   4.1971590e+06   4.5837402e+01
   4.1971820e+06   3.6315918e+01
   4.1981980e+06   3.4423828e+01
   4.1983050e+06   3.7353516e+01
   4.1983600e+06   3.4301758e+01
   4.3230380e+06   3.5522461e+01
   4.3235140e+06   3.5583496e+01
   4.3414380e+06   3.7231445e+01
   4.3414690e+06   3.4362793e+01
   4.3415500e+06   4.1320801e+01
   4.3415620e+06   3.6865234e+01
   4.3415970e+06   3.7597656e+01
   4.3416430e+06   4.7424316e+01
   4.3417010e+06   3.8635254e+01
   4.3418100e+06   3.4301758e+01
   4.3418960e+06   3.5522461e+01
   4.3419450e+06   3.4179688e+01
   4.3432780e+06   3.8757324e+01
   4.3433120e+06   3.6193848e+01
   4.3790160e+06   3.4362793e+01
   4.3811680e+06   4.0344238e+01
   4.3812650e+06   4.1992188e+01
   4.4339470e+06   3.4667969e+01
   4.4339830e+06   4.2907715e+01
   4.4340930e+06   4.2785645e+01
   4.4341740e+06   3.4362793e+01
   4.4541600e+06   3.6071777e+01
   4.4974390e+06   3.5705566e+01
   4.4974690e+06   4.5715332e+01
   4.4975280e+06   4.5043945e+01
   4.4975500e+06   5.6213379e+01
   4.4975850e+06   3.7536621e+01
   4.4976410e+06   3.8574219e+01
   4.4977010e+06   5.4809570e+01
   4.4977510e+06   4.7180176e+01
   4.4989090e+06   3.7109375e+01
   4.4989820e+06   4.0527344e+01
   4.4990110e+06   3.6743164e+01
   4.4991900e+06   3.7963867e+01
   4.6336630e+06   4.0283203e+01
   4.6336880e+06   4.1625977e+01
   4.6337010e+06   3.7170410e+01
   4.6487700e+06   3.4851074e+01
   4.7016940e+06   3.4118652e+01
   4.7098090e+06   3.5766602e+01
   4.7103200e+06   3.9184570e+01
   4.7486090e+06   4.4921875e+01
   4.7486240e+06   4.0100098e+01
   4.7487440e+06   4.4372559e+01
   4.7488460e+06   4.0344238e+01
   4.7488790e+06   4.2297363e+01
   4.7489020e+06   3.6193848e+01
   4.7489360e+06   4.2602539e+01
   4.7500940e+06   3.7536621e+01
   4.7502130e+06   4.2846680e+01
   4.8387820e+06   3.3874512e+01
   4.8399990e+06   3.4973145e+01
   4.8403800e+06   3.8330078e+01
   4.8498350e+06   3.9001465e+01
   4.8632080e+06   3.4912109e+01
   4.8632210e+06   3.8269043e+01
   4.8632680e+06   4.2175293e+01
   4.8632970e+06   4.6203613e+01
   4.8634110e+06   3.4484863e+01
   4.8634510e+06   3.5461426e+01
   4.8635990e+06   3.5400391e+01
   4.8637670e+06   3.4973145e+01
   4.8638430e+06   3.5888672e+01
   4.8885580e+06   4.7058105e+01
   4.8885710e+06   3.3996582e+01
   4.8885990e+06   4.4189453e+01
   4.8886290e+06   3.6987305e+01
   4.8886850e+06   4.2907715e+01
   4.8887030e+06   4.2236328e+01
   4.8887240e+06   4.5410156e+01
   4.8887410e+06   3.8513184e+01
   4.8888460e+06   4.9438477e+01
   4.8903340e+06   3.9245605e+01
   4.8906000e+06   4.6447754e+01
   4.8961930e+06   4.0771484e+01
   4.8962150e+06   6.7321777e+01
   4.8962500e+06   3.6499023e+01
   4.8962630e+06   3.9306641e+01
   4.8962930e+06   3.9916992e+01
   4.8963350e+06   4.2785645e+01
   4.8963540e+06   3.6865234e+01
   4.8975390e+06   3.6865234e+01
   5.1524470e+06   4.6508789e+01
   5.1857570e+06   3.4057617e+01
   5.2350340e+06   3.4851074e+01
   5.2350530e+06   3.7414551e+01
   5.2351040e+06   3.4729004e+01
   5.2351470e+06   4.4738770e+01
   5.2352030e+06   3.7902832e+01
   5.2352790e+06   3.6621094e+01
   5.2353520e+06   3.6560059e+01
   5.2353730e+06   3.9916992e+01
   5.2354090e+06   4.4250488e+01
   5.2354670e+06   3.5400391e+01
   5.2469890e+06   4.4738770e+01
   5.2470120e+06   3.9001465e+01
   5.2470370e+06   4.2419434e+01
   5.2470590e+06   3.9855957e+01
   5.2470730e+06   4.9865723e+01
   5.2471230e+06   3.7841797e+01
   5.2471640e+06   3.7414551e+01
   5.2472530e+06   3.6437988e+01
   5.2477140e+06   3.8757324e+01
   5.2652790e+06   3.5766602e+01
   5.3427170e+06   3.7048340e+01
   5.3428580e+06   3.6987305e+01
   5.3431620e+06   3.6804199e+01
   5.3433260e+06   3.4851074e+01
   5.3743130e+06   3.4851074e+01
   5.4414560e+06   4.1015625e+01
   5.4415970e+06   3.5156250e+01
   5.4416160e+06   3.8085938e+01
   5.4416510e+06   4.9194336e+01
   5.4417330e+06   3.7109375e+01
   5.4418070e+06   3.7963867e+01
   5.4420790e+06   3.6560059e+01
   5.4420890e+06   3.6071777e+01
   5.5175820e+06   3.4240723e+01
   5.5176590e+06   3.7353516e+01
   5.5396070e+06   3.3996582e+01
   5.5444020e+06   3.5583496e+01
   5.5551100e+06   3.3996582e+01
   5.5744940e+06   3.4240723e+01
   5.6053130e+06   4.3457031e+01
   5.6116840e+06   3.4545898e+01
   5.6205220e+06   4.3273926e+01
   5.6333040e+06   3.5766602e+01
   5.6392650e+06   3.5095215e+01
   5.6393060e+06   3.9550781e+01
   5.6393250e+06   3.7475586e+01
   5.6393470e+06   3.7231445e+01
   5.6393980e+06   3.5949707e+01
   5.6394290e+06   4.9072266e+01
   5.6394530e+06   5.9570313e+01
   5.6394880e+06   4.3579102e+01
   5.6395190e+06   5.1391602e+01
   5.6395400e+06   3.6315918e+01
   5.6395570e+06   3.4301758e+01
   5.6396080e+06   4.1381836e+01
   5.6409910e+06   3.4179688e+01
   5.6411420e+06   3.9367676e+01
   5.6487730e+06   3.9611816e+01
   5.6487860e+06   4.4311523e+01
   5.6488110e+06   4.9865723e+01
   5.6488290e+06   7.6965332e+01
   5.6488570e+06   5.1940918e+01
   5.6488790e+06   4.3090820e+01
   5.6504510e+06   3.7292480e+01
   5.6504740e+06   3.9733887e+01
   5.6505240e+06   3.4667969e+01
   5.6505520e+06   3.4667969e+01
   5.6506310e+06   4.6020508e+01
   5.7260050e+06   3.4973145e+01
   5.8161900e+06   3.5095215e+01
   5.8620310e+06   3.7353516e+01
   5.8825220e+06   3.5034180e+01
   5.8827380e+06   3.3874512e+01
   5.8844700e+06   4.0100098e+01
   5.8844850e+06   3.5522461e+01
   5.8845110e+06   3.4362793e+01
   5.8845450e+06   3.4851074e+01
   5.8846430e+06   3.5156250e+01
   5.8846610e+06   3.5644531e+01
   5.9003630e+06   3.8269043e+01
   5.9003810e+06   3.8818359e+01
   5.9004160e+06   3.5583496e+01
   5.9681500e+06   3.6010742e+01
   5.9681710e+06   4.6569824e+01
   5.9683050e+06   3.6682129e+01
   5.9684070e+06   3.6682129e+01
   5.9687050e+06   3.6926270e+01
   5.9687640e+06   3.4912109e+01
   5.9688180e+06   4.0283203e+01
   5.9688990e+06   3.5217285e+01
   5.9689390e+06   3.6743164e+01
   5.9689720e+06   4.1564941e+01
   5.9690060e+06   3.4790039e+01
   5.9788430e+06   3.5034180e+01
   5.9963510e+06   3.9733887e+01
   5.9963840e+06   4.2541504e+01
   5.9964450e+06   3.5095215e+01
   5.9964860e+06   3.7292480e+01
   5.9965040e+06   3.5888672e+01
   5.9965350e+06   3.5705566e+01
   5.9965550e+06   3.6132813e+01
   5.9965930e+06   3.6071777e+01
   5.9966250e+06   4.7485352e+01
   5.9966420e+06   3.4606934e+01
   5.9967420e+06   5.2429199e+01
   5.9967670e+06   4.0771484e+01
   5.9967990e+06   3.5766602e+01
   5.9968610e+06   4.9987793e+01
   5.9969350e+06   3.7475586e+01
   5.9969880e+06   4.0283203e+01
   6.0095800e+06   4.5593262e+01
   6.0096100e+06   3.6560059e+01
   6.0096420e+06   3.5705566e+01
   6.0096580e+06   3.5705566e+01
   6.0096700e+06   4.9560547e+01
   6.0096900e+06   4.9438477e+01
   6.0097090e+06   4.5043945e+01
   6.0097420e+06   4.7119141e+01
   6.0097590e+06   4.9987793e+01
   6.0097970e+06   3.6071777e+01
   6.0109650e+06   3.5278320e+01
   6.1491860e+06   3.4606934e+01
   6.1614320e+06   3.7048340e+01
   6.1615070e+06   4.2724609e+01
   6.1615310e+06   4.5349121e+01
   6.1616090e+06   4.4494629e+01
   6.1616410e+06   4.8706055e+01
   6.1617400e+06   3.4179688e+01
   6.1698650e+06   3.6376953e+01
   6.1699000e+06   4.0893555e+01
   6.1699120e+06   3.8452148e+01
   6.1699590e+06   6.9580078e+01
   6.1699870e+06   4.9743652e+01
   6.1700370e+06   4.0222168e+01
   6.1700470e+06   3.7353516e+01
   6.2084540e+06   4.3151855e+01
   6.2371140e+06   3.8452148e+01
   6.2491750e+06   3.8818359e+01
   6.2491850e+06   4.1503906e+01
   6.2492100e+06   4.5837402e+01
   6.2492700e+06   3.7841797e+01
   6.2492840e+06   4.3029785e+01
   6.2493320e+06   3.5583496e+01
   6.2493690e+06   3.7597656e+01
   6.2494030e+06   5.3100586e+01
   6.2494330e+06   3.6743164e+01
   6.2494470e+06   4.2663574e+01
   6.2495050e+06   4.2480469e+01
   6.3108430e+06   3.5461426e+01
   6.3160950e+06   3.4118652e+01
   6.3492470e+06   3.7475586e+01
   6.3497730e+06   4.3579102e+01
   6.3590790e+06   3.9916992e+01
   6.3898890e+06   3.5766602e+01
   6.3899460e+06   3.6071777e+01
   6.3938890e+06   3.4240723e+01
   6.4000670e+06   3.4301758e+01
   6.4107660e+06   3.8024902e+01
   6.4191190e+06   4.2602539e+01
   6.4191680e+06   3.7170410e+01
   6.4191950e+06   3.9306641e+01
   6.4192700e+06   3.8452148e+01
   6.4193120e+06   4.0527344e+01
   6.4193310e+06   3.5583496e+01
   6.4193720e+06   3.4240723e+01
   6.4195140e+06   3.4484863e+01
   6.4543520e+06   3.5278320e+01
   6.4928020e+06   4.0161133e+01
   6.5047650e+06   4.3579102e+01
   6.5047770e+06   4.3701172e+01
   6.5323780e+06   3.9794922e+01
   6.5514150e+06   3.6865234e+01
   6.5620970e+06   3.4240723e+01
   6.5708520e+06   4.3579102e+01
   6.5723460e+06   3.5522461e+01
   6.5724030e+06   3.8085938e+01
   6.5724960e+06   3.8818359e+01
   6.5886510e+06   3.4484863e+01
   6.5886710e+06   4.0649414e+01
   6.5975740e+06   3.8757324e+01
   6.5980290e+06   3.5583496e+01
   6.6090840e+06   3.4057617e+01
   6.6099200e+06   3.8879395e+01
   6.6190380e+06   3.6987305e+01
   6.6190780e+06   3.5827637e+01
   6.6190900e+06   3.5522461e+01
   6.6191330e+06   5.3588867e+01
   6.6191550e+06   3.6682129e+01
   6.6192130e+06   4.1503906e+01
   6.6192680e+06   3.3935547e+01
   6.6193070e+06   4.0771484e+01
   6.6193320e+06   3.6315918e+01
   6.6193790e+06   5.7556152e+01
   6.6194070e+06   4.4921875e+01
   6.6194360e+06   3.5705566e+01
   6.6194790e+06   3.7475586e+01
   6.6334540e+06   3.4057617e+01
   6.6335530e+06   3.4301758e+01
   6.6516270e+06   3.9916992e+01
   6.6516700e+06   3.6865234e+01
   6.6517070e+06   4.0954590e+01
   6.6517330e+06   4.3640137e+01
   6.6518030e+06   4.8950195e+01
   6.6518160e+06   3.5888672e+01
   6.6518430e+06   4.9438477e+01
   6.6519010e+06   3.8452148e+01
   6.6519460e+06   3.4362793e+01
   6.6519650e+06   3.4606934e+01
   6.6520280e+06   3.5888672e+01
   6.6529260e+06   3.8085938e+01
   6.6530240e+06   4.5104980e+01
   6.7610470e+06   3.4423828e+01
   6.7983820e+06   3.5217285e+01
   6.7984090e+06   3.8513184e+01
   6.7985410e+06   3.9367676e+01
   6.7988660e+06   3.4362793e+01
   6.7998630e+06   4.1748047e+01
   6.7998820e+06   5.0292969e+01
   6.7999300e+06   4.3701172e+01
   6.7999460e+06   4.2541504e+01
   6.7999750e+06   4.7363281e+01
   6.7999880e+06   4.1259766e+01
   6.8763740e+06   3.8757324e+01
   6.8763910e+06   5.6823730e+01
   6.8764580e+06   3.5278320e+01
   6.8765030e+06   3.9123535e+01
   6.8765740e+06   3.8208008e+01
   6.8768110e+06   4.1015625e+01
   6.8777120e+06   3.9916992e+01
   6.8777690e+06   3.4179687e+01
   6.9002080e+06   3.5400391e+01
   6.9748860e+06   3.4851074e+01
   7.0181360e+06   3.5705566e+01
   7.0315680e+06   3.8391113e+01
   7.0315860e+06   3.4301758e+01
   7.0475830e+06   3.6315918e+01
   7.0909430e+06   3.4667969e+01
   7.1258270e+06   3.7170410e+01
   7.1532340e+06   3.9123535e+01
   7.1562000e+06   3.4484863e+01
   7.1728200e+06   3.8391113e+01
   7.1728350e+06   3.5034180e+01
   7.1729100e+06   4.8461914e+01
   7.1729640e+06   3.7780762e+01
   7.2212530e+06   3.3935547e+01
   7.2270040e+06   3.5034180e+01
   7.2271540e+06   3.8635254e+01
   7.2271760e+06   3.4057617e+01
   7.2272420e+06   3.5766602e+01
   7.2272540e+06   3.7841797e+01
   7.2273190e+06   3.7475586e+01
   7.2273800e+06   3.8146973e+01
   7.2274190e+06   3.6987305e+01
   7.2275250e+06   3.4301758e+01
   7.2275830e+06   3.5949707e+01
   7.2276170e+06   4.4555664e+01
   7.2416770e+06   3.4179688e+01
   7.2418060e+06   3.4057617e+01
   7.2419620e+06   3.6437988e+01
   7.2513830e+06   3.5949707e+01
   7.2513950e+06   3.5705566e+01
   7.2514600e+06   4.6630859e+01
   7.2515660e+06   3.7719727e+01
   7.2515770e+06   3.4179688e+01
   7.2591820e+06   3.5339355e+01
   7.2683870e+06   3.7597656e+01
   7.2685120e+06   3.5705566e+01
   7.2734160e+06   3.3874512e+01
   7.2842260e+06   4.4677734e+01
   7.2843000e+06   3.5278320e+01
   7.2843290e+06   4.1503906e+01
   7.2843780e+06   4.3518066e+01
   7.2844120e+06   3.7902832e+01
   7.2844280e+06   5.0048828e+01
   7.2844820e+06   3.7170410e+01
   7.2845100e+06   4.3762207e+01
   7.2873540e+06   3.7841797e+01
   7.2877000e+06   3.6437988e+01
   7.2878050e+06   3.7170410e+01
   7.4097580e+06   3.6926270e+01
   7.4663260e+06   3.4606934e+01
   7.4665970e+06   3.6437988e+01
   7.4666360e+06   3.9794922e+01
   7.4666470e+06   3.7536621e+01
   7.4666740e+06   3.7231445e+01
   7.4751030e+06   3.4423828e+01
   7.4940390e+06   4.1748047e+01
   7.5395010e+06   3.8452148e+01
   7.5546890e+06   3.6560059e+01
   7.5547490e+06   3.6560059e+01
   7.5548420e+06   3.6315918e+01
   7.5549820e+06   3.4240723e+01
   7.5550250e+06   3.5705566e+01
   7.5550690e+06   4.8828125e+01
   7.5551240e+06   3.4301758e+01
   7.5552110e+06   3.4423828e+01
   7.5564840e+06   3.8513184e+01
   7.5565310e+06   3.5644531e+01
   7.5867800e+06   3.4179688e+01
   7.6000270e+06   4.2724609e+01
   7.6000550e+06   5.4748535e+01
   7.6082670e+06   3.5095215e+01
   7.6105400e+06   4.9438477e+01
   7.6105620e+06   3.6926270e+01
   7.6105800e+06   4.2785645e+01
   7.6106190e+06   3.7719727e+01
   7.6108140e+06   4.8400879e+01
   7.6190490e+06   3.4729004e+01
   7.6541800e+06   5.5358887e+01
   7.6541970e+06   3.7475586e+01
   7.6542250e+06   5.1574707e+01
   7.6542720e+06   4.5288086e+01
   7.6542920e+06   3.9245605e+01
   7.6543130e+06   5.4687500e+01
   7.6543520e+06   4.2541504e+01
   7.6543780e+06   3.8146973e+01
   7.6543970e+06   3.9794922e+01
   7.6544340e+06   4.1442871e+01
   7.6544920e+06   3.8635254e+01
   7.6555890e+06   3.4729004e+01
   7.6556400e+06   3.4973145e+01
   7.7218650e+06   3.4179688e+01
   7.8126570e+06   4.5166016e+01
   7.8126820e+06   3.4606934e+01
   7.8127020e+06   3.4545898e+01
   7.8127140e+06   3.5278320e+01
   7.8127560e+06   4.9926758e+01
   7.8127900e+06   4.8095703e+01
   7.8128010e+06   3.8757324e+01
   7.8128160e+06   3.4851074e+01
   7.8128490e+06   3.4790039e+01
   7.8128920e+06   4.5776367e+01
   7.8142910e+06   6.1035156e+01
   7.9931540e+06   3.9184570e+01
   7.9932200e+06   3.7048340e+01
   7.9932900e+06   4.4006348e+01
   7.9933210e+06   4.3884277e+01
   7.9933900e+06   4.0344238e+01
   7.9935580e+06   3.6621094e+01
   7.9936500e+06   4.0527344e+01
   7.9936800e+06   3.7963867e+01
   8.0258670e+06   3.4790039e+01
   8.0462080e+06   4.3212891e+01
   8.0462240e+06   3.4423828e+01
   8.0462910e+06   3.9611816e+01
   8.1046820e+06   5.2978516e+01
   8.1047260e+06   4.4372559e+01
   8.1048170e+06   3.4790039e+01
   8.1048480e+06   3.6926270e+01
   8.1048580e+06   4.1198730e+01
   8.1049130e+06   4.0161133e+01
   8.1049390e+06   3.7841797e+01
   8.1049650e+06   5.0048828e+01
   8.1050290e+06   3.8391113e+01
   8.1060260e+06   3.3874512e+01
   8.1113160e+06   3.5644531e+01
   8.1113610e+06   3.4484863e+01
   8.1114220e+06   4.3884277e+01
   8.1115040e+06   3.6193848e+01
   8.1115440e+06   3.8269043e+01
   8.1116010e+06   6.3476563e+01
   8.1116510e+06   3.4362793e+01
   8.1127420e+06   3.4240723e+01
   8.1128280e+06   3.9001465e+01
   8.1130000e+06   3.8635254e+01
   8.1546910e+06   3.3874512e+01
   8.2367320e+06   3.7475586e+01
   8.3358060e+06   3.6499023e+01
   8.3641390e+06   3.4423828e+01
   8.3641800e+06   4.1259766e+01
   8.3643520e+06   3.6376953e+01
   8.4657970e+06   3.6437988e+01
   8.4790610e+06   3.5278320e+01
   8.5276450e+06   3.5461426e+01
   8.5277050e+06   3.5278320e+01
   8.5277590e+06   3.4362793e+01
   8.5489050e+06   3.4484863e+01
   8.5549480e+06   3.6926270e+01
   8.6039860e+06   3.3996582e+01
   8.6100250e+06   3.4912109e+01
   8.6301810e+06   3.5156250e+01
   8.6302690e+06   3.5156250e+01
   8.6479270e+06   3.4790039e+01
   8.6479470e+06   3.7597656e+01
   8.6479670e+06   4.2846680e+01
   8.6479960e+06   3.6804199e+01
   8.6480120e+06   3.9062500e+01
   8.6480360e+06   3.6193848e+01
   8.6480800e+06   3.8208008e+01
   8.6481530e+06   4.5166016e+01
   8.6481920e+06   3.6499023e+01
   8.6482360e+06   4.6142578e+01
   8.6482680e+06   3.8269043e+01
   8.6483190e+06   3.7536621e+01
   8.6483870e+06   3.9306641e+01
   8.6496240e+06   3.5583496e+01
   8.6655150e+06   3.5522461e+01
   8.7342170e+06   3.6132813e+01
   8.7343920e+06   5.4260254e+01
   8.7344200e+06   5.8349609e+01
   8.7344480e+06   4.7546387e+01
   8.7344620e+06   3.4667969e+01
   8.7345240e+06   4.1564941e+01
   8.7345440e+06   3.8085938e+01
   8.7346410e+06   4.1259766e+01
   8.7359740e+06   5.1757813e+01
   8.8581270e+06   3.6743164e+01
   8.8630180e+06   3.5583496e+01
   8.8756300e+06   4.0283203e+01
   8.8756600e+06   3.7780762e+01
   8.8756800e+06   4.1442871e+01
   8.8758140e+06   4.0222168e+01
   8.8760170e+06   4.6447754e+01
   8.8917010e+06   3.5522461e+01
   8.8917260e+06   4.5715332e+01
   8.8917490e+06   4.0588379e+01
   8.8917970e+06   4.7607422e+01
   8.8918940e+06   3.4301758e+01
   8.8919290e+06   3.9550781e+01
   8.8919420e+06   3.7170410e+01
   8.8919830e+06   4.0100098e+01
   8.8933410e+06   3.4057617e+01
   8.8934230e+06   3.7902832e+01
   8.9319080e+06   3.9855957e+01
   8.9319870e+06   3.4545898e+01
   8.9321130e+06   3.5888672e+01
   8.9541120e+06   3.6682129e+01
   8.9600110e+06   3.5339355e+01
   8.9600350e+06   3.5949707e+01
   8.9600470e+06   3.5400391e+01
   8.9600820e+06   3.9978027e+01
   8.9602750e+06   3.8269043e+01
   8.9796850e+06   4.2785645e+01
   8.9797110e+06   5.0476074e+01
   8.9797520e+06   4.0893555e+01
   8.9797770e+06   4.2419434e+01
   8.9798070e+06   3.9184570e+01
   8.9798340e+06   3.5888672e+01
   8.9798760e+06   3.7719727e+01
   8.9799620e+06   4.0039062e+01
   8.9801020e+06   4.2785645e+01
   8.9813160e+06   3.9062500e+01
   8.9814620e+06   3.3874512e+01
   8.9937830e+06   3.7353516e+01
   8.9938160e+06   4.5532227e+01
   8.9938540e+06   5.4138184e+01
   8.9938780e+06   4.1503906e+01
   8.9939120e+06   3.6071777e+01
   8.9939390e+06   4.4799805e+01
   8.9940490e+06   3.7780762e+01
   8.9951770e+06   3.7658691e+01
   8.9953270e+06   3.4057617e+01
   9.0621130e+06   3.7231445e+01
   9.1073380e+06   3.4545898e+01
   9.1188250e+06   3.7902832e+01
   9.1188990e+06   4.0283203e+01
   9.1744510e+06   3.4667969e+01
   9.1813160e+06   3.6499023e+01
   9.2210040e+06   3.6254883e+01
   9.2324140e+06   4.8034668e+01
   9.2324600e+06   4.9316406e+01
   9.2325350e+06   4.1198730e+01
   9.2567370e+06   3.5095215e+01
   9.3084030e+06   3.7353516e+01
   9.3365090e+06   3.4240723e+01
   9.3602120e+06   3.4057617e+01
   9.3855090e+06   4.2419434e+01
   9.3971710e+06   4.4372559e+01
   9.3972150e+06   4.9682617e+01
   9.3973220e+06   3.5461426e+01
   9.4150060e+06   3.4790039e+01
   9.4313400e+06   3.5461426e+01
   9.4688600e+06   3.9001465e+01
   9.4689580e+06   3.6926270e+01
   9.4790350e+06   3.4790039e+01
   9.5035140e+06   3.5095215e+01
   9.5153620e+06   3.8208008e+01
   9.5363690e+06   3.4790039e+01
   9.5645100e+06   3.4790039e+01
   9.5753460e+06   3.7292480e+01
   9.6073430e+06   3.4729004e+01
   9.6163890e+06   3.5278320e+01
   9.6164080e+06   3.4484863e+01
   9.6164280e+06   3.8513184e+01
   9.6567400e+06   3.8513184e+01
   9.6567720e+06   5.0231934e+01
   9.6568400e+06   4.5471191e+01
   9.6568590e+06   5.5786133e+01
   9.6569050e+06   3.8696289e+01
   9.6569610e+06   3.6132812e+01
   9.6570850e+06   4.6569824e+01
   9.7938240e+06   3.7841797e+01
   9.8020360e+06   3.4301758e+01
   9.8020720e+06   3.3935547e+01
   9.8021600e+06   4.8095703e+01
   9.8021720e+06   3.9306641e+01
   9.8021870e+06   3.4362793e+01
   9.8022070e+06   4.5043945e+01
   9.8022330e+06   3.7963867e+01
   9.8022640e+06   5.2185059e+01
   9.8022790e+06   3.9855957e+01
   9.8023000e+06   3.7719727e+01
   9.8023430e+06   4.2724609e+01
   9.8023710e+06   3.5095215e+01
   9.8025000e+06   3.8208008e+01
   9.8742530e+06   3.9489746e+01
   9.8742640e+06   3.4851074e+01
   9.8743120e+06   4.0771484e+01
   9.8743490e+06   3.4912109e+01
   9.8744220e+06   4.3151855e+01
   9.8744720e+06   3.4301758e+01
   9.8744940e+06   3.9001465e+01
   9.8745390e+06   3.4790039e+01
   9.8754890e+06   3.4423828e+01
   9.8756880e+06   3.6132813e+01
   9.8758070e+06   3.8208008e+01
   9.9127240e+06   3.4851074e+01
   9.9811710e+06   3.5095215e+01
   1.0003656e+07   3.5949707e+01
   1.0007584e+07   3.8146973e+01
   1.0018096e+07   3.5888672e+01
   1.0082605e+07   3.9794922e+01
   1.0122936e+07   4.3395996e+01
   1.0123058e+07   3.3935547e+01
   1.0124786e+07   3.6315918e+01
   1.0124801e+07   3.6865234e+01
   1.0124823e+07   3.8940430e+01
   1.0124875e+07   4.7058105e+01
   1.0124895e+07   3.5705566e+01
   1.0124931e+07   4.6997070e+01
   1.0124963e+07   3.4423828e+01
   1.0124987e+07   4.1442871e+01
   1.0125754e+07   3.3874512e+01
   1.0125915e+07   3.4179688e+01
   1.0126250e+07   4.2175293e+01
   1.0126302e+07   3.5278320e+01
   1.0126408e+07   3.7292480e+01
   1.0225040e+07   3.4545898e+01
   1.0251799e+07   3.7841797e+01
   1.0287674e+07   3.4851074e+01
   1.0287808e+07   4.1625977e+01
   1.0317670e+07   3.4667969e+01
   1.0319010e+07   3.5644531e+01
   1.0346738e+07   3.4057617e+01
   1.0347278e+07   3.6499023e+01
   1.0417181e+07   3.5095215e+01
   1.0420927e+07   4.0710449e+01
   1.0425574e+07   3.7353516e+01
   1.0444301e+07   3.3935547e+01
   1.0455956e+07   3.6315918e+01
   1.0478735e+07   3.9978027e+01
   1.0490294e+07   3.6193848e+01
   1.0493971e+07   3.4851074e+01
   1.0552430e+07   4.0039063e+01
   1.0598222e+07   3.4973145e+01
   1.0598246e+07   3.6132813e+01
   1.0598291e+07   3.5339355e+01
   1.0598334e+07   3.6621094e+01
   1.0598399e+07   4.5654297e+01
   1.0598465e+07   5.6823730e+01
   1.0598513e+07   3.9245605e+01
   1.0598584e+07   3.4545898e+01
   1.0598610e+07   3.7536621e+01
   1.0598680e+07   3.7658691e+01
   1.0600005e+07   3.8574219e+01
   1.0600040e+07   4.3640137e+01
   1.0600126e+07   3.3996582e+01
   1.0600168e+07   4.0771484e+01
   1.0600216e+07   3.5522461e+01
   1.0609700e+07   3.3874512e+01
   1.0788900e+07   3.6376953e+01
   1.0803535e+07   3.4667969e+01
   1.0853643e+07   3.7963867e+01
   1.0853675e+07   3.5400391e+01
   1.0853701e+07   3.8208008e+01
   1.0853711e+07   4.6875000e+01
   1.0853742e+07   3.9367676e+01
   1.0853756e+07   3.4362793e+01
   1.0853824e+07   4.3884277e+01
   1.0853838e+07   3.3874512e+01
   1.0853866e+07   4.2785645e+01
   1.0853915e+07   4.4982910e+01
   1.0853934e+07   3.4667969e+01
   1.0854077e+07   3.5339355e+01
   1.0855440e+07   3.5827637e+01
   1.0855510e+07   3.4057617e+01
   1.0864993e+07   3.5583496e+01
   1.0865059e+07   3.5888672e+01
   1.0865081e+07   3.9672852e+01
   1.0865103e+07   3.7719727e+01
   1.0865124e+07   3.4729004e+01
   1.0865146e+07   4.7241211e+01
   1.0865174e+07   4.5104980e+01
   1.0865221e+07   4.0954590e+01
   1.0865253e+07   3.9245605e+01
   1.0866217e+07   3.6010742e+01
   1.0866237e+07   3.4545898e+01
   1.0866252e+07   3.6804199e+01
   1.0866277e+07   3.4851074e+01
   1.0866352e+07   3.7780762e+01
   1.0866424e+07   3.5278320e+01
   1.0920482e+07   3.6193848e+01
   1.0926110e+07   3.4545898e+01
   1.0931928e+07   3.6987305e+01
   1.1008006e+07   3.4667969e+01
   1.1020108e+07   3.5766602e+01
   1.1066819e+07   3.4301758e+01
   1.1079125e+07   3.4362793e+01
   1.1096787e+07   3.4484863e+01
   1.1181025e+07   3.5217285e+01
   1.1242035e+07   3.4362793e+01
   1.1244583e+07   3.5705566e+01
   1.1268427e+07   4.6142578e+01
   1.1268497e+07   4.6813965e+01
   1.1268608e+07   3.9306641e+01
   1.1268619e+07   3.5827637e+01
   1.1268633e+07   3.9978027e+01
   1.1268648e+07   4.6752930e+01
   1.1268737e+07   3.9794922e+01
   1.1268769e+07   3.3996582e+01
   1.1268816e+07   3.6499023e+01
   1.1328721e+07   3.3996582e+01
   1.1357335e+07   3.6254883e+01
   1.1358756e+07   3.9245605e+01
   1.1358782e+07   3.5461426e+01
   1.1358810e+07   3.4118652e+01
   1.1358836e+07   3.6560059e+01
   1.1358850e+07   4.1198730e+01
   1.1358872e+07   3.5400391e+01
   1.1358907e+07   4.2602539e+01
   1.1358944e+07   6.5429688e+01
   1.1358959e+07   4.7119141e+01
   1.1360164e+07   3.7231445e+01
   1.1360183e+07   4.7973633e+01
   1.1360259e+07   3.9367676e+01
   1.1360329e+07   3.4545898e+01
   1.1368011e+07   3.7841797e+01
   1.1368046e+07   4.9682617e+01
   1.1368058e+07   3.8574219e+01
   1.1368083e+07   4.0710449e+01
   1.1368094e+07   3.5400391e+01
   1.1368156e+07   3.8452148e+01
   1.1369528e+07   3.5217285e+01
   1.1623648e+07   3.6376953e+01
   1.1627642e+07   3.4973145e+01
   1.1684180e+07   3.5217285e+01
   1.1684248e+07   3.7353516e+01
   1.1684265e+07   3.7170410e+01
   1.1684287e+07   5.7861328e+01
   1.1684329e+07   3.8208008e+01
   1.1684392e+07   3.5705566e+01
   1.1684416e+07   3.8452148e+01
   1.1684436e+07   3.5949707e+01
   1.1685885e+07   3.4240723e+01
   1.1686141e+07   4.1503906e+01
   1.1801012e+07   3.4912109e+01
   1.1801081e+07   4.1931152e+01
   1.1801091e+07   3.5522461e+01
   1.1801111e+07   3.5705566e+01
   1.1801123e+07   5.2307129e+01
   1.1801151e+07   3.4362793e+01
   1.1801166e+07   3.8818359e+01
   1.1801176e+07   4.3334961e+01
   1.1801201e+07   4.9987793e+01
   1.1801229e+07   4.5349121e+01
   1.1801245e+07   3.5705566e+01
   1.1801301e+07   4.9987793e+01
   1.1802658e+07   3.8513184e+01
   1.1802712e+07   3.4057617e+01
   1.1808870e+07   3.9184570e+01
   1.1808900e+07   5.4565430e+01
   1.1808930e+07   5.1879883e+01
   1.1808957e+07   3.8330078e+01
   1.1808977e+07   4.1809082e+01
   1.1809041e+07   3.6010742e+01
   1.1810142e+07   3.6315918e+01
   1.1810309e+07   3.5339355e+01
   1.1810347e+07   3.8330078e+01
   1.1934667e+07   3.5705566e+01
   1.1936455e+07   3.6376953e+01
