   1.1999000e+07   0.0000000e+00
   2.7880000e+04   5.9631348e+01
   2.7910000e+04   6.5185547e+01
   2.8076000e+04   4.5593262e+01
   2.8115000e+04   4.6386719e+01
   2.8187000e+04   4.2785645e+01
   2.9611000e+04   4.2724609e+01
   2.9671000e+04   4.5532227e+01
   1.4225800e+05   5.3833008e+01
   1.4226800e+05   4.9011230e+01
   1.4238800e+05   5.1452637e+01
   1.4243500e+05   4.6081543e+01
   1.4247900e+05   4.4555664e+01
   1.4257300e+05   4.1809082e+01
   1.5054000e+05   4.2663574e+01
   2.7774200e+05   4.1870117e+01
   2.9673000e+05   4.1687012e+01
   2.9707700e+05   4.6020508e+01
   2.9708800e+05   4.7058105e+01
   2.9725400e+05   5.1086426e+01
   2.9733700e+05   4.5898438e+01
   3.9632200e+05   4.8095703e+01
   3.9641300e+05   4.8217773e+01
   3.9642500e+05   4.8217773e+01
   3.9657400e+05   5.9082031e+01
   3.9658400e+05   4.5166016e+01
   3.9663100e+05   4.7363281e+01
   3.9673100e+05   4.2053223e+01
   4.6127900e+05   5.1269531e+01
   4.9051600e+05   4.1870117e+01
   4.9057000e+05   4.6752930e+01
   4.9058300e+05   4.3518066e+01
   4.9067400e+05   4.7668457e+01
   4.9068600e+05   4.7485352e+01
   4.9081800e+05   5.2368164e+01
   4.9084100e+05   4.3395996e+01
   4.9280700e+05   4.3762207e+01
   6.0096200e+05   4.2114258e+01
   6.0099200e+05   4.2785645e+01
   6.0100300e+05   5.0354004e+01
   6.0104000e+05   4.8034668e+01
   6.0112400e+05   4.5043945e+01
   6.0117200e+05   4.5166016e+01
   6.0124900e+05   4.2785645e+01
   6.0137400e+05   4.4921875e+01
   6.0140700e+05   5.0842285e+01
   6.6824400e+05   4.6936035e+01
   6.6831300e+05   5.9082031e+01
   6.6834300e+05   4.8217773e+01
   6.6840200e+05   4.5410156e+01
   6.6843700e+05   4.2297363e+01
   6.6845900e+05   4.8583984e+01
   6.6848600e+05   4.1870117e+01
   6.6856800e+05   4.1870117e+01
   6.6873000e+05   4.6752930e+01
   6.6878200e+05   4.2846680e+01
   7.6160400e+05   4.3395996e+01
   7.6163200e+05   6.8237305e+01
   7.6165000e+05   5.0354004e+01
   7.6174300e+05   4.4921875e+01
   7.6177400e+05   4.1503906e+01
   7.6182500e+05   4.2724609e+01
   7.6186500e+05   4.4067383e+01
   7.6642700e+05   4.3884277e+01
   7.6646400e+05   4.9987793e+01
   7.6650200e+05   4.9560547e+01
   7.6652900e+05   6.0363770e+01
   7.6654100e+05   5.3344727e+01
   7.6656800e+05   5.4382324e+01
   8.9900800e+05   4.4128418e+01
   8.9905000e+05   4.9499512e+01
   8.9914700e+05   4.8156738e+01
   8.9918200e+05   4.4494629e+01
   8.9919500e+05   4.6386719e+01
   8.9923500e+05   4.6875000e+01
   8.9929600e+05   4.5104980e+01
   1.0294270e+06   4.6569824e+01
   1.0295100e+06   5.2185059e+01
   1.0295280e+06   4.2053223e+01
   1.0295780e+06   4.3701172e+01
   1.0296090e+06   4.2602539e+01
   1.0296570e+06   5.4016113e+01
   1.0296970e+06   4.6691895e+01
   1.0297200e+06   4.3701172e+01
   1.0297540e+06   4.2602539e+01
   1.0298420e+06   4.2419434e+01
   1.1211510e+06   4.4189453e+01
   1.1474630e+06   8.0932617e+01
   1.1474770e+06   5.8898926e+01
   1.1475250e+06   5.6762695e+01
   1.1475380e+06   4.8950195e+01
   1.1475530e+06   4.2480469e+01
   1.1475800e+06   5.3283691e+01
   1.1476140e+06   4.8828125e+01
   1.1489460e+06   4.2419434e+01
   1.2785400e+06   5.4809570e+01
   1.2785590e+06   4.9316406e+01
   1.2785810e+06   4.8950195e+01
   1.2787370e+06   4.5227051e+01
   1.2788070e+06   4.4433594e+01
   1.2788250e+06   4.9865723e+01
   1.2789730e+06   4.5837402e+01
   1.3917080e+06   4.2663574e+01
   1.3917350e+06   4.4738770e+01
   1.4036080e+06   5.7922363e+01
   1.4036320e+06   4.7973633e+01
   1.4037070e+06   4.4860840e+01
   1.4037380e+06   4.1748047e+01
   1.4037910e+06   4.2419434e+01
   1.4038580e+06   4.3151855e+01
   1.4039080e+06   5.3466797e+01
   1.4040080e+06   5.0537109e+01
   1.4595100e+06   4.3762207e+01
   1.4860460e+06   4.9560547e+01
   1.4860820e+06   4.7973633e+01
   1.4861970e+06   4.4311523e+01
   1.4863210e+06   4.4067383e+01
   1.5894480e+06   4.2724609e+01
   1.6043840e+06   4.2785645e+01
   1.6238530e+06   4.2236328e+01
   1.6238900e+06   5.4199219e+01
   1.6239160e+06   5.7739258e+01
   1.6239420e+06   5.6884766e+01
   1.6239680e+06   7.4523926e+01
   1.6239820e+06   5.4016113e+01
   1.6240060e+06   4.9316406e+01
   1.6240400e+06   4.3518066e+01
   1.6252660e+06   5.4992676e+01
   1.6253350e+06   4.4128418e+01
   1.6253510e+06   4.1503906e+01
   1.6254500e+06   4.3579102e+01
   1.7490890e+06   5.4016113e+01
   1.7491250e+06   4.3701172e+01
   1.7491510e+06   4.6386719e+01
   1.7491800e+06   4.7790527e+01
   1.7492280e+06   4.9926758e+01
   1.7782150e+06   5.1452637e+01
   1.7783380e+06   4.3212891e+01
   1.7783670e+06   4.8950195e+01
   1.7784090e+06   5.0476074e+01
   1.7784320e+06   6.3415527e+01
   1.7786570e+06   4.3395996e+01
   1.8977360e+06   4.5715332e+01
   1.8985580e+06   4.9804688e+01
   1.8985810e+06   4.9194336e+01
   1.8986250e+06   4.8095703e+01
   1.8986750e+06   4.2358398e+01
   1.8987380e+06   5.3405762e+01
   2.0587670e+06   4.7729492e+01
   2.0784690e+06   5.2307129e+01
   2.0785020e+06   4.2907715e+01
   2.0785240e+06   4.9133301e+01
   2.0785830e+06   4.4616699e+01
   2.0785990e+06   5.5114746e+01
   2.0786460e+06   4.1564941e+01
   2.0786900e+06   4.8522949e+01
   2.0787220e+06   4.9621582e+01
   2.0787680e+06   4.8461914e+01
   2.0788020e+06   5.0903320e+01
   2.0789350e+06   4.3518066e+01
   2.0789820e+06   4.5043945e+01
   2.0790090e+06   4.3701172e+01
   2.1963710e+06   6.4575195e+01
   2.1964810e+06   4.6630859e+01
   2.1965150e+06   5.2673340e+01
   2.1966470e+06   5.2307129e+01
   2.1966800e+06   4.6081543e+01
   2.3106130e+06   4.5959473e+01
   2.3106970e+06   4.6875000e+01
   2.3107070e+06   4.2968750e+01
   2.3107440e+06   4.6447754e+01
   2.3109450e+06   4.4860840e+01
   2.3609950e+06   4.3395996e+01
   2.3760840e+06   4.5166016e+01
   2.3761010e+06   5.1208496e+01
   2.3761240e+06   5.1574707e+01
   2.3761570e+06   5.4138184e+01
   2.3763400e+06   4.5715332e+01
   2.3764270e+06   4.2907715e+01
   2.3764500e+06   6.2377930e+01
   2.5230100e+06   4.2175293e+01
   2.6138310e+06   4.8522949e+01
   2.6138460e+06   4.7424316e+01
   2.6208190e+06   4.2724609e+01
   2.6273880e+06   4.3884277e+01
   2.6274110e+06   4.6569824e+01
   2.6274830e+06   4.7119141e+01
   2.6274950e+06   4.1748047e+01
   2.6275210e+06   5.7556152e+01
   2.6275390e+06   6.1035156e+01
   2.6275800e+06   6.3415527e+01
   2.6276300e+06   4.7119141e+01
   2.6276560e+06   4.7180176e+01
   2.6277190e+06   4.1748047e+01
   2.6289650e+06   4.4799805e+01
   2.6290230e+06   4.2175293e+01
   2.6290630e+06   4.4555664e+01
   2.6290900e+06   4.1564941e+01
   2.6292850e+06   4.3212891e+01
   2.7892980e+06   4.1564941e+01
   2.7893210e+06   4.1748047e+01
   2.7893400e+06   6.0729980e+01
   2.7893640e+06   4.2114258e+01
   2.7893970e+06   5.4260254e+01
   2.7894700e+06   4.3518066e+01
   2.7899500e+06   4.6691895e+01
   2.8897090e+06   4.2114258e+01
   2.8908100e+06   5.4748535e+01
   2.8908380e+06   5.2734375e+01
   2.8908620e+06   4.3334961e+01
   2.8909020e+06   5.1574707e+01
   2.8977350e+06   4.4555664e+01
   2.8977810e+06   5.0170898e+01
   2.8977960e+06   5.2001953e+01
   2.8978290e+06   4.2114258e+01
   2.8978930e+06   5.1513672e+01
   2.8979980e+06   4.9743652e+01
   2.8991400e+06   4.5837402e+01
   2.8992650e+06   4.5471191e+01
   2.8993780e+06   4.3701172e+01
   3.0190520e+06   4.4738770e+01
   3.0440760e+06   4.6813965e+01
   3.0440950e+06   4.1931152e+01
   3.0441220e+06   5.5114746e+01
   3.0441540e+06   4.2846680e+01
   3.0441910e+06   4.2419434e+01
   3.1233890e+06   4.4311523e+01
   3.1235310e+06   4.2297363e+01
   3.1236890e+06   4.3212891e+01
   3.1237730e+06   5.0720215e+01
   3.1238500e+06   4.5837402e+01
   3.1424640e+06   4.4128418e+01
   3.1594440e+06   4.8583984e+01
   3.1594810e+06   4.9926758e+01
   3.1834760e+06   4.2541504e+01
   3.2016750e+06   4.4616699e+01
   3.2016900e+06   4.8767090e+01
   3.2017050e+06   4.5227051e+01
   3.2137840e+06   4.2968750e+01
   3.2138000e+06   4.2846680e+01
   3.2138600e+06   4.6325684e+01
   3.2140970e+06   4.4555664e+01
   3.2141380e+06   4.4616699e+01
   3.2141580e+06   4.2053223e+01
   3.2142490e+06   4.2541504e+01
   3.2143570e+06   4.7180176e+01
   3.2156280e+06   4.2846680e+01
   3.3023770e+06   4.9560547e+01
   3.3236750e+06   5.0842285e+01
   3.3355150e+06   6.4086914e+01
   3.3355380e+06   5.6030273e+01
   3.3355550e+06   4.7790527e+01
   3.3355840e+06   4.3884277e+01
   3.3356730e+06   4.5776367e+01
   3.3358190e+06   4.1992188e+01
   3.3359780e+06   4.6630859e+01
   3.3656860e+06   6.7687988e+01
   3.3657080e+06   4.7851563e+01
   3.3657280e+06   4.5715332e+01
   3.3657600e+06   4.4128418e+01
   3.3657880e+06   4.2846680e+01
   3.3658260e+06   5.0537109e+01
   3.3671190e+06   4.8767090e+01
   3.4850040e+06   4.1687012e+01
   3.5358900e+06   4.4921875e+01
   3.5447420e+06   4.6020508e+01
   3.5447910e+06   5.3894043e+01
   3.5448250e+06   5.5603027e+01
   3.5448390e+06   6.2622070e+01
   3.5448710e+06   5.6274414e+01
   3.7015450e+06   4.4860840e+01
   3.7019000e+06   4.4555664e+01
   3.7019440e+06   4.8095703e+01
   3.7020130e+06   7.5500488e+01
   3.7020470e+06   4.4616699e+01
   3.7531500e+06   4.3579102e+01
   3.7533930e+06   4.7607422e+01
   3.7594800e+06   5.9631348e+01
   3.7595200e+06   4.3640137e+01
   3.7810890e+06   4.4311523e+01
   3.7873770e+06   4.1503906e+01
   3.8057740e+06   4.3518066e+01
   3.8058600e+06   5.8776855e+01
   3.8060270e+06   4.3090820e+01
   3.8203760e+06   5.1208496e+01
   3.8203960e+06   4.2053223e+01
   3.8204670e+06   5.4260254e+01
   3.8205070e+06   4.1870117e+01
   3.8205520e+06   4.3701172e+01
   3.8206390e+06   4.1687012e+01
   3.9047320e+06   4.4311523e+01
   3.9047600e+06   4.1687012e+01
   3.9047960e+06   4.4189453e+01
   3.9049350e+06   5.3222656e+01
   3.9052860e+06   5.1391602e+01
   3.9587120e+06   4.4982910e+01
   3.9728560e+06   5.3649902e+01
   3.9728900e+06   5.0964355e+01
   3.9729110e+06   4.4250488e+01
   3.9730360e+06   4.1503906e+01
   3.9730950e+06   4.4189453e+01
   3.9731560e+06   5.2368164e+01
   3.9743530e+06   4.3212891e+01
   4.0745460e+06   4.9865723e+01
   4.0747270e+06   4.3579102e+01
   4.0748060e+06   4.7241211e+01
   4.0749090e+06   4.6264648e+01
   4.0749700e+06   4.8095703e+01
   4.1151450e+06   5.2978516e+01
   4.1151760e+06   4.1503906e+01
   4.1968570e+06   4.3579102e+01
   4.1969050e+06   5.7373047e+01
   4.1969150e+06   4.7912598e+01
   4.1969430e+06   4.8217773e+01
   4.1970290e+06   4.3762207e+01
   4.1970890e+06   4.3273926e+01
   4.1971700e+06   4.7790527e+01
   4.1983620e+06   4.3823242e+01
   4.3414580e+06   4.6447754e+01
   4.3415240e+06   4.3273926e+01
   4.3415870e+06   4.4494629e+01
   4.3416110e+06   5.3527832e+01
   4.3417730e+06   4.2541504e+01
   4.4339920e+06   4.1625977e+01
   4.4541330e+06   4.4860840e+01
   4.4974580e+06   4.4921875e+01
   4.4974730e+06   4.7180176e+01
   4.4975870e+06   5.1696777e+01
   4.4975980e+06   4.5288086e+01
   4.4976300e+06   4.9438477e+01
   4.4977030e+06   4.1564941e+01
   4.4990780e+06   4.7302246e+01
   4.6336240e+06   4.3579102e+01
   4.6336580e+06   5.0720215e+01
   4.6336850e+06   4.4128418e+01
   4.7486070e+06   4.5471191e+01
   4.7486270e+06   4.9194336e+01
   4.7486550e+06   5.2001953e+01
   4.7486900e+06   4.8889160e+01
   4.7487170e+06   4.6752930e+01
   4.7487480e+06   5.5603027e+01
   4.7487820e+06   5.7189941e+01
   4.7489080e+06   5.2185059e+01
   4.7489420e+06   4.6875000e+01
   4.7489860e+06   4.4921875e+01
   4.8632410e+06   5.4992676e+01
   4.8633260e+06   4.5715332e+01
   4.8633440e+06   4.9194336e+01
   4.8634330e+06   4.2968750e+01
   4.8635520e+06   5.2001953e+01
   4.8638890e+06   4.2297363e+01
   4.8885390e+06   4.4921875e+01
   4.8885800e+06   5.9753418e+01
   4.8886420e+06   4.3212891e+01
   4.8886710e+06   4.3945313e+01
   4.8887650e+06   4.5166016e+01
   4.8888500e+06   4.5410156e+01
   4.8962210e+06   6.1462402e+01
   4.8962370e+06   4.2541504e+01
   4.8963080e+06   4.3090820e+01
   4.8963310e+06   4.4677734e+01
   4.8977240e+06   4.3212891e+01
   5.2350160e+06   4.2236328e+01
   5.2353350e+06   4.3701172e+01
   5.2353760e+06   4.8889160e+01
   5.2354610e+06   4.5166016e+01
   5.2469950e+06   4.4677734e+01
   5.2470170e+06   4.3273926e+01
   5.2470540e+06   4.5654297e+01
   5.2470990e+06   4.6508789e+01
   5.2471140e+06   4.2297363e+01
   5.2471830e+06   4.4616699e+01
   5.2472250e+06   4.4433594e+01
   5.2474200e+06   4.4555664e+01
   5.2475200e+06   4.3457031e+01
   5.4415200e+06   4.9621582e+01
   5.4415320e+06   4.2724609e+01
   5.4415770e+06   4.4677734e+01
   5.4416160e+06   5.1696777e+01
   5.4416590e+06   5.7495117e+01
   5.4416880e+06   4.2419434e+01
   5.4417950e+06   5.2185059e+01
   5.4420200e+06   4.3273926e+01
   5.4421800e+06   4.2175293e+01
   5.6392190e+06   4.1687012e+01
   5.6392840e+06   4.7607422e+01
   5.6393240e+06   5.2246094e+01
   5.6393720e+06   4.3029785e+01
   5.6394030e+06   4.5227051e+01
   5.6394350e+06   7.1899414e+01
   5.6394500e+06   5.6640625e+01
   5.6394870e+06   7.1472168e+01
   5.6487260e+06   5.4260254e+01
   5.6487960e+06   4.4921875e+01
   5.6488390e+06   4.1564941e+01
   5.6488880e+06   5.0354004e+01
   5.6489700e+06   4.6264648e+01
   5.6506270e+06   4.3273926e+01
   5.8844740e+06   4.5532227e+01
   5.8845130e+06   4.4311523e+01
   5.8845500e+06   4.1625977e+01
   5.8846000e+06   4.1809082e+01
   5.8846620e+06   4.5104980e+01
   5.9003810e+06   6.1706543e+01
   5.9687190e+06   4.2968750e+01
   5.9688390e+06   4.1687012e+01
   5.9688960e+06   4.4250488e+01
   5.9690740e+06   5.0415039e+01
   5.9963320e+06   5.8532715e+01
   5.9963620e+06   4.5654297e+01
   5.9964290e+06   5.0109863e+01
   5.9964780e+06   5.0231934e+01
   5.9965740e+06   4.9621582e+01
   5.9965890e+06   4.9133301e+01
   5.9966410e+06   4.4677734e+01
   5.9967000e+06   4.9194336e+01
   5.9967560e+06   4.2236328e+01
   5.9967920e+06   5.6030273e+01
   6.0095580e+06   5.8715820e+01
   6.0095970e+06   5.0231934e+01
   6.0096360e+06   4.7973633e+01
   6.0096690e+06   4.1931152e+01
   6.0097210e+06   4.4311523e+01
   6.0111220e+06   4.3273926e+01
   6.1610470e+06   4.3701172e+01
   6.1615600e+06   4.5593262e+01
   6.1699260e+06   4.2175293e+01
   6.1699790e+06   7.0678711e+01
   6.1699910e+06   5.7128906e+01
   6.1700590e+06   4.4860840e+01
   6.1701430e+06   4.2175293e+01
   6.1701700e+06   4.7302246e+01
   6.1702690e+06   4.4982910e+01
   6.2483100e+06   4.2907715e+01
   6.2491600e+06   4.4067383e+01
   6.2491740e+06   5.7128906e+01
   6.2491930e+06   5.9570313e+01
   6.2492290e+06   5.5114746e+01
   6.2492620e+06   5.9509277e+01
   6.2492720e+06   5.7312012e+01
   6.2493350e+06   4.3945313e+01
   6.2494000e+06   5.5175781e+01
   6.4002310e+06   4.1625977e+01
   6.4191090e+06   4.7668457e+01
   6.4191560e+06   4.5776367e+01
   6.4191850e+06   4.1931152e+01
   6.4192720e+06   5.1818848e+01
   6.4194910e+06   4.8095703e+01
   6.5048410e+06   4.5654297e+01
   6.5723600e+06   4.5837402e+01
   6.5724140e+06   4.3395996e+01
   6.5724700e+06   4.1931152e+01
   6.5886700e+06   5.1513672e+01
   6.5975310e+06   4.7485352e+01
   6.5975710e+06   4.3823242e+01
   6.6190630e+06   4.3212891e+01
   6.6190750e+06   7.3059082e+01
   6.6191030e+06   5.0659180e+01
   6.6191960e+06   4.5104980e+01
   6.6192140e+06   4.3029785e+01
   6.6193590e+06   5.3466797e+01
   6.6194010e+06   4.4677734e+01
   6.6194510e+06   4.6691895e+01
   6.6516790e+06   4.4189453e+01
   6.6517230e+06   5.0292969e+01
   6.6517360e+06   4.8645020e+01
   6.6517640e+06   5.4382324e+01
   6.6517920e+06   5.2001953e+01
   6.6518170e+06   4.8706055e+01
   6.6518530e+06   4.2236328e+01
   6.6518880e+06   4.2541504e+01
   6.6530000e+06   4.4860840e+01
   6.7999820e+06   4.2053223e+01
   6.8000210e+06   4.5654297e+01
   6.8763960e+06   4.6752930e+01
   6.8764120e+06   4.4067383e+01
   6.8764390e+06   5.5114746e+01
   6.8764560e+06   6.1706543e+01
   6.8764850e+06   5.4748535e+01
   6.8765130e+06   4.1870117e+01
   6.8765370e+06   4.6691895e+01
   6.8766030e+06   4.6325684e+01
   6.8767640e+06   4.4311523e+01
   6.9001870e+06   5.1452637e+01
   7.1728500e+06   4.8950195e+01
   7.1990890e+06   4.2358398e+01
   7.2107870e+06   4.2968750e+01
   7.2271270e+06   4.8278809e+01
   7.2272970e+06   5.0048828e+01
   7.2273410e+06   4.3395996e+01
   7.2273750e+06   4.5776367e+01
   7.2274050e+06   7.4096680e+01
   7.2274200e+06   4.2297363e+01
   7.2274690e+06   4.3273926e+01
   7.2275070e+06   4.1625977e+01
   7.2842320e+06   4.4067383e+01
   7.2842710e+06   4.7180176e+01
   7.2842900e+06   5.1757813e+01
   7.2843190e+06   4.2541504e+01
   7.2843530e+06   5.0476074e+01
   7.2843830e+06   7.9711914e+01
   7.2843950e+06   5.2368164e+01
   7.2844920e+06   4.2846680e+01
   7.2873610e+06   4.4006348e+01
   7.2875260e+06   4.4921875e+01
   7.4663950e+06   4.2236328e+01
   7.4665960e+06   4.6447754e+01
   7.4666080e+06   4.2358398e+01
   7.4666550e+06   4.6386719e+01
   7.5546930e+06   4.2602539e+01
   7.5547360e+06   4.7912598e+01
   7.5547980e+06   4.8339844e+01
   7.5550100e+06   5.2001953e+01
   7.5550240e+06   4.6081543e+01
   7.5550590e+06   7.4584961e+01
   7.5550880e+06   4.7912598e+01
   7.5551020e+06   5.6152344e+01
   7.5564330e+06   4.7912598e+01
   7.5869610e+06   4.3640137e+01
   7.5999900e+06   4.4128418e+01
   7.6000080e+06   4.1870117e+01
   7.6105210e+06   4.8889160e+01
   7.6105510e+06   4.4372559e+01
   7.6106970e+06   4.1564941e+01
   7.6541560e+06   4.9255371e+01
   7.6541940e+06   4.6508789e+01
   7.6542040e+06   5.8593750e+01
   7.6542330e+06   4.2297363e+01
   7.6542570e+06   4.5654297e+01
   7.6544390e+06   4.3395996e+01
   7.8126300e+06   4.2053223e+01
   7.8126620e+06   5.1025391e+01
   7.8126830e+06   5.2185059e+01
   7.8127110e+06   4.2724609e+01
   7.8127620e+06   4.8645020e+01
   7.8127950e+06   4.2785645e+01
   7.8128440e+06   4.2541504e+01
   7.8141560e+06   4.7973633e+01
   7.8142690e+06   5.1696777e+01
   7.9931480e+06   5.2551270e+01
   7.9931620e+06   4.2114258e+01
   7.9933080e+06   5.7006836e+01
   7.9935320e+06   4.3334961e+01
   7.9936070e+06   4.5288086e+01
   8.1046860e+06   6.1462402e+01
   8.1047060e+06   4.4738770e+01
   8.1047250e+06   5.9570313e+01
   8.1047460e+06   4.4067383e+01
   8.1047890e+06   4.5227051e+01
   8.1048440e+06   4.2968750e+01
   8.1049300e+06   5.0476074e+01
   8.1113270e+06   4.1503906e+01
   8.1114180e+06   5.9814453e+01
   8.1114550e+06   4.7424316e+01
   8.1115470e+06   4.8095703e+01
   8.4262860e+06   4.2114258e+01
   8.4862050e+06   4.2236328e+01
   8.6300510e+06   5.1940918e+01
   8.6479260e+06   4.6386719e+01
   8.6479360e+06   4.2724609e+01
   8.6479650e+06   4.6997070e+01
   8.6480680e+06   4.1992188e+01
   8.6481300e+06   4.3640137e+01
   8.6481660e+06   4.7424316e+01
   8.6481930e+06   5.8776855e+01
   8.6482070e+06   5.7067871e+01
   8.6482680e+06   4.3090820e+01
   8.6483120e+06   4.3701172e+01
   8.6500100e+06   4.7424316e+01
   8.7343560e+06   4.5288086e+01
   8.7344150e+06   4.3273926e+01
   8.7344300e+06   5.0048828e+01
   8.7344520e+06   4.2175293e+01
   8.7344680e+06   4.4250488e+01
   8.7344910e+06   5.0231934e+01
   8.7345100e+06   4.6508789e+01
   8.7347160e+06   4.2602539e+01
   8.7359700e+06   4.4799805e+01
   8.8756110e+06   5.1025391e+01
   8.8756320e+06   4.4616699e+01
   8.8756470e+06   4.3945313e+01
   8.8759120e+06   4.2968750e+01
   8.8760380e+06   4.9316406e+01
   8.8760740e+06   5.1025391e+01
   8.8916910e+06   4.3457031e+01
   8.8917150e+06   4.7485352e+01
   8.8918140e+06   4.2541504e+01
   8.8918800e+06   7.5744629e+01
   8.8919120e+06   4.2846680e+01
   8.8919420e+06   4.9560547e+01
   8.8919810e+06   4.6752930e+01
   8.8920110e+06   4.4372559e+01
   8.8933330e+06   4.6691895e+01
   8.9100300e+06   4.7607422e+01
   8.9540550e+06   4.1625977e+01
   8.9540860e+06   4.2480469e+01
   8.9600040e+06   4.8706055e+01
   8.9600250e+06   4.3029785e+01
   8.9797130e+06   5.9997559e+01
   8.9797960e+06   4.6752930e+01
   8.9798290e+06   4.4860840e+01
   8.9798700e+06   4.4555664e+01
   8.9800830e+06   5.1208496e+01
   8.9937990e+06   6.2255859e+01
   8.9938260e+06   7.2998047e+01
   8.9938510e+06   6.2255859e+01
   8.9938790e+06   4.4799805e+01
   9.1188080e+06   5.9753418e+01
   9.1189450e+06   4.1687012e+01
   9.2323570e+06   5.1818848e+01
   9.2323890e+06   4.7973633e+01
   9.2324120e+06   4.9011230e+01
   9.2324930e+06   4.3579102e+01
   9.2325320e+06   4.9499512e+01
   9.2325940e+06   4.2785645e+01
   9.3971620e+06   4.4738770e+01
   9.3971850e+06   4.9865723e+01
   9.4688970e+06   4.8400879e+01
   9.4826710e+06   4.6997070e+01
   9.4909300e+06   4.2419434e+01
   9.6164160e+06   4.1625977e+01
   9.6164540e+06   4.2175293e+01
   9.6568150e+06   5.2429199e+01
   9.6568400e+06   4.8156738e+01
   9.6568700e+06   4.6691895e+01
   9.6568990e+06   4.7058105e+01
   9.6569440e+06   4.8522949e+01
   9.6569750e+06   4.6691895e+01
   9.6585320e+06   4.3701172e+01
   9.8020010e+06   4.7729492e+01
   9.8020300e+06   4.3273926e+01
   9.8020430e+06   4.1564941e+01
   9.8021090e+06   4.2602539e+01
   9.8022900e+06   4.6386719e+01
   9.8023400e+06   6.2194824e+01
   9.8024020e+06   4.4372559e+01
   9.8024250e+06   4.2480469e+01
   9.8743010e+06   4.5898438e+01
   9.8743360e+06   4.5532227e+01
   9.8743730e+06   5.3894043e+01
   9.8744160e+06   5.3955078e+01
   1.0124786e+07   4.5593262e+01
   1.0124804e+07   4.6325684e+01
   1.0124842e+07   4.8461914e+01
   1.0124906e+07   5.5664062e+01
   1.0124938e+07   4.5227051e+01
   1.0124967e+07   6.1523438e+01
   1.0126208e+07   4.2602539e+01
   1.0126307e+07   5.1940918e+01
   1.0126431e+07   4.6264648e+01
   1.0598318e+07   5.1269531e+01
   1.0598341e+07   4.3823242e+01
   1.0598372e+07   5.1147461e+01
   1.0598401e+07   6.0302734e+01
   1.0598460e+07   7.3425293e+01
   1.0598505e+07   4.3090820e+01
   1.0598573e+07   4.6508789e+01
   1.0598625e+07   5.3100586e+01
   1.0600068e+07   4.1992188e+01
   1.0600159e+07   4.8156738e+01
   1.0788881e+07   5.4443359e+01
   1.0853660e+07   4.8217773e+01
   1.0853747e+07   6.4941406e+01
   1.0853773e+07   4.1870117e+01
   1.0853801e+07   5.5541992e+01
   1.0853833e+07   4.8034668e+01
   1.0853872e+07   4.6875000e+01
   1.0853915e+07   6.2683105e+01
   1.0854092e+07   4.1809082e+01
   1.0855353e+07   4.2968750e+01
   1.0865054e+07   4.6630859e+01
   1.0865067e+07   6.4331055e+01
   1.0865102e+07   5.4504395e+01
   1.0865134e+07   4.2968750e+01
   1.0866259e+07   4.1992188e+01
   1.1211919e+07   4.2541504e+01
   1.1268123e+07   4.4189453e+01
   1.1268431e+07   4.2663574e+01
   1.1268468e+07   5.2673340e+01
   1.1268562e+07   6.2072754e+01
   1.1268658e+07   4.6997070e+01
   1.1268716e+07   5.1696777e+01
   1.1358714e+07   4.3029785e+01
   1.1358763e+07   5.3894043e+01
   1.1358860e+07   4.5104980e+01
   1.1358872e+07   4.4189453e+01
   1.1358892e+07   5.9936523e+01
   1.1358930e+07   4.1809082e+01
   1.1360150e+07   5.8654785e+01
   1.1367994e+07   5.2734375e+01
   1.1368029e+07   4.2907715e+01
   1.1368053e+07   4.9499512e+01
   1.1368076e+07   4.2480469e+01
   1.1368089e+07   4.5166016e+01
   1.1368127e+07   5.7250977e+01
   1.1684254e+07   4.7973633e+01
   1.1684303e+07   6.4270020e+01
   1.1684323e+07   5.3710938e+01
   1.1684371e+07   5.2124023e+01
   1.1686089e+07   4.3090820e+01
   1.1801009e+07   4.4860840e+01
   1.1801031e+07   4.2907715e+01
   1.1801096e+07   4.9804688e+01
   1.1801170e+07   5.0292969e+01
   1.1801262e+07   4.2114258e+01
   1.1808878e+07   4.8522949e+01
   1.1808908e+07   7.2692871e+01
   1.1808935e+07   5.5358887e+01
   1.1808970e+07   4.8767090e+01
