   1.1999000e+07   0.0000000e+00
   9.3020000e+03   2.8808594e+01
   9.3140000e+03   2.6550293e+01
   9.3570000e+03   4.1015625e+01
   9.3700000e+03   3.7414551e+01
   9.3950000e+03   3.4362793e+01
   9.4130000e+03   3.0944824e+01
   9.4410000e+03   3.2958984e+01
   9.4630000e+03   3.9062500e+01
   9.4950000e+03   2.5085449e+01
   9.5120000e+03   2.6062012e+01
   9.5310000e+03   4.2724609e+01
   9.5570000e+03   3.6010742e+01
   9.5670000e+03   2.9357910e+01
   9.6040000e+03   2.9663086e+01
   9.6240000e+03   2.7709961e+01
   9.6500000e+03   3.0822754e+01
   9.6720000e+03   2.8747559e+01
   9.7120000e+03   2.8625488e+01
   9.7280000e+03   2.5085449e+01
   9.7600000e+03   3.0273438e+01
   9.8610000e+03   2.5268555e+01
   9.9510000e+03   2.6062012e+01
   3.2537000e+04   3.1677246e+01
   8.6283000e+04   2.8625488e+01
   8.6340000e+04   2.5085449e+01
   8.6371000e+04   2.7343750e+01
   8.6394000e+04   2.7832031e+01
   8.6415000e+04   3.3935547e+01
   8.6448000e+04   4.3212891e+01
   8.6476000e+04   2.6367188e+01
   8.6500000e+04   3.0212402e+01
   8.6512000e+04   3.7170410e+01
   8.6540000e+04   2.9602051e+01
   8.6558000e+04   4.1748047e+01
   8.6586000e+04   3.2958984e+01
   8.6614000e+04   3.5034180e+01
   8.6630000e+04   3.9916992e+01
   8.6648000e+04   4.3823242e+01
   8.6680000e+04   3.2165527e+01
   8.6698000e+04   2.8869629e+01
   8.6733000e+04   2.5512695e+01
   8.6763000e+04   4.0771484e+01
   8.6800000e+04   3.3386230e+01
   8.6840000e+04   2.7709961e+01
   8.6857000e+04   2.8930664e+01
   8.7257000e+04   2.8320313e+01
   1.5267300e+05   2.5695801e+01
   1.5343400e+05   2.6855469e+01
   1.8911800e+05   2.7648926e+01
   1.8914700e+05   3.5461426e+01
   1.8916700e+05   2.8747559e+01
   1.8920000e+05   3.2165527e+01
   1.8922400e+05   2.9785156e+01
   1.8924500e+05   2.8991699e+01
   1.8927500e+05   3.5949707e+01
   1.8928500e+05   3.9855957e+01
   1.8931100e+05   4.8522949e+01
   1.8934300e+05   2.6794434e+01
   1.8937200e+05   3.1372070e+01
   1.8938300e+05   2.7709961e+01
   1.8939700e+05   2.7709961e+01
   1.8942100e+05   2.4963379e+01
   1.8944400e+05   3.2775879e+01
   1.8947400e+05   3.5644531e+01
   1.8951100e+05   2.6123047e+01
   1.8958600e+05   2.7099609e+01
   1.8968800e+05   2.5512695e+01
   2.5517600e+05   2.6550293e+01
   2.5523100e+05   2.5024414e+01
   2.5572400e+05   3.4973145e+01
   2.9065900e+05   2.8991699e+01
   2.9076600e+05   2.6000977e+01
   2.9081500e+05   3.1494141e+01
   2.9084400e+05   4.1137695e+01
   2.9085500e+05   3.3081055e+01
   2.9087900e+05   3.8330078e+01
   2.9091600e+05   3.4545898e+01
   2.9092700e+05   4.7485352e+01
   2.9096100e+05   3.7292480e+01
   2.9097300e+05   4.1931152e+01
   2.9099900e+05   2.9907227e+01
   2.9102400e+05   2.8686523e+01
   2.9105700e+05   3.8330078e+01
   2.9108400e+05   2.7221680e+01
   2.9110000e+05   2.6916504e+01
   2.9112600e+05   4.1320801e+01
   2.9115400e+05   2.6977539e+01
   2.9117900e+05   2.5207520e+01
   2.9121200e+05   2.5573730e+01
   2.9126700e+05   2.7160645e+01
   3.8848000e+05   2.7893066e+01
   4.1660700e+05   2.5268555e+01
   4.3352100e+05   2.6000977e+01
   4.3814200e+05   2.5573730e+01
   4.3864500e+05   2.5024414e+01
   4.3903200e+05   2.8015137e+01
   4.9968200e+05   3.2043457e+01
   4.9988300e+05   2.7954102e+01
   4.9990800e+05   2.6977539e+01
   4.9993900e+05   3.6926270e+01
   4.9996800e+05   3.3996582e+01
   4.9998000e+05   3.6926270e+01
   5.0002100e+05   2.6855469e+01
   5.0004500e+05   3.0883789e+01
   5.0005700e+05   5.2429199e+01
   5.0008500e+05   2.7282715e+01
   5.0011400e+05   4.5104980e+01
   5.0012700e+05   2.8381348e+01
   5.0015200e+05   3.7170410e+01
   5.0017500e+05   3.6560059e+01
   5.0018600e+05   2.7282715e+01
   5.0022100e+05   3.2043457e+01
   5.0024200e+05   3.3325195e+01
   5.0030600e+05   2.6489258e+01
   5.0033700e+05   3.5583496e+01
   5.0041400e+05   2.7465820e+01
   5.0083400e+05   2.6123047e+01
   5.9251400e+05   2.5024414e+01
   5.9294100e+05   2.7343750e+01
   5.9309500e+05   2.5756836e+01
   5.9325200e+05   2.6794434e+01
   5.9336800e+05   2.5085449e+01
   5.9339600e+05   2.7282715e+01
   5.9344000e+05   2.7099609e+01
   5.9346800e+05   3.6315918e+01
   5.9348000e+05   4.3273926e+01
   5.9352200e+05   2.9418945e+01
   5.9355300e+05   2.9968262e+01
   5.9356500e+05   3.7109375e+01
   5.9358300e+05   2.6916504e+01
   5.9361600e+05   2.7404785e+01
   5.9363800e+05   4.4189453e+01
   5.9367300e+05   3.3935547e+01
   5.9373000e+05   3.6315918e+01
   5.9375700e+05   3.6499023e+01
   5.9378200e+05   3.5278320e+01
   5.9381500e+05   2.5146484e+01
   5.9384100e+05   2.8808594e+01
   5.9387800e+05   2.6489258e+01
   5.9392300e+05   2.8198242e+01
   5.9395300e+05   2.5146484e+01
   5.9401200e+05   2.8076172e+01
   5.9408100e+05   2.6855469e+01
   6.7932100e+05   2.5268555e+01
   6.7934500e+05   2.6611328e+01
   6.7938800e+05   2.5146484e+01
   6.7942100e+05   2.8991699e+01
   6.7945000e+05   3.0578613e+01
   6.7947400e+05   4.4067383e+01
   6.7950600e+05   4.2968750e+01
   6.7952600e+05   3.1188965e+01
   6.7954000e+05   2.8747559e+01
   6.7955700e+05   4.6264648e+01
   6.7957300e+05   2.5329590e+01
   6.7958700e+05   2.9785156e+01
   6.7961100e+05   3.0029297e+01
   6.7962900e+05   4.2175293e+01
   6.7966100e+05   2.7648926e+01
   6.7969200e+05   2.6672363e+01
   6.7971700e+05   3.2531738e+01
   6.7972700e+05   2.8625488e+01
   6.7979400e+05   2.9235840e+01
   6.7986900e+05   3.0395508e+01
   6.7993400e+05   2.7343750e+01
   6.7998100e+05   2.5268555e+01
   7.0130600e+05   2.5878906e+01
   7.2428500e+05   2.7343750e+01
   7.2437700e+05   2.7893066e+01
   7.2439800e+05   2.9785156e+01
   7.2441900e+05   2.8686523e+01
   7.2444200e+05   3.9001465e+01
   7.2447400e+05   3.2653809e+01
   7.2450300e+05   3.7597656e+01
   7.2453000e+05   4.6447754e+01
   7.2455600e+05   3.6621094e+01
   7.2458000e+05   4.1198730e+01
   7.2459200e+05   3.4362793e+01
   7.2461000e+05   3.4667969e+01
   7.2462000e+05   4.1015625e+01
   7.2464900e+05   2.7099609e+01
   7.2466200e+05   2.8076172e+01
   7.2469100e+05   3.2653809e+01
   7.2472600e+05   3.0151367e+01
   7.2479100e+05   3.3874512e+01
   7.2485800e+05   2.8625488e+01
   7.2496900e+05   2.8869629e+01
   7.2562300e+05   2.5207520e+01
   7.8126100e+05   2.7587891e+01
   7.8203600e+05   2.5268555e+01
   7.8218300e+05   2.5573730e+01
   7.8221800e+05   2.6672363e+01
   7.8227500e+05   2.5024414e+01
   7.8248600e+05   2.6977539e+01
   7.8271400e+05   2.6733398e+01
   7.8297400e+05   2.6428223e+01
   8.2836900e+05   2.9052734e+01
   8.2838700e+05   3.3264160e+01
   8.2841000e+05   3.4606934e+01
   8.2843200e+05   3.1677246e+01
   8.2845200e+05   3.9794922e+01
   8.2847800e+05   3.0151367e+01
   8.2851600e+05   2.5146484e+01
   8.2854300e+05   3.2409668e+01
   8.2855800e+05   3.5095215e+01
   8.2858000e+05   3.2592773e+01
   8.2859600e+05   3.0029297e+01
   8.2861700e+05   2.5451660e+01
   8.2863500e+05   2.7587891e+01
   8.2866600e+05   3.6560059e+01
   8.2867900e+05   3.4118652e+01
   8.2869000e+05   3.6376953e+01
   8.2871500e+05   2.8015137e+01
   8.2874300e+05   3.3813477e+01
   8.2876800e+05   3.2958984e+01
   8.2880200e+05   2.8015137e+01
   8.2882700e+05   2.8808594e+01
   8.2885100e+05   2.5695801e+01
   8.2890800e+05   2.5634766e+01
   8.2894800e+05   2.5390625e+01
   8.2914400e+05   2.5573730e+01
   8.2934600e+05   2.5451660e+01
   8.7996600e+05   2.5451660e+01
   8.8066000e+05   2.7893066e+01
   8.8124500e+05   2.8137207e+01
   9.1371300e+05   2.6062012e+01
   9.3025300e+05   2.7282715e+01
   9.3040300e+05   2.7954102e+01
   9.3044300e+05   3.0151367e+01
   9.3047200e+05   5.2062988e+01
   9.3049200e+05   2.8015137e+01
   9.3050500e+05   3.3691406e+01
   9.3053200e+05   3.1372070e+01
   9.3054400e+05   3.9367676e+01
   9.3056500e+05   4.2968750e+01
   9.3059800e+05   4.8095703e+01
   9.3061500e+05   3.6804199e+01
   9.3063100e+05   3.4484863e+01
   9.3064400e+05   3.3569336e+01
   9.3066000e+05   3.5644531e+01
   9.3070100e+05   2.6428223e+01
   9.3073900e+05   3.1738281e+01
   9.3076400e+05   2.5817871e+01
   9.3079000e+05   2.9113770e+01
   9.3082300e+05   2.8381348e+01
   9.3084400e+05   3.3325195e+01
   9.3088900e+05   2.6733398e+01
   9.3091700e+05   3.2836914e+01
   9.3095000e+05   2.7587891e+01
   9.3100300e+05   2.6794434e+01
   9.3103700e+05   2.6977539e+01
   9.3164200e+05   2.6306152e+01
   1.0448530e+06   2.7709961e+01
   1.0448990e+06   2.8015137e+01
   1.0449200e+06   4.5227051e+01
   1.0449540e+06   3.0029297e+01
   1.0449680e+06   3.5705566e+01
   1.0449950e+06   2.8015137e+01
   1.0450110e+06   4.9194336e+01
   1.0450380e+06   3.3081055e+01
   1.0450530e+06   3.4973145e+01
   1.0450690e+06   3.7658691e+01
   1.0450880e+06   3.1799316e+01
   1.0451150e+06   3.0334473e+01
   1.0451320e+06   3.0212402e+01
   1.0451510e+06   3.0578613e+01
   1.0451660e+06   3.9123535e+01
   1.0452230e+06   3.7536621e+01
   1.0452540e+06   2.6672363e+01
   1.0453070e+06   2.9846191e+01
   1.0453880e+06   3.2104492e+01
   1.0454110e+06   2.9052734e+01
   1.0455530e+06   3.1494141e+01
   1.1016090e+06   2.7038574e+01
   1.1016350e+06   3.3203125e+01
   1.1016490e+06   2.9174805e+01
   1.1016670e+06   3.2165527e+01
   1.1016820e+06   3.5888672e+01
   1.1017080e+06   2.6611328e+01
   1.1017180e+06   2.6550293e+01
   1.1017420e+06   2.7709961e+01
   1.1017560e+06   3.8940430e+01
   1.1017740e+06   3.4606934e+01
   1.1018000e+06   3.9001465e+01
   1.1018210e+06   3.2226563e+01
   1.1018350e+06   3.5644531e+01
   1.1018530e+06   3.2226563e+01
   1.1018760e+06   3.7109375e+01
   1.1018890e+06   3.2104492e+01
   1.1019300e+06   3.5644531e+01
   1.1019590e+06   3.1494141e+01
   1.1019800e+06   3.0700684e+01
   1.1020060e+06   3.0700684e+01
   1.1021000e+06   3.1677246e+01
   1.1021290e+06   3.0639648e+01
   1.1021570e+06   2.6611328e+01
   1.1024970e+06   2.8076172e+01
   1.1028390e+06   2.4963379e+01
   1.1427720e+06   2.8991699e+01
   1.1819820e+06   2.5146484e+01
   1.2170630e+06   2.5390625e+01
   1.2171990e+06   2.6245117e+01
   1.2172600e+06   3.4484863e+01
   1.2172790e+06   3.1066895e+01
   1.2173240e+06   2.8381348e+01
   1.2173360e+06   4.9255371e+01
   1.2173700e+06   3.5034180e+01
   1.2173840e+06   2.9724121e+01
   1.2174170e+06   3.8574219e+01
   1.2174290e+06   4.3457031e+01
   1.2174660e+06   3.4484863e+01
   1.2174770e+06   2.8991699e+01
   1.2175030e+06   3.9672852e+01
   1.2175260e+06   2.6428223e+01
   1.2175600e+06   3.2104492e+01
   1.2175840e+06   3.0212402e+01
   1.2176550e+06   3.1005859e+01
   1.2177000e+06   3.0639648e+01
   1.2177410e+06   2.9785156e+01
   1.2177810e+06   2.6123047e+01
   1.2178910e+06   2.6184082e+01
   1.2179050e+06   2.6062012e+01
   1.2179580e+06   2.6184082e+01
   1.2180820e+06   2.6611328e+01
   1.2182450e+06   2.9235840e+01
   1.2184880e+06   2.5634766e+01
   1.2892760e+06   2.5878906e+01
   1.3418520e+06   2.5024414e+01
   1.3419320e+06   4.0527344e+01
   1.3419700e+06   2.8930664e+01
   1.3419960e+06   3.7719727e+01
   1.3420100e+06   3.9428711e+01
   1.3420240e+06   4.6691895e+01
   1.3420500e+06   3.4301758e+01
   1.3420770e+06   4.0405273e+01
   1.3420910e+06   3.2043457e+01
   1.3421130e+06   5.9814453e+01
   1.3421480e+06   3.5400391e+01
   1.3421590e+06   3.0517578e+01
   1.3421740e+06   3.3386230e+01
   1.3422010e+06   3.3020020e+01
   1.3422270e+06   2.5329590e+01
   1.3422400e+06   5.5725098e+01
   1.3422560e+06   3.0029297e+01
   1.3423100e+06   3.0212402e+01
   1.3423390e+06   3.4606934e+01
   1.3423620e+06   2.6428223e+01
   1.3424060e+06   2.8564453e+01
   1.3424320e+06   2.9663086e+01
   1.3432870e+06   2.5756836e+01
   1.4160140e+06   2.6123047e+01
   1.4222440e+06   2.7587891e+01
   1.4231270e+06   2.5146484e+01
   1.4745290e+06   2.5268555e+01
   1.4745550e+06   2.8625488e+01
   1.4745660e+06   3.9001465e+01
   1.4746230e+06   3.2775879e+01
   1.4746390e+06   4.5959473e+01
   1.4746710e+06   4.6691895e+01
   1.4747170e+06   4.3151855e+01
   1.4747280e+06   5.7922363e+01
   1.4747540e+06   3.7841797e+01
   1.4747700e+06   2.9052734e+01
   1.4747910e+06   3.0212402e+01
   1.4748170e+06   2.8930664e+01
   1.4748520e+06   2.5756836e+01
   1.4748810e+06   3.2287598e+01
   1.4749040e+06   3.4851074e+01
   1.4749480e+06   2.9357910e+01
   1.4749920e+06   3.0517578e+01
   1.4750320e+06   2.5207520e+01
   1.4751060e+06   2.5512695e+01
   1.5468720e+06   2.8869629e+01
   1.5469530e+06   2.5939941e+01
   1.5470030e+06   3.5583496e+01
   1.5470170e+06   2.9113770e+01
   1.5470470e+06   2.8320313e+01
   1.5470740e+06   4.1870117e+01
   1.5471070e+06   4.7973633e+01
   1.5471270e+06   3.3020020e+01
   1.5471460e+06   3.7353516e+01
   1.5471610e+06   4.3029785e+01
   1.5471850e+06   3.3691406e+01
   1.5472050e+06   3.5583496e+01
   1.5472200e+06   2.9663086e+01
   1.5472470e+06   3.8513184e+01
   1.5472720e+06   2.6123047e+01
   1.5472990e+06   3.2592773e+01
   1.5473560e+06   2.5207520e+01
   1.5474140e+06   2.8381348e+01
   1.5475270e+06   2.8198242e+01
   1.5478590e+06   2.6000977e+01
   1.6196240e+06   2.8564453e+01
   1.6209620e+06   2.5085449e+01
   1.6213800e+06   3.4362793e+01
   1.6215970e+06   2.6062012e+01
   1.7234660e+06   2.6611328e+01
   1.7234790e+06   3.3630371e+01
   1.7235120e+06   4.1564941e+01
   1.7235410e+06   2.9296875e+01
   1.7235680e+06   4.3090820e+01
   1.7235820e+06   3.1921387e+01
   1.7236170e+06   5.5908203e+01
   1.7236300e+06   3.5400391e+01
   1.7236580e+06   3.9489746e+01
   1.7236700e+06   4.1564941e+01
   1.7236940e+06   2.5939941e+01
   1.7237070e+06   2.9968262e+01
   1.7237420e+06   3.0212402e+01
   1.7237790e+06   2.8503418e+01
   1.7238370e+06   2.5817871e+01
   1.7239370e+06   2.6000977e+01
   1.7239470e+06   2.6977539e+01
   1.7239620e+06   2.9846191e+01
   1.7240370e+06   2.9907227e+01
   1.7242760e+06   2.5939941e+01
   1.7244200e+06   2.6000977e+01
   1.7247180e+06   2.7160645e+01
   1.7885300e+06   2.5268555e+01
   1.8248590e+06   2.5024414e+01
   1.8248920e+06   3.0334473e+01
   1.8249030e+06   3.1677246e+01
   1.8249360e+06   3.3142090e+01
   1.8249730e+06   3.8146973e+01
   1.8249980e+06   3.4118652e+01
   1.8250160e+06   4.6752930e+01
   1.8250360e+06   5.1391602e+01
   1.8250510e+06   3.1921387e+01
   1.8250700e+06   4.7851563e+01
   1.8250910e+06   2.5390625e+01
   1.8251090e+06   2.7893066e+01
   1.8251270e+06   2.8991699e+01
   1.8251380e+06   3.6926270e+01
   1.8251660e+06   4.4433594e+01
   1.8251770e+06   3.7780762e+01
   1.8252000e+06   2.9724121e+01
   1.8252150e+06   3.4973145e+01
   1.8252600e+06   4.1992188e+01
   1.8252980e+06   2.7221680e+01
   1.8253260e+06   3.0578613e+01
   1.8258170e+06   2.5329590e+01
   1.9084120e+06   2.6062012e+01
   1.9084250e+06   2.8564453e+01
   1.9084710e+06   3.3020020e+01
   1.9085000e+06   2.6428223e+01
   1.9085240e+06   3.9367676e+01
   1.9085390e+06   3.6254883e+01
   1.9085610e+06   4.6203613e+01
   1.9085770e+06   3.7902832e+01
   1.9085890e+06   3.6254883e+01
   1.9086140e+06   3.4179688e+01
   1.9086420e+06   2.7099609e+01
   1.9086590e+06   3.1188965e+01
   1.9086800e+06   3.4912109e+01
   1.9086910e+06   2.5024414e+01
   1.9087240e+06   3.7292480e+01
   1.9087420e+06   3.2714844e+01
   1.9087680e+06   2.7160645e+01
   1.9087870e+06   2.7526855e+01
   1.9088460e+06   2.6245117e+01
   1.9088890e+06   2.8320313e+01
   1.9089150e+06   2.6489258e+01
   1.9089640e+06   3.0151367e+01
   1.9095400e+06   2.6672363e+01
   1.9101480e+06   2.6184082e+01
   1.9539650e+06   2.7832031e+01
   1.9540000e+06   2.7770996e+01
   1.9540290e+06   3.1372070e+01
   1.9540420e+06   4.2480469e+01
   1.9540670e+06   3.3447266e+01
   1.9540770e+06   4.0161133e+01
   1.9541140e+06   3.9428711e+01
   1.9541320e+06   3.7414551e+01
   1.9541500e+06   2.6794434e+01
   1.9541790e+06   3.9062500e+01
   1.9542110e+06   4.5959473e+01
   1.9542330e+06   4.7180176e+01
   1.9542450e+06   2.8808594e+01
   1.9542720e+06   4.2358398e+01
   1.9542820e+06   6.1584473e+01
   1.9542960e+06   3.5034180e+01
   1.9543130e+06   3.5644531e+01
   1.9543680e+06   2.7160645e+01
   1.9543800e+06   2.5207520e+01
   1.9544010e+06   3.5522461e+01
   1.9544310e+06   2.6428223e+01
   1.9544700e+06   2.5268555e+01
   1.9545470e+06   2.8198242e+01
   1.9550150e+06   2.8198242e+01
   1.9551220e+06   2.5085449e+01
   2.0238220e+06   2.5939941e+01
   2.0307480e+06   2.5207520e+01
   2.0308130e+06   3.0517578e+01
   2.0308400e+06   2.9296875e+01
   2.0308520e+06   2.5573730e+01
   2.0308770e+06   2.7099609e+01
   2.0308960e+06   4.4982910e+01
   2.0309060e+06   2.7832031e+01
   2.0309280e+06   4.0222168e+01
   2.0309410e+06   4.9743652e+01
   2.0309560e+06   3.2043457e+01
   2.0309890e+06   2.5695801e+01
   2.0310020e+06   3.0151367e+01
   2.0310270e+06   3.3325195e+01
   2.0310560e+06   3.2958984e+01
   2.0310820e+06   2.8625488e+01
   2.0311090e+06   2.9052734e+01
   2.0311550e+06   3.1738281e+01
   2.0311930e+06   2.8198242e+01
   2.0312040e+06   2.9785156e+01
   2.0316740e+06   2.6489258e+01
   2.0319450e+06   2.5024414e+01
   2.0321100e+06   2.5207520e+01
   2.0798220e+06   2.9968262e+01
   2.0798760e+06   3.0151367e+01
   2.0799130e+06   3.5339355e+01
   2.0799410e+06   3.1555176e+01
   2.0799510e+06   4.3701172e+01
   2.0799840e+06   3.0456543e+01
   2.0800150e+06   6.3476563e+01
   2.0800330e+06   3.2348633e+01
   2.0800440e+06   4.6813965e+01
   2.0800670e+06   3.2348633e+01
   2.0800890e+06   3.4484863e+01
   2.0801060e+06   3.2958984e+01
   2.0801190e+06   2.9541016e+01
   2.0801450e+06   2.7038574e+01
   2.0801630e+06   3.7719727e+01
   2.0801860e+06   3.5095215e+01
   2.0802180e+06   3.3386230e+01
   2.0802440e+06   2.8991699e+01
   2.0803500e+06   3.6132813e+01
   2.0805880e+06   2.8198242e+01
   2.0807230e+06   2.5085449e+01
   2.1772670e+06   2.9113770e+01
   2.1775470e+06   2.6672363e+01
   2.2323420e+06   2.8137207e+01
   2.2324210e+06   2.6245117e+01
   2.2324430e+06   3.1555176e+01
   2.2324640e+06   2.5512695e+01
   2.2324840e+06   3.3813477e+01
   2.2324980e+06   3.8940430e+01
   2.2325230e+06   3.6682129e+01
   2.2325370e+06   4.4494629e+01
   2.2325700e+06   5.2551270e+01
   2.2325810e+06   4.6142578e+01
   2.2326040e+06   3.6621094e+01
   2.2326320e+06   3.8146973e+01
   2.2326600e+06   4.3334961e+01
   2.2326910e+06   3.6560059e+01
   2.2327150e+06   2.8381348e+01
   2.2327460e+06   3.5400391e+01
   2.2328160e+06   2.6733398e+01
   2.2328310e+06   2.6733398e+01
   2.2328850e+06   2.7709961e+01
   2.2329650e+06   2.6611328e+01
   2.2332660e+06   2.6367188e+01
   2.2805740e+06   2.9052734e+01
   2.2834790e+06   2.4963379e+01
   2.3160920e+06   2.7343750e+01
   2.3161510e+06   2.5939941e+01
   2.3161700e+06   4.9804688e+01
   2.3162040e+06   5.2062988e+01
   2.3162280e+06   3.6132813e+01
   2.3162530e+06   4.1320801e+01
   2.3162630e+06   3.7841797e+01
   2.3162870e+06   3.0639648e+01
   2.3163080e+06   3.9916992e+01
   2.3163270e+06   3.4912109e+01
   2.3163630e+06   4.5471191e+01
   2.3163970e+06   2.7404785e+01
   2.3164110e+06   2.7465820e+01
   2.3164220e+06   3.8024902e+01
   2.3164430e+06   2.5817871e+01
   2.3164750e+06   3.3813477e+01
   2.3164920e+06   2.9724121e+01
   2.3165270e+06   3.3630371e+01
   2.3166020e+06   2.6916504e+01
   2.3166790e+06   2.8625488e+01
   2.3167480e+06   2.6550293e+01
   2.3168330e+06   2.6672363e+01
   2.3170930e+06   2.5085449e+01
   2.3492840e+06   2.5207520e+01
   2.3864960e+06   3.0029297e+01
   2.3865120e+06   4.6813965e+01
   2.3865220e+06   3.1494141e+01
   2.3865440e+06   2.7404785e+01
   2.3865730e+06   3.6987305e+01
   2.3866090e+06   2.7770996e+01
   2.3866230e+06   2.7893066e+01
   2.3866410e+06   3.0822754e+01
   2.3866660e+06   4.0954590e+01
   2.3866950e+06   6.1889648e+01
   2.3867190e+06   4.0832520e+01
   2.3867460e+06   3.6071777e+01
   2.3867670e+06   2.8686523e+01
   2.3867780e+06   3.0517578e+01
   2.3868050e+06   3.4667969e+01
   2.3868470e+06   2.7221680e+01
   2.3869000e+06   2.7526855e+01
   2.3870110e+06   3.1433105e+01
   2.3870550e+06   2.6062012e+01
   2.5297840e+06   2.9479980e+01
   2.5298560e+06   2.6794434e+01
   2.5299040e+06   2.6062012e+01
   2.5299250e+06   3.5217285e+01
   2.5299480e+06   3.3203125e+01
   2.5299690e+06   3.9550781e+01
   2.5300010e+06   2.5817871e+01
   2.5300170e+06   3.8940430e+01
   2.5300320e+06   2.9479980e+01
   2.5300540e+06   2.7709961e+01
   2.5300940e+06   4.8645020e+01
   2.5301210e+06   5.5847168e+01
   2.5301320e+06   2.6855469e+01
   2.5301460e+06   3.2165527e+01
   2.5301700e+06   3.5034180e+01
   2.5302050e+06   2.8564453e+01
   2.5302270e+06   2.8503418e+01
   2.5302720e+06   2.5817871e+01
   2.5302880e+06   2.8808594e+01
   2.5303310e+06   3.0700684e+01
   2.5303690e+06   2.5512695e+01
   2.5304560e+06   2.6428223e+01
   2.5305040e+06   2.7709961e+01
   2.5785580e+06   2.5817871e+01
   2.6189040e+06   2.5939941e+01
   2.6192350e+06   2.5146484e+01
   2.6195710e+06   2.5024414e+01
   2.6198530e+06   2.5512695e+01
   2.6666860e+06   2.9724121e+01
   2.6667120e+06   2.5268555e+01
   2.6667230e+06   2.7160645e+01
   2.6667520e+06   3.2165527e+01
   2.6667630e+06   3.2470703e+01
   2.6668010e+06   3.6621094e+01
   2.6668220e+06   3.9611816e+01
   2.6668320e+06   2.6428223e+01
   2.6668510e+06   3.5888672e+01
   2.6668810e+06   3.8574219e+01
   2.6669060e+06   3.4057617e+01
   2.6669200e+06   3.2104492e+01
   2.6669300e+06   2.6855469e+01
   2.6669450e+06   3.0273438e+01
   2.6669600e+06   3.4240723e+01
   2.6669840e+06   3.8818359e+01
   2.6670500e+06   2.5634766e+01
   2.6671310e+06   2.7893066e+01
   2.6671660e+06   2.7954102e+01
   2.6672240e+06   2.6733398e+01
   2.6673640e+06   2.9479980e+01
   2.6674430e+06   3.1982422e+01
   2.7246390e+06   2.9541016e+01
   2.7246860e+06   2.9357910e+01
   2.7247030e+06   2.5878906e+01
   2.7247420e+06   3.4179688e+01
   2.7247580e+06   3.3264160e+01
   2.7247700e+06   3.1616211e+01
   2.7247870e+06   2.7099609e+01
   2.7248170e+06   2.9174805e+01
   2.7248450e+06   3.4240723e+01
   2.7248640e+06   2.8198242e+01
   2.7248760e+06   3.3020020e+01
   2.7248890e+06   3.1616211e+01
   2.7249080e+06   2.9541016e+01
   2.7249210e+06   2.7282715e+01
   2.7249330e+06   3.4179688e+01
   2.7249500e+06   2.8076172e+01
   2.7249770e+06   2.8625488e+01
   2.7250050e+06   2.5512695e+01
   2.7250610e+06   2.6062012e+01
   2.7250920e+06   3.6315918e+01
   2.7251260e+06   3.2226563e+01
   2.7251950e+06   2.6672363e+01
   2.7252850e+06   2.5512695e+01
   2.8239500e+06   2.8442383e+01
   2.8239840e+06   3.1494141e+01
   2.8239960e+06   3.6621094e+01
   2.8240280e+06   3.2775879e+01
   2.8240450e+06   2.7893066e+01
   2.8240630e+06   3.5644531e+01
   2.8241060e+06   3.7719727e+01
   2.8241170e+06   3.1127930e+01
   2.8241510e+06   4.1931152e+01
   2.8241920e+06   2.6123047e+01
   2.8242070e+06   2.7221680e+01
   2.8242280e+06   3.3874512e+01
   2.8242700e+06   3.0883789e+01
   2.8242930e+06   4.5043945e+01
   2.8243550e+06   3.6926270e+01
   2.8244030e+06   2.4963379e+01
   2.8244220e+06   2.9357910e+01
   2.8244880e+06   2.5939941e+01
   2.8251550e+06   3.1311035e+01
   2.8703440e+06   3.5339355e+01
   2.8703790e+06   2.7954102e+01
   2.8703920e+06   3.1677246e+01
   2.8704210e+06   3.5949707e+01
   2.8704530e+06   3.3020020e+01
   2.8704670e+06   3.9489746e+01
   2.8704890e+06   3.7597656e+01
   2.8705190e+06   3.7719727e+01
   2.8705510e+06   3.1005859e+01
   2.8705610e+06   3.6010742e+01
   2.8705890e+06   3.2043457e+01
   2.8705990e+06   4.8034668e+01
   2.8706230e+06   2.9785156e+01
   2.8706550e+06   3.5949707e+01
   2.8706710e+06   2.6306152e+01
   2.8706940e+06   2.6611328e+01
   2.8707370e+06   3.8208008e+01
   2.8707720e+06   3.6621094e+01
   2.8708050e+06   3.4851074e+01
   2.8709320e+06   2.6367188e+01
   2.8710070e+06   2.5512695e+01
   2.8711370e+06   3.0883789e+01
   2.8712300e+06   2.8198242e+01
   2.8712780e+06   2.5268555e+01
   2.8714650e+06   3.3386230e+01
   2.8714820e+06   2.5817871e+01
   2.9367050e+06   3.4301758e+01
   2.9797620e+06   2.7893066e+01
   2.9797740e+06   3.6987305e+01
   2.9798340e+06   3.5766602e+01
   2.9798520e+06   2.9235840e+01
   2.9798760e+06   2.5329590e+01
   2.9799020e+06   3.9794922e+01
   2.9799310e+06   3.0883789e+01
   2.9799420e+06   2.6428223e+01
   2.9799620e+06   3.2043457e+01
   2.9799880e+06   3.1127930e+01
   2.9800200e+06   4.4982910e+01
   2.9800460e+06   3.3203125e+01
   2.9800590e+06   4.4799805e+01
   2.9800860e+06   3.8085938e+01
   2.9801080e+06   3.2104492e+01
   2.9801390e+06   2.8137207e+01
   2.9801590e+06   2.8015137e+01
   2.9801990e+06   2.7954102e+01
   2.9802240e+06   3.2714844e+01
   2.9802600e+06   2.5756836e+01
   2.9802960e+06   3.5888672e+01
   2.9806570e+06   2.9052734e+01
   3.0773030e+06   2.5207520e+01
   3.0994320e+06   2.7465820e+01
   3.0994830e+06   2.7770996e+01
   3.0995270e+06   3.7414551e+01
   3.0995700e+06   2.7465820e+01
   3.0995930e+06   2.5146484e+01
   3.0996380e+06   3.4545898e+01
   3.0996700e+06   2.9785156e+01
   3.0996940e+06   2.9968262e+01
   3.0997110e+06   3.7048340e+01
   3.0997610e+06   3.7780762e+01
   3.0997860e+06   4.3334961e+01
   3.0998080e+06   3.4362793e+01
   3.0998270e+06   2.6245117e+01
   3.0998630e+06   3.2531738e+01
   3.0998910e+06   2.9846191e+01
   3.0999520e+06   3.2775879e+01
   3.0999880e+06   2.5085449e+01
   3.1000210e+06   2.7160645e+01
   3.1000330e+06   3.1494141e+01
   3.1004340e+06   2.4963379e+01
   3.1005310e+06   2.6245117e+01
   3.1887040e+06   2.8564453e+01
   3.2159900e+06   2.7343750e+01
   3.2160010e+06   2.6855469e+01
   3.2160280e+06   4.4006348e+01
   3.2160460e+06   2.7343750e+01
   3.2160640e+06   3.1066895e+01
   3.2160930e+06   3.9733887e+01
   3.2161070e+06   3.1982422e+01
   3.2161240e+06   2.9602051e+01
   3.2161430e+06   2.8259277e+01
   3.2161690e+06   2.9602051e+01
   3.2161820e+06   5.8471680e+01
   3.2162030e+06   2.8198242e+01
   3.2162290e+06   3.4606934e+01
   3.2162490e+06   4.2663574e+01
   3.2162910e+06   4.8034668e+01
   3.2163040e+06   2.7770996e+01
   3.2163290e+06   3.9062500e+01
   3.2163490e+06   2.8137207e+01
   3.2164220e+06   3.0456543e+01
   3.2164520e+06   2.6550293e+01
   3.2164690e+06   2.6977539e+01
   3.2165160e+06   2.6489258e+01
   3.2168930e+06   2.6428223e+01
   3.2169320e+06   2.6184082e+01
   3.2173610e+06   3.0761719e+01
   3.3160860e+06   4.4311523e+01
   3.3161150e+06   4.4006348e+01
   3.3161460e+06   3.0334473e+01
   3.3161580e+06   4.5898438e+01
   3.3161980e+06   2.6550293e+01
   3.3162170e+06   4.2846680e+01
   3.3162440e+06   4.0954590e+01
   3.3162730e+06   4.5654297e+01
   3.3162850e+06   3.1921387e+01
   3.3162950e+06   3.7292480e+01
   3.3163280e+06   4.2053223e+01
   3.3163410e+06   3.3630371e+01
   3.3163610e+06   2.5634766e+01
   3.3163790e+06   2.7526855e+01
   3.3164040e+06   2.7648926e+01
   3.3164370e+06   3.2836914e+01
   3.3165170e+06   3.0944824e+01
   3.3166210e+06   2.5146484e+01
   3.3167370e+06   2.5390625e+01
   3.3383540e+06   2.6123047e+01
   3.3643120e+06   2.5268555e+01
   3.4025820e+06   2.6000977e+01
   3.4027450e+06   2.6367188e+01
   3.4632990e+06   2.8930664e+01
   3.4633780e+06   2.9235840e+01
   3.4634160e+06   3.0212402e+01
   3.4634360e+06   4.3884277e+01
   3.4634490e+06   3.7414551e+01
   3.4634650e+06   2.7893066e+01
   3.4634860e+06   3.0212402e+01
   3.4634980e+06   3.1921387e+01
   3.4635230e+06   2.9418945e+01
   3.4635530e+06   3.5583496e+01
   3.4635770e+06   3.9733887e+01
   3.4635950e+06   2.7587891e+01
   3.4636120e+06   2.8076172e+01
   3.4636700e+06   4.1503906e+01
   3.4637000e+06   2.8625488e+01
   3.4637100e+06   3.3142090e+01
   3.4637990e+06   2.6123047e+01
   3.4638170e+06   3.3081055e+01
   3.4638380e+06   3.1066895e+01
   3.4638740e+06   2.8015137e+01
   3.4639220e+06   2.7770996e+01
   3.4639610e+06   2.6428223e+01
   3.4640110e+06   2.5268555e+01
   3.4640570e+06   2.7465820e+01
   3.4646510e+06   2.6000977e+01
   3.5250620e+06   2.6367188e+01
   3.5498330e+06   2.8930664e+01
   3.5498430e+06   3.1250000e+01
   3.5498700e+06   3.0761719e+01
   3.5498840e+06   3.1555176e+01
   3.5499020e+06   3.1066895e+01
   3.5499290e+06   3.7841797e+01
   3.5499400e+06   4.7302246e+01
   3.5499690e+06   4.0283203e+01
   3.5499930e+06   3.2592773e+01
   3.5500080e+06   3.0517578e+01
   3.5500310e+06   3.8574219e+01
   3.5500510e+06   3.9611816e+01
   3.5500640e+06   3.4729004e+01
   3.5500900e+06   3.2043457e+01
   3.5501110e+06   4.1320801e+01
   3.5501660e+06   2.5390625e+01
   3.5501910e+06   2.6550293e+01
   3.5502050e+06   3.1005859e+01
   3.5502410e+06   2.9968262e+01
   3.5502650e+06   2.7770996e+01
   3.5503010e+06   2.8076172e+01
   3.5505860e+06   2.5085449e+01
   3.5507750e+06   2.5207520e+01
   3.5509000e+06   2.5146484e+01
   3.5906670e+06   2.9663086e+01
   3.6429710e+06   2.4963379e+01
   3.6970450e+06   2.5634766e+01
   3.6970620e+06   2.9541016e+01
   3.6970890e+06   2.7893066e+01
   3.6971040e+06   4.4677734e+01
   3.6971280e+06   2.9968262e+01
   3.6971460e+06   3.1555176e+01
   3.6971700e+06   4.0222168e+01
   3.6971910e+06   4.0832520e+01
   3.6972120e+06   3.8208008e+01
   3.6972400e+06   3.9978027e+01
   3.6972620e+06   3.3630371e+01
   3.6972820e+06   3.7902832e+01
   3.6973050e+06   3.4790039e+01
   3.6973150e+06   2.7648926e+01
   3.6973420e+06   2.9052734e+01
   3.6973700e+06   3.8269043e+01
   3.6973960e+06   2.6489258e+01
   3.6974240e+06   3.3508301e+01
   3.6974830e+06   2.8564453e+01
   3.6975160e+06   2.8747559e+01
   3.6975600e+06   2.6000977e+01
   3.6976610e+06   2.6550293e+01
   3.6984410e+06   2.5268555e+01
   3.7909550e+06   2.5512695e+01
   3.7909970e+06   3.6010742e+01
   3.7910100e+06   2.5573730e+01
   3.7910280e+06   3.0334473e+01
   3.7910430e+06   2.5268555e+01
   3.7910640e+06   2.7038574e+01
   3.7910930e+06   4.7180176e+01
   3.7911110e+06   4.4067383e+01
   3.7911240e+06   4.1320801e+01
   3.7911560e+06   4.2541504e+01
   3.7911710e+06   3.2470703e+01
   3.7912130e+06   3.8208008e+01
   3.7912390e+06   3.5583496e+01
   3.7912660e+06   2.9357910e+01
   3.7912790e+06   2.8198242e+01
   3.7913090e+06   3.9550781e+01
   3.7913240e+06   2.7221680e+01
   3.7913340e+06   2.5146484e+01
   3.7913560e+06   2.6489258e+01
   3.7913900e+06   3.0944824e+01
   3.7914530e+06   4.4433594e+01
   3.7914780e+06   2.5573730e+01
   3.7915170e+06   3.1005859e+01
   3.7915780e+06   2.7648926e+01
   3.7916690e+06   3.6193848e+01
   3.7917930e+06   2.5451660e+01
   3.8309840e+06   2.7099609e+01
   3.8434270e+06   3.0700684e+01
   3.8434590e+06   2.5329590e+01
   3.8434840e+06   3.0517578e+01
   3.8434980e+06   3.6132813e+01
   3.8435160e+06   2.8747559e+01
   3.8435470e+06   2.6733398e+01
   3.8435580e+06   3.9855957e+01
   3.8435840e+06   3.7109375e+01
   3.8436050e+06   3.7719727e+01
   3.8436250e+06   2.5695801e+01
   3.8436530e+06   4.0588379e+01
   3.8436640e+06   3.3569336e+01
   3.8436990e+06   3.1127930e+01
   3.8437280e+06   3.5827637e+01
   3.8437510e+06   3.0151367e+01
   3.8437630e+06   2.6367188e+01
   3.8437820e+06   2.9052734e+01
   3.8438160e+06   2.7526855e+01
   3.8438260e+06   3.1372070e+01
   3.8438670e+06   3.7841797e+01
   3.8439010e+06   3.2287598e+01
   3.8439660e+06   2.5207520e+01
   3.8440430e+06   2.5573730e+01
   3.8441270e+06   2.6855469e+01
   3.8441530e+06   2.4963379e+01
   3.8442360e+06   3.1066895e+01
   3.8445370e+06   2.9052734e+01
   3.8446590e+06   2.9479980e+01
   3.9416020e+06   2.6611328e+01
   3.9636220e+06   2.5573730e+01
   4.0044410e+06   2.8869629e+01
   4.0044550e+06   3.7780762e+01
   4.0044780e+06   3.1555176e+01
   4.0045180e+06   2.6794434e+01
   4.0045330e+06   3.4973145e+01
   4.0045620e+06   4.9865723e+01
   4.0045760e+06   2.6489258e+01
   4.0046020e+06   2.5695801e+01
   4.0046210e+06   2.6428223e+01
   4.0046530e+06   2.6245117e+01
   4.0046760e+06   2.9174805e+01
   4.0047070e+06   3.2592773e+01
   4.0047200e+06   2.6428223e+01
   4.0047480e+06   3.1738281e+01
   4.0047760e+06   3.1433105e+01
   4.0047860e+06   2.9174805e+01
   4.0047980e+06   2.7893066e+01
   4.0048170e+06   2.8869629e+01
   4.0049230e+06   2.7221680e+01
   4.0050050e+06   3.6193848e+01
   4.0050560e+06   2.5085449e+01
   4.0054470e+06   2.6611328e+01
   4.0055430e+06   2.5817871e+01
   4.0059150e+06   2.5939941e+01
   4.0466620e+06   2.6672363e+01
   4.0466780e+06   3.2958984e+01
   4.0467460e+06   2.8015137e+01
   4.0467780e+06   4.3762207e+01
   4.0468020e+06   2.5207520e+01
   4.0468290e+06   2.9724121e+01
   4.0468450e+06   3.7780762e+01
   4.0468610e+06   4.1503906e+01
   4.0468830e+06   2.7221680e+01
   4.0469060e+06   3.7414551e+01
   4.0469300e+06   3.3569336e+01
   4.0469440e+06   2.7587891e+01
   4.0469670e+06   2.8381348e+01
   4.0469940e+06   3.4118652e+01
   4.0470140e+06   2.8686523e+01
   4.0470370e+06   2.5390625e+01
   4.0470770e+06   2.6062012e+01
   4.0470980e+06   3.0212402e+01
   4.0471600e+06   2.7770996e+01
   4.0472300e+06   2.5390625e+01
   4.0473010e+06   2.6733398e+01
   4.0473650e+06   3.1677246e+01
   4.0474000e+06   2.7160645e+01
   4.0476480e+06   2.5512695e+01
   4.0476640e+06   2.5573730e+01
   4.0478270e+06   2.5634766e+01
   4.0480460e+06   2.7954102e+01
   4.1120760e+06   3.3020020e+01
   4.1121890e+06   2.9357910e+01
   4.1122180e+06   3.4851074e+01
   4.1122350e+06   2.5817871e+01
   4.1122450e+06   3.7597656e+01
   4.1122580e+06   3.0639648e+01
   4.1122770e+06   3.3874512e+01
   4.1123070e+06   3.7536621e+01
   4.1123270e+06   3.8452148e+01
   4.1123520e+06   3.8513184e+01
   4.1123750e+06   5.2429199e+01
   4.1123950e+06   3.0273438e+01
   4.1124260e+06   2.6062012e+01
   4.1124460e+06   4.0771484e+01
   4.1124620e+06   2.9479980e+01
   4.1124730e+06   3.2531738e+01
   4.1124850e+06   3.3325195e+01
   4.1125270e+06   3.7780762e+01
   4.1126060e+06   4.0100098e+01
   4.1126290e+06   2.7465820e+01
   4.1127460e+06   2.6611328e+01
   4.1130450e+06   2.9724121e+01
   4.1133830e+06   3.0212402e+01
   4.1993850e+06   2.8686523e+01
   4.1994630e+06   2.5695801e+01
   4.1994880e+06   3.9733887e+01
   4.1995280e+06   3.1677246e+01
   4.1995450e+06   4.6264648e+01
   4.1995600e+06   2.6916504e+01
   4.1995810e+06   4.1809082e+01
   4.1995990e+06   3.0761719e+01
   4.1996310e+06   3.7292480e+01
   4.1996610e+06   2.9541016e+01
   4.1996910e+06   3.4606934e+01
   4.1997420e+06   2.8625488e+01
   4.1997550e+06   3.4240723e+01
   4.1997800e+06   2.5695801e+01
   4.1998060e+06   3.1799316e+01
   4.1998620e+06   2.5695801e+01
   4.1999260e+06   2.7526855e+01
   4.1999510e+06   2.5817871e+01
   4.1999730e+06   2.5634766e+01
   4.2000510e+06   2.7648926e+01
   4.2001030e+06   2.6306152e+01
   4.2002170e+06   2.8503418e+01
   4.2002430e+06   2.5512695e+01
   4.2002760e+06   2.9724121e+01
   4.2004640e+06   2.6367188e+01
   4.2621180e+06   2.7099609e+01
   4.2896510e+06   2.6123047e+01
   4.2943750e+06   2.5085449e+01
   4.2944350e+06   2.5024414e+01
   4.2944790e+06   2.6306152e+01
   4.2944970e+06   3.3203125e+01
   4.2945170e+06   2.7587891e+01
   4.2945440e+06   2.6977539e+01
   4.2945810e+06   3.8757324e+01
   4.2946000e+06   3.3630371e+01
   4.2946220e+06   3.3508301e+01
   4.2946330e+06   4.5043945e+01
   4.2946440e+06   3.4667969e+01
   4.2946670e+06   2.4963379e+01
   4.2947000e+06   3.1738281e+01
   4.2947340e+06   3.0517578e+01
   4.2947620e+06   3.4729004e+01
   4.2947960e+06   2.7282715e+01
   4.2948260e+06   3.0517578e+01
   4.2948590e+06   2.9602051e+01
   4.2949200e+06   2.9968262e+01
   4.2949620e+06   2.7526855e+01
   4.2951980e+06   2.7954102e+01
   4.3282880e+06   2.8259277e+01
   4.3283680e+06   2.8625488e+01
   4.3283790e+06   3.9367676e+01
   4.3284020e+06   3.5644531e+01
   4.3284250e+06   4.3029785e+01
   4.3284390e+06   3.4545898e+01
   4.3284740e+06   3.2409668e+01
   4.3284930e+06   3.4851074e+01
   4.3285240e+06   3.1311035e+01
   4.3285430e+06   3.3874512e+01
   4.3285690e+06   4.0466309e+01
   4.3285940e+06   3.9367676e+01
   4.3286470e+06   3.1616211e+01
   4.3286880e+06   3.3142090e+01
   4.3287460e+06   2.8991699e+01
   4.3287650e+06   2.8015137e+01
   4.3291250e+06   2.5695801e+01
   4.3292690e+06   2.9113770e+01
   4.3920580e+06   2.9479980e+01
   4.3920960e+06   2.6123047e+01
   4.3921060e+06   3.6682129e+01
   4.3921470e+06   4.9377441e+01
   4.3921600e+06   4.7973633e+01
   4.3921880e+06   3.8269043e+01
   4.3921990e+06   3.1799316e+01
   4.3922150e+06   2.5817871e+01
   4.3922340e+06   2.9846191e+01
   4.3922490e+06   4.2358398e+01
   4.3922760e+06   2.8747559e+01
   4.3923010e+06   4.1625977e+01
   4.3923200e+06   3.9855957e+01
   4.3923350e+06   3.1127930e+01
   4.3923900e+06   2.7648926e+01
   4.3924160e+06   3.6560059e+01
   4.3924340e+06   2.7832031e+01
   4.3924490e+06   2.6306152e+01
   4.3925030e+06   2.9541016e+01
   4.3925340e+06   2.5573730e+01
   4.3926770e+06   2.8930664e+01
   4.3929010e+06   2.7404785e+01
   4.3931070e+06   2.5085449e+01
   4.5800030e+06   2.6794434e+01
   4.5800190e+06   3.2836914e+01
   4.5800490e+06   3.0029297e+01
   4.5800680e+06   4.2175293e+01
   4.5800810e+06   3.8208008e+01
   4.5801050e+06   4.7973633e+01
   4.5801300e+06   3.1188965e+01
   4.5801410e+06   2.8747559e+01
   4.5801770e+06   4.3945313e+01
   4.5801890e+06   2.5390625e+01
   4.5802080e+06   3.8452148e+01
   4.5802610e+06   2.9479980e+01
   4.5802720e+06   3.1188965e+01
   4.5802970e+06   3.3386230e+01
   4.5803340e+06   2.6611328e+01
   4.5803660e+06   2.6306152e+01
   4.5803930e+06   3.9550781e+01
   4.5804460e+06   2.4963379e+01
   4.5804640e+06   2.5573730e+01
   4.5804970e+06   2.7648926e+01
   4.5805360e+06   3.6071777e+01
   4.5809470e+06   2.8747559e+01
   4.5815960e+06   2.6245117e+01
   4.6724310e+06   3.1188965e+01
   4.6724920e+06   3.0700684e+01
   4.6725020e+06   2.7465820e+01
   4.6725280e+06   3.8085938e+01
   4.6725540e+06   3.0456543e+01
   4.6725680e+06   3.0395508e+01
   4.6725890e+06   3.7414551e+01
   4.6726100e+06   2.9846191e+01
   4.6726220e+06   2.6123047e+01
   4.6726550e+06   2.7099609e+01
   4.6726790e+06   2.6916504e+01
   4.6727050e+06   2.7038574e+01
   4.6727150e+06   3.6254883e+01
   4.6727480e+06   3.4484863e+01
   4.6727690e+06   3.1127930e+01
   4.6728320e+06   3.0883789e+01
   4.6728490e+06   2.8625488e+01
   4.6728950e+06   3.0944824e+01
   4.6729350e+06   3.2592773e+01
   4.6730330e+06   2.9174805e+01
   4.6733060e+06   2.5756836e+01
   4.6738320e+06   2.5451660e+01
   4.8313370e+06   2.5756836e+01
   4.8313650e+06   2.6489258e+01
   4.8313880e+06   2.9724121e+01
   4.8314120e+06   3.9916992e+01
   4.8314270e+06   3.6132813e+01
   4.8314510e+06   3.4484863e+01
   4.8314680e+06   2.6000977e+01
   4.8314880e+06   3.4179688e+01
   4.8315120e+06   2.7221680e+01
   4.8315230e+06   3.0273438e+01
   4.8315450e+06   3.5705566e+01
   4.8315570e+06   2.5695801e+01
   4.8315860e+06   4.5898438e+01
   4.8316230e+06   2.5695801e+01
   4.8316390e+06   2.7404785e+01
   4.8316520e+06   2.7526855e+01
   4.8316860e+06   3.3447266e+01
   4.8317180e+06   2.8991699e+01
   4.8317660e+06   3.5217285e+01
   4.8318030e+06   2.5939941e+01
   4.8319160e+06   2.7099609e+01
   4.8319790e+06   2.6123047e+01
   4.8322220e+06   2.5512695e+01
   4.8324380e+06   2.7770996e+01
   4.9081530e+06   2.4963379e+01
   4.9131030e+06   2.6550293e+01
   4.9161680e+06   2.6306152e+01
   4.9162120e+06   3.1188965e+01
   4.9162310e+06   2.8137207e+01
   4.9162630e+06   2.5085449e+01
   4.9162820e+06   4.1625977e+01
   4.9162970e+06   3.6682129e+01
   4.9163180e+06   2.7526855e+01
   4.9163390e+06   3.7109375e+01
   4.9163570e+06   2.6489258e+01
   4.9163720e+06   3.8391113e+01
   4.9163830e+06   2.9052734e+01
   4.9163940e+06   4.5654297e+01
   4.9164140e+06   3.5034180e+01
   4.9164420e+06   3.4729004e+01
   4.9164580e+06   2.7221680e+01
   4.9164690e+06   2.5878906e+01
   4.9164810e+06   2.6184082e+01
   4.9165020e+06   3.3874512e+01
   4.9165540e+06   2.6306152e+01
   4.9165800e+06   3.8024902e+01
   4.9166060e+06   3.1188965e+01
   4.9166160e+06   2.7038574e+01
   4.9166340e+06   3.3813477e+01
   4.9166770e+06   2.6245117e+01
   4.9167850e+06   3.1372070e+01
   4.9168840e+06   2.6245117e+01
   4.9175180e+06   2.6367188e+01
   5.0340250e+06   2.5695801e+01
   5.0340800e+06   2.5817871e+01
   5.0341100e+06   2.8686523e+01
   5.0341260e+06   2.7954102e+01
   5.0341390e+06   2.8381348e+01
   5.0341690e+06   2.7221680e+01
   5.0341840e+06   3.5888672e+01
   5.0342020e+06   2.5878906e+01
   5.0342210e+06   3.0578613e+01
   5.0342420e+06   3.4973145e+01
   5.0342560e+06   3.3935547e+01
   5.0342990e+06   2.5024414e+01
   5.0343090e+06   2.6977539e+01
   5.0343320e+06   3.0639648e+01
   5.0343650e+06   2.7709961e+01
   5.0343820e+06   3.1738281e+01
   5.0344040e+06   2.5451660e+01
   5.0344140e+06   3.6010742e+01
   5.0344270e+06   2.6855469e+01
   5.0344400e+06   2.5817871e+01
   5.0344680e+06   2.5939941e+01
   5.0345020e+06   2.6428223e+01
   5.0345880e+06   2.5634766e+01
   5.0346250e+06   2.5207520e+01
   5.0346390e+06   2.5695801e+01
   5.0346740e+06   2.5939941e+01
   5.0347260e+06   2.5451660e+01
   5.0350870e+06   2.5268555e+01
   5.0354320e+06   2.7404785e+01
   5.1861130e+06   2.6306152e+01
   5.2067420e+06   2.5878906e+01
   5.2067760e+06   3.7719727e+01
   5.2068040e+06   3.1494141e+01
   5.2068150e+06   2.9052734e+01
   5.2068420e+06   4.4189453e+01
   5.2068590e+06   3.1555176e+01
   5.2068820e+06   2.5573730e+01
   5.2069120e+06   2.6062012e+01
   5.2069280e+06   3.4973145e+01
   5.2069480e+06   3.2531738e+01
   5.2069780e+06   4.0588379e+01
   5.2070000e+06   3.1860352e+01
   5.2070410e+06   2.7648926e+01
   5.2070600e+06   2.5756836e+01
   5.2070800e+06   3.9001465e+01
   5.2071180e+06   3.0700684e+01
   5.2071310e+06   2.5146484e+01
   5.2071630e+06   2.9357910e+01
   5.2072930e+06   2.8442383e+01
   5.2081020e+06   2.5146484e+01
   5.3811020e+06   2.5390625e+01
   5.3811190e+06   4.0466309e+01
   5.3811360e+06   2.5329590e+01
   5.3811630e+06   3.8146973e+01
   5.3811870e+06   3.8818359e+01
   5.3812160e+06   4.1442871e+01
   5.3812410e+06   4.3273926e+01
   5.3812550e+06   2.5695801e+01
   5.3812790e+06   4.6020508e+01
   5.3812920e+06   2.6855469e+01
   5.3813110e+06   2.6123047e+01
   5.3813240e+06   2.6489258e+01
   5.3813550e+06   2.9846191e+01
   5.3813810e+06   3.2836914e+01
   5.3814110e+06   2.9296875e+01
   5.3814350e+06   3.1860352e+01
   5.3814820e+06   2.9174805e+01
   5.3815810e+06   2.9479980e+01
   5.3816140e+06   2.8076172e+01
   5.3816650e+06   2.7465820e+01
   5.3817800e+06   2.7526855e+01
   5.3819070e+06   3.1799316e+01
   5.3825410e+06   2.5756836e+01
   5.4814240e+06   2.8198242e+01
   5.4814570e+06   3.1494141e+01
   5.4814670e+06   3.2897949e+01
   5.4815020e+06   3.0883789e+01
   5.4815310e+06   2.6733398e+01
   5.4815520e+06   4.0161133e+01
   5.4815780e+06   3.1127930e+01
   5.4816130e+06   3.9733887e+01
   5.4816380e+06   2.5512695e+01
   5.4816700e+06   2.8686523e+01
   5.4817200e+06   4.2480469e+01
   5.4817980e+06   2.5085449e+01
   5.4818320e+06   2.7221680e+01
   5.4818620e+06   2.8076172e+01
   5.4818910e+06   3.1311035e+01
   5.4819690e+06   3.4240723e+01
   5.4820440e+06   2.7404785e+01
   5.4821440e+06   2.4963379e+01
   5.4823190e+06   2.5695801e+01
   5.4823480e+06   3.0517578e+01
   5.4825710e+06   2.5817871e+01
   5.5369290e+06   2.7893066e+01
   5.5369970e+06   2.6000977e+01
   5.5370200e+06   2.6733398e+01
   5.5370690e+06   2.8625488e+01
   5.5370820e+06   4.1442871e+01
   5.5371150e+06   3.2043457e+01
   5.5371470e+06   2.6855469e+01
   5.5371660e+06   3.1555176e+01
   5.5371800e+06   3.4118652e+01
   5.5371970e+06   2.9907227e+01
   5.5372300e+06   2.9235840e+01
   5.5372480e+06   3.2104492e+01
   5.5372680e+06   3.0151367e+01
   5.5372830e+06   3.1982422e+01
   5.5373000e+06   2.8686523e+01
   5.5373200e+06   3.2775879e+01
   5.5373470e+06   2.6855469e+01
   5.5373760e+06   2.7160645e+01
   5.5374070e+06   2.6245117e+01
   5.5374360e+06   3.5888672e+01
   5.5374700e+06   2.9052734e+01
   5.5374820e+06   2.9602051e+01
   5.5377300e+06   2.8076172e+01
   5.5379270e+06   2.7160645e+01
   5.5380640e+06   2.6733398e+01
   5.5381280e+06   3.2775879e+01
   5.5382080e+06   2.5634766e+01
   5.5383240e+06   2.5268555e+01
   5.5773290e+06   3.0151367e+01
   5.5773450e+06   2.6123047e+01
   5.5773760e+06   2.7648926e+01
   5.5773900e+06   3.1799316e+01
   5.5774010e+06   3.0090332e+01
   5.5774450e+06   2.5451660e+01
   5.5774570e+06   3.8085938e+01
   5.5774760e+06   3.1127930e+01
   5.5774870e+06   2.6672363e+01
   5.5775160e+06   3.9672852e+01
   5.5775340e+06   5.1208496e+01
   5.5775610e+06   2.7099609e+01
   5.5775770e+06   2.9541016e+01
   5.5776260e+06   3.1005859e+01
   5.5776550e+06   2.9724121e+01
   5.5777270e+06   2.5329590e+01
   5.5777860e+06   2.5085449e+01
   5.5778020e+06   2.9174805e+01
   5.5779270e+06   2.8991699e+01
   5.5779670e+06   2.7404785e+01
   5.5784080e+06   2.8198242e+01
   5.6405230e+06   2.6184082e+01
   5.6556190e+06   2.6550293e+01
   5.6556510e+06   2.9541016e+01
   5.6556840e+06   3.2775879e+01
   5.6557160e+06   3.3691406e+01
   5.6557300e+06   2.7343750e+01
   5.6557540e+06   3.1372070e+01
   5.6557730e+06   3.7048340e+01
   5.6557870e+06   4.5349121e+01
   5.6558040e+06   2.7832031e+01
   5.6558330e+06   3.2043457e+01
   5.6558660e+06   3.1494141e+01
   5.6558930e+06   3.6560059e+01
   5.6559100e+06   3.3813477e+01
   5.6559460e+06   3.1921387e+01
   5.6559730e+06   2.9357910e+01
   5.6560010e+06   3.0334473e+01
   5.6560300e+06   2.6855469e+01
   5.6560470e+06   2.6428223e+01
   5.6561010e+06   2.5695801e+01
   5.6564220e+06   2.5695801e+01
   5.6564970e+06   3.3081055e+01
   5.6567750e+06   2.5573730e+01
   5.6569540e+06   2.5268555e+01
   5.7458100e+06   2.8808594e+01
   5.7458290e+06   3.4057617e+01
   5.7458440e+06   2.5878906e+01
   5.7458570e+06   3.4240723e+01
   5.7458960e+06   2.9052734e+01
   5.7459290e+06   3.9367676e+01
   5.7459440e+06   2.6000977e+01
   5.7459720e+06   3.3447266e+01
   5.7459820e+06   2.5695801e+01
   5.7460090e+06   3.9489746e+01
   5.7460360e+06   4.1625977e+01
   5.7460670e+06   2.8991699e+01
   5.7460830e+06   2.8625488e+01
   5.7461240e+06   3.2775879e+01
   5.7461360e+06   4.2419434e+01
   5.7461820e+06   3.0761719e+01
   5.7461920e+06   2.7770996e+01
   5.7462180e+06   2.7709961e+01
   5.7462480e+06   2.9479980e+01
   5.7462890e+06   2.5756836e+01
   5.7463020e+06   2.8198242e+01
   5.7464020e+06   2.5817871e+01
   5.7466870e+06   2.5024414e+01
   5.7468040e+06   2.8625488e+01
   5.7472270e+06   2.5756836e+01
   5.8290990e+06   2.4963379e+01
   5.8291220e+06   2.5024414e+01
   5.8291810e+06   2.6184082e+01
   5.8292230e+06   3.4301758e+01
   5.8292500e+06   4.2419434e+01
   5.8292660e+06   2.5695801e+01
   5.8292790e+06   3.2836914e+01
   5.8292990e+06   2.8015137e+01
   5.8293290e+06   4.1320801e+01
   5.8293430e+06   3.0029297e+01
   5.8293590e+06   3.3020020e+01
   5.8293970e+06   3.2165527e+01
   5.8294120e+06   2.7160645e+01
   5.8294300e+06   2.8869629e+01
   5.8294560e+06   2.9357910e+01
   5.8294710e+06   2.5695801e+01
   5.8294890e+06   3.9123535e+01
   5.8295060e+06   2.6794434e+01
   5.8295160e+06   2.6916504e+01
   5.8295900e+06   2.5024414e+01
   5.8296070e+06   3.4606934e+01
   5.8297130e+06   3.0273438e+01
   5.9253170e+06   2.5329590e+01
   5.9432020e+06   2.8381348e+01
   5.9432120e+06   2.6672363e+01
   5.9432610e+06   3.4729004e+01
   5.9432830e+06   3.1005859e+01
   5.9433140e+06   3.3447266e+01
   5.9433360e+06   3.7292480e+01
   5.9433460e+06   2.9541016e+01
   5.9433580e+06   3.0456543e+01
   5.9433900e+06   3.3386230e+01
   5.9434370e+06   2.7404785e+01
   5.9434520e+06   3.2043457e+01
   5.9434840e+06   3.2714844e+01
   5.9435070e+06   2.6794434e+01
   5.9436290e+06   3.0334473e+01
   5.9436540e+06   2.6733398e+01
   5.9437200e+06   3.3020020e+01
   5.9437760e+06   2.5695801e+01
   5.9441640e+06   2.7099609e+01
   6.0505790e+06   2.7587891e+01
   6.0505960e+06   2.6184082e+01
   6.0506260e+06   3.6071777e+01
   6.0506590e+06   2.9113770e+01
   6.0506730e+06   4.8034668e+01
   6.0507020e+06   2.8198242e+01
   6.0507190e+06   3.5705566e+01
   6.0507360e+06   2.6733398e+01
   6.0507560e+06   3.3508301e+01
   6.0507860e+06   4.3090820e+01
   6.0507960e+06   2.6062012e+01
   6.0508210e+06   3.5644531e+01
   6.0508310e+06   3.0395508e+01
   6.0508610e+06   3.9978027e+01
   6.0508860e+06   2.7343750e+01
   6.0508960e+06   2.7526855e+01
   6.0509380e+06   3.0212402e+01
   6.0510070e+06   2.6489258e+01
   6.0510420e+06   3.1372070e+01
   6.0510520e+06   2.4963379e+01
   6.0511810e+06   2.9907227e+01
   6.0513320e+06   2.6550293e+01
   6.0513950e+06   2.7099609e+01
   6.1394520e+06   2.5329590e+01
   6.1542440e+06   2.6428223e+01
   6.1544100e+06   2.6428223e+01
   6.1544850e+06   2.5878906e+01
   6.1546040e+06   2.4963379e+01
   6.1546310e+06   2.8991699e+01
   6.1546430e+06   3.1616211e+01
   6.1546740e+06   3.2348633e+01
   6.1546930e+06   2.8137207e+01
   6.1547280e+06   3.1066895e+01
   6.1547510e+06   3.5705566e+01
   6.1547720e+06   3.3447266e+01
   6.1547970e+06   2.7954102e+01
   6.1548080e+06   2.6733398e+01
   6.1548540e+06   2.7343750e+01
   6.1548770e+06   3.3020020e+01
   6.1549280e+06   2.6062012e+01
   6.1549560e+06   3.1494141e+01
   6.1550120e+06   2.5451660e+01
   6.1551250e+06   3.7231445e+01
   6.1551660e+06   2.5024414e+01
   6.1552820e+06   2.5085449e+01
   6.1554230e+06   3.0395508e+01
   6.1554720e+06   2.6367188e+01
   6.2313730e+06   2.5512695e+01
   6.2314020e+06   2.5756836e+01
   6.2314480e+06   2.5878906e+01
   6.2314620e+06   2.8015137e+01
   6.2314730e+06   2.9479980e+01
   6.2315260e+06   2.6672363e+01
   6.2315500e+06   4.2602539e+01
   6.2315630e+06   3.6987305e+01
   6.2315800e+06   2.8198242e+01
   6.2316150e+06   2.5146484e+01
   6.2316500e+06   4.9377441e+01
   6.2317070e+06   3.1188965e+01
   6.2317340e+06   3.0395508e+01
   6.2317630e+06   3.0761719e+01
   6.2317900e+06   2.6245117e+01
   6.2318370e+06   2.7038574e+01
   6.2318820e+06   2.7404785e+01
   6.2319130e+06   2.6245117e+01
   6.2319960e+06   2.6062012e+01
   6.2321350e+06   2.5878906e+01
   6.2321850e+06   2.5024414e+01
   6.3518960e+06   4.2297363e+01
   6.3519070e+06   2.7465820e+01
   6.3519350e+06   2.5756836e+01
   6.3519530e+06   3.6987305e+01
   6.3519810e+06   4.4372559e+01
   6.3520120e+06   3.2348633e+01
   6.3520430e+06   3.0578613e+01
   6.3520680e+06   3.5156250e+01
   6.3520790e+06   3.5400391e+01
   6.3521040e+06   3.1066895e+01
   6.3521300e+06   5.9631348e+01
   6.3521580e+06   3.2653809e+01
   6.3521830e+06   2.8381348e+01
   6.3522610e+06   2.5390625e+01
   6.3523940e+06   2.5329590e+01
   6.3524180e+06   2.6367188e+01
   6.3524890e+06   2.5024414e+01
   6.3527150e+06   2.5451660e+01
   6.4120310e+06   2.6367188e+01
   6.4121330e+06   2.6733398e+01
   6.4121840e+06   3.7597656e+01
   6.4122010e+06   3.8391113e+01
   6.4122260e+06   2.5695801e+01
   6.4122390e+06   3.2531738e+01
   6.4122610e+06   4.2053223e+01
   6.4122910e+06   2.8930664e+01
   6.4123250e+06   3.4423828e+01
   6.4123390e+06   2.8137207e+01
   6.4123580e+06   4.2846680e+01
   6.4123880e+06   3.5705566e+01
   6.4124170e+06   3.7048340e+01
   6.4124270e+06   2.8808594e+01
   6.4124640e+06   3.2104492e+01
   6.4124920e+06   2.9418945e+01
   6.4125170e+06   2.9479980e+01
   6.4125470e+06   2.8015137e+01
   6.4125710e+06   2.8930664e+01
   6.4125890e+06   3.1311035e+01
   6.4126530e+06   2.5512695e+01
   6.4129870e+06   2.9602051e+01
   6.4132000e+06   2.5390625e+01
   6.4132150e+06   2.9479980e+01
   6.5066990e+06   2.6245117e+01
   6.5067300e+06   3.1188965e+01
   6.5067400e+06   2.6672363e+01
   6.5067740e+06   4.6997070e+01
   6.5068030e+06   4.2175293e+01
   6.5068450e+06   3.7170410e+01
   6.5068720e+06   2.6062012e+01
   6.5068980e+06   4.0710449e+01
   6.5069270e+06   2.6855469e+01
   6.5069420e+06   2.5390625e+01
   6.5069670e+06   2.5146484e+01
   6.5069820e+06   4.9194336e+01
   6.5070040e+06   2.7404785e+01
   6.5070860e+06   3.2287598e+01
   6.5071150e+06   2.8076172e+01
   6.5071640e+06   2.5268555e+01
   6.5072590e+06   2.8198242e+01
   6.5072820e+06   2.5024414e+01
   6.5073820e+06   2.5268555e+01
   6.5076390e+06   2.7770996e+01
   6.5697710e+06   2.6184082e+01
   6.5698350e+06   2.8869629e+01
   6.5698590e+06   3.1738281e+01
   6.5698760e+06   3.4790039e+01
   6.5699040e+06   3.9184570e+01
   6.5699180e+06   4.6447754e+01
   6.5699540e+06   3.6926270e+01
   6.5699850e+06   3.1738281e+01
   6.5699970e+06   2.8747559e+01
   6.5700120e+06   3.2653809e+01
   6.5700590e+06   4.5654297e+01
   6.5700690e+06   3.2104492e+01
   6.5700950e+06   2.7587891e+01
   6.5701120e+06   3.5644531e+01
   6.5701460e+06   3.0334473e+01
   6.5701700e+06   2.7160645e+01
   6.5702000e+06   2.6123047e+01
   6.5702310e+06   2.8137207e+01
   6.5702840e+06   2.8991699e+01
   6.5703330e+06   2.5634766e+01
   6.5704610e+06   2.7099609e+01
   6.5706870e+06   2.5451660e+01
   6.6420510e+06   2.5207520e+01
   6.6420780e+06   3.1127930e+01
   6.6420900e+06   3.1738281e+01
   6.6421150e+06   3.0883789e+01
   6.6421470e+06   3.2897949e+01
   6.6421630e+06   2.5024414e+01
   6.6421920e+06   2.8503418e+01
   6.6422180e+06   4.1137695e+01
   6.6422480e+06   4.1931152e+01
   6.6422870e+06   3.6926270e+01
   6.6422990e+06   3.0761719e+01
   6.6423210e+06   2.7099609e+01
   6.6423360e+06   4.1931152e+01
   6.6423730e+06   2.8869629e+01
   6.6424010e+06   3.1433105e+01
   6.6424180e+06   2.9296875e+01
   6.6424340e+06   2.6000977e+01
   6.6424620e+06   3.0212402e+01
   6.6425590e+06   2.7770996e+01
   6.6425890e+06   2.5817871e+01
   6.6426880e+06   2.7282715e+01
   6.6432690e+06   2.5451660e+01
   6.7296210e+06   2.7526855e+01
   6.7296420e+06   3.0212402e+01
   6.7296800e+06   2.9541016e+01
   6.7297080e+06   4.2053223e+01
   6.7297310e+06   2.7465820e+01
   6.7297480e+06   3.7170410e+01
   6.7297600e+06   3.3386230e+01
   6.7298130e+06   3.7475586e+01
   6.7298420e+06   3.1860352e+01
   6.7298630e+06   3.3874512e+01
   6.7298730e+06   3.7902832e+01
   6.7298990e+06   2.6123047e+01
   6.7299230e+06   3.9123535e+01
   6.7299430e+06   3.0029297e+01
   6.7299750e+06   2.9846191e+01
   6.7300320e+06   2.5817871e+01
   6.7300480e+06   2.5390625e+01
   6.7300810e+06   2.6245117e+01
   6.7301050e+06   2.7832031e+01
   6.7301270e+06   2.8869629e+01
   6.7302030e+06   2.9663086e+01
   6.7304060e+06   2.5207520e+01
   6.7309810e+06   2.7160645e+01
   6.8205280e+06   3.2653809e+01
   6.8205490e+06   3.0639648e+01
   6.8205950e+06   2.8808594e+01
   6.8206140e+06   3.3996582e+01
   6.8206290e+06   4.4250488e+01
   6.8206730e+06   3.8146973e+01
   6.8206980e+06   2.7770996e+01
   6.8207230e+06   3.4118652e+01
   6.8207540e+06   3.4851074e+01
   6.8207700e+06   3.3630371e+01
   6.8207940e+06   2.7587891e+01
   6.8208070e+06   3.0761719e+01
   6.8208270e+06   3.3874512e+01
   6.8208390e+06   2.7832031e+01
   6.8208600e+06   3.6682129e+01
   6.8208910e+06   3.4851074e+01
   6.8209100e+06   2.6550293e+01
   6.8209330e+06   2.9174805e+01
   6.8210610e+06   2.6489258e+01
   6.8212620e+06   2.5085449e+01
   6.8214510e+06   2.6611328e+01
   6.8215950e+06   2.7893066e+01
   6.8217220e+06   3.2531738e+01
   6.8221950e+06   2.5085449e+01
   6.9398050e+06   2.4963379e+01
   6.9398580e+06   2.7404785e+01
   6.9398800e+06   2.8259277e+01
   6.9399210e+06   2.8076172e+01
   6.9399500e+06   3.3569336e+01
   6.9399700e+06   2.6855469e+01
   6.9400210e+06   3.1188965e+01
   6.9400570e+06   3.1372070e+01
   6.9400700e+06   3.4118652e+01
   6.9401020e+06   3.5095215e+01
   6.9401150e+06   4.1992188e+01
   6.9401370e+06   3.3508301e+01
   6.9401780e+06   3.0761719e+01
   6.9401960e+06   2.6489258e+01
   6.9402330e+06   2.6184082e+01
   6.9402690e+06   3.0090332e+01
   6.9402990e+06   2.6916504e+01
   6.9403380e+06   2.7221680e+01
   6.9403600e+06   2.6184082e+01
   6.9403960e+06   3.1127930e+01
   6.9407040e+06   2.6489258e+01
   6.9407570e+06   2.5268555e+01
   6.9411050e+06   2.5573730e+01
   6.9413510e+06   2.5268555e+01
   7.0019050e+06   2.8991699e+01
   7.0019330e+06   2.9907227e+01
   7.0019630e+06   2.7282715e+01
   7.0019800e+06   3.3996582e+01
   7.0019970e+06   4.3823242e+01
   7.0020080e+06   4.0283203e+01
   7.0020460e+06   4.3212891e+01
   7.0020650e+06   3.4912109e+01
   7.0020940e+06   2.8320313e+01
   7.0021150e+06   3.1433105e+01
   7.0021280e+06   3.7902832e+01
   7.0021590e+06   3.5034180e+01
   7.0021830e+06   2.8198242e+01
   7.0022220e+06   2.6367188e+01
   7.0022440e+06   3.6743164e+01
   7.0023590e+06   2.6428223e+01
   7.0023730e+06   2.5085449e+01
   7.0024830e+06   2.7526855e+01
   7.0028040e+06   2.5695801e+01
   7.0029100e+06   2.7954102e+01
   7.0029360e+06   2.8198242e+01
   7.0031500e+06   2.6672363e+01
   7.0562290e+06   2.5207520e+01
   7.0892480e+06   2.5878906e+01
   7.0894530e+06   2.5085449e+01
   7.0894880e+06   3.2226563e+01
   7.0895080e+06   3.2226563e+01
   7.0895330e+06   2.6367188e+01
   7.0895580e+06   3.6437988e+01
   7.0895930e+06   3.3142090e+01
   7.0896260e+06   2.5024414e+01
   7.0896530e+06   4.1992188e+01
   7.0896770e+06   2.7038574e+01
   7.0897050e+06   2.8564453e+01
   7.0897190e+06   2.9907227e+01
   7.0897310e+06   3.7109375e+01
   7.0897560e+06   4.4738770e+01
   7.0897970e+06   3.3874512e+01
   7.0898140e+06   2.7526855e+01
   7.0898450e+06   2.9846191e+01
   7.0898770e+06   3.0578613e+01
   7.0899610e+06   2.5939941e+01
   7.0900160e+06   2.7526855e+01
   7.0900520e+06   2.8930664e+01
   7.0903450e+06   2.6245117e+01
   7.0905010e+06   3.1982422e+01
   7.0905900e+06   2.9785156e+01
   7.1528920e+06   3.6743164e+01
   7.1529110e+06   2.7770996e+01
   7.1529320e+06   3.7719727e+01
   7.1529610e+06   3.1433105e+01
   7.1529780e+06   3.6804199e+01
   7.1529950e+06   2.8503418e+01
   7.1530440e+06   2.8320313e+01
   7.1530730e+06   3.0883789e+01
   7.1531030e+06   2.7343750e+01
   7.1531150e+06   3.2958984e+01
   7.1531650e+06   3.1188965e+01
   7.1532110e+06   2.7160645e+01
   7.1532390e+06   3.4851074e+01
   7.1533090e+06   2.5573730e+01
   7.1533250e+06   2.6123047e+01
   7.1533820e+06   2.7587891e+01
   7.1534630e+06   2.6184082e+01
   7.1535490e+06   2.7587891e+01
   7.1538230e+06   3.0151367e+01
   7.1538610e+06   2.8808594e+01
   7.2283220e+06   2.6184082e+01
   7.2283700e+06   2.5329590e+01
   7.2284020e+06   3.2287598e+01
   7.2284240e+06   2.6611328e+01
   7.2284410e+06   2.6855469e+01
   7.2284600e+06   2.5085449e+01
   7.2284840e+06   2.7221680e+01
   7.2285000e+06   2.7465820e+01
   7.2285260e+06   2.5817871e+01
   7.2285360e+06   2.8320313e+01
   7.2285670e+06   3.0700684e+01
   7.2286140e+06   3.1311035e+01
   7.2286370e+06   4.4799805e+01
   7.2286560e+06   3.8391113e+01
   7.2286660e+06   3.0029297e+01
   7.2286760e+06   3.0029297e+01
   7.2287150e+06   2.6550293e+01
   7.2287420e+06   3.2348633e+01
   7.2287900e+06   2.7770996e+01
   7.2288230e+06   2.5207520e+01
   7.2289500e+06   2.7343750e+01
   7.2289770e+06   2.8198242e+01
   7.2290120e+06   2.4963379e+01
   7.2292700e+06   2.6367188e+01
   7.2293650e+06   2.9785156e+01
   7.3405770e+06   3.2897949e+01
   7.3406350e+06   3.5217285e+01
   7.3406690e+06   4.2968750e+01
   7.3406980e+06   3.4057617e+01
   7.3407090e+06   4.4311523e+01
   7.3407280e+06   3.1372070e+01
   7.3407400e+06   2.6306152e+01
   7.3407580e+06   4.6997070e+01
   7.3407720e+06   3.9916992e+01
   7.3407910e+06   3.3691406e+01
   7.3408040e+06   3.7231445e+01
   7.3408290e+06   3.8879395e+01
   7.3408410e+06   3.5461426e+01
   7.3408710e+06   2.7221680e+01
   7.3409070e+06   3.2592773e+01
   7.3409190e+06   3.0578613e+01
   7.3409460e+06   4.1564941e+01
   7.3409730e+06   5.0415039e+01
   7.3411690e+06   2.9296875e+01
   7.3412180e+06   2.7404785e+01
   7.3418400e+06   2.5756836e+01
   7.4396970e+06   2.9541016e+01
   7.4397270e+06   3.1982422e+01
   7.4397490e+06   3.0090332e+01
   7.4397850e+06   3.2348633e+01
   7.4398300e+06   3.3508301e+01
   7.4398550e+06   3.7048340e+01
   7.4398690e+06   2.8869629e+01
   7.4398910e+06   3.0944824e+01
   7.4399210e+06   3.5705566e+01
   7.4399470e+06   3.1188965e+01
   7.4399760e+06   4.6325684e+01
   7.4400050e+06   4.7424316e+01
   7.4400190e+06   3.6193848e+01
   7.4400450e+06   4.4555664e+01
   7.4400880e+06   3.3264160e+01
   7.4401230e+06   2.9296875e+01
   7.4401750e+06   2.7343750e+01
   7.4402100e+06   3.3020020e+01
   7.4402430e+06   2.6123047e+01
   7.4404160e+06   2.6428223e+01
   7.4405690e+06   3.1066895e+01
   7.4406190e+06   2.6123047e+01
   7.4417030e+06   2.4963379e+01
   7.5303600e+06   2.5939941e+01
   7.5304510e+06   2.8198242e+01
   7.5304630e+06   3.1250000e+01
   7.5305030e+06   3.7048340e+01
   7.5305240e+06   3.8818359e+01
   7.5305490e+06   3.1250000e+01
   7.5305680e+06   2.9663086e+01
   7.5305820e+06   3.7048340e+01
   7.5306010e+06   4.1137695e+01
   7.5306340e+06   3.1555176e+01
   7.5306680e+06   2.9663086e+01
   7.5306820e+06   3.5339355e+01
   7.5307060e+06   3.7414551e+01
   7.5307200e+06   2.7832031e+01
   7.5307390e+06   3.0395508e+01
   7.5308180e+06   2.8259277e+01
   7.5308960e+06   2.8137207e+01
   7.5309660e+06   2.9296875e+01
   7.5310470e+06   3.0029297e+01
   7.5311000e+06   2.8503418e+01
   7.5313110e+06   2.5939941e+01
   7.5316510e+06   2.5329590e+01
   7.6253050e+06   2.8564453e+01
   7.6253490e+06   3.0029297e+01
   7.6253830e+06   2.6733398e+01
   7.6254020e+06   2.6550293e+01
   7.6254230e+06   2.9052734e+01
   7.6254450e+06   3.5034180e+01
   7.6254750e+06   2.7893066e+01
   7.6255160e+06   3.7963867e+01
   7.6255450e+06   2.6550293e+01
   7.6255720e+06   3.1005859e+01
   7.6256060e+06   3.5583496e+01
   7.6256160e+06   3.4912109e+01
   7.6256360e+06   3.7597656e+01
   7.6256660e+06   4.2541504e+01
   7.6256910e+06   3.3874512e+01
   7.6257050e+06   3.2775879e+01
   7.6257180e+06   2.7282715e+01
   7.6257470e+06   2.6611328e+01
   7.6258100e+06   3.1860352e+01
   7.6258840e+06   2.5634766e+01
   7.6260020e+06   2.5390625e+01
   7.6261000e+06   2.6672363e+01
   7.6261280e+06   2.6794434e+01
   7.6261650e+06   2.9418945e+01
   7.7319070e+06   2.6855469e+01
   7.7319380e+06   3.1066895e+01
   7.7319610e+06   3.0822754e+01
   7.7319840e+06   2.6367188e+01
   7.7319970e+06   3.3813477e+01
   7.7320380e+06   2.5207520e+01
   7.7320730e+06   3.5766602e+01
   7.7321100e+06   3.6437988e+01
   7.7321420e+06   3.4118652e+01
   7.7321870e+06   3.2165527e+01
   7.7322180e+06   3.2531738e+01
   7.7322500e+06   2.6000977e+01
   7.7322610e+06   3.7841797e+01
   7.7322880e+06   2.9968262e+01
   7.7323970e+06   2.7038574e+01
   7.7324430e+06   2.6489258e+01
   7.7325350e+06   2.9052734e+01
   7.7325830e+06   2.6489258e+01
   7.7327650e+06   2.6306152e+01
   7.7327790e+06   2.6550293e+01
   7.7329170e+06   2.5268555e+01
   7.8455380e+06   2.8137207e+01
   7.8455530e+06   2.5085449e+01
   7.8455760e+06   2.9479980e+01
   7.8456070e+06   3.3447266e+01
   7.8456260e+06   3.9001465e+01
   7.8456440e+06   3.1005859e+01
   7.8456550e+06   2.5695801e+01
   7.8456770e+06   3.3325195e+01
   7.8457170e+06   2.5451660e+01
   7.8457480e+06   3.0212402e+01
   7.8457670e+06   4.8095703e+01
   7.8457810e+06   3.6315918e+01
   7.8458160e+06   2.5939941e+01
   7.8458260e+06   2.8808594e+01
   7.8458380e+06   2.5329590e+01
   7.8458610e+06   2.5329590e+01
   7.8458800e+06   3.0090332e+01
   7.8459090e+06   2.5756836e+01
   7.8460590e+06   2.6855469e+01
   7.8461980e+06   2.5817871e+01
   7.8462630e+06   2.6184082e+01
   7.8462830e+06   2.6733398e+01
   7.8464940e+06   2.6123047e+01
   7.8468530e+06   2.5939941e+01
   7.8470670e+06   2.6428223e+01
   7.8473970e+06   2.7465820e+01
   7.9557120e+06   2.6611328e+01
   7.9557390e+06   3.2470703e+01
   7.9558110e+06   3.1127930e+01
   7.9558640e+06   4.0039063e+01
   7.9559000e+06   3.4301758e+01
   7.9559140e+06   3.8024902e+01
   7.9559390e+06   2.5512695e+01
   7.9559610e+06   2.7832031e+01
   7.9559720e+06   3.8330078e+01
   7.9560030e+06   3.1005859e+01
   7.9560250e+06   2.6000977e+01
   7.9560430e+06   2.6855469e+01
   7.9560740e+06   2.5939941e+01
   7.9561420e+06   2.7221680e+01
   7.9561770e+06   2.7587891e+01
   7.9562240e+06   2.8442383e+01
   7.9562980e+06   2.6550293e+01
   7.9566560e+06   2.6672363e+01
   7.9568610e+06   2.5024414e+01
   8.0995350e+06   2.5451660e+01
   8.1145140e+06   3.3142090e+01
   8.1146020e+06   2.9663086e+01
   8.1146120e+06   2.9296875e+01
   8.1146480e+06   3.3508301e+01
   8.1146900e+06   3.1982422e+01
   8.1147030e+06   3.0334473e+01
   8.1147130e+06   3.3630371e+01
   8.1147330e+06   4.8278809e+01
   8.1147690e+06   3.3386230e+01
   8.1147860e+06   2.7648926e+01
   8.1148200e+06   3.3264160e+01
   8.1148440e+06   3.4973145e+01
   8.1148660e+06   3.2409668e+01
   8.1148930e+06   3.1005859e+01
   8.1149350e+06   3.2409668e+01
   8.1149520e+06   2.5817871e+01
   8.1149880e+06   2.9846191e+01
   8.1150440e+06   3.0944824e+01
   8.1151300e+06   2.7099609e+01
   8.1152590e+06   2.5451660e+01
   8.1154440e+06   2.8808594e+01
   8.1155960e+06   2.6123047e+01
   8.1162650e+06   2.6123047e+01
   8.2223470e+06   3.6132813e+01
   8.2223730e+06   2.9235840e+01
   8.2223910e+06   2.8076172e+01
   8.2224100e+06   3.4179688e+01
   8.2224590e+06   2.9174805e+01
   8.2225020e+06   2.7160645e+01
   8.2225210e+06   2.6916504e+01
   8.2225320e+06   3.7048340e+01
   8.2225620e+06   3.2653809e+01
   8.2225980e+06   3.1677246e+01
   8.2226400e+06   3.1127930e+01
   8.2226650e+06   2.6672363e+01
   8.2227000e+06   2.6306152e+01
   8.2227340e+06   3.7475586e+01
   8.2227770e+06   2.7770996e+01
   8.2229250e+06   2.6245117e+01
   8.2230550e+06   2.5939941e+01
   8.3261830e+06   2.5512695e+01
   8.3262220e+06   2.9113770e+01
   8.3262530e+06   2.9968262e+01
   8.3262660e+06   3.0761719e+01
   8.3263030e+06   3.8574219e+01
   8.3263210e+06   3.0151367e+01
   8.3263460e+06   2.7038574e+01
   8.3263750e+06   2.8625488e+01
   8.3263970e+06   3.7109375e+01
   8.3264300e+06   4.7180176e+01
   8.3264520e+06   2.5024414e+01
   8.3264950e+06   3.6132813e+01
   8.3265160e+06   2.7587891e+01
   8.3265940e+06   3.3935547e+01
   8.3266840e+06   2.6367188e+01
   8.3270110e+06   2.5024414e+01
   8.3274250e+06   2.5756836e+01
   8.4130450e+06   2.5695801e+01
   8.4131000e+06   2.7526855e+01
   8.4131240e+06   2.9235840e+01
   8.4131520e+06   2.5451660e+01
   8.4131660e+06   3.9001465e+01
   8.4131810e+06   3.3264160e+01
   8.4131960e+06   2.5451660e+01
   8.4132090e+06   2.9479980e+01
   8.4132250e+06   3.2104492e+01
   8.4132490e+06   2.6855469e+01
   8.4132800e+06   2.7893066e+01
   8.4133100e+06   3.8635254e+01
   8.4133220e+06   3.7414551e+01
   8.4133600e+06   2.5573730e+01
   8.4134080e+06   3.0395508e+01
   8.4134280e+06   2.7832031e+01
   8.4134470e+06   3.3813477e+01
   8.4134710e+06   3.1005859e+01
   8.4135030e+06   2.6489258e+01
   8.4135470e+06   3.2592773e+01
   8.4136680e+06   2.5085449e+01
   8.4137130e+06   2.7282715e+01
   8.4137680e+06   2.6184082e+01
   8.4138460e+06   2.6306152e+01
   8.4145030e+06   2.9113770e+01
   8.5296160e+06   2.5634766e+01
   8.5296370e+06   2.7343750e+01
   8.5296600e+06   2.7648926e+01
   8.5296740e+06   3.1127930e+01
   8.5297030e+06   4.1320801e+01
   8.5297510e+06   3.7780762e+01
   8.5297800e+06   3.4545898e+01
   8.5298090e+06   3.9978027e+01
   8.5298510e+06   2.7282715e+01
   8.5298790e+06   3.3447266e+01
   8.5299120e+06   2.4963379e+01
   8.5299320e+06   3.1066895e+01
   8.5299570e+06   3.1921387e+01
   8.5300020e+06   2.5329590e+01
   8.5300400e+06   2.8381348e+01
   8.5300950e+06   2.8930664e+01
   8.5301490e+06   2.5451660e+01
   8.5306840e+06   2.5939941e+01
   8.5307820e+06   2.7465820e+01
   8.5310180e+06   2.7221680e+01
   8.6692810e+06   2.5146484e+01
   8.6693060e+06   3.0944824e+01
   8.6693240e+06   3.3752441e+01
   8.6693510e+06   4.1625977e+01
   8.6693630e+06   3.7109375e+01
   8.6693870e+06   5.3100586e+01
   8.6694040e+06   2.6977539e+01
   8.6694260e+06   3.6621094e+01
   8.6694540e+06   4.3457031e+01
   8.6694830e+06   2.8259277e+01
   8.6695000e+06   3.4912109e+01
   8.6695270e+06   3.2409668e+01
   8.6695560e+06   2.8930664e+01
   8.6695780e+06   2.9541016e+01
   8.6696070e+06   2.6733398e+01
   8.6696340e+06   3.8391113e+01
   8.6696940e+06   2.7038574e+01
   8.6697250e+06   2.7648926e+01
   8.6699060e+06   3.4118652e+01
   8.6699720e+06   2.9846191e+01
   8.6700770e+06   2.4963379e+01
   8.8218010e+06   2.8320313e+01
   8.8218430e+06   2.5756836e+01
   8.8218730e+06   3.6804199e+01
   8.8218910e+06   2.6550293e+01
   8.8219050e+06   3.1616211e+01
   8.8219300e+06   3.0029297e+01
   8.8219610e+06   3.9245605e+01
   8.8219970e+06   2.5085449e+01
   8.8220380e+06   2.7648926e+01
   8.8220560e+06   3.2470703e+01
   8.8220900e+06   3.4423828e+01
   8.8221540e+06   3.4606934e+01
   8.8221650e+06   3.6193848e+01
   8.8222290e+06   2.8137207e+01
   8.8222600e+06   2.9357910e+01
   8.8223480e+06   2.6672363e+01
   8.8225520e+06   2.5817871e+01
   8.8225750e+06   2.5207520e+01
   8.8226610e+06   2.5817871e+01
   8.8226710e+06   2.4963379e+01
   8.8231310e+06   2.6855469e+01
   8.9819110e+06   2.8747559e+01
   8.9819280e+06   2.8198242e+01
   8.9819530e+06   2.9846191e+01
   8.9819760e+06   4.0405273e+01
   8.9820250e+06   3.0944824e+01
   8.9820530e+06   3.3203125e+01
   8.9820860e+06   3.6804199e+01
   8.9821070e+06   2.5085449e+01
   8.9821430e+06   3.0761719e+01
   8.9821530e+06   4.1748047e+01
   8.9821790e+06   2.8869629e+01
   8.9821960e+06   2.6245117e+01
   8.9822360e+06   2.6062012e+01
   8.9822580e+06   3.2470703e+01
   8.9824090e+06   2.5085449e+01
   8.9824530e+06   3.5400391e+01
   8.9825270e+06   2.6062012e+01
   8.9828280e+06   2.5756836e+01
   8.9829170e+06   2.5634766e+01
   8.9834040e+06   2.6977539e+01
   8.9836160e+06   2.5024414e+01
   9.1146280e+06   2.9235840e+01
   9.1146840e+06   2.5085449e+01
   9.1147030e+06   3.4362793e+01
   9.1147460e+06   4.2785645e+01
   9.1147750e+06   3.5278320e+01
   9.1148030e+06   3.3996582e+01
   9.1148340e+06   3.6132813e+01
   9.1148600e+06   3.6987305e+01
   9.1148700e+06   4.4006348e+01
   9.1148960e+06   4.5043945e+01
   9.1149150e+06   3.6804199e+01
   9.1149420e+06   2.9418945e+01
   9.1149990e+06   4.0710449e+01
   9.1150270e+06   4.1320801e+01
   9.1151410e+06   2.8930664e+01
   9.1153790e+06   2.8747559e+01
   9.1162230e+06   2.5573730e+01
   9.1801280e+06   3.2104492e+01
   9.1801700e+06   3.0822754e+01
   9.1802090e+06   3.4301758e+01
   9.1802260e+06   3.9978027e+01
   9.1802400e+06   4.0283203e+01
   9.1802860e+06   3.7109375e+01
   9.1803050e+06   3.1921387e+01
   9.1803230e+06   2.9846191e+01
   9.1803350e+06   2.7465820e+01
   9.1803720e+06   2.5512695e+01
   9.1803830e+06   2.8381348e+01
   9.1804250e+06   2.6123047e+01
   9.1804520e+06   2.5146484e+01
   9.1804740e+06   3.2653809e+01
   9.1805380e+06   2.5024414e+01
   9.1805840e+06   2.9174805e+01
   9.1809970e+06   3.0090332e+01
   9.1810220e+06   2.6306152e+01
   9.2548890e+06   2.5390625e+01
   9.2549060e+06   2.9296875e+01
   9.2549540e+06   3.9672852e+01
   9.2549910e+06   2.8076172e+01
   9.2550160e+06   2.7282715e+01
   9.2550340e+06   2.8381348e+01
   9.2550620e+06   2.5329590e+01
   9.2550890e+06   2.9296875e+01
   9.2551020e+06   2.7893066e+01
   9.2551160e+06   3.1616211e+01
   9.2551470e+06   2.8625488e+01
   9.2552370e+06   3.4790039e+01
   9.2552930e+06   2.8137207e+01
   9.2553650e+06   2.4963379e+01
   9.2554080e+06   2.5024414e+01
   9.2555210e+06   2.5451660e+01
   9.2556620e+06   3.4362793e+01
   9.2558270e+06   2.6000977e+01
   9.2562390e+06   3.0212402e+01
   9.3081860e+06   2.5146484e+01
   9.3427570e+06   2.5146484e+01
   9.3428100e+06   2.8076172e+01
   9.3428390e+06   4.4860840e+01
   9.3428540e+06   2.9296875e+01
   9.3428750e+06   2.4963379e+01
   9.3428870e+06   4.8706055e+01
   9.3428990e+06   3.3203125e+01
   9.3429230e+06   4.5166016e+01
   9.3429420e+06   3.6865234e+01
   9.3429910e+06   2.7343750e+01
   9.3430010e+06   4.4616699e+01
   9.3430220e+06   3.6071777e+01
   9.3430470e+06   3.4240723e+01
   9.3430740e+06   3.4545898e+01
   9.3431160e+06   2.8442383e+01
   9.3431300e+06   2.6672363e+01
   9.3431670e+06   2.5451660e+01
   9.3432170e+06   2.6367187e+01
   9.3432950e+06   2.5451660e+01
   9.3433050e+06   3.1005859e+01
   9.3433640e+06   2.7099609e+01
   9.3435380e+06   2.6672363e+01
   9.3435630e+06   3.6132813e+01
   9.3438440e+06   2.5817871e+01
   9.3440260e+06   2.4963379e+01
   9.4497700e+06   3.2836914e+01
   9.4498200e+06   3.1372070e+01
   9.4498400e+06   3.8391113e+01
   9.4498590e+06   3.6193848e+01
   9.4498950e+06   2.8808594e+01
   9.4499140e+06   2.9663086e+01
   9.4499400e+06   2.8198242e+01
   9.4499650e+06   3.5400391e+01
   9.4499800e+06   2.5512695e+01
   9.4499980e+06   3.2775879e+01
   9.4500150e+06   2.7343750e+01
   9.4500490e+06   3.9062500e+01
   9.4500760e+06   4.4555664e+01
   9.4501060e+06   3.3996582e+01
   9.4501360e+06   2.5817871e+01
   9.4501640e+06   2.8320313e+01
   9.4503740e+06   2.6733398e+01
   9.6658800e+06   2.5329590e+01
   9.6659090e+06   2.8198242e+01
   9.6659410e+06   4.8461914e+01
   9.6659700e+06   3.5095215e+01
   9.6660000e+06   3.2531738e+01
   9.6660150e+06   2.6977539e+01
   9.6660340e+06   2.9602051e+01
   9.6660480e+06   3.5217285e+01
   9.6660810e+06   3.3935547e+01
   9.6661090e+06   2.8076172e+01
   9.6661390e+06   2.9052734e+01
   9.6661690e+06   3.2165527e+01
   9.6661850e+06   2.5756836e+01
   9.6661960e+06   2.8137207e+01
   9.6662720e+06   2.5756836e+01
   9.6663950e+06   2.5390625e+01
   9.6664160e+06   2.7221680e+01
   9.6666140e+06   2.5085449e+01
   9.6666570e+06   2.7038574e+01
   9.6668000e+06   2.4963379e+01
   9.6675470e+06   2.6428223e+01
   9.6677260e+06   2.5390625e+01
   9.6678440e+06   2.6245117e+01
   9.6683840e+06   2.5817871e+01
   9.6691390e+06   2.7404785e+01
   9.8014360e+06   2.7526855e+01
   9.8014900e+06   2.8198242e+01
   9.8015180e+06   3.9855957e+01
   9.8015280e+06   3.1677246e+01
   9.8015700e+06   2.5512695e+01
   9.8015830e+06   2.5024414e+01
   9.8016310e+06   3.1250000e+01
   9.8016420e+06   3.2287598e+01
   9.8016540e+06   4.0222168e+01
   9.8016860e+06   2.8991699e+01
   9.8017100e+06   2.5573730e+01
   9.8017510e+06   2.8137207e+01
   9.8017710e+06   4.1259766e+01
   9.8017900e+06   2.9052734e+01
   9.8018540e+06   2.9052734e+01
   9.8019340e+06   2.5939941e+01
   9.8019660e+06   3.1860352e+01
   9.8020190e+06   2.7832031e+01
   9.8020630e+06   2.4963379e+01
   9.8021460e+06   2.9418945e+01
   9.8024450e+06   2.7893066e+01
   9.8026040e+06   2.4963379e+01
   9.8031220e+06   2.6367188e+01
   9.9436880e+06   2.6794434e+01
   9.9437050e+06   3.6315918e+01
   9.9437310e+06   2.8198242e+01
   9.9437480e+06   3.1860352e+01
   9.9437960e+06   3.9184570e+01
   9.9438130e+06   3.4057617e+01
   9.9438240e+06   4.0588379e+01
   9.9438490e+06   2.6428223e+01
   9.9438730e+06   3.0029297e+01
   9.9438950e+06   3.1127930e+01
   9.9439090e+06   3.7292480e+01
   9.9439350e+06   4.3823242e+01
   9.9439700e+06   2.9663086e+01
   9.9440180e+06   3.3142090e+01
   9.9440300e+06   4.1442871e+01
   9.9440720e+06   2.6733398e+01
   9.9441000e+06   2.6000977e+01
   9.9441280e+06   2.7038574e+01
   9.9443060e+06   2.9907227e+01
   9.9445980e+06   2.6916504e+01
   9.9446610e+06   2.6123047e+01
   9.9447810e+06   2.5390625e+01
   9.9450480e+06   2.8259277e+01
   1.0087042e+07   2.8137207e+01
   1.0087070e+07   3.1372070e+01
   1.0087105e+07   3.0151367e+01
   1.0087147e+07   2.8259277e+01
   1.0087166e+07   3.1372070e+01
   1.0087187e+07   3.1860352e+01
   1.0087213e+07   3.5217285e+01
   1.0087226e+07   2.8869629e+01
   1.0087244e+07   3.9672852e+01
   1.0087255e+07   3.1555176e+01
   1.0087287e+07   2.9541016e+01
   1.0087309e+07   4.0405273e+01
   1.0087324e+07   3.5461426e+01
   1.0087335e+07   2.7954102e+01
   1.0087362e+07   2.7587891e+01
   1.0087390e+07   3.7597656e+01
   1.0087413e+07   2.8991699e+01
   1.0087444e+07   2.7038574e+01
   1.0087465e+07   3.3203125e+01
   1.0087637e+07   2.6367188e+01
   1.0088305e+07   3.0334473e+01
   1.0088704e+07   2.6245117e+01
   1.0177426e+07   2.4963379e+01
   1.0177542e+07   2.6062012e+01
   1.0177606e+07   3.3813477e+01
   1.0177634e+07   3.1311035e+01
   1.0177661e+07   3.6132813e+01
   1.0177673e+07   3.5156250e+01
   1.0177686e+07   2.7099609e+01
   1.0177711e+07   3.8452148e+01
   1.0177734e+07   4.0100098e+01
   1.0177749e+07   3.1372070e+01
   1.0177766e+07   3.0212402e+01
   1.0177782e+07   2.6977539e+01
   1.0177839e+07   2.8015137e+01
   1.0177870e+07   3.2470703e+01
   1.0177930e+07   2.7465820e+01
   1.0177963e+07   3.0212402e+01
   1.0177980e+07   2.8320313e+01
   1.0178002e+07   3.0517578e+01
   1.0178086e+07   2.5756836e+01
   1.0178167e+07   3.2775879e+01
   1.0178243e+07   2.6611328e+01
   1.0178380e+07   2.5207520e+01
   1.0178583e+07   2.9541016e+01
   1.0178789e+07   2.7770996e+01
   1.0191385e+07   2.5024414e+01
   1.0356540e+07   3.1921387e+01
   1.0356564e+07   3.3264160e+01
   1.0356589e+07   4.4250488e+01
   1.0356621e+07   2.5878906e+01
   1.0356647e+07   3.5461426e+01
   1.0356678e+07   3.4729004e+01
   1.0356709e+07   3.1738281e+01
   1.0356736e+07   2.6428223e+01
   1.0356762e+07   4.3945313e+01
   1.0356784e+07   2.9357910e+01
   1.0356803e+07   3.8879395e+01
   1.0356826e+07   3.9733887e+01
   1.0356855e+07   2.5451660e+01
   1.0356873e+07   2.8015137e+01
   1.0356927e+07   3.0883789e+01
   1.0356950e+07   2.8808594e+01
   1.0356987e+07   3.0761719e+01
   1.0357107e+07   2.5695801e+01
   1.0357352e+07   2.5451660e+01
   1.0357618e+07   2.9357910e+01
   1.0357656e+07   2.7404785e+01
   1.0357749e+07   2.5207520e+01
   1.0357932e+07   3.0822754e+01
   1.0519821e+07   2.9052734e+01
   1.0519850e+07   2.6062012e+01
   1.0519873e+07   2.9663086e+01
   1.0519904e+07   2.7709961e+01
   1.0519918e+07   2.8442383e+01
   1.0519948e+07   2.9846191e+01
   1.0519974e+07   2.6000977e+01
   1.0519988e+07   2.7282715e+01
   1.0520013e+07   2.7893066e+01
   1.0520033e+07   2.9724121e+01
   1.0520052e+07   3.7231445e+01
   1.0520074e+07   3.7170410e+01
   1.0520092e+07   2.5146484e+01
   1.0520102e+07   2.9968262e+01
   1.0520127e+07   2.5939941e+01
   1.0520148e+07   2.6672363e+01
   1.0520220e+07   3.6071777e+01
   1.0520237e+07   2.9541016e+01
   1.0520389e+07   3.5278320e+01
   1.0520442e+07   2.4963379e+01
   1.0520823e+07   2.5085449e+01
   1.0521134e+07   2.6000977e+01
   1.0668245e+07   3.1372070e+01
   1.0668266e+07   4.0527344e+01
   1.0668282e+07   5.3771973e+01
   1.0668307e+07   2.9296875e+01
   1.0668321e+07   4.2480469e+01
   1.0668344e+07   3.3996582e+01
   1.0668371e+07   4.1259766e+01
   1.0668406e+07   3.6560059e+01
   1.0668435e+07   2.5329590e+01
   1.0668472e+07   2.6794434e+01
   1.0668491e+07   2.6611328e+01
   1.0668507e+07   3.7231445e+01
   1.0668529e+07   2.9968262e+01
   1.0668591e+07   2.6428223e+01
   1.0668673e+07   2.9357910e+01
   1.0668937e+07   2.5329590e+01
   1.0669335e+07   2.8320313e+01
   1.0669427e+07   2.6367188e+01
   1.0751547e+07   2.9602051e+01
   1.0751597e+07   3.2653809e+01
   1.0751612e+07   3.9367676e+01
   1.0751635e+07   3.3569336e+01
   1.0751664e+07   2.8869629e+01
   1.0751678e+07   4.7973633e+01
   1.0751709e+07   4.5288086e+01
   1.0751721e+07   2.5146484e+01
   1.0751743e+07   3.1372070e+01
   1.0751768e+07   4.8583984e+01
   1.0751788e+07   2.9907227e+01
   1.0751811e+07   3.2348633e+01
   1.0751830e+07   3.3020020e+01
   1.0751855e+07   2.5024414e+01
   1.0751879e+07   3.2958984e+01
   1.0751971e+07   2.5268555e+01
   1.0752050e+07   2.9846191e+01
   1.0752079e+07   3.1555176e+01
   1.0752144e+07   2.9357910e+01
   1.0752218e+07   2.5695801e+01
   1.0752262e+07   2.8137207e+01
   1.0752388e+07   2.5878906e+01
   1.0752447e+07   2.6062012e+01
   1.0752724e+07   3.0700684e+01
   1.0752830e+07   2.5085449e+01
   1.0752854e+07   2.6306152e+01
   1.0752987e+07   2.4963379e+01
   1.0929521e+07   3.2775879e+01
   1.0929597e+07   3.2775879e+01
   1.0929613e+07   3.0517578e+01
   1.0929644e+07   2.8076172e+01
   1.0929654e+07   3.6499023e+01
   1.0929684e+07   3.6315918e+01
   1.0929718e+07   3.3264160e+01
   1.0929735e+07   2.9602051e+01
   1.0929762e+07   2.5024414e+01
   1.0929788e+07   3.2165527e+01
   1.0929820e+07   3.7353516e+01
   1.0929885e+07   2.9541016e+01
   1.0929974e+07   2.8686523e+01
   1.0930051e+07   2.6184082e+01
   1.0930124e+07   2.9235840e+01
   1.0930229e+07   2.9602051e+01
   1.0930412e+07   2.9968262e+01
   1.0930603e+07   2.9968262e+01
   1.0930768e+07   2.5146484e+01
   1.0930807e+07   2.5756836e+01
   1.0930997e+07   2.5634766e+01
   1.0931075e+07   2.5207520e+01
   1.0931154e+07   2.5451660e+01
   1.1082435e+07   2.6611328e+01
   1.1082453e+07   2.7954102e+01
   1.1082469e+07   3.1005859e+01
   1.1082503e+07   3.2653809e+01
   1.1082520e+07   3.1921387e+01
   1.1082549e+07   2.7648926e+01
   1.1082564e+07   2.5451660e+01
   1.1082591e+07   3.0517578e+01
   1.1082619e+07   3.8635254e+01
   1.1082632e+07   2.6245117e+01
   1.1082671e+07   2.5939941e+01
   1.1082685e+07   3.2714844e+01
   1.1082708e+07   2.8564453e+01
   1.1082723e+07   2.6794434e+01
   1.1082740e+07   2.9357910e+01
   1.1082768e+07   2.8564453e+01
   1.1082797e+07   2.6245117e+01
   1.1082857e+07   2.7770996e+01
   1.1083109e+07   3.0639648e+01
   1.1083193e+07   2.5573730e+01
   1.1169181e+07   2.5512695e+01
   1.1274019e+07   3.0395508e+01
   1.1274046e+07   2.9724121e+01
   1.1274075e+07   4.1198730e+01
   1.1274097e+07   2.6306152e+01
   1.1274118e+07   4.0405273e+01
   1.1274140e+07   2.6489258e+01
   1.1274159e+07   3.1250000e+01
   1.1274173e+07   3.1555176e+01
   1.1274188e+07   3.5461426e+01
   1.1274220e+07   3.8024902e+01
   1.1274233e+07   3.1982422e+01
   1.1274271e+07   3.2287598e+01
   1.1274297e+07   3.4851074e+01
   1.1274309e+07   3.0822754e+01
   1.1274327e+07   3.3630371e+01
   1.1274345e+07   2.5756836e+01
   1.1274360e+07   2.8808594e+01
   1.1274422e+07   2.5329590e+01
   1.1274454e+07   2.9907227e+01
   1.1274529e+07   2.6306152e+01
   1.1274565e+07   2.7282715e+01
   1.1274685e+07   2.5878906e+01
   1.1274918e+07   2.4963379e+01
   1.1274975e+07   2.6550293e+01
   1.1275411e+07   2.7709961e+01
   1.1338118e+07   2.9174805e+01
   1.1338142e+07   2.7709961e+01
   1.1338186e+07   2.9052734e+01
   1.1338201e+07   2.9052734e+01
   1.1338241e+07   2.8808594e+01
   1.1338253e+07   2.5756836e+01
   1.1338281e+07   2.8991699e+01
   1.1338305e+07   2.6000977e+01
   1.1338335e+07   3.7292480e+01
   1.1338346e+07   2.9052734e+01
   1.1338390e+07   2.7770996e+01
   1.1338421e+07   3.2226563e+01
   1.1338458e+07   2.5695801e+01
   1.1338468e+07   2.9602051e+01
   1.1338500e+07   2.5939941e+01
   1.1338555e+07   3.1005859e+01
   1.1338602e+07   2.7282715e+01
   1.1338628e+07   2.6428223e+01
   1.1338652e+07   3.0395508e+01
   1.1338695e+07   2.5817871e+01
   1.1339176e+07   2.5390625e+01
   1.1339274e+07   2.5085449e+01
   1.1504669e+07   3.0822754e+01
   1.1504710e+07   2.9479980e+01
   1.1504728e+07   3.0700684e+01
   1.1504746e+07   3.2226563e+01
   1.1504764e+07   3.8818359e+01
   1.1504781e+07   2.7648926e+01
   1.1504804e+07   2.7832031e+01
   1.1504840e+07   4.0832520e+01
   1.1504865e+07   2.5512695e+01
   1.1504876e+07   3.4423828e+01
   1.1504898e+07   3.5949707e+01
   1.1504953e+07   3.5217285e+01
   1.1504983e+07   2.6733398e+01
   1.1505011e+07   2.9541016e+01
   1.1505064e+07   2.6062012e+01
   1.1505106e+07   2.5451660e+01
   1.1505376e+07   2.6733398e+01
   1.1505525e+07   2.5695801e+01
   1.1505627e+07   2.5695801e+01
   1.1505677e+07   2.7038574e+01
   1.1505891e+07   2.8564453e+01
   1.1522254e+07   3.2836914e+01
   1.1522283e+07   3.4484863e+01
   1.1522307e+07   3.1921387e+01
   1.1522343e+07   2.7282715e+01
   1.1522355e+07   2.9602051e+01
   1.1522369e+07   3.5827637e+01
   1.1522392e+07   3.2348633e+01
   1.1522436e+07   2.6245117e+01
   1.1522471e+07   2.9785156e+01
   1.1522497e+07   3.1677246e+01
   1.1522525e+07   3.1982422e+01
   1.1522634e+07   2.7282715e+01
   1.1522725e+07   2.6123047e+01
   1.1522782e+07   3.2714844e+01
   1.1523039e+07   2.9846191e+01
   1.1523127e+07   2.8442383e+01
   1.1523138e+07   2.8869629e+01
   1.1536438e+07   2.7343750e+01
   1.1536472e+07   3.1738281e+01
   1.1536519e+07   2.6062012e+01
   1.1536576e+07   2.6733398e+01
   1.1536653e+07   2.5085449e+01
   1.1536678e+07   2.5146484e+01
   1.1536694e+07   3.9062500e+01
   1.1536735e+07   3.0578613e+01
   1.1536766e+07   2.9541016e+01
   1.1536794e+07   2.5756836e+01
   1.1536863e+07   2.6306152e+01
   1.1536874e+07   2.5573730e+01
   1.1536899e+07   2.8625488e+01
   1.1536934e+07   2.6916504e+01
   1.1536945e+07   3.2531738e+01
   1.1537075e+07   2.5634766e+01
   1.1537085e+07   2.5329590e+01
   1.1537159e+07   2.7587891e+01
   1.1765652e+07   3.5095215e+01
   1.1765689e+07   2.9357910e+01
   1.1765711e+07   3.9184570e+01
   1.1765725e+07   2.9602051e+01
   1.1765747e+07   3.5583496e+01
   1.1765779e+07   3.9062500e+01
   1.1765810e+07   3.2531738e+01
   1.1765825e+07   2.9663086e+01
   1.1765849e+07   2.7282715e+01
   1.1765883e+07   3.3874512e+01
   1.1765911e+07   3.8635254e+01
   1.1765934e+07   3.1188965e+01
   1.1765990e+07   2.5268555e+01
   1.1766066e+07   2.8442383e+01
   1.1766186e+07   2.6611328e+01
   1.1766488e+07   2.5268555e+01
   1.1766800e+07   2.5939941e+01
   1.1771211e+07   2.5695801e+01
   1.1809227e+07   2.5329590e+01
   1.1882824e+07   2.6306152e+01
   1.1882968e+07   2.7465820e+01
   1.1882998e+07   4.4677734e+01
   1.1883027e+07   2.6000977e+01
   1.1883105e+07   2.6123047e+01
   1.1883122e+07   2.7343750e+01
   1.1883153e+07   2.5329590e+01
   1.1883169e+07   2.9724121e+01
   1.1883188e+07   2.9724121e+01
   1.1883273e+07   3.7414551e+01
   1.1883314e+07   3.3203125e+01
   1.1883333e+07   2.9296875e+01
   1.1883345e+07   2.8015137e+01
   1.1883404e+07   2.7648926e+01
   1.1883524e+07   2.9479980e+01
   1.1883740e+07   2.5878906e+01
   1.1883859e+07   2.5024414e+01
   1.1883957e+07   2.6184082e+01
   1.1884050e+07   2.7160645e+01
   1.1884103e+07   2.5573730e+01
   1.1884330e+07   2.8503418e+01
   1.1884562e+07   2.5329590e+01
   1.1909176e+07   2.6000977e+01
   1.1932409e+07   2.5512695e+01
   1.1970980e+07   2.8137207e+01
   1.1971001e+07   5.9692383e+01
   1.1971039e+07   3.6621094e+01
   1.1971070e+07   2.8198242e+01
   1.1971109e+07   3.1921387e+01
   1.1971142e+07   2.7770996e+01
   1.1971165e+07   2.5695801e+01
   1.1971178e+07   2.7648926e+01
   1.1971203e+07   2.8686523e+01
   1.1971229e+07   2.6977539e+01
   1.1971257e+07   2.9968262e+01
   1.1971267e+07   3.1677246e+01
   1.1971319e+07   3.3691406e+01
   1.1971358e+07   2.6184082e+01
   1.1971490e+07   2.9479980e+01
   1.1971582e+07   3.1677246e+01
   1.1971684e+07   2.5634766e+01
   1.1971852e+07   2.9113770e+01
   1.1972342e+07   2.9357910e+01
   1.1972550e+07   2.6916504e+01
