   1.1999000e+07   0.0000000e+00
   9.3550000e+03   3.8146973e+01
   9.3710000e+03   4.2663574e+01
   9.3990000e+03   7.3364258e+01
   9.4110000e+03   3.3569336e+01
   9.4280000e+03   4.5104980e+01
   9.4440000e+03   4.3212891e+01
   9.4740000e+03   6.8786621e+01
   9.4840000e+03   2.9113770e+01
   9.5160000e+03   3.5278320e+01
   9.5280000e+03   6.1462402e+01
   9.5570000e+03   3.9489746e+01
   9.5690000e+03   3.2836914e+01
   9.5900000e+03   3.9550781e+01
   9.6160000e+03   3.8330078e+01
   9.6480000e+03   2.9296875e+01
   9.7140000e+03   3.2409668e+01
   9.7900000e+03   3.1005859e+01
   9.8570000e+03   3.2897949e+01
   1.0019000e+04   3.2104492e+01
   1.0833000e+04   3.0944824e+01
   1.8424000e+04   3.1677246e+01
   2.1630000e+04   3.2348633e+01
   8.6410000e+04   4.5104980e+01
   8.6422000e+04   3.2836914e+01
   8.6442000e+04   3.8574219e+01
   8.6466000e+04   6.4880371e+01
   8.6504000e+04   5.0842285e+01
   8.6523000e+04   3.6071777e+01
   8.6556000e+04   3.2653809e+01
   8.6577000e+04   3.6193848e+01
   8.6590000e+04   3.0212402e+01
   8.6614000e+04   3.5034180e+01
   8.6641000e+04   3.6254883e+01
   8.6673000e+04   4.0649414e+01
   8.6702000e+04   3.3081055e+01
   8.6715000e+04   3.1250000e+01
   8.6809000e+04   2.9174805e+01
   8.7380000e+04   2.8869629e+01
   8.7742000e+04   3.3996582e+01
   8.7846000e+04   2.9113770e+01
   9.3716000e+04   2.9724121e+01
   9.5693000e+04   3.0944824e+01
   1.8916000e+05   3.5461426e+01
   1.8919600e+05   3.1005859e+01
   1.8922400e+05   5.2001953e+01
   1.8923500e+05   7.8125000e+01
   1.8926900e+05   6.0668945e+01
   1.8928900e+05   4.4799805e+01
   1.8931800e+05   4.5837402e+01
   1.8934900e+05   5.0781250e+01
   1.8935900e+05   3.9855957e+01
   1.8937300e+05   4.4311523e+01
   1.8939400e+05   3.1127930e+01
   1.8943700e+05   3.2226563e+01
   1.8947700e+05   3.7231445e+01
   1.8950100e+05   3.8085938e+01
   1.9723300e+05   2.8991699e+01
   1.9820500e+05   3.2714844e+01
   2.0025300e+05   3.1982422e+01
   2.0098100e+05   2.8869629e+01
   2.9077800e+05   3.0273438e+01
   2.9080500e+05   3.7841797e+01
   2.9083500e+05   4.9133301e+01
   2.9086000e+05   5.1452637e+01
   2.9087800e+05   6.0058594e+01
   2.9091700e+05   5.9753418e+01
   2.9092900e+05   3.3874512e+01
   2.9095800e+05   4.3457031e+01
   2.9097700e+05   3.2165527e+01
   2.9100500e+05   3.8696289e+01
   2.9102700e+05   3.3996582e+01
   2.9106900e+05   4.7241211e+01
   2.9112500e+05   3.3752441e+01
   2.9126100e+05   2.9907227e+01
   2.9845300e+05   3.1982422e+01
   2.9998200e+05   3.4240723e+01
   3.0279700e+05   3.1921387e+01
   3.8791600e+05   4.4555664e+01
   3.8814200e+05   4.2175293e+01
   3.8876800e+05   3.7231445e+01
   4.9998800e+05   4.4799805e+01
   5.0002200e+05   7.0312500e+01
   5.0004100e+05   3.7902832e+01
   5.0005800e+05   4.6081543e+01
   5.0008100e+05   3.6071777e+01
   5.0009400e+05   4.7485352e+01
   5.0011900e+05   3.2836914e+01
   5.0015600e+05   4.8156738e+01
   5.0018400e+05   5.9509277e+01
   5.0019400e+05   5.4504395e+01
   5.0024100e+05   3.4790039e+01
   5.0026400e+05   4.0344238e+01
   5.0030300e+05   3.1921387e+01
   5.0038000e+05   3.0944824e+01
   5.0073100e+05   3.3691406e+01
   5.0150400e+05   2.9174805e+01
   5.0833100e+05   3.2470703e+01
   5.0870700e+05   3.6865234e+01
   5.1029600e+05   3.0456543e+01
   5.1070900e+05   3.2470703e+01
   5.9261400e+05   5.0354004e+01
   5.9323200e+05   3.0151367e+01
   5.9330800e+05   2.9846191e+01
   5.9333800e+05   4.5471191e+01
   5.9341200e+05   3.0639648e+01
   5.9342600e+05   4.8400879e+01
   5.9346700e+05   3.0029297e+01
   5.9350600e+05   3.5278320e+01
   5.9353200e+05   3.2226562e+01
   5.9356000e+05   4.8889160e+01
   5.9357500e+05   3.8574219e+01
   5.9359500e+05   3.1005859e+01
   5.9361400e+05   6.2622070e+01
   5.9364000e+05   3.6071777e+01
   5.9366400e+05   4.1259766e+01
   5.9369300e+05   4.0039062e+01
   5.9371600e+05   4.8950195e+01
   5.9373000e+05   2.9113770e+01
   5.9376800e+05   3.8452148e+01
   5.9380100e+05   3.7536621e+01
   5.9383200e+05   3.1738281e+01
   5.9960200e+05   3.5400391e+01
   6.0234900e+05   3.2592773e+01
   6.0373500e+05   3.0029297e+01
   6.0718300e+05   3.8513184e+01
   6.5360000e+05   3.2348633e+01
   6.5385500e+05   3.4118652e+01
   6.5425300e+05   4.0710449e+01
   6.7940500e+05   3.2226563e+01
   6.7945400e+05   7.4707031e+01
   6.7946700e+05   3.2043457e+01
   6.7947900e+05   3.8330078e+01
   6.7949600e+05   4.7302246e+01
   6.7952900e+05   3.7231445e+01
   6.7954300e+05   3.6987305e+01
   6.7957300e+05   3.5339355e+01
   6.7961300e+05   3.8024902e+01
   6.7962400e+05   3.3325195e+01
   6.7965700e+05   3.0090332e+01
   6.7969700e+05   3.9001465e+01
   6.8060000e+05   3.6865234e+01
   6.8794800e+05   3.4912109e+01
   6.8957200e+05   3.0334473e+01
   6.9151300e+05   3.0456543e+01
   7.2446900e+05   3.5278320e+01
   7.2449100e+05   3.3752441e+01
   7.2450900e+05   5.2795410e+01
   7.2453500e+05   4.4982910e+01
   7.2454700e+05   3.6071777e+01
   7.2457600e+05   3.8574219e+01
   7.2458700e+05   3.0517578e+01
   7.2460200e+05   3.1921387e+01
   7.2462300e+05   5.3222656e+01
   7.2465100e+05   4.9377441e+01
   7.2468100e+05   2.9785156e+01
   7.2471200e+05   3.3386230e+01
   7.2472300e+05   3.0883789e+01
   7.2476200e+05   3.1188965e+01
   7.2549600e+05   3.5827637e+01
   7.3294200e+05   3.6865234e+01
   7.3496300e+05   3.3325195e+01
   7.8162100e+05   3.6010742e+01
   7.8181200e+05   4.5043945e+01
   8.2844500e+05   3.5949707e+01
   8.2847400e+05   3.6132813e+01
   8.2850500e+05   7.1105957e+01
   8.2851600e+05   4.3151855e+01
   8.2855300e+05   7.6110840e+01
   8.2858300e+05   4.0161133e+01
   8.2861600e+05   4.1076660e+01
   8.2862900e+05   4.7363281e+01
   8.2866100e+05   3.8757324e+01
   8.2867900e+05   3.1677246e+01
   8.2870300e+05   4.2907715e+01
   8.2875400e+05   3.7292480e+01
   8.2880500e+05   4.0405273e+01
   8.2897700e+05   3.2470703e+01
   8.3736400e+05   3.6010742e+01
   8.8041000e+05   3.8879395e+01
   9.1444500e+05   3.7475586e+01
   9.3050900e+05   4.9011230e+01
   9.3053400e+05   3.3996582e+01
   9.3056500e+05   7.7758789e+01
   9.3057800e+05   4.4555664e+01
   9.3059000e+05   6.3293457e+01
   9.3062400e+05   3.7231445e+01
   9.3064500e+05   2.9968262e+01
   9.3066700e+05   3.6071777e+01
   9.3068700e+05   3.5461426e+01
   9.3071300e+05   3.3447266e+01
   9.3072800e+05   4.4799805e+01
   9.3075600e+05   3.0456543e+01
   9.3078400e+05   3.0273438e+01
   9.3082200e+05   3.2958984e+01
   9.3088900e+05   3.0395508e+01
   9.3167100e+05   3.3996582e+01
   9.3173400e+05   3.1555176e+01
   9.3196000e+05   3.4973145e+01
   9.4034500e+05   3.3935547e+01
   1.0094690e+06   3.6071777e+01
   1.0449570e+06   3.7780762e+01
   1.0450050e+06   5.6213379e+01
   1.0450220e+06   2.9052734e+01
   1.0450340e+06   3.6499023e+01
   1.0450980e+06   5.7067871e+01
   1.0451150e+06   3.6315918e+01
   1.0451530e+06   3.7170410e+01
   1.0451740e+06   3.5217285e+01
   1.0451890e+06   4.7241211e+01
   1.0452030e+06   2.9296875e+01
   1.0452320e+06   3.3447266e+01
   1.0452810e+06   3.2470703e+01
   1.0453420e+06   3.3386230e+01
   1.0458180e+06   2.9785156e+01
   1.0523800e+06   3.6437988e+01
   1.0564080e+06   2.9052734e+01
   1.1016720e+06   3.9855957e+01
   1.1017170e+06   9.7534180e+01
   1.1017480e+06   3.4240723e+01
   1.1017660e+06   3.6071777e+01
   1.1017880e+06   3.3935547e+01
   1.1018060e+06   3.5766602e+01
   1.1018390e+06   3.2409668e+01
   1.1018580e+06   6.5856934e+01
   1.1018790e+06   4.2297363e+01
   1.1019120e+06   3.4484863e+01
   1.1019230e+06   3.1250000e+01
   1.1026690e+06   2.9663086e+01
   1.1028490e+06   3.1127930e+01
   1.1102640e+06   3.3569336e+01
   1.1820230e+06   3.7658691e+01
   1.2173040e+06   3.9978027e+01
   1.2173480e+06   4.0283203e+01
   1.2173640e+06   5.7189941e+01
   1.2173850e+06   3.8635254e+01
   1.2174100e+06   4.5837402e+01
   1.2174330e+06   2.9663086e+01
   1.2174440e+06   4.4311523e+01
   1.2174870e+06   4.9621582e+01
   1.2175110e+06   4.3640137e+01
   1.2175320e+06   3.2409668e+01
   1.2175870e+06   3.4484863e+01
   1.2176130e+06   3.5278320e+01
   1.2176550e+06   3.5644531e+01
   1.2177620e+06   3.6804199e+01
   1.2180180e+06   3.3874512e+01
   1.2253600e+06   3.7658691e+01
   1.2268490e+06   3.3569336e+01
   1.2281520e+06   3.1982422e+01
   1.2770790e+06   3.5095215e+01
   1.2771140e+06   3.3752441e+01
   1.3420260e+06   4.0100098e+01
   1.3420370e+06   4.8156738e+01
   1.3420680e+06   8.8928223e+01
   1.3420850e+06   5.2734375e+01
   1.3420950e+06   3.8940430e+01
   1.3421220e+06   3.1860352e+01
   1.3421410e+06   3.8635254e+01
   1.3421790e+06   4.1992187e+01
   1.3421910e+06   3.3081055e+01
   1.3422220e+06   4.2846680e+01
   1.3422390e+06   3.2531738e+01
   1.3422540e+06   4.0832520e+01
   1.3422810e+06   6.0668945e+01
   1.3423250e+06   4.4799805e+01
   1.3424870e+06   2.9663086e+01
   1.3428590e+06   2.9174805e+01
   1.3432880e+06   3.4179688e+01
   1.3435260e+06   3.1921387e+01
   1.3502670e+06   3.3752441e+01
   1.3509690e+06   3.6804199e+01
   1.4226020e+06   3.2043457e+01
   1.4745750e+06   4.8706055e+01
   1.4745990e+06   2.9663086e+01
   1.4746310e+06   7.2509766e+01
   1.4746570e+06   3.4790039e+01
   1.4746870e+06   3.8818359e+01
   1.4746970e+06   7.0251465e+01
   1.4747220e+06   6.0241699e+01
   1.4747340e+06   3.7658691e+01
   1.4747550e+06   5.0109863e+01
   1.4747670e+06   3.9001465e+01
   1.4747930e+06   3.8269043e+01
   1.4748100e+06   4.1381836e+01
   1.4748300e+06   4.4860840e+01
   1.4748640e+06   4.5288086e+01
   1.4749060e+06   2.8869629e+01
   1.4751010e+06   2.9235840e+01
   1.4751270e+06   2.9174805e+01
   1.4755670e+06   2.9968262e+01
   1.4760470e+06   3.4667969e+01
   1.4830330e+06   2.9602051e+01
   1.4840950e+06   3.0151367e+01
   1.5470170e+06   3.9001465e+01
   1.5470290e+06   4.6447754e+01
   1.5470620e+06   4.2175293e+01
   1.5470820e+06   4.5166016e+01
   1.5470930e+06   4.2907715e+01
   1.5471460e+06   3.2897949e+01
   1.5471720e+06   3.8085938e+01
   1.5471820e+06   3.0273438e+01
   1.5472140e+06   3.3874512e+01
   1.5472300e+06   3.0700684e+01
   1.5472540e+06   3.9978027e+01
   1.5472990e+06   4.1137695e+01
   1.5473510e+06   3.0273438e+01
   1.5474110e+06   2.9296875e+01
   1.5475000e+06   3.8574219e+01
   1.5475930e+06   2.9174805e+01
   1.5550910e+06   2.9541016e+01
   1.5568580e+06   3.4118652e+01
   1.5578120e+06   2.9724121e+01
   1.5586140e+06   3.4973145e+01
   1.6199860e+06   2.9663086e+01
   1.6208880e+06   4.3762207e+01
   1.6728090e+06   3.2470703e+01
   1.7234250e+06   4.0588379e+01
   1.7234350e+06   3.7536621e+01
   1.7234720e+06   4.4738770e+01
   1.7234910e+06   3.8085938e+01
   1.7235060e+06   8.2092285e+01
   1.7235320e+06   5.8715820e+01
   1.7235570e+06   3.9001465e+01
   1.7235840e+06   3.7292480e+01
   1.7236040e+06   4.5471191e+01
   1.7236200e+06   5.0720215e+01
   1.7236370e+06   3.4912109e+01
   1.7236730e+06   2.9052734e+01
   1.7237140e+06   4.2724609e+01
   1.7237430e+06   3.1921387e+01
   1.7237610e+06   3.4729004e+01
   1.7237910e+06   3.0578613e+01
   1.7238230e+06   3.2409668e+01
   1.7242070e+06   3.0639648e+01
   1.7318140e+06   3.5827637e+01
   1.7333310e+06   3.1311035e+01
   1.7352630e+06   3.2531738e+01
   1.7888660e+06   3.4790039e+01
   1.8248980e+06   4.0710449e+01
   1.8249330e+06   3.1799316e+01
   1.8249620e+06   2.8930664e+01
   1.8249870e+06   6.1950684e+01
   1.8250120e+06   3.4179688e+01
   1.8250290e+06   3.9611816e+01
   1.8250550e+06   3.2043457e+01
   1.8250750e+06   4.7424316e+01
   1.8251050e+06   3.7292480e+01
   1.8251310e+06   3.5522461e+01
   1.8251500e+06   3.5278320e+01
   1.8251720e+06   3.8574219e+01
   1.8252070e+06   2.8930664e+01
   1.8252170e+06   2.8930664e+01
   1.8252340e+06   3.5583496e+01
   1.8252990e+06   3.0456543e+01
   1.8334280e+06   2.9541016e+01
   1.8355160e+06   3.3203125e+01
   1.8372090e+06   2.8930664e+01
   1.9084770e+06   3.3142090e+01
   1.9084890e+06   5.3161621e+01
   1.9085260e+06   7.6232910e+01
   1.9085470e+06   7.3242188e+01
   1.9085680e+06   4.6569824e+01
   1.9085980e+06   5.0354004e+01
   1.9086120e+06   4.1076660e+01
   1.9086450e+06   3.8696289e+01
   1.9086640e+06   3.0822754e+01
   1.9087130e+06   3.8391113e+01
   1.9087400e+06   3.3081055e+01
   1.9087600e+06   3.4179688e+01
   1.9087760e+06   3.0151367e+01
   1.9088490e+06   2.9052734e+01
   1.9093790e+06   2.8991699e+01
   1.9097250e+06   3.0395508e+01
   1.9100210e+06   2.9479980e+01
   1.9539820e+06   3.6193848e+01
   1.9540720e+06   3.3630371e+01
   1.9540980e+06   7.1594238e+01
   1.9541100e+06   4.6081543e+01
   1.9541350e+06   3.0151367e+01
   1.9541540e+06   6.9824219e+01
   1.9541710e+06   3.5461426e+01
   1.9542040e+06   4.7790527e+01
   1.9542350e+06   4.7058105e+01
   1.9542730e+06   3.8757324e+01
   1.9542930e+06   2.8930664e+01
   1.9543150e+06   3.5705566e+01
   1.9543560e+06   3.2958984e+01
   1.9546000e+06   3.2592773e+01
   1.9550300e+06   3.2897949e+01
   1.9550650e+06   3.1250000e+01
   1.9621720e+06   2.9602051e+01
   1.9645870e+06   3.1127930e+01
   2.0233630e+06   2.9724121e+01
   2.0236850e+06   3.5705566e+01
   2.0238420e+06   3.9916992e+01
   2.0308320e+06   3.4851074e+01
   2.0308660e+06   3.4545898e+01
   2.0308780e+06   4.8889160e+01
   2.0309180e+06   3.3081055e+01
   2.0309340e+06   5.1635742e+01
   2.0309550e+06   3.5461426e+01
   2.0309730e+06   4.4250488e+01
   2.0310120e+06   4.1381836e+01
   2.0310230e+06   3.4851074e+01
   2.0310490e+06   3.3081055e+01
   2.0310810e+06   4.6264648e+01
   2.0311070e+06   2.8991699e+01
   2.0311430e+06   3.1372070e+01
   2.0319970e+06   2.9541016e+01
   2.0320710e+06   3.0029297e+01
   2.0390440e+06   3.0273438e+01
   2.0411430e+06   3.1677246e+01
   2.0799020e+06   4.4250488e+01
   2.0799300e+06   3.5095215e+01
   2.0799500e+06   3.4790039e+01
   2.0799800e+06   8.7768555e+01
   2.0800100e+06   4.0893555e+01
   2.0800210e+06   4.3395996e+01
   2.0800370e+06   3.5644531e+01
   2.0800770e+06   2.9418945e+01
   2.0800960e+06   3.3264160e+01
   2.0801210e+06   3.1066895e+01
   2.0801390e+06   4.1320801e+01
   2.0801750e+06   4.4616699e+01
   2.0802360e+06   3.0700684e+01
   2.0802510e+06   3.3447266e+01
   2.0802860e+06   4.0100098e+01
   2.0806480e+06   3.4423828e+01
   2.0807550e+06   3.2226563e+01
   2.0808250e+06   3.0334473e+01
   2.0877280e+06   3.6987305e+01
   2.0901900e+06   2.9724121e+01
   2.1771160e+06   3.0944824e+01
   2.1771790e+06   3.3020020e+01
   2.1773900e+06   3.1433105e+01
   2.2324570e+06   4.4006348e+01
   2.2324960e+06   5.5603027e+01
   2.2325190e+06   7.0861816e+01
   2.2325510e+06   4.2175293e+01
   2.2325640e+06   7.3608398e+01
   2.2325800e+06   3.5400391e+01
   2.2325950e+06   3.8085938e+01
   2.2326170e+06   3.0944824e+01
   2.2326490e+06   7.2814941e+01
   2.2326870e+06   4.7302246e+01
   2.2327380e+06   3.0090332e+01
   2.2327870e+06   3.0395508e+01
   2.2339070e+06   2.9663086e+01
   2.2404380e+06   3.4118652e+01
   2.2427180e+06   3.5034180e+01
   2.2437000e+06   3.0029297e+01
   2.3161810e+06   4.2968750e+01
   2.3161950e+06   4.5471191e+01
   2.3162280e+06   6.6345215e+01
   2.3162490e+06   2.9479980e+01
   2.3162630e+06   3.2165527e+01
   2.3162850e+06   3.6376953e+01
   2.3162970e+06   3.6315918e+01
   2.3163300e+06   3.5339355e+01
   2.3163440e+06   3.0517578e+01
   2.3163790e+06   3.5339355e+01
   2.3164230e+06   2.9724121e+01
   2.3164510e+06   2.9541016e+01
   2.3164950e+06   3.9489746e+01
   2.3165210e+06   3.1005859e+01
   2.3167290e+06   3.0029297e+01
   2.3177460e+06   3.4973145e+01
   2.3245750e+06   3.2165527e+01
   2.3261520e+06   4.2968750e+01
   2.3268240e+06   3.4118652e+01
   2.3865400e+06   3.6315918e+01
   2.3865790e+06   5.5358887e+01
   2.3865930e+06   5.7250977e+01
   2.3866180e+06   5.2062988e+01
   2.3866330e+06   5.9509277e+01
   2.3866670e+06   5.8227539e+01
   2.3866790e+06   4.2602539e+01
   2.3866920e+06   3.8391113e+01
   2.3867210e+06   4.7607422e+01
   2.3867380e+06   5.4565430e+01
   2.3867650e+06   3.2653809e+01
   2.3868260e+06   2.9052734e+01
   2.3869830e+06   3.1250000e+01
   2.3870670e+06   3.1860352e+01
   2.3872530e+06   3.0151367e+01
   2.3878470e+06   3.1799316e+01
   2.3948880e+06   2.8930664e+01
   2.3958750e+06   3.1188965e+01
   2.3971210e+06   3.3935547e+01
   2.4568360e+06   3.7475586e+01
   2.4573190e+06   3.6743164e+01
   2.4576280e+06   3.0578613e+01
   2.4578930e+06   4.2053223e+01
   2.5299230e+06   4.7607422e+01
   2.5299390e+06   4.1015625e+01
   2.5299690e+06   8.6120605e+01
   2.5299880e+06   3.0883789e+01
   2.5300130e+06   4.3029785e+01
   2.5300270e+06   3.2592773e+01
   2.5300460e+06   6.1706543e+01
   2.5300700e+06   5.4870605e+01
   2.5300880e+06   4.8767090e+01
   2.5301230e+06   2.9235840e+01
   2.5301610e+06   3.0090332e+01
   2.5302680e+06   3.1311035e+01
   2.5303170e+06   2.8869629e+01
   2.5304350e+06   3.0029297e+01
   2.5305500e+06   3.2470703e+01
   2.5313170e+06   2.9113770e+01
   2.5387220e+06   3.2714844e+01
   2.5400550e+06   3.0395508e+01
   2.6193180e+06   3.1677246e+01
   2.6666830e+06   3.9611816e+01
   2.6667230e+06   3.3813477e+01
   2.6667340e+06   3.1127930e+01
   2.6667580e+06   7.5073242e+01
   2.6667760e+06   4.5349121e+01
   2.6667970e+06   3.3508301e+01
   2.6668170e+06   4.0466309e+01
   2.6668300e+06   3.6560059e+01
   2.6668440e+06   3.6926270e+01
   2.6668680e+06   4.0771484e+01
   2.6668850e+06   3.8513184e+01
   2.6669040e+06   2.8869629e+01
   2.6669150e+06   3.8146973e+01
   2.6669460e+06   3.4362793e+01
   2.6669750e+06   2.9235840e+01
   2.6670340e+06   2.8930664e+01
   2.6670770e+06   3.0883789e+01
   2.6679020e+06   3.6254883e+01
   2.6679410e+06   2.9663086e+01
   2.6680280e+06   2.9724121e+01
   2.6752740e+06   3.0761719e+01
   2.6773840e+06   3.6865234e+01
   2.6795940e+06   3.5217285e+01
   2.7246780e+06   3.2104492e+01
   2.7247170e+06   4.6508789e+01
   2.7247390e+06   3.7597656e+01
   2.7247530e+06   3.9428711e+01
   2.7247680e+06   3.0456543e+01
   2.7247790e+06   3.3569336e+01
   2.7248030e+06   3.2470703e+01
   2.7248350e+06   3.5034180e+01
   2.7248580e+06   3.2165527e+01
   2.7248820e+06   5.1635742e+01
   2.7249470e+06   3.3203125e+01
   2.7250100e+06   4.3518066e+01
   2.7256950e+06   2.9235840e+01
   2.7322710e+06   3.4118652e+01
   2.7330120e+06   3.0151367e+01
   2.7351370e+06   2.9357910e+01
   2.7361080e+06   3.6621094e+01
   2.7632760e+06   3.3508301e+01
   2.7871760e+06   3.1433105e+01
   2.7877850e+06   3.5644531e+01
   2.7886040e+06   3.4057617e+01
   2.7888310e+06   3.1250000e+01
   2.8173890e+06   3.3203125e+01
   2.8182450e+06   5.1513672e+01
   2.8239980e+06   3.1066895e+01
   2.8240170e+06   2.8991699e+01
   2.8240430e+06   7.9833984e+01
   2.8240720e+06   5.7434082e+01
   2.8240990e+06   3.9916992e+01
   2.8241190e+06   4.1320801e+01
   2.8241470e+06   3.4912109e+01
   2.8241650e+06   3.6987305e+01
   2.8241920e+06   4.6569824e+01
   2.8242150e+06   3.7109375e+01
   2.8242350e+06   3.8940430e+01
   2.8242700e+06   3.5644531e+01
   2.8244960e+06   3.6315918e+01
   2.8245610e+06   3.6193848e+01
   2.8246760e+06   3.0517578e+01
   2.8248570e+06   3.0639648e+01
   2.8250800e+06   3.2043457e+01
   2.8251910e+06   3.3325195e+01
   2.8333410e+06   3.7963867e+01
   2.8350070e+06   2.9357910e+01
   2.8702750e+06   4.1503906e+01
   2.8704290e+06   3.0029297e+01
   2.8704660e+06   7.3059082e+01
   2.8704840e+06   3.0883789e+01
   2.8705020e+06   3.4729004e+01
   2.8705330e+06   3.0883789e+01
   2.8705480e+06   4.0832520e+01
   2.8705770e+06   3.1799316e+01
   2.8706010e+06   3.3569336e+01
   2.8706110e+06   3.4973145e+01
   2.8706260e+06   2.9968262e+01
   2.8706520e+06   4.3212891e+01
   2.8706730e+06   3.3447266e+01
   2.8706960e+06   3.3630371e+01
   2.8709360e+06   2.9235840e+01
   2.8711810e+06   2.9602051e+01
   2.8712580e+06   2.9235840e+01
   2.8715650e+06   3.5644531e+01
   2.8716080e+06   3.4912109e+01
   2.8716520e+06   2.9052734e+01
   2.8720960e+06   2.9235840e+01
   2.8793280e+06   3.0334473e+01
   2.8809470e+06   3.2165527e+01
   2.8830170e+06   3.0883789e+01
   2.9360470e+06   3.2958984e+01
   2.9798010e+06   3.0212402e+01
   2.9798770e+06   3.5766602e+01
   2.9799090e+06   8.4289551e+01
   2.9799190e+06   4.4982910e+01
   2.9799440e+06   5.1208496e+01
   2.9799680e+06   3.2958984e+01
   2.9800000e+06   3.0456543e+01
   2.9800290e+06   2.9357910e+01
   2.9800680e+06   2.9235840e+01
   2.9800990e+06   2.9602051e+01
   2.9801330e+06   4.5043945e+01
   2.9802150e+06   3.0883789e+01
   2.9802500e+06   3.0090332e+01
   2.9815160e+06   3.3630371e+01
   2.9925590e+06   3.0151367e+01
   3.0068210e+06   3.5461426e+01
   3.0995450e+06   3.1616211e+01
   3.0995630e+06   3.2897949e+01
   3.0995960e+06   6.2744141e+01
   3.0996100e+06   6.6162109e+01
   3.0996220e+06   4.3945313e+01
   3.0996430e+06   3.8757324e+01
   3.0996840e+06   3.6315918e+01
   3.0996970e+06   4.5654297e+01
   3.0997070e+06   2.9846191e+01
   3.0997300e+06   5.1879883e+01
   3.0997450e+06   3.1860352e+01
   3.0997770e+06   2.9602051e+01
   3.0998080e+06   3.2226563e+01
   3.0998310e+06   3.1433105e+01
   3.0998550e+06   3.3569336e+01
   3.1000190e+06   3.1799316e+01
   3.1010980e+06   2.9724121e+01
   3.1089140e+06   2.9357910e+01
   3.1114370e+06   3.1311035e+01
   3.1128060e+06   3.1188965e+01
   3.1152180e+06   2.9785156e+01
   3.1546280e+06   3.1921387e+01
   3.1572800e+06   2.9052734e+01
   3.1847620e+06   3.1433105e+01
   3.1885540e+06   2.9418945e+01
   3.2160340e+06   3.9306641e+01
   3.2160680e+06   3.6804199e+01
   3.2160980e+06   7.9162598e+01
   3.2161090e+06   3.1799316e+01
   3.2161340e+06   4.6936035e+01
   3.2161590e+06   4.9560547e+01
   3.2161770e+06   4.8950195e+01
   3.2161870e+06   4.2907715e+01
   3.2162070e+06   3.5644531e+01
   3.2162210e+06   3.1372070e+01
   3.2162360e+06   3.5095215e+01
   3.2162540e+06   2.9235840e+01
   3.2162830e+06   3.0151367e+01
   3.2163300e+06   3.3142090e+01
   3.2168100e+06   2.9113770e+01
   3.2266350e+06   3.5034180e+01
   3.2271280e+06   3.2287598e+01
   3.2277040e+06   3.2470703e+01
   3.2691930e+06   3.0456543e+01
   3.3159350e+06   3.9062500e+01
   3.3160350e+06   4.9316406e+01
   3.3160810e+06   2.9785156e+01
   3.3161020e+06   3.7719727e+01
   3.3161300e+06   3.8818359e+01
   3.3161570e+06   3.6560059e+01
   3.3161800e+06   3.3752441e+01
   3.3162070e+06   3.3630371e+01
   3.3162280e+06   2.9541016e+01
   3.3162680e+06   4.1870117e+01
   3.3162790e+06   3.6437988e+01
   3.3163210e+06   2.9174805e+01
   3.3163720e+06   2.8930664e+01
   3.3164130e+06   3.1860352e+01
   3.3171140e+06   2.9541016e+01
   3.3246190e+06   2.9174805e+01
   3.3265370e+06   3.1555176e+01
   3.3389270e+06   3.3264160e+01
   3.4009340e+06   3.6071777e+01
   3.4634310e+06   2.9968262e+01
   3.4634580e+06   3.3142090e+01
   3.4634740e+06   5.5725098e+01
   3.4635040e+06   4.4738770e+01
   3.4635250e+06   4.4860840e+01
   3.4635460e+06   4.9926758e+01
   3.4635560e+06   3.4790039e+01
   3.4636020e+06   3.9367676e+01
   3.4636350e+06   3.9733887e+01
   3.4636590e+06   3.6132813e+01
   3.4636940e+06   3.2104492e+01
   3.4637340e+06   3.0090332e+01
   3.4637790e+06   2.9357910e+01
   3.4638440e+06   2.9785156e+01
   3.4641550e+06   3.3691406e+01
   3.4642230e+06   3.0456543e+01
   3.4735950e+06   3.4240723e+01
   3.4760750e+06   3.9611816e+01
   3.4767300e+06   3.2653809e+01
   3.4771670e+06   3.1616211e+01
   3.5049240e+06   3.5522461e+01
   3.5499150e+06   3.6743164e+01
   3.5499250e+06   3.1860352e+01
   3.5499560e+06   7.5866699e+01
   3.5499860e+06   6.6467285e+01
   3.5499980e+06   4.8095703e+01
   3.5500400e+06   3.6804199e+01
   3.5500710e+06   5.7250977e+01
   3.5501010e+06   5.7922363e+01
   3.5501530e+06   3.0334473e+01
   3.5502140e+06   4.0954590e+01
   3.5502370e+06   3.6193848e+01
   3.5505020e+06   3.0029297e+01
   3.5511750e+06   3.1127930e+01
   3.5589880e+06   3.2409668e+01
   3.5606520e+06   3.3325195e+01
   3.5620070e+06   3.2775879e+01
   3.6228390e+06   3.9001465e+01
   3.6587630e+06   3.0151367e+01
   3.6969710e+06   3.1799316e+01
   3.6971550e+06   5.1086426e+01
   3.6971820e+06   7.4890137e+01
   3.6972040e+06   4.2907715e+01
   3.6972210e+06   4.4311523e+01
   3.6972420e+06   2.9235840e+01
   3.6972730e+06   4.5104980e+01
   3.6972980e+06   4.3823242e+01
   3.6973300e+06   3.9001465e+01
   3.6973470e+06   5.3405762e+01
   3.6973640e+06   3.6254883e+01
   3.6973790e+06   3.5705566e+01
   3.6974290e+06   3.3142090e+01
   3.6977150e+06   3.0029297e+01
   3.6979250e+06   3.0639648e+01
   3.6983760e+06   3.1372070e+01
   3.6984060e+06   2.9785156e+01
   3.6990420e+06   2.8869629e+01
   3.7086100e+06   3.3691406e+01
   3.7095740e+06   3.1738281e+01
   3.7673240e+06   3.7414551e+01
   3.7910260e+06   3.2104492e+01
   3.7910470e+06   3.3935547e+01
   3.7910630e+06   3.0761719e+01
   3.7910910e+06   9.2834473e+01
   3.7911090e+06   3.4606934e+01
   3.7911240e+06   4.6508789e+01
   3.7911390e+06   4.3518066e+01
   3.7911740e+06   4.7546387e+01
   3.7911940e+06   4.8889160e+01
   3.7912060e+06   3.1494141e+01
   3.7912210e+06   4.0710449e+01
   3.7912470e+06   3.5461426e+01
   3.7912660e+06   3.0395508e+01
   3.7912780e+06   3.7780762e+01
   3.7913020e+06   3.1555176e+01
   3.7913180e+06   3.2958984e+01
   3.7913450e+06   3.6926270e+01
   3.7914520e+06   3.1311035e+01
   3.7915110e+06   2.9296875e+01
   3.7917250e+06   2.8991699e+01
   3.7918480e+06   4.0527344e+01
   3.8001040e+06   3.4606934e+01
   3.8018780e+06   2.9418945e+01
   3.8062780e+06   3.6743164e+01
   3.8435070e+06   3.3386230e+01
   3.8435380e+06   3.6804199e+01
   3.8435560e+06   6.9946289e+01
   3.8435910e+06   5.4931641e+01
   3.8436190e+06   3.7353516e+01
   3.8436420e+06   3.7536621e+01
   3.8436550e+06   3.1250000e+01
   3.8436850e+06   4.2541504e+01
   3.8436960e+06   5.5969238e+01
   3.8437140e+06   3.2592773e+01
   3.8437340e+06   3.2592773e+01
   3.8437870e+06   4.1076660e+01
   3.8438290e+06   3.1066895e+01
   3.8527980e+06   3.0151367e+01
   3.8550090e+06   3.8452148e+01
   3.8874140e+06   3.3630371e+01
   3.8877540e+06   3.9245605e+01
   3.9423140e+06   2.8869629e+01
   4.0044270e+06   2.9541016e+01
   4.0045270e+06   3.0395508e+01
   4.0045620e+06   8.1665039e+01
   4.0045900e+06   4.0466309e+01
   4.0046180e+06   5.0537109e+01
   4.0046520e+06   3.1250000e+01
   4.0046680e+06   4.2724609e+01
   4.0046860e+06   3.2409668e+01
   4.0047260e+06   3.7780762e+01
   4.0047480e+06   4.0832520e+01
   4.0047880e+06   2.9052734e+01
   4.0048050e+06   3.2775879e+01
   4.0050380e+06   3.2165527e+01
   4.0051270e+06   3.1066895e+01
   4.0052060e+06   3.6743164e+01
   4.0062550e+06   2.9541016e+01
   4.0133270e+06   3.0639648e+01
   4.0139730e+06   2.9846191e+01
   4.0169080e+06   3.1677246e+01
   4.0466140e+06   3.6865234e+01
   4.0467390e+06   4.9438477e+01
   4.0467640e+06   4.5410156e+01
   4.0467820e+06   5.1757813e+01
   4.0467990e+06   5.2856445e+01
   4.0468150e+06   3.7414551e+01
   4.0468400e+06   5.8349609e+01
   4.0468500e+06   3.6682129e+01
   4.0468750e+06   3.5644531e+01
   4.0469000e+06   2.9846191e+01
   4.0469250e+06   3.5217285e+01
   4.0469490e+06   3.7231445e+01
   4.0469670e+06   3.2470703e+01
   4.0469960e+06   3.1005859e+01
   4.0470240e+06   3.7719727e+01
   4.0475810e+06   3.4301758e+01
   4.0476180e+06   2.9357910e+01
   4.0479710e+06   3.3508301e+01
   4.0480630e+06   3.0334473e+01
   4.0485360e+06   2.9418945e+01
   4.0549160e+06   3.0578613e+01
   4.0567420e+06   3.1738281e+01
   4.1122120e+06   3.6804199e+01
   4.1122420e+06   2.9907227e+01
   4.1122750e+06   7.8308105e+01
   4.1123040e+06   5.0476074e+01
   4.1123280e+06   4.7851563e+01
   4.1123390e+06   3.3203125e+01
   4.1123620e+06   4.9743652e+01
   4.1123790e+06   3.3813477e+01
   4.1123950e+06   4.0344238e+01
   4.1124200e+06   3.5278320e+01
   4.1124440e+06   2.9907227e+01
   4.1124720e+06   3.7597656e+01
   4.1124920e+06   2.9846191e+01
   4.1125300e+06   3.1677246e+01
   4.1125520e+06   3.4179688e+01
   4.1125980e+06   3.1921387e+01
   4.1126130e+06   2.9785156e+01
   4.1127360e+06   2.9357910e+01
   4.1994200e+06   3.5583496e+01
   4.1995090e+06   3.4851074e+01
   4.1995250e+06   4.1198730e+01
   4.1995590e+06   4.5959473e+01
   4.1995770e+06   5.1696777e+01
   4.1996030e+06   6.1645508e+01
   4.1996160e+06   3.7109375e+01
   4.1996480e+06   3.6621094e+01
   4.1996650e+06   4.2175293e+01
   4.1996760e+06   2.8930664e+01
   4.1997000e+06   3.1555176e+01
   4.1997230e+06   3.3142090e+01
   4.1997570e+06   3.1860352e+01
   4.1998380e+06   3.0822754e+01
   4.1998620e+06   3.1738281e+01
   4.2001010e+06   3.1127930e+01
   4.2018830e+06   4.8645020e+01
   4.2942430e+06   3.2958984e+01
   4.2943680e+06   3.2470703e+01
   4.2944400e+06   2.9724121e+01
   4.2944680e+06   3.2409668e+01
   4.2945050e+06   3.5095215e+01
   4.2945150e+06   6.7626953e+01
   4.2945430e+06   4.5104980e+01
   4.2945600e+06   4.1015625e+01
   4.2945890e+06   3.9428711e+01
   4.2946100e+06   3.8330078e+01
   4.2946310e+06   3.2897949e+01
   4.2946460e+06   3.3081055e+01
   4.2946660e+06   4.3762207e+01
   4.2947280e+06   3.0517578e+01
   4.2947710e+06   3.5888672e+01
   4.2947930e+06   3.2226563e+01
   4.2949950e+06   3.6254883e+01
   4.2952140e+06   3.0029297e+01
   4.3036300e+06   3.5400391e+01
   4.3282900e+06   3.1860352e+01
   4.3283750e+06   2.9724121e+01
   4.3284070e+06   2.9235840e+01
   4.3284300e+06   3.3630371e+01
   4.3284510e+06   4.6936035e+01
   4.3284630e+06   3.6621094e+01
   4.3284920e+06   3.7597656e+01
   4.3285170e+06   3.3020020e+01
   4.3285470e+06   3.0029297e+01
   4.3285810e+06   3.0944824e+01
   4.3285990e+06   2.9785156e+01
   4.3286670e+06   3.0944824e+01
   4.3287000e+06   3.0029297e+01
   4.3288820e+06   3.0151367e+01
   4.3294590e+06   2.9541016e+01
   4.3298560e+06   2.9663086e+01
   4.3302570e+06   3.0883789e+01
   4.3383250e+06   3.1127930e+01
   4.3921210e+06   2.9174805e+01
   4.3921500e+06   5.1696777e+01
   4.3921680e+06   3.6010742e+01
   4.3921990e+06   4.1748047e+01
   4.3922240e+06   3.9611816e+01
   4.3922520e+06   5.0537109e+01
   4.3922670e+06   3.8330078e+01
   4.3922980e+06   4.8706055e+01
   4.3923210e+06   3.0395508e+01
   4.3923560e+06   3.7658691e+01
   4.3923820e+06   3.2470703e+01
   4.3924030e+06   2.8869629e+01
   4.3924360e+06   3.5461426e+01
   4.3924670e+06   3.0334473e+01
   4.3924990e+06   3.2531738e+01
   4.3925560e+06   3.5278320e+01
   4.3927290e+06   3.0212402e+01
   4.3927970e+06   3.0151367e+01
   4.3932390e+06   2.8869629e+01
   4.3939270e+06   3.0761719e+01
   4.4015760e+06   2.9968262e+01
   4.4071600e+06   3.4057617e+01
   4.5736010e+06   3.1738281e+01
   4.5799780e+06   3.9916992e+01
   4.5800640e+06   3.3447266e+01
   4.5800750e+06   4.8583984e+01
   4.5801020e+06   6.9458008e+01
   4.5801210e+06   4.1259766e+01
   4.5801350e+06   3.9123535e+01
   4.5801670e+06   3.2226563e+01
   4.5801800e+06   3.0883789e+01
   4.5802090e+06   3.4606934e+01
   4.5802360e+06   5.9387207e+01
   4.5802620e+06   3.7658691e+01
   4.5803140e+06   2.9174805e+01
   4.5803310e+06   3.3142090e+01
   4.5803760e+06   3.0151367e+01
   4.5804860e+06   3.2714844e+01
   4.5805200e+06   3.2470703e+01
   4.5805470e+06   3.0517578e+01
   4.5813020e+06   2.9113770e+01
   4.5813960e+06   3.0578613e+01
   4.5896330e+06   3.6865234e+01
   4.5924140e+06   4.0039063e+01
   4.6723930e+06   3.1982422e+01
   4.6724930e+06   2.9968262e+01
   4.6725210e+06   4.1992188e+01
   4.6725340e+06   8.6669922e+01
   4.6725570e+06   3.6193848e+01
   4.6725940e+06   4.0954590e+01
   4.6726120e+06   3.9062500e+01
   4.6726380e+06   3.6804199e+01
   4.6726540e+06   4.3701172e+01
   4.6726760e+06   3.6682129e+01
   4.6727020e+06   3.1494141e+01
   4.6727130e+06   3.4301758e+01
   4.6727500e+06   3.1738281e+01
   4.6727750e+06   3.4667969e+01
   4.6729080e+06   3.2897949e+01
   4.6729230e+06   2.9785156e+01
   4.6730810e+06   3.1250000e+01
   4.6736800e+06   2.9113770e+01
   4.6738390e+06   2.8991699e+01
   4.6739460e+06   2.9968262e+01
   4.6740870e+06   3.0944824e+01
   4.6743510e+06   3.0273438e+01
   4.6798730e+06   3.2775879e+01
   4.6824910e+06   3.7902832e+01
   4.6834770e+06   3.4790039e+01
   4.6851960e+06   3.6071777e+01
   4.6860470e+06   2.9052734e+01
   4.8313710e+06   3.3691406e+01
   4.8313880e+06   3.6926270e+01
   4.8314170e+06   9.0332031e+01
   4.8314310e+06   5.2185059e+01
   4.8314550e+06   3.5217285e+01
   4.8314750e+06   3.8940430e+01
   4.8314950e+06   3.6315918e+01
   4.8315200e+06   4.4250488e+01
   4.8315470e+06   4.4860840e+01
   4.8315610e+06   3.8574219e+01
   4.8315830e+06   3.2348633e+01
   4.8316300e+06   3.6743164e+01
   4.8316450e+06   2.9541016e+01
   4.8316760e+06   3.1005859e+01
   4.8322150e+06   3.1250000e+01
   4.8323200e+06   3.0395508e+01
   4.8325780e+06   2.9479980e+01
   4.8326760e+06   2.9296875e+01
   4.8408900e+06   3.4912109e+01
   4.8422720e+06   3.2653809e+01
   4.8437270e+06   3.0639648e+01
   4.8449040e+06   2.9052734e+01
   4.8468550e+06   3.5034180e+01
   4.9162490e+06   3.6499023e+01
   4.9162920e+06   5.2917480e+01
   4.9163130e+06   4.8889160e+01
   4.9163480e+06   5.1025391e+01
   4.9163670e+06   3.4545898e+01
   4.9164040e+06   5.6152344e+01
   4.9164320e+06   3.1005859e+01
   4.9164590e+06   3.1005859e+01
   4.9164760e+06   3.8146973e+01
   4.9167570e+06   2.9724121e+01
   4.9174590e+06   3.0639648e+01
   4.9176150e+06   3.1066895e+01
   4.9270610e+06   2.9296875e+01
   4.9970290e+06   3.0883789e+01
   4.9991940e+06   2.9907227e+01
   5.0340930e+06   3.5034180e+01
   5.0341610e+06   3.4484863e+01
   5.0341710e+06   7.8308105e+01
   5.0342000e+06   6.1401367e+01
   5.0342180e+06   3.6865234e+01
   5.0342350e+06   3.0883789e+01
   5.0342560e+06   3.4729004e+01
   5.0342880e+06   4.2724609e+01
   5.0342980e+06   3.8574219e+01
   5.0343250e+06   4.1015625e+01
   5.0343440e+06   2.9785156e+01
   5.0343810e+06   3.5705566e+01
   5.0343950e+06   3.7658691e+01
   5.0344320e+06   3.3630371e+01
   5.0351970e+06   2.9907227e+01
   5.0455040e+06   3.0456543e+01
   5.2068100e+06   4.0039063e+01
   5.2068380e+06   3.0273438e+01
   5.2068610e+06   3.3935547e+01
   5.2068860e+06   3.2531738e+01
   5.2069200e+06   3.2958984e+01
   5.2069350e+06   4.6203613e+01
   5.2069550e+06   2.9968262e+01
   5.2069730e+06   3.0456543e+01
   5.2069950e+06   3.0029297e+01
   5.2070250e+06   3.1372070e+01
   5.2070480e+06   3.3203125e+01
   5.2070830e+06   3.8818359e+01
   5.2071030e+06   3.1616211e+01
   5.2080630e+06   3.0822754e+01
   5.2084080e+06   3.3569336e+01
   5.2168260e+06   3.2165527e+01
   5.2183980e+06   3.1921387e+01
   5.2224400e+06   3.2897949e+01
   5.2241490e+06   2.9479980e+01
   5.3810190e+06   3.5461426e+01
   5.3810910e+06   3.7780762e+01
   5.3811210e+06   6.0668945e+01
   5.3811360e+06   3.5949707e+01
   5.3811540e+06   3.9916992e+01
   5.3811770e+06   4.5654297e+01
   5.3812000e+06   3.1250000e+01
   5.3812170e+06   3.5034180e+01
   5.3812540e+06   3.4667969e+01
   5.3812650e+06   4.2419434e+01
   5.3812890e+06   3.5522461e+01
   5.3813000e+06   3.6437988e+01
   5.3813430e+06   3.4301758e+01
   5.3814700e+06   3.6315918e+01
   5.3816630e+06   2.9418945e+01
   5.3817110e+06   3.0090332e+01
   5.3822890e+06   3.0334473e+01
   5.3836640e+06   3.0578613e+01
   5.3935080e+06   3.3386230e+01
   5.3949640e+06   2.9602051e+01
   5.4313550e+06   2.9724121e+01
   5.4812320e+06   2.9418945e+01
   5.4813640e+06   3.3142090e+01
   5.4813860e+06   3.5583496e+01
   5.4814300e+06   3.2470703e+01
   5.4814510e+06   4.1442871e+01
   5.4814800e+06   7.7148438e+01
   5.4814930e+06   4.4982910e+01
   5.4815120e+06   5.6152344e+01
   5.4815290e+06   3.4667969e+01
   5.4815400e+06   3.0944824e+01
   5.4815580e+06   3.6560059e+01
   5.4815780e+06   2.8869629e+01
   5.4816320e+06   3.2592773e+01
   5.4816600e+06   4.3334961e+01
   5.4816730e+06   3.7048340e+01
   5.4817910e+06   3.7414551e+01
   5.4844450e+06   4.6264648e+01
   5.5369790e+06   3.1311035e+01
   5.5370980e+06   4.1870117e+01
   5.5371260e+06   5.2001953e+01
   5.5371560e+06   4.1442871e+01
   5.5371820e+06   3.9794922e+01
   5.5372080e+06   3.0517578e+01
   5.5372370e+06   4.1381836e+01
   5.5372480e+06   3.1188965e+01
   5.5372740e+06   3.1555176e+01
   5.5373000e+06   4.2114258e+01
   5.5373620e+06   3.1005859e+01
   5.5374040e+06   3.2104492e+01
   5.5374970e+06   3.2714844e+01
   5.5375130e+06   2.9602051e+01
   5.5380540e+06   2.8869629e+01
   5.5773200e+06   3.4790039e+01
   5.5774180e+06   3.3386230e+01
   5.5774330e+06   5.6701660e+01
   5.5774620e+06   4.0344238e+01
   5.5774950e+06   5.9387207e+01
   5.5775080e+06   4.4250488e+01
   5.5775300e+06   5.2734375e+01
   5.5775500e+06   4.9194336e+01
   5.5775730e+06   4.0893555e+01
   5.5775960e+06   3.2409668e+01
   5.5776060e+06   3.2043457e+01
   5.5776610e+06   2.9602051e+01
   5.5776980e+06   3.4423828e+01
   5.5777260e+06   4.2541504e+01
   5.5778050e+06   3.4057617e+01
   5.5779710e+06   3.0395508e+01
   5.5782450e+06   2.9846191e+01
   5.5785970e+06   3.3447266e+01
   5.5789070e+06   2.9968262e+01
   5.5795380e+06   3.1188965e+01
   5.5806580e+06   2.9052734e+01
   5.6555270e+06   3.3020020e+01
   5.6556160e+06   2.9663086e+01
   5.6556570e+06   4.2602539e+01
   5.6556810e+06   3.8635254e+01
   5.6556960e+06   3.9245605e+01
   5.6557170e+06   2.8869629e+01
   5.6557450e+06   3.2653809e+01
   5.6557900e+06   3.4301758e+01
   5.6558020e+06   3.4606934e+01
   5.6558170e+06   2.9052734e+01
   5.6558320e+06   3.1860352e+01
   5.6558430e+06   3.6499023e+01
   5.6558800e+06   3.0700684e+01
   5.6559040e+06   3.4179688e+01
   5.6559470e+06   3.2409668e+01
   5.6559690e+06   3.0761719e+01
   5.6560810e+06   2.8991699e+01
   5.6561970e+06   2.9296875e+01
   5.6671550e+06   4.2175293e+01
   5.7457620e+06   3.0273438e+01
   5.7458620e+06   3.5034180e+01
   5.7459060e+06   6.1279297e+01
   5.7459240e+06   3.0761719e+01
   5.7459520e+06   5.3466797e+01
   5.7459650e+06   3.8391113e+01
   5.7459840e+06   4.4433594e+01
   5.7459970e+06   3.0029297e+01
   5.7460210e+06   3.7292480e+01
   5.7460400e+06   4.1625977e+01
   5.7460520e+06   4.1503906e+01
   5.7460950e+06   3.9245605e+01
   5.7461140e+06   4.7119141e+01
   5.7461430e+06   4.3090820e+01
   5.7461760e+06   2.9846191e+01
   5.7461890e+06   3.0151367e+01
   5.7462390e+06   3.6621094e+01
   5.7464650e+06   3.4545898e+01
   5.7473770e+06   2.9052734e+01
   5.8291630e+06   4.9194336e+01
   5.8291860e+06   3.1127930e+01
   5.8291990e+06   5.1818848e+01
   5.8292370e+06   5.9509277e+01
   5.8292470e+06   3.7231445e+01
   5.8292710e+06   4.4982910e+01
   5.8292900e+06   5.0048828e+01
   5.8293120e+06   2.9602051e+01
   5.8293290e+06   3.4606934e+01
   5.8293580e+06   5.3161621e+01
   5.8293890e+06   3.1372070e+01
   5.8294160e+06   3.7963867e+01
   5.8294850e+06   2.8930664e+01
   5.8297620e+06   3.0944824e+01
   5.8396970e+06   3.3569336e+01
   5.9432560e+06   4.1931152e+01
   5.9432890e+06   8.5510254e+01
   5.9432990e+06   4.6875000e+01
   5.9433290e+06   3.0578613e+01
   5.9433540e+06   3.8696289e+01
   5.9433670e+06   3.0334473e+01
   5.9433910e+06   5.2612305e+01
   5.9434060e+06   3.1311035e+01
   5.9434280e+06   3.7109375e+01
   5.9434580e+06   3.8330078e+01
   5.9435020e+06   2.9296875e+01
   5.9436070e+06   2.9785156e+01
   5.9437720e+06   2.9907227e+01
   5.9448570e+06   3.0212402e+01
   5.9452000e+06   3.0151367e+01
   6.0504630e+06   3.6804199e+01
   6.0505750e+06   2.9296875e+01
   6.0506180e+06   3.2226563e+01
   6.0506520e+06   6.3354492e+01
   6.0506720e+06   3.7048340e+01
   6.0506890e+06   6.5612793e+01
   6.0507150e+06   3.6254883e+01
   6.0507440e+06   3.7963867e+01
   6.0507610e+06   4.6264648e+01
   6.0507850e+06   4.0161133e+01
   6.0508140e+06   3.8513184e+01
   6.0508320e+06   2.9602051e+01
   6.0508770e+06   3.2775879e+01
   6.0509700e+06   3.0273438e+01
   6.0511910e+06   3.0151367e+01
   6.0512870e+06   3.2470703e+01
   6.0515260e+06   2.9235840e+01
   6.0604720e+06   3.4729004e+01
   6.1540890e+06   2.8930664e+01
   6.1545040e+06   4.5288086e+01
   6.1546810e+06   4.7058105e+01
   6.1547120e+06   5.3039551e+01
   6.1547330e+06   4.2480469e+01
   6.1547440e+06   3.3630371e+01
   6.1547630e+06   4.8522949e+01
   6.1548010e+06   4.7119141e+01
   6.1548280e+06   5.0842285e+01
   6.1548440e+06   3.6560059e+01
   6.1548610e+06   3.4545898e+01
   6.1548770e+06   2.9113770e+01
   6.1548940e+06   2.9479980e+01
   6.1549040e+06   3.6071777e+01
   6.1549310e+06   3.1494141e+01
   6.2311020e+06   3.7292480e+01
   6.2314410e+06   3.5644531e+01
   6.2314780e+06   4.4677734e+01
   6.2314940e+06   3.5461426e+01
   6.2315080e+06   6.6833496e+01
   6.2315390e+06   3.0456543e+01
   6.2315550e+06   5.8532715e+01
   6.2315800e+06   4.6020508e+01
   6.2315950e+06   2.8869629e+01
   6.2316190e+06   3.4606934e+01
   6.2316510e+06   3.4851074e+01
   6.2316740e+06   3.8269043e+01
   6.2317030e+06   3.9978027e+01
   6.2317680e+06   3.6254883e+01
   6.2318010e+06   4.7668457e+01
   6.2318640e+06   2.9724121e+01
   6.2319830e+06   3.1005859e+01
   6.2322820e+06   3.1616211e+01
   6.2322950e+06   2.9174805e+01
   6.2325940e+06   2.9113770e+01
   6.3516080e+06   3.5888672e+01
   6.3517160e+06   3.1250000e+01
   6.3518550e+06   3.3081055e+01
   6.3518650e+06   4.2297363e+01
   6.3518870e+06   2.9296875e+01
   6.3519250e+06   9.1003418e+01
   6.3519430e+06   3.2165527e+01
   6.3519660e+06   3.9733887e+01
   6.3519770e+06   4.7607422e+01
   6.3520060e+06   4.3151855e+01
   6.3520270e+06   3.2226563e+01
   6.3520430e+06   3.7048340e+01
   6.3520690e+06   3.7231445e+01
   6.3520970e+06   3.6315918e+01
   6.3521280e+06   3.2653809e+01
   6.3521530e+06   4.0893555e+01
   6.3521980e+06   2.9785156e+01
   6.3522100e+06   3.1250000e+01
   6.3527950e+06   3.1188965e+01
   6.3528620e+06   2.8991699e+01
   6.4120670e+06   3.1616211e+01
   6.4121930e+06   3.4057617e+01
   6.4122280e+06   3.3874512e+01
   6.4122460e+06   3.1250000e+01
   6.4122670e+06   4.8034668e+01
   6.4123000e+06   3.0029297e+01
   6.4123150e+06   4.0710449e+01
   6.4123370e+06   3.6560059e+01
   6.4123520e+06   4.7363281e+01
   6.4123960e+06   3.9550781e+01
   6.4124100e+06   2.9174805e+01
   6.4124460e+06   3.2653809e+01
   6.4124710e+06   3.5217285e+01
   6.4124990e+06   3.2409668e+01
   6.4127790e+06   3.0212402e+01
   6.4128720e+06   2.9663086e+01
   6.4133230e+06   3.5461426e+01
   6.4140990e+06   2.9113770e+01
   6.4222170e+06   2.9052734e+01
   6.5066030e+06   3.0517578e+01
   6.5066340e+06   3.4423828e+01
   6.5066970e+06   4.9316406e+01
   6.5067320e+06   5.9997559e+01
   6.5067500e+06   4.0771484e+01
   6.5067600e+06   4.4006348e+01
   6.5068160e+06   3.1616211e+01
   6.5068310e+06   3.0090332e+01
   6.5068620e+06   4.3762207e+01
   6.5068760e+06   3.3630371e+01
   6.5069030e+06   3.3935547e+01
   6.5071710e+06   4.0405273e+01
   6.5072720e+06   3.1005859e+01
   6.5078350e+06   3.0578613e+01
   6.5698350e+06   3.0334473e+01
   6.5698720e+06   4.3579102e+01
   6.5698990e+06   6.5185547e+01
   6.5699170e+06   3.5949707e+01
   6.5699330e+06   6.2438965e+01
   6.5699760e+06   4.9255371e+01
   6.5700120e+06   3.9978027e+01
   6.5700400e+06   3.4179688e+01
   6.5700590e+06   3.7963867e+01
   6.5701100e+06   3.9855957e+01
   6.5702280e+06   2.9907227e+01
   6.5702940e+06   2.9479980e+01
   6.5704520e+06   3.0883789e+01
   6.5707260e+06   3.3203125e+01
   6.5716470e+06   2.9724121e+01
   6.6421340e+06   3.1005859e+01
   6.6421520e+06   3.5888672e+01
   6.6421740e+06   5.0659180e+01
   6.6421970e+06   3.7231445e+01
   6.6422210e+06   5.6640625e+01
   6.6422320e+06   4.1076660e+01
   6.6422540e+06   4.0100098e+01
   6.6422760e+06   4.8828125e+01
   6.6422970e+06   4.1748047e+01
   6.6423280e+06   3.4973145e+01
   6.6423410e+06   4.4799805e+01
   6.6423720e+06   3.6254883e+01
   6.6423950e+06   4.1198730e+01
   6.6424910e+06   3.0700684e+01
   6.6426450e+06   3.1066895e+01
   6.6427840e+06   3.5156250e+01
   6.6428630e+06   3.1372070e+01
   6.6430700e+06   3.0273438e+01
   6.6435000e+06   2.9663086e+01
   6.7295840e+06   3.3874512e+01
   6.7296450e+06   2.9724121e+01
   6.7296810e+06   4.4982910e+01
   6.7297160e+06   4.5776367e+01
   6.7297500e+06   4.9926758e+01
   6.7297730e+06   4.5776367e+01
   6.7297850e+06   3.5766602e+01
   6.7298050e+06   3.9916992e+01
   6.7298280e+06   3.7658691e+01
   6.7298520e+06   3.7963867e+01
   6.7298890e+06   2.9357910e+01
   6.7300140e+06   3.2165527e+01
   6.7305770e+06   3.3752441e+01
   6.7309180e+06   3.1372070e+01
   6.7310860e+06   3.5949707e+01
   6.7312390e+06   3.0761719e+01
   6.8205560e+06   4.3884277e+01
   6.8205850e+06   2.9235840e+01
   6.8206170e+06   8.4655762e+01
   6.8206270e+06   3.7414551e+01
   6.8206490e+06   4.9926758e+01
   6.8206840e+06   3.9184570e+01
   6.8207020e+06   3.7109375e+01
   6.8207130e+06   3.1066895e+01
   6.8207310e+06   3.1677246e+01
   6.8207430e+06   4.5410156e+01
   6.8207580e+06   3.6682129e+01
   6.8207830e+06   3.4973145e+01
   6.8208010e+06   3.2836914e+01
   6.8208540e+06   3.1677246e+01
   6.8210620e+06   2.9663086e+01
   6.8214820e+06   3.0883789e+01
   6.8215230e+06   3.0090332e+01
   6.9399580e+06   2.9724121e+01
   6.9399990e+06   5.5175781e+01
   6.9400140e+06   6.4514160e+01
   6.9400430e+06   3.8818359e+01
   6.9400570e+06   4.7729492e+01
   6.9400850e+06   4.0405273e+01
   6.9401090e+06   4.1748047e+01
   6.9401520e+06   4.3945313e+01
   6.9401670e+06   3.3691406e+01
   6.9401820e+06   2.9968262e+01
   6.9402280e+06   4.2236328e+01
   6.9402560e+06   3.6804199e+01
   6.9404600e+06   2.8991699e+01
   6.9405790e+06   3.3325195e+01
   6.9406940e+06   3.1921387e+01
   6.9413440e+06   3.1982422e+01
   6.9414810e+06   3.0578613e+01
   7.0019210e+06   3.5461426e+01
   7.0019520e+06   2.9235840e+01
   7.0019840e+06   8.4472656e+01
   7.0020050e+06   3.5644531e+01
   7.0020420e+06   4.4616699e+01
   7.0020590e+06   4.3823242e+01
   7.0020740e+06   4.2846680e+01
   7.0021080e+06   3.1311035e+01
   7.0021400e+06   3.6376953e+01
   7.0021730e+06   3.0334473e+01
   7.0022220e+06   3.4667969e+01
   7.0022500e+06   3.0700684e+01
   7.0023000e+06   4.1076660e+01
   7.0030180e+06   3.1127930e+01
   7.0032160e+06   3.3325195e+01
   7.0895100e+06   3.5034180e+01
   7.0895390e+06   4.6081543e+01
   7.0895620e+06   9.8449707e+01
   7.0895930e+06   3.6926270e+01
   7.0896300e+06   4.1015625e+01
   7.0896620e+06   3.6071777e+01
   7.0896820e+06   4.1870117e+01
   7.0897080e+06   4.6386719e+01
   7.0897240e+06   4.8522949e+01
   7.0897640e+06   3.3752441e+01
   7.0898020e+06   3.5339355e+01
   7.0898350e+06   2.8869629e+01
   7.0901070e+06   3.4729004e+01
   7.0904700e+06   3.0273438e+01
   7.0907880e+06   3.2897949e+01
   7.0908880e+06   2.9785156e+01
   7.1528870e+06   3.3569336e+01
   7.1529060e+06   3.5522461e+01
   7.1529310e+06   5.0598145e+01
   7.1529530e+06   5.1513672e+01
   7.1529650e+06   4.5288086e+01
   7.1529880e+06   2.9602051e+01
   7.1530100e+06   5.9204102e+01
   7.1530560e+06   3.0944824e+01
   7.1530790e+06   3.8208008e+01
   7.1531070e+06   3.7719727e+01
   7.1531430e+06   3.1433105e+01
   7.1532110e+06   4.1625977e+01
   7.1535370e+06   3.0944824e+01
   7.1541620e+06   2.9296875e+01
   7.2284120e+06   3.0883789e+01
   7.2284520e+06   3.2287598e+01
   7.2284670e+06   3.0578613e+01
   7.2284770e+06   6.1462402e+01
   7.2285110e+06   3.5156250e+01
   7.2285240e+06   3.2165527e+01
   7.2285670e+06   3.3386230e+01
   7.2285860e+06   3.1188965e+01
   7.2286220e+06   2.9357910e+01
   7.2286430e+06   3.1005859e+01
   7.2286780e+06   2.9724121e+01
   7.2287100e+06   3.2958984e+01
   7.2293360e+06   2.9113770e+01
   7.2297230e+06   3.1860352e+01
   7.3406130e+06   4.8645020e+01
   7.3406440e+06   3.0883789e+01
   7.3406740e+06   3.9245605e+01
   7.3406930e+06   4.8767090e+01
   7.3407090e+06   3.6560059e+01
   7.3407400e+06   3.6010742e+01
   7.3407590e+06   4.1015625e+01
   7.3407720e+06   5.4321289e+01
   7.3407920e+06   3.6499023e+01
   7.3408190e+06   2.9235840e+01
   7.3408430e+06   4.1931152e+01
   7.3408800e+06   3.4973145e+01
   7.3408960e+06   3.2714844e+01
   7.3409460e+06   2.9602051e+01
   7.3410210e+06   3.1677246e+01
   7.3411570e+06   3.6987305e+01
   7.3413970e+06   3.4790039e+01
   7.3417920e+06   3.1738281e+01
   7.3551570e+06   2.9541016e+01
   7.4397150e+06   3.9916992e+01
   7.4397600e+06   3.7963867e+01
   7.4397800e+06   3.6987305e+01
   7.4398010e+06   7.0068359e+01
   7.4398300e+06   2.9479980e+01
   7.4398510e+06   5.0231934e+01
   7.4398850e+06   5.1696777e+01
   7.4399010e+06   3.2470703e+01
   7.4399220e+06   3.3508301e+01
   7.4399330e+06   4.4311523e+01
   7.4399960e+06   3.7841797e+01
   7.4400210e+06   3.6621094e+01
   7.4400640e+06   3.0944824e+01
   7.4401410e+06   3.5949707e+01
   7.4401760e+06   3.1982422e+01
   7.4446590e+06   3.1677246e+01
   7.4492640e+06   2.9907227e+01
   7.4510200e+06   3.2836914e+01
   7.4552970e+06   3.4973145e+01
   7.5302860e+06   3.2104492e+01
   7.5303310e+06   3.6132813e+01
   7.5303730e+06   3.1494141e+01
   7.5304050e+06   3.8574219e+01
   7.5304460e+06   3.6499023e+01
   7.5304710e+06   5.9082031e+01
   7.5304810e+06   5.0964355e+01
   7.5305180e+06   3.4667969e+01
   7.5305360e+06   5.4748535e+01
   7.5305490e+06   4.1870117e+01
   7.5305720e+06   3.3508301e+01
   7.5305820e+06   3.4851074e+01
   7.5306320e+06   2.9357910e+01
   7.5306570e+06   2.8991699e+01
   7.5306800e+06   2.9174805e+01
   7.5307310e+06   3.1127930e+01
   7.5307530e+06   2.9479980e+01
   7.5307690e+06   3.1494141e+01
   7.5312340e+06   2.9113770e+01
   7.5387960e+06   3.5339355e+01
   7.5428750e+06   2.9846191e+01
   7.5472940e+06   3.3203125e+01
   7.5604840e+06   3.2226563e+01
   7.6253170e+06   3.9489746e+01
   7.6253810e+06   3.4912109e+01
   7.6254180e+06   8.2702637e+01
   7.6254320e+06   3.5949707e+01
   7.6254500e+06   3.9550781e+01
   7.6254650e+06   3.6987305e+01
   7.6254930e+06   2.9785156e+01
   7.6255110e+06   2.9785156e+01
   7.6255480e+06   3.9306641e+01
   7.6255780e+06   5.5114746e+01
   7.6256200e+06   3.0822754e+01
   7.6256350e+06   3.3264160e+01
   7.6256760e+06   3.9367676e+01
   7.6257550e+06   3.3447266e+01
   7.6257650e+06   3.1433105e+01
   7.6259330e+06   3.1005859e+01
   7.6274530e+06   3.0700684e+01
   7.7319130e+06   3.5095215e+01
   7.7319560e+06   3.0639648e+01
   7.7319750e+06   3.5583496e+01
   7.7320140e+06   6.6406250e+01
   7.7320360e+06   3.6193848e+01
   7.7320510e+06   4.5104980e+01
   7.7320850e+06   3.9428711e+01
   7.7321020e+06   4.6386719e+01
   7.7321250e+06   3.9489746e+01
   7.7321490e+06   4.0710449e+01
   7.7321710e+06   3.0090332e+01
   7.7322150e+06   3.2592773e+01
   7.7322830e+06   2.9724121e+01
   7.7322950e+06   3.4240723e+01
   7.7323430e+06   3.1127930e+01
   7.7324020e+06   3.0639648e+01
   7.7325590e+06   3.0212402e+01
   7.7449030e+06   3.1738281e+01
   7.8453510e+06   3.6621094e+01
   7.8454660e+06   3.9123535e+01
   7.8454990e+06   3.6315918e+01
   7.8455190e+06   3.7902832e+01
   7.8455500e+06   6.1218262e+01
   7.8455610e+06   2.9846191e+01
   7.8455980e+06   5.2978516e+01
   7.8456330e+06   4.1320801e+01
   7.8456570e+06   4.0222168e+01
   7.8456730e+06   3.7231445e+01
   7.8456940e+06   4.0893555e+01
   7.8457070e+06   2.9724121e+01
   7.8457270e+06   3.5095215e+01
   7.8457460e+06   3.0883789e+01
   7.8457740e+06   3.1616211e+01
   7.8460690e+06   3.1372070e+01
   7.8556320e+06   2.9418945e+01
   7.8586330e+06   2.9968262e+01
   7.9556750e+06   3.2348633e+01
   7.9557480e+06   3.6926270e+01
   7.9557670e+06   5.0720215e+01
   7.9557890e+06   6.5429688e+01
   7.9558060e+06   4.1931152e+01
   7.9558280e+06   3.3569336e+01
   7.9558520e+06   4.2724609e+01
   7.9558660e+06   5.1879883e+01
   7.9558780e+06   5.0842285e+01
   7.9559090e+06   4.9743652e+01
   7.9559310e+06   3.5461426e+01
   7.9559470e+06   4.9804688e+01
   7.9559800e+06   4.1870117e+01
   7.9559960e+06   2.9785156e+01
   7.9565110e+06   3.6804199e+01
   7.9569450e+06   3.4729004e+01
   7.9571610e+06   3.0395508e+01
   7.9581500e+06   4.1320801e+01
   7.9670170e+06   2.9541016e+01
   7.9686470e+06   3.2043457e+01
   7.9720190e+06   3.4423828e+01
   8.1146600e+06   2.9724121e+01
   8.1146700e+06   4.6752930e+01
   8.1146970e+06   5.7128906e+01
   8.1147110e+06   4.3518066e+01
   8.1147420e+06   5.1452637e+01
   8.1147680e+06   3.7719727e+01
   8.1147990e+06   4.1015625e+01
   8.1148210e+06   4.0466309e+01
   8.1148530e+06   3.0639648e+01
   8.1148670e+06   3.0395508e+01
   8.1149320e+06   3.4912109e+01
   8.1149720e+06   3.7414551e+01
   8.1153400e+06   2.9235840e+01
   8.1272300e+06   3.1372070e+01
   8.1311380e+06   3.2592773e+01
   8.1346410e+06   3.1616211e+01
   8.1671270e+06   3.4484863e+01
   8.1755000e+06   2.9174805e+01
   8.2223370e+06   4.2724609e+01
   8.2224220e+06   3.4484863e+01
   8.2224420e+06   4.8706055e+01
   8.2224690e+06   5.1635742e+01
   8.2224850e+06   4.0344238e+01
   8.2225170e+06   3.3569336e+01
   8.2225470e+06   3.2287598e+01
   8.2225750e+06   4.6630859e+01
   8.2226010e+06   4.0222168e+01
   8.2226330e+06   3.5766602e+01
   8.2226610e+06   3.6315918e+01
   8.2228950e+06   2.9418945e+01
   8.2238130e+06   3.3508301e+01
   8.2247360e+06   3.0212402e+01
   8.2337840e+06   2.9785156e+01
   8.3262100e+06   3.8818359e+01
   8.3262750e+06   6.0852051e+01
   8.3262980e+06   5.9753418e+01
   8.3263180e+06   3.4729004e+01
   8.3263300e+06   3.4851074e+01
   8.3263560e+06   4.0405273e+01
   8.3263900e+06   4.3090820e+01
   8.3264210e+06   3.9916992e+01
   8.3264420e+06   3.7719727e+01
   8.3264850e+06   3.1066895e+01
   8.3266830e+06   3.1066895e+01
   8.3268210e+06   2.9724121e+01
   8.3375860e+06   3.3020020e+01
   8.3382710e+06   3.2104492e+01
   8.4131330e+06   3.3508301e+01
   8.4131450e+06   7.7697754e+01
   8.4131940e+06   4.6752930e+01
   8.4132180e+06   3.0334473e+01
   8.4132480e+06   3.1860352e+01
   8.4132580e+06   3.5827637e+01
   8.4132900e+06   4.4982910e+01
   8.4133030e+06   3.9367676e+01
   8.4133410e+06   2.9357910e+01
   8.4144360e+06   3.0700684e+01
   8.4297560e+06   2.9907227e+01
   8.5296780e+06   3.4667969e+01
   8.5297060e+06   2.9479980e+01
   8.5297370e+06   6.4086914e+01
   8.5297630e+06   3.6193848e+01
   8.5297810e+06   3.6071777e+01
   8.5297950e+06   4.1137695e+01
   8.5298150e+06   2.8869629e+01
   8.5298270e+06   4.6630859e+01
   8.5298790e+06   2.9785156e+01
   8.5299130e+06   3.7780762e+01
   8.5299320e+06   3.1494141e+01
   8.5299680e+06   2.9418945e+01
   8.5306450e+06   2.9541016e+01
   8.5311110e+06   2.9968262e+01
   8.6692550e+06   3.2287598e+01
   8.6693620e+06   3.3264160e+01
   8.6693850e+06   6.3720703e+01
   8.6694200e+06   6.2866211e+01
   8.6694380e+06   3.6376953e+01
   8.6694670e+06   3.6499023e+01
   8.6694960e+06   3.4362793e+01
   8.6695150e+06   3.6315918e+01
   8.6695330e+06   4.0283203e+01
   8.6695430e+06   3.5095215e+01
   8.6695610e+06   3.2165527e+01
   8.6696410e+06   3.5461426e+01
   8.6696550e+06   2.9724121e+01
   8.6699800e+06   3.2348633e+01
   8.6704000e+06   2.9846191e+01
   8.6711760e+06   2.9846191e+01
   8.6820710e+06   3.2958984e+01
   8.6938300e+06   2.8869629e+01
   8.7011320e+06   2.8930664e+01
   8.7049800e+06   2.9174805e+01
   8.8217470e+06   3.7414551e+01
   8.8217660e+06   3.0456543e+01
   8.8218080e+06   3.3630371e+01
   8.8218250e+06   3.7841797e+01
   8.8218410e+06   3.2287598e+01
   8.8218540e+06   6.5246582e+01
   8.8218750e+06   2.8991699e+01
   8.8218940e+06   3.4301758e+01
   8.8219370e+06   4.0039063e+01
   8.8219550e+06   4.3090820e+01
   8.8219760e+06   3.2531738e+01
   8.8220070e+06   3.9672852e+01
   8.8220400e+06   3.5461426e+01
   8.8220520e+06   2.9174805e+01
   8.8220770e+06   2.8930664e+01
   8.8221920e+06   3.4606934e+01
   8.8225190e+06   2.9418945e+01
   8.8226260e+06   3.0578613e+01
   8.8231000e+06   2.8991699e+01
   8.8586070e+06   3.0944824e+01
   8.9041730e+06   3.3386230e+01
   8.9819680e+06   2.9235840e+01
   8.9819940e+06   5.7128906e+01
   8.9820120e+06   3.4240723e+01
   8.9820370e+06   3.5278320e+01
   8.9820520e+06   3.0395508e+01
   8.9820880e+06   3.3142090e+01
   8.9821050e+06   3.2592773e+01
   8.9821160e+06   4.7912598e+01
   8.9821450e+06   3.3081055e+01
   8.9821970e+06   2.8991699e+01
   8.9822090e+06   3.0151367e+01
   8.9822420e+06   3.3142090e+01
   8.9822640e+06   3.4423828e+01
   8.9823310e+06   3.3447266e+01
   8.9826070e+06   2.8991699e+01
   8.9826490e+06   3.0456543e+01
   8.9836310e+06   2.9785156e+01
   9.0269550e+06   3.4179688e+01
   9.0306150e+06   3.2165527e+01
   9.0952120e+06   3.0883789e+01
   9.1145520e+06   3.0944824e+01
   9.1146630e+06   3.0273438e+01
   9.1147140e+06   3.9489746e+01
   9.1147320e+06   8.0383301e+01
   9.1147610e+06   4.1870117e+01
   9.1147860e+06   4.2358398e+01
   9.1148090e+06   4.0649414e+01
   9.1148370e+06   4.3945313e+01
   9.1148660e+06   4.0222168e+01
   9.1148820e+06   3.8391113e+01
   9.1149030e+06   3.5034180e+01
   9.1149840e+06   3.3691406e+01
   9.1150630e+06   2.9113770e+01
   9.1151300e+06   2.9113770e+01
   9.1154400e+06   3.5766602e+01
   9.1155170e+06   3.1677246e+01
   9.1158290e+06   3.6193848e+01
   9.1801060e+06   3.2958984e+01
   9.1801510e+06   3.5827637e+01
   9.1801900e+06   6.1035156e+01
   9.1802010e+06   3.3142090e+01
   9.1802110e+06   3.3020020e+01
   9.1802580e+06   3.3020020e+01
   9.1802790e+06   2.8930664e+01
   9.1802940e+06   3.5888672e+01
   9.1803170e+06   3.3203125e+01
   9.1803420e+06   5.3833008e+01
   9.1804120e+06   3.0090332e+01
   9.1805600e+06   2.8930664e+01
   9.1807310e+06   3.2104492e+01
   9.1809480e+06   2.9052734e+01
   9.1810090e+06   3.1433105e+01
   9.1811340e+06   3.0700684e+01
   9.1903930e+06   2.9602051e+01
   9.2548740e+06   3.8879395e+01
   9.2549390e+06   2.9479980e+01
   9.2549660e+06   7.6416016e+01
   9.2549960e+06   5.4138184e+01
   9.2550070e+06   4.9377441e+01
   9.2550600e+06   3.5095215e+01
   9.2550700e+06   2.8869629e+01
   9.2551060e+06   5.0537109e+01
   9.2551360e+06   2.9663086e+01
   9.2552310e+06   3.2470703e+01
   9.2552850e+06   2.9785156e+01
   9.2556030e+06   2.9357910e+01
   9.2996470e+06   2.9418945e+01
   9.3428070e+06   2.9663086e+01
   9.3428520e+06   3.5888672e+01
   9.3428630e+06   3.6865234e+01
   9.3428980e+06   4.9194336e+01
   9.3429190e+06   4.6386719e+01
   9.3429570e+06   2.9418945e+01
   9.3429710e+06   4.4128418e+01
   9.3430160e+06   3.5766602e+01
   9.3430290e+06   3.2653809e+01
   9.3430450e+06   3.9855957e+01
   9.3430580e+06   3.2897949e+01
   9.3430810e+06   3.4362793e+01
   9.3431110e+06   3.4545898e+01
   9.3435120e+06   2.9724121e+01
   9.3436970e+06   2.9479980e+01
   9.3440320e+06   3.1005859e+01
   9.3447810e+06   2.9785156e+01
   9.4496790e+06   3.5827637e+01
   9.4498180e+06   4.2785645e+01
   9.4498470e+06   3.2287598e+01
   9.4498660e+06   3.0822754e+01
   9.4498940e+06   5.8105469e+01
   9.4499140e+06   6.0180664e+01
   9.4499330e+06   3.5034180e+01
   9.4499670e+06   5.2001953e+01
   9.4500020e+06   3.9611816e+01
   9.4500240e+06   3.0456543e+01
   9.4500420e+06   2.9113770e+01
   9.4500730e+06   4.2663574e+01
   9.4501250e+06   4.4372559e+01
   9.4501500e+06   3.3630371e+01
   9.4507940e+06   2.8991699e+01
   9.4510320e+06   2.9479980e+01
   9.4512720e+06   3.3325195e+01
   9.4618060e+06   3.3874512e+01
   9.4652450e+06   3.0761719e+01
   9.6659490e+06   3.2653809e+01
   9.6659790e+06   2.9907227e+01
   9.6659960e+06   3.8574219e+01
   9.6660110e+06   3.7658691e+01
   9.6660390e+06   4.8217773e+01
   9.6660540e+06   4.0344238e+01
   9.6660710e+06   3.2287598e+01
   9.6660930e+06   3.4057617e+01
   9.6661270e+06   3.0029297e+01
   9.6661710e+06   3.1311035e+01
   9.6662080e+06   3.2409668e+01
   9.6662430e+06   3.2531738e+01
   9.6662910e+06   2.9296875e+01
   9.6670280e+06   3.0456543e+01
   9.6671360e+06   3.1921387e+01
   9.6776210e+06   3.1066895e+01
   9.6800620e+06   3.6621094e+01
   9.6822400e+06   3.1311035e+01
   9.6853430e+06   3.2348633e+01
   9.6878600e+06   3.4606934e+01
   9.6946990e+06   2.8930664e+01
   9.8014500e+06   3.1738281e+01
   9.8015520e+06   3.9062500e+01
   9.8015700e+06   4.4189453e+01
   9.8015990e+06   5.3833008e+01
   9.8016400e+06   3.8208008e+01
   9.8016570e+06   6.7626953e+01
   9.8016780e+06   3.6437988e+01
   9.8016920e+06   3.3203125e+01
   9.8017150e+06   3.9001465e+01
   9.8017430e+06   3.4362793e+01
   9.8017880e+06   3.1677246e+01
   9.8018340e+06   3.6254883e+01
   9.8018760e+06   3.0700684e+01
   9.8135280e+06   3.2409668e+01
   9.9024200e+06   2.9052734e+01
   9.9140780e+06   3.0456543e+01
   9.9437890e+06   4.9072266e+01
   9.9438050e+06   4.9560547e+01
   9.9438260e+06   3.8696289e+01
   9.9438400e+06   5.6518555e+01
   9.9438900e+06   6.3598633e+01
   9.9439130e+06   2.8991699e+01
   9.9439380e+06   3.6560059e+01
   9.9439810e+06   3.8452148e+01
   9.9440070e+06   3.2043457e+01
   9.9465130e+06   3.1738281e+01
   9.9560930e+06   2.9235840e+01
   9.9569040e+06   3.3264160e+01
   1.0087092e+07   3.5827637e+01
   1.0087161e+07   5.1391602e+01
   1.0087188e+07   5.5908203e+01
   1.0087219e+07   4.0771484e+01
   1.0087234e+07   3.7475586e+01
   1.0087267e+07   4.3579102e+01
   1.0087281e+07   3.2836914e+01
   1.0087322e+07   3.7963867e+01
   1.0087361e+07   3.2653809e+01
   1.0087428e+07   3.1982422e+01
   1.0088137e+07   3.2348633e+01
   1.0088245e+07   3.4484863e+01
   1.0088325e+07   2.9602051e+01
   1.0088891e+07   2.8869629e+01
   1.0089231e+07   2.9724121e+01
   1.0089634e+07   3.8269043e+01
   1.0137078e+07   2.9052734e+01
   1.0177580e+07   3.2836914e+01
   1.0177629e+07   3.8818359e+01
   1.0177671e+07   5.5969238e+01
   1.0177682e+07   3.8513184e+01
   1.0177713e+07   5.2978516e+01
   1.0177742e+07   4.7058105e+01
   1.0177768e+07   3.7292480e+01
   1.0177781e+07   3.0456543e+01
   1.0177803e+07   4.9377441e+01
   1.0177825e+07   3.4423828e+01
   1.0177998e+07   2.8869629e+01
   1.0178219e+07   3.1066895e+01
   1.0178402e+07   2.9357910e+01
   1.0178591e+07   3.1799316e+01
   1.0178951e+07   2.9602051e+01
   1.0188608e+07   3.1127930e+01
   1.0304754e+07   2.9541016e+01
   1.0356526e+07   3.1921387e+01
   1.0356580e+07   2.9785156e+01
   1.0356601e+07   2.9113770e+01
   1.0356614e+07   4.2602539e+01
   1.0356631e+07   3.7353516e+01
   1.0356657e+07   3.1066895e+01
   1.0356667e+07   4.8400879e+01
   1.0356696e+07   3.2226563e+01
   1.0356719e+07   3.0761719e+01
   1.0356757e+07   3.1738281e+01
   1.0356769e+07   3.8818359e+01
   1.0356779e+07   5.0109863e+01
   1.0356830e+07   4.4189453e+01
   1.0356894e+07   4.0222168e+01
   1.0356907e+07   2.9235840e+01
   1.0356929e+07   2.9907227e+01
   1.0356991e+07   3.2714844e+01
   1.0357732e+07   3.4667969e+01
   1.0357963e+07   2.9541016e+01
   1.0358055e+07   2.9235840e+01
   1.0368320e+07   3.5522461e+01
   1.0373233e+07   3.2043457e+01
   1.0380739e+07   3.8452148e+01
   1.0519852e+07   3.7780762e+01
   1.0519902e+07   3.1066895e+01
   1.0519919e+07   6.2927246e+01
   1.0519947e+07   5.1818848e+01
   1.0519965e+07   4.9438477e+01
   1.0519984e+07   4.0832520e+01
   1.0520010e+07   3.6621094e+01
   1.0520024e+07   3.7353516e+01
   1.0520043e+07   4.2663574e+01
   1.0520078e+07   3.2043457e+01
   1.0520088e+07   3.8330078e+01
   1.0520126e+07   3.5583496e+01
   1.0520158e+07   3.3264160e+01
   1.0520254e+07   3.4057617e+01
   1.0520956e+07   2.9724121e+01
   1.0521081e+07   3.3325195e+01
   1.0521361e+07   3.1311035e+01
   1.0532240e+07   3.9733887e+01
   1.0541535e+07   2.9418945e+01
   1.0568248e+07   3.2104492e+01
   1.0668205e+07   4.3640137e+01
   1.0668253e+07   3.9855957e+01
   1.0668280e+07   5.1879883e+01
   1.0668302e+07   4.3518066e+01
   1.0668331e+07   4.5166016e+01
   1.0668358e+07   4.6752930e+01
   1.0668374e+07   3.0151367e+01
   1.0668398e+07   3.8757324e+01
   1.0668509e+07   3.1005859e+01
   1.0668638e+07   2.9357910e+01
   1.0679037e+07   3.5949707e+01
   1.0685629e+07   3.0212402e+01
   1.0689937e+07   3.1799316e+01
   1.0751510e+07   3.6499023e+01
   1.0751585e+07   2.9846191e+01
   1.0751615e+07   3.1005859e+01
   1.0751638e+07   4.2907715e+01
   1.0751662e+07   5.8044434e+01
   1.0751682e+07   3.4606934e+01
   1.0751694e+07   3.9245605e+01
   1.0751732e+07   3.3996582e+01
   1.0751750e+07   3.3386230e+01
   1.0751768e+07   3.2226563e+01
   1.0751802e+07   3.0029297e+01
   1.0751826e+07   3.2226563e+01
   1.0751871e+07   3.0639648e+01
   1.0751970e+07   2.9846191e+01
   1.0752166e+07   3.0517578e+01
   1.0752266e+07   3.0029297e+01
   1.0752385e+07   3.6376953e+01
   1.0752527e+07   3.1555176e+01
   1.0752635e+07   2.8930664e+01
   1.0752744e+07   2.9052734e+01
   1.0762547e+07   3.7170410e+01
   1.0766592e+07   3.1311035e+01
   1.0929464e+07   3.9367676e+01
   1.0929507e+07   4.0710449e+01
   1.0929542e+07   6.0485840e+01
   1.0929567e+07   3.4912109e+01
   1.0929579e+07   4.7302246e+01
   1.0929604e+07   3.2714844e+01
   1.0929655e+07   4.1503906e+01
   1.0929678e+07   5.0537109e+01
   1.0929724e+07   3.5217285e+01
   1.0929741e+07   3.5766602e+01
   1.0929850e+07   3.2653809e+01
   1.0930241e+07   2.8930664e+01
   1.0930923e+07   2.9724121e+01
   1.0962038e+07   3.1433105e+01
   1.0969477e+07   2.9418945e+01
   1.1082162e+07   2.8930664e+01
   1.1082431e+07   3.0517578e+01
   1.1082488e+07   4.0588379e+01
   1.1082516e+07   4.2541504e+01
   1.1082535e+07   4.5166016e+01
   1.1082570e+07   4.0405273e+01
   1.1082582e+07   4.4189453e+01
   1.1082613e+07   4.3518066e+01
   1.1082636e+07   2.9663086e+01
   1.1082659e+07   3.1005859e+01
   1.1082724e+07   4.2053223e+01
   1.1082777e+07   3.1616211e+01
   1.1082820e+07   3.3874512e+01
   1.1082920e+07   2.9113770e+01
   1.1083531e+07   2.9174805e+01
   1.1083826e+07   2.9541016e+01
   1.1085267e+07   3.0517578e+01
   1.1121478e+07   2.9846191e+01
   1.1131973e+07   3.3020020e+01
   1.1135829e+07   3.0700684e+01
   1.1137719e+07   2.9357910e+01
   1.1228241e+07   2.9541016e+01
   1.1273977e+07   3.3264160e+01
   1.1274015e+07   3.6010742e+01
   1.1274033e+07   4.3029785e+01
   1.1274054e+07   4.0222168e+01
   1.1274083e+07   4.1748047e+01
   1.1274095e+07   4.2907715e+01
   1.1274110e+07   3.6071777e+01
   1.1274128e+07   3.4362793e+01
   1.1274152e+07   4.7180176e+01
   1.1274202e+07   4.1748047e+01
   1.1274267e+07   4.2114258e+01
   1.1274438e+07   3.1677246e+01
   1.1274638e+07   2.9357910e+01
   1.1274655e+07   3.1005859e+01
   1.1285507e+07   3.1494141e+01
   1.1316882e+07   3.3691406e+01
   1.1338050e+07   2.9174805e+01
   1.1338171e+07   3.7170410e+01
   1.1338187e+07   4.5898438e+01
   1.1338215e+07   3.0578613e+01
   1.1338253e+07   4.9865723e+01
   1.1338276e+07   5.4321289e+01
   1.1338324e+07   4.6997070e+01
   1.1338355e+07   2.8930664e+01
   1.1338376e+07   3.3386230e+01
   1.1338406e+07   3.1066895e+01
   1.1338425e+07   2.9785156e+01
   1.1338469e+07   3.0151367e+01
   1.1338784e+07   2.9663086e+01
   1.1339544e+07   3.0273438e+01
   1.1339876e+07   3.0883789e+01
   1.1341632e+07   3.5705566e+01
   1.1504626e+07   3.0517578e+01
   1.1504706e+07   3.9855957e+01
   1.1504725e+07   5.7983398e+01
   1.1504736e+07   3.3630371e+01
   1.1504763e+07   3.2409668e+01
   1.1504787e+07   3.6315918e+01
   1.1504797e+07   3.6254883e+01
   1.1504828e+07   3.4790039e+01
   1.1504849e+07   3.4973145e+01
   1.1504965e+07   2.8869629e+01
   1.1505115e+07   3.1433105e+01
   1.1522167e+07   3.4912109e+01
   1.1522179e+07   3.1005859e+01
   1.1522212e+07   3.6437988e+01
   1.1522239e+07   4.7302246e+01
   1.1522270e+07   3.6010742e+01
   1.1522304e+07   3.5888672e+01
   1.1522320e+07   2.9663086e+01
   1.1522356e+07   3.5156250e+01
   1.1522366e+07   3.7048340e+01
   1.1522439e+07   3.0090332e+01
   1.1522467e+07   3.3081055e+01
   1.1522559e+07   3.3630371e+01
   1.1536294e+07   3.1250000e+01
   1.1536373e+07   3.2653809e+01
   1.1536407e+07   5.1086426e+01
   1.1536445e+07   3.5339355e+01
   1.1536474e+07   2.9541016e+01
   1.1536510e+07   5.2185059e+01
   1.1536565e+07   3.6132813e+01
   1.1536589e+07   3.7780762e+01
   1.1536630e+07   3.4484863e+01
   1.1536657e+07   2.9846191e+01
   1.1536766e+07   3.8940430e+01
   1.1536842e+07   2.9113770e+01
   1.1536868e+07   3.4606934e+01
   1.1765616e+07   3.1066895e+01
   1.1765685e+07   3.3935547e+01
   1.1765710e+07   4.4982910e+01
   1.1765721e+07   3.9306641e+01
   1.1765753e+07   3.7170410e+01
   1.1765785e+07   4.0954590e+01
   1.1765808e+07   2.9968262e+01
   1.1765829e+07   4.9072266e+01
   1.1765848e+07   2.9113770e+01
   1.1765872e+07   3.5400391e+01
   1.1765908e+07   3.1799316e+01
   1.1765921e+07   3.0761719e+01
   1.1765987e+07   3.0517578e+01
   1.1766057e+07   2.9907227e+01
   1.1766124e+07   3.0944824e+01
   1.1767110e+07   3.7597656e+01
   1.1767139e+07   3.2287598e+01
   1.1768665e+07   3.2287598e+01
   1.1816635e+07   3.0639648e+01
   1.1818537e+07   2.9418945e+01
   1.1831363e+07   3.4301758e+01
   1.1862490e+07   3.1616211e+01
   1.1882959e+07   3.7048340e+01
   1.1882991e+07   3.3691406e+01
   1.1883012e+07   4.3151855e+01
   1.1883041e+07   6.1462402e+01
   1.1883054e+07   3.7231445e+01
   1.1883079e+07   4.1320801e+01
   1.1883093e+07   3.3813477e+01
   1.1883120e+07   2.9541016e+01
   1.1883139e+07   4.5959473e+01
   1.1883172e+07   3.8024902e+01
   1.1883210e+07   2.9418945e+01
   1.1883244e+07   3.2897949e+01
   1.1883255e+07   3.0273438e+01
   1.1883526e+07   3.4790039e+01
   1.1884996e+07   2.9907227e+01
   1.1912061e+07   3.2348633e+01
   1.1928914e+07   2.9968262e+01
   1.1930696e+07   3.0212402e+01
   1.1970985e+07   3.2104492e+01
   1.1971044e+07   3.0578613e+01
   1.1971076e+07   4.1015625e+01
   1.1971103e+07   5.6396484e+01
   1.1971123e+07   3.5949707e+01
   1.1971165e+07   4.4555664e+01
   1.1971194e+07   3.7963867e+01
   1.1971206e+07   3.1433105e+01
   1.1971235e+07   3.6071777e+01
   1.1971262e+07   3.3630371e+01
   1.1971280e+07   3.6376953e+01
   1.1971332e+07   3.0212402e+01
   1.1971483e+07   3.3081055e+01
   1.1971914e+07   2.9113770e+01
   1.1973292e+07   3.1372070e+01
