   1.4997500e+07   0.0000000e+00
   1.8790000e+03   5.3833008e+01
   1.9190000e+03   4.1259766e+01
   1.9610000e+03   4.0466309e+01
   2.0170000e+03   3.9855957e+01
   2.0410000e+03   5.0659180e+01
   2.0630000e+03   4.7973633e+01
   2.1130000e+03   7.3608398e+01
   2.1250000e+03   4.6997070e+01
   2.1740000e+03   4.7424316e+01
   2.2340000e+03   5.0354004e+01
   1.4588000e+05   3.9794922e+01
   1.4592500e+05   4.2175293e+01
   1.4596100e+05   4.2541504e+01
   1.4598100e+05   4.0649414e+01
   1.4601400e+05   4.5288086e+01
   1.4606200e+05   4.5410156e+01
   1.4611600e+05   4.7058105e+01
   1.4648200e+05   4.2541504e+01
   2.1439000e+05   4.6203613e+01
   2.1445300e+05   5.7617188e+01
   2.1447700e+05   4.6264648e+01
   2.1456600e+05   4.9682617e+01
   2.1458500e+05   3.9794922e+01
   2.1460700e+05   4.4128418e+01
   2.1464300e+05   4.9804688e+01
   2.1467100e+05   4.8522949e+01
   2.1470000e+05   5.5175781e+01
   2.1475100e+05   4.7912598e+01
   2.1478000e+05   5.1269531e+01
   2.1482200e+05   5.4382324e+01
   2.1488100e+05   4.5532227e+01
   2.1503700e+05   4.9987793e+01
   2.7697900e+05   4.0161133e+01
   2.7717200e+05   5.3771973e+01
   2.7718400e+05   4.0527344e+01
   2.7722400e+05   4.6997070e+01
   2.7724300e+05   4.9621582e+01
   2.7728100e+05   4.1870117e+01
   2.7731300e+05   4.4677734e+01
   2.7736500e+05   6.0974121e+01
   2.7749100e+05   4.0344238e+01
   3.3784900e+05   4.2236328e+01
   3.3790600e+05   4.8889160e+01
   3.3793300e+05   4.4616699e+01
   3.3795800e+05   4.7058105e+01
   3.3800500e+05   4.5959473e+01
   3.3813100e+05   7.5927734e+01
   3.3825600e+05   4.3884277e+01
   3.3837000e+05   4.4799805e+01
   3.6772900e+05   3.9794922e+01
   3.6787100e+05   4.3579102e+01
   3.6792200e+05   4.3945312e+01
   3.9520700e+05   4.1076660e+01
   3.9525600e+05   4.1625977e+01
   3.9527200e+05   5.0537109e+01
   3.9533700e+05   4.1748047e+01
   3.9536600e+05   4.1137695e+01
   3.9546300e+05   5.0415039e+01
   3.9571100e+05   4.0832520e+01
   4.2260100e+05   4.0771484e+01
   4.2272000e+05   5.2001953e+01
   4.2286600e+05   4.0466309e+01
   4.2288300e+05   4.4494629e+01
   4.2300300e+05   4.0344238e+01
   4.2311500e+05   4.3945313e+01
   4.5563400e+05   4.4738770e+01
   4.5573000e+05   4.0100098e+01
   4.5582000e+05   4.7912598e+01
   4.5589300e+05   4.1625977e+01
   4.8077100e+05   4.1320801e+01
   4.8100000e+05   4.0832520e+01
   4.8107800e+05   4.3701172e+01
   4.8121400e+05   4.6691895e+01
   4.8125100e+05   4.8156738e+01
   4.8129000e+05   4.4555664e+01
   5.1034600e+05   4.0527344e+01
   5.1037200e+05   4.6386719e+01
   5.1049200e+05   5.1940918e+01
   5.1057500e+05   3.9978027e+01
   5.1125700e+05   4.1503906e+01
   5.3352500e+05   4.1076660e+01
   5.3356100e+05   4.3640137e+01
   5.3381800e+05   4.2602539e+01
   5.3387600e+05   4.3640137e+01
   5.3405400e+05   4.2358398e+01
   5.6119400e+05   4.6752930e+01
   5.6124500e+05   5.5908203e+01
   5.6126500e+05   4.7119141e+01
   5.6134100e+05   5.6640625e+01
   5.8574700e+05   4.7485352e+01
   5.8576600e+05   4.4311523e+01
   5.8615400e+05   4.6997070e+01
   6.1414900e+05   5.4077148e+01
   6.1431800e+05   4.2053223e+01
   6.1438100e+05   4.2785645e+01
   6.1443700e+05   4.4799805e+01
   6.1449500e+05   4.3579102e+01
   6.1467400e+05   4.6264648e+01
   6.1477800e+05   4.2236328e+01
   6.4014500e+05   5.7373047e+01
   6.4047300e+05   4.1442871e+01
   6.6720500e+05   4.0771484e+01
   6.6723500e+05   4.2480469e+01
   6.6751100e+05   4.5471191e+01
   6.9517500e+05   4.4006348e+01
   6.9545000e+05   4.7241211e+01
   6.9546400e+05   4.3640137e+01
   7.2359300e+05   4.1137695e+01
   7.5550800e+05   4.0283203e+01
   7.5556800e+05   4.2297363e+01
   7.5566900e+05   4.0527344e+01
   7.5571500e+05   4.1748047e+01
   7.5599000e+05   4.4616699e+01
   7.8900300e+05   4.5349121e+01
   7.8906800e+05   4.4860840e+01
   7.8908000e+05   4.5288086e+01
   7.8919300e+05   4.6386719e+01
   8.2662300e+05   4.2968750e+01
   8.6000300e+05   4.2846680e+01
   8.6006500e+05   4.1381836e+01
   8.8910000e+05   4.4555664e+01
   8.8928700e+05   4.0893555e+01
   8.8935200e+05   5.4809570e+01
   8.8940200e+05   4.0344238e+01
   8.8953800e+05   4.2663574e+01
   8.8957400e+05   4.6020508e+01
   9.2848300e+05   4.0039063e+01
   9.2853100e+05   4.1320801e+01
   9.2891600e+05   4.4982910e+01
   9.7224400e+05   4.8828125e+01
   9.7233200e+05   4.1442871e+01
   9.7236700e+05   6.4575195e+01
   9.7249800e+05   5.1147461e+01
   1.0159160e+06   4.8950195e+01
   1.0161580e+06   4.1687012e+01
   1.0162900e+06   4.2968750e+01
   1.0163070e+06   5.1513672e+01
   1.0673000e+06   4.6081543e+01
   1.0674720e+06   4.0832520e+01
   1.0675800e+06   4.0161133e+01
   1.0678710e+06   4.0710449e+01
   1.6975910e+06   4.0039063e+01
   1.6976240e+06   4.4738770e+01
   1.6977070e+06   4.6081543e+01
   1.6978100e+06   4.0954590e+01
   1.6978420e+06   4.5593262e+01
   1.6978790e+06   4.9926758e+01
   1.6979280e+06   4.7973633e+01
   1.8408260e+06   4.0771484e+01
   1.8409130e+06   5.2124023e+01
   1.8409320e+06   4.0527344e+01
   1.8409780e+06   4.8217773e+01
   1.8410140e+06   4.0222168e+01
   1.8410340e+06   4.4555664e+01
   1.8411070e+06   4.5715332e+01
   1.8411380e+06   5.2307129e+01
   2.0068270e+06   4.2541504e+01
   2.0069470e+06   4.3579102e+01
   2.0069810e+06   4.2846680e+01
   2.0070270e+06   4.0344238e+01
   2.0070680e+06   4.3518066e+01
   2.0071510e+06   6.5917969e+01
   2.0071680e+06   4.3640137e+01
   2.0073140e+06   4.4494629e+01
   2.0073810e+06   4.2480469e+01
   2.1137070e+06   4.2114258e+01
   2.1137650e+06   4.3029785e+01
   2.1138040e+06   4.0954590e+01
   2.1138400e+06   4.3395996e+01
   2.1138520e+06   4.6997070e+01
   2.1138870e+06   5.4260254e+01
   2.1139500e+06   5.3649902e+01
   2.1139690e+06   5.2307129e+01
   2.1140720e+06   5.6579590e+01
   2.1141910e+06   4.0832520e+01
   2.3087930e+06   4.0954590e+01
   2.3088450e+06   5.3894043e+01
   2.3088730e+06   4.1809082e+01
   2.3090010e+06   4.4982910e+01
   2.3090210e+06   4.9255371e+01
   2.4583370e+06   5.6152344e+01
   2.4583690e+06   4.1503906e+01
   2.4584210e+06   5.6762695e+01
   2.4584870e+06   4.5837402e+01
   2.4585140e+06   5.2673340e+01
   2.4585380e+06   4.3823242e+01
   2.4587390e+06   4.1259766e+01
   2.4587940e+06   4.0283203e+01
   2.5501770e+06   4.2419434e+01
   2.5502820e+06   4.8950195e+01
   2.5502950e+06   4.4982910e+01
   2.5503210e+06   5.0170898e+01
   2.5503560e+06   7.5439453e+01
   2.5503890e+06   4.0283203e+01
   2.5504920e+06   4.4372559e+01
   2.5505120e+06   5.6884766e+01
   2.5505570e+06   6.2683105e+01
   2.5506240e+06   4.2785645e+01
   2.6189740e+06   4.2175293e+01
   2.6191970e+06   4.0588379e+01
   2.6192760e+06   4.0954590e+01
   2.6741820e+06   4.3945313e+01
   2.6742980e+06   6.1340332e+01
   2.6743560e+06   5.0415039e+01
   2.6743780e+06   4.3762207e+01
   2.6743960e+06   6.3232422e+01
   2.6744610e+06   5.2062988e+01
   2.6746230e+06   4.1687012e+01
   2.6752990e+06   4.1931152e+01
   2.7172760e+06   5.1818848e+01
   2.7173860e+06   4.9194336e+01
   2.7174340e+06   4.4555664e+01
   2.7174860e+06   5.2612305e+01
   2.7177110e+06   4.0649414e+01
   2.7177610e+06   4.6752930e+01
   2.7178030e+06   4.6569824e+01
   2.7457130e+06   4.0588379e+01
   2.7457510e+06   4.1625977e+01
   2.7458200e+06   4.7180176e+01
   2.7458730e+06   4.0405273e+01
   2.7461310e+06   4.7363281e+01
   2.7461790e+06   4.2297363e+01
   2.7807440e+06   4.6325684e+01
   2.7807790e+06   3.9978027e+01
   2.7807930e+06   4.4006348e+01
   2.7809470e+06   3.9916992e+01
   2.7811510e+06   4.9987793e+01
   2.7819190e+06   3.9916992e+01
   2.8110910e+06   4.0710449e+01
   2.8112170e+06   5.4504395e+01
   2.8113140e+06   4.2907715e+01
   2.8113460e+06   4.4738770e+01
   2.8384400e+06   4.1503906e+01
   2.8385210e+06   4.3518066e+01
   2.8386150e+06   4.3395996e+01
   2.8665800e+06   4.3701172e+01
   2.8667300e+06   4.2175293e+01
   2.8667460e+06   4.1381836e+01
   2.8940380e+06   4.6630859e+01
   2.8941420e+06   4.0222168e+01
   2.8942490e+06   4.4799805e+01
   2.8942710e+06   5.3710938e+01
   2.8945110e+06   4.2236328e+01
   2.8947150e+06   4.9194336e+01
   2.9506630e+06   4.3640137e+01
   2.9507510e+06   4.0893555e+01
   2.9509170e+06   4.4738770e+01
   2.9509950e+06   4.3457031e+01
   2.9511150e+06   4.1076660e+01
   2.9770150e+06   5.4870605e+01
   2.9770970e+06   4.2724609e+01
   2.9772370e+06   4.2114258e+01
   2.9773050e+06   3.9978027e+01
   3.0052650e+06   4.6142578e+01
   3.0055070e+06   4.3090820e+01
   3.0391630e+06   4.1809082e+01
   3.0392720e+06   4.5288086e+01
   3.0682310e+06   4.1503906e+01
   3.0683650e+06   4.5898438e+01
   3.0683860e+06   4.9072266e+01
   3.0686840e+06   4.0832520e+01
   3.1143790e+06   4.1748047e+01
   3.1145680e+06   4.5043945e+01
   3.2179870e+06   4.0222168e+01
   3.2180010e+06   4.0344238e+01
   3.2180590e+06   4.3273926e+01
   3.2181950e+06   4.0954590e+01
   3.2183810e+06   4.5471191e+01
   3.2184360e+06   4.0405273e+01
   3.2767360e+06   4.0771484e+01
   3.2768010e+06   4.5227051e+01
   3.2768940e+06   4.9133301e+01
   3.6289060e+06   4.1992188e+01
   3.6289420e+06   4.0710449e+01
   3.6289770e+06   4.2419434e+01
   3.6290180e+06   5.6091309e+01
   3.6290690e+06   4.3945313e+01
   3.6290830e+06   4.1198730e+01
   3.6291370e+06   5.7189941e+01
   3.6291590e+06   4.9987793e+01
   3.6291750e+06   5.5847168e+01
   3.6292050e+06   4.5227051e+01
   3.6292390e+06   4.1748047e+01
   3.6293000e+06   4.8583984e+01
   3.6293940e+06   4.4921875e+01
   3.8259180e+06   4.5043945e+01
   3.8261190e+06   4.0466309e+01
   3.8261750e+06   4.2297363e+01
   3.8261940e+06   4.2297363e+01
   3.8262510e+06   5.3466797e+01
   3.8263120e+06   4.0100098e+01
   3.8263500e+06   4.0954590e+01
   3.8759130e+06   4.0161133e+01
   3.8759560e+06   4.3945313e+01
   3.8760240e+06   4.7180176e+01
   3.8760840e+06   5.7678223e+01
   3.8761530e+06   5.4077148e+01
   3.8761850e+06   4.6508789e+01
   3.8762390e+06   4.6386719e+01
   3.8762510e+06   4.0344238e+01
   3.8767090e+06   4.0039063e+01
   3.8768850e+06   4.0222168e+01
   3.9298190e+06   4.9560547e+01
   3.9301330e+06   4.3884277e+01
   3.9302290e+06   4.4555664e+01
   3.9302770e+06   5.8410645e+01
   3.9303480e+06   4.0893555e+01
   3.9306390e+06   4.0954590e+01
   3.9717120e+06   5.0720215e+01
   3.9719040e+06   4.2907715e+01
   3.9719400e+06   4.9438477e+01
   3.9722400e+06   4.0893555e+01
   3.9722820e+06   4.1503906e+01
   4.0189510e+06   4.1076660e+01
   4.0190260e+06   5.4809570e+01
   4.0191250e+06   4.2785645e+01
   4.0192040e+06   4.7973633e+01
   4.0192500e+06   4.1076660e+01
   4.0515460e+06   4.7668457e+01
   4.0517640e+06   3.9916992e+01
   4.0518820e+06   4.6325684e+01
   4.0519020e+06   5.0231934e+01
   4.0522940e+06   4.2907715e+01
   4.0791790e+06   4.4799805e+01
   4.0792540e+06   4.2053223e+01
   4.0795020e+06   4.0649414e+01
   4.1103730e+06   5.5236816e+01
   4.1105330e+06   4.8400879e+01
   4.1106280e+06   4.8034668e+01
   4.1107680e+06   4.0527344e+01
   4.1430700e+06   4.0771484e+01
   4.1431420e+06   6.3415527e+01
   4.1431610e+06   4.0466309e+01
   4.1432470e+06   5.4992676e+01
   4.1433270e+06   6.4758301e+01
   4.1434230e+06   4.2663574e+01
   4.1681290e+06   4.6142578e+01
   4.1682180e+06   4.2358398e+01
   4.1682800e+06   4.3579102e+01
   4.1683400e+06   4.0344238e+01
   4.2008680e+06   4.1076660e+01
   4.2011410e+06   4.6264648e+01
   4.2307510e+06   4.0527344e+01
   4.2309660e+06   4.6997070e+01
   4.2311600e+06   4.4433594e+01
   4.2617360e+06   4.0527344e+01
   4.2619210e+06   4.8400879e+01
   4.2620520e+06   4.7119141e+01
   4.2621580e+06   4.2602539e+01
   4.2947270e+06   4.0893555e+01
   4.3409620e+06   4.0771484e+01
   4.3828990e+06   4.1320801e+01
   4.3829150e+06   5.2124023e+01
   4.3830240e+06   4.5471191e+01
   4.3832100e+06   4.4738770e+01
   4.3833570e+06   4.4799805e+01
   4.4305580e+06   5.1818848e+01
   4.4307370e+06   4.9987793e+01
   4.4309170e+06   4.8767090e+01
   4.4747740e+06   4.8156738e+01
   4.4749150e+06   4.0771484e+01
   4.5280650e+06   4.4677734e+01
   5.1022790e+06   4.1992188e+01
   5.1023870e+06   4.0222168e+01
   5.1024280e+06   4.2114258e+01
   5.1025160e+06   5.6945801e+01
   5.1025500e+06   5.9265137e+01
   5.1026020e+06   4.2358398e+01
   5.1027050e+06   4.7363281e+01
   5.1027810e+06   4.1381836e+01
   5.1029200e+06   4.2053223e+01
   5.2284100e+06   4.2480469e+01
   5.2284900e+06   4.3823242e+01
   5.2285650e+06   3.9978027e+01
   5.2286120e+06   6.0241699e+01
   5.2286550e+06   4.1870117e+01
   5.2287150e+06   4.3884277e+01
   5.2287410e+06   5.8471680e+01
   5.2288690e+06   4.8828125e+01
   5.2288920e+06   5.2001953e+01
   5.3720090e+06   4.3273926e+01
   5.3720400e+06   4.1687012e+01
   5.3721090e+06   4.6203613e+01
   5.3721360e+06   4.4799805e+01
   5.3721660e+06   4.1809082e+01
   5.3722220e+06   6.1645508e+01
   5.3726780e+06   4.0710449e+01
   5.4201170e+06   4.5593262e+01
   5.4201480e+06   4.0588379e+01
   5.4203090e+06   4.6386719e+01
   5.4204040e+06   4.2907715e+01
   5.4204650e+06   4.0954590e+01
   5.4205770e+06   4.3823242e+01
   5.5003130e+06   4.2602539e+01
   5.5003270e+06   4.4189453e+01
   5.5003590e+06   4.3701172e+01
   5.5004150e+06   6.5246582e+01
   5.5004360e+06   4.0161133e+01
   5.5005130e+06   4.1809082e+01
   5.5005490e+06   5.6823730e+01
   5.5377700e+06   4.1076660e+01
   5.5379180e+06   4.1687012e+01
   5.5379360e+06   4.2602539e+01
   5.5379770e+06   4.1076660e+01
   5.5383300e+06   5.5480957e+01
   5.5771430e+06   4.4860840e+01
   5.5773700e+06   4.1137695e+01
   5.5774250e+06   4.7973633e+01
   5.5774710e+06   4.2724609e+01
   5.6057870e+06   4.1198730e+01
   5.6059170e+06   5.5480957e+01
   5.6059400e+06   4.1931152e+01
   5.6060510e+06   4.2968750e+01
   5.6060720e+06   4.0893555e+01
   5.6062670e+06   4.1992188e+01
   5.6062930e+06   4.7302246e+01
   5.6300640e+06   4.5043945e+01
   5.6301040e+06   4.6875000e+01
   5.6302320e+06   4.4921875e+01
   5.6303700e+06   4.4982910e+01
   5.6306790e+06   4.7241211e+01
   5.6564240e+06   4.0527344e+01
   5.6821730e+06   4.1992188e+01
   5.6823130e+06   4.1809082e+01
   5.6823690e+06   4.1625977e+01
   5.6828330e+06   3.9855957e+01
   5.7067310e+06   3.9916992e+01
   5.7333090e+06   4.0405273e+01
   5.7335080e+06   4.3457031e+01
   5.7335580e+06   4.9621582e+01
   5.7335770e+06   4.1748047e+01
   5.7576510e+06   4.3457031e+01
   5.7579160e+06   4.6203613e+01
   5.7916250e+06   4.0954590e+01
   5.7918890e+06   4.7180176e+01
   5.7923400e+06   4.1076660e+01
   5.8214210e+06   4.4738770e+01
   5.8214840e+06   4.1381836e+01
   5.8216120e+06   4.1442871e+01
   5.8216650e+06   4.3273926e+01
   5.8217300e+06   4.2663574e+01
   5.8218540e+06   5.6030273e+01
   5.8511120e+06   4.1015625e+01
   5.8513490e+06   4.5532227e+01
   5.8965420e+06   4.6936035e+01
   5.8966350e+06   4.0710449e+01
   5.8968100e+06   4.1259766e+01
   5.8974530e+06   3.9855957e+01
   5.9394780e+06   3.9855957e+01
   5.9398160e+06   4.3762207e+01
   5.9842390e+06   4.1320801e+01
   5.9845100e+06   4.8645020e+01
   6.0330550e+06   5.7678223e+01
   6.0330970e+06   4.1870117e+01
   6.0332970e+06   4.1198730e+01
   6.0840810e+06   4.3762207e+01
   6.0841990e+06   4.3090820e+01
   6.0842440e+06   4.3579102e+01
   6.0845480e+06   4.4921875e+01
   6.5407820e+06   6.1584473e+01
   6.5408630e+06   4.0283203e+01
   6.5409360e+06   4.2358398e+01
   6.5409750e+06   4.9926758e+01
   6.5410850e+06   4.1015625e+01
   6.5411030e+06   4.2968750e+01
   6.5411730e+06   4.1748047e+01
   6.7730750e+06   5.1818848e+01
   6.7731530e+06   4.1198730e+01
   6.7731950e+06   6.3781738e+01
   6.7733730e+06   8.7768555e+01
   6.7734910e+06   4.0039063e+01
   6.7736460e+06   4.0527344e+01
   6.8735990e+06   4.4616699e+01
   6.8737270e+06   4.2968750e+01
   6.8737480e+06   5.4748535e+01
   6.8738220e+06   4.3273926e+01
   6.8738570e+06   4.6752930e+01
   6.8739430e+06   4.1625977e+01
   6.9326020e+06   4.1687012e+01
   6.9328930e+06   4.0283203e+01
   6.9329710e+06   4.8095703e+01
   6.9330210e+06   5.0109863e+01
   6.9330570e+06   5.8288574e+01
   6.9331000e+06   4.1931152e+01
   6.9331930e+06   4.5104980e+01
   6.9332580e+06   3.9855957e+01
   6.9333670e+06   4.0832520e+01
   6.9927240e+06   4.3029785e+01
   6.9929230e+06   4.1137695e+01
   6.9930350e+06   4.2602539e+01
   6.9930560e+06   4.7241211e+01
   6.9931140e+06   5.1940918e+01
   6.9931340e+06   4.2419434e+01
   6.9932610e+06   4.5776367e+01
   6.9932950e+06   4.2602539e+01
   6.9933520e+06   4.4433594e+01
   6.9933860e+06   3.9794922e+01
   7.0364700e+06   4.1687012e+01
   7.0364980e+06   4.5532227e+01
   7.0366080e+06   4.7424316e+01
   7.0367690e+06   4.9194336e+01
   7.0368160e+06   4.2602539e+01
   7.0369010e+06   4.1259766e+01
   7.0771300e+06   3.9794922e+01
   7.0772500e+06   4.2053223e+01
   7.0773080e+06   5.7861328e+01
   7.0773620e+06   4.3945313e+01
   7.0778230e+06   4.4189453e+01
   7.1068780e+06   4.8950195e+01
   7.1069650e+06   3.9978027e+01
   7.1070070e+06   4.0344238e+01
   7.1072230e+06   4.1809082e+01
   7.1077260e+06   4.1564941e+01
   7.1352100e+06   4.7302246e+01
   7.1352890e+06   4.2663574e+01
   7.1353930e+06   4.2785645e+01
   7.1360720e+06   3.9978027e+01
   7.1601720e+06   4.1931152e+01
   7.1602970e+06   5.0964355e+01
   7.1895330e+06   4.9255371e+01
   7.1900120e+06   4.7973633e+01
   7.2224320e+06   4.2846680e+01
   7.2227170e+06   4.9926758e+01
   7.2630970e+06   4.1564941e+01
   7.2631650e+06   4.8095703e+01
   7.2632250e+06   4.4189453e+01
   7.3028590e+06   4.0649414e+01
   7.3028950e+06   4.6752930e+01
   7.3030320e+06   5.1940918e+01
   7.3522340e+06   4.2785645e+01
   7.3523300e+06   4.2114258e+01
   7.3524150e+06   4.4677734e+01
   7.3525420e+06   4.0954590e+01
   7.3527390e+06   4.1809082e+01
   7.3528660e+06   4.7973633e+01
   7.3839680e+06   4.5349121e+01
   7.3840370e+06   4.1748047e+01
   7.3841040e+06   5.3161621e+01
   7.3841850e+06   4.0039063e+01
   7.4287900e+06   4.1687012e+01
   7.4289760e+06   4.5043945e+01
   7.4290310e+06   5.5053711e+01
   7.4293200e+06   4.0344238e+01
   7.4707270e+06   4.1076660e+01
   7.4709160e+06   4.7119141e+01
   7.4710810e+06   4.4555664e+01
   7.5397900e+06   4.0771484e+01
   7.5399200e+06   4.1015625e+01
   7.5401370e+06   4.6508789e+01
   8.1029320e+06   4.4860840e+01
   8.1030000e+06   4.8645020e+01
   8.1031290e+06   4.5776367e+01
   8.1032100e+06   4.3457031e+01
   8.1032250e+06   4.0222168e+01
   8.1032860e+06   4.7180176e+01
   8.1033230e+06   4.0283203e+01
   8.1033940e+06   5.6640625e+01
   8.2630870e+06   4.8889160e+01
   8.2631680e+06   4.0466309e+01
   8.2633210e+06   5.0903320e+01
   8.2634210e+06   4.2541504e+01
   8.2634620e+06   6.1584473e+01
   8.2635010e+06   4.2846680e+01
   8.3143590e+06   4.0039063e+01
   8.3144830e+06   5.9265137e+01
   8.3145030e+06   5.0476074e+01
   8.3146010e+06   4.0588379e+01
   8.3147010e+06   4.6508789e+01
   8.3148000e+06   4.9316406e+01
   8.3642540e+06   4.4189453e+01
   8.3643520e+06   4.2846680e+01
   8.3643810e+06   6.7932129e+01
   8.3644450e+06   5.0109863e+01
   8.3645090e+06   4.3579102e+01
   8.3645640e+06   5.1269531e+01
   8.3646600e+06   4.3273926e+01
   8.3647580e+06   4.2297363e+01
   8.3654590e+06   4.4006348e+01
   8.4141310e+06   3.9855957e+01
   8.4141580e+06   4.3151855e+01
   8.4142210e+06   5.4870605e+01
   8.4144480e+06   4.2602539e+01
   8.4146270e+06   4.8950195e+01
   8.4891340e+06   4.1442871e+01
   8.4891750e+06   4.9011230e+01
   8.4893840e+06   4.2907715e+01
   8.4893940e+06   4.7241211e+01
   8.4894390e+06   4.2175293e+01
   8.4898120e+06   4.4433594e+01
   8.5285350e+06   4.2968750e+01
   8.5286040e+06   5.5297852e+01
   8.5286280e+06   4.8706055e+01
   8.5662980e+06   4.1503906e+01
   8.5665410e+06   5.1330566e+01
   8.5666010e+06   5.1025391e+01
   8.5940590e+06   5.4321289e+01
   8.5941160e+06   4.1015625e+01
   8.5945410e+06   4.1015625e+01
   8.6205940e+06   4.1687012e+01
   8.6491900e+06   3.9978027e+01
   8.6772280e+06   4.0527344e+01
   8.6775200e+06   4.0527344e+01
   8.6775980e+06   4.2785645e+01
   8.6777530e+06   4.0710449e+01
   8.6778640e+06   3.9855957e+01
   8.7032860e+06   4.2236328e+01
   8.7314440e+06   4.0466309e+01
   8.7318570e+06   4.3029785e+01
   8.7645320e+06   3.9794922e+01
   8.7646020e+06   4.1870117e+01
   8.7651790e+06   4.2053223e+01
   8.8037460e+06   3.9794922e+01
   8.8040660e+06   4.0649414e+01
   8.8410080e+06   4.1259766e+01
   8.8415720e+06   4.1687012e+01
   8.8764510e+06   4.5776367e+01
   8.8764670e+06   3.9794922e+01
   8.8767610e+06   4.2358398e+01
   8.8770420e+06   4.0039063e+01
   8.9133770e+06   4.1870117e+01
   8.9134680e+06   4.4799805e+01
   8.9136520e+06   4.4006348e+01
   8.9560740e+06   4.0344238e+01
   8.9561070e+06   4.0710449e+01
   8.9562240e+06   4.4128418e+01
   8.9562690e+06   5.2246094e+01
   8.9562890e+06   3.9855957e+01
   8.9563130e+06   4.7668457e+01
   8.9565010e+06   4.6752930e+01
   9.0278120e+06   4.4311523e+01
   9.0279060e+06   4.9560547e+01
   9.0279270e+06   4.3701172e+01
   9.0282460e+06   4.0832520e+01
   9.0897470e+06   4.0527344e+01
   9.0897710e+06   4.4860840e+01
   9.0898480e+06   4.3823242e+01
   9.1342860e+06   4.1687012e+01
   9.1344880e+06   4.9255371e+01
   9.1348640e+06   4.3945313e+01
   9.1351710e+06   4.0588379e+01
   9.1719560e+06   4.1870117e+01
   9.2221020e+06   3.9916992e+01
   9.2221340e+06   4.4372559e+01
   9.2223320e+06   3.9794922e+01
   9.5647010e+06   4.1015625e+01
   9.5647470e+06   3.9855957e+01
   9.5647740e+06   5.3649902e+01
   9.5648080e+06   5.2368164e+01
   9.5651130e+06   5.2673340e+01
   9.9155540e+06   4.4006348e+01
   9.9156970e+06   4.0527344e+01
   9.9157430e+06   4.0771484e+01
   9.9157950e+06   4.3090820e+01
   9.9158410e+06   5.3894043e+01
   9.9159540e+06   5.3039551e+01
   9.9159790e+06   4.0161133e+01
   9.9160780e+06   4.2297363e+01
   9.9162080e+06   4.0649414e+01
   9.9163940e+06   4.1687012e+01
   1.0044391e+07   4.2968750e+01
   1.0044549e+07   4.2236328e+01
   1.0044653e+07   4.0832520e+01
   1.0044745e+07   4.1137695e+01
   1.0044889e+07   4.3334961e+01
   1.0044955e+07   4.5349121e+01
   1.0201023e+07   4.0344238e+01
   1.0201109e+07   5.2856445e+01
   1.0201147e+07   4.1809082e+01
   1.0201295e+07   4.0527344e+01
   1.0201358e+07   4.6936035e+01
   1.0201428e+07   4.5166016e+01
   1.0201620e+07   4.3029785e+01
   1.0498015e+07   4.3579102e+01
   1.0498037e+07   5.9692383e+01
   1.0498081e+07   4.2602539e+01
   1.0498144e+07   3.9916992e+01
   1.0498182e+07   7.9528809e+01
   1.0498236e+07   4.7363281e+01
   1.0498292e+07   4.9011230e+01
   1.0498324e+07   4.4616699e+01
   1.0682684e+07   4.7912598e+01
   1.0682803e+07   4.0161133e+01
   1.0682913e+07   4.1320801e+01
   1.0682924e+07   5.2307129e+01
   1.0683020e+07   4.4067383e+01
   1.0683142e+07   4.6997070e+01
   1.0808843e+07   4.1625977e+01
   1.0808905e+07   4.3273926e+01
   1.0808965e+07   5.4199219e+01
   1.0809017e+07   4.0039063e+01
   1.0809094e+07   4.9987793e+01
   1.0809409e+07   4.3579102e+01
   1.0863309e+07   5.1391602e+01
   1.0863395e+07   4.5715332e+01
   1.0863410e+07   4.1625977e+01
   1.0863478e+07   4.5166016e+01
   1.0863527e+07   4.0588379e+01
   1.0863818e+07   4.1809082e+01
   1.0863979e+07   4.7973633e+01
   1.0927058e+07   4.3701172e+01
   1.0927103e+07   4.0893555e+01
   1.0927212e+07   4.1259766e+01
   1.0927270e+07   4.1503906e+01
   1.0927315e+07   4.3884277e+01
   1.0927564e+07   4.1320801e+01
   1.0965030e+07   4.4250488e+01
   1.0965125e+07   4.0771484e+01
   1.0965232e+07   4.2175293e+01
   1.0965309e+07   5.6457520e+01
   1.0965347e+07   4.4433594e+01
   1.0965403e+07   5.2001953e+01
   1.0965423e+07   4.0039063e+01
   1.0965544e+07   3.9978027e+01
   1.0995512e+07   4.0893555e+01
   1.0995673e+07   4.0466309e+01
   1.0995759e+07   4.0344238e+01
   1.0995832e+07   4.4433594e+01
   1.0995919e+07   4.7485352e+01
   1.0995987e+07   4.3518066e+01
   1.1028472e+07   4.1442871e+01
   1.1028609e+07   3.9916992e+01
   1.1028674e+07   4.5410156e+01
   1.1028823e+07   4.4799805e+01
   1.1028917e+07   5.3588867e+01
   1.1029001e+07   4.5471191e+01
   1.1055382e+07   4.1503906e+01
   1.1055461e+07   4.0405273e+01
   1.1055853e+07   4.2419434e+01
   1.1080353e+07   4.1015625e+01
   1.1080542e+07   4.4128418e+01
   1.1106836e+07   4.4067383e+01
   1.1132382e+07   4.4738770e+01
   1.1132729e+07   4.5532227e+01
   1.1158939e+07   4.0405273e+01
   1.1159388e+07   4.2419434e+01
   1.1184140e+07   5.0048828e+01
   1.1184753e+07   4.3457031e+01
   1.1211098e+07   4.3029785e+01
   1.1211457e+07   4.0954590e+01
   1.1270271e+07   4.1198730e+01
   1.1270479e+07   4.2236328e+01
   1.1270884e+07   4.1992187e+01
   1.1306724e+07   4.0466309e+01
   1.1307227e+07   4.3945313e+01
   1.1307348e+07   4.3701172e+01
   1.1363801e+07   4.0832520e+01
   1.1363889e+07   4.9377441e+01
   1.1434456e+07   4.2114258e+01
   1.1434505e+07   4.1320801e+01
   1.1434903e+07   4.0649414e+01
   1.1468624e+07   4.4128418e+01
   1.1502735e+07   4.0710449e+01
   1.1543021e+07   4.2602539e+01
   1.1543174e+07   4.1809082e+01
   1.1543250e+07   3.9978027e+01
   1.1543488e+07   4.0771484e+01
   1.1589869e+07   4.0466309e+01
   1.1589902e+07   4.4067383e+01
   1.1590153e+07   4.1015625e+01
   1.1640000e+07   4.1564941e+01
   1.1640662e+07   4.2053223e+01
   1.1684250e+07   4.5593262e+01
   1.1685068e+07   4.0832520e+01
   1.2311882e+07   4.1320801e+01
   1.2311899e+07   5.1330566e+01
   1.2311956e+07   4.0527344e+01
   1.2312052e+07   4.5532227e+01
   1.2312075e+07   4.0222168e+01
   1.2312117e+07   6.2622070e+01
   1.2518955e+07   4.4433594e+01
   1.2518994e+07   4.0222168e+01
   1.2519052e+07   4.0039063e+01
   1.2519079e+07   4.1687012e+01
   1.2519111e+07   4.8828125e+01
   1.2519161e+07   5.3527832e+01
   1.2519189e+07   4.1259766e+01
   1.2519282e+07   4.1137695e+01
   1.2519313e+07   4.9316406e+01
   1.2519392e+07   4.3395996e+01
   1.2519556e+07   4.1198730e+01
   1.2622838e+07   4.4555664e+01
   1.2622898e+07   4.3701172e+01
   1.2622918e+07   5.5297852e+01
   1.2622963e+07   4.4677734e+01
   1.2623029e+07   4.0710449e+01
   1.2623044e+07   7.3791504e+01
   1.2623228e+07   4.2968750e+01
   1.2623273e+07   5.0659180e+01
   1.2672779e+07   4.5959473e+01
   1.2672828e+07   4.3395996e+01
   1.2672955e+07   4.7241211e+01
   1.2673001e+07   4.7790527e+01
   1.2673183e+07   4.2968750e+01
   1.2673435e+07   4.0161133e+01
   1.2736493e+07   4.1687012e+01
   1.2736546e+07   4.3090820e+01
   1.2736590e+07   4.1625977e+01
   1.2736716e+07   4.3151855e+01
   1.2736751e+07   4.2053223e+01
   1.2736901e+07   4.8278809e+01
   1.2736936e+07   4.4128418e+01
   1.2737036e+07   4.1137695e+01
   1.2773151e+07   4.4738770e+01
   1.2773268e+07   4.0161133e+01
   1.2773298e+07   4.9804688e+01
   1.2773333e+07   4.6081543e+01
   1.2773392e+07   4.0344238e+01
   1.2773562e+07   4.8767090e+01
   1.2773573e+07   4.3701172e+01
   1.2773692e+07   4.6447754e+01
   1.2773791e+07   4.4494629e+01
   1.2807975e+07   4.2663574e+01
   1.2808068e+07   4.8339844e+01
   1.2808093e+07   4.5166016e+01
   1.2808178e+07   4.0588379e+01
   1.2808207e+07   4.5959473e+01
   1.2808224e+07   4.0954590e+01
   1.2808278e+07   4.5104980e+01
   1.2832550e+07   4.1687012e+01
   1.2832810e+07   4.1137695e+01
   1.2833453e+07   4.0527344e+01
   1.2856697e+07   3.9916992e+01
   1.2955006e+07   4.1564941e+01
   1.2955107e+07   4.4372559e+01
   1.2955345e+07   4.7119141e+01
   1.2955760e+07   4.0710449e+01
   1.2955942e+07   4.1931152e+01
   1.3018238e+07   4.5410156e+01
   1.3018326e+07   4.0405273e+01
   1.3018452e+07   4.0222168e+01
   1.3018551e+07   4.6142578e+01
   1.3052045e+07   4.4128418e+01
   1.3052123e+07   4.1870117e+01
   1.3052183e+07   4.0832520e+01
   1.3052263e+07   4.7607422e+01
   1.3052335e+07   4.4372559e+01
   1.3114162e+07   4.5166016e+01
   1.3114327e+07   4.1198730e+01
   1.3145916e+07   4.2297363e+01
   1.3186260e+07   4.9560547e+01
   1.3186629e+07   4.1137695e+01
   1.3186776e+07   4.5959473e+01
   1.3305778e+07   4.8278809e+01
   1.3306210e+07   4.1625977e+01
   1.4067852e+07   4.3823242e+01
   1.4067877e+07   4.6020508e+01
   1.4067974e+07   4.6691895e+01
   1.4067992e+07   4.6875000e+01
   1.4068006e+07   5.0964355e+01
   1.4068038e+07   4.8339844e+01
   1.4068089e+07   4.7058105e+01
   1.4068131e+07   4.4433594e+01
   1.4068149e+07   5.8593750e+01
   1.4068219e+07   6.1157227e+01
   1.4068360e+07   4.0588379e+01
   1.4218335e+07   4.0283203e+01
   1.4218354e+07   4.8278809e+01
   1.4218432e+07   4.2541504e+01
   1.4218444e+07   4.8461914e+01
   1.4218565e+07   4.1748047e+01
   1.4218595e+07   4.9316406e+01
   1.4218686e+07   4.4128418e+01
   1.4334214e+07   4.3945313e+01
   1.4334235e+07   4.0710449e+01
   1.4334336e+07   4.4738770e+01
   1.4334514e+07   4.4555664e+01
   1.4334536e+07   4.1015625e+01
   1.4334683e+07   4.0100098e+01
   1.4388345e+07   4.0710449e+01
   1.4388393e+07   4.1320801e+01
   1.4388479e+07   4.3395996e+01
   1.4388531e+07   4.2053223e+01
   1.4388560e+07   4.0710449e+01
   1.4388628e+07   4.1320801e+01
   1.4388775e+07   7.8430176e+01
   1.4388833e+07   4.3701172e+01
   1.4465665e+07   5.4504395e+01
   1.4465681e+07   4.1564941e+01
   1.4465742e+07   4.0466309e+01
   1.4465828e+07   5.0109863e+01
   1.4465947e+07   4.2968750e+01
   1.4465976e+07   4.3395996e+01
   1.4466099e+07   4.4921875e+01
   1.4466191e+07   3.9916992e+01
   1.4511312e+07   4.2785645e+01
   1.4511370e+07   3.9794922e+01
   1.4511381e+07   4.2297363e+01
   1.4511411e+07   5.0354004e+01
   1.4555253e+07   4.8645020e+01
   1.4555502e+07   4.3945313e+01
   1.4555630e+07   4.1564941e+01
   1.4555714e+07   4.1809082e+01
   1.4581075e+07   4.2114258e+01
   1.4581329e+07   4.1687012e+01
   1.4581436e+07   5.5236816e+01
   1.4607951e+07   4.3029785e+01
   1.4608027e+07   4.0222168e+01
   1.4634540e+07   4.4128418e+01
   1.4634664e+07   4.2602539e+01
   1.4634703e+07   4.0954590e+01
   1.4659867e+07   4.9255371e+01
   1.4659910e+07   4.6875000e+01
   1.4685464e+07   3.9855957e+01
   1.4711294e+07   4.8950195e+01
   1.4711583e+07   4.4311523e+01
   1.4739212e+07   4.6936035e+01
   1.4739490e+07   4.4006348e+01
   1.4739558e+07   3.9794922e+01
   1.4769239e+07   4.2846680e+01
   1.4769307e+07   4.6447754e+01
   1.4769580e+07   4.4921875e+01
   1.4801906e+07   4.6997070e+01
   1.4855337e+07   4.0100098e+01
   1.4855375e+07   4.3945313e+01
   1.4855668e+07   4.5410156e+01
   1.4922169e+07   4.1687012e+01
   1.4969190e+07   4.4738770e+01
   1.4969356e+07   4.1259766e+01
