   1.4997500e+07   0.0000000e+00
   1.7090000e+03   4.1992188e+01
   1.7690000e+03   6.9885254e+01
   1.9940000e+03   3.9062500e+01
   2.0090000e+03   4.1259766e+01
   2.0970000e+03   4.9133301e+01
   1.4570800e+05   4.4189453e+01
   1.4577600e+05   5.3771973e+01
   1.4581400e+05   3.7719727e+01
   1.4592600e+05   4.1992187e+01
   1.4594400e+05   5.2062988e+01
   1.4596900e+05   4.8156738e+01
   1.4609500e+05   3.7658691e+01
   1.4634700e+05   4.7851562e+01
   2.1429300e+05   4.5349121e+01
   2.1436200e+05   5.2612305e+01
   2.1439600e+05   6.0546875e+01
   2.1450200e+05   4.2785645e+01
   2.1491100e+05   4.0527344e+01
   2.7690200e+05   3.8757324e+01
   2.7693700e+05   3.9794922e+01
   2.7696400e+05   3.9123535e+01
   2.7712100e+05   4.8889160e+01
   2.7720600e+05   4.2907715e+01
   2.7741800e+05   4.1931152e+01
   3.3765300e+05   4.9499512e+01
   3.3783700e+05   3.9916992e+01
   3.3792300e+05   4.0954590e+01
   3.3812700e+05   4.5288086e+01
   3.6772400e+05   3.8391113e+01
   3.6779400e+05   4.1625977e+01
   3.6792000e+05   4.0527344e+01
   3.6797500e+05   4.1320801e+01
   3.9508600e+05   3.8330078e+01
   3.9523600e+05   5.1269531e+01
   3.9529500e+05   3.9306641e+01
   3.9535300e+05   4.4067383e+01
   4.2280900e+05   4.6569824e+01
   4.5565000e+05   4.6325684e+01
   4.5577500e+05   3.9978027e+01
   4.8075900e+05   3.8452148e+01
   4.8082900e+05   4.4555664e+01
   4.8088900e+05   4.7851563e+01
   4.8113000e+05   4.2663574e+01
   5.1036900e+05   3.9672852e+01
   5.1050600e+05   4.6386719e+01
   5.1061000e+05   3.8391113e+01
   5.1065300e+05   4.1320801e+01
   5.1092300e+05   3.8879395e+01
   5.3354900e+05   3.8330078e+01
   5.3357800e+05   4.8950195e+01
   5.3408300e+05   4.1870117e+01
   5.6106200e+05   4.0222168e+01
   5.6126000e+05   3.8330078e+01
   5.8554300e+05   4.6508789e+01
   5.8556500e+05   4.0710449e+01
   5.8586300e+05   3.8024902e+01
   5.8589800e+05   3.7841797e+01
   6.1418900e+05   4.3579102e+01
   6.1420900e+05   4.3884277e+01
   6.1422800e+05   4.3212891e+01
   6.1432800e+05   3.9733887e+01
   6.3999100e+05   3.7719727e+01
   6.6726600e+05   4.2297363e+01
   6.6737600e+05   3.8940430e+01
   6.9514700e+05   3.7902832e+01
   6.9545600e+05   3.7841797e+01
   6.9546700e+05   4.2053223e+01
   6.9558600e+05   4.2541504e+01
   6.9560200e+05   3.7780762e+01
   7.2408500e+05   4.2480469e+01
   7.5564900e+05   3.8879395e+01
   7.8886900e+05   4.0161133e+01
   8.2616700e+05   4.4555664e+01
   8.2649200e+05   3.9184570e+01
   8.5960300e+05   4.6875000e+01
   8.5990200e+05   3.8330078e+01
   9.2802600e+05   4.1198730e+01
   9.2848500e+05   3.8146973e+01
   9.7191200e+05   4.0161133e+01
   9.7235300e+05   4.5776367e+01
   9.7241500e+05   4.0832520e+01
   9.7244300e+05   4.5166016e+01
   9.7250200e+05   4.3273926e+01
   1.0154820e+06   3.8574219e+01
   1.0161170e+06   3.7963867e+01
   1.0673250e+06   3.9489746e+01
   1.0674440e+06   3.8024902e+01
   1.6974480e+06   3.8391113e+01
   1.6974600e+06   4.0588379e+01
   1.6975490e+06   3.9611816e+01
   1.6976310e+06   3.8635254e+01
   1.6977370e+06   4.4799805e+01
   1.6977530e+06   4.2480469e+01
   1.6979480e+06   4.3273926e+01
   1.8407290e+06   3.8757324e+01
   1.8408130e+06   5.4077148e+01
   1.8408370e+06   5.1147461e+01
   1.8408670e+06   3.8818359e+01
   1.8409910e+06   3.9367676e+01
   1.8410740e+06   3.8146973e+01
   1.8411120e+06   4.9133301e+01
   1.8412680e+06   4.1320801e+01
   1.8414560e+06   3.8085938e+01
   2.0068590e+06   3.7963867e+01
   2.0069900e+06   5.3527832e+01
   2.0072190e+06   3.8208008e+01
   2.0074330e+06   3.9001465e+01
   2.1135500e+06   3.8208008e+01
   2.3088120e+06   3.7780762e+01
   2.3088290e+06   4.1687012e+01
   2.3088660e+06   4.5715332e+01
   2.3089140e+06   4.2419434e+01
   2.3089410e+06   3.8146973e+01
   2.3089900e+06   3.7780762e+01
   2.3090370e+06   5.7739258e+01
   2.4582340e+06   3.9489746e+01
   2.4582940e+06   4.9865723e+01
   2.4583210e+06   4.4433594e+01
   2.4585500e+06   4.2175293e+01
   2.5503340e+06   5.5480957e+01
   2.5504190e+06   4.0832520e+01
   2.5505950e+06   4.0405273e+01
   2.5530100e+06   3.9062500e+01
   2.6191030e+06   3.8391113e+01
   2.6191510e+06   5.1513672e+01
   2.6740530e+06   4.5349121e+01
   2.6741720e+06   3.8635254e+01
   2.6742690e+06   4.1564941e+01
   2.6742980e+06   4.3457031e+01
   2.6743410e+06   5.3527832e+01
   2.6743640e+06   4.3945313e+01
   2.7173230e+06   3.8085938e+01
   2.7174090e+06   4.1870117e+01
   2.7174320e+06   4.5043945e+01
   2.7174740e+06   3.9367676e+01
   2.7175070e+06   3.7902832e+01
   2.7175590e+06   3.7658691e+01
   2.7176020e+06   4.8950195e+01
   2.7177250e+06   4.6813965e+01
   2.7457370e+06   3.9550781e+01
   2.7457710e+06   4.4311523e+01
   2.7458250e+06   4.8400879e+01
   2.7460700e+06   4.0527344e+01
   2.7808430e+06   4.7729492e+01
   2.7809700e+06   4.2602539e+01
   2.7810100e+06   4.0222168e+01
   2.8112700e+06   4.0222168e+01
   2.8379850e+06   3.9794922e+01
   2.8380380e+06   3.7658691e+01
   2.8382730e+06   3.9611816e+01
   2.8383590e+06   3.8574219e+01
   2.8384070e+06   4.1198730e+01
   2.8384870e+06   4.4738770e+01
   2.8385150e+06   3.8208008e+01
   2.8386580e+06   3.7780762e+01
   2.8664560e+06   4.1320801e+01
   2.8666080e+06   3.8269043e+01
   2.8941530e+06   3.9367676e+01
   2.9506580e+06   3.9367676e+01
   2.9770330e+06   4.0039063e+01
   2.9770800e+06   4.0405273e+01
   3.0048520e+06   3.9550781e+01
   3.0049810e+06   3.7902832e+01
   3.0388330e+06   3.9855957e+01
   3.0389290e+06   5.1147461e+01
   3.0391140e+06   4.7851563e+01
   3.0391700e+06   3.9916992e+01
   3.0392270e+06   4.1564941e+01
   3.0680180e+06   3.7658691e+01
   3.0681430e+06   3.8940430e+01
   3.0682270e+06   5.0231934e+01
   3.0683560e+06   4.0588379e+01
   3.0684230e+06   5.0903320e+01
   3.1142650e+06   3.8635254e+01
   3.1143790e+06   5.2551270e+01
   3.1144390e+06   3.9916992e+01
   3.1144940e+06   3.7597656e+01
   3.2177010e+06   4.6264648e+01
   3.2178250e+06   3.8574219e+01
   3.2179530e+06   4.8889160e+01
   3.2180300e+06   3.7902832e+01
   3.2181060e+06   3.8696289e+01
   3.2766490e+06   5.2795410e+01
   3.2768790e+06   4.1442871e+01
   3.6288260e+06   4.0100098e+01
   3.6293330e+06   4.0161133e+01
   3.8258570e+06   4.4189453e+01
   3.8259210e+06   4.0710449e+01
   3.8260020e+06   3.9367676e+01
   3.8260290e+06   4.0832520e+01
   3.8261100e+06   6.1462402e+01
   3.8261450e+06   4.0344238e+01
   3.8261910e+06   3.8574219e+01
   3.8263160e+06   4.0039063e+01
   3.8264380e+06   4.2724609e+01
   3.8758500e+06   4.0954590e+01
   3.8758680e+06   4.0283203e+01
   3.8759300e+06   4.9316406e+01
   3.8760910e+06   4.4006348e+01
   3.8766130e+06   3.9367676e+01
   3.9296080e+06   4.3762207e+01
   3.9297370e+06   4.0405273e+01
   3.9298420e+06   4.9438477e+01
   3.9298880e+06   3.9550781e+01
   3.9299580e+06   4.0222168e+01
   3.9299860e+06   4.5227051e+01
   3.9300210e+06   3.8085938e+01
   3.9311120e+06   3.8635254e+01
   3.9715590e+06   3.7597656e+01
   3.9715900e+06   4.8583984e+01
   3.9718340e+06   4.1564941e+01
   3.9718560e+06   3.8940430e+01
   3.9719310e+06   4.3762207e+01
   3.9719970e+06   5.1330566e+01
   3.9721460e+06   4.1992188e+01
   4.0188570e+06   3.9367676e+01
   4.0190580e+06   4.8889160e+01
   4.0191340e+06   4.0100098e+01
   4.0516460e+06   4.2419434e+01
   4.0792350e+06   4.8950195e+01
   4.0793130e+06   4.1076660e+01
   4.0793760e+06   4.9133301e+01
   4.1101350e+06   3.9428711e+01
   4.1104220e+06   4.2114258e+01
   4.1428490e+06   4.5104980e+01
   4.1430480e+06   3.8757324e+01
   4.1431730e+06   4.3762207e+01
   4.1432780e+06   4.7241211e+01
   4.1678350e+06   3.8330078e+01
   4.2010510e+06   4.6691895e+01
   4.2011010e+06   3.9367676e+01
   4.2307630e+06   4.1931152e+01
   4.2310490e+06   3.9306641e+01
   4.2616850e+06   3.9978027e+01
   4.2619810e+06   3.8269043e+01
   4.2946980e+06   5.1635742e+01
   4.3406100e+06   4.9194336e+01
   4.3408290e+06   3.9855957e+01
   4.3411740e+06   3.8024902e+01
   4.3412460e+06   4.3518066e+01
   4.3412870e+06   4.0710449e+01
   4.3827480e+06   4.1992188e+01
   4.3827870e+06   4.3640137e+01
   4.3828570e+06   3.9978027e+01
   4.4302190e+06   4.1015625e+01
   4.4307100e+06   4.0283203e+01
   4.4744320e+06   3.9062500e+01
   4.4746320e+06   4.5715332e+01
   4.4748630e+06   4.0344238e+01
   4.4750480e+06   4.0832520e+01
   5.1023700e+06   3.8940430e+01
   5.1025380e+06   3.7719727e+01
   5.2283350e+06   3.8024902e+01
   5.2284490e+06   4.0710449e+01
   5.2285950e+06   4.5043945e+01
   5.2286340e+06   3.9245605e+01
   5.2286650e+06   3.7963867e+01
   5.2287580e+06   3.8940430e+01
   5.3719810e+06   3.9306641e+01
   5.3720620e+06   4.2236328e+01
   5.3720850e+06   4.1748047e+01
   5.3721350e+06   3.9855957e+01
   5.3721920e+06   5.3649902e+01
   5.3723060e+06   4.0832520e+01
   5.4199550e+06   3.8696289e+01
   5.4201370e+06   4.5043945e+01
   5.4203430e+06   4.4555664e+01
   5.4203980e+06   4.1992188e+01
   5.4207940e+06   4.0710449e+01
   5.5001300e+06   3.9489746e+01
   5.5001670e+06   4.0344238e+01
   5.5002170e+06   4.0832520e+01
   5.5002310e+06   3.7780762e+01
   5.5003250e+06   4.0100098e+01
   5.5003580e+06   5.0964355e+01
   5.5003890e+06   4.2846680e+01
   5.5004440e+06   3.8940430e+01
   5.5376890e+06   3.9978027e+01
   5.5378810e+06   4.5288086e+01
   5.5379580e+06   4.0954590e+01
   5.5381070e+06   3.9245605e+01
   5.5774420e+06   4.1381836e+01
   5.5774900e+06   4.1748047e+01
   5.6057490e+06   4.1076660e+01
   5.6058680e+06   3.9550781e+01
   5.6059360e+06   3.9367676e+01
   5.6301660e+06   3.8452148e+01
   5.6304860e+06   4.0161133e+01
   5.6559680e+06   3.7597656e+01
   5.6562070e+06   3.9367676e+01
   5.6563790e+06   4.1015625e+01
   5.6822990e+06   4.1076660e+01
   5.7065060e+06   4.3273926e+01
   5.7914060e+06   4.0649414e+01
   5.8214530e+06   3.8024902e+01
   5.8215630e+06   3.9184570e+01
   5.8217280e+06   4.1015625e+01
   5.8218310e+06   3.9550781e+01
   5.8964910e+06   3.7719727e+01
   5.8965350e+06   4.9682617e+01
   5.9396410e+06   3.9855957e+01
   5.9839270e+06   4.0344238e+01
   5.9841070e+06   5.1635742e+01
   5.9843630e+06   4.0893555e+01
   6.0329190e+06   4.5959473e+01
   6.0839600e+06   4.1931152e+01
   6.0840230e+06   3.9916992e+01
   6.0845540e+06   4.2541504e+01
   6.5405760e+06   4.4494629e+01
   6.5406470e+06   3.7719727e+01
   6.5407670e+06   3.7841797e+01
   6.5408380e+06   3.9001465e+01
   6.7729700e+06   4.1442871e+01
   6.7732340e+06   4.0710449e+01
   6.7732710e+06   3.9062500e+01
   6.7734710e+06   4.7973633e+01
   6.8733310e+06   3.9001465e+01
   6.8735260e+06   4.4128418e+01
   6.8736020e+06   3.9611816e+01
   6.8737870e+06   4.6203613e+01
   6.9326010e+06   3.9611816e+01
   6.9326880e+06   4.0527344e+01
   6.9328080e+06   4.6936035e+01
   6.9329960e+06   4.0832520e+01
   6.9927630e+06   3.9123535e+01
   6.9928430e+06   3.8269043e+01
   6.9928860e+06   4.3212891e+01
   6.9929400e+06   4.4738770e+01
   6.9930260e+06   3.9306641e+01
   6.9931210e+06   3.7597656e+01
   7.0362710e+06   4.1870117e+01
   7.0363400e+06   4.5288086e+01
   7.0771890e+06   5.3588867e+01
   7.0772290e+06   3.9672852e+01
   7.0773360e+06   4.0954590e+01
   7.0773680e+06   4.8706055e+01
   7.0773800e+06   5.1391602e+01
   7.0774250e+06   4.0954590e+01
   7.1067870e+06   3.7902832e+01
   7.1070150e+06   3.9062500e+01
   7.1351310e+06   4.2175293e+01
   7.1353010e+06   3.8574219e+01
   7.1358070e+06   3.9611816e+01
   7.1600430e+06   4.0832520e+01
   7.1601370e+06   4.2968750e+01
   7.1893060e+06   4.0771484e+01
   7.1894550e+06   4.0893555e+01
   7.1894960e+06   4.6875000e+01
   7.2225890e+06   4.6386719e+01
   7.2227520e+06   3.8696289e+01
   7.2628540e+06   5.0903320e+01
   7.2631610e+06   4.5104980e+01
   7.2632060e+06   4.0893555e+01
   7.2632330e+06   3.9489746e+01
   7.3026080e+06   4.3395996e+01
   7.3522600e+06   3.8330078e+01
   7.3524510e+06   4.0954590e+01
   7.3525220e+06   4.1992188e+01
   7.3836790e+06   5.1452637e+01
   7.3840500e+06   3.8696289e+01
   7.4285420e+06   3.8085938e+01
   7.4289360e+06   4.8522949e+01
   7.4708760e+06   3.8269043e+01
   7.5396680e+06   3.9123535e+01
   7.5396960e+06   4.6752930e+01
   7.5399920e+06   3.8940430e+01
   7.5401940e+06   4.2297363e+01
   8.1030530e+06   4.5898438e+01
   8.1031070e+06   4.5776367e+01
   8.1031440e+06   3.9733887e+01
   8.1031830e+06   5.7861328e+01
   8.1032520e+06   5.2673340e+01
   8.1033010e+06   3.8269043e+01
   8.1034820e+06   5.0476074e+01
   8.2632430e+06   5.1452637e+01
   8.2634360e+06   3.9367676e+01
   8.3143100e+06   3.7963867e+01
   8.3144610e+06   4.0161133e+01
   8.3149820e+06   3.9611816e+01
   8.3644010e+06   4.4006348e+01
   8.3645540e+06   4.3579102e+01
   8.3648960e+06   3.8574219e+01
   8.4142590e+06   3.8635254e+01
   8.4143450e+06   4.5288086e+01
   8.4891280e+06   3.9367676e+01
   8.4892370e+06   4.5837402e+01
   8.4895850e+06   4.1381836e+01
   8.5282290e+06   3.8818359e+01
   8.5286350e+06   4.5776367e+01
   8.5286840e+06   3.7597656e+01
   8.5658090e+06   4.2175293e+01
   8.5659660e+06   4.0832520e+01
   8.5660040e+06   3.9489746e+01
   8.5660360e+06   4.9377441e+01
   8.5661600e+06   3.9184570e+01
   8.5941070e+06   3.8513184e+01
   8.5942640e+06   4.7668457e+01
   8.6204170e+06   3.8391113e+01
   8.6205030e+06   4.2053223e+01
   8.6205940e+06   3.8024902e+01
   8.6208100e+06   3.8024902e+01
   8.6771040e+06   4.0039063e+01
   8.6774400e+06   3.8513184e+01
   8.6778630e+06   3.9062500e+01
   8.7027960e+06   3.9123535e+01
   8.7644420e+06   3.9794922e+01
   8.7645100e+06   4.1625977e+01
   8.7645620e+06   4.1687012e+01
   8.7652250e+06   3.7902832e+01
   8.8409400e+06   3.8696289e+01
   8.9136370e+06   3.9550781e+01
   8.9562830e+06   4.0954590e+01
   9.0277400e+06   3.9672852e+01
   9.0280430e+06   3.9916992e+01
   9.0891180e+06   3.8818359e+01
   9.0892660e+06   4.1198730e+01
   9.0894660e+06   3.9062500e+01
   9.0897090e+06   3.8146973e+01
   9.0899110e+06   4.0100098e+01
   9.1344300e+06   3.9367676e+01
   9.1711700e+06   3.8635254e+01
   9.1716120e+06   4.1748047e+01
   9.2212940e+06   3.9916992e+01
   9.2215720e+06   3.7597656e+01
   9.2221900e+06   3.8574219e+01
   9.2813930e+06   3.9367676e+01
   9.5645560e+06   4.0283203e+01
   9.5647620e+06   5.1757813e+01
   9.5648950e+06   4.4799805e+01
   9.5650730e+06   4.4006348e+01
   9.9155890e+06   3.8024902e+01
   9.9156050e+06   4.2236328e+01
   9.9157190e+06   4.9743652e+01
   9.9157490e+06   4.4128418e+01
   9.9157640e+06   3.9001465e+01
   9.9158110e+06   5.0598145e+01
   1.0044422e+07   4.1442871e+01
   1.0044700e+07   4.0466309e+01
   1.0045883e+07   3.7963867e+01
   1.0201044e+07   4.8034668e+01
   1.0201094e+07   4.0100098e+01
   1.0201203e+07   3.9794922e+01
   1.0201295e+07   4.5349121e+01
   1.0201318e+07   3.8940430e+01
   1.0201410e+07   4.3579102e+01
   1.0497903e+07   5.2062988e+01
   1.0498130e+07   3.9794922e+01
   1.0498177e+07   4.9438477e+01
   1.0498219e+07   4.9377441e+01
   1.0499767e+07   3.8879395e+01
   1.0682889e+07   6.7993164e+01
   1.0682923e+07   4.3029785e+01
   1.0683033e+07   3.8574219e+01
   1.0683140e+07   3.7963867e+01
   1.0808668e+07   4.2053223e+01
   1.0808814e+07   3.7780762e+01
   1.0808865e+07   4.0344238e+01
   1.0809128e+07   3.7841797e+01
   1.0809251e+07   5.1879883e+01
   1.0809330e+07   4.1137695e+01
   1.0863098e+07   3.8391113e+01
   1.0863151e+07   4.1076660e+01
   1.0863286e+07   4.0832520e+01
   1.0863508e+07   3.9001465e+01
   1.0863651e+07   3.9062500e+01
   1.0863691e+07   3.8085938e+01
   1.0926631e+07   4.0161133e+01
   1.0927080e+07   4.1137695e+01
   1.0927122e+07   4.0283203e+01
   1.0927176e+07   4.9011230e+01
   1.0964953e+07   3.9367676e+01
   1.0965204e+07   4.1625977e+01
   1.0995277e+07   4.0588379e+01
   1.0995586e+07   4.1625977e+01
   1.0995747e+07   4.4738770e+01
   1.1028615e+07   4.2358398e+01
   1.1055213e+07   4.0161133e+01
   1.1080355e+07   3.7963867e+01
   1.1106338e+07   4.0344238e+01
   1.1306976e+07   3.7597656e+01
   1.1334691e+07   4.1259766e+01
   1.1363635e+07   4.4433594e+01
   1.1393749e+07   3.7963867e+01
   1.1434077e+07   3.9123535e+01
   1.1434148e+07   4.2297363e+01
   1.1434574e+07   3.8757324e+01
   1.1434736e+07   3.7963867e+01
   1.1435122e+07   3.8574219e+01
   1.1468651e+07   4.2175293e+01
   1.1501597e+07   3.8024902e+01
   1.1502018e+07   4.6875000e+01
   1.1543366e+07   3.8696289e+01
   1.1543437e+07   3.7780762e+01
   1.1543658e+07   3.9428711e+01
   1.1543707e+07   3.8208008e+01
   1.1589476e+07   4.2175293e+01
   1.1639813e+07   4.2419434e+01
   1.1640321e+07   3.9916992e+01
   1.2311590e+07   3.8269043e+01
   1.2311635e+07   4.0954590e+01
   1.2311792e+07   3.9550781e+01
   1.2311966e+07   3.8085938e+01
   1.2312013e+07   7.7880859e+01
   1.2312235e+07   4.0649414e+01
   1.2518945e+07   3.9611816e+01
   1.2519029e+07   4.4067383e+01
   1.2519502e+07   3.8024902e+01
   1.2622662e+07   3.9855957e+01
   1.2622952e+07   4.0283203e+01
   1.2622978e+07   4.0649414e+01
   1.2623059e+07   4.1503906e+01
   1.2623264e+07   3.7597656e+01
   1.2672562e+07   3.8513184e+01
   1.2672954e+07   4.2724609e+01
   1.2673035e+07   3.9794922e+01
   1.2673097e+07   4.2236328e+01
   1.2673187e+07   4.4616699e+01
   1.2673349e+07   5.3161621e+01
   1.2673370e+07   4.1198730e+01
   1.2736301e+07   3.7963867e+01
   1.2736536e+07   5.0476074e+01
   1.2736637e+07   3.8879395e+01
   1.2773417e+07   4.1259766e+01
   1.2773594e+07   4.1259766e+01
   1.2807681e+07   4.2175293e+01
   1.2807890e+07   3.9916992e+01
   1.2808104e+07   4.0283203e+01
   1.2808153e+07   4.7119141e+01
   1.2924291e+07   3.9245605e+01
   1.2924656e+07   4.3334961e+01
   1.2955154e+07   4.2602539e+01
   1.2955378e+07   3.9001465e+01
   1.2985799e+07   3.9855957e+01
   1.3084134e+07   3.8940430e+01
   1.3186429e+07   4.0161133e+01
   1.3305498e+07   4.4372559e+01
   1.3305589e+07   4.2907715e+01
   1.3305741e+07   4.4128418e+01
   1.3305769e+07   4.3945313e+01
   1.3306071e+07   3.8024902e+01
   1.4067759e+07   4.7485352e+01
   1.4067787e+07   4.2846680e+01
   1.4068121e+07   3.8146973e+01
   1.4068192e+07   3.7963867e+01
   1.4218011e+07   3.7841797e+01
   1.4218254e+07   4.4738770e+01
   1.4218740e+07   4.6508789e+01
   1.4219068e+07   3.8452148e+01
   1.4334357e+07   3.7658691e+01
   1.4334554e+07   4.9804688e+01
   1.4334659e+07   3.9733887e+01
   1.4334811e+07   4.5776367e+01
   1.4388485e+07   4.6630859e+01
   1.4388531e+07   3.9306641e+01
   1.4388746e+07   4.1992188e+01
   1.4465398e+07   4.4372559e+01
   1.4465711e+07   4.9194336e+01
   1.4465769e+07   4.2907715e+01
   1.4465884e+07   4.1564941e+01
   1.4466090e+07   4.1259766e+01
   1.4511050e+07   4.0588379e+01
   1.4511199e+07   3.8146973e+01
   1.4511240e+07   4.2480469e+01
   1.4555187e+07   3.8940430e+01
   1.4555426e+07   4.1076660e+01
   1.4580930e+07   4.0771484e+01
   1.4581131e+07   4.0649414e+01
   1.4581174e+07   3.8085938e+01
   1.4581420e+07   4.3579102e+01
   1.4581490e+07   3.9306641e+01
   1.4607865e+07   4.0649414e+01
   1.4608276e+07   4.0100098e+01
   1.4634058e+07   3.7902832e+01
   1.4634346e+07   4.4738770e+01
   1.4634915e+07   4.0283203e+01
   1.4659527e+07   4.3701172e+01
   1.4710910e+07   3.7902832e+01
   1.4711094e+07   3.9367676e+01
   1.4738754e+07   4.8461914e+01
   1.4769256e+07   4.5227051e+01
   1.4769390e+07   4.5410156e+01
   1.4801569e+07   4.0771484e+01
   1.4855191e+07   4.0649414e+01
   1.4921422e+07   3.9855957e+01
   1.4969008e+07   4.3945313e+01
