   1.4997500e+07   0.0000000e+00
   1.6810000e+03   3.5949707e+01
   1.8210000e+03   3.9855957e+01
   1.8430000e+03   3.7353516e+01
   1.8570000e+03   3.6254883e+01
   1.9300000e+03   4.6875000e+01
   1.4580700e+05   4.0588379e+01
   1.4587700e+05   3.6560059e+01
   1.4591300e+05   5.1208496e+01
   1.4601600e+05   3.8635254e+01
   1.4602700e+05   3.7536621e+01
   1.4625000e+05   3.6132813e+01
   2.1429800e+05   4.7729492e+01
   2.7708200e+05   3.9611816e+01
   2.7712700e+05   3.5949707e+01
   2.7730300e+05   3.6499023e+01
   2.7750800e+05   3.8024902e+01
   2.7762100e+05   3.8452148e+01
   3.3783300e+05   3.7048340e+01
   3.3798300e+05   3.6437988e+01
   3.6762100e+05   3.6499023e+01
   3.9531100e+05   3.9428711e+01
   3.9534800e+05   3.7414551e+01
   4.5561700e+05   4.3334961e+01
   4.8080300e+05   3.6132813e+01
   4.8094300e+05   4.0222168e+01
   4.8097100e+05   3.5888672e+01
   5.1035900e+05   3.6926270e+01
   5.1048200e+05   3.8146973e+01
   5.3350200e+05   3.8208008e+01
   5.3352300e+05   4.0832520e+01
   6.1410300e+05   3.8452148e+01
   6.1428100e+05   3.8024902e+01
   6.4018900e+05   3.9611816e+01
   6.4024300e+05   3.8757324e+01
   6.6691400e+05   4.7363281e+01
   6.6709500e+05   3.9733887e+01
   6.6712400e+05   3.6315918e+01
   6.9545500e+05   3.6193848e+01
   6.9555400e+05   3.9611816e+01
   7.2387400e+05   3.6071777e+01
   7.5522100e+05   3.8391113e+01
   8.2579700e+05   3.7170410e+01
   8.5960800e+05   4.3823242e+01
   8.8914600e+05   3.6987305e+01
   1.0156850e+06   3.9550781e+01
   1.0672560e+06   4.9804688e+01
   1.0672760e+06   3.6865234e+01
   1.6975050e+06   3.8024902e+01
   1.6975240e+06   3.8757324e+01
   1.6975830e+06   4.1748047e+01
   1.6976310e+06   5.5175781e+01
   1.6976460e+06   4.7485352e+01
   1.8408420e+06   4.8400879e+01
   1.8410880e+06   3.7658691e+01
   2.0068170e+06   3.7536621e+01
   2.0069760e+06   5.5664063e+01
   2.0070360e+06   3.9855957e+01
   2.1136310e+06   3.8269043e+01
   2.1137820e+06   4.0893555e+01
   2.1139460e+06   3.6804199e+01
   2.3087900e+06   4.6997070e+01
   2.3088210e+06   3.9489746e+01
   2.4583450e+06   4.3640137e+01
   2.5501930e+06   4.6142578e+01
   2.5502840e+06   3.7963867e+01
   2.5503640e+06   4.8645020e+01
   2.5504590e+06   3.6132813e+01
   2.5506610e+06   3.6254883e+01
   2.5507420e+06   3.7902832e+01
   2.6190930e+06   4.5166016e+01
   2.6740620e+06   3.6621094e+01
   2.6742070e+06   4.6691895e+01
   2.6742700e+06   3.6376953e+01
   2.6742920e+06   3.5949707e+01
   2.6743280e+06   4.2663574e+01
   2.7172200e+06   3.6621094e+01
   2.7173350e+06   5.3466797e+01
   2.7173610e+06   3.9184570e+01
   2.7175830e+06   3.7170410e+01
   2.7458510e+06   4.1381836e+01
   2.7459420e+06   3.6621094e+01
   2.7807170e+06   3.6376953e+01
   2.7808120e+06   3.6071777e+01
   2.7808560e+06   4.9865723e+01
   2.7808920e+06   3.6743164e+01
   2.8381870e+06   3.6560059e+01
   2.8665150e+06   3.7902832e+01
   2.9507040e+06   5.0292969e+01
   2.9769450e+06   4.1137695e+01
   2.9770490e+06   3.6560059e+01
   3.0391140e+06   4.2419434e+01
   3.1142730e+06   4.2846680e+01
   3.1143010e+06   3.5888672e+01
   3.2179350e+06   3.8391113e+01
   3.6289340e+06   3.7902832e+01
   3.8260790e+06   5.2612305e+01
   3.8759050e+06   3.7170410e+01
   3.8760500e+06   3.8391113e+01
   3.8760980e+06   3.8452148e+01
   3.8761300e+06   3.7292480e+01
   3.8763070e+06   3.8024902e+01
   3.9296720e+06   5.2307129e+01
   3.9298180e+06   4.4128418e+01
   3.9299950e+06   3.6987305e+01
   3.9716840e+06   4.1198730e+01
   3.9718380e+06   3.6010742e+01
   3.9720270e+06   3.6315918e+01
   4.0189510e+06   4.5288086e+01
   4.0190860e+06   3.6193848e+01
   4.0192080e+06   3.6926270e+01
   4.0515450e+06   4.8278809e+01
   4.0522300e+06   4.1687012e+01
   4.1429700e+06   4.0283203e+01
   4.2009440e+06   3.7658691e+01
   4.2308920e+06   3.7963867e+01
   4.2946420e+06   3.6315918e+01
   4.2948780e+06   3.6499023e+01
   4.3829630e+06   3.7231445e+01
   4.4305120e+06   3.6987305e+01
   4.5279780e+06   3.8513184e+01
   5.1024700e+06   3.7231445e+01
   5.2284070e+06   3.7963867e+01
   5.2284770e+06   3.6132813e+01
   5.2286470e+06   3.9001465e+01
   5.3720080e+06   3.8513184e+01
   5.3721430e+06   3.6926270e+01
   5.3721800e+06   4.6997070e+01
   5.4200920e+06   4.1931152e+01
   5.4204840e+06   3.7841797e+01
   5.5001690e+06   4.1198730e+01
   5.5002740e+06   3.6437988e+01
   5.5003250e+06   3.7841797e+01
   5.5005550e+06   3.6132813e+01
   5.5378570e+06   3.6499023e+01
   5.5379170e+06   4.1381836e+01
   5.5770830e+06   3.7841797e+01
   5.6057130e+06   3.9428711e+01
   5.6057420e+06   4.4006348e+01
   5.6560320e+06   3.7292480e+01
   5.6821380e+06   3.6193848e+01
   5.6821620e+06   3.7292480e+01
   5.7576330e+06   3.6315918e+01
   5.7914800e+06   3.8391113e+01
   5.8215560e+06   4.0222168e+01
   5.8508820e+06   3.9123535e+01
   5.8511730e+06   3.6132813e+01
   5.8968410e+06   3.6010742e+01
   5.9840840e+06   3.5949707e+01
   6.0325590e+06   3.6071777e+01
   6.0327260e+06   3.8574219e+01
   6.0841600e+06   3.7719727e+01
   6.5407940e+06   4.5043945e+01
   6.5410090e+06   3.6315918e+01
   6.7730280e+06   4.3395996e+01
   6.7731740e+06   3.6560059e+01
   6.7732150e+06   3.7109375e+01
   6.8735500e+06   4.6264648e+01
   6.9931110e+06   3.6865234e+01
   6.9932040e+06   3.8391113e+01
   7.0362960e+06   4.8645020e+01
   7.1066560e+06   3.6987305e+01
   7.1894590e+06   3.9855957e+01
   7.3521490e+06   3.9062500e+01
   7.3522770e+06   3.7780762e+01
   7.3524480e+06   4.0283203e+01
   7.3528320e+06   4.0222168e+01
   7.4287490e+06   3.7231445e+01
   7.4704450e+06   3.6254883e+01
   7.5403870e+06   4.0893555e+01
   8.1029290e+06   4.4494629e+01
   8.1032140e+06   4.2541504e+01
   8.2634230e+06   3.7902832e+01
   8.3142950e+06   3.8696289e+01
   8.3145110e+06   3.5888672e+01
   8.3642260e+06   3.7841797e+01
   8.3646230e+06   3.7963867e+01
   8.4141380e+06   3.8574219e+01
   8.4142380e+06   4.8400879e+01
   8.4143170e+06   3.7597656e+01
   8.4892280e+06   3.6193848e+01
   8.5281890e+06   4.4006348e+01
   8.5282520e+06   4.4860840e+01
   8.5658730e+06   3.9550781e+01
   8.5940340e+06   3.6743164e+01
   8.6204460e+06   3.6987305e+01
   8.6486470e+06   4.5043945e+01
   8.6773810e+06   3.9672852e+01
   8.6774260e+06   4.2785645e+01
   8.7032360e+06   3.6010742e+01
   8.8036420e+06   4.0222168e+01
   8.9133640e+06   3.7841797e+01
   9.0277550e+06   3.6987305e+01
   9.0893090e+06   3.9428711e+01
   9.0894380e+06   3.7841797e+01
   9.0894520e+06   3.6560059e+01
   9.1343290e+06   3.6315918e+01
   9.1714240e+06   3.6743164e+01
   9.2217240e+06   3.7658691e+01
   9.5646330e+06   4.3334961e+01
   9.9155550e+06   4.2358398e+01
   9.9156630e+06   3.6499023e+01
   9.9157080e+06   3.7292480e+01
   9.9158040e+06   3.9489746e+01
   1.0044520e+07   4.4494629e+01
   1.0044661e+07   3.9001465e+01
   1.0044989e+07   3.8391113e+01
   1.0201133e+07   3.6132813e+01
   1.0497893e+07   3.9184570e+01
   1.0498036e+07   4.3701172e+01
   1.0498063e+07   4.3334961e+01
   1.0498258e+07   3.9428711e+01
   1.0682641e+07   4.8156738e+01
   1.0682824e+07   3.8391113e+01
   1.0808846e+07   3.7536621e+01
   1.0809011e+07   4.2236328e+01
   1.0809094e+07   3.7780762e+01
   1.0863327e+07   3.7780762e+01
   1.0863478e+07   3.7841797e+01
   1.0926901e+07   5.0659180e+01
   1.0926983e+07   3.7048340e+01
   1.0927061e+07   3.9245605e+01
   1.0927286e+07   4.2907715e+01
   1.0965122e+07   3.8330078e+01
   1.0995474e+07   4.0283203e+01
   1.0995601e+07   4.1198730e+01
   1.1028484e+07   3.8146973e+01
   1.1055168e+07   4.1931152e+01
   1.1080225e+07   3.8391113e+01
   1.1080465e+07   3.8085938e+01
   1.1106367e+07   4.0527344e+01
   1.1132674e+07   3.8391113e+01
   1.1334300e+07   3.8085938e+01
   1.1334467e+07   3.7780762e+01
   1.1394276e+07   4.0466309e+01
   1.1434279e+07   3.7963867e+01
   1.1434408e+07   4.1748047e+01
   1.1589866e+07   3.6926270e+01
   1.2311858e+07   3.6621094e+01
   1.2311909e+07   4.0222168e+01
   1.2518994e+07   3.9733887e+01
   1.2519132e+07   3.7048340e+01
   1.2622826e+07   3.9367676e+01
   1.2672779e+07   4.3884277e+01
   1.2736356e+07   3.6499023e+01
   1.2736428e+07   3.7658691e+01
   1.2773125e+07   3.6254883e+01
   1.2773192e+07   3.8146973e+01
   1.2773339e+07   3.5949707e+01
   1.2773421e+07   3.7963867e+01
   1.2807869e+07   3.9978027e+01
   1.2807940e+07   4.2358398e+01
   1.2807999e+07   4.3579102e+01
   1.2832616e+07   3.6193848e+01
   1.2832851e+07   4.3395996e+01
   1.2833041e+07   3.6010742e+01
   1.2856510e+07   4.0344238e+01
   1.2856898e+07   3.6682129e+01
   1.2880315e+07   3.6132813e+01
   1.2924252e+07   3.9367676e+01
   1.2924284e+07   4.0161133e+01
   1.2924313e+07   4.1809082e+01
   1.2924736e+07   3.6315918e+01
   1.2984967e+07   3.7597656e+01
   1.2985403e+07   3.7597656e+01
   1.3052038e+07   3.7780762e+01
   1.3052121e+07   4.9316406e+01
   1.3114170e+07   3.5888672e+01
   1.3146036e+07   3.7292480e+01
   1.3186316e+07   3.7231445e+01
   1.4067816e+07   3.7414551e+01
   1.4067833e+07   3.6376953e+01
   1.4067898e+07   4.4982910e+01
   1.4067933e+07   3.8757324e+01
   1.4218100e+07   3.8452148e+01
   1.4218122e+07   4.2419434e+01
   1.4218136e+07   3.7597656e+01
   1.4218271e+07   3.9489746e+01
   1.4334159e+07   3.8024902e+01
   1.4334247e+07   3.7170410e+01
   1.4388316e+07   4.6142578e+01
   1.4388412e+07   3.9978027e+01
   1.4388670e+07   3.7658691e+01
   1.4465477e+07   3.8696289e+01
   1.4465646e+07   3.7353516e+01
   1.4465937e+07   3.5888672e+01
   1.4465997e+07   3.6621094e+01
   1.4511132e+07   4.2724609e+01
   1.4511436e+07   3.6804199e+01
   1.4555347e+07   5.3283691e+01
   1.4634219e+07   3.9489746e+01
   1.4634615e+07   3.7841797e+01
   1.4685341e+07   3.6254883e+01
   1.4769210e+07   3.8757324e+01
   1.4855203e+07   4.1931152e+01
