   1.1999000e+07   0.0000000e+00
   8.3260000e+03   3.3325195e+01
   4.1262000e+04   3.1182861e+01
   4.1374000e+04   3.0230713e+01
   4.1399000e+04   3.4039307e+01
   4.1443000e+04   3.1896973e+01
   4.1472000e+04   3.4277344e+01
   4.1501000e+04   3.7847900e+01
   4.1536000e+04   3.3801270e+01
   5.1056000e+04   3.0706787e+01
   1.0111500e+05   3.0706787e+01
   1.0114900e+05   3.2135010e+01
   1.4721900e+05   3.2611084e+01
   1.4726500e+05   3.2849121e+01
   1.6336900e+05   3.7609863e+01
   1.6378400e+05   3.1420898e+01
   1.6386200e+05   2.9992676e+01
   1.6431300e+05   3.5705566e+01
   1.6447800e+05   3.3563232e+01
   1.6451600e+05   3.9752197e+01
   1.8294600e+05   3.0468750e+01
   1.8300600e+05   3.2611084e+01
   2.0606100e+05   4.0704346e+01
   2.0613100e+05   3.4515381e+01
   2.1975800e+05   3.1420898e+01
   2.1976900e+05   3.0230713e+01
   2.4150100e+05   3.3563232e+01
   2.5934900e+05   3.2611084e+01
   2.5937400e+05   3.4277344e+01
   2.5948700e+05   3.6419678e+01
   2.5951400e+05   3.1182861e+01
   2.5966600e+05   3.3801270e+01
   2.5973100e+05   3.0944824e+01
   2.5981000e+05   3.0468750e+01
   2.5984700e+05   3.7847900e+01
   2.5985900e+05   3.3325195e+01
   2.5989500e+05   3.4753418e+01
   2.5991100e+05   3.2373047e+01
   2.8329500e+05   3.6657715e+01
   2.8334000e+05   3.0230713e+01
   2.8349300e+05   3.0944824e+01
   2.9844700e+05   3.2135010e+01
   2.9855800e+05   3.5467529e+01
   2.9861700e+05   3.6895752e+01
   2.9868800e+05   3.3087158e+01
   2.9870300e+05   3.5705566e+01
   2.9872900e+05   3.5467529e+01
   2.9876500e+05   3.1182861e+01
   2.9880500e+05   3.1896973e+01
   3.2699900e+05   3.3325195e+01
   3.2703300e+05   5.4986572e+01
   3.2704600e+05   3.8800049e+01
   3.2707300e+05   3.0944824e+01
   3.2708900e+05   3.4753418e+01
   3.2712300e+05   3.2135010e+01
   3.2713400e+05   3.6419678e+01
   3.2717700e+05   3.4515381e+01
   3.2721900e+05   3.1182861e+01
   3.2724000e+05   3.0706787e+01
   3.2830100e+05   3.2611084e+01
   3.2948300e+05   3.1896973e+01
   3.3072800e+05   3.0468750e+01
   3.3142400e+05   3.7609863e+01
   3.3187900e+05   3.6419678e+01
   3.3349100e+05   3.0230713e+01
   3.3435100e+05   3.0706787e+01
   3.3532000e+05   3.1182861e+01
   3.7084000e+05   3.1420898e+01
   3.7086000e+05   3.1658936e+01
   3.7090000e+05   3.7847900e+01
   3.7094200e+05   3.8562012e+01
   3.7097300e+05   5.9985352e+01
   3.7101000e+05   3.7847900e+01
   3.7103300e+05   3.7609863e+01
   3.7641900e+05   3.6181641e+01
   3.7644800e+05   3.2135010e+01
   3.7647700e+05   3.3801270e+01
   3.7649300e+05   4.4989014e+01
   3.7651000e+05   3.2373047e+01
   3.7654200e+05   3.1896973e+01
   3.7658600e+05   3.2611084e+01
   3.7663600e+05   3.4991455e+01
   3.7704500e+05   3.5705566e+01
   3.7751500e+05   3.2849121e+01
   3.7770000e+05   3.1658936e+01
   3.7771600e+05   3.5705566e+01
   3.7807900e+05   2.9992676e+01
   3.7814000e+05   3.1896973e+01
   3.7827000e+05   2.9992676e+01
   3.9542400e+05   3.4515381e+01
   3.9548000e+05   3.5229492e+01
   3.9550600e+05   3.8800049e+01
   3.9551700e+05   4.3322754e+01
   3.9553000e+05   3.3087158e+01
   3.9554900e+05   4.9749756e+01
   3.9557000e+05   3.6419678e+01
   3.9561400e+05   3.0468750e+01
   3.9563600e+05   4.9749756e+01
   3.9565900e+05   3.2611084e+01
   4.2864300e+05   3.3563232e+01
   4.2866300e+05   3.6419678e+01
   4.2868200e+05   3.2849121e+01
   4.2872000e+05   4.0942383e+01
   4.2874300e+05   4.0704346e+01
   4.2876000e+05   3.2849121e+01
   4.2878500e+05   3.6419678e+01
   4.2881200e+05   3.1658936e+01
   4.2890000e+05   3.2849121e+01
   4.2986600e+05   3.0230713e+01
   4.3277700e+05   3.8800049e+01
   4.3278900e+05   3.0944824e+01
   4.3281300e+05   3.2849121e+01
   4.3292000e+05   3.2135010e+01
   4.3333400e+05   3.1658936e+01
   4.3337100e+05   3.6895752e+01
   4.3393000e+05   3.2373047e+01
   4.3417900e+05   3.0230713e+01
   4.3646100e+05   3.0468750e+01
   4.3993000e+05   3.4753418e+01
   4.5665500e+05   3.2135010e+01
   4.5667800e+05   3.6895752e+01
   4.5671000e+05   3.2373047e+01
   4.5675500e+05   3.0230713e+01
   4.5679000e+05   3.1658936e+01
   4.5688000e+05   3.9276123e+01
   4.6088700e+05   4.6179199e+01
   4.6153000e+05   3.1896973e+01
   4.7332400e+05   2.9992676e+01
   4.7387400e+05   3.8800049e+01
   4.7393300e+05   4.2846680e+01
   4.8430700e+05   3.0230713e+01
   4.8439100e+05   3.1420898e+01
   4.8448200e+05   3.1420898e+01
   4.8755300e+05   3.3087158e+01
   5.0210000e+05   3.1658936e+01
   5.0212900e+05   3.5467529e+01
   5.0216800e+05   3.2373047e+01
   5.0220600e+05   3.3801270e+01
   5.0230800e+05   3.3801270e+01
   5.0254100e+05   3.1182861e+01
   5.1705600e+05   3.4277344e+01
   5.1708800e+05   3.0230713e+01
   5.1716900e+05   3.1658936e+01
   5.1731700e+05   3.0230713e+01
   5.2419300e+05   3.2135010e+01
   5.3494200e+05   3.5467529e+01
   5.3501300e+05   3.3801270e+01
   5.3508200e+05   4.0942383e+01
   5.3513300e+05   3.8800049e+01
   5.6589900e+05   3.6181641e+01
   5.6597600e+05   3.8323975e+01
   5.6600200e+05   3.7609863e+01
   5.9397700e+05   3.6657715e+01
   5.9409900e+05   3.1658936e+01
   5.9412900e+05   3.2849121e+01
   5.9423000e+05   3.1420898e+01
   5.9695900e+05   3.3087158e+01
   5.9827600e+05   3.3563232e+01
   6.1701800e+05   4.1894531e+01
   6.2004500e+05   3.0468750e+01
   6.3276900e+05   3.0468750e+01
   6.3278700e+05   3.6895752e+01
   6.3280600e+05   3.0706787e+01
   6.3288900e+05   3.6895752e+01
   6.3293600e+05   3.0468750e+01
   6.5779700e+05   3.6895752e+01
   6.5792400e+05   3.2373047e+01
   6.5997600e+05   3.4991455e+01
   6.7135700e+05   3.0230713e+01
   6.7140600e+05   3.4039307e+01
   6.7144600e+05   3.8800049e+01
   6.7442000e+05   3.0468750e+01
   6.7444800e+05   3.0706787e+01
   6.7504600e+05   3.3325195e+01
   6.7595400e+05   3.0468750e+01
   6.8503600e+05   3.6181641e+01
   6.8540600e+05   3.2849121e+01
   6.8547300e+05   3.7133789e+01
   7.0045700e+05   5.1892090e+01
   7.0048500e+05   3.2849121e+01
   7.1544700e+05   3.4039307e+01
   7.1546800e+05   3.0468750e+01
   7.1551100e+05   3.7847900e+01
   7.1553900e+05   3.4515381e+01
   7.1699400e+05   3.1420898e+01
   7.3577800e+05   3.0706787e+01
   7.3580200e+05   4.0228271e+01
   7.3584300e+05   3.1182861e+01
   7.3588700e+05   3.0230713e+01
   7.3590400e+05   3.0706787e+01
   7.6335600e+05   3.2135010e+01
   7.6344400e+05   3.1182861e+01
   7.8117700e+05   3.6895752e+01
   7.8120000e+05   2.9992676e+01
   7.8122000e+05   3.5229492e+01
   7.8127200e+05   3.1896973e+01
   7.9689300e+05   3.1182861e+01
   7.9695500e+05   2.9992676e+01
   7.9705000e+05   3.1420898e+01
   7.9786400e+05   3.0944824e+01
   8.0810100e+05   3.5467529e+01
   8.3999600e+05   3.0230713e+01
   8.4036900e+05   4.3798828e+01
   8.4046300e+05   3.4515381e+01
   8.7376900e+05   3.0230713e+01
   9.1363900e+05   3.1420898e+01
   9.1373600e+05   2.9992676e+01
   9.3421500e+05   3.0706787e+01
   9.3425400e+05   3.6657715e+01
   9.7346300e+05   3.4039307e+01
   9.7538600e+05   3.1658936e+01
   9.8898800e+05   3.1420898e+01
   9.8947600e+05   3.0468750e+01
   1.0893910e+06   3.0944824e+01
   1.1192680e+06   3.0706787e+01
   1.1481520e+06   3.0706787e+01
   1.1486470e+06   3.0944824e+01
   1.2045440e+06   2.9992676e+01
   1.2173200e+06   3.5705566e+01
   1.2175980e+06   3.2849121e+01
   1.2177270e+06   3.5705566e+01
   1.2177600e+06   3.2135010e+01
   1.2177870e+06   3.0944824e+01
   1.2178150e+06   4.2608643e+01
   1.2178380e+06   3.0706787e+01
   1.2559090e+06   3.7133789e+01
   1.2560770e+06   3.0230713e+01
   1.2561350e+06   3.3325195e+01
   1.3141490e+06   3.2135010e+01
   1.3163200e+06   3.1182861e+01
   1.3177080e+06   3.1182861e+01
   1.3182220e+06   3.4039307e+01
   1.3185340e+06   3.1420898e+01
   1.3505020e+06   3.0230713e+01
   1.3505500e+06   3.1658936e+01
   1.3506900e+06   3.0944824e+01
   1.3804240e+06   2.9992676e+01
   1.3804660e+06   3.9276123e+01
   1.3805010e+06   3.3325195e+01
   1.3813350e+06   3.5705566e+01
   1.3814550e+06   3.0944824e+01
   1.3815670e+06   3.0706787e+01
   1.4149300e+06   3.2373047e+01
   1.4149540e+06   3.2849121e+01
   1.4151770e+06   3.1182861e+01
   1.4152110e+06   2.9992676e+01
   1.4152210e+06   3.5229492e+01
   1.4152690e+06   3.0706787e+01
   1.4153020e+06   2.9992676e+01
   1.4155070e+06   3.1896973e+01
   1.4880200e+06   3.0468750e+01
   1.4880470e+06   3.6181641e+01
   1.4880840e+06   3.6181641e+01
   1.4881390e+06   3.1896973e+01
   1.4881530e+06   3.2373047e+01
   1.5350030e+06   2.9992676e+01
   1.5356170e+06   3.4515381e+01
   1.5357990e+06   3.3325195e+01
   1.5360230e+06   3.3325195e+01
   1.5892510e+06   3.2373047e+01
   1.5892950e+06   3.5705566e+01
   1.5897670e+06   3.3563232e+01
   1.5899080e+06   3.2135010e+01
   1.6321180e+06   2.9992676e+01
   1.6321320e+06   3.3087158e+01
   1.6321710e+06   3.1658936e+01
   1.6322010e+06   3.1658936e+01
   1.6322110e+06   3.1182861e+01
   1.6322520e+06   5.0225830e+01
   1.6322940e+06   5.2844238e+01
   1.6323150e+06   3.0468750e+01
   1.6323470e+06   3.2373047e+01
   1.6323750e+06   3.3325195e+01
   1.6324100e+06   3.5943604e+01
   1.6608420e+06   3.6657715e+01
   1.7354790e+06   2.9992676e+01
   1.7601350e+06   3.6657715e+01
   1.7601600e+06   4.3084717e+01
   1.7601840e+06   3.8323975e+01
   1.7602150e+06   3.9276123e+01
   1.7602250e+06   3.1896973e+01
   1.7602560e+06   3.3087158e+01
   1.7602780e+06   3.4991455e+01
   1.7603200e+06   3.1658936e+01
   1.7603440e+06   3.4277344e+01
   1.7831380e+06   3.6181641e+01
   1.7832170e+06   3.3801270e+01
   1.7833220e+06   3.4277344e+01
   1.7834180e+06   2.9992676e+01
   1.8167000e+06   3.3325195e+01
   1.8167560e+06   3.3801270e+01
   1.8169120e+06   3.4039307e+01
   1.8434320e+06   3.9514160e+01
   1.8435430e+06   3.3087158e+01
   1.8661860e+06   3.0230713e+01
   1.8662060e+06   3.3087158e+01
   1.8662260e+06   3.9276123e+01
   1.8664320e+06   3.5229492e+01
   1.8961250e+06   3.4991455e+01
   1.9254730e+06   3.8562012e+01
   1.9255030e+06   3.3563232e+01
   1.9407790e+06   3.0230713e+01
   1.9409680e+06   3.0230713e+01
   1.9417150e+06   3.0230713e+01
   1.9419070e+06   3.6419678e+01
   1.9419790e+06   3.3325195e+01
   1.9420260e+06   3.1182861e+01
   1.9420580e+06   3.1420898e+01
   1.9422780e+06   3.0230713e+01
   1.9422920e+06   3.1182861e+01
   1.9709280e+06   3.0706787e+01
   1.9831710e+06   3.2849121e+01
   1.9832590e+06   3.1420898e+01
   1.9834250e+06   3.0944824e+01
   1.9834480e+06   3.8323975e+01
   1.9834700e+06   3.5467529e+01
   1.9834920e+06   3.5229492e+01
   1.9835080e+06   3.1658936e+01
   1.9835350e+06   4.4274902e+01
   1.9835620e+06   3.4039307e+01
   1.9835800e+06   3.1658936e+01
   1.9836230e+06   3.3325195e+01
   2.0019500e+06   2.9992676e+01
   2.0188640e+06   2.9992676e+01
   2.0188880e+06   3.1420898e+01
   2.0189390e+06   3.6181641e+01
   2.0189810e+06   3.4753418e+01
   2.0190370e+06   3.2849121e+01
   2.0190510e+06   4.1418457e+01
   2.0190870e+06   3.4039307e+01
   2.0474880e+06   3.4753418e+01
   2.0475340e+06   4.9273682e+01
   2.0475500e+06   3.6181641e+01
   2.0475740e+06   3.5467529e+01
   2.0476550e+06   4.2370605e+01
   2.0855370e+06   3.1896973e+01
   2.1251180e+06   3.2135010e+01
   2.1266620e+06   2.9992676e+01
   2.1267160e+06   3.0468750e+01
   2.1267520e+06   3.0944824e+01
   2.1268470e+06   3.3801270e+01
   2.1268720e+06   3.2373047e+01
   2.1269190e+06   3.2611084e+01
   2.1425900e+06   3.3325195e+01
   2.1457360e+06   3.1420898e+01
   2.1461150e+06   3.1658936e+01
   2.1462090e+06   4.1180420e+01
   2.1877220e+06   3.4991455e+01
   2.1878710e+06   3.0230713e+01
   2.1903660e+06   3.2849121e+01
   2.2131650e+06   2.9992676e+01
   2.2131980e+06   3.2849121e+01
   2.2133320e+06   3.6181641e+01
   2.2543120e+06   3.4515381e+01
   2.2543860e+06   3.2611084e+01
   2.2544010e+06   3.0468750e+01
   2.2868570e+06   3.1182861e+01
   2.2950790e+06   3.7847900e+01
   2.2951820e+06   3.1420898e+01
   2.3131040e+06   3.8085938e+01
   2.3131360e+06   4.0466309e+01
   2.3131660e+06   3.3325195e+01
   2.3131790e+06   4.6417236e+01
   2.3132270e+06   3.5705566e+01
   2.3371940e+06   3.2849121e+01
   2.3372170e+06   3.1896973e+01
   2.3372540e+06   3.5229492e+01
   2.3373140e+06   3.3087158e+01
   2.3373910e+06   3.3563232e+01
   2.3374340e+06   3.0944824e+01
   2.3376450e+06   3.5229492e+01
   2.3766290e+06   3.2849121e+01
   2.3777400e+06   3.1182861e+01
   2.3859840e+06   3.6419678e+01
   2.3860270e+06   3.0468750e+01
   2.3871140e+06   3.7133789e+01
   2.4116910e+06   5.0701904e+01
   2.4117170e+06   2.9992676e+01
   2.4408830e+06   3.1896973e+01
   2.4421830e+06   3.2373047e+01
   2.4436360e+06   3.0230713e+01
   2.4437710e+06   3.1182861e+01
   2.4652110e+06   3.1182861e+01
   2.4727810e+06   3.1182861e+01
   2.4791310e+06   3.0230713e+01
   2.4792950e+06   3.3087158e+01
   2.4793610e+06   3.2849121e+01
   2.4793780e+06   5.0939941e+01
   2.4794140e+06   3.1182861e+01
   2.4794440e+06   4.0942383e+01
   2.4794710e+06   3.8800049e+01
   2.5093180e+06   4.0466309e+01
   2.5094030e+06   3.1896973e+01
   2.5095600e+06   3.9038086e+01
   2.5096270e+06   3.5229492e+01
   2.5096690e+06   2.9992676e+01
   2.5269230e+06   3.0944824e+01
   2.5502130e+06   3.4991455e+01
   2.5692510e+06   2.9992676e+01
   2.5694540e+06   3.6895752e+01
   2.5694790e+06   3.0944824e+01
   2.5695140e+06   3.2849121e+01
   2.5695250e+06   3.9514160e+01
   2.5695510e+06   3.3087158e+01
   2.5695650e+06   4.0704346e+01
   2.5696180e+06   3.1658936e+01
   2.5696450e+06   3.4753418e+01
   2.5838180e+06   3.0944824e+01
   2.5973940e+06   4.4512939e+01
   2.6206420e+06   3.2611084e+01
   2.6217380e+06   3.4039307e+01
   2.6219300e+06   2.9992676e+01
   2.6219860e+06   3.2135010e+01
   2.6371480e+06   3.0230713e+01
   2.6454830e+06   3.0944824e+01
   2.6455280e+06   3.0468750e+01
   2.6456090e+06   3.3325195e+01
   2.6645550e+06   3.8562012e+01
   2.6816730e+06   3.1182861e+01
   2.6817440e+06   3.1896973e+01
   2.6817540e+06   3.1420898e+01
   2.6915650e+06   3.4039307e+01
   2.6915790e+06   3.2849121e+01
   2.6916580e+06   3.4277344e+01
   2.6916970e+06   3.0230713e+01
   2.6917140e+06   3.1420898e+01
   2.6917670e+06   3.0230713e+01
   2.6917930e+06   3.4039307e+01
   2.6918340e+06   3.5229492e+01
   2.6918530e+06   3.7847900e+01
   2.6919220e+06   3.0944824e+01
   2.7093520e+06   3.3325195e+01
   2.7094370e+06   3.6657715e+01
   2.7094590e+06   3.0706787e+01
   2.7095000e+06   3.3563232e+01
   2.7095200e+06   3.3563232e+01
   2.7095330e+06   3.3325195e+01
   2.7095470e+06   3.7847900e+01
   2.7095600e+06   3.8323975e+01
   2.7096020e+06   3.1420898e+01
   2.7099030e+06   3.0230713e+01
   2.7105620e+06   3.1420898e+01
   2.7111500e+06   3.0706787e+01
   2.7119700e+06   3.1182861e+01
   2.7121530e+06   3.2611084e+01
   2.7123190e+06   3.1420898e+01
   2.7127820e+06   3.1658936e+01
   2.7135250e+06   3.5229492e+01
   2.7136710e+06   3.3087158e+01
   2.7141580e+06   2.9992676e+01
   2.7142550e+06   3.3087158e+01
   2.7155690e+06   3.2373047e+01
   2.7157760e+06   3.0230713e+01
   2.7169810e+06   3.0944824e+01
   2.7171930e+06   2.9992676e+01
   2.7452800e+06   3.5705566e+01
   2.7453180e+06   3.0706787e+01
   2.7453520e+06   4.7131348e+01
   2.7453700e+06   3.4039307e+01
   2.7453900e+06   3.3563232e+01
   2.7454050e+06   3.7609863e+01
   2.7454210e+06   3.9514160e+01
   2.7454490e+06   3.9276123e+01
   2.7455290e+06   3.0706787e+01
   2.7458720e+06   3.3801270e+01
   2.7657380e+06   3.7133789e+01
   2.7657850e+06   3.0706787e+01
   2.7658090e+06   3.1420898e+01
   2.7658350e+06   2.9992676e+01
   2.7658510e+06   3.3087158e+01
   2.7658700e+06   3.7133789e+01
   2.7659310e+06   3.1420898e+01
   2.7659740e+06   3.4753418e+01
   2.7661340e+06   3.8562012e+01
   2.8045990e+06   3.2849121e+01
   2.8046540e+06   3.8085938e+01
   2.8046760e+06   3.9514160e+01
   2.8047050e+06   4.0704346e+01
   2.8047230e+06   3.7133789e+01
   2.8047420e+06   3.0944824e+01
   2.8047610e+06   4.5227051e+01
   2.8048550e+06   3.0230713e+01
   2.8051320e+06   2.9992676e+01
   2.8051460e+06   3.2373047e+01
   2.8052580e+06   3.0468750e+01
   2.8273580e+06   4.0466309e+01
   2.8273980e+06   4.4750977e+01
   2.8274240e+06   3.1896973e+01
   2.8274640e+06   3.3801270e+01
   2.8275300e+06   3.7371826e+01
   2.8275590e+06   3.9752197e+01
   2.8469530e+06   3.5229492e+01
   2.8470030e+06   2.9992676e+01
   2.8470580e+06   3.5705566e+01
   2.8470850e+06   3.3801270e+01
   2.8471270e+06   3.0706787e+01
   2.8471670e+06   3.8085938e+01
   2.8472150e+06   3.2849121e+01
   2.8472320e+06   3.2849121e+01
   2.8620520e+06   3.2373047e+01
   2.8620660e+06   3.6657715e+01
   2.8621010e+06   3.0468750e+01
   2.8621330e+06   3.3563232e+01
   2.8621470e+06   3.6657715e+01
   2.8621750e+06   3.3325195e+01
   2.8622050e+06   3.0468750e+01
   2.8622260e+06   3.5467529e+01
   2.8622520e+06   3.1420898e+01
   2.8623150e+06   3.7371826e+01
   2.8791780e+06   3.1420898e+01
   2.8792100e+06   3.2135010e+01
   2.8792390e+06   4.6417236e+01
   2.8792670e+06   4.6179199e+01
   2.8792810e+06   3.4277344e+01
   2.8793060e+06   3.0944824e+01
   2.8793390e+06   3.4515381e+01
   2.8794190e+06   4.2846680e+01
   2.8800140e+06   3.0230713e+01
   2.8931490e+06   3.1658936e+01
   2.8931930e+06   3.2611084e+01
   2.8932200e+06   4.2370605e+01
   2.8932390e+06   3.4991455e+01
   2.8932520e+06   3.5229492e+01
   2.8932700e+06   3.2373047e+01
   2.8932930e+06   3.3087158e+01
   2.8933120e+06   3.9276123e+01
   2.8933350e+06   3.9990234e+01
   2.8933680e+06   3.1658936e+01
   2.8934140e+06   3.1420898e+01
   2.8934340e+06   3.0230713e+01
   2.9239720e+06   4.6179199e+01
   2.9240050e+06   3.4515381e+01
   2.9240230e+06   3.2611084e+01
   2.9240480e+06   4.6179199e+01
   2.9240710e+06   3.9514160e+01
   2.9240900e+06   3.5229492e+01
   2.9242290e+06   4.1180420e+01
   2.9480030e+06   2.9992676e+01
   2.9480340e+06   3.5943604e+01
   2.9480490e+06   3.2849121e+01
   2.9480890e+06   3.6181641e+01
   2.9481090e+06   3.9990234e+01
   2.9481490e+06   3.1896973e+01
   2.9482500e+06   3.4753418e+01
   2.9740840e+06   3.4039307e+01
   2.9741490e+06   3.2611084e+01
   2.9741730e+06   3.1420898e+01
   2.9743560e+06   3.5229492e+01
   2.9746560e+06   2.9992676e+01
   2.9908490e+06   3.9514160e+01
   2.9908900e+06   3.9752197e+01
   2.9909110e+06   3.7133789e+01
   2.9909670e+06   3.0468750e+01
   2.9910330e+06   3.1182861e+01
   2.9910740e+06   3.3087158e+01
   3.0045730e+06   3.4039307e+01
   3.0046130e+06   3.1658936e+01
   3.0046560e+06   3.2611084e+01
   3.0046730e+06   3.1658936e+01
   3.0046980e+06   4.3084717e+01
   3.0047410e+06   4.7607422e+01
   3.0047980e+06   3.0944824e+01
   3.0048170e+06   3.9276123e+01
   3.0048430e+06   3.6657715e+01
   3.0286640e+06   3.3563232e+01
   3.0286950e+06   3.0230713e+01
   3.0287210e+06   3.5705566e+01
   3.0287320e+06   4.1418457e+01
   3.0287520e+06   3.6657715e+01
   3.0287800e+06   3.2373047e+01
   3.0287950e+06   3.1420898e+01
   3.0288150e+06   3.9276123e+01
   3.0289170e+06   3.2611084e+01
   3.0567870e+06   3.6657715e+01
   3.0568170e+06   4.3560791e+01
   3.0568290e+06   3.4991455e+01
   3.0568640e+06   4.0228271e+01
   3.0568850e+06   3.1182861e+01
   3.0569070e+06   4.3560791e+01
   3.0569280e+06   3.6419678e+01
   3.0569870e+06   3.0468750e+01
   3.0570140e+06   2.9992676e+01
   3.0570420e+06   3.2611084e+01
   3.0573070e+06   3.0468750e+01
   3.0787300e+06   3.0230713e+01
   3.0787520e+06   3.0944824e+01
   3.0787890e+06   3.2849121e+01
   3.0788150e+06   4.0942383e+01
   3.0788410e+06   3.2849121e+01
   3.0788870e+06   4.8321533e+01
   3.0789020e+06   4.0228271e+01
   3.0789640e+06   3.3325195e+01
   3.0789780e+06   3.4039307e+01
   3.0790040e+06   3.8800049e+01
   3.0790570e+06   3.4515381e+01
   3.0994260e+06   3.8085938e+01
   3.0994540e+06   3.1420898e+01
   3.0994970e+06   3.2373047e+01
   3.0995250e+06   3.2373047e+01
   3.0995380e+06   3.7133789e+01
   3.0995770e+06   3.5229492e+01
   3.0995880e+06   4.0466309e+01
   3.0996240e+06   3.2611084e+01
   3.0997910e+06   3.5229492e+01
   3.1275220e+06   4.1894531e+01
   3.1275590e+06   3.0944824e+01
   3.1276150e+06   3.7133789e+01
   3.1276610e+06   3.0944824e+01
   3.1277700e+06   3.1896973e+01
   3.1578480e+06   3.3325195e+01
   3.1578880e+06   2.9992676e+01
   3.1579140e+06   3.9990234e+01
   3.1579400e+06   4.6179199e+01
   3.1579530e+06   3.7847900e+01
   3.1579760e+06   3.8800049e+01
   3.1580200e+06   3.4991455e+01
   3.1580830e+06   3.1420898e+01
   3.1846880e+06   3.1420898e+01
   3.1847060e+06   3.5705566e+01
   3.1847790e+06   3.7847900e+01
   3.1848070e+06   3.1658936e+01
   3.1849080e+06   4.1894531e+01
   3.2191250e+06   3.2611084e+01
   3.2555340e+06   3.1658936e+01
   3.2555670e+06   3.0706787e+01
   3.2556350e+06   3.0230713e+01
   3.2669760e+06   3.5943604e+01
   3.2670070e+06   3.5229492e+01
   3.2671090e+06   3.0944824e+01
   3.2831170e+06   5.7366943e+01
   3.2972420e+06   3.2373047e+01
   3.3121250e+06   3.0706787e+01
   3.3159010e+06   3.1896973e+01
   3.3204580e+06   3.0468750e+01
   3.3229500e+06   3.2849121e+01
   3.3365750e+06   4.0228271e+01
   3.3365950e+06   3.9276123e+01
   3.3366510e+06   2.9992676e+01
   3.3366940e+06   3.0468750e+01
   3.3525790e+06   3.0230713e+01
   3.3526080e+06   3.2849121e+01
   3.3527580e+06   3.0468750e+01
   3.3644450e+06   3.5229492e+01
   3.3645120e+06   3.0230713e+01
   3.3663000e+06   3.4753418e+01
   3.3816600e+06   3.0468750e+01
   3.3816960e+06   3.3801270e+01
   3.3925120e+06   3.2135010e+01
   3.3925300e+06   3.4991455e+01
   3.4051620e+06   3.8085938e+01
   3.4051730e+06   3.3087158e+01
   3.4051890e+06   3.2611084e+01
   3.4052970e+06   3.2849121e+01
   3.4152730e+06   3.7371826e+01
   3.4152890e+06   2.9992676e+01
   3.4268330e+06   3.2611084e+01
   3.4268590e+06   3.4991455e+01
   3.4269080e+06   3.0230713e+01
   3.4269700e+06   3.6181641e+01
   3.4370630e+06   3.1896973e+01
   3.4370950e+06   3.1420898e+01
   3.4371830e+06   2.9992676e+01
   3.4556150e+06   3.2135010e+01
   3.4556420e+06   3.1182861e+01
   3.4556750e+06   3.5229492e+01
   3.4557160e+06   2.9992676e+01
   3.4653990e+06   3.0944824e+01
   3.4840820e+06   3.1182861e+01
   3.5038370e+06   3.3325195e+01
   3.5073140e+06   3.1420898e+01
   3.5322890e+06   3.2611084e+01
   3.5323140e+06   3.0468750e+01
   3.5323260e+06   3.1896973e+01
   3.5324050e+06   3.7371826e+01
   3.5430560e+06   3.2373047e+01
   3.5430950e+06   3.0706787e+01
   3.5702880e+06   3.2849121e+01
   3.5793270e+06   3.8323975e+01
   3.5793540e+06   4.1180420e+01
   3.5794120e+06   3.0230713e+01
   3.5794440e+06   4.0228271e+01
   3.5794660e+06   3.2373047e+01
   3.5794920e+06   3.0706787e+01
   3.5841620e+06   3.2373047e+01
   3.6027830e+06   3.2373047e+01
   3.6038100e+06   3.1896973e+01
   3.6131050e+06   3.4753418e+01
   3.6133640e+06   3.3087158e+01
   3.6259140e+06   3.1420898e+01
   3.6269580e+06   3.2849121e+01
   3.6561650e+06   3.4753418e+01
   3.6890800e+06   3.0468750e+01
   3.6892210e+06   3.2373047e+01
   3.6892530e+06   3.0944824e+01
   3.6893060e+06   3.1896973e+01
   3.6993250e+06   2.9992676e+01
   3.6994580e+06   3.1658936e+01
   3.7159380e+06   3.0230713e+01
   3.7159710e+06   3.4039307e+01
   3.7161620e+06   3.1896973e+01
   3.7501870e+06   3.0230713e+01
   3.7502590e+06   2.9992676e+01
   3.7580970e+06   3.5705566e+01
   3.7582490e+06   3.4039307e+01
   3.7802280e+06   3.3325195e+01
   3.8029910e+06   3.2611084e+01
   3.8057660e+06   3.4515381e+01
   3.8242700e+06   3.2135010e+01
   3.8250530e+06   3.4039307e+01
   3.8252070e+06   2.9992676e+01
   3.8398830e+06   3.8085938e+01
   3.8401850e+06   3.6657715e+01
   3.8864380e+06   3.3563232e+01
   3.8866700e+06   3.1420898e+01
   3.8935090e+06   3.0230713e+01
   3.8935500e+06   3.7133789e+01
   3.8940180e+06   3.7133789e+01
   3.9204010e+06   3.2611084e+01
   3.9205740e+06   3.9038086e+01
   3.9504720e+06   3.4515381e+01
   3.9512880e+06   3.1896973e+01
   3.9735410e+06   4.4274902e+01
   3.9743650e+06   3.4515381e+01
   4.0182660e+06   3.0230713e+01
   4.0192950e+06   3.1896973e+01
   4.0419430e+06   3.0944824e+01
   4.0785970e+06   2.9992676e+01
   4.0792730e+06   3.0706787e+01
   4.0942710e+06   3.2849121e+01
   4.0947170e+06   3.8085938e+01
   4.0947530e+06   3.4277344e+01
   4.0947810e+06   3.5229492e+01
   4.0947970e+06   3.4515381e+01
   4.0948510e+06   4.5703125e+01
   4.1109730e+06   3.1420898e+01
   4.1110320e+06   3.5467529e+01
   4.1110520e+06   3.3325195e+01
   4.1110730e+06   4.2132568e+01
   4.1111080e+06   3.8085938e+01
   4.1111420e+06   3.3801270e+01
   4.1111820e+06   3.6181641e+01
   4.1112390e+06   3.0944824e+01
   4.1112580e+06   3.5467529e+01
   4.1112840e+06   3.1182861e+01
   4.1112970e+06   4.2370605e+01
   4.1592820e+06   3.0944824e+01
   4.1594110e+06   2.9992676e+01
   4.1595670e+06   3.3801270e+01
   4.1596110e+06   3.5943604e+01
   4.1596220e+06   3.9990234e+01
   4.1596620e+06   3.6181641e+01
   4.1597000e+06   4.3560791e+01
   4.1597430e+06   4.2370605e+01
   4.1597660e+06   3.0706787e+01
   4.1597920e+06   5.0701904e+01
   4.1598120e+06   3.1182861e+01
   4.1845410e+06   4.0228271e+01
   4.1845580e+06   3.0944824e+01
   4.1845780e+06   3.0230713e+01
   4.1846380e+06   4.6655273e+01
   4.1847380e+06   3.6419678e+01
   4.1847680e+06   4.5227051e+01
   4.1847890e+06   3.9276123e+01
   4.1848110e+06   4.4036865e+01
   4.1848210e+06   3.3087158e+01
   4.1848460e+06   3.0706787e+01
   4.1848820e+06   3.2849121e+01
   4.1849080e+06   4.1180420e+01
   4.1849210e+06   3.0706787e+01
   4.1993490e+06   3.0230713e+01
   4.1994720e+06   3.5943604e+01
   4.1994960e+06   3.0468750e+01
   4.1995550e+06   3.0468750e+01
   4.1996000e+06   3.3325195e+01
   4.1996310e+06   3.1658936e+01
   4.2132830e+06   3.0706787e+01
   4.2133000e+06   3.5467529e+01
   4.2133710e+06   5.2368164e+01
   4.2134040e+06   3.1896973e+01
   4.2134420e+06   3.8562012e+01
   4.2135060e+06   3.2135010e+01
   4.2136180e+06   3.0468750e+01
   4.2147940e+06   3.2373047e+01
   4.2150700e+06   3.0230713e+01
   4.2284840e+06   4.1418457e+01
   4.2285010e+06   3.5705566e+01
   4.2285250e+06   3.5467529e+01
   4.2285480e+06   3.1896973e+01
   4.2285720e+06   3.1658936e+01
   4.2286620e+06   3.3087158e+01
   4.2291520e+06   2.9992676e+01
   4.2425100e+06   3.1182861e+01
   4.2425300e+06   3.7847900e+01
   4.2425500e+06   3.4515381e+01
   4.2425920e+06   4.3322754e+01
   4.2426040e+06   3.2849121e+01
   4.2426280e+06   3.3563232e+01
   4.2426600e+06   3.7133789e+01
   4.2426970e+06   3.2373047e+01
   4.2427310e+06   3.3087158e+01
   4.2431020e+06   3.3801270e+01
   4.2433360e+06   3.1420898e+01
   4.2552490e+06   4.3322754e+01
   4.2552740e+06   4.8321533e+01
   4.2553300e+06   3.0706787e+01
   4.2553590e+06   3.5705566e+01
   4.2553740e+06   3.4753418e+01
   4.2554150e+06   3.4991455e+01
   4.2554410e+06   4.2608643e+01
   4.2556680e+06   3.0944824e+01
   4.2560930e+06   3.0468750e+01
   4.2689240e+06   4.2608643e+01
   4.2689440e+06   3.1896973e+01
   4.2689820e+06   4.6179199e+01
   4.2690230e+06   3.1420898e+01
   4.2690760e+06   2.9992676e+01
   4.2691370e+06   3.4515381e+01
   4.2691730e+06   3.3563232e+01
   4.2826120e+06   2.9992676e+01
   4.2826400e+06   3.8562012e+01
   4.2826530e+06   4.5941162e+01
   4.2827150e+06   4.3560791e+01
   4.2827610e+06   2.9992676e+01
   4.2828030e+06   3.3325195e+01
   4.2828190e+06   3.1420898e+01
   4.2828650e+06   2.9992676e+01
   4.2927430e+06   3.0944824e+01
   4.2927710e+06   3.2611084e+01
   4.2927960e+06   3.2849121e+01
   4.2928320e+06   4.2370605e+01
   4.2928530e+06   3.1658936e+01
   4.2928680e+06   3.6419678e+01
   4.2928970e+06   3.1420898e+01
   4.2929490e+06   3.9276123e+01
   4.2929780e+06   3.1658936e+01
   4.3163140e+06   3.0944824e+01
   4.3164240e+06   3.2611084e+01
   4.3164870e+06   3.7371826e+01
   4.3165190e+06   3.5229492e+01
   4.3165310e+06   3.9276123e+01
   4.3165740e+06   3.6181641e+01
   4.3165850e+06   3.9038086e+01
   4.3166170e+06   3.0706787e+01
   4.3166370e+06   3.1420898e+01
   4.3166620e+06   3.7847900e+01
   4.3166860e+06   3.1420898e+01
   4.3379620e+06   3.2373047e+01
   4.3379990e+06   3.0230713e+01
   4.3380400e+06   3.6419678e+01
   4.3381420e+06   3.2135010e+01
   4.3381720e+06   3.0706787e+01
   4.3381840e+06   3.0944824e+01
   4.3382070e+06   4.7131348e+01
   4.3382500e+06   3.6895752e+01
   4.3383380e+06   3.0230713e+01
   4.3544640e+06   3.4039307e+01
   4.3545780e+06   3.1420898e+01
   4.3546270e+06   3.1420898e+01
   4.3546470e+06   3.5229492e+01
   4.3546600e+06   3.3563232e+01
   4.3547650e+06   3.4753418e+01
   4.3553760e+06   3.0230713e+01
   4.3835620e+06   3.0468750e+01
   4.3836900e+06   4.3322754e+01
   4.3837150e+06   3.3325195e+01
   4.3837590e+06   3.0706787e+01
   4.3837790e+06   3.4753418e+01
   4.3838330e+06   4.4274902e+01
   4.3838970e+06   4.2608643e+01
   4.3839340e+06   3.4991455e+01
   4.3840180e+06   3.0706787e+01
   4.3980790e+06   3.4277344e+01
   4.3981180e+06   3.0944824e+01
   4.3981440e+06   3.1182861e+01
   4.3981650e+06   3.6657715e+01
   4.3982080e+06   4.0228271e+01
   4.3982840e+06   3.1182861e+01
   4.3982940e+06   3.3801270e+01
   4.3984230e+06   3.0468750e+01
   4.4245350e+06   3.6181641e+01
   4.4245490e+06   3.0944824e+01
   4.4246250e+06   3.2135010e+01
   4.4750610e+06   3.4515381e+01
   4.4751500e+06   3.1896973e+01
   4.4751830e+06   3.1420898e+01
   4.4752160e+06   4.5465088e+01
   4.4753270e+06   3.1420898e+01
   4.5045700e+06   3.0230713e+01
   4.5238360e+06   3.1896973e+01
   4.5238720e+06   4.9749756e+01
   4.5239440e+06   3.0706787e+01
   4.5239600e+06   3.5705566e+01
   4.5240310e+06   3.2135010e+01
   4.5240810e+06   3.2373047e+01
   4.5241520e+06   4.6417236e+01
   4.5241950e+06   3.9514160e+01
   4.5435650e+06   3.2373047e+01
   4.5577870e+06   3.0944824e+01
   4.5587620e+06   2.9992676e+01
   4.5887960e+06   3.5467529e+01
   4.5891110e+06   3.0468750e+01
   4.6246700e+06   3.3563232e+01
   4.6253560e+06   3.1658936e+01
   4.6265460e+06   3.0944824e+01
   4.6335450e+06   3.0468750e+01
   4.6338150e+06   3.0468750e+01
   4.6657250e+06   4.2846680e+01
   4.6657370e+06   3.5943604e+01
   4.6657620e+06   3.1896973e+01
   4.6663660e+06   3.0468750e+01
   4.6818440e+06   3.1182861e+01
   4.6924850e+06   3.0706787e+01
   4.6929130e+06   3.8085938e+01
   4.6934150e+06   3.4753418e+01
   4.6938830e+06   3.8800049e+01
   4.7098070e+06   3.0468750e+01
   4.7101670e+06   3.0706787e+01
   4.7262950e+06   3.3563232e+01
   4.7264840e+06   3.3087158e+01
   4.7270290e+06   3.0468750e+01
   4.7272360e+06   3.0230713e+01
   4.7273060e+06   3.8562012e+01
   4.7275900e+06   2.9992676e+01
   4.7397350e+06   3.0468750e+01
   4.7398210e+06   3.4039307e+01
   4.7405460e+06   3.2611084e+01
   4.7755630e+06   3.0468750e+01
   4.7756850e+06   3.1420898e+01
   4.7954830e+06   3.3325195e+01
   4.8002520e+06   4.0704346e+01
   4.8003240e+06   3.2135010e+01
   4.8236520e+06   3.2611084e+01
   4.8241220e+06   3.0468750e+01
   4.8242100e+06   3.2135010e+01
   4.8249560e+06   3.1420898e+01
   4.8281310e+06   3.1182861e+01
   4.8282580e+06   3.0706787e+01
   4.8287190e+06   3.2611084e+01
   4.8618960e+06   3.4515381e+01
   4.8619210e+06   3.9038086e+01
   4.8619500e+06   3.0706787e+01
   4.8620900e+06   3.3087158e+01
   4.8621220e+06   3.5705566e+01
   4.8697350e+06   3.1896973e+01
   4.8697540e+06   4.7369385e+01
   4.8698270e+06   3.1658936e+01
   4.8698640e+06   3.4277344e+01
   4.8699280e+06   3.5229492e+01
   4.8700580e+06   3.1182861e+01
   4.8935940e+06   4.3798828e+01
   4.8936470e+06   3.3801270e+01
   4.8936820e+06   2.9992676e+01
   4.9000350e+06   3.4039307e+01
   4.9001270e+06   3.2135010e+01
   4.9218470e+06   3.0706787e+01
   4.9219860e+06   3.0706787e+01
   4.9223750e+06   3.0944824e+01
   4.9458350e+06   2.9992676e+01
   4.9459010e+06   3.1896973e+01
   4.9464160e+06   3.8562012e+01
   4.9661280e+06   3.2849121e+01
   4.9662240e+06   3.3563232e+01
   4.9715880e+06   3.0230713e+01
   4.9716660e+06   3.0944824e+01
   4.9814610e+06   3.0468750e+01
   4.9816670e+06   3.0706787e+01
   4.9817090e+06   3.0468750e+01
   4.9819420e+06   3.0230713e+01
   4.9910580e+06   2.9992676e+01
   4.9918060e+06   3.1658936e+01
   4.9946340e+06   3.0706787e+01
   5.0025680e+06   3.1182861e+01
   5.0025920e+06   3.2135010e+01
   5.0026590e+06   3.4515381e+01
   5.0063010e+06   3.4753418e+01
   5.0136690e+06   3.1420898e+01
   5.0136960e+06   3.4991455e+01
   5.0137530e+06   3.4039307e+01
   5.0137920e+06   3.2849121e+01
   5.0174270e+06   4.1894531e+01
   5.0238170e+06   3.0944824e+01
   5.0238500e+06   3.1420898e+01
   5.0239860e+06   3.2373047e+01
   5.0273650e+06   3.2611084e+01
   5.0274980e+06   3.0706787e+01
   5.0331600e+06   3.1420898e+01
   5.0331800e+06   3.1658936e+01
   5.0332500e+06   3.4753418e+01
   5.0334850e+06   2.9992676e+01
   5.0437100e+06   3.1182861e+01
   5.0437700e+06   3.3563232e+01
   5.0491280e+06   3.7847900e+01
   5.0492280e+06   3.3087158e+01
   5.0516830e+06   3.2135010e+01
   5.0582980e+06   3.2373047e+01
   5.0654610e+06   3.5705566e+01
   5.0654870e+06   3.3325195e+01
   5.0655150e+06   3.4753418e+01
   5.0656510e+06   4.1180420e+01
   5.0770150e+06   3.6419678e+01
   5.0771510e+06   3.2849121e+01
   5.0896540e+06   3.5705566e+01
   5.0896720e+06   3.3325195e+01
   5.0897040e+06   3.0944824e+01
   5.0897610e+06   3.1182861e+01
   5.0928700e+06   3.2611084e+01
   5.0930440e+06   3.1420898e+01
   5.1022190e+06   3.7847900e+01
   5.1232520e+06   4.5941162e+01
   5.1432930e+06   4.4512939e+01
   5.1434170e+06   3.1896973e+01
   5.1703170e+06   3.0468750e+01
   5.2033040e+06   3.1896973e+01
   5.2055680e+06   3.2849121e+01
   5.2511330e+06   3.6895752e+01
   5.4768570e+06   3.1658936e+01
   5.4769030e+06   3.5943604e+01
   5.5471610e+06   3.1182861e+01
   5.5521470e+06   3.1182861e+01
   5.5522860e+06   3.7133789e+01
   5.5720910e+06   3.0468750e+01
   5.5722490e+06   3.0230713e+01
   5.5964790e+06   3.2849121e+01
   5.5965990e+06   3.5943604e+01
   5.5966590e+06   3.2373047e+01
   5.5966870e+06   3.5943604e+01
   5.5968250e+06   3.1420898e+01
   5.6099730e+06   3.5705566e+01
   5.6100760e+06   3.4753418e+01
   5.6279140e+06   3.1182861e+01
   5.6280310e+06   3.0706787e+01
   5.6601250e+06   3.2849121e+01
   5.6603140e+06   3.0706787e+01
   5.6765240e+06   3.1182861e+01
   5.6765870e+06   3.6419678e+01
   5.6903040e+06   2.9992676e+01
   5.7102210e+06   3.1658936e+01
   5.7103230e+06   3.4515381e+01
   5.7103340e+06   3.1658936e+01
   5.7149120e+06   3.4991455e+01
   5.7304480e+06   3.0706787e+01
   5.7304740e+06   3.1420898e+01
   5.7305510e+06   3.2849121e+01
   5.7609480e+06   3.1420898e+01
   5.7609860e+06   3.0944824e+01
   5.7610550e+06   3.9514160e+01
   5.7610670e+06   3.1182861e+01
   5.7611320e+06   3.0706787e+01
   5.7611860e+06   3.2373047e+01
   5.7794850e+06   3.2135010e+01
   5.7795810e+06   3.5705566e+01
   5.7949380e+06   3.3325195e+01
   5.7949880e+06   3.1420898e+01
   5.7950040e+06   3.6181641e+01
   5.7950440e+06   3.1420898e+01
   5.7952570e+06   3.0944824e+01
   5.8118980e+06   3.0230713e+01
   5.8120900e+06   3.0230713e+01
   5.8121430e+06   3.2135010e+01
   5.8270990e+06   3.6419678e+01
   5.8271610e+06   4.4274902e+01
   5.8272260e+06   3.4753418e+01
   5.8272830e+06   3.0706787e+01
   5.8273170e+06   3.8800049e+01
   5.8431220e+06   3.1420898e+01
   5.8431480e+06   3.0468750e+01
   5.8715260e+06   3.3563232e+01
   5.8856230e+06   3.1182861e+01
   5.8856450e+06   3.0468750e+01
   5.8857460e+06   3.4753418e+01
   5.8929180e+06   3.0706787e+01
   5.9078960e+06   3.5467529e+01
   5.9079830e+06   3.2135010e+01
   5.9080770e+06   3.0944824e+01
   5.9081190e+06   3.1182861e+01
   5.9322150e+06   2.9992676e+01
   5.9322660e+06   3.8800049e+01
   5.9322890e+06   3.2611084e+01
   5.9575010e+06   3.2849121e+01
   5.9576040e+06   3.0944824e+01
   5.9776290e+06   3.4515381e+01
   5.9862600e+06   3.6419678e+01
   5.9863650e+06   3.3325195e+01
   5.9863950e+06   3.8323975e+01
   5.9864550e+06   3.1896973e+01
   5.9909120e+06   3.1658936e+01
   6.0330430e+06   3.3087158e+01
   6.0692990e+06   3.4753418e+01
   6.0935020e+06   3.0944824e+01
   6.1093080e+06   3.3325195e+01
   6.1094460e+06   3.2849121e+01
   6.1453260e+06   3.0706787e+01
   6.2033250e+06   3.6181641e+01
   6.2928050e+06   3.1896973e+01
   6.3472440e+06   3.0468750e+01
   6.3477400e+06   3.1658936e+01
   6.3479710e+06   3.6657715e+01
   6.3549340e+06   3.0230713e+01
   6.3802180e+06   3.1420898e+01
   6.3807200e+06   3.0706787e+01
   6.3808400e+06   3.9276123e+01
   6.3811010e+06   3.0944824e+01
   6.3980430e+06   3.0706787e+01
   6.4231620e+06   3.0230713e+01
   6.4236790e+06   3.0468750e+01
   6.4237990e+06   3.6181641e+01
   6.4573630e+06   3.1420898e+01
   6.4575690e+06   3.4277344e+01
   6.4576300e+06   3.0944824e+01
   6.4915700e+06   3.2135010e+01
   6.5361160e+06   2.9992676e+01
   6.5366060e+06   3.3801270e+01
   6.5370070e+06   3.1182861e+01
   6.5561930e+06   2.9992676e+01
   6.6008500e+06   3.3801270e+01
   6.6011830e+06   3.2373047e+01
   6.6013480e+06   3.5943604e+01
   6.6015170e+06   3.1182861e+01
   6.6406000e+06   3.3325195e+01
   6.6407150e+06   3.0230713e+01
   6.6628560e+06   3.0230713e+01
   6.6630130e+06   3.4277344e+01
   6.6630490e+06   3.3563232e+01
   6.6636590e+06   3.0468750e+01
   6.6639560e+06   3.2373047e+01
   6.6916000e+06   3.0468750e+01
   6.6919180e+06   3.0468750e+01
   6.7126050e+06   3.5467529e+01
   6.7128060e+06   3.4753418e+01
   6.7134940e+06   3.5229492e+01
   6.7634060e+06   3.3801270e+01
   6.8068000e+06   3.1896973e+01
   6.8081340e+06   3.0706787e+01
   6.8214330e+06   3.5705566e+01
   6.8215000e+06   3.2135010e+01
   6.8469290e+06   3.0706787e+01
   6.8473670e+06   4.1418457e+01
   6.8555130e+06   3.3325195e+01
   6.8754710e+06   3.2135010e+01
   6.9071140e+06   3.0706787e+01
   6.9073230e+06   3.3087158e+01
   6.9279730e+06   3.2611084e+01
   6.9279900e+06   3.4277344e+01
   6.9280050e+06   4.9511719e+01
   6.9280530e+06   3.9990234e+01
   6.9280850e+06   4.5941162e+01
   6.9281090e+06   3.0230713e+01
   6.9281650e+06   3.0230713e+01
   6.9719260e+06   3.3087158e+01
   6.9720490e+06   4.3084717e+01
   6.9720740e+06   3.3087158e+01
   6.9721050e+06   5.8319092e+01
   6.9721320e+06   3.7847900e+01
   6.9721590e+06   4.0228271e+01
   6.9722170e+06   3.5943604e+01
   6.9736160e+06   3.1420898e+01
   6.9749410e+06   3.1182861e+01
   6.9754610e+06   3.0230713e+01
   6.9758680e+06   3.5467529e+01
   6.9765520e+06   3.0468750e+01
   7.0320920e+06   3.0230713e+01
   7.0559330e+06   3.3563232e+01
   7.0559440e+06   3.0706787e+01
   7.0560060e+06   3.3801270e+01
   7.0560400e+06   3.9514160e+01
   7.0560580e+06   3.0468750e+01
   7.0560800e+06   4.6417236e+01
   7.0561160e+06   3.9514160e+01
   7.0561450e+06   2.9992676e+01
   7.0561660e+06   4.1894531e+01
   7.0561880e+06   2.9992676e+01
   7.0562150e+06   4.4512939e+01
   7.1093490e+06   3.1420898e+01
   7.1093720e+06   4.7369385e+01
   7.1093940e+06   4.7369385e+01
   7.1094210e+06   3.9514160e+01
   7.1094410e+06   3.5229492e+01
   7.1094520e+06   3.5467529e+01
   7.1521140e+06   2.9992676e+01
   7.1521520e+06   3.3325195e+01
   7.1521640e+06   3.0230713e+01
   7.1521780e+06   3.4277344e+01
   7.1522100e+06   4.1180420e+01
   7.1522550e+06   3.1658936e+01
   7.1522810e+06   3.3801270e+01
   7.1731820e+06   3.6181641e+01
   7.1733710e+06   3.2135010e+01
   7.1734200e+06   4.0942383e+01
   7.1734310e+06   3.0230713e+01
   7.1734910e+06   3.5467529e+01
   7.1735130e+06   3.2373047e+01
   7.1735290e+06   3.6895752e+01
   7.1735630e+06   3.5229492e+01
   7.1735810e+06   3.0230713e+01
   7.1737230e+06   3.1182861e+01
   7.1942840e+06   3.8800049e+01
   7.1943650e+06   3.1658936e+01
   7.1943900e+06   3.0230713e+01
   7.1944430e+06   3.0230713e+01
   7.1944670e+06   3.1896973e+01
   7.1945900e+06   4.2132568e+01
   7.1946170e+06   3.5705566e+01
   7.1946610e+06   4.2370605e+01
   7.2100370e+06   3.1658936e+01
   7.2101000e+06   3.3801270e+01
   7.2101240e+06   2.9992676e+01
   7.2101650e+06   3.1182861e+01
   7.2102250e+06   3.8085937e+01
   7.2102740e+06   3.4277344e+01
   7.2395650e+06   3.2611084e+01
   7.2396030e+06   3.5229492e+01
   7.2396460e+06   3.0944824e+01
   7.2397120e+06   4.0942383e+01
   7.2397360e+06   3.2611084e+01
   7.2401120e+06   3.0468750e+01
   7.2810670e+06   3.6419678e+01
   7.2810930e+06   3.1896973e+01
   7.2812540e+06   3.0230713e+01
   7.2812670e+06   3.5705566e+01
   7.2812990e+06   3.2135010e+01
   7.2813220e+06   3.1182861e+01
   7.2813460e+06   3.0706787e+01
   7.2813930e+06   3.7133789e+01
   7.2974360e+06   3.1420898e+01
   7.2974890e+06   3.4277344e+01
   7.2975810e+06   3.0706787e+01
   7.2976000e+06   4.0228271e+01
   7.2976470e+06   3.1658936e+01
   7.2976860e+06   3.8323975e+01
   7.2977300e+06   3.3563232e+01
   7.3087020e+06   3.8800049e+01
   7.3088300e+06   3.1658936e+01
   7.3088600e+06   3.4753418e+01
   7.3088860e+06   3.9990234e+01
   7.3089120e+06   3.4991455e+01
   7.3089610e+06   3.4753418e+01
   7.3089860e+06   3.0230713e+01
   7.3090310e+06   3.8085938e+01
   7.3090630e+06   3.0468750e+01
   7.3090820e+06   3.0230713e+01
   7.3091070e+06   3.2849121e+01
   7.3091210e+06   3.0230713e+01
   7.3288740e+06   3.7133789e+01
   7.3288980e+06   3.0468750e+01
   7.3289150e+06   3.0230713e+01
   7.3301110e+06   3.0706787e+01
   7.3484130e+06   3.1182861e+01
   7.3484790e+06   3.2373047e+01
   7.3485800e+06   3.2135010e+01
   7.3486420e+06   3.3801270e+01
   7.3486790e+06   4.2846680e+01
   7.3487000e+06   3.1896973e+01
   7.3487610e+06   4.1418457e+01
   7.3487740e+06   3.9514160e+01
   7.3488180e+06   3.0944824e+01
   7.3488440e+06   4.5227051e+01
   7.3488690e+06   3.2849121e+01
   7.3632390e+06   3.0706787e+01
   7.3633050e+06   5.0225830e+01
   7.3633290e+06   3.0706787e+01
   7.3633450e+06   3.5943604e+01
   7.3633780e+06   3.2135010e+01
   7.3633900e+06   3.3325195e+01
   7.3634020e+06   3.0468750e+01
   7.3634710e+06   2.9992676e+01
   7.3749690e+06   3.3325195e+01
   7.3750050e+06   3.4277344e+01
   7.3750650e+06   3.9752197e+01
   7.3750860e+06   3.0468750e+01
   7.3751410e+06   3.4991455e+01
   7.3751650e+06   3.0706787e+01
   7.3752370e+06   3.1896973e+01
   7.4038390e+06   3.0706787e+01
   7.4039610e+06   3.5229492e+01
   7.4040210e+06   3.0468750e+01
   7.4041130e+06   3.9276123e+01
   7.4041340e+06   3.9038086e+01
   7.4041540e+06   3.9752197e+01
   7.4041740e+06   3.0230713e+01
   7.4041870e+06   3.0230713e+01
   7.4042230e+06   2.9992676e+01
   7.4042330e+06   3.2611084e+01
   7.4354350e+06   3.7847900e+01
   7.4354710e+06   3.1182861e+01
   7.4355580e+06   3.2611084e+01
   7.4355820e+06   3.5229492e+01
   7.4356260e+06   3.0706787e+01
   7.4356910e+06   3.0230713e+01
   7.4861400e+06   3.2611084e+01
   7.4861510e+06   3.2849121e+01
   7.4861890e+06   3.2611084e+01
   7.4862150e+06   3.4039307e+01
   7.4862340e+06   4.4512939e+01
   7.4862450e+06   3.5943604e+01
   7.4862660e+06   3.0230713e+01
   7.4863150e+06   3.5705566e+01
   7.4863650e+06   4.1418457e+01
   7.4863950e+06   3.0468750e+01
   7.5214830e+06   3.8085938e+01
   7.5215370e+06   3.9514160e+01
   7.5215580e+06   3.5229492e+01
   7.5215760e+06   3.0706787e+01
   7.5215950e+06   3.8085937e+01
   7.5216160e+06   3.6657715e+01
   7.5216360e+06   4.0704346e+01
   7.5218190e+06   3.2135010e+01
   7.5556380e+06   3.2611084e+01
   7.5556520e+06   3.1896973e+01
   7.5557060e+06   3.6895752e+01
   7.5557210e+06   3.5705566e+01
   7.5557340e+06   5.8319092e+01
   7.5557840e+06   3.3087158e+01
   7.5558010e+06   3.4515381e+01
   7.5558520e+06   3.0944824e+01
   7.5558780e+06   3.5229492e+01
   7.5559280e+06   3.0944824e+01
   7.5562260e+06   3.0230713e+01
   7.5981370e+06   3.5705566e+01
   7.5981640e+06   2.9992676e+01
   7.5982180e+06   3.2135010e+01
   7.5982390e+06   4.5465088e+01
   7.5982560e+06   3.0230713e+01
   7.5982970e+06   3.3563232e+01
   7.5983070e+06   2.9992676e+01
   7.5983170e+06   3.4039307e+01
   7.5983820e+06   4.0704346e+01
   7.7666920e+06   3.2849121e+01
   7.7672230e+06   3.0230713e+01
   7.8376340e+06   3.1658936e+01
   7.8873710e+06   2.9992676e+01
   7.9414210e+06   2.9992676e+01
   7.9491900e+06   3.2611084e+01
   7.9604500e+06   3.1896973e+01
   7.9606190e+06   3.6181641e+01
   7.9734140e+06   3.4991455e+01
   7.9734640e+06   3.2135010e+01
   7.9735350e+06   3.0706787e+01
   7.9778540e+06   3.3801270e+01
   7.9781660e+06   3.4039307e+01
   7.9882140e+06   3.5705566e+01
   7.9882800e+06   3.1658936e+01
   7.9884880e+06   3.0468750e+01
   7.9979030e+06   3.0468750e+01
   7.9979740e+06   3.6657715e+01
   8.0095580e+06   3.6181641e+01
   8.0096390e+06   2.9992676e+01
   8.0165980e+06   3.1182861e+01
   8.0166240e+06   3.0706787e+01
   8.0264620e+06   3.0706787e+01
   8.0264880e+06   3.6895752e+01
   8.0266220e+06   3.9038086e+01
   8.0266560e+06   3.1658936e+01
   8.0267080e+06   3.1658936e+01
   8.0381750e+06   3.9038086e+01
   8.0491770e+06   3.2373047e+01
   8.0492120e+06   3.4277344e+01
   8.0606650e+06   3.0944824e+01
   8.0607330e+06   3.0468750e+01
   8.0607460e+06   3.0468750e+01
   8.0737350e+06   3.4991455e+01
   8.0737660e+06   3.2135010e+01
   8.0738640e+06   3.1896973e+01
   8.0926700e+06   3.8085938e+01
   8.0927020e+06   4.1894531e+01
   8.0927410e+06   2.9992676e+01
   8.1121650e+06   4.0228271e+01
   8.1122900e+06   3.4039307e+01
   8.1165140e+06   2.9992676e+01
   8.1295510e+06   3.6895752e+01
   8.1386650e+06   3.6419678e+01
   8.1388710e+06   3.0706787e+01
   8.1389080e+06   3.0944824e+01
   8.1577870e+06   2.9992676e+01
   8.1578460e+06   3.1658936e+01
   8.1746050e+06   3.5467529e+01
   8.1746500e+06   3.3801270e+01
   8.2025540e+06   3.1420898e+01
   8.2029340e+06   3.0706787e+01
   8.2212480e+06   3.5705566e+01
   8.2389930e+06   3.1658936e+01
   8.2540820e+06   3.3087158e+01
   8.2541490e+06   3.0944824e+01
   8.2622030e+06   3.0944824e+01
   8.2622240e+06   3.8323975e+01
   8.2824950e+06   3.8323975e+01
   8.2825680e+06   3.2135010e+01
   8.2892470e+06   3.1182861e+01
   8.3271630e+06   3.6657715e+01
   8.3381250e+06   3.0230713e+01
   8.3381680e+06   3.0706787e+01
   8.3382890e+06   2.9992676e+01
   8.3560690e+06   3.1896973e+01
   8.3640210e+06   3.0230713e+01
   8.3739220e+06   3.1658936e+01
   8.3742920e+06   2.9992676e+01
   8.3867440e+06   3.0944824e+01
   8.3868020e+06   3.2373047e+01
   8.3986240e+06   2.9992676e+01
   8.4179940e+06   3.0706787e+01
   8.4331610e+06   3.3087158e+01
   8.4332020e+06   3.4753418e+01
   8.4923750e+06   3.0230713e+01
   8.5046530e+06   3.8800049e+01
   8.5047000e+06   3.6657715e+01
   8.5047130e+06   3.0468750e+01
   8.5047430e+06   3.7371826e+01
   8.5511530e+06   3.0468750e+01
   8.5704300e+06   3.4277344e+01
   8.5704840e+06   3.0230713e+01
   8.5981780e+06   3.2849121e+01
   8.5990650e+06   2.9992676e+01
   8.6116490e+06   3.7609863e+01
   8.6392250e+06   3.8085938e+01
   8.6392440e+06   3.0230713e+01
   8.6396130e+06   3.6419678e+01
   8.6396280e+06   2.9992676e+01
   8.6396720e+06   3.7609863e+01
   8.6397010e+06   3.6419678e+01
   8.6397730e+06   3.5467529e+01
   8.6398130e+06   3.1182861e+01
   8.6685220e+06   3.0944824e+01
   8.6697520e+06   3.7133789e+01
   8.6698670e+06   3.0468750e+01
   8.6699610e+06   3.1658936e+01
   8.6816800e+06   3.0230713e+01
   8.6822360e+06   3.1182861e+01
   8.6826470e+06   3.1182861e+01
   8.7019680e+06   3.3087158e+01
   8.7021550e+06   3.1420898e+01
   8.7203770e+06   3.1896973e+01
   8.7379610e+06   2.9992676e+01
   8.7382220e+06   2.9992676e+01
   8.7481720e+06   3.0944824e+01
   8.7568280e+06   3.7609863e+01
   8.7843040e+06   3.4039307e+01
   8.7843580e+06   2.9992676e+01
   8.7843930e+06   3.7371826e+01
   8.7844290e+06   4.1418457e+01
   8.7844540e+06   3.4991455e+01
   8.7844810e+06   3.4039307e+01
   8.8107680e+06   3.7371826e+01
   8.8108160e+06   3.0230713e+01
   8.8214200e+06   3.3563232e+01
   8.8220130e+06   3.2135010e+01
   8.8220740e+06   3.0468750e+01
   8.8591150e+06   3.0230713e+01
   8.8591810e+06   3.2135010e+01
   8.8823600e+06   3.1896973e+01
   8.8825970e+06   3.0706787e+01
   8.8948890e+06   3.0706787e+01
   8.8950020e+06   3.0468750e+01
   8.8950170e+06   3.1182861e+01
   8.9283420e+06   3.0230713e+01
   8.9284080e+06   3.1420898e+01
   8.9288140e+06   3.1658936e+01
   8.9457080e+06   3.5943604e+01
   8.9459660e+06   3.3563232e+01
   8.9661460e+06   3.1896973e+01
   8.9667700e+06   3.2135010e+01
   8.9736220e+06   3.0468750e+01
   8.9827850e+06   3.3563232e+01
   8.9927460e+06   2.9992676e+01
   9.0055840e+06   2.9992676e+01
   9.0056340e+06   3.9752197e+01
   9.0056840e+06   3.3325195e+01
   9.0056980e+06   3.1658936e+01
   9.0139250e+06   3.1420898e+01
   9.0139430e+06   3.0468750e+01
   9.0217970e+06   3.1420898e+01
   9.0346160e+06   3.6895752e+01
   9.0346720e+06   3.1182861e+01
   9.0418530e+06   4.7131348e+01
   9.0418640e+06   3.1896973e+01
   9.0420690e+06   3.1658936e+01
   9.0490610e+06   3.6419678e+01
   9.0499700e+06   3.0706787e+01
   9.0559480e+06   3.0706787e+01
   9.0559770e+06   3.3325195e+01
   9.0661130e+06   3.2373047e+01
   9.0661280e+06   3.6181641e+01
   9.0661560e+06   3.6419678e+01
   9.0662030e+06   3.5467529e+01
   9.0665290e+06   3.0230713e+01
   9.0736550e+06   3.3087158e+01
   9.0737480e+06   3.0944824e+01
   9.0825500e+06   3.0230713e+01
   9.0826530e+06   4.0466309e+01
   9.0826730e+06   3.4515381e+01
   9.0827170e+06   3.0468750e+01
   9.0827520e+06   3.4515381e+01
   9.0830420e+06   3.0706787e+01
   9.0906480e+06   3.0944824e+01
   9.0906790e+06   3.2611084e+01
   9.0963980e+06   3.0468750e+01
   9.1017290e+06   3.0944824e+01
   9.1019600e+06   3.7371826e+01
   9.1071630e+06   3.0230713e+01
   9.1071910e+06   3.2849121e+01
   9.1113720e+06   3.0468750e+01
   9.1157770e+06   3.1182861e+01
   9.1157970e+06   3.1182861e+01
   9.1160920e+06   3.0230713e+01
   9.1202380e+06   3.1658936e+01
   9.1203090e+06   3.6657715e+01
   9.1248540e+06   3.3801270e+01
   9.1248950e+06   2.9992676e+01
   9.1298550e+06   3.1182861e+01
   9.1299510e+06   4.4512939e+01
   9.1344550e+06   3.0944824e+01
   9.1435050e+06   3.4991455e+01
   9.1435960e+06   3.3325195e+01
   9.1492190e+06   3.2849121e+01
   9.1547570e+06   3.2135010e+01
   9.1548210e+06   3.3325195e+01
   9.1591550e+06   3.1182861e+01
   9.1715930e+06   3.4991455e+01
   9.1716260e+06   4.0228271e+01
   9.1716390e+06   3.4277344e+01
   9.1716870e+06   3.7371826e+01
   9.1783170e+06   3.0230713e+01
   9.1849340e+06   3.5229492e+01
   9.1849890e+06   3.7609863e+01
   9.1917150e+06   3.2373047e+01
   9.2060780e+06   3.0230713e+01
   9.2061360e+06   3.1896973e+01
   9.2148280e+06   2.9992676e+01
   9.2265940e+06   2.9992676e+01
   9.2266410e+06   3.9514160e+01
   9.2266620e+06   3.2611084e+01
   9.2267350e+06   3.3801270e+01
   9.2372260e+06   3.6419678e+01
   9.2455910e+06   3.9514160e+01
   9.2456440e+06   3.3325195e+01
   9.3036010e+06   2.9992676e+01
   9.3039400e+06   3.0230713e+01
   9.3345150e+06   3.4277344e+01
   9.3529470e+06   3.3087158e+01
   9.3531270e+06   2.9992676e+01
   9.3726130e+06   3.0230713e+01
   9.4081370e+06   4.1656494e+01
   9.4086000e+06   3.1182861e+01
   9.8049570e+06   3.0944824e+01
   9.8050130e+06   3.5467529e+01
   9.8050910e+06   3.0706787e+01
   9.8051540e+06   3.4277344e+01
   9.8052970e+06   3.4277344e+01
   9.8517370e+06   3.1182861e+01
   9.9786960e+06   3.1420898e+01
   1.0172470e+07   3.1420898e+01
   1.0172655e+07   3.1420898e+01
   1.0172672e+07   3.1896973e+01
   1.0172715e+07   3.7371826e+01
   1.0172735e+07   3.3087158e+01
   1.0172754e+07   4.0704346e+01
   1.0172774e+07   3.9752197e+01
   1.0172794e+07   3.7371826e+01
   1.0172851e+07   3.6419678e+01
   1.0172872e+07   3.0468750e+01
   1.0192240e+07   3.2849121e+01
   1.0192276e+07   3.3325195e+01
   1.0192294e+07   4.0704346e+01
   1.0192326e+07   3.1182861e+01
   1.0192386e+07   3.7133789e+01
   1.0193617e+07   3.0706787e+01
   1.0194505e+07   3.0944824e+01
   1.0194741e+07   3.0706787e+01
   1.0194977e+07   3.1420898e+01
   1.0245287e+07   3.2849121e+01
   1.0245300e+07   3.8085938e+01
   1.0245328e+07   3.0706787e+01
   1.0245340e+07   3.0706787e+01
   1.0245353e+07   4.6417236e+01
   1.0245406e+07   3.2849121e+01
   1.0245488e+07   4.6417236e+01
   1.0246737e+07   3.4991455e+01
   1.0294528e+07   3.4277344e+01
   1.0294543e+07   3.6181641e+01
   1.0294602e+07   3.7371826e+01
   1.0294696e+07   3.5705566e+01
   1.0294865e+07   3.0468750e+01
   1.0296306e+07   3.1658936e+01
   1.0326774e+07   3.5943604e+01
   1.0326796e+07   3.8085938e+01
   1.0326815e+07   4.6893311e+01
   1.0326827e+07   2.9992676e+01
   1.0326879e+07   3.5943604e+01
   1.0326889e+07   4.7369385e+01
   1.0326957e+07   3.4991455e+01
   1.0327435e+07   2.9992676e+01
   1.0346539e+07   4.1180420e+01
   1.0346581e+07   3.2849121e+01
   1.0346612e+07   4.0466309e+01
   1.0346630e+07   3.8085938e+01
   1.0346658e+07   3.5229492e+01
   1.0346676e+07   3.1658936e+01
   1.0346695e+07   3.5467529e+01
   1.0346772e+07   3.3563232e+01
   1.0347372e+07   3.1420898e+01
   1.0387328e+07   3.0944824e+01
   1.0387341e+07   3.4515381e+01
   1.0387363e+07   3.8562012e+01
   1.0387380e+07   3.8085938e+01
   1.0387411e+07   3.1420898e+01
   1.0388281e+07   3.3325195e+01
   1.0422898e+07   3.3801270e+01
   1.0422920e+07   3.1420898e+01
   1.0422949e+07   3.1658936e+01
   1.0422974e+07   3.1420898e+01
   1.0422984e+07   3.1182861e+01
   1.0423007e+07   3.9514160e+01
   1.0423094e+07   3.0468750e+01
   1.0441120e+07   3.1896973e+01
   1.0441167e+07   3.2135010e+01
   1.0441208e+07   3.3801270e+01
   1.0441253e+07   3.9276123e+01
   1.0441302e+07   3.0706787e+01
   1.0441334e+07   3.7609863e+01
   1.0441385e+07   3.5229492e+01
   1.0463547e+07   3.7847900e+01
   1.0463596e+07   3.5467529e+01
   1.0463616e+07   3.7133789e+01
   1.0463635e+07   4.5941162e+01
   1.0463734e+07   3.0706787e+01
   1.0463803e+07   3.2849121e+01
   1.0463950e+07   3.6895752e+01
   1.0464006e+07   3.4039307e+01
   1.0464117e+07   3.7847900e+01
   1.0464185e+07   3.1420898e+01
   1.0481464e+07   2.9992676e+01
   1.0481531e+07   3.4515381e+01
   1.0481552e+07   3.8323975e+01
   1.0481594e+07   3.8323975e+01
   1.0481618e+07   3.0230713e+01
   1.0481653e+07   3.5705566e+01
   1.0495743e+07   2.9992676e+01
   1.0495819e+07   4.0942383e+01
   1.0495840e+07   3.2373047e+01
   1.0495861e+07   3.6419678e+01
   1.0495883e+07   4.1180420e+01
   1.0495900e+07   3.1658936e+01
   1.0495949e+07   4.2846680e+01
   1.0495999e+07   4.4274902e+01
   1.0496014e+07   3.3325195e+01
   1.0496073e+07   3.1420898e+01
   1.0509990e+07   4.7131348e+01
   1.0510020e+07   3.1896973e+01
   1.0510048e+07   3.4515381e+01
   1.0510068e+07   3.2135010e+01
   1.0510164e+07   3.1658936e+01
   1.0510195e+07   3.2611084e+01
   1.0510218e+07   3.4277344e+01
   1.0510251e+07   3.5229492e+01
   1.0510488e+07   3.0944824e+01
   1.0522239e+07   3.1182861e+01
   1.0522266e+07   4.0942383e+01
   1.0522320e+07   3.3325195e+01
   1.0522371e+07   3.5229492e+01
   1.0522421e+07   3.4039307e+01
   1.0522463e+07   3.1658936e+01
   1.0522488e+07   3.0944824e+01
   1.0522517e+07   3.3801270e+01
   1.0534343e+07   3.3801270e+01
   1.0534362e+07   3.6895752e+01
   1.0534390e+07   3.0468750e+01
   1.0534408e+07   3.5705566e+01
   1.0534429e+07   3.8800049e+01
   1.0534447e+07   3.8323975e+01
   1.0534526e+07   3.4753418e+01
   1.0546741e+07   3.9514160e+01
   1.0546773e+07   3.7133789e+01
   1.0546795e+07   3.6419678e+01
   1.0546815e+07   3.0230713e+01
   1.0546835e+07   3.0706787e+01
   1.0546853e+07   3.1420898e+01
   1.0558178e+07   3.6181641e+01
   1.0558224e+07   3.4039307e+01
   1.0558236e+07   3.1420898e+01
   1.0558278e+07   3.2373047e+01
   1.0558303e+07   3.1658936e+01
   1.0558325e+07   3.7371826e+01
   1.0569545e+07   3.3325195e+01
   1.0569565e+07   3.4039307e+01
   1.0569585e+07   4.0704346e+01
   1.0569606e+07   3.9038086e+01
   1.0569618e+07   3.3087158e+01
   1.0569645e+07   3.6895752e+01
   1.0569707e+07   2.9992676e+01
   1.0581961e+07   3.8323975e+01
   1.0581985e+07   2.9992676e+01
   1.0582008e+07   4.2370605e+01
   1.0582030e+07   3.9514160e+01
   1.0582053e+07   3.9038086e+01
   1.0582085e+07   4.2132568e+01
   1.0582108e+07   3.8562012e+01
   1.0582133e+07   3.2373047e+01
   1.0582178e+07   3.3325195e+01
   1.0582280e+07   3.6181641e+01
   1.0594017e+07   3.2135010e+01
   1.0594043e+07   3.5229492e+01
   1.0594060e+07   3.8562012e+01
   1.0594073e+07   3.7371826e+01
   1.0594105e+07   3.5467529e+01
   1.0594183e+07   3.6657715e+01
   1.0594281e+07   3.0706787e+01
   1.0609855e+07   3.1182861e+01
   1.0609924e+07   4.4036865e+01
   1.0609936e+07   3.9990234e+01
   1.0609964e+07   3.3087158e+01
   1.0609984e+07   4.1180420e+01
   1.0624565e+07   3.0944824e+01
   1.0624594e+07   3.4277344e+01
   1.0624628e+07   4.1894531e+01
   1.0624647e+07   3.3563232e+01
   1.0624677e+07   3.1420898e+01
   1.0624694e+07   3.0706787e+01
   1.0624707e+07   3.2373047e+01
   1.0624769e+07   3.1420898e+01
   1.0640682e+07   3.0230713e+01
   1.0640739e+07   3.1658936e+01
   1.0640758e+07   3.0468750e+01
   1.0640800e+07   3.1658936e+01
   1.0640817e+07   3.8562012e+01
   1.0640857e+07   3.4753418e+01
   1.0640983e+07   3.4039307e+01
   1.0654131e+07   4.0228271e+01
   1.0654168e+07   3.1182861e+01
   1.0654187e+07   4.9273682e+01
   1.0654216e+07   3.6419678e+01
   1.0654256e+07   4.2370605e+01
   1.0654663e+07   3.0230713e+01
   1.0678570e+07   3.2373047e+01
   1.0678593e+07   3.8562012e+01
   1.0678627e+07   2.9992676e+01
   1.0678646e+07   3.5943604e+01
   1.0678668e+07   3.4277344e+01
   1.0678680e+07   3.0706787e+01
   1.0678707e+07   3.9276123e+01
   1.0678779e+07   2.9992676e+01
   1.0711743e+07   3.1182861e+01
   1.0711827e+07   3.0944824e+01
   1.0711851e+07   4.0704346e+01
   1.0711892e+07   3.5943604e+01
   1.0711946e+07   3.2135010e+01
   1.0711961e+07   3.3563232e+01
   1.0711992e+07   3.7133789e+01
   1.0749710e+07   3.1420898e+01
   1.0749745e+07   3.0230713e+01
   1.0749766e+07   3.3087158e+01
   1.0749806e+07   3.4515381e+01
   1.0749828e+07   3.5467529e+01
   1.0749856e+07   3.0706787e+01
   1.0749870e+07   3.1182861e+01
   1.0797678e+07   3.6895752e+01
   1.0797734e+07   2.9992676e+01
   1.0797753e+07   3.3087158e+01
   1.0797824e+07   3.1896973e+01
   1.0797889e+07   3.6419678e+01
   1.0797917e+07   3.1420898e+01
   1.0797968e+07   3.4991455e+01
   1.0974557e+07   3.3563232e+01
   1.0988926e+07   3.6419678e+01
   1.0998388e+07   3.6181641e+01
   1.0998481e+07   3.0230713e+01
   1.1049086e+07   3.0468750e+01
   1.1134803e+07   3.1896973e+01
   1.1134844e+07   2.9992676e+01
   1.1151893e+07   3.2611084e+01
   1.1170954e+07   3.1182861e+01
   1.1187822e+07   3.7371826e+01
   1.1187851e+07   2.9992676e+01
   1.1198022e+07   3.6657715e+01
   1.1234552e+07   3.6419678e+01
   1.1234564e+07   4.3560791e+01
   1.1245159e+07   3.1182861e+01
   1.1245261e+07   3.2611084e+01
   1.1254785e+07   3.7609863e+01
   1.1254845e+07   3.3087158e+01
   1.1266413e+07   3.7133789e+01
   1.1266528e+07   3.2135010e+01
   1.1266577e+07   3.3563232e+01
   1.1277344e+07   3.2373047e+01
   1.1285160e+07   3.2135010e+01
   1.1285262e+07   3.5943604e+01
   1.1294175e+07   3.6181641e+01
   1.1294303e+07   3.1420898e+01
   1.1319944e+07   3.0706787e+01
   1.1332510e+07   3.3087158e+01
   1.1332813e+07   3.2135010e+01
   1.1346909e+07   3.0944824e+01
   1.1347033e+07   3.0468750e+01
   1.1355375e+07   3.1658936e+01
   1.1365214e+07   3.0944824e+01
   1.1365472e+07   3.1658936e+01
   1.1380534e+07   3.2373047e+01
   1.1426534e+07   3.3087158e+01
   1.1426591e+07   3.3087158e+01
   1.1435091e+07   3.5943604e+01
   1.1449643e+07   3.1658936e+01
   1.1449746e+07   2.9992676e+01
   1.1449786e+07   3.9038086e+01
   1.1510588e+07   3.0944824e+01
   1.1596593e+07   3.2849121e+01
   1.1701702e+07   3.0468750e+01
   1.1702350e+07   3.6419678e+01
   1.1758248e+07   2.9992676e+01
   1.1784214e+07   3.8085938e+01
   1.1784273e+07   3.4277344e+01
   1.1813172e+07   4.1656494e+01
   1.1848490e+07   3.3563232e+01
   1.1876997e+07   3.0944824e+01
   1.1955910e+07   3.8323975e+01
   1.1956679e+07   3.1182861e+01
   1.1956765e+07   3.1896973e+01
   1.1991470e+07   2.9992676e+01
   1.1991810e+07   3.2135010e+01
