   1.1999000e+07   0.0000000e+00
   3.1449000e+04   3.6499023e+01
   3.1695000e+04   4.4799805e+01
   3.1718000e+04   4.4799805e+01
   3.1795000e+04   3.9306641e+01
   3.1919000e+04   3.8940430e+01
   6.3416000e+04   3.6437988e+01
   8.5702000e+04   3.8269043e+01
   8.6567000e+04   3.8940430e+01
   8.6723000e+04   3.9733887e+01
   8.6986000e+04   4.4738770e+01
   8.7248000e+04   3.9123535e+01
   8.7532000e+04   4.2602539e+01
   1.2425200e+05   3.7170410e+01
   1.2459300e+05   4.6264648e+01
   1.2479400e+05   3.7231445e+01
   1.5717800e+05   3.7231445e+01
   1.5729800e+05   3.7719727e+01
   2.0072400e+05   3.6437988e+01
   2.0087200e+05   4.0527344e+01
   2.0140400e+05   3.9733887e+01
   2.4363500e+05   3.6193848e+01
   2.4428800e+05   4.2907715e+01
   2.4445700e+05   3.7963867e+01
   2.8478600e+05   3.6865234e+01
   3.2932000e+05   4.0466309e+01
   3.8651300e+05   3.7048340e+01
   3.8682300e+05   3.9672852e+01
   3.8702800e+05   3.9001465e+01
   3.8719600e+05   5.5786133e+01
   3.8772500e+05   3.6804199e+01
   4.0776000e+05   3.8696289e+01
   4.4418100e+05   3.6987305e+01
   4.8889000e+05   3.8757324e+01
   4.8947300e+05   4.1625977e+01
   4.8968200e+05   3.6743164e+01
   5.4162100e+05   3.6315918e+01
   5.7049900e+05   4.6813965e+01
   5.7095300e+05   4.0405273e+01
   5.7129700e+05   3.7475586e+01
   6.5350100e+05   3.9672852e+01
   6.6151500e+05   3.8085938e+01
   7.0857500e+05   3.6376953e+01
   7.1376500e+05   3.8574219e+01
   7.1401900e+05   3.6315918e+01
   7.4533300e+05   3.7841797e+01
   7.9211900e+05   3.7048340e+01
   7.9997500e+05   3.9733887e+01
   8.0107400e+05   3.7475586e+01
   8.4710800e+05   3.7658691e+01
   8.4952500e+05   3.6987305e+01
   8.5609100e+05   4.2663574e+01
   8.5780800e+05   3.7170410e+01
   8.5863800e+05   3.7048340e+01
   8.5873400e+05   5.1696777e+01
   8.5876400e+05   3.6376953e+01
   8.8519300e+05   3.6926270e+01
   9.1713400e+05   3.7231445e+01
   9.1729500e+05   3.7109375e+01
   9.1739800e+05   4.3823242e+01
   9.1747800e+05   4.1259766e+01
   9.1784700e+05   4.4860840e+01
   9.1829800e+05   3.6499023e+01
   9.3127900e+05   3.6682129e+01
   9.7376000e+05   4.2419434e+01
   9.8209800e+05   3.7414551e+01
   9.8215600e+05   3.6193848e+01
   9.8220100e+05   3.8757324e+01
   9.8236300e+05   3.6804199e+01
   9.8253400e+05   3.6132813e+01
   9.8262000e+05   3.6254883e+01
   9.8285200e+05   3.7292480e+01
   9.9443700e+05   4.2541504e+01
   9.9460800e+05   3.6743164e+01
   1.0188230e+06   3.6743164e+01
   1.0244350e+06   3.6926270e+01
   1.0245100e+06   3.9062500e+01
   1.0254250e+06   3.7597656e+01
   1.0632270e+06   3.6193848e+01
   1.0951800e+06   3.7780762e+01
   1.0954540e+06   4.0527344e+01
   1.0955510e+06   3.6804199e+01
   1.0960620e+06   3.7780762e+01
   1.0962040e+06   3.6926270e+01
   1.1402850e+06   3.7414551e+01
   1.1477010e+06   4.3090820e+01
   1.1593400e+06   4.1992188e+01
   1.1597840e+06   3.9978027e+01
   1.1598670e+06   3.9001465e+01
   1.1600120e+06   4.0405273e+01
   1.1601350e+06   4.1503906e+01
   1.1603690e+06   3.9489746e+01
   1.2003860e+06   3.9794922e+01
   1.2092010e+06   3.6560059e+01
   1.2093440e+06   5.6701660e+01
   1.2095010e+06   4.5593262e+01
   1.2096490e+06   3.9001465e+01
   1.2763170e+06   3.6437988e+01
   1.2812630e+06   3.8452148e+01
   1.2831750e+06   3.9550781e+01
   1.2972390e+06   4.2785645e+01
   1.2972720e+06   3.8024902e+01
   1.2973780e+06   3.6926270e+01
   1.2974450e+06   3.7353516e+01
   1.2974710e+06   3.8513184e+01
   1.2975130e+06   3.6682129e+01
   1.2977130e+06   4.0771484e+01
   1.3348220e+06   4.5043945e+01
   1.3351050e+06   3.9978027e+01
   1.3630640e+06   3.9611816e+01
   1.3963660e+06   4.4921875e+01
   1.3967430e+06   3.6987305e+01
   1.3969840e+06   3.7109375e+01
   1.4179780e+06   3.7170410e+01
   1.4295850e+06   3.6987305e+01
   1.4356020e+06   3.6315918e+01
   1.4375560e+06   3.6254883e+01
   1.4601810e+06   3.7719727e+01
   1.4646370e+06   3.8635254e+01
   1.4649690e+06   3.8635254e+01
   1.4653640e+06   4.0283203e+01
   1.4657630e+06   4.5654297e+01
   1.4657850e+06   4.9743652e+01
   1.4658880e+06   4.0710449e+01
   1.4659940e+06   3.6376953e+01
   1.4664100e+06   4.3823242e+01
   1.5002980e+06   4.4677734e+01
   1.5270130e+06   3.6987305e+01
   1.5339940e+06   3.6682129e+01
   1.5360090e+06   4.0039063e+01
   1.5366520e+06   3.8757324e+01
   1.5368910e+06   3.9550781e+01
   1.5370130e+06   5.2246094e+01
   1.5371460e+06   4.6752930e+01
   1.5375710e+06   3.6682129e+01
   1.5710020e+06   3.8146973e+01
   1.5759980e+06   4.0710449e+01
   1.5821980e+06   3.6621094e+01
   1.6030810e+06   3.6926270e+01
   1.6110980e+06   3.7597656e+01
   1.6111150e+06   3.7475586e+01
   1.6141300e+06   4.3090820e+01
   1.6187460e+06   3.7902832e+01
   1.6201140e+06   4.2541504e+01
   1.6208910e+06   3.6376953e+01
   1.6214890e+06   4.7485352e+01
   1.6215240e+06   3.6254883e+01
   1.6218920e+06   3.8330078e+01
   1.6219400e+06   4.1625977e+01
   1.6220220e+06   3.8269043e+01
   1.6221600e+06   4.0710449e+01
   1.6223490e+06   3.7902832e+01
   1.6513990e+06   3.6499023e+01
   1.6760920e+06   4.0283203e+01
   1.6951900e+06   3.9123535e+01
   1.6952470e+06   3.6254883e+01
   1.6954790e+06   3.6987305e+01
   1.6955220e+06   3.8635254e+01
   1.6957420e+06   3.8208008e+01
   1.7071990e+06   5.5725098e+01
   1.7394580e+06   3.8208008e+01
   1.7700070e+06   3.9672852e+01
   1.7701540e+06   3.9794922e+01
   1.7702820e+06   4.1198730e+01
   1.7703800e+06   4.0344238e+01
   1.7704700e+06   3.7475586e+01
   1.7705850e+06   3.8513184e+01
   1.7707040e+06   4.1503906e+01
   1.7707470e+06   3.7109375e+01
   1.7708220e+06   4.0588379e+01
   1.8261380e+06   4.0283203e+01
   1.8272720e+06   3.8208008e+01
   1.8488480e+06   4.1259766e+01
   1.8488620e+06   5.3222656e+01
   1.8488810e+06   3.9550781e+01
   1.8490050e+06   4.0893555e+01
   1.8490850e+06   5.3833008e+01
   1.8491410e+06   4.3212891e+01
   1.8491640e+06   5.0781250e+01
   1.8491950e+06   3.9062500e+01
   1.8492940e+06   3.8879395e+01
   1.8493600e+06   3.7353516e+01
   1.8494220e+06   3.9062500e+01
   1.8494470e+06   4.3945312e+01
   1.8495240e+06   4.3151855e+01
   1.8495350e+06   4.9926758e+01
   1.8495670e+06   3.6926270e+01
   1.8496520e+06   4.1870117e+01
   1.8504050e+06   3.6621094e+01
   1.8726850e+06   3.7475586e+01
   1.8732120e+06   3.6804199e+01
   1.8732540e+06   3.7109375e+01
   1.9025020e+06   3.7902832e+01
   1.9032090e+06   3.6987305e+01
   1.9032240e+06   3.8940430e+01
   1.9038220e+06   4.0344238e+01
   1.9120710e+06   4.6142578e+01
   1.9254810e+06   4.0039063e+01
   1.9326440e+06   3.9428711e+01
   1.9331950e+06   3.9733887e+01
   1.9335030e+06   3.7353516e+01
   1.9382180e+06   3.7597656e+01
   1.9571210e+06   4.2175293e+01
   1.9573710e+06   3.6499023e+01
   1.9574130e+06   4.1259766e+01
   1.9574840e+06   3.9794922e+01
   1.9575130e+06   3.8330078e+01
   1.9575440e+06   3.8330078e+01
   1.9576380e+06   3.9611816e+01
   1.9579590e+06   3.8024902e+01
   1.9580930e+06   3.8879395e+01
   1.9760150e+06   3.9306641e+01
   1.9762000e+06   5.0964355e+01
   1.9843190e+06   4.2907715e+01
   1.9999670e+06   4.1076660e+01
   2.0082370e+06   3.6987305e+01
   2.0156510e+06   4.0039063e+01
   2.0164150e+06   4.0283203e+01
   2.0164250e+06   3.7902832e+01
   2.0325200e+06   3.6926270e+01
   2.0398130e+06   3.7780762e+01
   2.0471210e+06   4.0771484e+01
   2.0474760e+06   4.6264648e+01
   2.0474940e+06   4.1198730e+01
   2.0621600e+06   4.2846680e+01
   2.0625360e+06   3.6132813e+01
   2.0629760e+06   3.8879395e+01
   2.0677680e+06   3.7414551e+01
   2.0679820e+06   4.2480469e+01
   2.0682900e+06   5.5053711e+01
   2.0779500e+06   3.6987305e+01
   2.0785010e+06   3.7780762e+01
   2.0916440e+06   3.9428711e+01
   2.0917990e+06   4.3212891e+01
   2.0990100e+06   4.2663574e+01
   2.1098080e+06   3.8574219e+01
   2.1194780e+06   3.9001465e+01
   2.1312350e+06   3.7292480e+01
   2.1314160e+06   3.8024902e+01
   2.1315470e+06   4.3945313e+01
   2.1316450e+06   4.2724609e+01
   2.1508200e+06   3.6621094e+01
   2.1564940e+06   3.7902832e+01
   2.1567010e+06   3.6499023e+01
   2.1567170e+06   4.4006348e+01
   2.1568000e+06   4.0771484e+01
   2.1570510e+06   4.1320801e+01
   2.1573680e+06   4.8461914e+01
   2.1782120e+06   3.8024902e+01
   2.1788600e+06   4.1442871e+01
   2.1963870e+06   4.0954590e+01
   2.1966310e+06   3.8574219e+01
   2.2335500e+06   3.6437988e+01
   2.2421160e+06   3.9855957e+01
   2.2502860e+06   3.7902832e+01
   2.2506050e+06   4.4006348e+01
   2.2506930e+06   6.0241699e+01
   2.2511240e+06   3.6865234e+01
   2.2642720e+06   4.0222168e+01
   2.2644360e+06   3.7597656e+01
   2.2745220e+06   4.4189453e+01
   2.2745450e+06   3.8940430e+01
   2.2748630e+06   4.5043945e+01
   2.2912840e+06   3.7902832e+01
   2.2987030e+06   4.0466309e+01
   2.2992170e+06   4.1259766e+01
   2.2992360e+06   3.9489746e+01
   2.3177610e+06   3.6376953e+01
   2.3180150e+06   3.7719727e+01
   2.3492790e+06   3.7597656e+01
   2.3495500e+06   3.7536621e+01
   2.3775290e+06   4.8950195e+01
   2.3776920e+06   3.7048340e+01
   2.3779890e+06   3.6926270e+01
   2.3780180e+06   3.6865234e+01
   2.3780880e+06   3.6560059e+01
   2.3781120e+06   4.3212891e+01
   2.3783610e+06   3.7780762e+01
   2.3900120e+06   3.7841797e+01
   2.4174640e+06   4.7058105e+01
   2.4281700e+06   4.2297363e+01
   2.4365400e+06   4.7485352e+01
   2.4418920e+06   3.8513184e+01
   2.4421080e+06   3.8696289e+01
   2.4423440e+06   3.7048340e+01
   2.4427380e+06   4.3273926e+01
   2.4534360e+06   3.6621094e+01
   2.4541710e+06   3.6743164e+01
   2.4716330e+06   3.6682129e+01
   2.4800980e+06   3.8452148e+01
   2.4890310e+06   3.6437988e+01
   2.5017080e+06   4.0832520e+01
   2.5017510e+06   4.0283203e+01
   2.5019540e+06   3.8208008e+01
   2.5020510e+06   4.8645020e+01
   2.5021130e+06   3.6987305e+01
   2.5021400e+06   3.8452148e+01
   2.5022980e+06   3.6560059e+01
   2.5025450e+06   3.8085938e+01
   2.5141860e+06   3.6254883e+01
   2.5145230e+06   3.7170410e+01
   2.5261220e+06   3.6376953e+01
   2.5263530e+06   4.7119141e+01
   2.5265420e+06   4.4189453e+01
   2.5267340e+06   4.1870117e+01
   2.5272670e+06   4.3945313e+01
   2.5373790e+06   3.9123535e+01
   2.5462480e+06   4.2053223e+01
   2.5465380e+06   4.5837402e+01
   2.5466070e+06   3.9001465e+01
   2.5766250e+06   3.6987305e+01
   2.5771030e+06   4.8889160e+01
   2.5929330e+06   4.2968750e+01
   2.6080080e+06   4.2358398e+01
   2.6080760e+06   4.1564941e+01
   2.6085090e+06   3.6132813e+01
   2.6088410e+06   3.7231445e+01
   2.6180040e+06   3.8024902e+01
   2.6346250e+06   3.7353516e+01
   2.6358410e+06   3.6682129e+01
   2.6465020e+06   3.6743164e+01
   2.6474370e+06   3.6315918e+01
   2.6546330e+06   3.6560059e+01
   2.6560530e+06   3.9489746e+01
   2.6756060e+06   3.6987305e+01
   2.6924460e+06   4.1442871e+01
   2.6925230e+06   3.7536621e+01
   2.6928140e+06   3.8574219e+01
   2.6928300e+06   4.3273926e+01
   2.7041610e+06   4.0771484e+01
   2.7143870e+06   3.8146973e+01
   2.7145690e+06   4.4921875e+01
   2.7246330e+06   4.4494629e+01
   2.7413990e+06   4.3579102e+01
   2.7420360e+06   4.3945313e+01
   2.7520740e+06   3.8818359e+01
   2.7616000e+06   3.8208008e+01
   2.7618370e+06   4.1870117e+01
   2.7702650e+06   4.0222168e+01
   2.7702990e+06   4.1564941e+01
   2.7705860e+06   3.7597656e+01
   2.7706000e+06   3.6132813e+01
   2.7948090e+06   5.3833008e+01
   2.8139150e+06   4.0527344e+01
   2.8339490e+06   3.6804199e+01
   2.8490720e+06   4.2053223e+01
   2.8494430e+06   3.7536621e+01
   2.8567880e+06   4.1381836e+01
   2.8695360e+06   3.6987305e+01
   2.8725070e+06   4.6752930e+01
   2.8726500e+06   3.9733887e+01
   2.8727740e+06   3.8452148e+01
   2.8728730e+06   4.2053223e+01
   2.8896590e+06   4.1137695e+01
   2.8901220e+06   4.2724609e+01
   2.8978940e+06   3.8513184e+01
   2.9057080e+06   4.1320801e+01
   2.9131440e+06   4.2907715e+01
   2.9197580e+06   3.7475586e+01
   2.9202720e+06   3.8635254e+01
   2.9332460e+06   3.7841797e+01
   2.9333510e+06   3.9672852e+01
   2.9336720e+06   4.0466309e+01
   2.9339420e+06   5.2124023e+01
   2.9419780e+06   4.4433594e+01
   2.9500440e+06   3.8208008e+01
   2.9576980e+06   3.9367676e+01
   2.9578580e+06   3.6437988e+01
   2.9581470e+06   3.8574219e+01
   2.9582590e+06   4.4555664e+01
   2.9583440e+06   4.2480469e+01
   2.9583810e+06   3.9855957e+01
   2.9752500e+06   4.1076660e+01
   2.9963610e+06   5.1452637e+01
   2.9971070e+06   4.0710449e+01
   2.9972240e+06   3.7109375e+01
   3.0029510e+06   3.8513184e+01
   3.0039010e+06   5.6457520e+01
   3.0220700e+06   3.9123535e+01
   3.0222020e+06   3.7963867e+01
   3.0222290e+06   3.7353516e+01
   3.0225820e+06   4.1381836e+01
   3.0339930e+06   4.0588379e+01
   3.0345880e+06   3.8574219e+01
   3.0347490e+06   3.7597656e+01
   3.0349950e+06   3.8818359e+01
   3.0353020e+06   3.7658691e+01
   3.0525830e+06   3.8269043e+01
   3.0530000e+06   3.6621094e+01
   3.0650410e+06   3.6376953e+01
   3.0652500e+06   3.6376953e+01
   3.0654730e+06   4.0100098e+01
   3.0724980e+06   4.0222168e+01
   3.0935390e+06   4.0405273e+01
   3.1000830e+06   3.6315918e+01
   3.1109420e+06   3.7109375e+01
   3.1112810e+06   3.8208008e+01
   3.1180740e+06   3.9062500e+01
   3.1182470e+06   4.9072266e+01
   3.1306130e+06   3.7292480e+01
   3.1306530e+06   3.6132813e+01
   3.1308030e+06   3.9855957e+01
   3.1519910e+06   3.6621094e+01
   3.1521410e+06   3.7048340e+01
   3.1523040e+06   4.1137695e+01
   3.1802530e+06   3.6315918e+01
   3.1803040e+06   4.2846680e+01
   3.1809780e+06   4.0222168e+01
   3.1812020e+06   4.8339844e+01
   3.1949410e+06   3.9794922e+01
   3.2033600e+06   3.6560059e+01
   3.2300070e+06   3.8330078e+01
   3.2365390e+06   3.9306641e+01
   3.2368070e+06   4.2236328e+01
   3.2447670e+06   3.6926270e+01
   3.2450030e+06   3.6254883e+01
   3.2452300e+06   3.8879395e+01
   3.2452410e+06   3.9245605e+01
   3.2454390e+06   4.2358398e+01
   3.2604870e+06   4.4616699e+01
   3.2612360e+06   3.6315918e+01
   3.2759050e+06   3.8879395e+01
   3.2833740e+06   4.4982910e+01
   3.2835210e+06   3.9916992e+01
   3.2914180e+06   4.2480469e+01
   3.2994380e+06   4.3640137e+01
   3.2996220e+06   3.6499023e+01
   3.3078430e+06   4.1625977e+01
   3.3142340e+06   3.6804199e+01
   3.3209570e+06   4.1687012e+01
   3.3211190e+06   4.8156738e+01
   3.3275140e+06   3.6193848e+01
   3.3342220e+06   3.6987305e+01
   3.3343200e+06   3.6560059e+01
   3.3347080e+06   3.6499023e+01
   3.3348190e+06   4.0161133e+01
   3.3349450e+06   3.8391113e+01
   3.3516770e+06   3.6621094e+01
   3.3820920e+06   3.8085938e+01
   3.3821940e+06   3.9428711e+01
   3.3823120e+06   3.7292480e+01
   3.3828020e+06   4.4555664e+01
   3.4103010e+06   4.0710449e+01
   3.4104660e+06   3.7292480e+01
   3.4109950e+06   3.9611816e+01
   3.4298750e+06   3.6987305e+01
   3.4300530e+06   4.1198730e+01
   3.4301580e+06   3.9978027e+01
   3.4365230e+06   3.7231445e+01
   3.4366390e+06   3.8696289e+01
   3.4370130e+06   4.5959473e+01
   3.4433640e+06   3.6621094e+01
   3.4558000e+06   3.6499023e+01
   3.4631220e+06   3.6499023e+01
   3.4688770e+06   4.2968750e+01
   3.4691540e+06   4.1748047e+01
   3.4694720e+06   3.6315918e+01
   3.4697150e+06   4.0771484e+01
   3.4770940e+06   3.7780762e+01
   3.4897080e+06   3.7292480e+01
   3.5263200e+06   3.6437988e+01
   3.5330380e+06   3.8879395e+01
   3.5335470e+06   3.6254883e+01
   3.5336580e+06   3.8574219e+01
   3.5410210e+06   4.5410156e+01
   3.5490850e+06   3.8085938e+01
   3.5639010e+06   4.0283203e+01
   3.5640620e+06   3.6132813e+01
   3.5723690e+06   4.0893555e+01
   3.5797120e+06   3.6254883e+01
   3.5947750e+06   4.1320801e+01
   3.6017220e+06   4.1564941e+01
   3.6018190e+06   3.6376953e+01
   3.6025420e+06   3.6804199e+01
   3.6171200e+06   3.8574219e+01
   3.6174910e+06   4.3212891e+01
   3.6177510e+06   3.7414551e+01
   3.6261330e+06   3.6437988e+01
   3.6262320e+06   3.6254883e+01
   3.6669420e+06   3.9062500e+01
   3.6756020e+06   3.8208008e+01
   3.6757730e+06   3.6804199e+01
   3.6847380e+06   3.9123535e+01
   3.6848700e+06   3.8391113e+01
   3.7015390e+06   4.2114258e+01
   3.7108810e+06   3.8940430e+01
   3.7112400e+06   4.0039063e+01
   3.7112570e+06   4.4860840e+01
   3.7113240e+06   3.8757324e+01
   3.7113420e+06   4.1015625e+01
   3.7113930e+06   3.9916992e+01
   3.7115010e+06   4.0161133e+01
   3.7116550e+06   3.7658691e+01
   3.7217730e+06   3.8879395e+01
   3.7220040e+06   3.6315918e+01
   3.7422800e+06   3.7719727e+01
   3.7425430e+06   3.8146973e+01
   3.7425600e+06   4.3090820e+01
   3.7532400e+06   3.6621094e+01
   3.7650930e+06   4.5410156e+01
   3.7652540e+06   5.1879883e+01
   3.7652690e+06   3.9001465e+01
   3.7653900e+06   4.0222168e+01
   3.7654090e+06   3.8146973e+01
   3.7654280e+06   5.0170898e+01
   3.7654960e+06   4.6752930e+01
   3.7655310e+06   3.9855957e+01
   3.7655670e+06   4.2846680e+01
   3.7655980e+06   4.2297363e+01
   3.7656360e+06   3.7597656e+01
   3.7656650e+06   3.8208008e+01
   3.7657050e+06   3.9855957e+01
   3.7657180e+06   4.5776367e+01
   3.7657750e+06   5.3039551e+01
   3.7658500e+06   4.7607422e+01
   3.7658820e+06   4.4006348e+01
   3.7659020e+06   3.9306641e+01
   3.7659650e+06   3.6132813e+01
   3.7659840e+06   3.8330078e+01
   3.7660500e+06   4.0222168e+01
   3.7661510e+06   4.3945313e+01
   3.7663710e+06   4.1137695e+01
   3.7665440e+06   3.7658691e+01
   3.7667380e+06   3.6621094e+01
   3.7945140e+06   3.7109375e+01
   3.8046800e+06   3.9733887e+01
   3.8120790e+06   3.7048340e+01
   3.8190580e+06   3.6499023e+01
   3.8192670e+06   3.8513184e+01
   3.8193770e+06   4.2053223e+01
   3.8268450e+06   4.0710449e+01
   3.8268780e+06   5.8776855e+01
   3.8269950e+06   3.8024902e+01
   3.8270450e+06   3.9428711e+01
   3.8270760e+06   4.1931152e+01
   3.8271060e+06   5.1513672e+01
   3.8271790e+06   4.4616699e+01
   3.8272750e+06   4.2236328e+01
   3.8276060e+06   3.9428711e+01
   3.8376330e+06   3.6926270e+01
   3.8376540e+06   4.6020508e+01
   3.8376950e+06   3.7902832e+01
   3.8377080e+06   4.1320801e+01
   3.8377950e+06   4.2114258e+01
   3.8378490e+06   3.9367676e+01
   3.8378760e+06   3.6254883e+01
   3.8379450e+06   4.0710449e+01
   3.8380000e+06   4.4372559e+01
   3.8381100e+06   3.7719727e+01
   3.8381520e+06   4.5410156e+01
   3.8381900e+06   4.1137695e+01
   3.8382120e+06   4.0893555e+01
   3.8382320e+06   4.6875000e+01
   3.8383290e+06   3.6437988e+01
   3.8384070e+06   4.0466309e+01
   3.8385880e+06   4.2541504e+01
   3.8509710e+06   3.9001465e+01
   3.8569620e+06   4.5715332e+01
   3.8570420e+06   4.3090820e+01
   3.8571910e+06   3.6865234e+01
   3.8572030e+06   4.3151855e+01
   3.8626440e+06   4.0039063e+01
   3.8627040e+06   4.1625977e+01
   3.8627460e+06   3.9123535e+01
   3.8627810e+06   3.6132813e+01
   3.8630550e+06   4.4250488e+01
   3.8685470e+06   4.9194336e+01
   3.8685940e+06   3.9855957e+01
   3.8686590e+06   4.3395996e+01
   3.8687450e+06   4.1748047e+01
   3.8687740e+06   4.1503906e+01
   3.8745160e+06   4.2480469e+01
   3.8745530e+06   4.2419434e+01
   3.8746230e+06   4.2419434e+01
   3.8747020e+06   4.4799805e+01
   3.8747290e+06   3.6865234e+01
   3.8747580e+06   3.8208008e+01
   3.8750230e+06   3.6987305e+01
   3.8750440e+06   4.2968750e+01
   3.8827380e+06   3.6743164e+01
   3.8828750e+06   4.1809082e+01
   3.8828970e+06   3.9611816e+01
   3.8829270e+06   3.7170410e+01
   3.8829410e+06   4.2419434e+01
   3.8829700e+06   3.6987305e+01
   3.8830320e+06   4.0161133e+01
   3.8831120e+06   4.5532227e+01
   3.8833580e+06   4.2297363e+01
   3.8835820e+06   3.6254883e+01
   3.8836090e+06   3.6926270e+01
   3.8836270e+06   3.8208008e+01
   3.8836990e+06   3.6193848e+01
   3.8842930e+06   3.6682129e+01
   3.8949560e+06   4.0588379e+01
   3.8993240e+06   3.9672852e+01
   3.9036160e+06   3.9794922e+01
   3.9083320e+06   3.6743164e+01
   3.9084100e+06   3.8024902e+01
   3.9085010e+06   4.2419434e+01
   3.9085430e+06   4.5349121e+01
   3.9139490e+06   4.7729492e+01
   3.9139700e+06   4.3884277e+01
   3.9140470e+06   4.0588379e+01
   3.9140820e+06   3.6315918e+01
   3.9141170e+06   4.3212891e+01
   3.9142780e+06   3.7048340e+01
   3.9194850e+06   3.7536621e+01
   3.9246230e+06   3.8940430e+01
   3.9246570e+06   5.4321289e+01
   3.9247840e+06   3.8391113e+01
   3.9247990e+06   3.7536621e+01
   3.9251090e+06   3.6376953e+01
   3.9252590e+06   3.7658691e+01
   3.9303130e+06   4.2968750e+01
   3.9303430e+06   4.7668457e+01
   3.9303560e+06   3.7048340e+01
   3.9303810e+06   4.3334961e+01
   3.9304570e+06   3.9123535e+01
   3.9306050e+06   4.0710449e+01
   3.9361080e+06   4.3701172e+01
   3.9361290e+06   3.6682129e+01
   3.9361610e+06   3.9184570e+01
   3.9361990e+06   4.2663574e+01
   3.9411450e+06   4.0588379e+01
   3.9412060e+06   3.7902832e+01
   3.9413240e+06   4.5043945e+01
   3.9458210e+06   3.9489746e+01
   3.9459440e+06   3.6804199e+01
   3.9550130e+06   4.1992188e+01
   3.9550420e+06   3.8208008e+01
   3.9550910e+06   4.3090820e+01
   3.9551240e+06   3.7109375e+01
   3.9551980e+06   3.8574219e+01
   3.9553500e+06   3.6987305e+01
   3.9601200e+06   3.9489746e+01
   3.9604650e+06   3.6621094e+01
   3.9649210e+06   3.8208008e+01
   3.9650130e+06   3.6437988e+01
   3.9650950e+06   3.6437988e+01
   3.9696480e+06   3.9001465e+01
   3.9696790e+06   3.7963867e+01
   3.9697070e+06   4.1992188e+01
   3.9697500e+06   3.9489746e+01
   3.9698040e+06   4.3395996e+01
   3.9741530e+06   4.0527344e+01
   3.9742140e+06   4.4067383e+01
   3.9785820e+06   3.7109375e+01
   3.9786150e+06   3.9611816e+01
   3.9786620e+06   3.6315918e+01
   3.9830850e+06   3.8146973e+01
   3.9872130e+06   4.0222168e+01
   3.9872750e+06   3.6560059e+01
   3.9873290e+06   3.6743164e+01
   3.9873950e+06   3.8574219e+01
   3.9915500e+06   4.1503906e+01
   3.9916480e+06   4.3640137e+01
   3.9917100e+06   3.6560059e+01
   3.9917510e+06   4.2663574e+01
   3.9918250e+06   3.8696289e+01
   3.9958170e+06   5.1269531e+01
   3.9996150e+06   3.9062500e+01
   4.0043250e+06   4.2663574e+01
   4.0044130e+06   3.6193848e+01
   4.0044740e+06   4.1687012e+01
   4.0045560e+06   4.1320801e+01
   4.0090260e+06   3.7902832e+01
   4.0090780e+06   4.1320801e+01
   4.0132780e+06   3.9916992e+01
   4.0133180e+06   3.6193848e+01
   4.0173110e+06   3.8330078e+01
   4.0173480e+06   4.0222168e+01
   4.0215560e+06   3.6804199e+01
   4.0215950e+06   3.9550781e+01
   4.0257030e+06   4.2541504e+01
   4.0257170e+06   3.7536621e+01
   4.0259770e+06   3.7231445e+01
   4.0302190e+06   3.9978027e+01
   4.0302340e+06   4.8217773e+01
   4.0302460e+06   3.9550781e+01
   4.0348130e+06   3.7109375e+01
   4.0348340e+06   3.7170410e+01
   4.0394590e+06   4.5166016e+01
   4.0437700e+06   3.6621094e+01
   4.0438080e+06   3.7048340e+01
   4.0438370e+06   4.3640137e+01
   4.0440140e+06   3.7475586e+01
   4.0481370e+06   3.6865234e+01
   4.0481640e+06   3.6804199e+01
   4.0525260e+06   3.9855957e+01
   4.0525540e+06   3.8757324e+01
   4.0526460e+06   3.8635254e+01
   4.0567050e+06   3.9672852e+01
   4.0567690e+06   3.8208008e+01
   4.0617180e+06   3.8269043e+01
   4.0617930e+06   3.7353516e+01
   4.0618510e+06   3.6315918e+01
   4.0618640e+06   3.8757324e+01
   4.0619250e+06   4.6020508e+01
   4.0619350e+06   3.7780762e+01
   4.0620000e+06   3.8940430e+01
   4.0621410e+06   3.6804199e+01
   4.0663150e+06   3.6499023e+01
   4.0663830e+06   3.7597656e+01
   4.0715480e+06   3.7597656e+01
   4.0715780e+06   3.8696289e+01
   4.0716830e+06   3.7963867e+01
   4.0717860e+06   4.1564941e+01
   4.0767700e+06   3.7902832e+01
   4.0767910e+06   4.3029785e+01
   4.0816510e+06   4.1198730e+01
   4.0817390e+06   3.8879395e+01
   4.0865630e+06   3.6926270e+01
   4.0914580e+06   3.8940430e+01
   4.0914870e+06   4.1198730e+01
   4.0915290e+06   4.3212891e+01
   4.0915390e+06   3.9245605e+01
   4.0964000e+06   3.6437988e+01
   4.1054800e+06   3.8024902e+01
   4.1055440e+06   3.6132813e+01
   4.1055940e+06   3.8513184e+01
   4.1105330e+06   3.8330078e+01
   4.1105830e+06   3.6804199e+01
   4.1156360e+06   3.6193848e+01
   4.1156480e+06   3.8696289e+01
   4.1207820e+06   4.2907715e+01
   4.1255620e+06   3.7292480e+01
   4.1256780e+06   3.7231445e+01
   4.1257110e+06   3.8879395e+01
   4.1310080e+06   3.6315918e+01
   4.1312300e+06   3.9062500e+01
   4.1312590e+06   3.9306641e+01
   4.1364980e+06   3.6987305e+01
   4.1366690e+06   4.2358398e+01
   4.1476550e+06   4.1809082e+01
   4.1478570e+06   3.6804199e+01
   4.1528530e+06   3.7658691e+01
   4.1530170e+06   3.8574219e+01
   4.1530420e+06   4.0527344e+01
   4.1531450e+06   3.7475586e+01
   4.1584880e+06   4.5715332e+01
   4.1646300e+06   4.2846680e+01
   4.1648970e+06   4.0771484e+01
   4.1707000e+06   3.8085938e+01
   4.1708800e+06   3.8146973e+01
   4.1710320e+06   3.7170410e+01
   4.1769600e+06   4.0405273e+01
   4.1769720e+06   4.3823242e+01
   4.1835750e+06   3.9489746e+01
   4.1893710e+06   3.6926270e+01
   4.1894230e+06   3.6926270e+01
   4.1963050e+06   3.6315918e+01
   4.1964340e+06   4.0832520e+01
   4.2025850e+06   3.9062500e+01
   4.2026340e+06   3.9489746e+01
   4.2027510e+06   3.6437988e+01
   4.2086520e+06   4.6508789e+01
   4.2087920e+06   3.9794922e+01
   4.2088400e+06   4.3090820e+01
   4.2154200e+06   4.7912598e+01
   4.2156860e+06   4.3029785e+01
   4.2292070e+06   3.9428711e+01
   4.2293450e+06   3.6376953e+01
   4.2293810e+06   3.9001465e+01
   4.2294170e+06   3.6315918e+01
   4.2294990e+06   3.8696289e+01
   4.2295910e+06   3.8269043e+01
   4.2364360e+06   4.3090820e+01
   4.2439740e+06   3.7048340e+01
   4.2439930e+06   3.6376953e+01
   4.2512250e+06   4.4982910e+01
   4.2513440e+06   3.6132813e+01
   4.2513760e+06   4.3151855e+01
   4.2515210e+06   3.6682129e+01
   4.2515490e+06   4.0161133e+01
   4.2583930e+06   4.0100098e+01
   4.2584290e+06   3.6376953e+01
   4.2584610e+06   4.0405273e+01
   4.2659630e+06   3.6315918e+01
   4.2660650e+06   3.6193848e+01
   4.2739510e+06   4.3334961e+01
   4.2741190e+06   4.5410156e+01
   4.2816630e+06   3.9306641e+01
   4.2817060e+06   3.9611816e+01
   4.2817800e+06   4.0283203e+01
   4.2819680e+06   4.6081543e+01
   4.2820490e+06   4.0283203e+01
   4.2893320e+06   4.0710449e+01
   4.2893790e+06   3.7597656e+01
   4.2893900e+06   3.7353516e+01
   4.2894280e+06   4.4006348e+01
   4.2898590e+06   3.6315918e+01
   4.2961180e+06   3.7048340e+01
   4.2961490e+06   3.6376953e+01
   4.2962800e+06   3.8269043e+01
   4.3037160e+06   4.5776367e+01
   4.3037580e+06   3.9428711e+01
   4.3037800e+06   3.6926270e+01
   4.3038260e+06   3.8391113e+01
   4.3039110e+06   4.2663574e+01
   4.3118640e+06   3.7292480e+01
   4.3119310e+06   3.9489746e+01
   4.3191640e+06   4.8645020e+01
   4.3192270e+06   4.0405273e+01
   4.3275940e+06   5.9020996e+01
   4.3358180e+06   4.1198730e+01
   4.3358600e+06   3.8574219e+01
   4.3359910e+06   4.1748047e+01
   4.3453470e+06   3.7170410e+01
   4.3456490e+06   3.7902832e+01
   4.3458020e+06   3.6376953e+01
   4.3538800e+06   5.4992676e+01
   4.3539790e+06   3.6804199e+01
   4.3626540e+06   3.7292480e+01
   4.3628330e+06   3.6987305e+01
   4.3717390e+06   3.6132813e+01
   4.3718110e+06   3.7780762e+01
   4.3718490e+06   3.9062500e+01
   4.3719320e+06   4.0771484e+01
   4.3720310e+06   4.2541504e+01
   4.3809190e+06   3.7658691e+01
   4.3810280e+06   5.3710938e+01
   4.3811330e+06   3.7353516e+01
   4.3812360e+06   3.8940430e+01
   4.3812760e+06   3.6254883e+01
   4.3911090e+06   5.2551270e+01
   4.3911420e+06   4.0283203e+01
   4.3912870e+06   3.6926270e+01
   4.3914300e+06   4.2602539e+01
   4.4003660e+06   4.2175293e+01
   4.4102140e+06   3.6865234e+01
   4.4102720e+06   3.8818359e+01
   4.4105750e+06   3.9428711e+01
   4.4311310e+06   3.7597656e+01
   4.4311450e+06   4.0100098e+01
   4.4311580e+06   4.1992188e+01
   4.4312520e+06   3.6254883e+01
   4.4315190e+06   3.9550781e+01
   4.4415980e+06   5.3894043e+01
   4.4418430e+06   3.6376953e+01
   4.4529390e+06   4.0161133e+01
   4.4529840e+06   4.8278809e+01
   4.4535010e+06   3.6926270e+01
   4.4655420e+06   4.2297363e+01
   4.4775790e+06   3.8879395e+01
   4.4777070e+06   4.9926758e+01
   4.4778780e+06   3.6254883e+01
   4.5062200e+06   3.6315918e+01
   4.7480190e+06   4.0771484e+01
   4.7481220e+06   3.8940430e+01
   4.7482140e+06   4.1259766e+01
   4.7486920e+06   4.0039063e+01
   4.8176220e+06   4.0283203e+01
   4.8178820e+06   3.7902832e+01
   4.8227530e+06   3.7963867e+01
   4.8582230e+06   3.6804199e+01
   4.8585160e+06   4.5715332e+01
   4.8980070e+06   4.6264648e+01
   4.8981660e+06   3.6193848e+01
   4.8982850e+06   3.6743164e+01
   4.9148380e+06   3.6315918e+01
   4.9583470e+06   3.6437988e+01
   4.9680520e+06   4.4860840e+01
   4.9684260e+06   3.6437988e+01
   4.9802480e+06   3.6254883e+01
   4.9986680e+06   3.7475586e+01
   4.9988770e+06   5.7739258e+01
   4.9992230e+06   4.2724609e+01
   4.9994680e+06   3.8208008e+01
   5.0066930e+06   3.6254883e+01
   5.0069620e+06   3.6865234e+01
   5.0199500e+06   4.5166016e+01
   5.0342820e+06   3.6499023e+01
   5.0442280e+06   4.7424316e+01
   5.0524770e+06   3.9184570e+01
   5.0629370e+06   3.9733887e+01
   5.0635390e+06   3.9306641e+01
   5.0748660e+06   3.6132813e+01
   5.0806390e+06   4.3395996e+01
   5.0808950e+06   4.2053223e+01
   5.1064030e+06   3.7048340e+01
   5.1127740e+06   3.9611816e+01
   5.1191640e+06   3.7719727e+01
   5.1469230e+06   4.8400879e+01
   5.1471020e+06   3.8269043e+01
   5.1542890e+06   4.2053223e+01
   5.1779760e+06   3.6804199e+01
   5.1910610e+06   3.7536621e+01
   5.2227840e+06   4.3151855e+01
   5.2706540e+06   4.1137695e+01
   5.2772730e+06   3.9428711e+01
   5.2846750e+06   3.6132813e+01
   5.3036280e+06   4.1992188e+01
   5.3096210e+06   3.6560059e+01
   5.3207420e+06   3.7963867e+01
   5.3664080e+06   3.8757324e+01
   5.3970070e+06   4.0222168e+01
   5.4516100e+06   3.6865234e+01
   5.4577580e+06   3.8391113e+01
   5.4579800e+06   3.6560059e+01
   5.4812470e+06   3.8208008e+01
   5.5253700e+06   3.7048340e+01
   5.5689350e+06   3.7170410e+01
   5.6767630e+06   5.2185059e+01
   5.6768960e+06   5.5053711e+01
   5.6769300e+06   4.0649414e+01
   5.6770220e+06   4.3518066e+01
   5.6771880e+06   4.8583984e+01
   5.6773040e+06   3.6193848e+01
   5.6774020e+06   3.8269043e+01
   5.6774570e+06   3.6132813e+01
   5.7974990e+06   3.6804199e+01
   5.7992440e+06   3.6560059e+01
   5.7994180e+06   3.9489746e+01
   5.7994790e+06   3.8635254e+01
   5.7995540e+06   3.6254883e+01
   5.7996180e+06   4.2114258e+01
   5.7997300e+06   4.2175293e+01
   5.7998440e+06   3.6987305e+01
   5.7998550e+06   4.2419434e+01
   5.8000920e+06   4.3518066e+01
   5.8735280e+06   3.6193848e+01
   5.8744240e+06   4.1503906e+01
   5.8886820e+06   3.9489746e+01
   5.8887990e+06   5.1269531e+01
   5.8888540e+06   3.9733887e+01
   5.8888700e+06   3.8208008e+01
   5.8889430e+06   4.1748047e+01
   5.8889850e+06   4.2785645e+01
   5.8890520e+06   5.4626465e+01
   5.8890810e+06   6.8298340e+01
   5.8890960e+06   4.4799805e+01
   5.8891220e+06   3.9367676e+01
   5.8891430e+06   3.7475586e+01
   5.8891680e+06   3.7658691e+01
   5.8891810e+06   5.1940918e+01
   5.8892390e+06   4.6997070e+01
   5.8892560e+06   4.6142578e+01
   5.8893050e+06   4.1809082e+01
   5.8893300e+06   3.6865234e+01
   5.8893530e+06   4.0649414e+01
   5.8894490e+06   3.7048340e+01
   5.8894700e+06   4.3029785e+01
   5.8895780e+06   3.7597656e+01
   5.8896310e+06   3.6254883e+01
   5.8897060e+06   4.0161133e+01
   5.8897810e+06   3.6621094e+01
   5.9256120e+06   3.6926270e+01
   5.9349550e+06   3.6621094e+01
   5.9427000e+06   3.6621094e+01
   5.9429930e+06   3.6376953e+01
   5.9477280e+06   3.7414551e+01
   5.9635270e+06   3.6621094e+01
   5.9679290e+06   3.6926270e+01
   5.9681730e+06   3.6315918e+01
   5.9683840e+06   4.0100098e+01
   5.9747500e+06   3.9184570e+01
   5.9749020e+06   4.0771484e+01
   5.9749180e+06   4.3273926e+01
   5.9750970e+06   5.1208496e+01
   5.9753490e+06   3.6499023e+01
   5.9754700e+06   3.9123535e+01
   5.9814950e+06   3.9428711e+01
   5.9815860e+06   3.6376953e+01
   5.9881420e+06   3.8208008e+01
   5.9882630e+06   5.4992676e+01
   5.9883810e+06   4.1442871e+01
   5.9884930e+06   4.1503906e+01
   5.9888250e+06   3.8269043e+01
   5.9890030e+06   3.7963867e+01
   5.9954340e+06   3.8513184e+01
   5.9955330e+06   3.8024902e+01
   5.9956150e+06   4.1442871e+01
   5.9958130e+06   4.4494629e+01
   5.9958510e+06   3.8330078e+01
   5.9961860e+06   3.6621094e+01
   6.0031080e+06   4.0466309e+01
   6.0032150e+06   4.9316406e+01
   6.0034610e+06   3.6926270e+01
   6.0039970e+06   3.9428711e+01
   6.0105800e+06   3.8879395e+01
   6.0183680e+06   4.0649414e+01
   6.0185740e+06   3.6560059e+01
   6.0186540e+06   3.9184570e+01
   6.0186970e+06   3.8269043e+01
   6.0187370e+06   3.9062500e+01
   6.0188060e+06   3.6499023e+01
   6.0268340e+06   3.6560059e+01
   6.0269810e+06   3.9245605e+01
   6.0270120e+06   3.7292480e+01
   6.0272790e+06   5.2917480e+01
   6.0273250e+06   4.5959473e+01
   6.0275440e+06   3.6804199e+01
   6.0359390e+06   3.7597656e+01
   6.0360090e+06   3.7963867e+01
   6.0360340e+06   4.2114258e+01
   6.0361320e+06   4.0954590e+01
   6.0361430e+06   3.6376953e+01
   6.0361930e+06   3.8085938e+01
   6.0362830e+06   4.6569824e+01
   6.0363620e+06   3.8452148e+01
   6.0364690e+06   3.6376953e+01
   6.0370050e+06   4.4433594e+01
   6.0447950e+06   3.8024902e+01
   6.0448170e+06   4.2724609e+01
   6.0449010e+06   3.8085938e+01
   6.0449420e+06   4.1259766e+01
   6.0449850e+06   4.2663574e+01
   6.0450310e+06   4.9499512e+01
   6.0450650e+06   3.6865234e+01
   6.0451770e+06   5.0659180e+01
   6.0452650e+06   4.4189453e+01
   6.0453080e+06   3.8208008e+01
   6.0534830e+06   3.9062500e+01
   6.0535830e+06   4.8889160e+01
   6.0536030e+06   3.6499023e+01
   6.0536260e+06   3.8940430e+01
   6.0536510e+06   4.1320801e+01
   6.0536630e+06   3.8085938e+01
   6.0537280e+06   4.5471191e+01
   6.0537990e+06   4.1259766e+01
   6.0538630e+06   4.3518066e+01
   6.0542830e+06   4.1809082e+01
   6.0624530e+06   3.8452148e+01
   6.0625380e+06   3.8330078e+01
   6.0625900e+06   3.6987305e+01
   6.0626050e+06   5.4626465e+01
   6.0627160e+06   4.5654297e+01
   6.0694000e+06   3.9733887e+01
   6.0696650e+06   3.6132813e+01
   6.0700110e+06   3.7231445e+01
   6.0766180e+06   3.9672852e+01
   6.0766400e+06   4.0161133e+01
   6.0766730e+06   3.7353516e+01
   6.0767460e+06   3.7170410e+01
   6.0769740e+06   4.4677734e+01
   6.0840230e+06   3.6254883e+01
   6.0840420e+06   4.6142578e+01
   6.0841010e+06   4.2846680e+01
   6.0841390e+06   3.9001465e+01
   6.0841850e+06   4.4555664e+01
   6.0841970e+06   4.1748047e+01
   6.0842540e+06   4.1931152e+01
   6.0842770e+06   3.6132813e+01
   6.0844200e+06   4.2297363e+01
   6.0844690e+06   4.3579102e+01
   6.0921470e+06   4.1137695e+01
   6.0921990e+06   4.8767090e+01
   6.0922410e+06   5.2429199e+01
   6.0922700e+06   4.9987793e+01
   6.0923150e+06   4.6203613e+01
   6.0923770e+06   3.7170410e+01
   6.0924140e+06   3.7658691e+01
   6.0925020e+06   3.7719727e+01
   6.0925620e+06   3.6193848e+01
   6.0985070e+06   3.6926270e+01
   6.0986320e+06   3.8940430e+01
   6.1050200e+06   3.7780762e+01
   6.1050630e+06   3.6132813e+01
   6.1052420e+06   4.0588379e+01
   6.1054290e+06   3.8940430e+01
   6.1121360e+06   4.3945313e+01
   6.1122140e+06   3.6865234e+01
   6.1122360e+06   4.2785645e+01
   6.1122660e+06   3.6804199e+01
   6.1122950e+06   3.8879395e+01
   6.1123110e+06   4.0344238e+01
   6.1123210e+06   3.9550781e+01
   6.1123530e+06   3.7048340e+01
   6.1123900e+06   3.9245605e+01
   6.1124190e+06   5.5603027e+01
   6.1125240e+06   5.5358887e+01
   6.1125910e+06   4.7424316e+01
   6.1126470e+06   3.9245605e+01
   6.1247710e+06   4.2724609e+01
   6.1247960e+06   3.9184570e+01
   6.1396570e+06   3.8818359e+01
   6.1396840e+06   4.3823242e+01
   6.1397210e+06   4.8583984e+01
   6.1397320e+06   3.9978027e+01
   6.1397570e+06   3.7719727e+01
   6.1455820e+06   4.7241211e+01
   6.1456600e+06   4.3273926e+01
   6.1457410e+06   3.8635254e+01
   6.1457950e+06   4.1320801e+01
   6.1458560e+06   3.6254883e+01
   6.1459450e+06   3.7780762e+01
   6.1460480e+06   4.2236328e+01
   6.1524070e+06   3.8146973e+01
   6.1524510e+06   3.6621094e+01
   6.1578230e+06   3.7658691e+01
   6.1669530e+06   4.3212891e+01
   6.1670200e+06   4.1503906e+01
   6.1671050e+06   3.8024902e+01
   6.1722700e+06   3.7353516e+01
   6.1722980e+06   3.8757324e+01
   6.1724040e+06   4.8889160e+01
   6.1724940e+06   4.0161133e+01
   6.1726170e+06   3.6743164e+01
   6.1778610e+06   3.6987305e+01
   6.1832670e+06   3.6926270e+01
   6.1832880e+06   4.4799805e+01
   6.1833180e+06   3.8513184e+01
   6.1834070e+06   3.7353516e+01
   6.1884080e+06   4.2602539e+01
   6.1936260e+06   4.3273926e+01
   6.1936880e+06   3.6376953e+01
   6.1937190e+06   3.8085938e+01
   6.1987950e+06   3.9001465e+01
   6.1988720e+06   4.2846680e+01
   6.1989100e+06   3.7414551e+01
   6.2043430e+06   3.8452148e+01
   6.2044320e+06   3.6682129e+01
   6.2045130e+06   3.6376953e+01
   6.2045580e+06   4.9926758e+01
   6.2045850e+06   4.8706055e+01
   6.2046230e+06   3.6621094e+01
   6.2099070e+06   4.0222168e+01
   6.2100010e+06   4.4738770e+01
   6.2154650e+06   3.8513184e+01
   6.2155290e+06   3.6621094e+01
   6.2156070e+06   4.5104980e+01
   6.2156840e+06   3.9550781e+01
   6.2213550e+06   4.3457031e+01
   6.2213760e+06   3.7597656e+01
   6.2214890e+06   3.6743164e+01
   6.2215390e+06   3.7292480e+01
   6.2215850e+06   4.2480469e+01
   6.2277510e+06   4.2358398e+01
   6.2277970e+06   3.6682129e+01
   6.2278140e+06   3.7780762e+01
   6.2278840e+06   3.6193848e+01
   6.2279100e+06   5.1818848e+01
   6.2279660e+06   4.0222168e+01
   6.2279960e+06   4.0771484e+01
   6.2280100e+06   3.8635254e+01
   6.2281970e+06   3.7231445e+01
   6.2404440e+06   4.8583984e+01
   6.2405070e+06   3.8269043e+01
   6.2405390e+06   3.7780762e+01
   6.2407150e+06   3.9611816e+01
   6.2459860e+06   4.6142578e+01
   6.2460370e+06   4.3518066e+01
   6.2461070e+06   4.6752930e+01
   6.2461390e+06   3.9611816e+01
   6.2461950e+06   3.7048340e+01
   6.2462500e+06   4.0161133e+01
   6.2522580e+06   3.7292480e+01
   6.2522890e+06   3.6499023e+01
   6.2523780e+06   3.6621094e+01
   6.2524030e+06   3.9794922e+01
   6.2524820e+06   4.4006348e+01
   6.2525340e+06   4.1992188e+01
   6.2526120e+06   4.0344238e+01
   6.2584530e+06   4.4799805e+01
   6.2584820e+06   3.7109375e+01
   6.2585650e+06   5.0659180e+01
   6.2643740e+06   4.0039063e+01
   6.2644160e+06   3.8635254e+01
   6.2644920e+06   3.9306641e+01
   6.2646440e+06   3.6804199e+01
   6.2704990e+06   4.8339844e+01
   6.2705270e+06   4.4067383e+01
   6.2706080e+06   3.8818359e+01
   6.2706570e+06   3.7292480e+01
   6.2764180e+06   3.8940430e+01
   6.2765070e+06   4.1076660e+01
   6.2765560e+06   3.8513184e+01
   6.2825370e+06   4.8522949e+01
   6.2825490e+06   5.9020996e+01
   6.2826030e+06   3.8330078e+01
   6.2826400e+06   4.1748047e+01
   6.2826770e+06   3.7658691e+01
   6.2827630e+06   5.0415039e+01
   6.2888370e+06   3.8146973e+01
   6.2889160e+06   4.4860840e+01
   6.2889970e+06   3.9916992e+01
   6.2890530e+06   4.0710449e+01
   6.2948620e+06   5.1513672e+01
   6.2948890e+06   4.4067383e+01
   6.2949260e+06   3.6132813e+01
   6.2949540e+06   4.0771484e+01
   6.3008790e+06   3.7719727e+01
   6.3009850e+06   3.7902832e+01
   6.3010090e+06   4.1442871e+01
   6.3010250e+06   4.0100098e+01
   6.3011380e+06   3.7475586e+01
   6.3012510e+06   3.6193848e+01
   6.3071680e+06   3.8208008e+01
   6.3071970e+06   4.0893555e+01
   6.3072140e+06   4.3762207e+01
   6.3072570e+06   4.2297363e+01
   6.3073090e+06   3.8391113e+01
   6.3136410e+06   4.0771484e+01
   6.3136590e+06   3.9062500e+01
   6.3137530e+06   3.7231445e+01
   6.3137900e+06   5.2795410e+01
   6.3205500e+06   3.7048340e+01
   6.3206720e+06   4.0771484e+01
   6.3206860e+06   3.8269043e+01
   6.3207160e+06   3.9794922e+01
   6.3207630e+06   3.6682129e+01
   6.3208260e+06   3.8757324e+01
   6.3274250e+06   3.9794922e+01
   6.3274690e+06   4.4494629e+01
   6.3274840e+06   4.4311523e+01
   6.3336930e+06   4.0710449e+01
   6.3337480e+06   4.2236328e+01
   6.3337830e+06   4.0161133e+01
   6.3399410e+06   3.9367676e+01
   6.3399810e+06   4.1137695e+01
   6.3400000e+06   3.7780762e+01
   6.3458180e+06   3.9550781e+01
   6.3459770e+06   4.0649414e+01
   6.3460690e+06   3.9855957e+01
   6.3519690e+06   3.6865234e+01
   6.3520130e+06   4.3579102e+01
   6.3520610e+06   3.6804199e+01
   6.3520850e+06   4.5471191e+01
   6.3521240e+06   3.7536621e+01
   6.3583530e+06   3.6743164e+01
   6.3584650e+06   5.4565430e+01
   6.3585040e+06   3.6193848e+01
   6.3585140e+06   4.6142578e+01
   6.3585440e+06   3.8818359e+01
   6.3585690e+06   4.2480469e+01
   6.3649180e+06   3.9062500e+01
   6.3649950e+06   3.8940430e+01
   6.3650170e+06   3.9062500e+01
   6.3715780e+06   3.8940430e+01
   6.3716130e+06   4.9011230e+01
   6.3716390e+06   4.6813965e+01
   6.3718240e+06   3.6682129e+01
   6.3778780e+06   3.8940430e+01
   6.3779650e+06   3.9001465e+01
   6.3780620e+06   3.9184570e+01
   6.3780860e+06   3.8024902e+01
   6.3844830e+06   3.8696289e+01
   6.3845200e+06   4.0405273e+01
   6.3845410e+06   3.8879395e+01
   6.3845690e+06   4.2419434e+01
   6.3845870e+06   3.8513184e+01
   6.3915850e+06   4.2663574e+01
   6.3916190e+06   4.0954590e+01
   6.3916450e+06   4.3090820e+01
   6.3916660e+06   5.8410645e+01
   6.3917300e+06   3.9855957e+01
   6.3987610e+06   3.6499023e+01
   6.3988130e+06   3.9306641e+01
   6.3988970e+06   3.8696289e+01
   6.3989510e+06   3.7475586e+01
   6.3989990e+06   4.2236328e+01
   6.3990490e+06   4.1992188e+01
   6.3991130e+06   3.8696289e+01
   6.4061740e+06   4.1931152e+01
   6.4062250e+06   3.7475586e+01
   6.4062390e+06   3.8574219e+01
   6.4063600e+06   4.4860840e+01
   6.4132420e+06   3.6437988e+01
   6.4132950e+06   3.8818359e+01
   6.4133270e+06   5.0109863e+01
   6.4133620e+06   3.7536621e+01
   6.4202530e+06   3.9184570e+01
   6.4203330e+06   4.0283203e+01
   6.4203520e+06   3.6804199e+01
   6.4203840e+06   3.9062500e+01
   6.4204720e+06   3.8513184e+01
   6.4276160e+06   3.6254883e+01
   6.4277060e+06   3.9672852e+01
   6.4277290e+06   3.6804199e+01
   6.4277700e+06   3.9550781e+01
   6.4277840e+06   4.8950195e+01
   6.4278590e+06   3.6682129e+01
   6.4347310e+06   4.3151855e+01
   6.4348840e+06   5.3222656e+01
   6.4404970e+06   3.7963867e+01
   6.4474220e+06   3.6499023e+01
   6.4474580e+06   3.9550781e+01
   6.4476100e+06   3.9123535e+01
   6.4476610e+06   3.7048340e+01
   6.4550060e+06   3.6254883e+01
   6.4550970e+06   3.6193848e+01
   6.4551840e+06   3.7231445e+01
   6.4553040e+06   4.6203613e+01
   6.4558820e+06   3.6315918e+01
   6.4630690e+06   3.8208008e+01
   6.4631190e+06   4.2968750e+01
   6.4631840e+06   4.0588379e+01
   6.4708110e+06   3.7719727e+01
   6.4708450e+06   3.7475586e+01
   6.4708620e+06   3.9001465e+01
   6.4709410e+06   3.6376953e+01
   6.4709790e+06   4.5043945e+01
   6.4710120e+06   3.6987305e+01
   6.4710670e+06   3.6621094e+01
   6.4712660e+06   3.6987305e+01
   6.4785500e+06   4.7912598e+01
   6.4786800e+06   3.8085938e+01
   6.4787160e+06   4.3029785e+01
   6.4787380e+06   3.8635254e+01
   6.4867310e+06   3.7536621e+01
   6.4867850e+06   4.1687012e+01
   6.4868480e+06   4.1381836e+01
   6.4868700e+06   4.4250488e+01
   6.4869730e+06   3.6376953e+01
   6.4870850e+06   4.4189453e+01
   6.4952220e+06   4.3090820e+01
   6.4952500e+06   4.0161133e+01
   6.4953500e+06   3.9123535e+01
   6.4954270e+06   3.6743164e+01
   6.5036620e+06   4.3945313e+01
   6.5037290e+06   3.7902832e+01
   6.5115710e+06   4.3762207e+01
   6.5116240e+06   3.8818359e+01
   6.5116910e+06   5.9020996e+01
   6.5117390e+06   4.0039063e+01
   6.5120610e+06   3.7109375e+01
   6.5193110e+06   3.8513184e+01
   6.5194280e+06   4.0588379e+01
   6.5195200e+06   3.6987305e+01
   6.5196090e+06   3.6437988e+01
   6.5275960e+06   3.9916992e+01
   6.5276580e+06   4.6508789e+01
   6.5277230e+06   3.9978027e+01
   6.5277900e+06   4.4738770e+01
   6.5358700e+06   5.1818848e+01
   6.5449480e+06   3.6865234e+01
   6.5449870e+06   3.9062500e+01
   6.5538220e+06   3.6437988e+01
   6.5538660e+06   4.1137695e+01
   6.5540120e+06   4.1503906e+01
   6.5627880e+06   4.2785645e+01
   6.5628830e+06   3.6132813e+01
   6.5629420e+06   3.7963867e+01
   6.5630010e+06   3.8452148e+01
   6.5721170e+06   4.0283203e+01
   6.5818950e+06   4.4799805e+01
   6.5820200e+06   3.6743164e+01
   6.5821200e+06   4.1015625e+01
   6.5821570e+06   4.0710449e+01
   6.5823630e+06   4.1076660e+01
   6.5913410e+06   3.8269043e+01
   6.5914940e+06   3.8757324e+01
   6.5915590e+06   3.6804199e+01
   6.5917200e+06   3.8391113e+01
   6.6213220e+06   3.6376953e+01
   6.6332990e+06   4.2541504e+01
   6.6468090e+06   3.8085938e+01
   6.6586020e+06   3.6621094e+01
   6.6587120e+06   3.9733887e+01
   6.6719330e+06   3.7231445e+01
   6.9689340e+06   3.8146973e+01
   6.9690100e+06   4.6203613e+01
   6.9691470e+06   3.7353516e+01
   6.9692540e+06   3.7414551e+01
   7.0333370e+06   4.0832520e+01
   7.0335940e+06   3.7231445e+01
   7.0336130e+06   3.6376953e+01
   7.0343770e+06   3.8879395e+01
   7.1207010e+06   3.7719727e+01
   7.1209160e+06   4.4189453e+01
   7.1211700e+06   3.8146973e+01
   7.1506760e+06   3.6621094e+01
   7.1508030e+06   4.2541504e+01
   7.1510650e+06   4.0222168e+01
   7.1513970e+06   4.7729492e+01
   7.1514840e+06   3.6682129e+01
   7.1517780e+06   4.3090820e+01
   7.2005430e+06   4.2907715e+01
   7.2006800e+06   3.9672852e+01
   7.2008030e+06   4.3273926e+01
   7.2009590e+06   4.5471191e+01
   7.2010870e+06   3.6315918e+01
   7.2013250e+06   3.6865234e+01
   7.2184230e+06   3.7597656e+01
   7.2187160e+06   4.1442871e+01
   7.2188070e+06   3.6254883e+01
   7.2189220e+06   4.5104980e+01
   7.2457040e+06   3.8452148e+01
   7.2572720e+06   3.6193848e+01
   7.2666090e+06   4.2053223e+01
   7.2667920e+06   4.0283203e+01
   7.2671610e+06   4.7424316e+01
   7.2672750e+06   3.6376953e+01
   7.2673990e+06   3.8513184e+01
   7.2796690e+06   3.6560059e+01
   7.2797850e+06   3.9855957e+01
   7.2908770e+06   3.7231445e+01
   7.3022100e+06   3.6621094e+01
   7.3027730e+06   4.1259766e+01
   7.3130130e+06   5.4321289e+01
   7.3132650e+06   3.6865234e+01
   7.3369420e+06   3.6682129e+01
   7.3370890e+06   3.7109375e+01
   7.3374400e+06   3.9184570e+01
   7.3379290e+06   3.8391113e+01
   7.3638880e+06   3.6437988e+01
   7.3906890e+06   3.8208008e+01
   7.3908950e+06   3.7170410e+01
   7.4986970e+06   3.9001465e+01
   7.5061240e+06   4.9804687e+01
   7.5061890e+06   3.8696289e+01
   7.5063020e+06   4.4189453e+01
   7.5065140e+06   3.9672852e+01
   7.5066200e+06   3.9733887e+01
   7.5071100e+06   3.6804199e+01
   7.5740280e+06   4.1748047e+01
   7.5746520e+06   3.9672852e+01
   7.5747700e+06   3.7719727e+01
   7.6047360e+06   4.0588379e+01
   7.6755780e+06   3.6254883e+01
   7.6758860e+06   3.9245605e+01
   7.6762560e+06   3.6254883e+01
   7.6763360e+06   5.1574707e+01
   7.6763490e+06   3.7902832e+01
   7.6765660e+06   3.9367676e+01
   7.6766190e+06   3.6499023e+01
   7.6767960e+06   3.9733887e+01
   7.7642750e+06   4.0405273e+01
   7.7944130e+06   4.9621582e+01
   7.7945160e+06   3.8513184e+01
   7.7945890e+06   3.6315918e+01
   7.7946270e+06   3.8208008e+01
   7.7947210e+06   4.3945313e+01
   7.7947500e+06   3.9794922e+01
   7.7948260e+06   3.8635254e+01
   7.7949120e+06   4.9255371e+01
   7.7949980e+06   4.1198730e+01
   7.8184100e+06   3.6315918e+01
   7.8557790e+06   3.8452148e+01
   7.8709890e+06   3.8574219e+01
   7.8711870e+06   5.1574707e+01
   7.8712240e+06   3.6865234e+01
   7.8713290e+06   3.6315918e+01
   7.8713540e+06   4.5288086e+01
   7.8714460e+06   4.0222168e+01
   7.8715280e+06   4.1198730e+01
   7.8716070e+06   4.5593262e+01
   7.8718190e+06   3.8757324e+01
   7.8719290e+06   4.6813965e+01
   7.8720220e+06   4.1992188e+01
   7.8721190e+06   4.2724609e+01
   7.8913000e+06   4.5104980e+01
   7.8971140e+06   3.6132813e+01
   7.9034170e+06   3.8574219e+01
   7.9124800e+06   3.6865234e+01
   7.9514800e+06   3.6193848e+01
   7.9542800e+06   4.1137695e+01
   7.9543410e+06   4.0222168e+01
   7.9544210e+06   4.9133301e+01
   7.9545240e+06   3.8085938e+01
   7.9545990e+06   4.4555664e+01
   7.9546130e+06   4.0039063e+01
   7.9549090e+06   4.4433594e+01
   7.9886930e+06   3.6926270e+01
   7.9955680e+06   3.9123535e+01
   8.0196660e+06   3.7048340e+01
   8.0249360e+06   3.6926270e+01
   8.0258880e+06   3.7109375e+01
   8.0261320e+06   3.6499023e+01
   8.0265340e+06   3.9245605e+01
   8.0340240e+06   3.6865234e+01
   8.0978310e+06   3.9123535e+01
   8.0981880e+06   3.7841797e+01
   8.0984600e+06   4.8645020e+01
   8.0987470e+06   3.7536621e+01
   8.0998840e+06   3.7719727e+01
   8.1000600e+06   3.7658691e+01
   8.1000890e+06   4.7729492e+01
   8.1001530e+06   4.8034668e+01
   8.1001860e+06   3.8757324e+01
   8.1002030e+06   3.6376953e+01
   8.1002450e+06   4.2785645e+01
   8.1002670e+06   4.5593262e+01
   8.1002890e+06   5.0231934e+01
   8.1003200e+06   4.4067383e+01
   8.1003600e+06   3.8208008e+01
   8.1003730e+06   3.6926270e+01
   8.1003960e+06   3.6987305e+01
   8.1004630e+06   4.8706055e+01
   8.1005260e+06   4.2358398e+01
   8.1005710e+06   5.1513672e+01
   8.1008370e+06   3.7902832e+01
   8.1010650e+06   4.3029785e+01
   8.1012930e+06   3.8391113e+01
   8.1276080e+06   4.0344238e+01
   8.1439100e+06   3.9733887e+01
   8.1557850e+06   4.3090820e+01
   8.1607200e+06   3.6926270e+01
   8.1609670e+06   4.0344238e+01
   8.1811550e+06   4.1870117e+01
   8.1936260e+06   4.5227051e+01
   8.1939050e+06   4.5593262e+01
   8.1940910e+06   3.9367676e+01
   8.2039130e+06   3.6682129e+01
   8.2112240e+06   4.1625977e+01
   8.2112400e+06   4.5776367e+01
   8.2116320e+06   3.7170410e+01
   8.2122740e+06   3.7353516e+01
   8.2200910e+06   4.2907715e+01
   8.2203850e+06   3.6743164e+01
   8.2388230e+06   5.2368164e+01
   8.2388840e+06   4.9072266e+01
   8.2389550e+06   4.0466309e+01
   8.2392300e+06   4.5349121e+01
   8.2393090e+06   4.0344238e+01
   8.2396790e+06   3.9123535e+01
   8.2495220e+06   4.4189453e+01
   8.2497320e+06   3.8452148e+01
   8.2497660e+06   3.7597656e+01
   8.2498430e+06   3.7170410e+01
   8.2503940e+06   4.1625977e+01
   8.2505540e+06   3.6376953e+01
   8.2604840e+06   3.8085938e+01
   8.2606070e+06   3.7902832e+01
   8.2607230e+06   3.8940430e+01
   8.2609560e+06   4.5654297e+01
   8.2609930e+06   3.9428711e+01
   8.2698060e+06   4.4311523e+01
   8.2699000e+06   3.6987305e+01
   8.2700810e+06   4.0344238e+01
   8.2703220e+06   3.7475586e+01
   8.2858480e+06   3.6987305e+01
   8.2858740e+06   3.7170410e+01
   8.2860870e+06   3.6804199e+01
   8.2862720e+06   4.3823242e+01
   8.2944450e+06   3.8391113e+01
   8.2944790e+06   3.6254883e+01
   8.2946870e+06   3.7170410e+01
   8.3131290e+06   3.8635254e+01
   8.3133060e+06   3.7292480e+01
   8.3133410e+06   3.7780762e+01
   8.3135000e+06   3.6804199e+01
   8.3136350e+06   4.1259766e+01
   8.3137450e+06   4.0039063e+01
   8.3138310e+06   3.8024902e+01
   8.3140430e+06   3.7963867e+01
   8.3141170e+06   4.3518066e+01
   8.3142390e+06   4.7363281e+01
   8.3261120e+06   4.1442871e+01
   8.3262850e+06   4.0405273e+01
   8.3263660e+06   4.4006348e+01
   8.3264710e+06   3.9978027e+01
   8.3264920e+06   3.9489746e+01
   8.3265470e+06   3.7658691e+01
   8.3266630e+06   4.0222168e+01
   8.3266750e+06   3.7719727e+01
   8.3267570e+06   4.1564941e+01
   8.3268040e+06   3.8391113e+01
   8.3269430e+06   4.4006348e+01
   8.3273260e+06   3.8452148e+01
   8.3389600e+06   3.6437988e+01
   8.3510580e+06   3.7109375e+01
   8.3601240e+06   4.7912598e+01
   8.3601570e+06   4.4982910e+01
   8.3601960e+06   3.6987305e+01
   8.3602320e+06   4.0710449e+01
   8.3602880e+06   3.9428711e+01
   8.3603040e+06   3.8452148e+01
   8.3603420e+06   3.6682129e+01
   8.3603600e+06   4.1564941e+01
   8.3603860e+06   5.2551270e+01
   8.3604140e+06   5.4443359e+01
   8.3605220e+06   3.6315918e+01
   8.3606400e+06   3.7231445e+01
   8.3607280e+06   3.6926270e+01
   8.3607450e+06   4.7119141e+01
   8.3609520e+06   3.7170410e+01
   8.3610910e+06   3.8269043e+01
   8.3833860e+06   4.5654297e+01
   8.3837490e+06   4.2297363e+01
   8.3899470e+06   3.9672852e+01
   8.3901100e+06   3.7292480e+01
   8.3954370e+06   3.8391113e+01
   8.4013690e+06   3.6132813e+01
   8.4013950e+06   3.8513184e+01
   8.4014790e+06   3.6315918e+01
   8.4015180e+06   4.5349121e+01
   8.4016820e+06   4.0771484e+01
   8.4017880e+06   3.9550781e+01
   8.4113510e+06   3.7292480e+01
   8.4113920e+06   3.6132813e+01
   8.4114800e+06   4.6691895e+01
   8.4115290e+06   4.4372559e+01
   8.4115820e+06   3.7963867e+01
   8.4116120e+06   3.7536621e+01
   8.4116640e+06   4.1564941e+01
   8.4119940e+06   3.9489746e+01
   8.4121820e+06   4.0222168e+01
   8.4124810e+06   3.8208008e+01
   8.4204710e+06   3.7963867e+01
   8.4259190e+06   3.7231445e+01
   8.4262590e+06   3.9123535e+01
   8.4364650e+06   3.8696289e+01
   8.4365110e+06   4.0405273e+01
   8.4365430e+06   3.8085938e+01
   8.4366610e+06   4.6203613e+01
   8.4368240e+06   3.6499023e+01
   8.4369760e+06   3.9855957e+01
   8.4492900e+06   3.7963867e+01
   8.4496220e+06   4.0344238e+01
   8.4604650e+06   5.0048828e+01
   8.4605400e+06   5.0292969e+01
   8.4605540e+06   3.6682129e+01
   8.4606250e+06   3.9672852e+01
   8.4606390e+06   4.0100098e+01
   8.4606930e+06   3.6804199e+01
   8.4726130e+06   4.0161133e+01
   8.4726500e+06   3.8146973e+01
   8.4727560e+06   3.8330078e+01
   8.4783610e+06   3.8024902e+01
   8.4830480e+06   3.6987305e+01
   8.4889310e+06   3.8452148e+01
   8.4890150e+06   4.1748047e+01
   8.4890700e+06   4.9072266e+01
   8.4891100e+06   3.9855957e+01
   8.4891800e+06   3.6987305e+01
   8.4892670e+06   4.1931152e+01
   8.4894140e+06   3.6621094e+01
   8.4995110e+06   3.6254883e+01
   8.4995520e+06   3.6621094e+01
   8.4996890e+06   3.7963867e+01
   8.4997060e+06   3.7048340e+01
   8.4997260e+06   3.6987305e+01
   8.4998090e+06   3.6682129e+01
   8.4999300e+06   4.1687012e+01
   8.5000430e+06   4.2785645e+01
   8.5002780e+06   3.7353516e+01
   8.5125940e+06   3.8208008e+01
   8.5126750e+06   3.7536621e+01
   8.5129270e+06   3.7475586e+01
   8.5182470e+06   4.6630859e+01
   8.5183770e+06   3.6926270e+01
   8.5184250e+06   4.6020508e+01
   8.5239940e+06   4.3579102e+01
   8.5242330e+06   3.8513184e+01
   8.5299100e+06   4.3395996e+01
   8.5300650e+06   3.6621094e+01
   8.5301440e+06   3.6743164e+01
   8.5301660e+06   4.1564941e+01
   8.5302900e+06   3.6437988e+01
   8.5424080e+06   3.7536621e+01
   8.5424630e+06   4.0832520e+01
   8.5425000e+06   3.7719727e+01
   8.5425240e+06   3.7231445e+01
   8.5425830e+06   4.1259766e+01
   8.5426520e+06   4.6508789e+01
   8.5426930e+06   3.6254883e+01
   8.5543800e+06   3.9916992e+01
   8.5544100e+06   3.8757324e+01
   8.5545230e+06   3.7292480e+01
   8.5545720e+06   4.4555664e+01
   8.5546060e+06   3.9245605e+01
   8.5546480e+06   3.9672852e+01
   8.5609170e+06   3.7902832e+01
   8.5609650e+06   4.5104980e+01
   8.5610230e+06   3.8635254e+01
   8.5610600e+06   4.2297363e+01
   8.5611160e+06   4.4189453e+01
   8.5674110e+06   3.9245605e+01
   8.5730590e+06   3.8452148e+01
   8.5731440e+06   3.8269043e+01
   8.5732110e+06   3.8330078e+01
   8.5793860e+06   5.2429199e+01
   8.5795010e+06   3.6132813e+01
   8.5795200e+06   3.6560059e+01
   8.5855900e+06   5.5175781e+01
   8.5856140e+06   3.7719727e+01
   8.5856930e+06   3.6621094e+01
   8.5858640e+06   3.8085938e+01
   8.5912210e+06   3.6621094e+01
   8.5969420e+06   4.0649414e+01
   8.5969640e+06   4.3029785e+01
   8.5969820e+06   3.6315918e+01
   8.5969990e+06   3.6437988e+01
   8.5970930e+06   3.9733887e+01
   8.5971070e+06   4.0588379e+01
   8.5976010e+06   3.9062500e+01
   8.6045950e+06   3.7536621e+01
   8.6047140e+06   3.6376953e+01
   8.6105130e+06   4.3884277e+01
   8.6106860e+06   4.1381836e+01
   8.6107440e+06   3.6132813e+01
   8.6170560e+06   3.7048340e+01
   8.6171620e+06   5.1574707e+01
   8.6172930e+06   4.3273926e+01
   8.6232670e+06   3.6560059e+01
   8.6233360e+06   3.7963867e+01
   8.6233530e+06   3.6254883e+01
   8.6234350e+06   3.7048340e+01
   8.6235130e+06   3.7048340e+01
   8.6301470e+06   3.7780762e+01
   8.6302080e+06   3.9062500e+01
   8.6303540e+06   5.0415039e+01
   8.6372410e+06   3.7780762e+01
   8.6373600e+06   3.6499023e+01
   8.6374200e+06   3.8330078e+01
   8.6374370e+06   3.6254883e+01
   8.6377370e+06   3.6621094e+01
   8.6440810e+06   4.0039063e+01
   8.6441760e+06   3.6193848e+01
   8.6505470e+06   3.6560059e+01
   8.6507780e+06   3.7109375e+01
   8.6571740e+06   3.7841797e+01
   8.6572020e+06   3.6132813e+01
   8.6573010e+06   4.8583984e+01
   8.6579540e+06   3.6315918e+01
   8.6636750e+06   3.8879395e+01
   8.6699460e+06   3.9855957e+01
   8.6701000e+06   4.3334961e+01
   8.6701240e+06   3.6682129e+01
   8.6701780e+06   3.6743164e+01
   8.6768930e+06   3.7658691e+01
   8.6769600e+06   3.6621094e+01
   8.6771020e+06   4.0527344e+01
   8.6773250e+06   4.1198730e+01
   8.6859860e+06   3.6499023e+01
   8.6860790e+06   4.2846680e+01
   8.6861200e+06   4.1992188e+01
   8.6861630e+06   3.7719727e+01
   8.6862370e+06   3.6193848e+01
   8.7000190e+06   3.9916992e+01
   8.7000400e+06   3.9489746e+01
   8.7060750e+06   4.0466309e+01
   8.7061060e+06   4.2907715e+01
   8.7061670e+06   3.9611816e+01
   8.7124670e+06   3.9550781e+01
   8.7125680e+06   3.7963867e+01
   8.7190870e+06   3.8696289e+01
   8.7192110e+06   4.0222168e+01
   8.7262290e+06   4.0710449e+01
   8.7263990e+06   4.2907715e+01
   8.7267330e+06   3.7414551e+01
   8.7336170e+06   3.6132813e+01
   8.7336560e+06   5.0292969e+01
   8.7411900e+06   4.0466309e+01
   8.7412130e+06   4.1137695e+01
   8.7412530e+06   3.7231445e+01
   8.7485930e+06   3.9916992e+01
   8.7486420e+06   3.9733887e+01
   8.7487180e+06   3.6926270e+01
   8.7487790e+06   3.6621094e+01
   8.7487980e+06   4.0954590e+01
   8.7561580e+06   3.7292480e+01
   8.7562730e+06   4.0283203e+01
   8.7563500e+06   3.7475586e+01
   8.7564390e+06   3.9428711e+01
   8.7636910e+06   3.7048340e+01
   8.7637420e+06   3.6376953e+01
   8.7637910e+06   3.9489746e+01
   8.7641440e+06   4.2602539e+01
   8.7709350e+06   3.9184570e+01
   8.7709960e+06   4.0466309e+01
   8.7710070e+06   4.1931152e+01
   8.7710850e+06   4.0222168e+01
   8.7711090e+06   3.9306641e+01
   8.7713280e+06   3.8024902e+01
   8.7785240e+06   3.6376953e+01
   8.7785810e+06   5.0476074e+01
   8.7787060e+06   3.9855957e+01
   8.7788690e+06   3.7780762e+01
   8.7861270e+06   4.5776367e+01
   8.7862480e+06   4.2297363e+01
   8.7862740e+06   3.8452148e+01
   8.7862840e+06   3.6621094e+01
   8.7940030e+06   4.0527344e+01
   8.7940520e+06   3.9855957e+01
   8.7942570e+06   3.8024902e+01
   8.8017660e+06   3.6560059e+01
   8.8019000e+06   3.9306641e+01
   8.8019600e+06   3.7353516e+01
   8.8019910e+06   3.7292480e+01
   8.8022470e+06   3.6804199e+01
   8.8094070e+06   4.2358398e+01
   8.8094360e+06   3.6499023e+01
   8.8094680e+06   3.7292480e+01
   8.8095090e+06   3.7658691e+01
   8.8095440e+06   4.0100098e+01
   8.8095580e+06   3.8513184e+01
   8.8176780e+06   4.2236328e+01
   8.8177600e+06   4.0527344e+01
   8.8178070e+06   3.6621094e+01
   8.8178970e+06   3.9916992e+01
   8.8179280e+06   4.6630859e+01
   8.8181770e+06   3.7597656e+01
   8.8262270e+06   5.0048828e+01
   8.8263650e+06   3.7475586e+01
   8.8264850e+06   3.8696289e+01
   8.8339210e+06   4.4006348e+01
   8.8339440e+06   3.7597656e+01
   8.8340480e+06   4.0527344e+01
   8.8340880e+06   4.5471191e+01
   8.8341090e+06   5.1879883e+01
   8.8343340e+06   3.9916992e+01
   8.8418060e+06   5.4870605e+01
   8.8419080e+06   3.8879395e+01
   8.8419370e+06   4.2419434e+01
   8.8420020e+06   3.9428711e+01
   8.8493610e+06   4.0466309e+01
   8.8494050e+06   3.7902832e+01
   8.8495280e+06   3.9184570e+01
   8.8585870e+06   4.4982910e+01
   8.8587130e+06   5.1574707e+01
   8.8590000e+06   4.0039063e+01
   8.8685660e+06   4.1015625e+01
   8.8687710e+06   4.0222168e+01
   8.8687950e+06   3.9489746e+01
   8.8771720e+06   4.5227051e+01
   8.8772070e+06   3.8452148e+01
   8.8775820e+06   3.6560059e+01
   8.8947170e+06   3.6743164e+01
   8.8948940e+06   3.9184570e+01
   8.8951480e+06   3.7719727e+01
   8.8954340e+06   3.9855957e+01
   8.9037400e+06   3.7048340e+01
   8.9039340e+06   3.6254883e+01
   8.9039820e+06   3.6621094e+01
   8.9039920e+06   4.1137695e+01
   8.9041340e+06   3.6499023e+01
   8.9130630e+06   3.9245605e+01
   8.9131060e+06   4.7546387e+01
   8.9132910e+06   4.3090820e+01
   8.9237990e+06   3.6437988e+01
   8.9239170e+06   3.8146973e+01
   8.9239760e+06   3.7353516e+01
   8.9241110e+06   4.4494629e+01
   8.9241480e+06   3.7475586e+01
   8.9340540e+06   3.9184570e+01
   8.9342070e+06   4.5776367e+01
   8.9345500e+06   3.6193848e+01
   8.9555010e+06   3.6437988e+01
   8.9556170e+06   4.2907715e+01
   8.9556760e+06   3.7719727e+01
   8.9558120e+06   3.9978027e+01
   8.9661320e+06   3.8635254e+01
   8.9770610e+06   4.1687012e+01
   8.9771050e+06   3.6315918e+01
   8.9772360e+06   3.9062500e+01
   8.9773080e+06   4.3334961e+01
   8.9774000e+06   3.9428711e+01
   8.9774980e+06   4.5959473e+01
   8.9885620e+06   3.6560059e+01
   8.9886160e+06   3.8391113e+01
   8.9886480e+06   4.1931152e+01
   9.0019880e+06   3.8818359e+01
   9.0020540e+06   3.9916992e+01
   9.0021540e+06   3.7719727e+01
   9.0023020e+06   3.7231445e+01
   9.0142790e+06   3.6560059e+01
   9.0268800e+06   4.3395996e+01
   9.0269590e+06   5.2673340e+01
   9.0269810e+06   4.3518066e+01
   9.0270220e+06   3.6865234e+01
   9.0274220e+06   3.8269043e+01
   9.0373160e+06   3.7902832e+01
   9.0496760e+06   3.7780762e+01
   9.0498810e+06   4.4372559e+01
   9.0499780e+06   3.7902832e+01
   9.0630750e+06   4.2114258e+01
   9.0785210e+06   3.8879395e+01
   9.0788710e+06   3.7292480e+01
   9.1147480e+06   3.7170410e+01
   9.4780670e+06   3.8574219e+01
   9.4785980e+06   4.0283203e+01
   9.5955810e+06   5.5419922e+01
   9.5959750e+06   3.8452148e+01
   9.5961700e+06   3.9306641e+01
   9.7487240e+06   5.2185059e+01
   9.7490900e+06   4.2541504e+01
   9.7491310e+06   4.8156738e+01
   9.7492130e+06   5.2429199e+01
   9.7492880e+06   4.1870117e+01
   9.7493200e+06   4.0222168e+01
   9.7493570e+06   4.9987793e+01
   9.7494740e+06   4.8889160e+01
   9.7496130e+06   3.7414551e+01
   9.7498320e+06   3.6804199e+01
   9.8196870e+06   3.7353516e+01
   9.8201660e+06   4.0527344e+01
   9.8204660e+06   4.2480469e+01
   9.8205480e+06   5.0109863e+01
   9.8206010e+06   5.0109863e+01
   9.8211750e+06   4.3029785e+01
   9.8343230e+06   3.8757324e+01
   9.8344170e+06   3.7048340e+01
   9.8346200e+06   3.7231445e+01
   9.8348320e+06   4.1503906e+01
   9.8349550e+06   3.9184570e+01
   9.8351350e+06   4.3029785e+01
   9.8456650e+06   3.6254883e+01
   9.8457890e+06   3.6437988e+01
   9.8555520e+06   3.7719727e+01
   9.8641820e+06   4.0039063e+01
   9.8643250e+06   3.7658691e+01
   9.8650770e+06   3.6437988e+01
   9.8724990e+06   3.6682129e+01
   9.8819530e+06   4.2968750e+01
   9.8820290e+06   4.1381836e+01
   9.8821120e+06   4.5898438e+01
   9.8909440e+06   3.6743164e+01
   9.8910490e+06   3.8452148e+01
   9.8911180e+06   5.0842285e+01
   9.8912260e+06   3.8940430e+01
   9.8994690e+06   3.9489746e+01
   9.9184270e+06   3.9245605e+01
   9.9405120e+06   4.1137695e+01
   9.9407300e+06   3.9184570e+01
   9.9410400e+06   4.9926758e+01
   9.9630710e+06   3.6254883e+01
   9.9632050e+06   4.4311523e+01
   9.9723320e+06   3.9978027e+01
   9.9725570e+06   4.2602539e+01
   9.9726770e+06   4.0039063e+01
   9.9727670e+06   4.4433594e+01
   9.9728750e+06   3.7536621e+01
   9.9833170e+06   3.6682129e+01
   9.9930930e+06   4.0405273e+01
   9.9931470e+06   3.9733887e+01
   1.0002861e+07   3.8208008e+01
   1.0002976e+07   4.4982910e+01
   1.0003007e+07   3.8513184e+01
   1.0003062e+07   3.6193848e+01
   1.0003201e+07   3.6804199e+01
   1.0003349e+07   4.7485352e+01
   1.0003572e+07   4.4799805e+01
   1.0014336e+07   3.6621094e+01
   1.0014584e+07   4.3762207e+01
   1.0014763e+07   3.7109375e+01
   1.0020119e+07   4.2419434e+01
   1.0025128e+07   3.6254883e+01
   1.0030772e+07   3.7353516e+01
   1.0030983e+07   4.3762207e+01
   1.0042435e+07   3.7963867e+01
   1.0042510e+07   3.9855957e+01
   1.0048523e+07   3.6926270e+01
   1.0048694e+07   3.9001465e+01
   1.0054604e+07   4.0588379e+01
   1.0066823e+07   3.8391113e+01
   1.0072722e+07   3.6193848e+01
   1.0072879e+07   3.7231445e+01
   1.0084992e+07   4.2602539e+01
   1.0091464e+07   4.3945313e+01
   1.0097386e+07   3.6499023e+01
   1.0103486e+07   3.8452148e+01
   1.0109610e+07   4.4921875e+01
   1.0115712e+07   3.6376953e+01
   1.0136087e+07   3.7231445e+01
   1.0136129e+07   3.8696289e+01
   1.0136272e+07   4.2297363e+01
   1.0143619e+07   5.1635742e+01
   1.0150641e+07   3.7414551e+01
   1.0150832e+07   3.7414551e+01
   1.0166548e+07   3.9916992e+01
   1.0174411e+07   4.0283203e+01
   1.0196609e+07   4.2724609e+01
   1.0196805e+07   4.6569824e+01
   1.0203694e+07   3.6132813e+01
   1.0211406e+07   3.7109375e+01
   1.0211547e+07   4.5166016e+01
   1.0211705e+07   4.3029785e+01
   1.0211862e+07   4.2114258e+01
   1.0212130e+07   3.7597656e+01
   1.0236881e+07   4.2175293e+01
   1.0244093e+07   3.7353516e+01
   1.0275987e+07   3.6926270e+01
   1.0276182e+07   4.4921875e+01
   1.0537527e+07   4.1320801e+01
   1.0814280e+07   4.2968750e+01
   1.0814516e+07   3.6743164e+01
   1.0814736e+07   3.9672852e+01
   1.0814855e+07   3.7597656e+01
   1.0814868e+07   4.0527344e+01
   1.0814962e+07   4.8034668e+01
   1.0928034e+07   3.8452148e+01
   1.0940753e+07   3.6621094e+01
   1.0940797e+07   5.3039551e+01
   1.0940849e+07   4.6691895e+01
   1.0940890e+07   4.0588379e+01
   1.0940944e+07   4.0649414e+01
   1.0940965e+07   3.8818359e+01
   1.0940977e+07   4.1198730e+01
   1.0941059e+07   3.9428711e+01
   1.0941125e+07   4.7058105e+01
   1.0941162e+07   4.5898438e+01
   1.0941347e+07   3.7536621e+01
   1.0941589e+07   3.8696289e+01
   1.0958641e+07   3.8513184e+01
   1.0958999e+07   3.8452148e+01
   1.0959142e+07   3.6743164e+01
   1.0959215e+07   3.7658691e+01
   1.0959243e+07   3.9001465e+01
   1.0959303e+07   3.6682129e+01
   1.0959625e+07   5.2185059e+01
   1.0973031e+07   4.0954590e+01
   1.0973650e+07   4.4250488e+01
   1.0973742e+07   3.9367676e+01
   1.0985897e+07   4.4921875e+01
   1.0986071e+07   3.9733887e+01
   1.0997592e+07   3.9123535e+01
   1.0997730e+07   3.6987305e+01
   1.0997917e+07   4.2297363e+01
   1.0997981e+07   5.1391602e+01
   1.1008577e+07   4.3273926e+01
   1.1008669e+07   3.6132813e+01
   1.1008765e+07   3.8574219e+01
   1.1018940e+07   3.7719727e+01
   1.1018950e+07   4.3029785e+01
   1.1019058e+07   4.5654297e+01
   1.1019126e+07   4.3029785e+01
   1.1019201e+07   3.9001465e+01
   1.1028053e+07   4.2846680e+01
   1.1028251e+07   3.9855957e+01
   1.1028366e+07   3.7719727e+01
   1.1028548e+07   5.3344727e+01
   1.1028661e+07   3.7963867e+01
   1.1028975e+07   3.8024902e+01
   1.1037232e+07   3.8391113e+01
   1.1037342e+07   3.9855957e+01
   1.1045039e+07   3.6865234e+01
   1.1045113e+07   3.6254883e+01
   1.1045140e+07   3.9428711e+01
   1.1045183e+07   3.9489746e+01
   1.1045242e+07   3.6315918e+01
   1.1045291e+07   3.6865234e+01
   1.1045365e+07   3.9428711e+01
   1.1045878e+07   4.9682617e+01
   1.1053311e+07   3.6987305e+01
   1.1064879e+07   3.7292480e+01
   1.1065108e+07   4.2419434e+01
   1.1070903e+07   3.9855957e+01
   1.1070973e+07   3.8452148e+01
   1.1077046e+07   4.5837402e+01
   1.1077332e+07   3.7475586e+01
   1.1083038e+07   4.1992188e+01
   1.1083178e+07   4.1625977e+01
   1.1083299e+07   4.0954590e+01
   1.1089448e+07   3.6682129e+01
   1.1089518e+07   4.3823242e+01
   1.1089627e+07   3.8208008e+01
   1.1089689e+07   3.8330078e+01
   1.1089831e+07   3.9184570e+01
   1.1095700e+07   3.8024902e+01
   1.1101561e+07   4.3823242e+01
   1.1101587e+07   4.1870117e+01
   1.1101675e+07   4.2968750e+01
   1.1101789e+07   3.8696289e+01
   1.1107794e+07   3.7902832e+01
   1.1114881e+07   3.6315918e+01
   1.1126017e+07   3.7292480e+01
   1.1147700e+07   4.6447754e+01
   1.1147794e+07   4.7546387e+01
   1.1147813e+07   3.7292480e+01
   1.1147831e+07   5.0048828e+01
   1.1147871e+07   3.6987305e+01
   1.1147947e+07   4.3884277e+01
   1.1148038e+07   3.9489746e+01
   1.1148219e+07   3.6987305e+01
   1.1160468e+07   4.1687012e+01
   1.1166362e+07   4.8095703e+01
   1.1166426e+07   3.6376953e+01
   1.1166568e+07   3.9916992e+01
   1.1172304e+07   3.6315918e+01
   1.1177841e+07   3.8696289e+01
   1.1178003e+07   3.7780762e+01
   1.1183520e+07   3.7353516e+01
   1.1183563e+07   4.1259766e+01
   1.1183696e+07   4.3823242e+01
   1.1189373e+07   4.4677734e+01
   1.1195233e+07   4.2541504e+01
   1.1195420e+07   3.8146973e+01
   1.1195453e+07   4.5898438e+01
   1.1195593e+07   3.6682129e+01
   1.1202065e+07   3.8879395e+01
   1.1202134e+07   3.9916992e+01
   1.1208106e+07   3.6926270e+01
   1.1208130e+07   4.2907715e+01
   1.1208302e+07   4.3884277e+01
   1.1214402e+07   4.5043945e+01
   1.1214413e+07   3.6254883e+01
   1.1214479e+07   3.9550781e+01
   1.1220508e+07   3.7292480e+01
   1.1220689e+07   4.0405273e+01
   1.1220733e+07   3.9550781e+01
   1.1220797e+07   4.0710449e+01
   1.1226664e+07   3.7658691e+01
   1.1226726e+07   4.3884277e+01
   1.1226820e+07   3.8330078e+01
   1.1226939e+07   3.9978027e+01
   1.1232654e+07   4.4372559e+01
   1.1232751e+07   3.8146973e+01
   1.1232813e+07   3.6254883e+01
   1.1239261e+07   4.1931152e+01
   1.1239317e+07   3.7963867e+01
   1.1239370e+07   4.5104980e+01
   1.1239468e+07   4.0649414e+01
   1.1246254e+07   3.8818359e+01
   1.1246297e+07   3.6560059e+01
   1.1246413e+07   3.7170410e+01
   1.1253127e+07   3.6865234e+01
   1.1253262e+07   4.2053223e+01
   1.1259920e+07   4.0527344e+01
   1.1259954e+07   4.2724609e+01
   1.1260000e+07   3.6315918e+01
   1.1266605e+07   4.0466309e+01
   1.1266688e+07   3.8024902e+01
   1.1273050e+07   3.7963867e+01
   1.1273226e+07   3.7292480e+01
   1.1279599e+07   3.7658691e+01
   1.1279649e+07   3.6926270e+01
   1.1279735e+07   3.6315918e+01
   1.1286049e+07   4.1259766e+01
   1.1286086e+07   3.8391113e+01
   1.1292781e+07   3.7597656e+01
   1.1292813e+07   3.8146973e+01
   1.1292839e+07   3.7597656e+01
   1.1292870e+07   3.9489746e+01
   1.1292900e+07   3.7353516e+01
   1.1299752e+07   4.4433594e+01
   1.1299927e+07   4.4555664e+01
   1.1306788e+07   4.8217773e+01
   1.1306817e+07   4.4006348e+01
   1.1306937e+07   3.9001465e+01
   1.1306978e+07   3.7109375e+01
   1.1314063e+07   3.8024902e+01
   1.1314276e+07   3.7719727e+01
   1.1321603e+07   3.8146973e+01
   1.1321899e+07   3.7719727e+01
   1.1329393e+07   3.8818359e+01
   1.1344631e+07   4.1137695e+01
   1.1352315e+07   3.6193848e+01
   1.1352415e+07   3.8146973e+01
   1.1352433e+07   3.8452148e+01
   1.1352499e+07   4.8828125e+01
   1.1352782e+07   3.7231445e+01
   1.1359980e+07   4.4921875e+01
   1.1360015e+07   5.2978516e+01
   1.1360109e+07   3.6743164e+01
   1.1367254e+07   3.8574219e+01
   1.1367322e+07   4.5593262e+01
   1.1367572e+07   3.8513184e+01
   1.1374998e+07   3.7353516e+01
   1.1375223e+07   3.6376953e+01
   1.1375265e+07   4.1564941e+01
   1.1382903e+07   3.7109375e+01
   1.1382989e+07   4.7851563e+01
   1.1383002e+07   4.6875000e+01
   1.1383050e+07   3.6682129e+01
   1.1390757e+07   4.2663574e+01
   1.1390811e+07   3.9367676e+01
   1.1390937e+07   3.8391113e+01
   1.1391048e+07   4.2114258e+01
   1.1398413e+07   3.9672852e+01
   1.1398520e+07   3.9916992e+01
   1.1398552e+07   3.7170410e+01
   1.1398582e+07   4.8828125e+01
   1.1398699e+07   4.0954590e+01
   1.1398723e+07   3.8085938e+01
   1.1407224e+07   4.4311523e+01
   1.1407316e+07   4.5532227e+01
   1.1407359e+07   3.6193848e+01
   1.1407426e+07   3.6437988e+01
   1.1416654e+07   4.9316406e+01
   1.1416683e+07   3.8146973e+01
   1.1416757e+07   3.6926270e+01
   1.1416822e+07   4.0466309e+01
   1.1416862e+07   4.3884277e+01
   1.1425825e+07   4.4738770e+01
   1.1426045e+07   3.9184570e+01
   1.1426304e+07   3.8024902e+01
   1.1434319e+07   3.7719727e+01
   1.1434436e+07   4.2785645e+01
   1.1442777e+07   4.4738770e+01
   1.1442894e+07   4.3090820e+01
   1.1443093e+07   4.0039063e+01
   1.1451470e+07   3.6987305e+01
   1.1451742e+07   3.9611816e+01
   1.1460311e+07   3.6987305e+01
   1.1460342e+07   3.6987305e+01
   1.1460537e+07   4.0100098e+01
   1.1470058e+07   3.6193848e+01
   1.1470159e+07   4.0527344e+01
   1.1470212e+07   3.6743164e+01
   1.1480116e+07   4.5288086e+01
   1.1480692e+07   3.8513184e+01
   1.1490530e+07   4.0222168e+01
   1.1490735e+07   3.9855957e+01
   1.1490858e+07   4.0710449e+01
   1.1501115e+07   4.0344238e+01
   1.1501221e+07   4.0771484e+01
   1.1501439e+07   3.6437988e+01
   1.1501505e+07   3.6865234e+01
   1.1510243e+07   4.1870117e+01
   1.1510386e+07   3.7597656e+01
   1.1520100e+07   3.9306641e+01
   1.1520254e+07   3.7902832e+01
   1.1520365e+07   3.8574219e+01
   1.1529688e+07   3.6254883e+01
   1.1529769e+07   4.0954590e+01
   1.1539446e+07   4.3457031e+01
   1.1539658e+07   3.6926270e+01
   1.1539684e+07   3.7658691e+01
   1.1539842e+07   3.7475586e+01
   1.1549677e+07   3.6193848e+01
   1.1549779e+07   3.6132813e+01
   1.1549867e+07   4.3701172e+01
   1.1559548e+07   3.7963867e+01
   1.1570124e+07   3.9306641e+01
   1.1570214e+07   3.6254883e+01
   1.1581630e+07   3.6254883e+01
   1.1593318e+07   4.0344238e+01
   1.1593434e+07   4.4433594e+01
   1.1603824e+07   4.4128418e+01
   1.1604034e+07   3.8513184e+01
   1.1604261e+07   3.6437988e+01
   1.1614589e+07   3.8818359e+01
   1.1614601e+07   4.6752930e+01
   1.1639626e+07   3.6315918e+01
   1.1652102e+07   4.0222168e+01
   1.1652161e+07   3.6132813e+01
   1.1679384e+07   4.4799805e+01
   1.1700340e+07   3.8330078e+01
   1.1700528e+07   4.5043945e+01
