   1.1999000e+07   0.0000000e+00
   2.0114600e+05   4.9316406e+01
   4.8911300e+05   1.1206055e+02
   4.8956300e+05   9.8449707e+01
   8.5822300e+05   4.0100098e+01
   9.8240000e+05   4.1381836e+01
   9.8255800e+05   4.9499512e+01
   9.8256900e+05   4.1198730e+01
   9.8270600e+05   9.6618652e+01
   1.2972280e+06   3.9184570e+01
   1.2973470e+06   4.2663574e+01
   1.2974440e+06   1.2249756e+02
   1.2974800e+06   4.0344238e+01
   1.2975980e+06   4.7729492e+01
   1.4656390e+06   3.9611816e+01
   1.6953420e+06   3.9306641e+01
   1.8492570e+06   1.0156250e+02
   1.8493620e+06   1.3616943e+02
   1.8494890e+06   4.3640137e+01
   1.9575490e+06   4.0161133e+01
   2.0683370e+06   1.2121582e+02
   2.1316630e+06   3.9916992e+01
   2.1317250e+06   1.0784912e+02
   2.1566950e+06   4.3395996e+01
   2.3780180e+06   4.7668457e+01
   2.3780510e+06   1.1968994e+02
   2.4422260e+06   3.9855957e+01
   2.9572640e+06   9.7473145e+01
   2.9659140e+06   1.1218262e+02
   3.1591710e+06   9.8571777e+01
   3.2829810e+06   4.5410156e+01
   3.3339570e+06   4.0893555e+01
   3.5639860e+06   4.0344238e+01
   3.6668460e+06   3.9855957e+01
   3.7422380e+06   4.0954590e+01
   3.7652470e+06   4.1381836e+01
   3.7657920e+06   9.1125488e+01
   3.8271760e+06   1.0217285e+02
   3.8274170e+06   8.2519531e+01
   3.8377460e+06   4.2053223e+01
   3.8378190e+06   1.1187744e+02
   3.8379070e+06   4.7241211e+01
   3.8379180e+06   8.9111328e+01
   3.8379940e+06   7.9895020e+01
   3.8380780e+06   9.4116211e+01
   3.8381430e+06   4.8156738e+01
   3.8382150e+06   6.4147949e+01
   3.8382750e+06   4.1442871e+01
   3.8383910e+06   4.2541504e+01
   3.8388030e+06   4.0344238e+01
   3.8389070e+06   4.0405273e+01
   3.8390250e+06   4.0100098e+01
   3.8391340e+06   4.3457031e+01
   3.8392560e+06   4.6447754e+01
   3.8393790e+06   5.2124023e+01
   3.8395080e+06   5.1086426e+01
   3.8396420e+06   4.0771484e+01
   3.8510220e+06   1.0107422e+02
   3.8572060e+06   1.0766602e+02
   3.8573560e+06   8.3923340e+01
   3.8629130e+06   9.3444824e+01
   3.8629290e+06   4.1137695e+01
   3.8630390e+06   9.0759277e+01
   3.8686330e+06   1.0394287e+02
   3.8688370e+06   9.3994141e+01
   3.8690440e+06   8.5266113e+01
   3.8746390e+06   1.0382080e+02
   3.8747420e+06   1.0070801e+02
   3.8747690e+06   3.9672852e+01
   3.8748390e+06   7.8918457e+01
   3.8749250e+06   6.2500000e+01
   3.8749650e+06   4.3640137e+01
   3.8750360e+06   6.6345215e+01
   3.8751790e+06   7.7880859e+01
   3.8752960e+06   6.6833496e+01
   3.8754830e+06   6.8054199e+01
   3.8828820e+06   9.0759277e+01
   3.8829830e+06   8.5083008e+01
   3.8830560e+06   7.0251465e+01
   3.8831300e+06   5.7189941e+01
   3.8831970e+06   5.0354004e+01
   3.8834980e+06   4.1564941e+01
   3.8843000e+06   3.9611816e+01
   3.8845410e+06   5.0903320e+01
   3.8905110e+06   7.8369141e+01
   3.8906320e+06   7.3303223e+01
   3.8907530e+06   6.1279297e+01
   3.8908790e+06   5.8349609e+01
   3.8909780e+06   4.0954590e+01
   3.8910810e+06   4.3273926e+01
   3.8912300e+06   4.4311523e+01
   3.8914550e+06   4.1442871e+01
   3.8916960e+06   4.0588379e+01
   3.8925730e+06   4.1015625e+01
   3.8931080e+06   3.9611816e+01
   3.8948090e+06   3.9184570e+01
   3.8948540e+06   7.7148438e+01
   3.8950350e+06   5.6579590e+01
   3.8952160e+06   4.5166016e+01
   3.8953940e+06   5.4687500e+01
   3.8956040e+06   5.8959961e+01
   3.8991590e+06   3.9184570e+01
   3.8991850e+06   9.1979980e+01
   3.8993960e+06   8.3068848e+01
   3.9035700e+06   8.5998535e+01
   3.9037370e+06   7.0800781e+01
   3.9039550e+06   7.1594238e+01
   3.9083550e+06   1.2036133e+02
   3.9084650e+06   8.5388184e+01
   3.9086170e+06   7.4218750e+01
   3.9089070e+06   8.1542969e+01
   3.9138920e+06   9.6374512e+01
   3.9139880e+06   3.9672852e+01
   3.9139980e+06   8.5510254e+01
   3.9141000e+06   6.0363770e+01
   3.9141880e+06   3.9978027e+01
   3.9142100e+06   5.6579590e+01
   3.9143070e+06   5.7373047e+01
   3.9144370e+06   5.8593750e+01
   3.9145900e+06   5.3588867e+01
   3.9192960e+06   8.5083008e+01
   3.9193990e+06   8.4899902e+01
   3.9195400e+06   6.4025879e+01
   3.9196840e+06   5.9570313e+01
   3.9198030e+06   6.8359375e+01
   3.9246100e+06   9.4665527e+01
   3.9247070e+06   8.7890625e+01
   3.9247960e+06   6.1584473e+01
   3.9249280e+06   5.4138184e+01
   3.9251010e+06   6.5979004e+01
   3.9252360e+06   5.8776855e+01
   3.9253890e+06   6.1828613e+01
   3.9302780e+06   8.5754395e+01
   3.9303690e+06   7.4584961e+01
   3.9304560e+06   7.8063965e+01
   3.9305380e+06   5.1025391e+01
   3.9308830e+06   4.8034668e+01
   3.9310200e+06   5.0231934e+01
   3.9312340e+06   5.8593750e+01
   3.9360770e+06   9.5581055e+01
   3.9361790e+06   4.8034668e+01
   3.9361990e+06   6.5246582e+01
   3.9362790e+06   5.2856445e+01
   3.9363970e+06   4.1625977e+01
   3.9364600e+06   4.4189453e+01
   3.9365380e+06   5.2795410e+01
   3.9367750e+06   4.5532227e+01
   3.9369180e+06   4.5227051e+01
   3.9410690e+06   8.6547852e+01
   3.9411750e+06   8.9477539e+01
   3.9412700e+06   5.1208496e+01
   3.9414100e+06   5.0964355e+01
   3.9415180e+06   5.2856445e+01
   3.9416470e+06   4.4616699e+01
   3.9418510e+06   5.0109863e+01
   3.9458940e+06   1.0620117e+02
   3.9459460e+06   4.3945313e+01
   3.9459800e+06   3.9672852e+01
   3.9460030e+06   8.5693359e+01
   3.9460780e+06   5.3771973e+01
   3.9461080e+06   4.1503906e+01
   3.9461720e+06   5.5053711e+01
   3.9463440e+06   4.4433594e+01
   3.9465290e+06   4.4372559e+01
   3.9466910e+06   4.3395996e+01
   3.9504730e+06   1.0150146e+02
   3.9505630e+06   3.9611816e+01
   3.9505950e+06   7.3730469e+01
   3.9506900e+06   5.8166504e+01
   3.9508380e+06   4.6752930e+01
   3.9509570e+06   4.4372559e+01
   3.9511360e+06   5.1452637e+01
   3.9513440e+06   4.8339844e+01
   3.9549290e+06   9.6801758e+01
   3.9550400e+06   7.4707031e+01
   3.9550560e+06   4.0893555e+01
   3.9551260e+06   4.8400879e+01
   3.9552250e+06   4.4067383e+01
   3.9553420e+06   4.8034668e+01
   3.9554770e+06   4.3029785e+01
   3.9598890e+06   4.1015625e+01
   3.9599120e+06   8.7646484e+01
   3.9599550e+06   3.9672852e+01
   3.9599940e+06   7.0739746e+01
   3.9600220e+06   4.1748047e+01
   3.9601000e+06   5.2673340e+01
   3.9601860e+06   4.4555664e+01
   3.9605240e+06   4.6020508e+01
   3.9608460e+06   4.6325684e+01
   3.9648470e+06   9.1064453e+01
   3.9649410e+06   6.5673828e+01
   3.9650490e+06   5.4992676e+01
   3.9651790e+06   4.9621582e+01
   3.9652930e+06   4.3334961e+01
   3.9695940e+06   1.0418701e+02
   3.9696980e+06   8.2641602e+01
   3.9697930e+06   4.9621582e+01
   3.9698820e+06   4.5349121e+01
   3.9701310e+06   4.4311523e+01
   3.9702810e+06   4.4433594e+01
   3.9740620e+06   9.0576172e+01
   3.9740960e+06   4.3090820e+01
   3.9741770e+06   6.5368652e+01
   3.9742700e+06   5.0903320e+01
   3.9743880e+06   4.6142578e+01
   3.9745250e+06   4.5043945e+01
   3.9746510e+06   4.1259766e+01
   3.9748180e+06   5.2185059e+01
   3.9784640e+06   8.4960938e+01
   3.9785930e+06   5.2490234e+01
   3.9786880e+06   4.4677734e+01
   3.9788460e+06   4.8706055e+01
   3.9789720e+06   4.0893555e+01
   3.9791420e+06   4.6569824e+01
   3.9829370e+06   9.6984863e+01
   3.9830300e+06   6.0424805e+01
   3.9831580e+06   4.7912598e+01
   3.9833030e+06   4.3518066e+01
   3.9834350e+06   4.2236328e+01
   3.9836050e+06   4.0710449e+01
   3.9872130e+06   5.3771973e+01
   3.9873210e+06   6.0791016e+01
   3.9874180e+06   4.4616699e+01
   3.9875650e+06   4.9743652e+01
   3.9877220e+06   3.9855957e+01
   3.9879060e+06   4.9011230e+01
   3.9914930e+06   9.4238281e+01
   3.9915970e+06   6.7382813e+01
   3.9916170e+06   4.3273926e+01
   3.9917190e+06   4.6508789e+01
   3.9918900e+06   4.2907715e+01
   3.9920870e+06   4.5288086e+01
   3.9956570e+06   8.1237793e+01
   3.9957570e+06   7.6721191e+01
   3.9958900e+06   5.6884766e+01
   3.9960680e+06   4.7485352e+01
   3.9962480e+06   4.7729492e+01
   3.9965260e+06   4.6997070e+01
   3.9996020e+06   8.7402344e+01
   3.9997090e+06   6.1828613e+01
   3.9998350e+06   5.8410645e+01
   4.0000930e+06   4.0161133e+01
   4.0002680e+06   4.6325684e+01
   4.0042760e+06   8.1359863e+01
   4.0043650e+06   7.4829102e+01
   4.0044160e+06   4.0893555e+01
   4.0044630e+06   4.3823242e+01
   4.0046780e+06   4.1870117e+01
   4.0048540e+06   4.9438477e+01
   4.0050670e+06   4.6142578e+01
   4.0089450e+06   4.7485352e+01
   4.0089580e+06   9.6191406e+01
   4.0090710e+06   6.6833496e+01
   4.0091840e+06   5.8410645e+01
   4.0092840e+06   3.9733887e+01
   4.0094280e+06   4.7485352e+01
   4.0097120e+06   5.2001953e+01
   4.0131350e+06   7.5256348e+01
   4.0132290e+06   7.7758789e+01
   4.0133540e+06   5.1208496e+01
   4.0135080e+06   5.9082031e+01
   4.0136920e+06   4.2358398e+01
   4.0171470e+06   7.0922852e+01
   4.0172670e+06   7.7575684e+01
   4.0173710e+06   4.0588379e+01
   4.0174630e+06   4.5471191e+01
   4.0176050e+06   4.4067383e+01
   4.0177870e+06   3.9550781e+01
   4.0213300e+06   7.8247070e+01
   4.0214420e+06   7.2753906e+01
   4.0215880e+06   5.4870605e+01
   4.0217550e+06   5.0415039e+01
   4.0219980e+06   4.9438477e+01
   4.0256480e+06   8.8012695e+01
   4.0257550e+06   6.2744141e+01
   4.0258490e+06   4.1625977e+01
   4.0259730e+06   4.7546387e+01
   4.0261360e+06   4.3029785e+01
   4.0300730e+06   1.0882568e+02
   4.0300890e+06   4.0405273e+01
   4.0301810e+06   6.7138672e+01
   4.0302830e+06   4.8034668e+01
   4.0304290e+06   4.7119141e+01
   4.0306070e+06   4.4189453e+01
   4.0347050e+06   8.6364746e+01
   4.0348010e+06   7.5622559e+01
   4.0349120e+06   6.6589355e+01
   4.0349990e+06   5.1635742e+01
   4.0351100e+06   4.9621582e+01
   4.0353430e+06   5.0048828e+01
   4.0393150e+06   9.9853516e+01
   4.0394350e+06   7.5439453e+01
   4.0394580e+06   4.6569824e+01
   4.0395340e+06   5.2062988e+01
   4.0396300e+06   4.2053223e+01
   4.0397740e+06   4.7485352e+01
   4.0437180e+06   9.4238281e+01
   4.0438420e+06   7.0251465e+01
   4.0438650e+06   3.9611816e+01
   4.0439380e+06   6.3476563e+01
   4.0440320e+06   4.3701172e+01
   4.0442670e+06   5.6457520e+01
   4.0480490e+06   4.0466309e+01
   4.0480680e+06   9.1857910e+01
   4.0482090e+06   7.6110840e+01
   4.0483220e+06   6.0302734e+01
   4.0484570e+06   5.4809570e+01
   4.0525140e+06   9.5458984e+01
   4.0526110e+06   5.9814453e+01
   4.0526540e+06   4.1137695e+01
   4.0527010e+06   4.9072266e+01
   4.0528270e+06   5.6579590e+01
   4.0530460e+06   5.8593750e+01
   4.0532090e+06   4.7302246e+01
   4.0567200e+06   8.7585449e+01
   4.0568310e+06   7.5683594e+01
   4.0570260e+06   6.2561035e+01
   4.0571840e+06   5.2062988e+01
   4.0617800e+06   8.8256836e+01
   4.0618670e+06   8.2641602e+01
   4.0619460e+06   5.8959961e+01
   4.0620690e+06   5.0537109e+01
   4.0621740e+06   4.5959473e+01
   4.0623200e+06   4.1076660e+01
   4.0626520e+06   5.5786133e+01
   4.0661800e+06   9.9487305e+01
   4.0663180e+06   9.0209961e+01
   4.0664330e+06   6.2500000e+01
   4.0666250e+06   6.2805176e+01
   4.0715010e+06   1.0534668e+02
   4.0715900e+06   8.4716797e+01
   4.0716740e+06   6.2866211e+01
   4.0717950e+06   4.1748047e+01
   4.0719250e+06   5.1940918e+01
   4.0721180e+06   6.1706543e+01
   4.0766440e+06   7.7941895e+01
   4.0767370e+06   6.8603516e+01
   4.0768300e+06   4.3762207e+01
   4.0769940e+06   6.4575195e+01
   4.0771700e+06   6.2255859e+01
   4.0816770e+06   8.9233398e+01
   4.0817690e+06   6.9030762e+01
   4.0818820e+06   5.2551270e+01
   4.0819930e+06   4.1992187e+01
   4.0822700e+06   5.4626465e+01
   4.0864190e+06   9.7595215e+01
   4.0865170e+06   8.3312988e+01
   4.0866220e+06   6.7443848e+01
   4.0867800e+06   6.1584473e+01
   4.0869480e+06   6.7749023e+01
   4.0914030e+06   9.3017578e+01
   4.0914730e+06   4.1503906e+01
   4.0915110e+06   7.0678711e+01
   4.0916270e+06   6.1157227e+01
   4.0918870e+06   5.1269531e+01
   4.0920710e+06   6.9946289e+01
   4.0960800e+06   7.8918457e+01
   4.0962060e+06   8.1115723e+01
   4.0964120e+06   8.0078125e+01
   4.1005760e+06   9.4726563e+01
   4.1006940e+06   7.6782227e+01
   4.1009130e+06   6.0791016e+01
   4.1053990e+06   9.9426270e+01
   4.1054890e+06   4.1503906e+01
   4.1056130e+06   6.2500000e+01
   4.1057750e+06   6.6650391e+01
   4.1059320e+06   5.8776855e+01
   4.1104890e+06   1.0614014e+02
   4.1106320e+06   6.8725586e+01
   4.1107760e+06   6.3415527e+01
   4.1109370e+06   5.1940918e+01
   4.1155730e+06   1.0992432e+02
   4.1156940e+06   7.3730469e+01
   4.1158890e+06   6.6833496e+01
   4.1205960e+06   4.4677734e+01
   4.1206260e+06   7.9040527e+01
   4.1207720e+06   9.5764160e+01
   4.1209410e+06   7.1411133e+01
   4.1211630e+06   6.9030762e+01
   4.1214120e+06   6.6223145e+01
   4.1254350e+06   3.9550781e+01
   4.1255300e+06   9.3994141e+01
   4.1256580e+06   7.2326660e+01
   4.1258320e+06   7.9162598e+01
   4.1260580e+06   7.0129395e+01
   4.1309530e+06   8.7097168e+01
   4.1310760e+06   6.5734863e+01
   4.1312240e+06   7.0068359e+01
   4.1314580e+06   7.2937012e+01
   4.1365100e+06   4.0039063e+01
   4.1365640e+06   8.6364746e+01
   4.1366760e+06   1.0168457e+02
   4.1368220e+06   7.4462891e+01
   4.1369830e+06   6.8115234e+01
   4.1371560e+06   6.9885254e+01
   4.1423470e+06   1.0980225e+02
   4.1424980e+06   7.7575684e+01
   4.1426650e+06   6.9274902e+01
   4.1428360e+06   7.1899414e+01
   4.1477280e+06   8.0139160e+01
   4.1478290e+06   7.6293945e+01
   4.1481270e+06   9.0332031e+01
   4.1529910e+06   1.0058594e+02
   4.1531570e+06   8.1054688e+01
   4.1532830e+06   7.4829102e+01
   4.1534870e+06   7.3242188e+01
   4.1585450e+06   8.8623047e+01
   4.1587490e+06   8.3374023e+01
   4.1647200e+06   1.1401367e+02
   4.1648300e+06   9.5581055e+01
   4.1649100e+06   4.0466309e+01
   4.1650400e+06   7.5683594e+01
   4.1708180e+06   9.0148926e+01
   4.1708290e+06   4.3945313e+01
   4.1709400e+06   8.4777832e+01
   4.1711070e+06   7.6599121e+01
   4.1769430e+06   1.0296631e+02
   4.1771000e+06   1.0778809e+02
   4.1831900e+06   4.4799805e+01
   4.1832920e+06   1.0137939e+02
   4.1834780e+06   9.4421387e+01
   4.1837000e+06   7.2082520e+01
   4.1838700e+06   8.4960938e+01
   4.1893920e+06   4.2175293e+01
   4.1895660e+06   3.9489746e+01
   4.1896340e+06   9.3017578e+01
   4.1963760e+06   8.1298828e+01
   4.1965230e+06   8.6303711e+01
   4.1967390e+06   9.3078613e+01
   4.2025790e+06   3.9428711e+01
   4.2026470e+06   1.0424805e+02
   4.2027800e+06   8.3496094e+01
   4.2088630e+06   1.0351563e+02
   4.2155230e+06   1.1718750e+02
   4.2157040e+06   9.4482422e+01
   4.2222910e+06   9.0759277e+01
   4.2293720e+06   9.7106934e+01
   4.2295340e+06   9.4726563e+01
   4.2364700e+06   9.5397949e+01
   4.2439370e+06   4.6691895e+01
   4.2512770e+06   4.3273926e+01
   4.2513610e+06   9.8510742e+01
   4.2515850e+06   9.5764160e+01
   4.2660680e+06   3.9550781e+01
   4.2661960e+06   1.0156250e+02
   4.2664460e+06   7.8491211e+01
   4.2815330e+06   4.1198730e+01
   4.2893490e+06   4.4616699e+01
   4.3036440e+06   4.2358398e+01
   4.3036950e+06   4.0588379e+01
   4.3118490e+06   3.9916992e+01
   4.3119670e+06   8.8928223e+01
   4.3357630e+06   4.0161133e+01
   4.3450600e+06   4.1503906e+01
   4.3451300e+06   3.9733887e+01
   4.3538850e+06   4.0954590e+01
   4.3626480e+06   4.1320801e+01
   4.3717480e+06   3.9428711e+01
   4.3717690e+06   4.0649414e+01
   4.4101990e+06   4.3029785e+01
   4.4310850e+06   4.6203613e+01
   4.4312470e+06   4.1442871e+01
   4.4415400e+06   3.9978027e+01
   4.4417420e+06   4.0588379e+01
   4.7477980e+06   4.4189453e+01
   4.7479110e+06   4.6752930e+01
   4.7481040e+06   1.1132813e+02
   4.8176040e+06   4.2236328e+01
   5.0061180e+06   1.0400391e+02
   5.1004260e+06   8.3435059e+01
   5.1184940e+06   1.2078857e+02
   5.1355430e+06   9.2956543e+01
   5.1412790e+06   9.6008301e+01
   5.1530310e+06   1.0729980e+02
   5.2226450e+06   9.6252441e+01
   5.2492050e+06   1.0705566e+02
   5.2909740e+06   1.1737061e+02
   5.6768780e+06   4.2114258e+01
   5.6769600e+06   9.1552734e+01
   5.6770810e+06   1.0729980e+02
   5.6772120e+06   4.0710449e+01
   5.7993900e+06   4.0222168e+01
   5.7996240e+06   9.3322754e+01
   5.7996630e+06   3.9428711e+01
   5.7997660e+06   1.0723877e+02
   5.8887850e+06   4.7119141e+01
   5.8889200e+06   1.1676025e+02
   5.8890890e+06   4.8339844e+01
   5.8890990e+06   9.1918945e+01
   5.8891990e+06   9.9548340e+01
   5.8892730e+06   9.6984863e+01
   5.8893620e+06   7.0007324e+01
   5.8894470e+06   6.7199707e+01
   5.8895090e+06   5.1330566e+01
   5.8895900e+06   5.3955078e+01
   5.8896830e+06   4.3334961e+01
   5.8898150e+06   4.0527344e+01
   5.8898990e+06   4.1625977e+01
   5.8900000e+06   4.3823242e+01
   5.8901170e+06   4.1503906e+01
   5.8902320e+06   4.8339844e+01
   5.8903500e+06   6.9152832e+01
   5.8904760e+06   5.3405762e+01
   5.8906070e+06   6.4270020e+01
   5.8908840e+06   6.9580078e+01
   5.8910930e+06   6.7687988e+01
   5.9579030e+06   3.9794922e+01
   5.9583630e+06   9.3200684e+01
   5.9636420e+06   9.2895508e+01
   5.9691310e+06   9.3322754e+01
   5.9756230e+06   9.5275879e+01
   5.9758590e+06   9.2529297e+01
   5.9824580e+06   9.0087891e+01
   5.9826710e+06   1.0363770e+02
   5.9887390e+06   1.0467529e+02
   5.9889800e+06   1.0998535e+02
   5.9956780e+06   1.0443115e+02
   5.9958130e+06   8.8012695e+01
   5.9959700e+06   1.0070801e+02
   5.9960180e+06   4.1137695e+01
   5.9962160e+06   9.2651367e+01
   6.0033020e+06   9.4055176e+01
   6.0034690e+06   1.1383057e+02
   6.0037420e+06   1.0815430e+02
   6.0040610e+06   8.2946777e+01
   6.0107950e+06   9.2529297e+01
   6.0110140e+06   9.9731445e+01
   6.0111580e+06   9.7900391e+01
   6.0112810e+06   1.0449219e+02
   6.0184700e+06   7.5195313e+01
   6.0186110e+06   8.8500977e+01
   6.0187430e+06   9.5214844e+01
   6.0189340e+06   9.4665527e+01
   6.0190630e+06   6.4819336e+01
   6.0194930e+06   7.6538086e+01
   6.0269900e+06   1.2957764e+02
   6.0270830e+06   9.4116211e+01
   6.0272050e+06   8.5449219e+01
   6.0273750e+06   9.0026855e+01
   6.0275330e+06   8.3740234e+01
   6.0276760e+06   6.3415527e+01
   6.0279420e+06   7.7148438e+01
   6.0360160e+06   1.1279297e+02
   6.0360320e+06   4.6691895e+01
   6.0360950e+06   7.2998047e+01
   6.0361850e+06   8.8317871e+01
   6.0362970e+06   6.9763184e+01
   6.0364100e+06   4.8706055e+01
   6.0365130e+06   5.6579590e+01
   6.0366270e+06   5.5908203e+01
   6.0367420e+06   5.3649902e+01
   6.0368670e+06   5.5236816e+01
   6.0448850e+06   1.0247803e+02
   6.0449670e+06   8.1604004e+01
   6.0450540e+06   6.9641113e+01
   6.0451310e+06   5.8349609e+01
   6.0452320e+06   6.8969727e+01
   6.0453130e+06   6.1218262e+01
   6.0454130e+06   6.2988281e+01
   6.0455010e+06   4.4372559e+01
   6.0456260e+06   5.4931641e+01
   6.0459120e+06   7.1594238e+01
   6.0536180e+06   9.5336914e+01
   6.0536920e+06   7.1472168e+01
   6.0537880e+06   7.3120117e+01
   6.0538730e+06   7.7880859e+01
   6.0540080e+06   6.4819336e+01
   6.0541370e+06   5.6030273e+01
   6.0542580e+06   4.9987793e+01
   6.0544280e+06   7.1655273e+01
   6.0624470e+06   1.0876465e+02
   6.0625040e+06   4.3701172e+01
   6.0625170e+06   9.1796875e+01
   6.0625930e+06   6.9274902e+01
   6.0626840e+06   6.4392090e+01
   6.0627720e+06   8.2641602e+01
   6.0628930e+06   4.3884277e+01
   6.0629820e+06   5.1208496e+01
   6.0630930e+06   5.2307129e+01
   6.0633520e+06   5.1940918e+01
   6.0695200e+06   1.0107422e+02
   6.0695880e+06   4.1992188e+01
   6.0696200e+06   8.1420898e+01
   6.0697140e+06   6.9152832e+01
   6.0698490e+06   7.6232910e+01
   6.0699940e+06   6.8847656e+01
   6.0701830e+06   6.2316895e+01
   6.0703320e+06   5.5786133e+01
   6.0704690e+06   6.8603516e+01
   6.0766240e+06   9.4787598e+01
   6.0766660e+06   4.0100098e+01
   6.0767110e+06   7.5195313e+01
   6.0768240e+06   7.7270508e+01
   6.0769570e+06   5.1940918e+01
   6.0770740e+06   8.0078125e+01
   6.0773220e+06   5.9143066e+01
   6.0774690e+06   5.9631348e+01
   6.0840730e+06   9.3505859e+01
   6.0841490e+06   7.8247070e+01
   6.0842440e+06   6.4270020e+01
   6.0842710e+06   4.2724609e+01
   6.0843670e+06   5.1086426e+01
   6.0844710e+06   5.5847168e+01
   6.0846090e+06   4.3273926e+01
   6.0847330e+06   4.7851563e+01
   6.0848810e+06   5.7373047e+01
   6.0850180e+06   5.0781250e+01
   6.0921740e+06   1.0369873e+02
   6.0922660e+06   7.7270508e+01
   6.0923630e+06   6.7565918e+01
   6.0924490e+06   6.1340332e+01
   6.0925620e+06   5.3771973e+01
   6.0926820e+06   6.0913086e+01
   6.0928100e+06   5.4016113e+01
   6.0931180e+06   5.4199219e+01
   6.0986150e+06   9.3322754e+01
   6.0987060e+06   8.1481934e+01
   6.0988410e+06   6.6528320e+01
   6.0989700e+06   6.4941406e+01
   6.0991060e+06   6.3110352e+01
   6.0994710e+06   5.7495117e+01
   6.1050890e+06   9.1796875e+01
   6.1051830e+06   6.9152832e+01
   6.1052930e+06   7.2082520e+01
   6.1054260e+06   6.9152832e+01
   6.1055750e+06   6.4025879e+01
   6.1056940e+06   6.0729980e+01
   6.1122010e+06   9.4360352e+01
   6.1122770e+06   6.4880371e+01
   6.1123570e+06   6.6284180e+01
   6.1124640e+06   7.3181152e+01
   6.1124850e+06   4.0954590e+01
   6.1125890e+06   6.1157227e+01
   6.1126920e+06   5.4870605e+01
   6.1127930e+06   4.3945313e+01
   6.1129250e+06   4.1320801e+01
   6.1130550e+06   4.8645020e+01
   6.1188530e+06   8.3618164e+01
   6.1189710e+06   8.7585449e+01
   6.1190790e+06   6.5246582e+01
   6.1191760e+06   5.6274414e+01
   6.1193240e+06   5.5908203e+01
   6.1194720e+06   6.0485840e+01
   6.1247040e+06   8.5571289e+01
   6.1248180e+06   8.5510254e+01
   6.1249430e+06   7.4768066e+01
   6.1250760e+06   6.8847656e+01
   6.1252440e+06   5.5603027e+01
   6.1299120e+06   1.0693359e+02
   6.1300410e+06   7.8979492e+01
   6.1300650e+06   3.9428711e+01
   6.1301610e+06   6.3049316e+01
   6.1302930e+06   7.4279785e+01
   6.1304590e+06   6.1828613e+01
   6.1345810e+06   9.1125488e+01
   6.1347000e+06   6.7321777e+01
   6.1349630e+06   7.3486328e+01
   6.1396730e+06   9.3566895e+01
   6.1397750e+06   8.1604004e+01
   6.1399040e+06   7.9223633e+01
   6.1399980e+06   6.5979004e+01
   6.1401320e+06   5.7739258e+01
   6.1403540e+06   6.3171387e+01
   6.1456210e+06   1.0839844e+02
   6.1457020e+06   9.1491699e+01
   6.1457960e+06   6.5368652e+01
   6.1459040e+06   4.5349121e+01
   6.1459850e+06   5.6030273e+01
   6.1460800e+06   4.8339844e+01
   6.1462660e+06   4.4311523e+01
   6.1464160e+06   5.9265137e+01
   6.1522400e+06   9.1247559e+01
   6.1523310e+06   7.5195313e+01
   6.1524530e+06   9.1308594e+01
   6.1525480e+06   5.9448242e+01
   6.1527160e+06   6.7138672e+01
   6.1528560e+06   5.3649902e+01
   6.1530000e+06   4.6997070e+01
   6.1578210e+06   9.0454102e+01
   6.1579290e+06   7.0861816e+01
   6.1580530e+06   7.6354980e+01
   6.1580790e+06   4.3457031e+01
   6.1581800e+06   6.1584473e+01
   6.1583160e+06   5.3894043e+01
   6.1585310e+06   5.2795410e+01
   6.1623930e+06   8.2641602e+01
   6.1625090e+06   9.2834473e+01
   6.1626480e+06   6.7199707e+01
   6.1630180e+06   6.9641113e+01
   6.1669700e+06   9.3261719e+01
   6.1670640e+06   7.6232910e+01
   6.1670790e+06   4.0527344e+01
   6.1671590e+06   7.6904297e+01
   6.1674080e+06   6.0363770e+01
   6.1675670e+06   6.5673828e+01
   6.1722690e+06   8.6181641e+01
   6.1723250e+06   3.9489746e+01
   6.1723680e+06   7.6965332e+01
   6.1724520e+06   3.9306641e+01
   6.1724670e+06   4.7058105e+01
   6.1726130e+06   7.0007324e+01
   6.1727280e+06   4.9377441e+01
   6.1728990e+06   5.3771973e+01
   6.1731710e+06   7.1472168e+01
   6.1776980e+06   8.6242676e+01
   6.1778050e+06   6.4575195e+01
   6.1779150e+06   7.8796387e+01
   6.1780590e+06   5.2856445e+01
   6.1781670e+06   5.4382324e+01
   6.1782990e+06   5.5541992e+01
   6.1831430e+06   9.6618652e+01
   6.1832300e+06   9.3872070e+01
   6.1833440e+06   6.2133789e+01
   6.1834700e+06   5.4992676e+01
   6.1836100e+06   5.6823730e+01
   6.1837390e+06   5.6701660e+01
   6.1883760e+06   8.0444336e+01
   6.1884760e+06   7.5256348e+01
   6.1886740e+06   7.8491211e+01
   6.1888740e+06   6.0668945e+01
   6.1891130e+06   5.8593750e+01
   6.1935380e+06   9.0270996e+01
   6.1936390e+06   6.5307617e+01
   6.1937420e+06   6.6345215e+01
   6.1938870e+06   5.7128906e+01
   6.1941060e+06   5.8654785e+01
   6.1942640e+06   6.0852051e+01
   6.1988630e+06   8.5754395e+01
   6.1989590e+06   7.0983887e+01
   6.1990800e+06   5.8959961e+01
   6.1994120e+06   7.2570801e+01
   6.2043940e+06   1.1187744e+02
   6.2044810e+06   7.6782227e+01
   6.2045350e+06   3.9428711e+01
   6.2045820e+06   7.0800781e+01
   6.2046930e+06   4.7851563e+01
   6.2048010e+06   7.0678711e+01
   6.2050130e+06   5.0292969e+01
   6.2098780e+06   8.9111328e+01
   6.2099760e+06   7.9223633e+01
   6.2101000e+06   7.7026367e+01
   6.2102240e+06   5.4931641e+01
   6.2104710e+06   5.5297852e+01
   6.2153820e+06   9.1552734e+01
   6.2154840e+06   6.8054199e+01
   6.2155860e+06   7.2021484e+01
   6.2156970e+06   5.1818848e+01
   6.2158630e+06   4.3273926e+01
   6.2159750e+06   4.5654297e+01
   6.2162110e+06   4.9316406e+01
   6.2164880e+06   6.7138672e+01
   6.2214040e+06   9.2346191e+01
   6.2215170e+06   5.2917480e+01
   6.2216330e+06   6.5063477e+01
   6.2217470e+06   6.4758301e+01
   6.2218960e+06   4.7180176e+01
   6.2277730e+06   8.7463379e+01
   6.2278550e+06   7.5317383e+01
   6.2279390e+06   6.7382813e+01
   6.2280320e+06   5.0231934e+01
   6.2281150e+06   4.2785645e+01
   6.2282020e+06   4.4311523e+01
   6.2285050e+06   5.1513672e+01
   6.2286190e+06   4.1076660e+01
   6.2353230e+06   7.9223633e+01
   6.2354780e+06   8.1298828e+01
   6.2404930e+06   9.9792480e+01
   6.2406170e+06   7.9772949e+01
   6.2407350e+06   6.9580078e+01
   6.2408470e+06   5.6274414e+01
   6.2410050e+06   7.0678711e+01
   6.2460380e+06   1.0150146e+02
   6.2461710e+06   8.4045410e+01
   6.2463050e+06   7.1716309e+01
   6.2465290e+06   7.0068359e+01
   6.2523250e+06   8.8439941e+01
   6.2524400e+06   8.3984375e+01
   6.2525340e+06   5.0415039e+01
   6.2526630e+06   5.9265137e+01
   6.2527750e+06   5.5847168e+01
   6.2530230e+06   6.3415527e+01
   6.2585030e+06   8.6608887e+01
   6.2586390e+06   7.5683594e+01
   6.2587790e+06   6.7321777e+01
   6.2589080e+06   6.5734863e+01
   6.2643370e+06   9.4055176e+01
   6.2644540e+06   7.2509766e+01
   6.2644740e+06   4.3640137e+01
   6.2645760e+06   7.0739746e+01
   6.2646900e+06   6.7871094e+01
   6.2648680e+06   4.9926758e+01
   6.2704990e+06   9.8327637e+01
   6.2706140e+06   7.7514648e+01
   6.2707240e+06   7.5988770e+01
   6.2708650e+06   6.6833496e+01
   6.2710360e+06   6.7199707e+01
   6.2765070e+06   9.2834473e+01
   6.2766190e+06   8.8806152e+01
   6.2767540e+06   6.9152832e+01
   6.2768710e+06   6.4697266e+01
   6.2824410e+06   3.9672852e+01
   6.2824850e+06   8.7463379e+01
   6.2825530e+06   3.9184570e+01
   6.2826190e+06   8.0139160e+01
   6.2827340e+06   7.2448730e+01
   6.2828250e+06   4.6264648e+01
   6.2829410e+06   5.5786133e+01
   6.2831570e+06   5.7922363e+01
   6.2888630e+06   9.3872070e+01
   6.2889380e+06   4.1137695e+01
   6.2889760e+06   8.9660645e+01
   6.2891160e+06   6.3293457e+01
   6.2893730e+06   6.4880371e+01
   6.2948070e+06   9.8571777e+01
   6.2949370e+06   8.4716797e+01
   6.2951210e+06   6.6223145e+01
   6.3008970e+06   9.1125488e+01
   6.3010010e+06   8.5815430e+01
   6.3011050e+06   6.7138672e+01
   6.3012660e+06   6.2561035e+01
   6.3015240e+06   5.7250977e+01
   6.3071540e+06   9.0209961e+01
   6.3072820e+06   6.6162109e+01
   6.3074450e+06   7.5561523e+01
   6.3076410e+06   6.4636230e+01
   6.3135370e+06   1.0552979e+02
   6.3135850e+06   4.4799805e+01
   6.3136540e+06   9.4299316e+01
   6.3137620e+06   7.3486328e+01
   6.3138690e+06   7.0129395e+01
   6.3141150e+06   6.4025879e+01
   6.3206120e+06   9.2224121e+01
   6.3207350e+06   6.4208984e+01
   6.3208510e+06   6.5368652e+01
   6.3209710e+06   5.0781250e+01
   6.3211010e+06   5.6823730e+01
   6.3272300e+06   4.1381836e+01
   6.3273330e+06   1.0119629e+02
   6.3273490e+06   5.1635742e+01
   6.3274460e+06   7.8796387e+01
   6.3275840e+06   5.9082031e+01
   6.3336460e+06   1.1260986e+02
   6.3337380e+06   6.4453125e+01
   6.3339280e+06   7.4768066e+01
   6.3340930e+06   7.2753906e+01
   6.3398840e+06   9.0881348e+01
   6.3400160e+06   1.0516357e+02
   6.3401320e+06   7.7636719e+01
   6.3402700e+06   6.7565918e+01
   6.3459000e+06   8.4655762e+01
   6.3460070e+06   7.9650879e+01
   6.3460250e+06   3.9733887e+01
   6.3461130e+06   8.6120605e+01
   6.3462770e+06   5.3100586e+01
   6.3520300e+06   1.0314941e+02
   6.3521590e+06   1.0083008e+02
   6.3522670e+06   7.8125000e+01
   6.3582620e+06   4.2053223e+01
   6.3583580e+06   9.3994141e+01
   6.3584830e+06   7.9956055e+01
   6.3586630e+06   7.8979492e+01
   6.3648950e+06   9.9426270e+01
   6.3649930e+06   7.7392578e+01
   6.3650130e+06   4.0344238e+01
   6.3650930e+06   8.1848145e+01
   6.3653530e+06   8.5144043e+01
   6.3715440e+06   9.4116211e+01
   6.3716560e+06   7.6354980e+01
   6.3718310e+06   7.1166992e+01
   6.3777760e+06   3.9245605e+01
   6.3778770e+06   9.7900391e+01
   6.3780460e+06   8.5571289e+01
   6.3843800e+06   4.1198730e+01
   6.3844300e+06   8.6120605e+01
   6.3845910e+06   9.0270996e+01
   6.3914770e+06   9.1918945e+01
   6.3916050e+06   8.7158203e+01
   6.3917470e+06   7.6660156e+01
   6.3988280e+06   8.9416504e+01
   6.3989410e+06   8.0322266e+01
   6.3991440e+06   1.0021973e+02
   6.4059930e+06   4.4677734e+01
   6.4061600e+06   8.0749512e+01
   6.4063290e+06   8.1237793e+01
   6.4064590e+06   7.7331543e+01
   6.4131700e+06   4.0039063e+01
   6.4132200e+06   1.0546875e+02
   6.4132510e+06   3.9184570e+01
   6.4133290e+06   9.8205566e+01
   6.4201000e+06   4.2541504e+01
   6.4202250e+06   4.1625977e+01
   6.4203030e+06   9.6801758e+01
   6.4204130e+06   7.4768066e+01
   6.4274120e+06   4.0039063e+01
   6.4274510e+06   4.2785645e+01
   6.4276610e+06   8.4289551e+01
   6.4278150e+06   8.0993652e+01
   6.4279560e+06   9.7717285e+01
   6.4346910e+06   1.1956787e+02
   6.4348110e+06   8.7341309e+01
   6.4474160e+06   4.4494629e+01
   6.4475430e+06   8.1054688e+01
   6.4477530e+06   1.0577393e+02
   6.4551230e+06   9.5214844e+01
   6.4553460e+06   9.4909668e+01
   6.4630560e+06   1.0607910e+02
   6.4706060e+06   4.0039063e+01
   6.4707300e+06   4.4189453e+01
   6.4709080e+06   9.9243164e+01
   6.4787000e+06   9.8632813e+01
   6.4866170e+06   4.1503906e+01
   6.4869670e+06   9.2224121e+01
   6.4950060e+06   4.2053223e+01
   6.4955260e+06   7.4707031e+01
   6.5357080e+06   3.9245605e+01
   6.5448760e+06   4.8583984e+01
   6.5627750e+06   4.1320801e+01
   6.5817050e+06   3.9733887e+01
   6.6216310e+06   4.1503906e+01
   6.6585680e+06   4.2358398e+01
   6.6588370e+06   4.0039063e+01
   6.9691810e+06   4.1137695e+01
   6.9694220e+06   4.2480469e+01
   7.1207280e+06   4.2724609e+01
   7.1208530e+06   1.1877441e+02
   7.5065120e+06   8.7951660e+01
   7.5748930e+06   1.1663818e+02
   7.5750170e+06   4.6875000e+01
   7.5750590e+06   1.1334229e+02
   7.5751070e+06   8.0688477e+01
   7.6766780e+06   1.1309814e+02
   7.7945150e+06   3.9306641e+01
   7.7947080e+06   1.1529541e+02
   7.8713980e+06   1.1175537e+02
   7.8716620e+06   9.3139648e+01
   7.9541310e+06   9.0637207e+01
   7.9543160e+06   4.2907715e+01
   7.9543890e+06   1.0620117e+02
   7.9544010e+06   4.5410156e+01
   7.9545400e+06   1.0595703e+02
   7.9547000e+06   9.9609375e+01
   8.1000310e+06   9.8083496e+01
   8.1001810e+06   1.1157227e+02
   8.1002320e+06   3.9794922e+01
   8.1003280e+06   8.8562012e+01
   8.1004610e+06   9.3505859e+01
   8.1005450e+06   8.4716797e+01
   8.1006460e+06   7.8613281e+01
   8.1007540e+06   6.0668945e+01
   8.1008620e+06   7.4035645e+01
   8.1010730e+06   7.2998047e+01
   8.1133920e+06   4.1687012e+01
   8.1718060e+06   1.1816406e+02
   8.1722730e+06   1.0662842e+02
   8.1724320e+06   9.4665527e+01
   8.1725850e+06   3.9245605e+01
   8.1726490e+06   7.7575684e+01
   8.1945040e+06   1.0705566e+02
   8.1947610e+06   1.1785889e+02
   8.2113150e+06   1.0705566e+02
   8.2114970e+06   4.4006348e+01
   8.2118200e+06   1.1096191e+02
   8.2285850e+06   4.2236328e+01
   8.2391580e+06   1.2042236e+02
   8.2393580e+06   8.9599609e+01
   8.2395500e+06   9.3261719e+01
   8.2604950e+06   4.1503906e+01
   8.2607880e+06   1.1871338e+02
   8.2609850e+06   1.1364746e+02
   8.2612850e+06   1.0321045e+02
   8.2699860e+06   1.1639404e+02
   8.2781430e+06   8.6059570e+01
   8.2859670e+06   1.2438965e+02
   8.2862260e+06   1.0101318e+02
   8.2865340e+06   9.2590332e+01
   8.2942480e+06   1.0656738e+02
   8.2946400e+06   1.0717773e+02
   8.3024330e+06   9.7167969e+01
   8.3134210e+06   1.1492920e+02
   8.3135600e+06   1.1553955e+02
   8.3136450e+06   4.7729492e+01
   8.3137270e+06   9.5703125e+01
   8.3138110e+06   8.3984375e+01
   8.3139050e+06   6.2377930e+01
   8.3140140e+06   7.5317383e+01
   8.3141320e+06   7.5744629e+01
   8.3142480e+06   6.1706543e+01
   8.3143660e+06   7.3791504e+01
   8.3144940e+06   7.9101563e+01
   8.3262760e+06   9.6191406e+01
   8.3264240e+06   1.0760498e+02
   8.3265450e+06   9.3383789e+01
   8.3265950e+06   3.9916992e+01
   8.3266380e+06   7.9589844e+01
   8.3267310e+06   7.3486328e+01
   8.3268350e+06   5.6213379e+01
   8.3269420e+06   5.7922363e+01
   8.3270700e+06   5.3771973e+01
   8.3271860e+06   6.0913086e+01
   8.3273230e+06   6.0058594e+01
   8.3275850e+06   6.2805176e+01
   8.3336750e+06   1.0321045e+02
   8.3387710e+06   9.4055176e+01
   8.3389940e+06   1.0137939e+02
   8.3391640e+06   8.8256836e+01
   8.3393630e+06   7.5683594e+01
   8.3395010e+06   7.8002930e+01
   8.3397490e+06   7.4462891e+01
   8.3454260e+06   9.5825195e+01
   8.3456630e+06   8.9111328e+01
   8.3505780e+06   4.0161133e+01
   8.3506060e+06   9.6130371e+01
   8.3507260e+06   8.7951660e+01
   8.3508910e+06   8.5021973e+01
   8.3510610e+06   6.9091797e+01
   8.3511750e+06   7.1655273e+01
   8.3514170e+06   7.2937012e+01
   8.3601270e+06   9.3994141e+01
   8.3603060e+06   8.5937500e+01
   8.3604110e+06   6.9763184e+01
   8.3605440e+06   8.0688477e+01
   8.3606510e+06   6.3781738e+01
   8.3607460e+06   5.1086426e+01
   8.3608210e+06   5.5236816e+01
   8.3609310e+06   6.7199707e+01
   8.3610850e+06   6.0363770e+01
   8.3613170e+06   5.8105469e+01
   8.3692260e+06   8.5510254e+01
   8.3694270e+06   4.9621582e+01
   8.3694840e+06   9.3017578e+01
   8.3696730e+06   6.8847656e+01
   8.3699480e+06   8.2397461e+01
   8.3747690e+06   1.1010742e+02
   8.3751540e+06   8.3984375e+01
   8.3837170e+06   7.4951172e+01
   8.3838480e+06   9.8876953e+01
   8.3839350e+06   3.9794922e+01
   8.3839920e+06   8.1848145e+01
   8.3841160e+06   6.3781738e+01
   8.3842230e+06   8.7707520e+01
   8.3843450e+06   7.4584961e+01
   8.3845070e+06   7.5805664e+01
   8.3897510e+06   1.0809326e+02
   8.3899320e+06   8.4899902e+01
   8.3901210e+06   8.2763672e+01
   8.3902670e+06   8.5021973e+01
   8.3905670e+06   8.5083008e+01
   8.3956120e+06   9.9060059e+01
   8.3958000e+06   8.8317871e+01
   8.3959840e+06   8.4106445e+01
   8.4013870e+06   9.5886230e+01
   8.4015270e+06   7.2143555e+01
   8.4016760e+06   9.5520020e+01
   8.4018450e+06   7.6354980e+01
   8.4020070e+06   8.1970215e+01
   8.4022370e+06   7.6599121e+01
   8.4113290e+06   9.9182129e+01
   8.4114390e+06   9.8266602e+01
   8.4115230e+06   4.1992188e+01
   8.4115850e+06   4.0588379e+01
   8.4116110e+06   6.8664551e+01
   8.4117060e+06   6.4514160e+01
   8.4117810e+06   3.9916992e+01
   8.4118610e+06   3.9855957e+01
   8.4119550e+06   4.4433594e+01
   8.4120400e+06   3.9794922e+01
   8.4121620e+06   4.4433594e+01
   8.4122720e+06   5.4748535e+01
   8.4124150e+06   4.5288086e+01
   8.4125960e+06   5.1940918e+01
   8.4202230e+06   9.5275879e+01
   8.4203410e+06   9.7717285e+01
   8.4205250e+06   7.6782227e+01
   8.4206600e+06   7.3242188e+01
   8.4207840e+06   6.1767578e+01
   8.4209020e+06   5.2795410e+01
   8.4210490e+06   5.7617188e+01
   8.4211810e+06   4.9316406e+01
   8.4257850e+06   9.3688965e+01
   8.4259550e+06   7.0800781e+01
   8.4261150e+06   7.3425293e+01
   8.4262750e+06   7.8186035e+01
   8.4263830e+06   5.5541992e+01
   8.4265200e+06   4.4982910e+01
   8.4266600e+06   5.7312012e+01
   8.4314350e+06   7.9345703e+01
   8.4315920e+06   7.6293945e+01
   8.4318400e+06   7.6904297e+01
   8.4365190e+06   8.4045410e+01
   8.4366430e+06   1.2194824e+02
   8.4367390e+06   7.5683594e+01
   8.4368570e+06   6.7016602e+01
   8.4369450e+06   5.1879883e+01
   8.4370900e+06   6.0791016e+01
   8.4372240e+06   4.4860840e+01
   8.4374040e+06   5.8654785e+01
   8.4375660e+06   5.2368164e+01
   8.4429180e+06   9.4055176e+01
   8.4430710e+06   8.8256836e+01
   8.4432030e+06   8.8195801e+01
   8.4433530e+06   7.3242188e+01
   8.4435390e+06   6.2988281e+01
   8.4437590e+06   6.8664551e+01
   8.4439790e+06   5.2062988e+01
   8.4492870e+06   9.6984863e+01
   8.4494000e+06   8.0810547e+01
   8.4494920e+06   6.4880371e+01
   8.4496210e+06   5.0659180e+01
   8.4497300e+06   4.7851563e+01
   8.4498920e+06   5.9265137e+01
   8.4500380e+06   5.4443359e+01
   8.4501880e+06   5.0415039e+01
   8.4551040e+06   8.3129883e+01
   8.4553730e+06   7.4768066e+01
   8.4555050e+06   8.3557129e+01
   8.4604480e+06   8.3923340e+01
   8.4604800e+06   5.4626465e+01
   8.4605670e+06   8.0200195e+01
   8.4606660e+06   6.6345215e+01
   8.4608000e+06   4.3945313e+01
   8.4609150e+06   4.8400879e+01
   8.4610520e+06   4.1931152e+01
   8.4612020e+06   4.4311523e+01
   8.4613650e+06   5.6579590e+01
   8.4615570e+06   6.2744141e+01
   8.4668060e+06   9.0942383e+01
   8.4669230e+06   7.3364258e+01
   8.4670290e+06   7.4340820e+01
   8.4671570e+06   4.9133301e+01
   8.4673080e+06   5.8471680e+01
   8.4674530e+06   5.5480957e+01
   8.4676140e+06   5.9509277e+01
   8.4726610e+06   9.1796875e+01
   8.4728110e+06   8.3801270e+01
   8.4729760e+06   7.3181152e+01
   8.4731450e+06   6.5612793e+01
   8.4732780e+06   6.0363770e+01
   8.4734470e+06   5.7006836e+01
   8.4779700e+06   8.3251953e+01
   8.4782030e+06   7.5805664e+01
   8.4783990e+06   6.8176270e+01
   8.4785640e+06   6.3964844e+01
   8.4831220e+06   1.0180664e+02
   8.4832460e+06   8.0078125e+01
   8.4833770e+06   6.9763184e+01
   8.4835020e+06   6.3110352e+01
   8.4836200e+06   5.7434082e+01
   8.4837560e+06   4.9316406e+01
   8.4890140e+06   8.1604004e+01
   8.4891560e+06   9.3688965e+01
   8.4892950e+06   6.0791016e+01
   8.4894040e+06   5.7067871e+01
   8.4895180e+06   5.4870605e+01
   8.4897070e+06   4.7790527e+01
   8.4898960e+06   5.5297852e+01
   8.4946600e+06   9.4238281e+01
   8.4949240e+06   7.6049805e+01
   8.4995090e+06   7.9284668e+01
   8.4996260e+06   8.7951660e+01
   8.4997400e+06   6.8969727e+01
   8.4998360e+06   4.7119141e+01
   8.4999290e+06   6.7626953e+01
   8.5001620e+06   5.0842285e+01
   8.5003100e+06   4.4494629e+01
   8.5004410e+06   4.0283203e+01
   8.5005880e+06   4.2419434e+01
   8.5075980e+06   9.1735840e+01
   8.5078100e+06   7.1899414e+01
   8.5081920e+06   7.0312500e+01
   8.5123370e+06   9.5031738e+01
   8.5124690e+06   8.4533691e+01
   8.5125930e+06   7.9162598e+01
   8.5127210e+06   5.8654785e+01
   8.5128670e+06   5.8837891e+01
   8.5130020e+06   5.5908203e+01
   8.5182990e+06   6.8542480e+01
   8.5184170e+06   7.8674316e+01
   8.5185660e+06   6.4697266e+01
   8.5186920e+06   5.3283691e+01
   8.5188610e+06   5.8044434e+01
   8.5240110e+06   8.6914063e+01
   8.5241320e+06   8.9538574e+01
   8.5242490e+06   8.0444336e+01
   8.5244110e+06   6.1401367e+01
   8.5245230e+06   5.7373047e+01
   8.5299710e+06   9.8266602e+01
   8.5301240e+06   9.0515137e+01
   8.5303200e+06   8.9782715e+01
   8.5304100e+06   5.5175781e+01
   8.5305180e+06   5.7495117e+01
   8.5360500e+06   7.9345703e+01
   8.5362060e+06   8.9050293e+01
   8.5363570e+06   6.5246582e+01
   8.5365040e+06   7.4584961e+01
   8.5366730e+06   6.4819336e+01
   8.5368660e+06   6.0180664e+01
   8.5423700e+06   1.0021973e+02
   8.5424740e+06   8.1787109e+01
   8.5425430e+06   4.9682617e+01
   8.5425990e+06   7.5866699e+01
   8.5427160e+06   7.1716309e+01
   8.5428110e+06   4.3151855e+01
   8.5429110e+06   4.0710449e+01
   8.5430410e+06   4.8034668e+01
   8.5431540e+06   5.1879883e+01
   8.5433250e+06   5.1330566e+01
   8.5489360e+06   7.7087402e+01
   8.5490750e+06   7.7453613e+01
   8.5493100e+06   7.1289063e+01
   8.5495540e+06   7.0373535e+01
   8.5544160e+06   9.8815918e+01
   8.5545640e+06   9.0393066e+01
   8.5546000e+06   4.7973633e+01
   8.5547000e+06   6.5612793e+01
   8.5548780e+06   5.3466797e+01
   8.5549950e+06   6.1218262e+01
   8.5609660e+06   1.0308838e+02
   8.5610860e+06   9.3200684e+01
   8.5611690e+06   4.0344238e+01
   8.5611850e+06   5.8532715e+01
   8.5612570e+06   3.9733887e+01
   8.5612800e+06   5.8654785e+01
   8.5614200e+06   5.2490234e+01
   8.5615330e+06   4.6569824e+01
   8.5616510e+06   5.5236816e+01
   8.5673870e+06   7.3364258e+01
   8.5674410e+06   4.1748047e+01
   8.5675650e+06   8.3923340e+01
   8.5730830e+06   9.5703125e+01
   8.5732000e+06   6.6284180e+01
   8.5733480e+06   6.3171387e+01
   8.5734630e+06   7.1044922e+01
   8.5735820e+06   5.7312012e+01
   8.5737400e+06   5.4321289e+01
   8.5793370e+06   8.8195801e+01
   8.5793740e+06   3.9245605e+01
   8.5794850e+06   7.3120117e+01
   8.5795860e+06   6.6162109e+01
   8.5797170e+06   6.6711426e+01
   8.5798480e+06   6.0791016e+01
   8.5856320e+06   8.8623047e+01
   8.5857520e+06   7.3669434e+01
   8.5858830e+06   6.9274902e+01
   8.5860390e+06   6.3598633e+01
   8.5861690e+06   6.0302734e+01
   8.5912610e+06   9.2590332e+01
   8.5969810e+06   9.8876953e+01
   8.5970350e+06   4.2602539e+01
   8.5970500e+06   5.4992676e+01
   8.5971200e+06   1.1730957e+02
   8.5971350e+06   4.8034668e+01
   8.5972200e+06   5.8410645e+01
   8.5973060e+06   5.7250977e+01
   8.5974050e+06   6.9763184e+01
   8.5975330e+06   5.2490234e+01
   8.5976440e+06   5.3405762e+01
   8.5977770e+06   5.4565430e+01
   8.6104950e+06   4.1870117e+01
   8.6105680e+06   8.0993652e+01
   8.6106260e+06   4.0222168e+01
   8.6106700e+06   7.2998047e+01
   8.6107790e+06   8.9355469e+01
   8.6109720e+06   8.4106445e+01
   8.6111330e+06   7.4523926e+01
   8.6172750e+06   8.6669922e+01
   8.6174200e+06   7.7026367e+01
   8.6176270e+06   7.3364258e+01
   8.6233190e+06   7.9467773e+01
   8.6234720e+06   9.2041016e+01
   8.6236310e+06   8.3496094e+01
   8.6239450e+06   6.8481445e+01
   8.6301280e+06   4.0649414e+01
   8.6302830e+06   8.7402344e+01
   8.6303910e+06   8.6669922e+01
   8.6305150e+06   8.6608887e+01
   8.6306870e+06   6.5979004e+01
   8.6371350e+06   4.3151855e+01
   8.6373170e+06   9.2102051e+01
   8.6374140e+06   7.3059082e+01
   8.6375130e+06   7.2631836e+01
   8.6376310e+06   7.3120117e+01
   8.6378490e+06   7.0800781e+01
   8.6442380e+06   4.0954590e+01
   8.6443090e+06   8.8195801e+01
   8.6445030e+06   8.3984375e+01
   8.6507450e+06   4.0771484e+01
   8.6507550e+06   8.9538574e+01
   8.6509210e+06   9.3322754e+01
   8.6510540e+06   8.3923340e+01
   8.6574590e+06   8.9294434e+01
   8.6576060e+06   1.0314941e+02
   8.6637530e+06   9.4909668e+01
   8.6639350e+06   8.3984375e+01
   8.6701240e+06   4.0344238e+01
   8.6701540e+06   1.1315918e+02
   8.6702510e+06   1.0333252e+02
   8.6703710e+06   7.5439453e+01
   8.6705950e+06   8.3435059e+01
   8.6769590e+06   4.6203613e+01
   8.6771090e+06   1.0620117e+02
   8.6772380e+06   9.0270996e+01
   8.6773640e+06   7.3181152e+01
   8.6775180e+06   7.5378418e+01
   8.6776980e+06   7.4157715e+01
   8.6861220e+06   4.8217773e+01
   8.6861420e+06   3.9794922e+01
   8.6862150e+06   9.0942383e+01
   8.6863300e+06   7.5378418e+01
   8.6864460e+06   7.6599121e+01
   8.6865580e+06   6.3354492e+01
   8.6867450e+06   7.7697754e+01
   8.6940320e+06   8.9050293e+01
   8.7001530e+06   8.0993652e+01
   8.7003270e+06   7.2570801e+01
   8.7061600e+06   3.9855957e+01
   8.7063130e+06   9.5092773e+01
   8.7124680e+06   4.3457031e+01
   8.7125180e+06   1.0278320e+02
   8.7128110e+06   1.0943604e+02
   8.7192110e+06   1.0168457e+02
   8.7192290e+06   3.9367676e+01
   8.7193700e+06   7.3608398e+01
   8.7195690e+06   7.8918457e+01
   8.7264260e+06   9.9792480e+01
   8.7265180e+06   8.1909180e+01
   8.7267470e+06   8.2092285e+01
   8.7337430e+06   8.4777832e+01
   8.7337790e+06   3.9978027e+01
   8.7339080e+06   9.1674805e+01
   8.7410250e+06   4.3823242e+01
   8.7411500e+06   4.3518066e+01
   8.7412710e+06   9.9182129e+01
   8.7414180e+06   9.2224121e+01
   8.7485510e+06   4.3151855e+01
   8.7486570e+06   9.7656250e+01
   8.7488030e+06   8.5510254e+01
   8.7563340e+06   1.1395264e+02
   8.7564400e+06   1.0565186e+02
   8.7567560e+06   9.1674805e+01
   8.7639330e+06   8.9050293e+01
   8.7711430e+06   1.0540771e+02
   8.7786940e+06   1.0766602e+02
   8.7788710e+06   9.2468262e+01
   8.7861070e+06   4.5776367e+01
   8.7863260e+06   1.0565186e+02
   8.7940200e+06   4.3212891e+01
   8.7942490e+06   1.0046387e+02
   8.8178390e+06   5.1818848e+01
   8.8180110e+06   1.0430908e+02
   8.8338660e+06   4.1931152e+01
   8.8416020e+06   4.3029785e+01
   8.8417720e+06   3.9611816e+01
   8.8419800e+06   9.8144531e+01
   8.8495460e+06   4.1931152e+01
   8.8586360e+06   4.0832520e+01
   8.8591100e+06   1.1108398e+02
   8.8769760e+06   4.3884277e+01
   8.8853310e+06   4.4128418e+01
   8.8855630e+06   4.7302246e+01
   8.8945400e+06   4.4799805e+01
   8.9130080e+06   4.2480469e+01
   8.9132060e+06   4.2724609e+01
   8.9338800e+06   4.1748047e+01
   8.9340240e+06   4.1015625e+01
   8.9449390e+06   4.0283203e+01
   8.9660670e+06   4.0161133e+01
   9.4772580e+06   1.0778809e+02
   9.4774280e+06   4.2419434e+01
   9.4778960e+06   4.9804688e+01
   9.4779620e+06   8.6486816e+01
   9.4781300e+06   3.9855957e+01
   9.5955890e+06   1.1163330e+02
   9.5958160e+06   1.0174561e+02
   9.7489620e+06   8.4472656e+01
   9.7493020e+06   1.1279297e+02
   9.7493830e+06   8.7768555e+01
   9.7494940e+06   9.3261719e+01
   9.7496120e+06   9.3933105e+01
   9.7497390e+06   8.8989258e+01
   9.7498500e+06   8.0810547e+01
   9.7500440e+06   8.1420898e+01
   9.8206160e+06   8.0932617e+01
   9.8207680e+06   1.1700439e+02
   9.8208810e+06   9.7534180e+01
   9.8209930e+06   9.5520020e+01
   9.8211350e+06   8.7646484e+01
   9.8212590e+06   8.3312988e+01
   9.8214820e+06   8.5937500e+01
   9.8217280e+06   8.6669922e+01
   9.8347560e+06   1.1926270e+02
   9.8350530e+06   1.0632324e+02
   9.8352020e+06   9.0576172e+01
   9.8458090e+06   1.0601807e+02
   9.8459780e+06   8.2946777e+01
   9.8463570e+06   9.4482422e+01
   9.8555500e+06   1.2377930e+02
   9.8560580e+06   4.2358398e+01
   9.8649180e+06   1.1230469e+02
   9.8728680e+06   1.1511230e+02
   9.8817970e+06   1.1053467e+02
   9.8819420e+06   9.4543457e+01
   9.8821610e+06   9.6069336e+01
   9.8910540e+06   9.3444824e+01
   9.8911840e+06   9.7534180e+01
   9.8913700e+06   1.0314941e+02
   9.8915060e+06   8.3129883e+01
   9.8916760e+06   8.3312988e+01
   9.8918330e+06   7.2753906e+01
   9.8987780e+06   9.9914551e+01
   9.8989160e+06   8.9904785e+01
   9.8991150e+06   7.9467773e+01
   9.9052830e+06   1.0473633e+02
   9.9054590e+06   9.5214844e+01
   9.9057040e+06   8.5449219e+01
   9.9119570e+06   1.0473633e+02
   9.9122810e+06   7.6843262e+01
   9.9181590e+06   9.0393066e+01
   9.9182820e+06   3.9550781e+01
   9.9184700e+06   9.4543457e+01
   9.9237170e+06   1.0412598e+02
   9.9288990e+06   8.7646484e+01
   9.9290540e+06   1.0076904e+02
   9.9403130e+06   1.1584473e+02
   9.9404450e+06   1.0528564e+02
   9.9405680e+06   9.5092773e+01
   9.9407400e+06   8.7036133e+01
   9.9409040e+06   8.1115723e+01
   9.9411380e+06   7.3669434e+01
   9.9464570e+06   8.7036133e+01
   9.9515770e+06   1.0437012e+02
   9.9519340e+06   8.7829590e+01
   9.9629840e+06   9.3750000e+01
   9.9631310e+06   1.0394287e+02
   9.9633150e+06   3.9611816e+01
   9.9633360e+06   9.7045898e+01
   9.9634760e+06   8.8134766e+01
   9.9638450e+06   7.4768066e+01
   9.9723470e+06   1.0827637e+02
   9.9724590e+06   1.0546875e+02
   9.9725880e+06   7.7148438e+01
   9.9727270e+06   4.0527344e+01
   9.9727370e+06   7.9223633e+01
   9.9729740e+06   9.0820313e+01
   9.9731480e+06   7.8369141e+01
   9.9776780e+06   9.4360352e+01
   9.9830250e+06   1.0272217e+02
   9.9831290e+06   8.4167480e+01
   9.9832470e+06   8.8684082e+01
   9.9834180e+06   7.8002930e+01
   9.9836110e+06   6.7810059e+01
   9.9837790e+06   7.4096680e+01
   9.9926510e+06   8.0810547e+01
   9.9927730e+06   7.3425293e+01
   9.9929830e+06   8.5021973e+01
   9.9931430e+06   8.1176758e+01
   9.9934490e+06   6.7016602e+01
   1.0002809e+07   1.0473633e+02
   1.0002905e+07   9.7961426e+01
   1.0003034e+07   7.7148438e+01
   1.0003137e+07   8.0566406e+01
   1.0003254e+07   7.3181152e+01
   1.0003354e+07   6.7565918e+01
   1.0003507e+07   6.4514160e+01
   1.0009082e+07   7.9528809e+01
   1.0014274e+07   9.2773438e+01
   1.0014436e+07   7.7026367e+01
   1.0014562e+07   9.3505859e+01
   1.0014853e+07   8.5815430e+01
   1.0019885e+07   9.3994141e+01
   1.0020176e+07   7.0190430e+01
   1.0025139e+07   1.0137939e+02
   1.0025657e+07   9.6557617e+01
   1.0030535e+07   9.8205566e+01
   1.0030707e+07   9.5947266e+01
   1.0036018e+07   9.3566895e+01
   1.0036182e+07   8.5937500e+01
   1.0042080e+07   8.6181641e+01
   1.0042196e+07   8.1542969e+01
   1.0042396e+07   7.8491211e+01
   1.0042587e+07   8.1115723e+01
   1.0048170e+07   4.0100098e+01
   1.0048242e+07   1.0070801e+02
   1.0048414e+07   8.6669922e+01
   1.0048594e+07   9.8937988e+01
   1.0054145e+07   8.6730957e+01
   1.0060059e+07   1.0687256e+02
   1.0060191e+07   8.4716797e+01
   1.0066315e+07   1.0705566e+02
   1.0066663e+07   7.7575684e+01
   1.0066930e+07   7.6416016e+01
   1.0072601e+07   7.8735352e+01
   1.0072857e+07   9.2407227e+01
   1.0073079e+07   9.1735840e+01
   1.0084657e+07   8.3068848e+01
   1.0084866e+07   1.0858154e+02
   1.0085198e+07   9.3811035e+01
   1.0091139e+07   9.2773438e+01
   1.0097227e+07   9.3139648e+01
   1.0103434e+07   8.6059570e+01
   1.0103676e+07   9.8693848e+01
   1.0115427e+07   8.7524414e+01
   1.0115929e+07   8.5083008e+01
   1.0128514e+07   1.0827637e+02
   1.0136167e+07   9.2224121e+01
   1.0136417e+07   1.0046387e+02
   1.0143568e+07   9.6374512e+01
   1.0143600e+07   4.2602539e+01
   1.0143854e+07   8.8745117e+01
   1.0150757e+07   9.5214844e+01
   1.0151049e+07   1.0345459e+02
   1.0158193e+07   9.7045898e+01
   1.0166540e+07   4.0405273e+01
   1.0174356e+07   1.0015869e+02
   1.0189043e+07   8.2153320e+01
   1.0196391e+07   1.0186768e+02
   1.0211489e+07   1.0742188e+02
   1.0814686e+07   9.6740723e+01
   1.0814844e+07   1.0522461e+02
   1.0814961e+07   9.6740723e+01
   1.0940675e+07   4.0161133e+01
   1.0940758e+07   4.2968750e+01
   1.0940791e+07   8.8684082e+01
   1.0940878e+07   9.3383789e+01
   1.0940961e+07   8.9172363e+01
   1.0941055e+07   1.1163330e+02
   1.0941145e+07   7.6843262e+01
   1.0941253e+07   8.4411621e+01
   1.0941361e+07   7.2021484e+01
   1.0941459e+07   6.7749023e+01
   1.0941570e+07   7.2631836e+01
   1.0941673e+07   5.9143066e+01
   1.0941800e+07   5.0720215e+01
   1.0942010e+07   7.5256348e+01
   1.0942416e+07   7.7209473e+01
   1.0958634e+07   9.9426270e+01
   1.0959230e+07   9.1369629e+01
   1.0959391e+07   8.2153320e+01
   1.0959512e+07   9.3688965e+01
   1.0959617e+07   8.7707520e+01
   1.0959754e+07   6.8542480e+01
   1.0959861e+07   6.9396973e+01
   1.0959978e+07   7.1166992e+01
   1.0960087e+07   5.7006836e+01
   1.0960235e+07   7.0251465e+01
   1.0960378e+07   5.4199219e+01
   1.0973304e+07   3.9489746e+01
   1.0973632e+07   1.0119629e+02
   1.0973796e+07   1.0205078e+02
   1.0974028e+07   4.1137695e+01
   1.0974114e+07   9.3078613e+01
   1.0985858e+07   1.0266113e+02
   1.0986017e+07   4.1381836e+01
   1.0986055e+07   5.1330566e+01
   1.0986104e+07   1.0729980e+02
   1.0986295e+07   9.6069336e+01
   1.0986536e+07   8.7890625e+01
   1.0997489e+07   1.0119629e+02
   1.0997631e+07   3.9367676e+01
   1.0997882e+07   1.0412598e+02
   1.0997979e+07   4.1931152e+01
   1.0998030e+07   7.4157715e+01
   1.0998186e+07   7.5439453e+01
   1.0998403e+07   8.1237793e+01
   1.1008133e+07   8.8684082e+01
   1.1008379e+07   7.0007324e+01
   1.1008530e+07   8.0505371e+01
   1.1008680e+07   5.0964355e+01
   1.1008813e+07   9.0148926e+01
   1.1008928e+07   7.9956055e+01
   1.1009079e+07   7.0434570e+01
   1.1009206e+07   7.0617676e+01
   1.1018735e+07   9.0393066e+01
   1.1018868e+07   3.9611816e+01
   1.1018885e+07   8.2214355e+01
   1.1018992e+07   6.9335938e+01
   1.1019097e+07   8.4777832e+01
   1.1019193e+07   7.7331543e+01
   1.1019282e+07   5.2734375e+01
   1.1019376e+07   5.3405762e+01
   1.1019449e+07   4.5959473e+01
   1.1019547e+07   5.0537109e+01
   1.1019672e+07   4.1748047e+01
   1.1019896e+07   5.5053711e+01
   1.1028094e+07   8.9294434e+01
   1.1028222e+07   1.0125732e+02
   1.1028263e+07   3.9916992e+01
   1.1028338e+07   6.6955566e+01
   1.1028459e+07   6.8542480e+01
   1.1028556e+07   5.5358887e+01
   1.1028652e+07   4.4677734e+01
   1.1028754e+07   4.4860840e+01
   1.1028855e+07   4.7668457e+01
   1.1029083e+07   4.6508789e+01
   1.1029357e+07   4.3518066e+01
   1.1029508e+07   4.7790527e+01
   1.1036903e+07   9.0148926e+01
   1.1037028e+07   8.1420898e+01
   1.1037169e+07   7.9528809e+01
   1.1037282e+07   7.2875977e+01
   1.1037370e+07   4.7546387e+01
   1.1037489e+07   4.1137695e+01
   1.1037600e+07   4.1809082e+01
   1.1037723e+07   5.0170898e+01
   1.1037860e+07   5.3344727e+01
   1.1038019e+07   5.4870605e+01
   1.1038186e+07   5.7067871e+01
   1.1038336e+07   5.3955078e+01
   1.1044910e+07   1.0290527e+02
   1.1045026e+07   8.3984375e+01
   1.1045157e+07   7.0922852e+01
   1.1045243e+07   6.4086914e+01
   1.1045376e+07   4.8950195e+01
   1.1045476e+07   4.5104980e+01
   1.1045565e+07   3.9489746e+01
   1.1045662e+07   4.2236328e+01
   1.1045896e+07   3.9245605e+01
   1.1046016e+07   4.1015625e+01
   1.1052816e+07   7.4523926e+01
   1.1052964e+07   7.0068359e+01
   1.1053159e+07   7.2692871e+01
   1.1053288e+07   5.6213379e+01
   1.1053453e+07   5.6457520e+01
   1.1053571e+07   5.1574707e+01
   1.1053719e+07   5.3222656e+01
   1.1053915e+07   5.3466797e+01
   1.1058644e+07   9.4787598e+01
   1.1058783e+07   7.9345703e+01
   1.1058954e+07   6.2561035e+01
   1.1059079e+07   5.7678223e+01
   1.1059210e+07   5.5664063e+01
   1.1059329e+07   5.4687500e+01
   1.1059459e+07   4.4372559e+01
   1.1059595e+07   4.4555664e+01
   1.1059805e+07   4.7729492e+01
   1.1064622e+07   7.3913574e+01
   1.1064773e+07   6.6833496e+01
   1.1064915e+07   6.6467285e+01
   1.1065048e+07   5.5603027e+01
   1.1065175e+07   4.1687012e+01
   1.1065360e+07   4.3334961e+01
   1.1065749e+07   4.7241211e+01
   1.1070682e+07   9.2834473e+01
   1.1070813e+07   7.5073242e+01
   1.1070985e+07   8.4594727e+01
   1.1071095e+07   6.1157227e+01
   1.1071267e+07   6.0058594e+01
   1.1071410e+07   4.1259766e+01
   1.1071528e+07   4.3334961e+01
   1.1076828e+07   8.2519531e+01
   1.1076970e+07   7.7514648e+01
   1.1077109e+07   6.8603516e+01
   1.1077259e+07   6.0852051e+01
   1.1077396e+07   4.8767090e+01
   1.1077544e+07   4.9499512e+01
   1.1077716e+07   5.7983398e+01
   1.1077947e+07   5.5114746e+01
   1.1082931e+07   7.8247070e+01
   1.1083037e+07   8.7646484e+01
   1.1083152e+07   6.9396973e+01
   1.1083281e+07   5.3039551e+01
   1.1083415e+07   4.3395996e+01
   1.1083643e+07   4.0954590e+01
   1.1083978e+07   3.9916992e+01
   1.1089419e+07   9.0332031e+01
   1.1089521e+07   8.4289551e+01
   1.1089620e+07   5.4199219e+01
   1.1089735e+07   5.7189941e+01
   1.1089839e+07   5.4626465e+01
   1.1089997e+07   4.4616699e+01
   1.1090394e+07   4.1015625e+01
   1.1095436e+07   9.3994141e+01
   1.1095538e+07   7.7392578e+01
   1.1095650e+07   7.2265625e+01
   1.1095796e+07   5.9631348e+01
   1.1095938e+07   4.4433594e+01
   1.1096093e+07   4.0283203e+01
   1.1101347e+07   7.9956055e+01
   1.1101457e+07   6.8908691e+01
   1.1101591e+07   6.1889648e+01
   1.1101699e+07   5.0415039e+01
   1.1101834e+07   4.3029785e+01
   1.1101987e+07   3.9428711e+01
   1.1102108e+07   4.2541504e+01
   1.1107645e+07   7.9101563e+01
   1.1107742e+07   8.5266113e+01
   1.1107833e+07   5.8044434e+01
   1.1107956e+07   6.0424805e+01
   1.1108176e+07   4.1259766e+01
   1.1108793e+07   4.0527344e+01
   1.1114513e+07   8.6120605e+01
   1.1114639e+07   6.2377930e+01
   1.1114770e+07   5.7617188e+01
   1.1114886e+07   4.1259766e+01
   1.1115054e+07   4.4982910e+01
   1.1115243e+07   3.9916992e+01
   1.1115617e+07   5.0292969e+01
   1.1120227e+07   7.6171875e+01
   1.1120351e+07   6.5856934e+01
   1.1120485e+07   6.6650391e+01
   1.1120597e+07   4.9011230e+01
   1.1120719e+07   3.9367676e+01
   1.1120876e+07   4.2724609e+01
   1.1121066e+07   4.8034668e+01
   1.1121270e+07   5.4504395e+01
   1.1125695e+07   7.3791504e+01
   1.1125860e+07   7.6232910e+01
   1.1125993e+07   4.6325684e+01
   1.1126101e+07   3.9367676e+01
   1.1126199e+07   4.1503906e+01
   1.1126313e+07   4.2480469e+01
   1.1126641e+07   4.3457031e+01
   1.1131092e+07   9.3872070e+01
   1.1131211e+07   7.2204590e+01
   1.1131341e+07   5.1696777e+01
   1.1131465e+07   5.1818848e+01
   1.1131703e+07   4.8034668e+01
   1.1136264e+07   9.9609375e+01
   1.1136373e+07   5.8715820e+01
   1.1136495e+07   5.9082031e+01
   1.1136613e+07   5.0964355e+01
   1.1136742e+07   5.4809570e+01
   1.1137000e+07   5.8715820e+01
   1.1137255e+07   5.0048828e+01
   1.1141464e+07   7.3791504e+01
   1.1141567e+07   5.4016113e+01
   1.1141669e+07   5.8776855e+01
   1.1141874e+07   5.1696777e+01
   1.1141991e+07   4.1259766e+01
   1.1142251e+07   4.6081543e+01
   1.1147572e+07   7.8918457e+01
   1.1147714e+07   8.2946777e+01
   1.1147828e+07   6.4147949e+01
   1.1147926e+07   4.7302246e+01
   1.1148050e+07   4.1625977e+01
   1.1148171e+07   4.2358398e+01
   1.1148484e+07   4.0222168e+01
   1.1155214e+07   8.0444336e+01
   1.1155343e+07   6.5490723e+01
   1.1155476e+07   6.2561035e+01
   1.1155670e+07   5.6396484e+01
   1.1155829e+07   4.1992188e+01
   1.1160336e+07   7.3364258e+01
   1.1160451e+07   7.0495605e+01
   1.1160574e+07   4.3823242e+01
   1.1160742e+07   5.7250977e+01
   1.1160867e+07   5.1513672e+01
   1.1161048e+07   4.0161133e+01
   1.1166200e+07   9.1369629e+01
   1.1166349e+07   7.1289063e+01
   1.1166477e+07   6.8176270e+01
   1.1166613e+07   4.3029785e+01
   1.1166723e+07   4.0893555e+01
   1.1167061e+07   4.8583984e+01
   1.1172102e+07   9.3933105e+01
   1.1172264e+07   6.7260742e+01
   1.1172412e+07   6.1218262e+01
   1.1172548e+07   5.8593750e+01
   1.1172725e+07   5.4138184e+01
   1.1172935e+07   5.5847168e+01
   1.1177684e+07   8.5754395e+01
   1.1177784e+07   4.1259766e+01
   1.1177803e+07   8.0810547e+01
   1.1177913e+07   6.0058594e+01
   1.1178033e+07   5.3771973e+01
   1.1178232e+07   4.8522949e+01
   1.1183433e+07   7.8369141e+01
   1.1183546e+07   8.1298828e+01
   1.1183587e+07   4.0710449e+01
   1.1183656e+07   7.4218750e+01
   1.1183814e+07   4.4555664e+01
   1.1183958e+07   4.6020508e+01
   1.1184176e+07   4.8217773e+01
   1.1189070e+07   8.2702637e+01
   1.1189193e+07   7.1350098e+01
   1.1189313e+07   5.9387207e+01
   1.1189440e+07   5.1940918e+01
   1.1189559e+07   4.3029785e+01
   1.1195298e+07   1.0198975e+02
   1.1195390e+07   7.0556641e+01
   1.1195512e+07   6.3781738e+01
   1.1195609e+07   5.4931641e+01
   1.1195711e+07   4.7790527e+01
   1.1195832e+07   4.8461914e+01
   1.1195962e+07   5.1452637e+01
   1.1196182e+07   4.7668457e+01
   1.1202089e+07   8.5327148e+01
   1.1202191e+07   8.8500977e+01
   1.1202228e+07   4.2602539e+01
   1.1202294e+07   5.0170898e+01
   1.1202414e+07   5.2551270e+01
   1.1202525e+07   5.1574707e+01
   1.1202675e+07   5.2551270e+01
   1.1208164e+07   8.6791992e+01
   1.1208256e+07   7.6354980e+01
   1.1208362e+07   6.1157227e+01
   1.1208487e+07   4.9255371e+01
   1.1208596e+07   4.6691895e+01
   1.1208715e+07   4.2968750e+01
   1.1208934e+07   4.6997070e+01
   1.1214226e+07   8.8256836e+01
   1.1214334e+07   6.9641113e+01
   1.1214455e+07   7.0861816e+01
   1.1214614e+07   5.6518555e+01
   1.1214743e+07   5.6274414e+01
   1.1214963e+07   4.8889160e+01
   1.1220421e+07   7.8125000e+01
   1.1220535e+07   6.7687988e+01
   1.1220689e+07   5.7739258e+01
   1.1220907e+07   5.9082031e+01
   1.1226638e+07   7.1166992e+01
   1.1226734e+07   7.7697754e+01
   1.1226839e+07   6.5368652e+01
   1.1226970e+07   5.1025391e+01
   1.1227139e+07   4.3884277e+01
   1.1227309e+07   5.5725098e+01
   1.1232740e+07   8.5388184e+01
   1.1232833e+07   8.9782715e+01
   1.1232952e+07   8.6120605e+01
   1.1233076e+07   5.9204102e+01
   1.1233198e+07   5.4931641e+01
   1.1239231e+07   3.9550781e+01
   1.1239262e+07   9.4116211e+01
   1.1239360e+07   6.4819336e+01
   1.1239453e+07   6.9030762e+01
   1.1239554e+07   5.0964355e+01
   1.1239672e+07   4.5654297e+01
   1.1239781e+07   4.9804688e+01
   1.1239901e+07   5.2612305e+01
   1.1246363e+07   9.1979980e+01
   1.1246479e+07   7.5378418e+01
   1.1246567e+07   4.4433594e+01
   1.1246691e+07   5.7128906e+01
   1.1246938e+07   6.7871094e+01
   1.1252936e+07   9.3139648e+01
   1.1253058e+07   7.9345703e+01
   1.1253152e+07   6.1584473e+01
   1.1253316e+07   5.5603027e+01
   1.1253447e+07   5.4077148e+01
   1.1253682e+07   5.5175781e+01
   1.1259770e+07   7.8125000e+01
   1.1259889e+07   7.1472168e+01
   1.1260005e+07   6.4880371e+01
   1.1260221e+07   6.6345215e+01
   1.1266665e+07   8.0078125e+01
   1.1266775e+07   7.4279785e+01
   1.1266889e+07   6.4208984e+01
   1.1266992e+07   5.7006836e+01
   1.1267125e+07   5.6396484e+01
   1.1273118e+07   8.0200195e+01
   1.1273179e+07   3.9245605e+01
   1.1273224e+07   7.4218750e+01
   1.1273362e+07   6.5185547e+01
   1.1273490e+07   6.0668945e+01
   1.1279590e+07   8.1665039e+01
   1.1279605e+07   3.9855957e+01
   1.1279719e+07   9.0820313e+01
   1.1279749e+07   3.9672852e+01
   1.1279829e+07   7.8613281e+01
   1.1279955e+07   5.6823730e+01
   1.1280158e+07   6.6345215e+01
   1.1286035e+07   7.5927734e+01
   1.1286165e+07   7.5195313e+01
   1.1286360e+07   7.7941895e+01
   1.1292715e+07   8.7158203e+01
   1.1292812e+07   7.6354980e+01
   1.1292933e+07   7.6293945e+01
   1.1293089e+07   6.0668945e+01
   1.1299704e+07   7.8369141e+01
   1.1299797e+07   8.8562012e+01
   1.1299916e+07   7.0251465e+01
   1.1300050e+07   7.6599121e+01
   1.1306827e+07   1.1633301e+02
   1.1306935e+07   8.8745117e+01
   1.1307093e+07   6.5734863e+01
   1.1307232e+07   9.2895508e+01
   1.1314188e+07   9.2407227e+01
   1.1314302e+07   6.2377930e+01
   1.1314439e+07   7.6721191e+01
   1.1321498e+07   9.8327637e+01
   1.1321663e+07   7.8613281e+01
   1.1321859e+07   7.2082520e+01
   1.1329367e+07   3.9306641e+01
   1.1329420e+07   8.7097168e+01
   1.1329549e+07   9.5458984e+01
   1.1329654e+07   6.6345215e+01
   1.1329877e+07   7.2082520e+01
   1.1337105e+07   7.8613281e+01
   1.1337248e+07   7.5561523e+01
   1.1337475e+07   8.1542969e+01
   1.1344747e+07   1.0040283e+02
   1.1344973e+07   7.8308105e+01
   1.1352410e+07   1.0516357e+02
   1.1352476e+07   4.0039063e+01
   1.1352541e+07   7.4340820e+01
   1.1352728e+07   7.9162598e+01
   1.1352876e+07   6.8542480e+01
   1.1359850e+07   4.3212891e+01
   1.1360079e+07   9.0393066e+01
   1.1360204e+07   9.7778320e+01
   1.1367318e+07   5.1330566e+01
   1.1367345e+07   4.0771484e+01
   1.1367434e+07   1.0302734e+02
   1.1367626e+07   8.6669922e+01
   1.1375164e+07   9.8937988e+01
   1.1382976e+07   8.7219238e+01
   1.1383205e+07   9.1125488e+01
   1.1390660e+07   4.0466309e+01
   1.1390800e+07   9.3322754e+01
   1.1398776e+07   1.0009766e+02
   1.1407318e+07   1.0260010e+02
   1.1407561e+07   8.2519531e+01
   1.1416931e+07   4.1748047e+01
   1.1417004e+07   8.1359863e+01
   1.1425907e+07   9.8999023e+01
   1.1480070e+07   3.9733887e+01
   1.1501262e+07   4.6997070e+01
   1.1520346e+07   4.0100098e+01
   1.1529527e+07   4.3395996e+01
   1.1585172e+07   9.1430664e+01
   1.1652009e+07   3.9306641e+01
