   1.1999000e+07   0.0000000e+00
   1.6114000e+04   4.0832520e+01
   1.6153000e+04   4.6997070e+01
   1.6495000e+04   4.6875000e+01
   1.6704000e+04   5.1696777e+01
   3.8699000e+04   6.1523438e+01
   3.8725000e+04   3.9489746e+01
   3.8749000e+04   4.1381836e+01
   3.8785000e+04   4.5410156e+01
   3.8812000e+04   6.5612793e+01
   3.9077000e+04   4.8034668e+01
   3.9271000e+04   3.9062500e+01
   3.9703000e+04   4.3640137e+01
   6.8909000e+04   4.3457031e+01
   6.9270000e+04   5.0415039e+01
   6.9321000e+04   4.0893555e+01
   6.9366000e+04   3.9123535e+01
   6.9506000e+04   4.3273926e+01
   6.9943000e+04   5.0109863e+01
   9.4230000e+04   4.0344238e+01
   9.4255000e+04   4.4738770e+01
   9.4287000e+04   4.1320801e+01
   9.4312000e+04   4.7729492e+01
   9.4329000e+04   4.0161133e+01
   9.4398000e+04   4.2236328e+01
   9.4510000e+04   3.9978027e+01
   9.4655000e+04   4.1137695e+01
   9.4928000e+04   4.3151855e+01
   1.1643400e+05   4.0893555e+01
   1.1647600e+05   3.9367676e+01
   1.1649000e+05   5.7800293e+01
   1.1653200e+05   3.9611816e+01
   1.1654800e+05   5.8959961e+01
   1.1660900e+05   4.8217773e+01
   1.1664900e+05   4.5471191e+01
   1.1694700e+05   4.1503906e+01
   1.1735800e+05   4.2663574e+01
   1.1761500e+05   3.9611816e+01
   1.4379300e+05   4.1687012e+01
   1.4381500e+05   5.3710938e+01
   1.4383500e+05   4.5104980e+01
   1.4385200e+05   4.2724609e+01
   1.4391000e+05   5.2795410e+01
   1.4392200e+05   3.9611816e+01
   1.4396800e+05   4.8522949e+01
   1.4497100e+05   4.0161133e+01
   1.7561300e+05   4.4006348e+01
   1.7564800e+05   5.0354004e+01
   1.7569700e+05   3.8879395e+01
   1.7572100e+05   4.5227051e+01
   1.7577000e+05   4.7119141e+01
   1.7588900e+05   3.9550781e+01
   1.7599100e+05   4.0405273e+01
   1.7729200e+05   4.1503906e+01
   1.9949300e+05   4.1381836e+01
   1.9970500e+05   5.3771973e+01
   1.9985400e+05   6.4147949e+01
   1.9988100e+05   4.1503906e+01
   1.9992300e+05   4.1625977e+01
   1.9995400e+05   4.9255371e+01
   2.0014300e+05   4.3090820e+01
   2.0078100e+05   4.5715332e+01
   2.2539100e+05   5.4565430e+01
   2.2559800e+05   4.6447754e+01
   2.2562500e+05   5.3527832e+01
   2.2564600e+05   4.3884277e+01
   2.2567900e+05   3.9245605e+01
   2.2572100e+05   4.0100098e+01
   2.2574700e+05   4.4860840e+01
   2.2576400e+05   4.2053223e+01
   2.2589800e+05   3.9306641e+01
   2.2659300e+05   4.7424316e+01
   2.5229500e+05   4.5043945e+01
   2.5233700e+05   4.6508789e+01
   2.5236200e+05   4.5288086e+01
   2.5239100e+05   3.8879395e+01
   2.5241700e+05   5.6457520e+01
   2.5249900e+05   5.0292969e+01
   2.5251000e+05   3.9550781e+01
   2.5256900e+05   3.8879395e+01
   2.5266700e+05   4.0771484e+01
   2.5302800e+05   3.9001465e+01
   2.8121900e+05   4.0466309e+01
   2.8123200e+05   6.0791016e+01
   2.8125000e+05   5.0964355e+01
   2.8128100e+05   4.8645020e+01
   2.8132300e+05   4.7668457e+01
   2.8137300e+05   4.5593262e+01
   2.8141000e+05   3.9428711e+01
   2.8156500e+05   4.6020508e+01
   2.8267300e+05   4.2968750e+01
   2.9869900e+05   7.1228027e+01
   2.9873900e+05   4.6081543e+01
   2.9877000e+05   4.1809082e+01
   2.9879200e+05   6.0729980e+01
   2.9889800e+05   4.3762207e+01
   2.9892300e+05   4.2541504e+01
   2.9906700e+05   4.4860840e+01
   3.2207000e+05   6.7932129e+01
   3.2208100e+05   6.6833496e+01
   3.2209900e+05   4.5166016e+01
   3.2213500e+05   5.9020996e+01
   3.2216300e+05   4.3640137e+01
   3.2217300e+05   4.8767090e+01
   3.2225400e+05   4.7973633e+01
   3.2234400e+05   4.0405273e+01
   3.2356200e+05   4.2602539e+01
   3.4950900e+05   4.0527344e+01
   3.4952400e+05   4.6936035e+01
   3.4954900e+05   5.4382324e+01
   3.4957400e+05   4.2297363e+01
   3.4962900e+05   4.7790527e+01
   3.4965000e+05   4.1625977e+01
   3.4967000e+05   4.1748047e+01
   3.4989200e+05   4.9499512e+01
   3.7892200e+05   6.1950684e+01
   3.7893800e+05   4.7729492e+01
   3.7898800e+05   5.2490234e+01
   3.7901000e+05   4.1809082e+01
   3.7906900e+05   4.0893555e+01
   3.7908600e+05   4.3884277e+01
   3.7913900e+05   3.8940430e+01
   3.7917400e+05   3.9123535e+01
   3.7922800e+05   3.9306641e+01
   3.7927100e+05   5.3100586e+01
   3.7936900e+05   4.2358398e+01
   3.7986400e+05   4.0100098e+01
   3.8004600e+05   4.1748047e+01
   3.8063100e+05   4.1442871e+01
   3.8175900e+05   4.1748047e+01
   4.2029800e+05   5.4016113e+01
   4.2033200e+05   4.4006348e+01
   4.2035900e+05   6.3415527e+01
   4.2039800e+05   4.1015625e+01
   4.2048100e+05   4.1198730e+01
   4.2049700e+05   5.0842285e+01
   4.2056900e+05   4.1748047e+01
   4.2059500e+05   4.8461914e+01
   4.2062800e+05   4.7851563e+01
   4.2067300e+05   4.5593262e+01
   4.2121100e+05   4.5043945e+01
   4.2236500e+05   4.8400879e+01
   4.2370400e+05   4.4616699e+01
   4.6272800e+05   4.6630859e+01
   4.6276300e+05   4.4555664e+01
   4.6279000e+05   6.5979004e+01
   4.6286800e+05   3.9489746e+01
   4.6289900e+05   3.9916992e+01
   4.6297500e+05   4.1748047e+01
   4.6299500e+05   4.5471191e+01
   4.6304000e+05   3.9489746e+01
   4.6307700e+05   4.2663574e+01
   4.6329000e+05   5.3344727e+01
   4.6340900e+05   4.2175293e+01
   4.6361300e+05   3.9611816e+01
   4.6407300e+05   3.9916992e+01
   4.8486800e+05   4.7058105e+01
   4.8487800e+05   7.0739746e+01
   4.8504100e+05   5.1147461e+01
   4.8515500e+05   4.4433594e+01
   4.8520300e+05   3.9916992e+01
   4.8536200e+05   3.9916992e+01
   4.8538300e+05   5.1574707e+01
   4.8601500e+05   4.5715332e+01
   5.2112400e+05   4.0527344e+01
   5.2115200e+05   6.5429688e+01
   5.2117900e+05   4.4128418e+01
   5.2119100e+05   7.1777344e+01
   5.2123600e+05   4.2785645e+01
   5.2131000e+05   4.6752930e+01
   5.2135000e+05   3.9916992e+01
   5.2141900e+05   4.4006348e+01
   5.2146100e+05   4.5349121e+01
   5.2159000e+05   3.8879395e+01
   5.2170100e+05   3.9550781e+01
   5.2177600e+05   3.9489746e+01
   5.2179300e+05   4.4555664e+01
   5.2241100e+05   3.9184570e+01
   5.2304600e+05   3.9062500e+01
   5.2464200e+05   4.5593262e+01
   5.7135500e+05   5.7861328e+01
   5.7138400e+05   3.9916992e+01
   5.7140800e+05   4.9926758e+01
   5.7148600e+05   4.1198730e+01
   5.7154800e+05   4.3945313e+01
   5.7175300e+05   4.7729492e+01
   5.7177100e+05   3.9428711e+01
   5.7287900e+05   3.9916992e+01
   5.7741800e+05   3.9489746e+01
   6.2426500e+05   4.4799805e+01
   6.2428200e+05   6.2866211e+01
   6.2431000e+05   5.7006836e+01
   6.2433200e+05   4.1870117e+01
   6.2434500e+05   5.3466797e+01
   6.2439100e+05   4.2968750e+01
   6.2440100e+05   4.2724609e+01
   6.2445700e+05   4.0954590e+01
   6.2451700e+05   4.1259766e+01
   6.2454200e+05   4.1809082e+01
   6.2460600e+05   4.0100098e+01
   6.2479800e+05   4.1625977e+01
   6.2690000e+05   5.8044434e+01
   6.2736900e+05   4.3640137e+01
   6.8280400e+05   4.2297363e+01
   6.8283700e+05   4.9438477e+01
   6.8286100e+05   4.6325684e+01
   6.8288900e+05   4.0161133e+01
   6.8292000e+05   4.0710449e+01
   6.8295300e+05   4.8217773e+01
   6.8303800e+05   4.6203613e+01
   6.8329300e+05   4.0283203e+01
   6.8334300e+05   4.0893555e+01
   6.8336400e+05   4.0161133e+01
   6.8350600e+05   4.1442871e+01
   6.8385500e+05   4.8522949e+01
   6.8535100e+05   4.7241211e+01
   6.8847800e+05   4.3762207e+01
   6.8857300e+05   4.1015625e+01
   7.3995900e+05   4.7729492e+01
   7.3998800e+05   8.1909180e+01
   7.4003600e+05   4.7912598e+01
   7.4012600e+05   4.8461914e+01
   7.4030400e+05   4.0283203e+01
   7.4091900e+05   4.9499512e+01
   7.4105500e+05   4.5593262e+01
   7.4121200e+05   3.8940430e+01
   7.4140500e+05   4.2053223e+01
   7.4198700e+05   4.3823242e+01
   7.4242300e+05   4.5288086e+01
   7.4491000e+05   5.1452637e+01
   7.8430100e+05   4.3762207e+01
   7.8433700e+05   5.5114746e+01
   7.8437800e+05   5.0659180e+01
   7.8445500e+05   4.3090820e+01
   7.8463100e+05   4.4067383e+01
   7.8465300e+05   4.2907715e+01
   7.8495400e+05   3.8879395e+01
   8.3836000e+05   5.3222656e+01
   8.3838700e+05   5.2856445e+01
   8.3840600e+05   4.4067383e+01
   8.3842000e+05   4.7973633e+01
   8.3848600e+05   4.5898438e+01
   8.3850600e+05   4.2114258e+01
   8.3855700e+05   4.0588379e+01
   8.3859900e+05   4.6264648e+01
   8.3867200e+05   4.2419434e+01
   8.3877100e+05   4.4067383e+01
   8.3887300e+05   4.4067383e+01
   8.4059300e+05   4.0039063e+01
   8.9229100e+05   4.0771484e+01
   8.9231300e+05   4.3212891e+01
   8.9235800e+05   6.2011719e+01
   8.9242300e+05   3.8879395e+01
   8.9245100e+05   4.1809082e+01
   8.9246500e+05   4.7363281e+01
   8.9253400e+05   4.4372559e+01
   8.9256000e+05   3.9367676e+01
   8.9262300e+05   4.2114258e+01
   8.9277300e+05   4.0710449e+01
   8.9291200e+05   4.9438477e+01
   8.9321200e+05   4.0161133e+01
   8.9342200e+05   4.0283203e+01
   8.9366800e+05   4.1442871e+01
   9.4013300e+05   3.9123535e+01
   9.4016700e+05   4.3762207e+01
   9.4025200e+05   5.0231934e+01
   9.4038000e+05   3.9550781e+01
   9.4042500e+05   5.0842285e+01
   9.4047800e+05   4.3884277e+01
   9.4051100e+05   4.2907715e+01
   9.4055700e+05   4.9743652e+01
   9.4059900e+05   5.6701660e+01
   9.4068600e+05   4.1137695e+01
   9.4073700e+05   4.0954590e+01
   9.4086400e+05   4.7119141e+01
   9.4090400e+05   3.9306641e+01
   9.4144400e+05   3.9794922e+01
   9.4170000e+05   4.0222168e+01
   9.8894400e+05   5.4138184e+01
   9.8896800e+05   6.1218262e+01
   9.8899800e+05   4.4921875e+01
   9.8905200e+05   4.6691895e+01
   9.8907900e+05   4.1259766e+01
   9.8930900e+05   5.4931641e+01
   9.8940900e+05   4.0893555e+01
   9.8955100e+05   4.1809082e+01
   9.8961200e+05   3.9978027e+01
   9.8969100e+05   4.9377441e+01
   1.0468570e+06   3.8879395e+01
   1.0469560e+06   4.0588379e+01
   1.0471830e+06   4.2785645e+01
   1.0472560e+06   4.1992188e+01
   1.0472850e+06   4.4494629e+01
   1.0474850e+06   3.9855957e+01
   1.0477640e+06   4.3640137e+01
   1.0478940e+06   4.6325684e+01
   1.0825240e+06   3.9184570e+01
   1.0907010e+06   4.3029785e+01
   1.0907140e+06   4.5349121e+01
   1.0907870e+06   7.0495605e+01
   1.0909150e+06   4.4433594e+01
   1.0910700e+06   4.8034668e+01
   1.0911860e+06   3.9489746e+01
   1.0912310e+06   5.0903320e+01
   1.0912480e+06   4.1748047e+01
   1.0912910e+06   3.9916992e+01
   1.0913280e+06   5.0659180e+01
   1.0915850e+06   4.6997070e+01
   1.0919220e+06   4.4250488e+01
   1.1453980e+06   4.0344238e+01
   1.1462890e+06   5.8654785e+01
   1.1464880e+06   4.3823242e+01
   1.1465120e+06   3.9672852e+01
   1.1466160e+06   3.8940430e+01
   1.1468810e+06   4.3090820e+01
   1.2059900e+06   4.6936035e+01
   1.2069190e+06   3.9245605e+01
   1.2069780e+06   4.0527344e+01
   1.2294500e+06   3.9611816e+01
   1.2307430e+06   4.5593262e+01
   1.2584700e+06   4.4982910e+01
   1.2585380e+06   4.3640137e+01
   1.2801970e+06   4.6386719e+01
   1.2802610e+06   4.8339844e+01
   1.2802950e+06   4.9194336e+01
   1.3060710e+06   3.9245605e+01
   1.3521130e+06   4.0344238e+01
   1.3521250e+06   4.2846680e+01
   1.3521660e+06   4.7302246e+01
   1.3521920e+06   4.8522949e+01
   1.3522200e+06   5.6945801e+01
   1.3522360e+06   4.3273926e+01
   1.3522610e+06   4.5776367e+01
   1.3523480e+06   4.3334961e+01
   1.3524130e+06   6.0180664e+01
   1.3525420e+06   4.6691895e+01
   1.3525730e+06   4.4006348e+01
   1.3526060e+06   4.8889160e+01
   1.3526600e+06   4.0710449e+01
   1.4032010e+06   4.3579102e+01
   1.4045180e+06   4.2297363e+01
   1.4048950e+06   3.9978027e+01
   1.4049860e+06   6.1950684e+01
   1.4050850e+06   4.6264648e+01
   1.4051550e+06   4.6569824e+01
   1.4051810e+06   5.4504395e+01
   1.4053430e+06   5.0354004e+01
   1.4055420e+06   5.0781250e+01
   1.4058810e+06   4.8217773e+01
   1.4976120e+06   4.8706055e+01
   1.4976420e+06   4.0832520e+01
   1.4976920e+06   4.8950195e+01
   1.4979680e+06   4.4921875e+01
   1.4980710e+06   6.0729980e+01
   1.4981070e+06   3.8940430e+01
   1.4981570e+06   3.9672852e+01
   1.4983250e+06   4.2480469e+01
   1.5569140e+06   6.0852051e+01
   1.5571710e+06   5.3771973e+01
   1.5572510e+06   4.4494629e+01
   1.5573050e+06   4.1198730e+01
   1.6061160e+06   6.2988281e+01
   1.6067500e+06   6.7504883e+01
   1.6068500e+06   4.6691895e+01
   1.6070500e+06   4.1442871e+01
   1.6613260e+06   4.3457031e+01
   1.6617160e+06   4.9865723e+01
   1.7245870e+06   4.9194336e+01
   1.7246990e+06   4.5471191e+01
   1.7248200e+06   3.9855957e+01
   1.7259070e+06   3.9367676e+01
   1.7262160e+06   3.9245605e+01
   1.7769830e+06   5.2185059e+01
   1.7772550e+06   6.0424805e+01
   1.7774280e+06   5.9020996e+01
   1.7775420e+06   4.0832520e+01
   1.8384900e+06   3.9001465e+01
   1.8404370e+06   4.0527344e+01
   1.8405370e+06   4.4006348e+01
   1.8405590e+06   5.0842285e+01
   1.8407930e+06   3.9001465e+01
   1.8421790e+06   4.1687012e+01
   1.8903730e+06   5.9875488e+01
   1.8908460e+06   5.6640625e+01
   1.8910060e+06   6.1157227e+01
   1.8911630e+06   4.1381836e+01
   1.9394220e+06   3.9245605e+01
   1.9396170e+06   5.2856445e+01
   1.9397830e+06   4.4555664e+01
   1.9399370e+06   4.0771484e+01
   1.9400490e+06   3.9855957e+01
   1.9407680e+06   4.4128418e+01
   1.9852850e+06   6.2133789e+01
   1.9854110e+06   4.7302246e+01
   1.9855240e+06   4.4494629e+01
   1.9857740e+06   4.5166016e+01
   2.0342040e+06   5.1879883e+01
   2.0343340e+06   7.1960449e+01
   2.0345710e+06   4.9133301e+01
   2.0346670e+06   4.3273926e+01
   2.0347750e+06   4.0893555e+01
   2.0813970e+06   5.4809570e+01
   2.0814920e+06   4.1076660e+01
   2.0815490e+06   4.7424316e+01
   2.0816270e+06   4.6264648e+01
   2.0816820e+06   4.3457031e+01
   2.0818260e+06   5.1025391e+01
   2.0818460e+06   4.0161133e+01
   2.0819820e+06   4.1809082e+01
   2.1304260e+06   4.3823242e+01
   2.1306000e+06   4.9255371e+01
   2.1307640e+06   4.8828125e+01
   2.1309420e+06   4.6936035e+01
   2.1688940e+06   6.2500000e+01
   2.1690470e+06   4.6813965e+01
   2.1691870e+06   3.9123535e+01
   2.1692170e+06   4.0893555e+01
   2.1695960e+06   4.4860840e+01
   2.1698010e+06   3.8879395e+01
   2.2072120e+06   4.3334961e+01
   2.2073990e+06   4.4738770e+01
   2.2074900e+06   4.2907715e+01
   2.2076190e+06   4.0405273e+01
   2.2078300e+06   4.5288086e+01
   2.2079960e+06   4.3518066e+01
   2.2082180e+06   4.4311523e+01
   2.2556900e+06   5.8898926e+01
   2.2558740e+06   4.8034668e+01
   2.2559480e+06   3.9367676e+01
   2.2561900e+06   4.2724609e+01
   2.2563590e+06   3.9916992e+01
   2.3068280e+06   6.2438965e+01
   2.3068920e+06   4.0283203e+01
   2.3069470e+06   4.1137695e+01
   2.3069720e+06   4.3640137e+01
   2.3071700e+06   3.8879395e+01
   2.3074820e+06   4.4555664e+01
   2.3076910e+06   3.9428711e+01
   2.3521100e+06   7.2631836e+01
   2.3521230e+06   6.6040039e+01
   2.3521420e+06   4.5593262e+01
   2.3521720e+06   4.9560547e+01
   2.3522150e+06   3.9550781e+01
   2.3522580e+06   4.2053223e+01
   2.3523640e+06   5.1513672e+01
   2.3524180e+06   4.3212891e+01
   2.3525900e+06   3.9306641e+01
   2.3526780e+06   4.1503906e+01
   2.3528150e+06   4.1503906e+01
   2.3528960e+06   4.3090820e+01
   2.3534160e+06   4.5471191e+01
   2.4102090e+06   4.0100098e+01
   2.4103030e+06   6.0607910e+01
   2.4103950e+06   4.2053223e+01
   2.4104960e+06   4.4433594e+01
   2.4105970e+06   4.6997070e+01
   2.4107230e+06   4.5043945e+01
   2.4111380e+06   4.8217773e+01
   2.4112970e+06   4.5349121e+01
   2.4115600e+06   5.3222656e+01
   2.4603230e+06   4.7424316e+01
   2.4604070e+06   3.9062500e+01
   2.4604550e+06   4.1687012e+01
   2.4606090e+06   4.0222168e+01
   2.4606320e+06   4.7607422e+01
   2.4606860e+06   4.3334961e+01
   2.4607640e+06   5.8166504e+01
   2.4608560e+06   4.6630859e+01
   2.4609510e+06   6.2805176e+01
   2.4610350e+06   4.3701172e+01
   2.5095690e+06   4.7363281e+01
   2.5095980e+06   4.9987793e+01
   2.5096110e+06   6.5795898e+01
   2.5096880e+06   4.4921875e+01
   2.5098860e+06   4.7241211e+01
   2.5101270e+06   4.1748047e+01
   2.5313920e+06   4.0710449e+01
   2.5315570e+06   4.9255371e+01
   2.5315710e+06   4.4677734e+01
   2.5317300e+06   4.3090820e+01
   2.5318820e+06   5.0598145e+01
   2.5319120e+06   4.1748047e+01
   2.5320210e+06   4.2053223e+01
   2.5322210e+06   4.4555664e+01
   2.5323920e+06   4.5654297e+01
   2.5757350e+06   4.0405273e+01
   2.5757690e+06   5.4748535e+01
   2.5758700e+06   5.8959961e+01
   2.5759330e+06   4.2358398e+01
   2.5760210e+06   4.1198730e+01
   2.5761110e+06   5.9448242e+01
   2.5770330e+06   4.1381836e+01
   2.6203270e+06   3.9428711e+01
   2.6203610e+06   7.5561523e+01
   2.6203930e+06   4.2175293e+01
   2.6204110e+06   4.1687012e+01
   2.6204800e+06   4.4555664e+01
   2.6205180e+06   3.9916992e+01
   2.6206560e+06   4.0649414e+01
   2.6209650e+06   3.9001465e+01
   2.6215340e+06   4.7485352e+01
   2.6224750e+06   4.5898438e+01
   2.6232620e+06   3.9367676e+01
   2.6445070e+06   5.6457520e+01
   2.6445300e+06   4.2785645e+01
   2.6445980e+06   4.7851563e+01
   2.6446330e+06   4.6936035e+01
   2.6446880e+06   4.1992188e+01
   2.6447070e+06   5.8044434e+01
   2.6447310e+06   4.5532227e+01
   2.6447440e+06   3.9489746e+01
   2.6448100e+06   4.5654297e+01
   2.6869100e+06   5.0415039e+01
   2.6869200e+06   4.6936035e+01
   2.6869560e+06   4.2053223e+01
   2.6869720e+06   5.1940918e+01
   2.6870800e+06   4.3884277e+01
   2.6871150e+06   4.2480469e+01
   2.6871480e+06   4.5593262e+01
   2.6873530e+06   4.4067383e+01
   2.6873830e+06   3.9978027e+01
   2.6886510e+06   4.5104980e+01
   2.6893730e+06   4.1259766e+01
   2.7357240e+06   5.3039551e+01
   2.7357380e+06   4.3640137e+01
   2.7357680e+06   6.1828613e+01
   2.7358090e+06   6.0485840e+01
   2.7358370e+06   4.4921875e+01
   2.7358480e+06   4.1320801e+01
   2.7358880e+06   5.1330566e+01
   2.7360320e+06   3.9062500e+01
   2.7364480e+06   3.9123535e+01
   2.7365630e+06   4.2663574e+01
   2.7383140e+06   3.9794922e+01
   2.7771980e+06   5.6518555e+01
   2.7772230e+06   3.9733887e+01
   2.7772600e+06   4.6203613e+01
   2.7772920e+06   5.2246094e+01
   2.7773560e+06   4.1076660e+01
   2.7773950e+06   4.2053223e+01
   2.7774290e+06   4.6813965e+01
   2.7775160e+06   4.0649414e+01
   2.7776830e+06   4.2663574e+01
   2.7778180e+06   5.0415039e+01
   2.7796700e+06   4.0344238e+01
   2.7798730e+06   4.1748047e+01
   2.7800250e+06   4.0588379e+01
   2.7814510e+06   4.2663574e+01
   2.8400240e+06   4.7119141e+01
   2.8400460e+06   4.0588379e+01
   2.8400580e+06   5.8654785e+01
   2.8400810e+06   5.2856445e+01
   2.8401100e+06   4.6875000e+01
   2.8401370e+06   4.1320801e+01
   2.8401560e+06   4.9255371e+01
   2.8402420e+06   5.2368164e+01
   2.8403370e+06   4.4372559e+01
   2.8404330e+06   4.0832520e+01
   2.8421880e+06   3.9062500e+01
   2.8437850e+06   4.2663574e+01
   2.8451090e+06   3.9428711e+01
   2.9076620e+06   4.5104980e+01
   2.9076740e+06   4.2785645e+01
   2.9076880e+06   4.1687012e+01
   2.9077060e+06   4.0771484e+01
   2.9077460e+06   4.3212891e+01
   2.9077660e+06   4.2053223e+01
   2.9078520e+06   4.3518066e+01
   2.9079360e+06   4.1564941e+01
   2.9079700e+06   4.1564941e+01
   2.9081240e+06   4.3762207e+01
   2.9084500e+06   4.0649414e+01
   2.9084820e+06   3.9123535e+01
   2.9086020e+06   3.9367676e+01
   2.9086320e+06   3.9550781e+01
   2.9099680e+06   5.3100586e+01
   2.9108360e+06   4.7485352e+01
   2.9114690e+06   4.9377441e+01
   2.9755640e+06   5.4870605e+01
   2.9755800e+06   4.4799805e+01
   2.9756200e+06   4.3273926e+01
   2.9756820e+06   3.8879395e+01
   2.9757090e+06   4.0100098e+01
   2.9758240e+06   4.4128418e+01
   2.9758660e+06   4.9438477e+01
   2.9759440e+06   3.9428711e+01
   2.9760250e+06   4.1503906e+01
   2.9760500e+06   4.0100098e+01
   2.9763930e+06   4.4677734e+01
   2.9768000e+06   4.1442871e+01
   2.9776020e+06   4.2358398e+01
   2.9779690e+06   4.4494629e+01
   3.0349960e+06   6.0974121e+01
   3.0350180e+06   4.9926758e+01
   3.0350440e+06   4.9743652e+01
   3.0350570e+06   3.9184570e+01
   3.0350720e+06   4.0832520e+01
   3.0351890e+06   4.1870117e+01
   3.0353680e+06   4.0771484e+01
   3.0354160e+06   4.3884277e+01
   3.0355510e+06   4.3762207e+01
   3.0355640e+06   4.6875000e+01
   3.0358440e+06   3.9672852e+01
   3.0361710e+06   4.2114258e+01
   3.0854230e+06   4.5959473e+01
   3.0854630e+06   4.9499512e+01
   3.0854800e+06   4.4250488e+01
   3.0855030e+06   4.2358398e+01
   3.0855590e+06   4.4616699e+01
   3.0857130e+06   4.2053223e+01
   3.0858540e+06   4.3151855e+01
   3.0864040e+06   4.1442871e+01
   3.0867940e+06   4.7180176e+01
   3.1347470e+06   4.0893555e+01
   3.1347670e+06   5.5297852e+01
   3.1347770e+06   4.1687012e+01
   3.1348000e+06   8.0749512e+01
   3.1348410e+06   4.8583984e+01
   3.1348510e+06   4.6203613e+01
   3.1349380e+06   4.6325684e+01
   3.1352390e+06   4.0649414e+01
   3.1353310e+06   5.0903320e+01
   3.1356820e+06   4.0283203e+01
   3.1360570e+06   4.1687012e+01
   3.1364020e+06   3.9306641e+01
   3.1815570e+06   4.6508789e+01
   3.1815980e+06   4.3457031e+01
   3.1816300e+06   4.4128418e+01
   3.1816550e+06   5.6152344e+01
   3.1816830e+06   6.5063477e+01
   3.1816950e+06   3.9611816e+01
   3.1817800e+06   5.2673340e+01
   3.1818360e+06   4.5776367e+01
   3.1820060e+06   4.6508789e+01
   3.1820490e+06   4.6020508e+01
   3.1821120e+06   4.4738770e+01
   3.2307190e+06   4.3823242e+01
   3.2307470e+06   4.0222168e+01
   3.2307750e+06   7.1899414e+01
   3.2307900e+06   5.6030273e+01
   3.2308250e+06   4.0527344e+01
   3.2308350e+06   6.2561035e+01
   3.2308980e+06   4.7241211e+01
   3.2312000e+06   3.8879395e+01
   3.2312120e+06   4.1137695e+01
   3.2312500e+06   4.2358398e+01
   3.2312700e+06   4.1809082e+01
   3.2312800e+06   6.5429688e+01
   3.2318170e+06   4.1687012e+01
   3.2320540e+06   4.6142578e+01
   3.2796120e+06   4.2236328e+01
   3.2796350e+06   5.7739258e+01
   3.2796570e+06   5.4870605e+01
   3.2796850e+06   4.1748047e+01
   3.2797130e+06   5.2124023e+01
   3.2797230e+06   4.3334961e+01
   3.2797900e+06   4.8278809e+01
   3.2798160e+06   4.0771484e+01
   3.2798940e+06   4.0710449e+01
   3.2799380e+06   4.1870117e+01
   3.2801040e+06   4.8095703e+01
   3.2801330e+06   4.3212891e+01
   3.2801540e+06   4.3457031e+01
   3.2808930e+06   4.4006348e+01
   3.3265260e+06   4.7546387e+01
   3.3265850e+06   4.7912598e+01
   3.3266100e+06   3.9794922e+01
   3.3269730e+06   5.2185059e+01
   3.3269990e+06   3.8879395e+01
   3.3270730e+06   4.4006348e+01
   3.3272550e+06   4.1503906e+01
   3.3273140e+06   4.9438477e+01
   3.3273370e+06   5.1757812e+01
   3.3273800e+06   4.3029785e+01
   3.3279740e+06   4.4494629e+01
   3.3757280e+06   4.1015625e+01
   3.3757880e+06   3.9184570e+01
   3.3772620e+06   4.1198730e+01
   3.3775980e+06   4.5959473e+01
   3.3779140e+06   4.3884277e+01
   3.4198390e+06   4.4982910e+01
   3.4206870e+06   6.0424805e+01
   3.4207010e+06   4.9133301e+01
   3.4207230e+06   4.0161133e+01
   3.4208070e+06   5.2673340e+01
   3.4209420e+06   3.9184570e+01
   3.4211280e+06   4.1931152e+01
   3.4211470e+06   4.1015625e+01
   3.4211860e+06   3.9184570e+01
   3.4212430e+06   4.3151855e+01
   3.4214050e+06   3.9855957e+01
   3.4216450e+06   4.3579102e+01
   3.4694110e+06   3.9184570e+01
   3.4694540e+06   4.7912598e+01
   3.4694850e+06   4.2236328e+01
   3.4818900e+06   4.3029785e+01
   3.4820310e+06   3.9306641e+01
   3.4826490e+06   4.7668457e+01
   3.4827010e+06   4.7485352e+01
   3.4827280e+06   3.8879395e+01
   3.4827770e+06   5.2307129e+01
   3.4832320e+06   6.0119629e+01
   3.4834790e+06   4.2968750e+01
   3.5425050e+06   4.2297363e+01
   3.5429520e+06   5.4504395e+01
   3.5429870e+06   4.1564941e+01
   3.5430150e+06   5.2612305e+01
   3.5431420e+06   5.0354004e+01
   3.5435970e+06   5.5908203e+01
   3.5438710e+06   4.7180176e+01
   3.5440030e+06   4.8767090e+01
   3.5440300e+06   4.1503906e+01
   3.5441790e+06   5.4321289e+01
   3.5442770e+06   5.4931641e+01
   3.5442900e+06   5.0170898e+01
   3.5443070e+06   3.9550781e+01
   3.5995550e+06   3.8879395e+01
   3.5995890e+06   4.3273926e+01
   3.5996290e+06   4.7424316e+01
   3.6003400e+06   4.4921875e+01
   3.6007340e+06   4.1931152e+01
   3.6007770e+06   5.4138184e+01
   3.6009970e+06   4.8767090e+01
   3.6597600e+06   3.9916992e+01
   3.6597930e+06   4.2053223e+01
   3.6598180e+06   3.8879395e+01
   3.6598970e+06   4.2602539e+01
   3.6606950e+06   4.9255371e+01
   3.6607260e+06   4.5104980e+01
   3.6607400e+06   4.5227051e+01
   3.6607890e+06   4.1259766e+01
   3.6610130e+06   5.1940918e+01
   3.6612200e+06   4.4738770e+01
   3.7163030e+06   4.5349121e+01
   3.7163340e+06   4.3884277e+01
   3.7163540e+06   5.7922363e+01
   3.7163760e+06   5.0170898e+01
   3.7164430e+06   4.4799805e+01
   3.7164850e+06   4.9011230e+01
   3.7167040e+06   4.6142578e+01
   3.7167900e+06   3.9855957e+01
   3.7168550e+06   4.5654297e+01
   3.7168680e+06   4.4860840e+01
   3.7169460e+06   4.2907715e+01
   3.7171640e+06   4.7180176e+01
   3.7175710e+06   3.9550781e+01
   3.7836700e+06   4.4250488e+01
   3.7837050e+06   4.0954590e+01
   3.7837610e+06   4.0100098e+01
   3.7843880e+06   4.6447754e+01
   3.7844540e+06   4.0649414e+01
   3.7845740e+06   5.1025391e+01
   3.7846130e+06   5.0231934e+01
   3.7846800e+06   4.7424316e+01
   3.7855220e+06   4.3151855e+01
   3.8393280e+06   5.0964355e+01
   3.8396330e+06   5.2856445e+01
   3.8398170e+06   4.9804688e+01
   3.8403500e+06   4.4921875e+01
   3.8405300e+06   4.0039063e+01
   3.8921780e+06   5.4992676e+01
   3.8922020e+06   4.8767090e+01
   3.8922170e+06   4.2297363e+01
   3.8922440e+06   5.5419922e+01
   3.8922630e+06   4.6203613e+01
   3.8924620e+06   4.2724609e+01
   3.8924990e+06   4.6875000e+01
   3.8925900e+06   4.9560547e+01
   3.8926150e+06   3.9306641e+01
   3.8926390e+06   3.9489746e+01
   3.8926960e+06   3.9184570e+01
   3.8927070e+06   4.8767090e+01
   3.9424570e+06   4.1076660e+01
   3.9443200e+06   5.8959961e+01
   3.9444310e+06   4.5593262e+01
   3.9444530e+06   4.0283203e+01
   3.9446010e+06   3.8879395e+01
   3.9902460e+06   4.4189453e+01
   3.9903110e+06   4.0405273e+01
   3.9903690e+06   5.6091309e+01
   3.9905740e+06   4.4433594e+01
   3.9907500e+06   4.3945313e+01
   3.9911580e+06   4.5043945e+01
   4.0362850e+06   5.5297852e+01
   4.0369090e+06   6.6955566e+01
   4.0370110e+06   3.9672852e+01
   4.0371450e+06   3.9733887e+01
   4.0849200e+06   6.4392090e+01
   4.0850410e+06   4.9926758e+01
   4.0851670e+06   4.3334961e+01
   4.0853060e+06   4.2053223e+01
   4.0853830e+06   4.4433594e+01
   4.0857290e+06   4.7363281e+01
   4.1462110e+06   5.4443359e+01
   4.1463160e+06   4.0405273e+01
   4.1464260e+06   4.8828125e+01
   4.1465510e+06   3.9367676e+01
   4.1467060e+06   3.9978027e+01
   4.1472120e+06   4.6508789e+01
   4.1855520e+06   5.0598145e+01
   4.1856910e+06   6.2622070e+01
   4.1858100e+06   4.6508789e+01
   4.1859220e+06   4.1442871e+01
   4.1861360e+06   4.0283203e+01
   4.1863700e+06   4.4250488e+01
   4.2265360e+06   5.8837891e+01
   4.2266830e+06   5.7434082e+01
   4.2268450e+06   4.9987793e+01
   4.2269710e+06   4.4372559e+01
   4.2272080e+06   3.9001465e+01
   4.2273750e+06   4.0100098e+01
   4.2276750e+06   4.6325684e+01
   4.2696970e+06   4.1381836e+01
   4.2697690e+06   4.3334961e+01
   4.2698020e+06   4.4677734e+01
   4.2698240e+06   4.3579102e+01
   4.2698460e+06   3.9001465e+01
   4.2699100e+06   5.0842285e+01
   4.2699410e+06   3.9916992e+01
   4.2701420e+06   4.5532227e+01
   4.2703020e+06   5.0231934e+01
   4.2704560e+06   5.3466797e+01
   4.2707440e+06   4.3457031e+01
   4.3250920e+06   5.1696777e+01
   4.3253930e+06   6.0058594e+01
   4.3255260e+06   5.1269531e+01
   4.3256730e+06   4.1748047e+01
   4.3258100e+06   4.1320801e+01
   4.3261120e+06   4.3823242e+01
   4.3265400e+06   3.9855957e+01
   4.3638270e+06   5.2062988e+01
   4.3639760e+06   4.1259766e+01
   4.3640910e+06   5.4138184e+01
   4.3642380e+06   4.1564941e+01
   4.3644480e+06   4.4738770e+01
   4.3647330e+06   3.9794922e+01
   4.3655440e+06   4.9682617e+01
   4.3972660e+06   4.6203613e+01
   4.3973280e+06   4.4921875e+01
   4.3974410e+06   4.9682617e+01
   4.3974790e+06   3.9001465e+01
   4.3975030e+06   4.7485352e+01
   4.3977390e+06   4.6569824e+01
   4.3978890e+06   3.9611816e+01
   4.3984140e+06   4.1076660e+01
   4.4451310e+06   4.2419434e+01
   4.4451610e+06   4.2114258e+01
   4.4451750e+06   4.1381836e+01
   4.4459120e+06   4.0527344e+01
   4.4459440e+06   5.7739258e+01
   4.4461860e+06   4.3884277e+01
   4.4464120e+06   4.5104980e+01
   4.4464340e+06   6.0607910e+01
   4.4464470e+06   4.5104980e+01
   4.4464660e+06   4.3518066e+01
   4.4464810e+06   4.5837402e+01
   4.4465130e+06   3.9123535e+01
   4.4465240e+06   4.6875000e+01
   4.4466100e+06   4.1809082e+01
   4.4866670e+06   4.2236328e+01
   4.4867130e+06   3.9245605e+01
   4.4870690e+06   6.1767578e+01
   4.4872230e+06   5.2429199e+01
   4.4873580e+06   4.0100098e+01
   4.4873770e+06   4.8217773e+01
   4.4874060e+06   3.8940430e+01
   4.4874410e+06   3.9367676e+01
   4.5274240e+06   4.1564941e+01
   4.5276050e+06   5.0231934e+01
   4.5277190e+06   5.6518555e+01
   4.5277340e+06   5.0598145e+01
   4.5278440e+06   4.0222168e+01
   4.5279760e+06   4.0161133e+01
   4.5631520e+06   4.4250488e+01
   4.5632140e+06   4.7912598e+01
   4.5632370e+06   3.9184570e+01
   4.5634200e+06   4.5410156e+01
   4.5636080e+06   3.9794922e+01
   4.5637300e+06   5.4077148e+01
   4.5637440e+06   4.6386719e+01
   4.5639290e+06   4.1015625e+01
   4.5640740e+06   3.9062500e+01
   4.6009420e+06   4.4067383e+01
   4.6011110e+06   4.3884277e+01
   4.6012300e+06   4.1198730e+01
   4.6013720e+06   4.0649414e+01
   4.6014780e+06   3.9489746e+01
   4.6016210e+06   4.3029785e+01
   4.6017150e+06   3.9916992e+01
   4.6017460e+06   4.0710449e+01
   4.6421630e+06   5.5786133e+01
   4.6421840e+06   3.9550781e+01
   4.6422120e+06   5.2001953e+01
   4.6422840e+06   5.3833008e+01
   4.6422990e+06   3.9489746e+01
   4.6423810e+06   4.1870117e+01
   4.6426090e+06   4.3273926e+01
   4.6436500e+06   4.1992188e+01
   4.6810440e+06   4.2846680e+01
   4.6810890e+06   4.5104980e+01
   4.6811420e+06   5.1269531e+01
   4.6813070e+06   4.1015625e+01
   4.6813690e+06   4.0771484e+01
   4.6814340e+06   4.6569824e+01
   4.6814490e+06   4.3640137e+01
   4.6815270e+06   4.1748047e+01
   4.6826010e+06   3.9001465e+01
   4.6826260e+06   3.9550781e+01
   4.6826590e+06   4.9621582e+01
   4.6826810e+06   4.9133301e+01
   4.6827080e+06   4.0954590e+01
   4.6827370e+06   4.0954590e+01
   4.7243190e+06   5.1391602e+01
   4.7243940e+06   6.2072754e+01
   4.7244360e+06   4.1076660e+01
   4.7244550e+06   5.2368164e+01
   4.7245830e+06   4.0527344e+01
   4.7246910e+06   3.9062500e+01
   4.7247980e+06   4.7485352e+01
   4.7249140e+06   3.9978027e+01
   4.7624920e+06   5.5175781e+01
   4.7627370e+06   4.4738770e+01
   4.7628870e+06   4.3762207e+01
   4.7630030e+06   3.9916992e+01
   4.7630570e+06   3.9245605e+01
   4.7630710e+06   4.2541504e+01
   4.7638350e+06   5.3100586e+01
   4.7639840e+06   4.0710449e+01
   4.7642730e+06   4.5593262e+01
   4.8034430e+06   4.2541504e+01
   4.8036910e+06   4.9926758e+01
   4.8037300e+06   4.0954590e+01
   4.8038300e+06   3.9123535e+01
   4.8039630e+06   4.1625977e+01
   4.8041220e+06   4.2724609e+01
   4.8042390e+06   4.6447754e+01
   4.8044540e+06   4.1992188e+01
   4.8046630e+06   4.2358398e+01
   4.8050190e+06   4.1748047e+01
   4.8450460e+06   5.3833008e+01
   4.8450750e+06   4.1809082e+01
   4.8451170e+06   5.3466797e+01
   4.8451850e+06   4.1625977e+01
   4.8453050e+06   4.4738770e+01
   4.8456460e+06   4.0710449e+01
   4.8459680e+06   3.9489746e+01
   4.8795560e+06   4.1442871e+01
   4.8795760e+06   4.7851563e+01
   4.8795980e+06   5.6579590e+01
   4.8796150e+06   5.2978516e+01
   4.8796450e+06   3.9184570e+01
   4.8796730e+06   3.9123535e+01
   4.8797080e+06   4.0832520e+01
   4.8797220e+06   5.4870605e+01
   4.8797430e+06   7.1533203e+01
   4.8798980e+06   4.1381836e+01
   4.8799350e+06   4.0222168e+01
   4.8800290e+06   4.0100098e+01
   4.8800430e+06   4.4189453e+01
   4.8804750e+06   4.0771484e+01
   4.8892680e+06   4.5349121e+01
   4.8893130e+06   3.9611816e+01
   4.8893740e+06   4.5410156e+01
   4.8893900e+06   4.1992188e+01
   4.8894250e+06   5.1574707e+01
   4.8894950e+06   5.0109863e+01
   4.8898750e+06   4.7058105e+01
   4.9337870e+06   4.0710449e+01
   4.9338320e+06   4.5166016e+01
   4.9338740e+06   5.7983398e+01
   4.9339000e+06   4.0405273e+01
   4.9339100e+06   5.0598145e+01
   4.9339200e+06   4.8828125e+01
   4.9339550e+06   4.4433594e+01
   4.9339860e+06   4.5166016e+01
   4.9340110e+06   4.3884277e+01
   4.9340510e+06   4.0710449e+01
   4.9341090e+06   3.9062500e+01
   4.9341290e+06   4.0161133e+01
   4.9341590e+06   4.3334961e+01
   4.9344140e+06   3.9611816e+01
   4.9345510e+06   4.4555664e+01
   4.9345790e+06   4.0283203e+01
   4.9350300e+06   4.8706055e+01
   4.9542020e+06   5.4748535e+01
   4.9542320e+06   4.6569824e+01
   4.9542950e+06   4.5104980e+01
   4.9543450e+06   4.5288086e+01
   4.9547280e+06   3.9001465e+01
   4.9547740e+06   4.4799805e+01
   4.9549110e+06   4.3518066e+01
   4.9948620e+06   4.0222168e+01
   4.9948820e+06   4.0771484e+01
   4.9949940e+06   4.5288086e+01
   4.9950110e+06   4.1625977e+01
   4.9950520e+06   3.8940430e+01
   4.9951020e+06   5.5541992e+01
   4.9951140e+06   4.4189453e+01
   4.9952290e+06   6.9030762e+01
   4.9953600e+06   4.6264648e+01
   4.9954320e+06   4.3884277e+01
   4.9954930e+06   4.0710449e+01
   4.9955680e+06   4.3334961e+01
   4.9962040e+06   4.0527344e+01
   4.9963330e+06   3.9367676e+01
   4.9965960e+06   4.2541504e+01
   5.0392270e+06   4.2663574e+01
   5.0392500e+06   3.9978027e+01
   5.0393430e+06   4.0588379e+01
   5.0393670e+06   4.4067383e+01
   5.0394330e+06   5.4199219e+01
   5.0395260e+06   3.9916992e+01
   5.0397070e+06   4.2663574e+01
   5.0398120e+06   4.1625977e+01
   5.0398550e+06   4.0039063e+01
   5.0398670e+06   4.1809082e+01
   5.0804580e+06   6.0913086e+01
   5.0805380e+06   4.2724609e+01
   5.0805840e+06   4.0588379e+01
   5.0806420e+06   4.0222168e+01
   5.0806540e+06   4.1748047e+01
   5.0807110e+06   4.2053223e+01
   5.0807500e+06   4.0893555e+01
   5.0807980e+06   5.0659180e+01
   5.0808450e+06   4.4189453e+01
   5.0808830e+06   3.9245605e+01
   5.0808950e+06   4.4067383e+01
   5.0810470e+06   5.1696777e+01
   5.0811030e+06   4.5715332e+01
   5.0814670e+06   3.9672852e+01
   5.0827340e+06   4.0405273e+01
   5.0829330e+06   3.9672852e+01
   5.1183420e+06   6.5551758e+01
   5.1183610e+06   4.3090820e+01
   5.1183910e+06   3.9550781e+01
   5.1184070e+06   6.6650391e+01
   5.1184400e+06   4.2541504e+01
   5.1184740e+06   3.8879395e+01
   5.1185260e+06   4.0527344e+01
   5.1185460e+06   4.8950195e+01
   5.1187110e+06   4.8583984e+01
   5.1188010e+06   4.3945313e+01
   5.1188820e+06   3.9611816e+01
   5.1192250e+06   4.0039063e+01
   5.1196060e+06   4.8400879e+01
   5.1196520e+06   4.9255371e+01
   5.1584880e+06   4.9438477e+01
   5.1585340e+06   5.4687500e+01
   5.1585700e+06   4.1076660e+01
   5.1585870e+06   4.5715332e+01
   5.1586080e+06   5.7250977e+01
   5.1586290e+06   4.4433594e+01
   5.1586640e+06   4.4006348e+01
   5.1587120e+06   4.3457031e+01
   5.1587540e+06   4.7729492e+01
   5.1588380e+06   4.4494629e+01
   5.1589490e+06   4.1076660e+01
   5.1590710e+06   4.4311523e+01
   5.2245100e+06   3.9550781e+01
   5.2245520e+06   6.8664551e+01
   5.2245750e+06   5.6579590e+01
   5.2246080e+06   4.5715332e+01
   5.2246280e+06   4.6752930e+01
   5.2246520e+06   5.3771973e+01
   5.2247120e+06   4.1748047e+01
   5.2247280e+06   4.8400879e+01
   5.2247480e+06   4.8522949e+01
   5.2248710e+06   3.9978027e+01
   5.2248890e+06   3.9855957e+01
   5.2249000e+06   4.2114258e+01
   5.2251220e+06   4.0100098e+01
   5.2255260e+06   3.8879395e+01
   5.2276870e+06   5.0964355e+01
   5.2838070e+06   4.8034668e+01
   5.2838360e+06   4.5715332e+01
   5.2838520e+06   4.1259766e+01
   5.2838680e+06   4.1809082e+01
   5.2839030e+06   4.6386719e+01
   5.2839420e+06   4.7546387e+01
   5.2840040e+06   5.0964355e+01
   5.2841030e+06   3.9550781e+01
   5.2841230e+06   5.2246094e+01
   5.2841790e+06   4.4250488e+01
   5.2846730e+06   3.9611816e+01
   5.2847010e+06   4.1198730e+01
   5.2875680e+06   4.1076660e+01
   5.3514330e+06   4.4921875e+01
   5.3514430e+06   9.6130371e+01
   5.3514660e+06   4.6813965e+01
   5.3514850e+06   4.1809082e+01
   5.3515080e+06   4.6020508e+01
   5.3515200e+06   4.8339844e+01
   5.3515550e+06   4.3762207e+01
   5.3515950e+06   3.9306641e+01
   5.3516580e+06   4.5410156e+01
   5.3517900e+06   4.8217773e+01
   5.3528940e+06   4.1992188e+01
   5.3529570e+06   4.1503906e+01
   5.3535890e+06   4.2907715e+01
   5.4045350e+06   5.0659180e+01
   5.4045700e+06   4.6630859e+01
   5.4046090e+06   5.3771973e+01
   5.4046320e+06   3.9978027e+01
   5.4046730e+06   4.0100098e+01
   5.4047230e+06   4.1870117e+01
   5.4048120e+06   4.1931152e+01
   5.4052190e+06   3.9611816e+01
   5.4057430e+06   3.9916992e+01
   5.4060650e+06   4.6325684e+01
   5.4474710e+06   4.1503906e+01
   5.4474890e+06   5.1818848e+01
   5.4475130e+06   4.3029785e+01
   5.4475290e+06   4.5349121e+01
   5.4475580e+06   4.6081543e+01
   5.4475790e+06   4.8400879e+01
   5.4476050e+06   4.0893555e+01
   5.4479340e+06   4.3518066e+01
   5.4480350e+06   4.6997070e+01
   5.4484600e+06   4.2297363e+01
   5.4881700e+06   4.4189453e+01
   5.4882130e+06   4.0893555e+01
   5.4882280e+06   6.4086914e+01
   5.4882700e+06   5.0048828e+01
   5.4882990e+06   4.5227051e+01
   5.4883660e+06   4.0100098e+01
   5.4883930e+06   3.9978027e+01
   5.4884830e+06   3.9611816e+01
   5.4886200e+06   3.9306641e+01
   5.4887440e+06   4.1259766e+01
   5.4888230e+06   4.3579102e+01
   5.4898050e+06   4.0588379e+01
   5.5311970e+06   4.1320801e+01
   5.5312430e+06   4.6386719e+01
   5.5312830e+06   5.5969238e+01
   5.5313090e+06   4.3762207e+01
   5.5313360e+06   5.3039551e+01
   5.5313680e+06   4.1625977e+01
   5.5314300e+06   4.6020508e+01
   5.5316450e+06   5.7678223e+01
   5.5316570e+06   4.3579102e+01
   5.5318420e+06   3.9794922e+01
   5.5319250e+06   4.0405273e+01
   5.5322380e+06   4.2663574e+01
   5.5324940e+06   4.0161133e+01
   5.5327190e+06   4.3212891e+01
   5.5711970e+06   5.6579590e+01
   5.5712180e+06   5.4504395e+01
   5.5712750e+06   4.3029785e+01
   5.5712870e+06   4.6691895e+01
   5.5713880e+06   3.9062500e+01
   5.5714370e+06   4.0649414e+01
   5.5715880e+06   6.8054199e+01
   5.5716780e+06   3.9611816e+01
   5.5716930e+06   4.1870117e+01
   5.5720440e+06   4.4616699e+01
   5.5722160e+06   4.8339844e+01
   5.6068280e+06   3.8879395e+01
   5.6131640e+06   4.9377441e+01
   5.6131840e+06   5.5786133e+01
   5.6132120e+06   6.3354492e+01
   5.6132350e+06   4.3640137e+01
   5.6132740e+06   6.0241699e+01
   5.6133030e+06   3.9611816e+01
   5.6134180e+06   5.2368164e+01
   5.6136000e+06   4.1992188e+01
   5.6136270e+06   4.6813965e+01
   5.6136500e+06   3.9855957e+01
   5.6137710e+06   4.2785645e+01
   5.6139900e+06   4.6020508e+01
   5.6140550e+06   4.6875000e+01
   5.6142910e+06   3.8879395e+01
   5.6149270e+06   4.1137695e+01
   5.6631100e+06   3.9306641e+01
   5.6631210e+06   5.3771973e+01
   5.6632700e+06   4.6691895e+01
   5.6633000e+06   4.3579102e+01
   5.6633730e+06   4.4921875e+01
   5.6635430e+06   4.5471191e+01
   5.6636150e+06   4.0832520e+01
   5.6636330e+06   4.2419434e+01
   5.7083090e+06   4.1748047e+01
   5.7091060e+06   4.3090820e+01
   5.7092010e+06   4.2053223e+01
   5.7093140e+06   4.7546387e+01
   5.7096530e+06   4.0527344e+01
   5.7096760e+06   4.0893555e+01
   5.7098940e+06   4.5593262e+01
   5.7511710e+06   4.3334961e+01
   5.7583460e+06   4.0954590e+01
   5.7596020e+06   3.9794922e+01
   5.7596170e+06   7.8613281e+01
   5.7596290e+06   4.2053223e+01
   5.7596550e+06   4.7973633e+01
   5.7596840e+06   4.1809082e+01
   5.7597110e+06   4.9194336e+01
   5.7597620e+06   3.9733887e+01
   5.7598240e+06   4.7607422e+01
   5.7599770e+06   6.2011719e+01
   5.7600140e+06   4.3029785e+01
   5.7607100e+06   4.8828125e+01
   5.8086610e+06   4.0832520e+01
   5.8087360e+06   4.2114258e+01
   5.8089560e+06   4.1870117e+01
   5.8090960e+06   5.0964355e+01
   5.8091140e+06   4.3151855e+01
   5.8092080e+06   4.0039063e+01
   5.8092190e+06   3.9428711e+01
   5.8093730e+06   5.4870605e+01
   5.8094300e+06   4.9133301e+01
   5.8097250e+06   4.4067383e+01
   5.8097710e+06   3.9855957e+01
   5.8099010e+06   4.8767090e+01
   5.8566010e+06   5.0720215e+01
   5.8566310e+06   3.9062500e+01
   5.8566960e+06   3.9611816e+01
   5.8568110e+06   4.2053223e+01
   5.8573300e+06   4.6081543e+01
   5.8573760e+06   4.2541504e+01
   5.8574180e+06   5.5603027e+01
   5.8574330e+06   4.2297363e+01
   5.8574960e+06   3.9062500e+01
   5.8575630e+06   4.4006348e+01
   5.8579090e+06   4.6569824e+01
   5.8580690e+06   5.2246094e+01
   5.9074020e+06   4.0527344e+01
   5.9089940e+06   4.0039063e+01
   5.9090140e+06   3.9916992e+01
   5.9103210e+06   4.2175293e+01
   5.9106220e+06   7.0373535e+01
   5.9107480e+06   5.3405762e+01
   5.9361710e+06   5.3039551e+01
   5.9374570e+06   3.9367676e+01
   5.9374740e+06   4.4128418e+01
   5.9374960e+06   4.2907715e+01
   5.9375710e+06   6.3476563e+01
   5.9375860e+06   4.0222168e+01
   5.9376580e+06   4.0710449e+01
   5.9377530e+06   4.5898438e+01
   5.9380250e+06   4.3090820e+01
   5.9380740e+06   3.8879395e+01
   5.9384640e+06   4.8583984e+01
   5.9397390e+06   7.8125000e+01
   5.9877810e+06   5.3161621e+01
   5.9878120e+06   4.5104980e+01
   5.9878250e+06   3.9062500e+01
   5.9880010e+06   4.0954590e+01
   5.9892510e+06   4.6020508e+01
   5.9892890e+06   4.2175293e+01
   5.9896040e+06   3.9855957e+01
   5.9899790e+06   6.2438965e+01
   5.9900950e+06   4.1748047e+01
   5.9901510e+06   4.7241211e+01
   5.9901820e+06   4.2602539e+01
   5.9905120e+06   4.9133301e+01
   6.0488090e+06   4.0100098e+01
   6.0495900e+06   4.6752930e+01
   6.0522290e+06   4.7851563e+01
   6.0525010e+06   4.1687012e+01
   6.0525170e+06   4.5227051e+01
   6.0525460e+06   3.9245605e+01
   6.0525760e+06   4.4128418e+01
   6.0526590e+06   4.0649414e+01
   6.0527050e+06   4.2114258e+01
   6.0532250e+06   4.7912598e+01
   6.1205040e+06   3.8940430e+01
   6.1205690e+06   4.5227051e+01
   6.1212230e+06   4.1687012e+01
   6.1212480e+06   4.5776367e+01
   6.1212720e+06   5.3833008e+01
   6.1213030e+06   6.6162109e+01
   6.1213140e+06   4.2419434e+01
   6.1214260e+06   4.0161133e+01
   6.1215230e+06   3.8879395e+01
   6.1215690e+06   4.3212891e+01
   6.1220080e+06   4.7607422e+01
   6.1799550e+06   4.3457031e+01
   6.1803920e+06   4.0771484e+01
   6.1805510e+06   5.7800293e+01
   6.1807380e+06   5.2307129e+01
   6.1809660e+06   5.4809570e+01
   6.1810970e+06   4.6875000e+01
   6.1812540e+06   4.3151855e+01
   6.1815830e+06   4.4372559e+01
   6.1818780e+06   3.9367676e+01
   6.2734840e+06   3.9978027e+01
   6.3006570e+06   5.6030273e+01
   6.3014150e+06   4.7790527e+01
   6.3017450e+06   3.9123535e+01
   6.3018170e+06   4.7485352e+01
   6.3018280e+06   5.4992676e+01
   6.3018480e+06   4.4311523e+01
   6.3022390e+06   4.0100098e+01
   6.3023080e+06   4.1564941e+01
   6.3638980e+06   4.9865723e+01
   6.3639520e+06   4.7241211e+01
   6.3640480e+06   4.4433594e+01
   6.3641890e+06   4.6264648e+01
   6.3645520e+06   4.5043945e+01
   6.4263190e+06   6.4147949e+01
   6.4263980e+06   4.2785645e+01
   6.4264240e+06   3.9733887e+01
   6.4265090e+06   5.2612305e+01
   6.4266190e+06   4.0405273e+01
   6.4811140e+06   5.7922363e+01
   6.4811590e+06   4.4067383e+01
   6.4812240e+06   5.3527832e+01
   6.4812340e+06   4.8522949e+01
   6.5412870e+06   6.6894531e+01
   6.5413890e+06   4.9987793e+01
   6.5415560e+06   4.2297363e+01
   6.5419300e+06   4.1259766e+01
   6.6094290e+06   4.3884277e+01
   6.6095030e+06   3.9550781e+01
   6.6096020e+06   4.0405273e+01
   6.6596970e+06   5.3405762e+01
   6.6598520e+06   5.5297852e+01
   6.6599450e+06   4.5227051e+01
   6.6604740e+06   4.9316406e+01
   6.7175490e+06   4.8278809e+01
   6.7176640e+06   4.6630859e+01
   6.7177570e+06   5.1269531e+01
   6.7179800e+06   4.2297363e+01
   6.7624620e+06   6.0363770e+01
   6.7627050e+06   3.9978027e+01
   6.7627480e+06   5.2124023e+01
   6.7628720e+06   4.5043945e+01
   6.7631420e+06   4.2236328e+01
   6.7635090e+06   4.8461914e+01
   6.8113560e+06   3.9306641e+01
   6.8116430e+06   7.6721191e+01
   6.8119850e+06   4.8217773e+01
   6.8120950e+06   5.1391602e+01
   6.8531660e+06   4.4006348e+01
   6.8533120e+06   5.0170898e+01
   6.8533910e+06   4.2541504e+01
   6.8536600e+06   4.0649414e+01
   6.9053990e+06   4.1137695e+01
   6.9055900e+06   6.7687988e+01
   6.9057310e+06   4.8400879e+01
   6.9060810e+06   5.3710938e+01
   6.9062050e+06   4.1076660e+01
   6.9062560e+06   4.0161133e+01
   6.9517520e+06   4.6508789e+01
   6.9519590e+06   5.1025391e+01
   6.9520400e+06   3.9672852e+01
   6.9521870e+06   4.0222168e+01
   6.9522170e+06   4.0771484e+01
   6.9525440e+06   4.8339844e+01
   6.9534350e+06   4.9133301e+01
   6.9534710e+06   4.0832520e+01
   7.0026850e+06   4.3762207e+01
   7.0030120e+06   4.3884277e+01
   7.0032330e+06   4.7363281e+01
   7.0033190e+06   5.3588867e+01
   7.0034490e+06   4.0161133e+01
   7.0035890e+06   4.0039063e+01
   7.0037940e+06   4.1625977e+01
   7.0038920e+06   3.9245605e+01
   7.0447020e+06   6.0607910e+01
   7.0448050e+06   4.4189453e+01
   7.0448180e+06   5.6152344e+01
   7.0448380e+06   4.6386719e+01
   7.0448550e+06   4.1381836e+01
   7.0450190e+06   4.1870117e+01
   7.0452440e+06   4.5043945e+01
   7.0454080e+06   4.4311523e+01
   7.0458920e+06   4.2968750e+01
   7.0459430e+06   4.2541504e+01
   7.0461340e+06   4.2358398e+01
   7.0861300e+06   4.6203613e+01
   7.0861470e+06   4.1992188e+01
   7.0862200e+06   3.9550781e+01
   7.0862390e+06   7.9711914e+01
   7.0863300e+06   7.0373535e+01
   7.0866130e+06   5.5969238e+01
   7.0868230e+06   4.1259766e+01
   7.0870090e+06   5.5786133e+01
   7.0872160e+06   3.9489746e+01
   7.0877360e+06   4.4616699e+01
   7.0882290e+06   4.0161133e+01
   7.1356730e+06   4.5410156e+01
   7.1357620e+06   4.7729492e+01
   7.1361300e+06   5.5725098e+01
   7.1363380e+06   4.5410156e+01
   7.1365230e+06   5.2795410e+01
   7.1367090e+06   4.6386719e+01
   7.1374770e+06   4.6997070e+01
   7.1785870e+06   4.8950195e+01
   7.1790130e+06   6.3415527e+01
   7.1792780e+06   4.0222168e+01
   7.1794600e+06   5.0292969e+01
   7.1794850e+06   4.3945313e+01
   7.1795040e+06   4.4738770e+01
   7.1795500e+06   4.5898438e+01
   7.1806230e+06   4.9377441e+01
   7.2238430e+06   4.0039063e+01
   7.2238700e+06   5.4870605e+01
   7.2241270e+06   4.3518066e+01
   7.2242100e+06   4.7851563e+01
   7.2242300e+06   5.5114746e+01
   7.2242540e+06   4.5227051e+01
   7.2245650e+06   3.9245605e+01
   7.2252050e+06   4.2907715e+01
   7.2639590e+06   4.7607422e+01
   7.2640090e+06   3.9062500e+01
   7.2640440e+06   4.8278809e+01
   7.2640710e+06   4.2846680e+01
   7.2640910e+06   3.9794922e+01
   7.2641170e+06   4.5593262e+01
   7.2641550e+06   4.6813965e+01
   7.2644160e+06   4.4738770e+01
   7.2644590e+06   3.9001465e+01
   7.2645440e+06   4.0100098e+01
   7.2655450e+06   5.0415039e+01
   7.3016980e+06   4.3212891e+01
   7.3018410e+06   4.0344238e+01
   7.3018890e+06   4.1931152e+01
   7.3033950e+06   5.1147461e+01
   7.3034100e+06   4.2297363e+01
   7.3034330e+06   3.9489746e+01
   7.3034680e+06   4.5288086e+01
   7.3034940e+06   4.7668457e+01
   7.3035210e+06   4.3395996e+01
   7.3035350e+06   3.9855957e+01
   7.3040860e+06   3.8940430e+01
   7.3419420e+06   4.0649414e+01
   7.3419910e+06   4.5898438e+01
   7.3420040e+06   5.3405762e+01
   7.3420630e+06   4.8645020e+01
   7.3420930e+06   5.5664063e+01
   7.3421350e+06   4.7180176e+01
   7.3422990e+06   5.0537109e+01
   7.3425190e+06   4.1564941e+01
   7.3427780e+06   4.2053223e+01
   7.3429610e+06   4.5104980e+01
   7.3430040e+06   4.6142578e+01
   7.3430370e+06   3.9672852e+01
   7.3434760e+06   3.9245605e+01
   7.3856890e+06   4.5104980e+01
   7.3869290e+06   4.3701172e+01
   7.3869620e+06   4.7424316e+01
   7.3869910e+06   4.9316406e+01
   7.3870030e+06   4.1259766e+01
   7.3871140e+06   4.2114258e+01
   7.3872150e+06   4.1198730e+01
   7.3873640e+06   4.2419434e+01
   7.3874580e+06   4.6813965e+01
   7.3875960e+06   4.0893555e+01
   7.4174450e+06   4.7058105e+01
   7.4175080e+06   3.9611816e+01
   7.4175960e+06   4.2907715e+01
   7.4176220e+06   4.4433594e+01
   7.4176970e+06   5.1574707e+01
   7.4178410e+06   4.1503906e+01
   7.4180650e+06   4.5288086e+01
   7.4183260e+06   4.4311523e+01
   7.4183690e+06   6.3781738e+01
   7.4191200e+06   3.9367676e+01
   7.4192930e+06   3.9672852e+01
   7.4572070e+06   4.3029785e+01
   7.4584170e+06   4.4799805e+01
   7.4584550e+06   4.3334961e+01
   7.4585250e+06   4.3090820e+01
   7.4586990e+06   4.3640137e+01
   7.4592100e+06   4.5471191e+01
   7.4592500e+06   4.3334961e+01
   7.4592760e+06   3.9428711e+01
   7.4593780e+06   4.0954590e+01
   7.4593900e+06   4.2846680e+01
   7.4594030e+06   4.0344238e+01
   7.4594410e+06   4.4311523e+01
   7.4594770e+06   5.1147461e+01
   7.4595000e+06   4.0893555e+01
   7.4595610e+06   4.2175293e+01
   7.4595770e+06   4.2114258e+01
   7.4601470e+06   4.7180176e+01
   7.4609340e+06   3.9855957e+01
   7.4620320e+06   3.9611816e+01
   7.4622730e+06   4.0771484e+01
   7.5061230e+06   4.2053223e+01
   7.5061450e+06   4.0222168e+01
   7.5061820e+06   5.6945801e+01
   7.5061930e+06   5.1940918e+01
   7.5062440e+06   4.2480469e+01
   7.5063030e+06   4.0344238e+01
   7.5064970e+06   4.0100098e+01
   7.5065900e+06   4.3518066e+01
   7.5491490e+06   4.3090820e+01
   7.5492120e+06   5.6579590e+01
   7.5492530e+06   4.2785645e+01
   7.5493230e+06   4.1931152e+01
   7.5493530e+06   4.5654297e+01
   7.5493890e+06   3.9062500e+01
   7.5494230e+06   5.7983398e+01
   7.5494450e+06   4.0039063e+01
   7.5495290e+06   3.9428711e+01
   7.5495470e+06   4.5349121e+01
   7.5499680e+06   4.4799805e+01
   7.5501280e+06   3.9184570e+01
   7.5502290e+06   3.9978027e+01
   7.5968830e+06   6.3354492e+01
   7.5969030e+06   4.6020508e+01
   7.5969370e+06   3.9306641e+01
   7.5969830e+06   4.9194336e+01
   7.5969980e+06   5.0476074e+01
   7.5970200e+06   5.0842285e+01
   7.5970790e+06   3.9123535e+01
   7.5971090e+06   4.7729492e+01
   7.5971370e+06   3.9428711e+01
   7.5972000e+06   4.1992187e+01
   7.5972290e+06   3.9184570e+01
   7.5973190e+06   4.0893555e+01
   7.5976350e+06   4.1625977e+01
   7.5987940e+06   4.3395996e+01
   7.5989050e+06   4.4677734e+01
   7.5992150e+06   4.2541504e+01
   7.6014080e+06   6.0546875e+01
   7.6538960e+06   6.9030762e+01
   7.6539520e+06   4.3762207e+01
   7.6539640e+06   4.1137695e+01
   7.6540190e+06   4.0588379e+01
   7.6540540e+06   4.4067383e+01
   7.6541360e+06   3.9428711e+01
   7.6541640e+06   4.0771484e+01
   7.6543050e+06   4.2846680e+01
   7.6544230e+06   4.3273926e+01
   7.6545130e+06   4.0344238e+01
   7.6547050e+06   4.3029785e+01
   7.6553180e+06   4.4860840e+01
   7.6557700e+06   4.1320801e+01
   7.6566160e+06   4.1320801e+01
   7.6571960e+06   6.0180664e+01
   7.6577000e+06   4.4128418e+01
   7.7184480e+06   6.7810059e+01
   7.7184610e+06   5.3344727e+01
   7.7184930e+06   4.5715332e+01
   7.7185390e+06   4.5776367e+01
   7.7185710e+06   6.2438965e+01
   7.7185820e+06   4.3151855e+01
   7.7186370e+06   3.9794922e+01
   7.7186570e+06   4.5349121e+01
   7.7186850e+06   4.3701172e+01
   7.7188320e+06   4.2541504e+01
   7.7188740e+06   4.0283203e+01
   7.7190600e+06   3.9245605e+01
   7.7192870e+06   4.0039063e+01
   7.7197000e+06   3.8879395e+01
   7.7202750e+06   3.9123535e+01
   7.7207500e+06   4.0222168e+01
   7.7222310e+06   3.9062500e+01
   7.7224170e+06   4.0893555e+01
   7.7229760e+06   4.1137695e+01
   7.7232820e+06   3.9611816e+01
   7.7900180e+06   3.9123535e+01
   7.7900440e+06   3.9672852e+01
   7.7900600e+06   4.4006348e+01
   7.7900860e+06   5.3100586e+01
   7.7901130e+06   6.3720703e+01
   7.7901690e+06   4.3212891e+01
   7.7902090e+06   4.6020508e+01
   7.7902410e+06   4.1198730e+01
   7.7903570e+06   3.9672852e+01
   7.7903800e+06   3.9611816e+01
   7.7904380e+06   4.1625977e+01
   7.7907050e+06   5.0537109e+01
   7.7908690e+06   4.3395996e+01
   7.7916720e+06   4.1931152e+01
   7.7924250e+06   4.6325684e+01
   7.7936270e+06   3.8879395e+01
   7.8459810e+06   4.2236328e+01
   7.8460040e+06   8.6853027e+01
   7.8460320e+06   4.3518066e+01
   7.8460930e+06   4.7668457e+01
   7.8462010e+06   3.9978027e+01
   7.8463030e+06   3.9733887e+01
   7.8465440e+06   4.2175293e+01
   7.8472240e+06   4.0039063e+01
   7.8474470e+06   4.5410156e+01
   7.8930480e+06   5.5664063e+01
   7.8930750e+06   6.0974121e+01
   7.8931280e+06   4.8889160e+01
   7.8931480e+06   8.0566406e+01
   7.8931790e+06   3.9611816e+01
   7.8932080e+06   4.8706055e+01
   7.8932680e+06   4.1259766e+01
   7.8932840e+06   5.4016113e+01
   7.8934980e+06   4.1320801e+01
   7.8937060e+06   4.8706055e+01
   7.9360630e+06   4.1320801e+01
   7.9361280e+06   6.1828613e+01
   7.9361540e+06   4.8522949e+01
   7.9361890e+06   7.4462891e+01
   7.9362580e+06   4.4494629e+01
   7.9363360e+06   4.5166016e+01
   7.9363760e+06   4.6325684e+01
   7.9364270e+06   3.9306641e+01
   7.9365050e+06   4.1503906e+01
   7.9367390e+06   3.8940430e+01
   7.9370000e+06   3.9306641e+01
   7.9370490e+06   4.0283203e+01
   7.9375350e+06   4.9316406e+01
   7.9815770e+06   3.9916992e+01
   7.9816670e+06   4.6264648e+01
   7.9816930e+06   6.5429688e+01
   7.9817060e+06   5.3771973e+01
   7.9817550e+06   4.4921875e+01
   7.9817960e+06   4.3334961e+01
   7.9818630e+06   4.0954590e+01
   7.9819820e+06   4.0527344e+01
   7.9820130e+06   4.6875000e+01
   7.9821520e+06   4.0466309e+01
   7.9823830e+06   4.0649414e+01
   7.9825170e+06   4.0893555e+01
   7.9827540e+06   4.1748047e+01
   8.0304060e+06   4.3273926e+01
   8.0320240e+06   3.8879395e+01
   8.0321650e+06   4.6997070e+01
   8.0322070e+06   4.5349121e+01
   8.0322680e+06   4.2358398e+01
   8.0322920e+06   4.2480469e+01
   8.0323360e+06   4.2968750e+01
   8.0324050e+06   4.6508789e+01
   8.0325890e+06   3.9123535e+01
   8.0326400e+06   3.9184570e+01
   8.0327410e+06   4.5776367e+01
   8.0327590e+06   3.9184570e+01
   8.0331620e+06   3.9184570e+01
   8.0845180e+06   4.6203613e+01
   8.0845420e+06   4.3640137e+01
   8.0845730e+06   4.4372559e+01
   8.0845890e+06   5.5664063e+01
   8.0847140e+06   4.2968750e+01
   8.0847240e+06   4.1198730e+01
   8.0847720e+06   4.0100098e+01
   8.0849300e+06   4.1809082e+01
   8.0850320e+06   3.9733887e+01
   8.0850580e+06   4.0100098e+01
   8.0850830e+06   3.9794922e+01
   8.0851760e+06   4.6630859e+01
   8.0852420e+06   5.1330566e+01
   8.0855230e+06   4.2541504e+01
   8.1276710e+06   4.0344238e+01
   8.1277180e+06   4.1015625e+01
   8.1277860e+06   5.1574707e+01
   8.1278040e+06   3.9489746e+01
   8.1283410e+06   5.7922363e+01
   8.1284460e+06   3.9672852e+01
   8.1285770e+06   4.4189453e+01
   8.1288450e+06   4.4982910e+01
   8.1851680e+06   4.5227051e+01
   8.1852080e+06   4.7241211e+01
   8.1852290e+06   4.6752930e+01
   8.1852640e+06   4.6264648e+01
   8.1853150e+06   4.2358398e+01
   8.1853980e+06   3.9367676e+01
   8.1855370e+06   4.4433594e+01
   8.1856210e+06   4.3640137e+01
   8.1857370e+06   3.9733887e+01
   8.1857490e+06   4.1564941e+01
   8.1858050e+06   4.1625977e+01
   8.1859010e+06   4.1137695e+01
   8.1860540e+06   4.2114258e+01
   8.1863410e+06   5.2185059e+01
   8.2339820e+06   4.0100098e+01
   8.2340020e+06   4.5532227e+01
   8.2340220e+06   3.9550781e+01
   8.2340320e+06   4.1137695e+01
   8.2343130e+06   4.1931152e+01
   8.2345090e+06   4.9926758e+01
   8.2345960e+06   3.8940430e+01
   8.2347760e+06   4.1748047e+01
   8.2812190e+06   6.0119629e+01
   8.2813990e+06   4.7607422e+01
   8.3004580e+06   3.9489746e+01
   8.3011160e+06   3.9001465e+01
   8.3232000e+06   4.8095703e+01
   8.3232230e+06   5.0842285e+01
   8.3583180e+06   3.9245605e+01
   8.3583780e+06   5.4687500e+01
   8.3586070e+06   4.2053223e+01
   8.3590810e+06   4.2602539e+01
   8.3591040e+06   4.0954590e+01
   8.3871650e+06   5.0720215e+01
   8.3872620e+06   4.1748047e+01
   8.4142680e+06   4.0771484e+01
   8.4143660e+06   4.7973633e+01
   8.4144120e+06   4.0466309e+01
   8.4144560e+06   4.9926758e+01
   8.4146610e+06   4.1381836e+01
   8.4150830e+06   3.8879395e+01
   8.4162000e+06   4.0100098e+01
   8.4163210e+06   5.2856445e+01
   8.4489670e+06   4.2053223e+01
   8.4491710e+06   4.3273926e+01
   8.4493610e+06   4.0527344e+01
   8.4797870e+06   3.8879395e+01
   8.4817320e+06   4.5837402e+01
   8.4817450e+06   6.0058594e+01
   8.4818090e+06   4.7729492e+01
   8.4819090e+06   3.9062500e+01
   8.4820110e+06   3.9489746e+01
   8.4821230e+06   3.9123535e+01
   8.5322590e+06   3.9794922e+01
   8.5655330e+06   4.0893555e+01
   8.5656090e+06   4.7546387e+01
   8.5656360e+06   4.5349121e+01
   8.5659180e+06   4.0344238e+01
   8.5659520e+06   4.8217773e+01
   8.5660990e+06   3.9062500e+01
   8.5662050e+06   4.0893555e+01
   8.5662400e+06   4.4067383e+01
   8.5662570e+06   4.0649414e+01
   8.5662970e+06   4.3029785e+01
   8.5663810e+06   4.3395996e+01
   8.5668060e+06   3.9306641e+01
   8.6178370e+06   4.0527344e+01
   8.6180800e+06   4.0344238e+01
   8.6182750e+06   4.0649414e+01
   8.6434620e+06   4.1015625e+01
   8.6435140e+06   3.9245605e+01
   8.6435650e+06   4.0222168e+01
   8.6439270e+06   5.4260254e+01
   8.6439930e+06   4.3395996e+01
   8.6440690e+06   4.2236328e+01
   8.7204330e+06   4.5349121e+01
   8.7210400e+06   4.5654297e+01
   8.7212020e+06   4.9133301e+01
   8.7212640e+06   4.5776367e+01
   8.7213020e+06   5.1025391e+01
   8.7214110e+06   4.0039063e+01
   8.7218950e+06   4.5715332e+01
   8.7221590e+06   4.1381836e+01
   8.7923100e+06   4.1625977e+01
   8.7924100e+06   5.9814453e+01
   8.7924500e+06   4.1320801e+01
   8.8347620e+06   6.3110352e+01
   8.8368820e+06   4.2236328e+01
   8.8370030e+06   4.1992188e+01
   8.8370890e+06   3.9550781e+01
   8.8371930e+06   5.4687500e+01
   8.8928040e+06   3.9794922e+01
   8.8980920e+06   4.1015625e+01
   8.8981940e+06   4.5654297e+01
   8.8985690e+06   5.9509277e+01
   8.8986790e+06   4.8217773e+01
   8.9267590e+06   4.1992188e+01
   8.9268910e+06   6.2927246e+01
   8.9270970e+06   3.9062500e+01
   8.9274120e+06   5.8593750e+01
   8.9279640e+06   4.5959473e+01
   8.9850090e+06   5.0231934e+01
   8.9861290e+06   4.3273926e+01
   8.9861400e+06   5.2368164e+01
   8.9861730e+06   4.0466309e+01
   8.9861930e+06   3.9550781e+01
   8.9862470e+06   5.3100586e+01
   8.9862740e+06   4.0954590e+01
   8.9863470e+06   3.9245605e+01
   8.9863880e+06   4.7790527e+01
   9.0137580e+06   4.6875000e+01
   9.0139290e+06   6.7260742e+01
   9.0140620e+06   4.9011230e+01
   9.0142220e+06   4.1076660e+01
   9.0143870e+06   4.1687012e+01
   9.0597060e+06   4.4677734e+01
   9.0598280e+06   5.4260254e+01
   9.0599440e+06   4.1503906e+01
   9.0602250e+06   4.2968750e+01
   9.1339680e+06   4.3884277e+01
   9.1340370e+06   4.8950195e+01
   9.1343130e+06   4.0527344e+01
   9.1344510e+06   4.0771484e+01
   9.1345250e+06   4.1442871e+01
   9.1346000e+06   3.9184570e+01
   9.1968170e+06   3.9733887e+01
   9.1968690e+06   4.6997070e+01
   9.1969240e+06   4.0466309e+01
   9.1969630e+06   4.2602539e+01
   9.1974760e+06   4.4616699e+01
   9.1976060e+06   5.0537109e+01
   9.1976940e+06   4.2541504e+01
   9.1977350e+06   4.2419434e+01
   9.1977570e+06   4.1381836e+01
   9.1977770e+06   4.9316406e+01
   9.1984430e+06   3.9916992e+01
   9.2009390e+06   4.4006348e+01
   9.2620470e+06   3.9123535e+01
   9.2631900e+06   4.2907715e+01
   9.2637780e+06   4.1931152e+01
   9.2641430e+06   3.9611816e+01
   9.2642250e+06   4.2480469e+01
   9.2642770e+06   4.8034668e+01
   9.2645160e+06   4.4616699e+01
   9.2914290e+06   4.2785645e+01
   9.2914470e+06   4.1076660e+01
   9.2914810e+06   4.1198730e+01
   9.2915130e+06   3.9489746e+01
   9.2917650e+06   4.6997070e+01
   9.2919040e+06   4.7363281e+01
   9.2921660e+06   4.0466309e+01
   9.2926040e+06   4.2236328e+01
   9.3476200e+06   4.6447754e+01
   9.3488190e+06   5.3588867e+01
   9.3488500e+06   4.8767090e+01
   9.3490930e+06   5.5908203e+01
   9.3492570e+06   5.1513672e+01
   9.3494370e+06   6.3598633e+01
   9.3495290e+06   4.2175293e+01
   9.3495470e+06   3.9489746e+01
   9.3499790e+06   4.1381836e+01
   9.4003040e+06   4.9194336e+01
   9.4003410e+06   6.5673828e+01
   9.4004250e+06   4.7546387e+01
   9.4005130e+06   4.4067383e+01
   9.4005830e+06   4.1809082e+01
   9.4006740e+06   5.2673340e+01
   9.4008140e+06   4.3640137e+01
   9.4009520e+06   3.8879395e+01
   9.4317050e+06   4.0100098e+01
   9.4326700e+06   4.2358398e+01
   9.4332640e+06   5.8288574e+01
   9.4333080e+06   4.6997070e+01
   9.4334390e+06   3.9306641e+01
   9.4335960e+06   4.0893555e+01
   9.4336530e+06   4.5654297e+01
   9.4337000e+06   3.9916992e+01
   9.4338040e+06   4.7119141e+01
   9.4340360e+06   4.5288086e+01
   9.4350240e+06   4.5532227e+01
   9.4727350e+06   4.1809082e+01
   9.4733850e+06   5.5114746e+01
   9.4734020e+06   5.7678223e+01
   9.4734170e+06   4.0100098e+01
   9.4734380e+06   4.4616699e+01
   9.4734590e+06   3.9489746e+01
   9.4735250e+06   5.2001953e+01
   9.4736940e+06   4.8828125e+01
   9.4738000e+06   4.4555664e+01
   9.4740350e+06   4.0649414e+01
   9.4858240e+06   3.9123535e+01
   9.4861980e+06   5.2124023e+01
   9.4863020e+06   4.8950195e+01
   9.4864890e+06   4.9743652e+01
   9.4875030e+06   5.1025391e+01
   9.5287410e+06   5.7495117e+01
   9.5287590e+06   4.3518066e+01
   9.5288300e+06   4.5410156e+01
   9.5288580e+06   7.2021484e+01
   9.5288970e+06   4.0039063e+01
   9.5290750e+06   3.9062500e+01
   9.5292280e+06   3.9550781e+01
   9.5293700e+06   5.8105469e+01
   9.5294580e+06   3.9978027e+01
   9.5299670e+06   4.0832520e+01
   9.5304140e+06   4.0344238e+01
   9.5748010e+06   4.1564941e+01
   9.5755890e+06   4.4128418e+01
   9.5757110e+06   4.2602539e+01
   9.5757280e+06   4.2053223e+01
   9.5758150e+06   4.0527344e+01
   9.5758360e+06   4.5043945e+01
   9.5759590e+06   4.3395996e+01
   9.5761170e+06   4.1809082e+01
   9.5762830e+06   5.5847168e+01
   9.6140060e+06   5.3588867e+01
   9.6140530e+06   3.9367676e+01
   9.6140750e+06   5.4016113e+01
   9.6141700e+06   5.0109863e+01
   9.6143180e+06   5.1086426e+01
   9.6144790e+06   4.7790527e+01
   9.6147060e+06   3.9733887e+01
   9.6168690e+06   4.4921875e+01
   9.6525850e+06   3.9550781e+01
   9.6528940e+06   6.1279297e+01
   9.6529070e+06   4.0405273e+01
   9.6531340e+06   5.6518555e+01
   9.6531560e+06   3.9001465e+01
   9.6533150e+06   4.0039063e+01
   9.6535360e+06   4.2663574e+01
   9.6822750e+06   4.4250488e+01
   9.6824170e+06   4.0771484e+01
   9.6824950e+06   4.0649414e+01
   9.6836240e+06   5.5664063e+01
   9.6836500e+06   4.0222168e+01
   9.6837600e+06   4.9194336e+01
   9.6839780e+06   4.1198730e+01
   9.6841450e+06   4.0283203e+01
   9.6843460e+06   4.2358398e+01
   9.6846650e+06   4.7424316e+01
   9.6854420e+06   3.9367676e+01
   9.6858800e+06   3.9733887e+01
   9.7252010e+06   4.0466309e+01
   9.7252350e+06   4.6203613e+01
   9.7252560e+06   5.7861328e+01
   9.7252660e+06   4.4128418e+01
   9.7254660e+06   4.9133301e+01
   9.7257790e+06   4.2968750e+01
   9.7261990e+06   4.0466309e+01
   9.7264470e+06   4.0832520e+01
   9.7535670e+06   4.4921875e+01
   9.7536690e+06   3.9611816e+01
   9.7555380e+06   4.4677734e+01
   9.7776410e+06   4.3823242e+01
   9.7776760e+06   5.7983398e+01
   9.7777620e+06   5.7861328e+01
   9.7778660e+06   4.0222168e+01
   9.7779840e+06   5.8227539e+01
   9.7782360e+06   4.0954590e+01
   9.8060140e+06   4.2480469e+01
   9.8060600e+06   3.9184570e+01
   9.8067080e+06   4.8950195e+01
   9.8323720e+06   4.3823242e+01
   9.8324580e+06   4.0771484e+01
   9.8555250e+06   4.3029785e+01
   9.8556500e+06   4.0283203e+01
   9.8559270e+06   4.9621582e+01
   9.8789670e+06   4.0222168e+01
   9.9178680e+06   3.9672852e+01
   9.9378240e+06   3.9489746e+01
   9.9379130e+06   4.0893555e+01
   9.9611260e+06   4.2846680e+01
   9.9613400e+06   3.9916992e+01
   9.9614320e+06   4.7790527e+01
   9.9615500e+06   3.9611816e+01
   9.9816790e+06   4.1442871e+01
   9.9817220e+06   4.4799805e+01
   1.0002048e+07   4.1015625e+01
   1.0003306e+07   3.8940430e+01
   1.0003411e+07   4.6325684e+01
   1.0003441e+07   3.9855957e+01
   1.0003451e+07   4.3090820e+01
   1.0030402e+07   4.1015625e+01
   1.0030573e+07   4.6264648e+01
   1.0047839e+07   4.5166016e+01
   1.0047883e+07   5.0476074e+01
   1.0048207e+07   4.2663574e+01
   1.0048788e+07   4.2724609e+01
   1.0074713e+07   4.2907715e+01
   1.0074746e+07   3.9001465e+01
   1.0074800e+07   5.3955078e+01
   1.0075001e+07   5.7128906e+01
   1.0102445e+07   4.2663574e+01
   1.0102687e+07   4.2114258e+01
   1.0102811e+07   3.9672852e+01
   1.0126000e+07   4.4982910e+01
   1.0155961e+07   4.1625977e+01
   1.0156123e+07   3.9550781e+01
   1.0156265e+07   4.0405273e+01
   1.0156454e+07   4.2297363e+01
   1.0188343e+07   3.9550781e+01
   1.0190714e+07   4.0344238e+01
   1.0236027e+07   4.8034668e+01
   1.0236076e+07   5.7678223e+01
   1.0236126e+07   4.0893555e+01
   1.0236264e+07   4.5043945e+01
   1.0236363e+07   4.4921875e+01
   1.0236732e+07   4.1442871e+01
   1.0237151e+07   4.7851563e+01
   1.0275579e+07   4.0039063e+01
   1.0275617e+07   3.9367676e+01
   1.0275689e+07   5.0354004e+01
   1.0275784e+07   4.7912598e+01
   1.0276032e+07   4.3640137e+01
   1.0315886e+07   3.9672852e+01
   1.0316079e+07   4.4250488e+01
   1.0316711e+07   4.0039063e+01
   1.0316786e+07   4.6447754e+01
   1.0316899e+07   4.8828125e+01
   1.0316913e+07   4.3762207e+01
   1.0317005e+07   4.2724609e+01
   1.0359693e+07   4.1320801e+01
   1.0359854e+07   7.7819824e+01
   1.0359887e+07   4.1015625e+01
   1.0360051e+07   5.0048828e+01
   1.0360155e+07   4.0100098e+01
   1.0360215e+07   5.4077148e+01
   1.0360330e+07   4.7912598e+01
   1.0405049e+07   4.9499512e+01
   1.0405126e+07   3.9611816e+01
   1.0405171e+07   5.8410645e+01
   1.0405555e+07   5.2734375e+01
   1.0405739e+07   4.3457031e+01
   1.0405844e+07   4.5959473e+01
   1.0405920e+07   3.9978027e+01
   1.0406000e+07   4.6142578e+01
   1.0447158e+07   3.9978027e+01
   1.0447213e+07   5.1879883e+01
   1.0447234e+07   3.9733887e+01
   1.0447265e+07   4.0893555e+01
   1.0447292e+07   4.6936035e+01
   1.0447417e+07   4.4189453e+01
   1.0447520e+07   4.0527344e+01
   1.0447651e+07   4.3273926e+01
   1.0447899e+07   4.2358398e+01
   1.0488620e+07   3.9855957e+01
   1.0488635e+07   7.3791504e+01
   1.0488720e+07   4.9621582e+01
   1.0488798e+07   4.0283203e+01
   1.0488848e+07   3.9855957e+01
   1.0489181e+07   4.0649414e+01
   1.0531827e+07   4.4128418e+01
   1.0531839e+07   5.1147461e+01
   1.0531880e+07   4.2663574e+01
   1.0531923e+07   5.4260254e+01
   1.0532272e+07   4.2053223e+01
   1.0532325e+07   4.3273926e+01
   1.0532398e+07   4.2541504e+01
   1.0532963e+07   4.1687012e+01
   1.0576837e+07   4.2358398e+01
   1.0576866e+07   4.2053223e+01
   1.0576883e+07   4.9255371e+01
   1.0576922e+07   5.8959961e+01
   1.0576943e+07   5.5297852e+01
   1.0576985e+07   5.4504395e+01
   1.0577155e+07   4.6569824e+01
   1.0577264e+07   4.9987793e+01
   1.0577328e+07   4.2907715e+01
   1.0577422e+07   4.5166016e+01
   1.0577534e+07   4.2236328e+01
   1.0578152e+07   3.9428711e+01
   1.0579925e+07   4.6325684e+01
   1.0580112e+07   4.2785645e+01
   1.0580402e+07   3.9794922e+01
   1.0582517e+07   4.1198730e+01
   1.0628091e+07   6.0363770e+01
   1.0628151e+07   4.8645020e+01
   1.0628273e+07   3.9062500e+01
   1.0628316e+07   3.9550781e+01
   1.0628368e+07   4.3395996e+01
   1.0628404e+07   4.9682617e+01
   1.0628463e+07   4.5959473e+01
   1.0628473e+07   4.4311523e+01
   1.0628831e+07   4.3334961e+01
   1.0632359e+07   5.1574707e+01
   1.0682436e+07   4.6081543e+01
   1.0682463e+07   3.9123535e+01
   1.0682493e+07   5.1574707e+01
   1.0682514e+07   4.3151855e+01
   1.0682561e+07   4.4067383e+01
   1.0682630e+07   3.9001465e+01
   1.0682656e+07   4.3701172e+01
   1.0682678e+07   4.0405273e+01
   1.0682716e+07   4.0283203e+01
   1.0682745e+07   4.9194336e+01
   1.0682851e+07   4.2053223e+01
   1.0743349e+07   4.1564941e+01
   1.0743385e+07   4.9804688e+01
   1.0743410e+07   6.4941406e+01
   1.0743441e+07   6.6223145e+01
   1.0743476e+07   4.7424316e+01
   1.0743502e+07   4.6630859e+01
   1.0743535e+07   3.9794922e+01
   1.0743553e+07   4.3029785e+01
   1.0743582e+07   5.5725098e+01
   1.0743638e+07   3.9855957e+01
   1.0743692e+07   4.0893555e+01
   1.0743899e+07   4.0527344e+01
   1.0744445e+07   3.9855957e+01
   1.0744745e+07   3.9733887e+01
   1.0746326e+07   4.0954590e+01
   1.0807930e+07   5.4138184e+01
   1.0807952e+07   5.3649902e+01
   1.0807989e+07   4.1564941e+01
   1.0807999e+07   3.9428711e+01
   1.0808022e+07   5.1269531e+01
   1.0808075e+07   4.5349121e+01
   1.0808097e+07   4.0649414e+01
   1.0808447e+07   4.8583984e+01
   1.0810345e+07   4.1198730e+01
   1.0811877e+07   3.9611816e+01
   1.0812082e+07   4.2175293e+01
   1.0873463e+07   4.4433594e+01
   1.0873477e+07   5.0720215e+01
   1.0873488e+07   4.3212891e+01
   1.0873522e+07   4.2053223e+01
   1.0873546e+07   5.7312012e+01
   1.0873581e+07   4.9804688e+01
   1.0873599e+07   4.0893555e+01
   1.0873698e+07   4.4860840e+01
   1.0873746e+07   4.7790527e+01
   1.0873847e+07   4.1931152e+01
   1.0873953e+07   3.9611816e+01
   1.0874321e+07   4.1198730e+01
   1.0874427e+07   4.1320801e+01
   1.0875970e+07   4.1259766e+01
   1.0876155e+07   3.9916992e+01
   1.0876586e+07   4.1198730e+01
   1.0937388e+07   4.5104980e+01
   1.0937403e+07   7.5378418e+01
   1.0937428e+07   6.0546875e+01
   1.0937439e+07   4.5166016e+01
   1.0937483e+07   4.1931152e+01
   1.0937503e+07   4.3273926e+01
   1.0937524e+07   4.7790527e+01
   1.0937547e+07   4.6142578e+01
   1.0937697e+07   4.3823242e+01
   1.0938059e+07   4.0527344e+01
   1.0939069e+07   3.9062500e+01
   1.0991422e+07   4.5104980e+01
   1.0991446e+07   4.1076660e+01
   1.0991464e+07   8.4655762e+01
   1.0991487e+07   5.9387207e+01
   1.0991512e+07   5.7312012e+01
   1.0991561e+07   4.8156738e+01
   1.0991625e+07   4.6936035e+01
   1.0991793e+07   4.1381836e+01
   1.0991938e+07   4.0161133e+01
   1.0992128e+07   4.0039063e+01
   1.0992659e+07   4.2846680e+01
   1.1038628e+07   4.5288086e+01
   1.1038679e+07   8.0810547e+01
   1.1038713e+07   4.1137695e+01
   1.1038797e+07   5.3039551e+01
   1.1038815e+07   5.1696777e+01
   1.1038843e+07   4.1442871e+01
   1.1038871e+07   4.1564941e+01
   1.1038887e+07   4.1625977e+01
   1.1038928e+07   3.9550781e+01
   1.1039218e+07   4.3945313e+01
   1.1039284e+07   3.9550781e+01
   1.1039339e+07   4.1442871e+01
   1.1039705e+07   4.3884277e+01
   1.1039896e+07   3.9550781e+01
   1.1077161e+07   4.2541504e+01
   1.1077188e+07   3.9306641e+01
   1.1077199e+07   4.4128418e+01
   1.1077242e+07   4.2053223e+01
   1.1077256e+07   4.1809082e+01
   1.1077297e+07   4.5288086e+01
   1.1077368e+07   4.5104980e+01
   1.1077381e+07   4.7241211e+01
   1.1077485e+07   4.0527344e+01
   1.1077570e+07   3.9245605e+01
   1.1077643e+07   4.2053223e+01
   1.1077783e+07   3.9428711e+01
   1.1077879e+07   4.9133301e+01
   1.1078605e+07   4.7363281e+01
   1.1118684e+07   4.3151855e+01
   1.1118722e+07   4.5837402e+01
   1.1118794e+07   4.2175293e+01
   1.1118969e+07   4.1625977e+01
   1.1119029e+07   5.0048828e+01
   1.1119193e+07   5.1635742e+01
   1.1119203e+07   6.0119629e+01
   1.1119260e+07   3.9123535e+01
   1.1119293e+07   5.0720215e+01
   1.1119356e+07   4.1625977e+01
   1.1120096e+07   4.5715332e+01
   1.1163906e+07   4.0527344e+01
   1.1163949e+07   4.3945313e+01
   1.1163983e+07   5.2368164e+01
   1.1164027e+07   4.7180176e+01
   1.1164041e+07   4.4433594e+01
   1.1164131e+07   4.1625977e+01
   1.1164149e+07   5.1635742e+01
   1.1164322e+07   4.2541504e+01
   1.1164340e+07   5.4870605e+01
   1.1164369e+07   4.0283203e+01
   1.1164821e+07   4.3518066e+01
   1.1164901e+07   4.3945313e+01
   1.1165348e+07   3.9794922e+01
   1.1206707e+07   3.9367676e+01
   1.1206737e+07   4.3212891e+01
   1.1206755e+07   4.1992188e+01
   1.1206787e+07   4.1625977e+01
   1.1206874e+07   4.6752930e+01
   1.1206906e+07   4.2785645e+01
   1.1206979e+07   4.7790527e+01
   1.1207012e+07   3.9001465e+01
   1.1207266e+07   5.5053711e+01
   1.1207639e+07   4.5410156e+01
   1.1207753e+07   3.9489746e+01
   1.1253222e+07   4.0893555e+01
   1.1253279e+07   4.3212891e+01
   1.1253307e+07   5.3710938e+01
   1.1253356e+07   4.3273926e+01
   1.1253440e+07   4.2846680e+01
   1.1253632e+07   5.0170898e+01
   1.1253675e+07   4.5532227e+01
   1.1253755e+07   4.6630859e+01
   1.1253865e+07   3.9672852e+01
   1.1253981e+07   4.7912598e+01
   1.1254113e+07   4.3823242e+01
   1.1254701e+07   3.9428711e+01
   1.1254731e+07   4.3090820e+01
   1.1254744e+07   5.2246094e+01
   1.1299238e+07   4.6142578e+01
   1.1299253e+07   6.1645508e+01
   1.1299273e+07   4.1687012e+01
   1.1299285e+07   4.0405273e+01
   1.1299359e+07   4.6813965e+01
   1.1299395e+07   4.0832520e+01
   1.1299436e+07   4.1625977e+01
   1.1299597e+07   5.1025391e+01
   1.1299697e+07   3.9855957e+01
   1.1299739e+07   3.9794922e+01
   1.1299755e+07   4.7912598e+01
   1.1299867e+07   4.4494629e+01
   1.1300031e+07   4.2419434e+01
   1.1300152e+07   4.1320801e+01
   1.1345777e+07   4.1809082e+01
   1.1345988e+07   5.6213379e+01
   1.1346367e+07   4.7851563e+01
   1.1346480e+07   4.4738770e+01
   1.1346679e+07   4.7485352e+01
   1.1346747e+07   3.9916992e+01
   1.1346773e+07   4.5532227e+01
   1.1346811e+07   3.9062500e+01
   1.1347052e+07   4.3029785e+01
   1.1410145e+07   5.4260254e+01
   1.1410207e+07   4.3029785e+01
   1.1410261e+07   4.0649414e+01
   1.1410447e+07   5.7739258e+01
   1.1410627e+07   4.4799805e+01
   1.1410825e+07   3.9001465e+01
   1.1410897e+07   4.3640137e+01
   1.1482921e+07   3.9245605e+01
   1.1483074e+07   3.8879395e+01
   1.1483187e+07   4.1198730e+01
   1.1483212e+07   4.3395996e+01
   1.1483284e+07   3.9184570e+01
   1.1483328e+07   4.0222168e+01
   1.1483450e+07   3.9489746e+01
   1.1484021e+07   4.4555664e+01
   1.1533745e+07   4.2297363e+01
   1.1536339e+07   4.0710449e+01
   1.1536664e+07   5.0720215e+01
   1.1536992e+07   4.4189453e+01
   1.1537121e+07   4.1809082e+01
   1.1537267e+07   4.6325684e+01
   1.1537300e+07   3.9367676e+01
   1.1537392e+07   4.1442871e+01
   1.1537565e+07   4.1687012e+01
   1.1537791e+07   4.3945313e+01
   1.1618940e+07   3.9306641e+01
   1.1619123e+07   4.0588379e+01
   1.1620802e+07   4.0344238e+01
   1.1640365e+07   4.2907715e+01
   1.1640854e+07   4.3090820e+01
   1.1640866e+07   4.6203613e+01
   1.1641001e+07   4.3212891e+01
   1.1641135e+07   4.2602539e+01
   1.1641242e+07   4.3579102e+01
   1.1641279e+07   3.9367676e+01
   1.1641733e+07   4.9255371e+01
   1.1641987e+07   4.1503906e+01
   1.1712295e+07   5.7373047e+01
   1.1712459e+07   4.3457031e+01
   1.1712521e+07   4.0527344e+01
   1.1712590e+07   4.6264648e+01
   1.1712699e+07   4.3029785e+01
   1.1713391e+07   4.3762207e+01
   1.1713742e+07   4.3762207e+01
   1.1792677e+07   5.0842285e+01
   1.1792710e+07   4.1015625e+01
   1.1792748e+07   4.0527344e+01
   1.1793135e+07   4.1442871e+01
   1.1793197e+07   4.6813965e+01
   1.1793331e+07   4.3640137e+01
   1.1793792e+07   4.2114258e+01
   1.1794329e+07   4.9316406e+01
   1.1852177e+07   4.7973633e+01
   1.1852459e+07   3.9367676e+01
   1.1852661e+07   4.1931152e+01
   1.1852710e+07   4.4311523e+01
   1.1852819e+07   4.8950195e+01
   1.1853519e+07   3.8940430e+01
   1.1900547e+07   4.2480469e+01
   1.1900664e+07   5.6152344e+01
   1.1900809e+07   4.2053223e+01
   1.1900963e+07   4.5837402e+01
   1.1901285e+07   4.0832520e+01
   1.1976634e+07   4.4189453e+01
   1.1976690e+07   4.3640137e+01
   1.1976968e+07   3.9428711e+01
   1.1976995e+07   4.2297363e+01
   1.1977059e+07   5.1757813e+01
   1.1977075e+07   3.9062500e+01
