   1.1999000e+07   0.0000000e+00
   1.5149000e+04   3.2043457e+01
   1.5939000e+04   3.1250000e+01
   1.6037000e+04   3.1921387e+01
   3.8755000e+04   3.5217285e+01
   3.8809000e+04   3.3264160e+01
   3.8868000e+04   3.4423828e+01
   6.9415000e+04   3.4362793e+01
   7.0323000e+04   3.4301758e+01
   9.4150000e+04   3.1860352e+01
   9.4179000e+04   3.9733887e+01
   9.4769000e+04   3.5034180e+01
   1.1658700e+05   3.6499023e+01
   1.1668500e+05   3.2958984e+01
   1.4388800e+05   3.3386230e+01
   1.4406000e+05   3.2409668e+01
   1.4412200e+05   3.8024902e+01
   1.4446400e+05   3.1494141e+01
   1.7573800e+05   3.5949707e+01
   1.7575900e+05   5.0659180e+01
   1.7600400e+05   3.1616211e+01
   1.7604500e+05   3.4179688e+01
   1.9930400e+05   3.5278320e+01
   1.9945500e+05   3.3386230e+01
   1.9998300e+05   3.5034180e+01
   2.2523000e+05   3.1799316e+01
   2.2575800e+05   3.1982422e+01
   2.5242400e+05   3.3447266e+01
   2.8092200e+05   3.4301758e+01
   2.8115500e+05   3.2043457e+01
   2.8127700e+05   3.3752441e+01
   2.8131600e+05   3.3081055e+01
   2.8134300e+05   3.3203125e+01
   2.8139400e+05   3.3142090e+01
   2.9881300e+05   3.4606934e+01
   2.9890800e+05   3.3081055e+01
   3.2214700e+05   3.4790039e+01
   3.2219700e+05   3.2836914e+01
   3.2221900e+05   3.1433105e+01
   3.2228100e+05   3.1188965e+01
   3.4945000e+05   4.0832520e+01
   3.4976800e+05   3.2836914e+01
   3.7901700e+05   3.1433105e+01
   3.7903500e+05   3.9794922e+01
   3.7911200e+05   3.3081055e+01
   3.7922600e+05   3.1799316e+01
   3.7925000e+05   3.2104492e+01
   3.7939200e+05   3.5827637e+01
   3.7946100e+05   3.3264160e+01
   3.7951200e+05   3.5400391e+01
   3.8079100e+05   3.2592773e+01
   4.2031000e+05   3.1677246e+01
   4.2034700e+05   3.7292480e+01
   4.2040500e+05   3.3142090e+01
   4.2045300e+05   3.2470703e+01
   4.2060300e+05   3.5034180e+01
   4.2070000e+05   3.9489746e+01
   4.2072900e+05   3.3447266e+01
   4.2091700e+05   3.7841797e+01
   4.6289200e+05   3.1677246e+01
   4.6297400e+05   3.4790039e+01
   4.6300500e+05   3.4851074e+01
   4.6303000e+05   3.1616211e+01
   4.6317600e+05   3.3020020e+01
   4.6344400e+05   3.3264160e+01
   4.6468100e+05   3.1677246e+01
   4.8502900e+05   3.1616211e+01
   5.2122900e+05   3.6621094e+01
   5.2124800e+05   3.5339355e+01
   5.2136200e+05   3.2958984e+01
   5.2138100e+05   3.1921387e+01
   5.2139900e+05   3.1188965e+01
   5.2152100e+05   3.8391113e+01
   5.2155800e+05   4.0283203e+01
   5.2694100e+05   3.1250000e+01
   5.7148200e+05   3.3203125e+01
   5.7150300e+05   4.6569824e+01
   5.7153700e+05   3.5766602e+01
   5.7162600e+05   3.3447266e+01
   5.7187500e+05   3.3752441e+01
   5.7190400e+05   3.1738281e+01
   6.2428700e+05   3.6132813e+01
   6.2434000e+05   3.5522461e+01
   6.2440900e+05   3.4606934e+01
   6.2452400e+05   3.7475586e+01
   6.2465400e+05   3.4484863e+01
   6.2585200e+05   3.6987305e+01
   6.2811700e+05   3.1982422e+01
   6.8279400e+05   3.4545898e+01
   6.8297200e+05   3.3447266e+01
   6.8312300e+05   3.2043457e+01
   6.8323000e+05   4.0405273e+01
   6.8407100e+05   3.1982422e+01
   6.8571500e+05   3.3203125e+01
   7.3998500e+05   3.5644531e+01
   7.4003600e+05   3.4057617e+01
   7.4018600e+05   3.9001465e+01
   7.4021600e+05   3.5095215e+01
   7.4032600e+05   3.3386230e+01
   7.4103900e+05   3.3508301e+01
   7.4257100e+05   3.1494141e+01
   7.4274700e+05   3.2104492e+01
   7.8439300e+05   3.3081055e+01
   7.8442800e+05   3.5339355e+01
   7.8446300e+05   3.1250000e+01
   7.8451200e+05   3.3203125e+01
   7.8453200e+05   3.1555176e+01
   7.8469400e+05   3.1372070e+01
   7.8581000e+05   3.3264160e+01
   8.3849700e+05   3.6376953e+01
   8.3857600e+05   3.4545898e+01
   8.3875000e+05   3.6499023e+01
   8.3892900e+05   3.6132813e+01
   8.4016000e+05   3.1799316e+01
   8.4174600e+05   3.1616211e+01
   8.4292200e+05   3.2104492e+01
   8.9240200e+05   3.1372070e+01
   8.9248800e+05   3.1372070e+01
   8.9258600e+05   3.2592773e+01
   8.9267700e+05   3.1555176e+01
   8.9289500e+05   3.6804199e+01
   8.9317600e+05   3.4362793e+01
   8.9408800e+05   3.4484863e+01
   9.4051200e+05   3.8635254e+01
   9.4052900e+05   3.3264160e+01
   9.4056900e+05   3.3752441e+01
   9.4062200e+05   3.3874512e+01
   9.8905900e+05   4.2968750e+01
   9.8915200e+05   3.2043457e+01
   9.8956100e+05   3.1311035e+01
   9.8966200e+05   3.2653809e+01
   1.0470990e+06   3.2836914e+01
   1.0471490e+06   3.6193848e+01
   1.0472460e+06   3.1555176e+01
   1.0472580e+06   3.6315918e+01
   1.0473490e+06   3.2897949e+01
   1.0474190e+06   3.4606934e+01
   1.0476400e+06   3.2592773e+01
   1.0476640e+06   3.3325195e+01
   1.0477730e+06   3.2958984e+01
   1.0910590e+06   3.2775879e+01
   1.0911310e+06   3.2409668e+01
   1.1460740e+06   3.3203125e+01
   1.1462680e+06   3.2287598e+01
   1.2295100e+06   3.4057617e+01
   1.2804940e+06   3.4606934e+01
   1.3065180e+06   3.1921387e+01
   1.3523180e+06   3.4912109e+01
   1.3524160e+06   3.5583496e+01
   1.3524730e+06   3.1311035e+01
   1.3526700e+06   3.7353516e+01
   1.3528500e+06   3.2958984e+01
   1.4043240e+06   3.5827637e+01
   1.4043670e+06   3.9428711e+01
   1.4047660e+06   3.1188965e+01
   1.4047990e+06   3.3142090e+01
   1.4049390e+06   3.5217285e+01
   1.4050410e+06   3.3386230e+01
   1.4976740e+06   3.4729004e+01
   1.4976940e+06   4.1442871e+01
   1.4977800e+06   3.5339355e+01
   1.4980430e+06   3.8085938e+01
   1.5558250e+06   3.2653809e+01
   1.5567660e+06   3.5095215e+01
   1.5569030e+06   3.1372070e+01
   1.5573510e+06   3.2165527e+01
   1.6612180e+06   3.5522461e+01
   1.6618660e+06   3.1311035e+01
   1.7241600e+06   3.5705566e+01
   1.7244260e+06   3.3081055e+01
   1.7245330e+06   3.3447266e+01
   1.7247390e+06   3.4301758e+01
   1.7248140e+06   3.3874512e+01
   1.7776440e+06   3.5522461e+01
   1.8398090e+06   3.3386230e+01
   1.8402840e+06   3.2531738e+01
   1.8403000e+06   3.4729004e+01
   1.8403180e+06   4.0466309e+01
   1.8403870e+06   3.4301758e+01
   1.8404150e+06   3.2470703e+01
   1.8406060e+06   3.1433105e+01
   1.8911490e+06   3.2470703e+01
   1.8913780e+06   3.1494141e+01
   1.9393970e+06   3.1188965e+01
   1.9396550e+06   3.3813477e+01
   1.9399540e+06   3.7719727e+01
   1.9405230e+06   3.7170410e+01
   1.9842600e+06   3.2226563e+01
   1.9851050e+06   3.3386230e+01
   1.9851750e+06   3.6254883e+01
   1.9852560e+06   3.4912109e+01
   1.9853060e+06   3.3203125e+01
   1.9858680e+06   3.1921387e+01
   2.0335430e+06   3.1311035e+01
   2.0339130e+06   4.0588379e+01
   2.0344940e+06   3.1860352e+01
   2.0804930e+06   3.1188965e+01
   2.0815340e+06   3.2470703e+01
   2.0815590e+06   3.3142090e+01
   2.0815910e+06   3.3874512e+01
   2.1291430e+06   3.1799316e+01
   2.1303870e+06   3.1799316e+01
   2.1310170e+06   3.1188965e+01
   2.2059580e+06   3.1372070e+01
   2.2073800e+06   3.1616211e+01
   2.2083360e+06   3.1616211e+01
   2.2550130e+06   3.1921387e+01
   2.2552940e+06   3.5644531e+01
   2.3049190e+06   3.6254883e+01
   2.3061480e+06   3.4545898e+01
   2.3069630e+06   3.2226563e+01
   2.3514390e+06   3.9611816e+01
   2.3521510e+06   3.3447266e+01
   2.3524410e+06   3.6499023e+01
   2.3527340e+06   4.0161133e+01
   2.3536690e+06   3.1616211e+01
   2.4102450e+06   3.4484863e+01
   2.4103090e+06   3.1555176e+01
   2.4104200e+06   3.4179688e+01
   2.4106380e+06   3.6376953e+01
   2.4138230e+06   3.2165527e+01
   2.4605360e+06   3.1799316e+01
   2.4605520e+06   3.9306641e+01
   2.4605890e+06   3.7048340e+01
   2.4606230e+06   3.3203125e+01
   2.4606360e+06   3.7292480e+01
   2.4607130e+06   3.8146973e+01
   2.4607370e+06   3.3691406e+01
   2.4607940e+06   3.4484863e+01
   2.4608370e+06   4.0771484e+01
   2.4611210e+06   3.6376953e+01
   2.4611940e+06   3.1311035e+01
   2.4618280e+06   3.3386230e+01
   2.4638830e+06   3.2104492e+01
   2.4641730e+06   3.4667969e+01
   2.4659150e+06   3.1799316e+01
   2.5097350e+06   3.1433105e+01
   2.5097900e+06   3.2409668e+01
   2.5098410e+06   3.3508301e+01
   2.5098980e+06   3.3691406e+01
   2.5109640e+06   3.4057617e+01
   2.5113980e+06   3.1433105e+01
   2.5315060e+06   3.5705566e+01
   2.5317180e+06   3.5095215e+01
   2.5318520e+06   3.1677246e+01
   2.5318750e+06   3.2897949e+01
   2.5326910e+06   3.2287598e+01
   2.5329900e+06   3.1616211e+01
   2.5756390e+06   3.2043457e+01
   2.5756540e+06   3.5339355e+01
   2.5757090e+06   3.2531738e+01
   2.5757370e+06   3.3203125e+01
   2.5758090e+06   3.2348633e+01
   2.5761820e+06   3.5461426e+01
   2.5762420e+06   3.1738281e+01
   2.5792560e+06   3.1677246e+01
   2.6209610e+06   3.3752441e+01
   2.6210590e+06   3.1555176e+01
   2.6256500e+06   3.3142090e+01
   2.6446390e+06   3.1738281e+01
   2.6453510e+06   3.2775879e+01
   2.6870430e+06   3.4851074e+01
   2.6870670e+06   3.6560059e+01
   2.6871090e+06   3.8085938e+01
   2.6871660e+06   3.4423828e+01
   2.6872960e+06   3.4606934e+01
   2.7357910e+06   3.7170410e+01
   2.7360120e+06   3.4240723e+01
   2.7361330e+06   3.2592773e+01
   2.7773110e+06   4.6630859e+01
   2.7774340e+06   3.7170410e+01
   2.7774530e+06   4.0100098e+01
   2.7775320e+06   3.5522461e+01
   2.7775820e+06   3.6743164e+01
   2.7822890e+06   3.1311035e+01
   2.8402240e+06   3.4301758e+01
   2.8406660e+06   3.1311035e+01
   2.8407570e+06   3.3691406e+01
   2.8410620e+06   3.3264160e+01
   2.8417270e+06   3.2836914e+01
   2.9077490e+06   3.6987305e+01
   2.9077770e+06   3.8574219e+01
   2.9078140e+06   3.1311035e+01
   2.9078520e+06   3.2958984e+01
   2.9080510e+06   3.7170410e+01
   2.9080880e+06   3.4973145e+01
   2.9081750e+06   3.1555176e+01
   2.9092390e+06   3.3691406e+01
   2.9093840e+06   3.1921387e+01
   2.9118560e+06   3.3386230e+01
   2.9756690e+06   3.3447266e+01
   2.9757010e+06   3.2836914e+01
   2.9757160e+06   3.4729004e+01
   2.9758020e+06   4.0161133e+01
   2.9758470e+06   3.3752441e+01
   2.9759190e+06   3.3020020e+01
   2.9760290e+06   4.0954590e+01
   2.9761720e+06   3.9733887e+01
   2.9762890e+06   3.3874512e+01
   2.9763190e+06   3.1555176e+01
   2.9764680e+06   3.1433105e+01
   3.0350990e+06   3.2165527e+01
   3.0351280e+06   3.7231445e+01
   3.0351690e+06   3.8940430e+01
   3.0353350e+06   3.7719727e+01
   3.0355000e+06   3.7048340e+01
   3.0356630e+06   3.2226563e+01
   3.0357800e+06   3.2104492e+01
   3.0854970e+06   3.3081055e+01
   3.0856580e+06   3.1982422e+01
   3.0857210e+06   3.2470703e+01
   3.0857900e+06   3.3386230e+01
   3.0859000e+06   3.1677246e+01
   3.0860480e+06   3.3752441e+01
   3.1349500e+06   3.1433105e+01
   3.1822870e+06   3.3447266e+01
   3.2308230e+06   3.2653809e+01
   3.2308640e+06   3.2775879e+01
   3.2308800e+06   3.4606934e+01
   3.2309760e+06   3.3142090e+01
   3.2312180e+06   4.1809082e+01
   3.2312710e+06   3.2165527e+01
   3.2315300e+06   3.3752441e+01
   3.2319940e+06   3.3874512e+01
   3.2797440e+06   3.2897949e+01
   3.2797790e+06   3.2287598e+01
   3.2800330e+06   3.3081055e+01
   3.2801160e+06   3.4667969e+01
   3.2802170e+06   3.2104492e+01
   3.3267070e+06   3.9916992e+01
   3.3270980e+06   3.6743164e+01
   3.3272800e+06   3.4484863e+01
   3.3274840e+06   3.4240723e+01
   3.3776080e+06   3.2836914e+01
   3.3776750e+06   4.1137695e+01
   3.3777750e+06   3.5339355e+01
   3.3783570e+06   3.5949707e+01
   3.4207790e+06   3.5522461e+01
   3.4209860e+06   3.1982422e+01
   3.4210220e+06   3.2287598e+01
   3.4210730e+06   3.3630371e+01
   3.4823860e+06   3.2714844e+01
   3.4828780e+06   3.5705566e+01
   3.5439170e+06   3.1188965e+01
   3.5443120e+06   3.6193848e+01
   3.5996390e+06   3.5095215e+01
   3.6003720e+06   3.5095215e+01
   3.6008300e+06   3.2226563e+01
   3.6008810e+06   4.1992188e+01
   3.6398080e+06   3.6865234e+01
   3.7164700e+06   4.0344238e+01
   3.7167890e+06   3.4606934e+01
   3.7168930e+06   3.3142090e+01
   3.7169840e+06   3.4667969e+01
   3.7170790e+06   3.2348633e+01
   3.7179190e+06   3.1250000e+01
   3.7181580e+06   3.3630371e+01
   3.7846340e+06   3.3874512e+01
   3.7850440e+06   3.4240723e+01
   3.8392650e+06   4.2358398e+01
   3.8393670e+06   3.5644531e+01
   3.8395130e+06   3.6865234e+01
   3.8396950e+06   3.1860352e+01
   3.8473860e+06   3.2226563e+01
   3.8920480e+06   3.2226563e+01
   3.8922020e+06   3.7414551e+01
   3.8928770e+06   4.1137695e+01
   3.9435550e+06   3.6926270e+01
   3.9441320e+06   3.4790039e+01
   3.9446730e+06   3.1616211e+01
   3.9900120e+06   3.2043457e+01
   3.9903160e+06   3.3569336e+01
   3.9917310e+06   3.3264160e+01
   4.0370850e+06   3.2836914e+01
   4.0372060e+06   4.0588379e+01
   4.0843490e+06   3.4790039e+01
   4.0845980e+06   3.4118652e+01
   4.0848210e+06   3.4729004e+01
   4.0848520e+06   3.4179688e+01
   4.0852440e+06   3.4912109e+01
   4.0858490e+06   3.1372070e+01
   4.0870240e+06   3.4057617e+01
   4.1456450e+06   3.4301758e+01
   4.1458190e+06   3.3386230e+01
   4.1459850e+06   3.1250000e+01
   4.1460260e+06   3.2043457e+01
   4.1460740e+06   3.1921387e+01
   4.1851580e+06   3.3752441e+01
   4.1852680e+06   3.2104492e+01
   4.2260120e+06   3.3386230e+01
   4.2262090e+06   3.5827637e+01
   4.2270600e+06   3.1982422e+01
   4.2700760e+06   3.7170410e+01
   4.2704140e+06   3.1921387e+01
   4.3252040e+06   3.2531738e+01
   4.3252690e+06   3.2470703e+01
   4.3253670e+06   3.3081055e+01
   4.3627290e+06   3.5095215e+01
   4.3633250e+06   3.4729004e+01
   4.3634400e+06   3.4484863e+01
   4.3635220e+06   3.1555176e+01
   4.3636870e+06   3.1494141e+01
   4.3638180e+06   3.2897949e+01
   4.3966970e+06   3.4973145e+01
   4.3972460e+06   3.2592773e+01
   4.3974220e+06   3.1738281e+01
   4.3976940e+06   3.1311035e+01
   4.3978990e+06   3.4179688e+01
   4.4452460e+06   3.2714844e+01
   4.4453860e+06   3.9001465e+01
   4.4459510e+06   3.3569336e+01
   4.4464180e+06   3.6315918e+01
   4.4464440e+06   3.2592773e+01
   4.4465830e+06   3.1188965e+01
   4.4865620e+06   3.2714844e+01
   4.4870530e+06   3.4423828e+01
   4.4873470e+06   3.3325195e+01
   4.5264920e+06   3.3447266e+01
   4.5272080e+06   3.2287598e+01
   4.5275500e+06   3.3569336e+01
   4.5276600e+06   4.1076660e+01
   4.5633210e+06   3.3813477e+01
   4.5633450e+06   3.3325195e+01
   4.5633970e+06   3.1738281e+01
   4.5634910e+06   3.1555176e+01
   4.6004040e+06   3.6682129e+01
   4.6017070e+06   3.7414551e+01
   4.6017650e+06   3.4057617e+01
   4.6421910e+06   3.7170410e+01
   4.6422180e+06   3.4179688e+01
   4.6422820e+06   3.1555176e+01
   4.6423670e+06   3.4606934e+01
   4.6425020e+06   3.5034180e+01
   4.6810350e+06   3.2653809e+01
   4.6811000e+06   3.4118652e+01
   4.6811790e+06   3.6376953e+01
   4.6827710e+06   3.2653809e+01
   4.7244250e+06   3.2226563e+01
   4.7244650e+06   4.5532227e+01
   4.7244960e+06   3.1738281e+01
   4.7245400e+06   3.2043457e+01
   4.7245720e+06   3.8574219e+01
   4.7246970e+06   3.2531738e+01
   4.7247410e+06   3.8696289e+01
   4.7249770e+06   3.2836914e+01
   4.7253710e+06   3.1799316e+01
   4.7623060e+06   3.1799316e+01
   4.7623780e+06   3.4423828e+01
   4.7629550e+06   3.4729004e+01
   4.7635020e+06   3.2958984e+01
   4.8032120e+06   3.9550781e+01
   4.8032650e+06   3.2409668e+01
   4.8034970e+06   4.2907715e+01
   4.8044490e+06   3.2897949e+01
   4.8451380e+06   3.1250000e+01
   4.8451720e+06   3.5339355e+01
   4.8452040e+06   4.0100098e+01
   4.8452800e+06   3.6499023e+01
   4.8453250e+06   3.8818359e+01
   4.8455700e+06   3.8574219e+01
   4.8796890e+06   3.5522461e+01
   4.8797050e+06   3.4057617e+01
   4.8797620e+06   3.2165527e+01
   4.8798290e+06   3.2043457e+01
   4.8799300e+06   3.1555176e+01
   4.8885070e+06   3.1311035e+01
   4.8893520e+06   3.4301758e+01
   4.8896550e+06   3.2958984e+01
   4.8898380e+06   3.3264160e+01
   4.9339060e+06   3.9306641e+01
   4.9339340e+06   3.2531738e+01
   4.9339580e+06   4.0771484e+01
   4.9339970e+06   3.3081055e+01
   4.9340370e+06   3.3447266e+01
   4.9341030e+06   3.1738281e+01
   4.9341840e+06   3.2470703e+01
   4.9342370e+06   3.1494141e+01
   4.9342600e+06   3.5095215e+01
   4.9370270e+06   3.1677246e+01
   4.9543030e+06   3.2592773e+01
   4.9546510e+06   3.1555176e+01
   4.9549120e+06   3.3630371e+01
   4.9553210e+06   3.4912109e+01
   4.9950720e+06   3.3752441e+01
   4.9950890e+06   3.3020020e+01
   4.9951960e+06   3.1311035e+01
   4.9953340e+06   3.2531738e+01
   4.9954050e+06   3.1188965e+01
   4.9954990e+06   3.4240723e+01
   4.9960830e+06   3.3386230e+01
   4.9964820e+06   3.2104492e+01
   4.9970610e+06   3.1616211e+01
   4.9974380e+06   3.5522461e+01
   5.0393960e+06   3.2531738e+01
   5.0394560e+06   3.1982422e+01
   5.0395390e+06   3.1372070e+01
   5.0395530e+06   3.1677246e+01
   5.0396200e+06   3.9489746e+01
   5.0396470e+06   3.3752441e+01
   5.0396790e+06   3.3447266e+01
   5.0397230e+06   3.5156250e+01
   5.0398990e+06   3.1677246e+01
   5.0399880e+06   3.6987305e+01
   5.0403400e+06   3.2714844e+01
   5.0413680e+06   3.3874512e+01
   5.0805500e+06   3.1311035e+01
   5.0805960e+06   4.2358398e+01
   5.0806590e+06   3.6499023e+01
   5.0838770e+06   3.2287598e+01
   5.1184110e+06   3.1860352e+01
   5.1184420e+06   4.3334961e+01
   5.1184890e+06   3.1250000e+01
   5.1190930e+06   3.7597656e+01
   5.1196010e+06   3.1860352e+01
   5.1208030e+06   3.1433105e+01
   5.1586300e+06   3.5522461e+01
   5.1587220e+06   3.2226563e+01
   5.1587700e+06   3.6437988e+01
   5.1588960e+06   3.1799316e+01
   5.1589230e+06   3.5827637e+01
   5.1589950e+06   3.8085938e+01
   5.1591390e+06   3.1799316e+01
   5.1607630e+06   3.3203125e+01
   5.2247130e+06   3.2714844e+01
   5.2247410e+06   3.1799316e+01
   5.2248050e+06   3.3569336e+01
   5.2248330e+06   3.1616211e+01
   5.2286710e+06   3.1799316e+01
   5.2295280e+06   3.3813477e+01
   5.2839440e+06   3.6621094e+01
   5.2840580e+06   3.2653809e+01
   5.2842010e+06   3.3325195e+01
   5.2845480e+06   3.4362793e+01
   5.2850310e+06   3.2165527e+01
   5.2855690e+06   3.5888672e+01
   5.3515340e+06   3.2226563e+01
   5.3515610e+06   3.3447266e+01
   5.3515990e+06   3.3691406e+01
   5.3518060e+06   3.3752441e+01
   5.3524240e+06   3.3752441e+01
   5.3524850e+06   3.5156250e+01
   5.3531070e+06   3.1677246e+01
   5.4046610e+06   3.1494141e+01
   5.4046910e+06   3.2043457e+01
   5.4047820e+06   3.3752441e+01
   5.4050230e+06   3.1677246e+01
   5.4050740e+06   3.2653809e+01
   5.4051890e+06   3.3874512e+01
   5.4052660e+06   3.2409668e+01
   5.4475740e+06   3.2470703e+01
   5.4476090e+06   3.8879395e+01
   5.4476200e+06   3.4057617e+01
   5.4476770e+06   3.1555176e+01
   5.4477000e+06   3.8513184e+01
   5.4477230e+06   3.3020020e+01
   5.4479560e+06   3.1494141e+01
   5.4482010e+06   3.5766602e+01
   5.4485570e+06   3.3569336e+01
   5.4487190e+06   3.6193848e+01
   5.4882560e+06   3.2958984e+01
   5.4882720e+06   3.5766602e+01
   5.4883960e+06   3.3325195e+01
   5.4884280e+06   3.1921387e+01
   5.4885990e+06   3.1494141e+01
   5.4889220e+06   3.3935547e+01
   5.5313900e+06   3.6804199e+01
   5.5314870e+06   3.2775879e+01
   5.5315880e+06   3.2592773e+01
   5.5321370e+06   3.1616211e+01
   5.5713560e+06   4.1381836e+01
   5.5713960e+06   3.1860352e+01
   5.5720260e+06   3.4729004e+01
   5.6133570e+06   3.2531738e+01
   5.6134430e+06   3.1677246e+01
   5.6137370e+06   3.2836914e+01
   5.6140970e+06   3.6010742e+01
   5.6632130e+06   4.3212891e+01
   5.6632560e+06   3.1188965e+01
   5.6632820e+06   3.5522461e+01
   5.6633700e+06   3.2958984e+01
   5.6636940e+06   3.1738281e+01
   5.6637370e+06   3.5766602e+01
   5.6637640e+06   3.2287598e+01
   5.7092240e+06   3.6010742e+01
   5.7596210e+06   3.5827637e+01
   5.7596360e+06   3.9245605e+01
   5.7597500e+06   3.1555176e+01
   5.7597930e+06   3.2653809e+01
   5.7600510e+06   3.1982422e+01
   5.7600860e+06   3.1494141e+01
   5.7602000e+06   3.4118652e+01
   5.8092150e+06   3.4729004e+01
   5.8093540e+06   3.8818359e+01
   5.8567080e+06   3.1677246e+01
   5.8571080e+06   3.1860352e+01
   5.8574590e+06   3.1188965e+01
   5.8580030e+06   3.6437988e+01
   5.9106770e+06   3.2165527e+01
   5.9365070e+06   3.5278320e+01
   5.9374890e+06   3.1799316e+01
   5.9375470e+06   3.8696289e+01
   5.9893940e+06   3.9367676e+01
   6.0491800e+06   4.0161133e+01
   6.0499410e+06   3.2348633e+01
   6.0519570e+06   3.2714844e+01
   6.1211290e+06   3.1799316e+01
   6.1212950e+06   3.5400391e+01
   6.1213250e+06   3.2775879e+01
   6.1213840e+06   3.1250000e+01
   6.1216170e+06   3.3874512e+01
   6.1787770e+06   3.3813477e+01
   6.1808530e+06   3.3508301e+01
   6.1817360e+06   3.3020020e+01
   6.3018360e+06   3.8879395e+01
   6.3018590e+06   3.6071777e+01
   6.3019580e+06   3.5705566e+01
   6.3031560e+06   3.3752441e+01
   6.3038280e+06   3.4790039e+01
   6.3039770e+06   3.4484863e+01
   6.3630060e+06   3.1921387e+01
   6.3630500e+06   3.1433105e+01
   6.3635910e+06   3.3447266e+01
   6.4258570e+06   4.4433594e+01
   6.4260210e+06   3.3081055e+01
   6.4266310e+06   3.5583496e+01
   6.4267990e+06   3.3752441e+01
   6.4271180e+06   3.4973145e+01
   6.4801820e+06   3.3691406e+01
   6.4804940e+06   3.3386230e+01
   6.4809360e+06   3.7780762e+01
   6.4810590e+06   3.4423828e+01
   6.4810880e+06   3.1799316e+01
   6.5403760e+06   3.2226563e+01
   6.5421220e+06   3.1311035e+01
   6.6091340e+06   3.5278320e+01
   6.6094400e+06   3.5217285e+01
   6.6094890e+06   3.6926270e+01
   6.6102370e+06   3.2165527e+01
   6.6111970e+06   3.6010742e+01
   6.6591910e+06   3.2592773e+01
   6.6593890e+06   3.4118652e+01
   6.6594240e+06   3.2409668e+01
   6.6595020e+06   3.1311035e+01
   6.6599340e+06   3.2287598e+01
   6.7170990e+06   3.1982422e+01
   6.7173000e+06   3.8635254e+01
   6.7173730e+06   3.5278320e+01
   6.7620110e+06   3.4301758e+01
   6.7625780e+06   3.3447266e+01
   6.7626000e+06   3.3325195e+01
   6.7632570e+06   3.4606934e+01
   6.8116710e+06   3.1738281e+01
   6.8118060e+06   3.1921387e+01
   6.8123170e+06   3.8208008e+01
   6.8526000e+06   3.1433105e+01
   6.8536250e+06   3.6926270e+01
   6.8541750e+06   3.2165527e+01
   6.9046180e+06   3.3203125e+01
   6.9052980e+06   3.8269043e+01
   6.9053290e+06   3.1677246e+01
   6.9061260e+06   3.1188965e+01
   6.9511070e+06   3.5766602e+01
   6.9514540e+06   3.1494141e+01
   6.9516030e+06   3.3874512e+01
   6.9519990e+06   3.1616211e+01
   6.9525030e+06   3.2287598e+01
   7.0033770e+06   3.3874512e+01
   7.0447860e+06   3.1250000e+01
   7.0448170e+06   3.4301758e+01
   7.0459060e+06   3.1188965e+01
   7.0459710e+06   3.1433105e+01
   7.0863110e+06   3.1311035e+01
   7.0865950e+06   3.7414551e+01
   7.0876460e+06   3.1799316e+01
   7.1356860e+06   3.4851074e+01
   7.1357210e+06   3.3447266e+01
   7.1357510e+06   3.2043457e+01
   7.1358220e+06   3.2043457e+01
   7.1360170e+06   3.1494141e+01
   7.1784870e+06   3.4545898e+01
   7.1794990e+06   3.3325195e+01
   7.1795530e+06   3.2592773e+01
   7.1796110e+06   3.2531738e+01
   7.1798260e+06   3.3508301e+01
   7.2225290e+06   3.1372070e+01
   7.2225520e+06   3.3142090e+01
   7.2232080e+06   4.0039063e+01
   7.2235050e+06   3.1799316e+01
   7.2238030e+06   3.3508301e+01
   7.2238280e+06   3.1921387e+01
   7.2241820e+06   3.2470703e+01
   7.2640170e+06   4.2907715e+01
   7.2640730e+06   3.3264160e+01
   7.2642510e+06   3.5400391e+01
   7.2644710e+06   3.8452148e+01
   7.2645710e+06   3.6010742e+01
   7.3034670e+06   3.5278320e+01
   7.3034770e+06   3.5583496e+01
   7.3035150e+06   3.3569336e+01
   7.3035260e+06   3.2897949e+01
   7.3038230e+06   3.5522461e+01
   7.3039050e+06   3.2409668e+01
   7.3422030e+06   3.2287598e+01
   7.3424320e+06   3.1738281e+01
   7.3426050e+06   3.4484863e+01
   7.3429990e+06   3.3142090e+01
   7.3869900e+06   3.7475586e+01
   7.3870180e+06   3.8513184e+01
   7.3872570e+06   3.1372070e+01
   7.3877820e+06   3.4179688e+01
   7.3880140e+06   3.2714844e+01
   7.4177170e+06   3.5156250e+01
   7.4178000e+06   3.1250000e+01
   7.4181130e+06   3.4118652e+01
   7.4181330e+06   3.4484863e+01
   7.4183420e+06   3.3752441e+01
   7.4592160e+06   3.5156250e+01
   7.4594430e+06   3.8085938e+01
   7.4594610e+06   3.1372070e+01
   7.4596100e+06   3.2348633e+01
   7.4596490e+06   3.1921387e+01
   7.4609350e+06   3.3569336e+01
   7.4637890e+06   3.1616211e+01
   7.5061800e+06   3.2836914e+01
   7.5062060e+06   4.1931152e+01
   7.5062410e+06   3.6682129e+01
   7.5062770e+06   3.2775879e+01
   7.5064970e+06   3.1494141e+01
   7.5065290e+06   3.1250000e+01
   7.5065930e+06   3.2043457e+01
   7.5066370e+06   4.1625977e+01
   7.5069360e+06   3.4545898e+01
   7.5074110e+06   3.1616211e+01
   7.5089920e+06   3.2653809e+01
   7.5494070e+06   3.3020020e+01
   7.5494260e+06   3.7231445e+01
   7.5494610e+06   3.1799316e+01
   7.5505730e+06   3.3813477e+01
   7.5516590e+06   3.6926270e+01
   7.5518300e+06   3.2958984e+01
   7.5969810e+06   3.1738281e+01
   7.5970200e+06   3.6010742e+01
   7.5970360e+06   3.5705566e+01
   7.5970480e+06   3.2958984e+01
   7.5971270e+06   4.1931152e+01
   7.5971500e+06   3.1799316e+01
   7.5974280e+06   3.3752441e+01
   7.5980360e+06   3.2958984e+01
   7.5991760e+06   3.2714844e+01
   7.5995820e+06   3.5644531e+01
   7.5998740e+06   3.6193848e+01
   7.6003170e+06   3.5583496e+01
   7.6540520e+06   3.7536621e+01
   7.6540720e+06   3.3508301e+01
   7.6540960e+06   3.3081055e+01
   7.6541270e+06   4.1137695e+01
   7.6541810e+06   3.5034180e+01
   7.6542030e+06   3.6560059e+01
   7.6542580e+06   4.0893555e+01
   7.6544150e+06   3.1921387e+01
   7.6551350e+06   3.1494141e+01
   7.6553830e+06   3.1799316e+01
   7.7185170e+06   4.5288086e+01
   7.7185400e+06   3.6499023e+01
   7.7186000e+06   4.1992188e+01
   7.7186330e+06   3.3996582e+01
   7.7187720e+06   3.6376953e+01
   7.7188200e+06   3.1982422e+01
   7.7188780e+06   3.6254883e+01
   7.7188970e+06   3.3325195e+01
   7.7192770e+06   3.3325195e+01
   7.7194440e+06   3.5156250e+01
   7.7201830e+06   3.2104492e+01
   7.7202120e+06   3.6437988e+01
   7.7216280e+06   3.4179688e+01
   7.7234570e+06   3.1799316e+01
   7.7901560e+06   3.6804199e+01
   7.7902030e+06   3.7048340e+01
   7.7904010e+06   3.6437988e+01
   7.7907670e+06   3.3569336e+01
   7.7908600e+06   3.1921387e+01
   7.7914170e+06   3.4851074e+01
   7.7915350e+06   3.3020020e+01
   7.7916140e+06   3.4118652e+01
   7.7932870e+06   3.2104492e+01
   7.7943000e+06   3.2592773e+01
   7.8460730e+06   3.2592773e+01
   7.8461580e+06   3.3569336e+01
   7.8462760e+06   4.7729492e+01
   7.8463570e+06   3.3081055e+01
   7.8467720e+06   3.2714844e+01
   7.8468790e+06   3.1738281e+01
   7.8931960e+06   3.1860352e+01
   7.8932160e+06   3.1494141e+01
   7.8932700e+06   3.5461426e+01
   7.8933150e+06   3.2836914e+01
   7.8934640e+06   3.6437988e+01
   7.8936410e+06   3.5400391e+01
   7.8937370e+06   3.1616211e+01
   7.8938490e+06   3.6926270e+01
   7.8940180e+06   3.1799316e+01
   7.9361730e+06   3.5888672e+01
   7.9362500e+06   3.1921387e+01
   7.9363770e+06   3.3691406e+01
   7.9373280e+06   3.4362793e+01
   7.9377280e+06   4.2053223e+01
   7.9819800e+06   3.1494141e+01
   7.9828560e+06   3.1250000e+01
   8.0322670e+06   3.1921387e+01
   8.0324030e+06   3.4057617e+01
   8.0327300e+06   3.9428711e+01
   8.0330310e+06   3.1555176e+01
   8.0340660e+06   3.2714844e+01
   8.0845980e+06   3.3081055e+01
   8.0846910e+06   3.1250000e+01
   8.0847080e+06   3.3447266e+01
   8.0849220e+06   3.6499023e+01
   8.0849720e+06   3.1372070e+01
   8.0852360e+06   3.2287598e+01
   8.0853430e+06   3.1311035e+01
   8.1281610e+06   4.0466309e+01
   8.1285240e+06   3.7536621e+01
   8.1850900e+06   3.3447266e+01
   8.1851860e+06   3.2165527e+01
   8.1854080e+06   3.1433105e+01
   8.2334750e+06   3.2409668e+01
   8.2340690e+06   3.7353516e+01
   8.2346480e+06   3.2348633e+01
   8.2807320e+06   3.2775879e+01
   8.2808740e+06   3.1372070e+01
   8.2810880e+06   3.3935547e+01
   8.3581820e+06   3.3264160e+01
   8.3583590e+06   3.3630371e+01
   8.3854680e+06   3.2226563e+01
   8.3856780e+06   3.3386230e+01
   8.3871650e+06   3.1677246e+01
   8.4145720e+06   3.3142090e+01
   8.4146840e+06   3.1311035e+01
   8.4158660e+06   3.5339355e+01
   8.4488270e+06   3.2592773e+01
   8.4795190e+06   3.4912109e+01
   8.4810340e+06   3.1616211e+01
   8.4818270e+06   3.1921387e+01
   8.5301830e+06   3.3386230e+01
   8.5322200e+06   3.4729004e+01
   8.5656680e+06   3.7841797e+01
   8.5657190e+06   3.5034180e+01
   8.5657720e+06   3.7963867e+01
   8.5659640e+06   3.3447266e+01
   8.5663800e+06   3.6499023e+01
   8.6406360e+06   3.6621094e+01
   8.6424000e+06   3.4729004e+01
   8.6435120e+06   3.1555176e+01
   8.6435930e+06   3.3325195e+01
   8.6441110e+06   3.4179688e+01
   8.6441280e+06   3.4790039e+01
   8.6444370e+06   3.2409668e+01
   8.6446050e+06   3.7048340e+01
   8.6453280e+06   3.3142090e+01
   8.7203660e+06   3.8208008e+01
   8.7210060e+06   3.9123535e+01
   8.7210870e+06   3.1372070e+01
   8.7213440e+06   3.2653809e+01
   8.7911510e+06   3.1372070e+01
   8.7917590e+06   3.1799316e+01
   8.7918520e+06   3.2653809e+01
   8.7922310e+06   3.1921387e+01
   8.7923450e+06   3.2287598e+01
   8.8363350e+06   3.2348633e+01
   8.8366300e+06   3.1372070e+01
   8.8371100e+06   3.4667969e+01
   8.8985480e+06   3.1860352e+01
   8.8987980e+06   3.1311035e+01
   8.8991570e+06   3.1860352e+01
   8.8994920e+06   3.1677246e+01
   8.9272060e+06   3.2714844e+01
   8.9275130e+06   3.3935547e+01
   8.9861910e+06   3.4301758e+01
   8.9863120e+06   3.3752441e+01
   8.9864690e+06   3.8085938e+01
   8.9865250e+06   3.3142090e+01
   8.9865900e+06   3.3813477e+01
   8.9867260e+06   3.6437988e+01
   9.0131940e+06   3.5461426e+01
   9.0132410e+06   3.1982422e+01
   9.0138190e+06   3.2897949e+01
   9.0140650e+06   3.6071777e+01
   9.0593520e+06   3.3874512e+01
   9.0599410e+06   3.3874512e+01
   9.1334050e+06   3.1616211e+01
   9.1339790e+06   3.3142090e+01
   9.1340400e+06   3.4667969e+01
   9.1969360e+06   3.4301758e+01
   9.1971280e+06   3.1982422e+01
   9.1974860e+06   3.3081055e+01
   9.2619310e+06   3.5400391e+01
   9.2621280e+06   3.2104492e+01
   9.2627460e+06   3.2226563e+01
   9.2637660e+06   3.8940430e+01
   9.2638230e+06   3.6376953e+01
   9.2638600e+06   3.4057617e+01
   9.2914300e+06   3.4301758e+01
   9.2914790e+06   3.4729004e+01
   9.2915160e+06   3.2958984e+01
   9.2917900e+06   3.2165527e+01
   9.2922160e+06   3.3996582e+01
   9.3477780e+06   3.2104492e+01
   9.3482090e+06   3.2348633e+01
   9.3489160e+06   3.1311035e+01
   9.3493440e+06   3.1555176e+01
   9.3520650e+06   4.1198730e+01
   9.4003360e+06   3.1250000e+01
   9.4004640e+06   3.1555176e+01
   9.4006030e+06   3.1677246e+01
   9.4326520e+06   3.9123535e+01
   9.4734480e+06   3.2958984e+01
   9.4734740e+06   3.2592773e+01
   9.4741070e+06   3.3508301e+01
   9.4852000e+06   4.1259766e+01
   9.4856290e+06   3.1799316e+01
   9.4862250e+06   3.1860352e+01
   9.5288080e+06   3.2653809e+01
   9.5288490e+06   3.4423828e+01
   9.5289290e+06   3.3508301e+01
   9.5289530e+06   3.2653809e+01
   9.5748820e+06   3.4912109e+01
   9.6131730e+06   3.1372070e+01
   9.6136240e+06   3.9062500e+01
   9.6140460e+06   3.3142090e+01
   9.6141420e+06   3.3996582e+01
   9.6141700e+06   3.4240723e+01
   9.6514960e+06   3.1555176e+01
   9.6517500e+06   3.2165527e+01
   9.6521700e+06   3.1799316e+01
   9.6523910e+06   3.2531738e+01
   9.6525750e+06   3.2226563e+01
   9.6526330e+06   3.5644531e+01
   9.6531760e+06   3.3325195e+01
   9.6859630e+06   3.2226563e+01
   9.6859960e+06   4.0954590e+01
   9.6868130e+06   3.3813477e+01
   9.7252340e+06   3.6376953e+01
   9.7253940e+06   3.1677246e+01
   9.7255710e+06   3.3081055e+01
   9.7558440e+06   3.2104492e+01
   9.7770880e+06   3.4606934e+01
   9.7774110e+06   3.3447266e+01
   9.7781000e+06   3.5766602e+01
   9.8064310e+06   3.3325195e+01
   9.8314220e+06   3.5766602e+01
   9.8324780e+06   3.4240723e+01
   9.8555100e+06   3.1494141e+01
   9.8775820e+06   3.4912109e+01
   9.8779270e+06   3.2043457e+01
   9.8783320e+06   3.2409668e+01
   9.9171620e+06   3.1494141e+01
   9.9172630e+06   3.5034180e+01
   9.9173190e+06   3.2531738e+01
   9.9175510e+06   3.4484863e+01
   9.9181040e+06   3.4240723e+01
   9.9378900e+06   3.2348633e+01
   9.9379570e+06   3.1433105e+01
   9.9380040e+06   3.4057617e+01
   9.9380670e+06   3.2714844e+01
   9.9380780e+06   3.1799316e+01
   9.9381540e+06   3.5949707e+01
   9.9601230e+06   3.3020020e+01
   9.9614220e+06   3.5217285e+01
   9.9802480e+06   3.3691406e+01
   9.9806150e+06   3.2531738e+01
   1.0003681e+07   3.6499023e+01
   1.0030661e+07   3.3142090e+01
   1.0047130e+07   3.1555176e+01
   1.0047972e+07   3.3264160e+01
   1.0048038e+07   3.4240723e+01
   1.0074918e+07   3.1738281e+01
   1.0075123e+07   3.4240723e+01
   1.0101192e+07   3.1738281e+01
   1.0102341e+07   3.1738281e+01
   1.0126198e+07   3.2897949e+01
   1.0155602e+07   3.1982422e+01
   1.0156270e+07   3.5095215e+01
   1.0189037e+07   3.4057617e+01
   1.0189056e+07   3.2165527e+01
   1.0189086e+07   3.1738281e+01
   1.0189257e+07   3.1433105e+01
   1.0190489e+07   3.3142090e+01
   1.0215079e+07   3.2409668e+01
   1.0235440e+07   3.1860352e+01
   1.0235508e+07   3.3996582e+01
   1.0235530e+07   3.1250000e+01
   1.0235632e+07   3.4606934e+01
   1.0235825e+07   3.2409668e+01
   1.0235948e+07   3.5888672e+01
   1.0236139e+07   3.1311035e+01
   1.0236211e+07   3.7170410e+01
   1.0236819e+07   3.2348633e+01
   1.0275683e+07   3.1860352e+01
   1.0275698e+07   3.1921387e+01
   1.0275750e+07   3.1982422e+01
   1.0275929e+07   3.3996582e+01
   1.0276058e+07   3.3447266e+01
   1.0276134e+07   3.2165527e+01
   1.0276271e+07   3.7536621e+01
   1.0276374e+07   3.1982422e+01
   1.0276860e+07   3.2714844e+01
   1.0277150e+07   3.3203125e+01
   1.0316552e+07   3.4790039e+01
   1.0317998e+07   3.3020020e+01
   1.0359944e+07   3.4545898e+01
   1.0360044e+07   3.1494141e+01
   1.0360107e+07   3.1738281e+01
   1.0360281e+07   3.5827637e+01
   1.0360649e+07   3.1494141e+01
   1.0361128e+07   3.2531738e+01
   1.0405437e+07   3.2226563e+01
   1.0405668e+07   3.4179688e+01
   1.0405887e+07   3.3386230e+01
   1.0405927e+07   3.2348633e+01
   1.0409517e+07   3.1555176e+01
   1.0447295e+07   3.3996582e+01
   1.0447325e+07   3.1921387e+01
   1.0447347e+07   3.2592773e+01
   1.0447424e+07   3.9733887e+01
   1.0447535e+07   3.5156250e+01
   1.0447801e+07   3.7963867e+01
   1.0448704e+07   3.1311035e+01
   1.0488759e+07   3.9428711e+01
   1.0488904e+07   3.8085938e+01
   1.0488987e+07   3.9550781e+01
   1.0489022e+07   3.1188965e+01
   1.0489049e+07   3.1188965e+01
   1.0489066e+07   3.2470703e+01
   1.0489106e+07   3.4301758e+01
   1.0492431e+07   3.2226563e+01
   1.0492888e+07   3.3142090e+01
   1.0531856e+07   3.1311035e+01
   1.0531912e+07   3.4240723e+01
   1.0531961e+07   3.1311035e+01
   1.0532015e+07   3.8208008e+01
   1.0532216e+07   3.1738281e+01
   1.0532442e+07   3.2165527e+01
   1.0533000e+07   3.3691406e+01
   1.0576929e+07   3.1616211e+01
   1.0577078e+07   3.2775879e+01
   1.0577271e+07   3.5339355e+01
   1.0628210e+07   3.9184570e+01
   1.0628245e+07   3.6621094e+01
   1.0628261e+07   3.4057617e+01
   1.0628289e+07   3.3203125e+01
   1.0628420e+07   3.1311035e+01
   1.0628466e+07   3.4057617e+01
   1.0628528e+07   3.4301758e+01
   1.0628617e+07   3.2043457e+01
   1.0628899e+07   3.3203125e+01
   1.0629195e+07   3.6987305e+01
   1.0630025e+07   3.2165527e+01
   1.0682537e+07   3.2226563e+01
   1.0682565e+07   3.5522461e+01
   1.0682697e+07   3.2592773e+01
   1.0682816e+07   3.1982422e+01
   1.0683077e+07   3.1555176e+01
   1.0683415e+07   3.3020020e+01
   1.0683446e+07   3.1738281e+01
   1.0743451e+07   3.2104492e+01
   1.0743493e+07   3.7536621e+01
   1.0743629e+07   3.6499023e+01
   1.0743731e+07   3.1372070e+01
   1.0743919e+07   3.3569336e+01
   1.0744149e+07   3.1677246e+01
   1.0744275e+07   3.5400391e+01
   1.0744431e+07   3.3508301e+01
   1.0808034e+07   3.2226563e+01
   1.0808058e+07   3.2531738e+01
   1.0808086e+07   3.3142090e+01
   1.0808165e+07   3.1555176e+01
   1.0808190e+07   3.5278320e+01
   1.0808231e+07   3.7780762e+01
   1.0811255e+07   3.6987305e+01
   1.0812125e+07   3.1311035e+01
   1.0873627e+07   3.1555176e+01
   1.0873647e+07   3.7292480e+01
   1.0873714e+07   4.4006348e+01
   1.0873883e+07   3.4851074e+01
   1.0873964e+07   3.4606934e+01
   1.0874120e+07   3.2348633e+01
   1.0874161e+07   3.4912109e+01
   1.0937506e+07   3.4362793e+01
   1.0937559e+07   4.3334961e+01
   1.0937745e+07   3.4362793e+01
   1.0938356e+07   3.1982422e+01
   1.0991584e+07   3.5156250e+01
   1.0991648e+07   3.3325195e+01
   1.0991717e+07   3.1311035e+01
   1.0991820e+07   3.3569336e+01
   1.1038773e+07   3.2104492e+01
   1.1038830e+07   3.1616211e+01
   1.1038865e+07   3.4179688e+01
   1.1038884e+07   3.1860352e+01
   1.1038943e+07   3.3691406e+01
   1.1038961e+07   3.4545898e+01
   1.1038979e+07   3.5217285e+01
   1.1039040e+07   3.3813477e+01
   1.1077428e+07   3.2470703e+01
   1.1077544e+07   3.5400391e+01
   1.1077676e+07   3.1616211e+01
   1.1077711e+07   3.3020020e+01
   1.1077904e+07   3.4484863e+01
   1.1118849e+07   3.2043457e+01
   1.1118948e+07   3.3630371e+01
   1.1119141e+07   3.8391113e+01
   1.1119261e+07   3.7109375e+01
   1.1119437e+07   3.1188965e+01
   1.1119603e+07   3.2653809e+01
   1.1164429e+07   3.3386230e+01
   1.1164550e+07   3.1311035e+01
   1.1164663e+07   3.7475586e+01
   1.1206824e+07   3.3935547e+01
   1.1207306e+07   3.6315918e+01
   1.1253321e+07   3.2775879e+01
   1.1253390e+07   3.2592773e+01
   1.1254067e+07   3.1677246e+01
   1.1299307e+07   3.1372070e+01
   1.1299474e+07   3.4606934e+01
   1.1345988e+07   3.1433105e+01
   1.1346445e+07   3.1372070e+01
   1.1346736e+07   3.5766602e+01
   1.1410258e+07   3.1677246e+01
   1.1410307e+07   3.5827637e+01
   1.1410347e+07   3.7170410e+01
   1.1410452e+07   3.2531738e+01
   1.1410769e+07   3.8330078e+01
   1.1410850e+07   3.1860352e+01
   1.1411038e+07   3.7292480e+01
   1.1481356e+07   3.1372070e+01
   1.1481852e+07   3.1372070e+01
   1.1482824e+07   3.3569336e+01
   1.1482960e+07   3.4606934e+01
   1.1536401e+07   3.1250000e+01
   1.1536659e+07   3.3813477e+01
   1.1536770e+07   3.4240723e+01
   1.1536781e+07   3.2775879e+01
   1.1536977e+07   3.5705566e+01
   1.1537101e+07   3.3264160e+01
   1.1537191e+07   3.3203125e+01
   1.1619863e+07   3.2348633e+01
   1.1640253e+07   3.1921387e+01
   1.1640631e+07   3.1860352e+01
   1.1640825e+07   3.2409668e+01
   1.1640860e+07   3.5278320e+01
   1.1712468e+07   3.4362793e+01
   1.1792680e+07   3.2104492e+01
   1.1792709e+07   3.3874512e+01
   1.1792827e+07   3.2592773e+01
   1.1793070e+07   3.5766602e+01
   1.1793207e+07   3.2653809e+01
   1.1852248e+07   4.0161133e+01
   1.1852576e+07   3.2531738e+01
   1.1852711e+07   3.2470703e+01
   1.1852887e+07   3.3020020e+01
   1.1900334e+07   3.2348633e+01
   1.1976442e+07   3.1188965e+01
   1.1976507e+07   3.2104492e+01
   1.1976579e+07   3.8757324e+01
   1.1977046e+07   3.2958984e+01
   1.1977629e+07   3.1372070e+01
   1.1977904e+07   3.6254883e+01
