   1.1999000e+07   0.0000000e+00
   3.8737000e+04   8.0505371e+01
   3.8811000e+04   4.0344238e+01
   3.8848000e+04   3.9733887e+01
   3.8902000e+04   3.9733887e+01
   3.8916000e+04   4.9072266e+01
   3.9162000e+04   4.0405273e+01
   6.9434000e+04   4.8278809e+01
   6.9616000e+04   4.1931152e+01
   9.3604000e+04   4.4189453e+01
   9.3635000e+04   4.0100098e+01
   9.4179000e+04   7.3425293e+01
   9.4321000e+04   4.3029785e+01
   1.1593700e+05   4.4006348e+01
   1.1608200e+05   4.2236328e+01
   1.1652500e+05   9.3261719e+01
   1.1655100e+05   7.7758789e+01
   1.1658200e+05   5.4626465e+01
   1.1666400e+05   4.0405273e+01
   1.1670500e+05   4.3151855e+01
   1.4386400e+05   8.4106445e+01
   1.4387900e+05   6.7932129e+01
   1.4390900e+05   4.1564941e+01
   1.4393300e+05   5.2673340e+01
   1.4394700e+05   3.9978027e+01
   1.4398000e+05   5.0231934e+01
   1.4412100e+05   4.6691895e+01
   1.4423600e+05   4.1259766e+01
   1.4432100e+05   4.3579102e+01
   1.7562800e+05   4.6447754e+01
   1.7586600e+05   4.1442871e+01
   1.7589500e+05   4.1320801e+01
   1.9977700e+05   3.9978027e+01
   1.9988000e+05   4.4189453e+01
   1.9992700e+05   4.1564941e+01
   2.2568300e+05   7.1228027e+01
   2.2578200e+05   7.9284668e+01
   2.2579800e+05   6.0607910e+01
   2.5235300e+05   4.2236328e+01
   2.5237700e+05   6.4636230e+01
   2.5257100e+05   4.1625977e+01
   2.8118600e+05   8.3374023e+01
   2.8129700e+05   8.0993652e+01
   2.8137800e+05   4.1076660e+01
   2.8138900e+05   5.2978516e+01
   2.8146800e+05   4.5043945e+01
   2.8154800e+05   5.0048828e+01
   2.8172100e+05   4.2053223e+01
   2.8173100e+05   6.6162109e+01
   2.9875700e+05   7.8613281e+01
   2.9906500e+05   4.4128418e+01
   3.2214300e+05   5.7556152e+01
   3.2216400e+05   8.5144043e+01
   3.2217600e+05   4.9011230e+01
   3.2220900e+05   4.0832520e+01
   3.2227100e+05   4.0039063e+01
   3.2233100e+05   4.4372559e+01
   3.2241500e+05   5.2429199e+01
   3.4952500e+05   9.0881348e+01
   3.4958700e+05   5.0231934e+01
   3.4965200e+05   6.0241699e+01
   3.4969700e+05   4.3029785e+01
   3.4974400e+05   4.1625977e+01
   3.4981600e+05   4.3029785e+01
   3.4989000e+05   4.3151855e+01
   3.5010600e+05   5.1025391e+01
   3.5011600e+05   6.7749023e+01
   3.7899600e+05   6.6406250e+01
   3.7902100e+05   9.5458984e+01
   3.7908300e+05   5.4504395e+01
   3.7911200e+05   4.3884277e+01
   3.7917900e+05   4.2053223e+01
   3.7924100e+05   4.4860840e+01
   3.7931500e+05   6.2622070e+01
   3.7932700e+05   5.0354004e+01
   3.7939200e+05   4.2114258e+01
   3.7944600e+05   4.6264648e+01
   3.7946600e+05   4.0161133e+01
   3.7949500e+05   4.5471191e+01
   3.7955700e+05   7.7697754e+01
   3.7965700e+05   5.8166504e+01
   3.7981800e+05   4.0832520e+01
   3.7987900e+05   4.4799805e+01
   3.7999400e+05   4.2114258e+01
   3.8015200e+05   5.3588867e+01
   3.8045100e+05   4.1503906e+01
   3.8077200e+05   4.0222168e+01
   3.8113600e+05   4.2236328e+01
   3.8132200e+05   4.0649414e+01
   3.8148300e+05   4.9682617e+01
   3.8334400e+05   4.0954590e+01
   3.8362600e+05   4.0039063e+01
   4.2015800e+05   7.1533203e+01
   4.2018400e+05   4.0100098e+01
   4.2024500e+05   5.3710938e+01
   4.2025700e+05   7.8979492e+01
   4.2031900e+05   4.2724609e+01
   4.2033400e+05   6.7199707e+01
   4.2037900e+05   4.4860840e+01
   4.2040300e+05   4.5104980e+01
   4.2044100e+05   5.5175781e+01
   4.2045500e+05   4.7790527e+01
   4.2052700e+05   6.5673828e+01
   4.2060900e+05   4.4006348e+01
   4.2065800e+05   4.5166016e+01
   4.2097500e+05   4.3884277e+01
   4.2191000e+05   4.1137695e+01
   4.2266700e+05   4.1259766e+01
   4.2280100e+05   4.3640137e+01
   4.2282400e+05   4.1076660e+01
   4.2318600e+05   4.3212891e+01
   4.2333200e+05   5.1147461e+01
   4.2381300e+05   5.3833008e+01
   4.6284200e+05   4.9987793e+01
   4.6286200e+05   1.0424805e+02
   4.6289900e+05   7.6110840e+01
   4.6293600e+05   4.4189453e+01
   4.6296600e+05   5.1391602e+01
   4.6298600e+05   4.1320801e+01
   4.6308800e+05   4.8278809e+01
   4.6315600e+05   4.8522949e+01
   4.6323800e+05   4.7912598e+01
   4.6342200e+05   4.1320801e+01
   4.6447800e+05   4.1625977e+01
   4.6567900e+05   4.1381836e+01
   4.6600000e+05   4.3090820e+01
   4.6603100e+05   4.2175293e+01
   4.6654200e+05   3.9978027e+01
   4.6693700e+05   4.0161133e+01
   4.6702100e+05   4.1320801e+01
   4.6726300e+05   4.0588379e+01
   4.6745400e+05   4.0161133e+01
   4.8468800e+05   4.2175293e+01
   4.8473000e+05   1.1199951e+02
   4.8486000e+05   6.5368652e+01
   4.8487500e+05   4.0954590e+01
   4.8489400e+05   4.0649414e+01
   4.8493000e+05   4.1076660e+01
   4.8499300e+05   5.4077148e+01
   4.8505700e+05   4.2663574e+01
   4.8517400e+05   5.2734375e+01
   4.8518900e+05   4.8889160e+01
   4.8528300e+05   4.0161133e+01
   4.8530300e+05   4.9560547e+01
   4.8538400e+05   4.4250488e+01
   4.8540500e+05   4.6325684e+01
   4.8541600e+05   4.4982910e+01
   4.8551500e+05   5.2612305e+01
   4.8562000e+05   4.2724609e+01
   4.8572500e+05   4.7973633e+01
   4.8578300e+05   4.2602539e+01
   4.8582700e+05   4.0771484e+01
   4.8607100e+05   4.6264648e+01
   4.8620400e+05   4.8828125e+01
   4.8644100e+05   4.3334961e+01
   4.8665000e+05   4.5959473e+01
   5.2120000e+05   5.1391602e+01
   5.2122000e+05   1.1889648e+02
   5.2125900e+05   4.4433594e+01
   5.2133200e+05   4.0893555e+01
   5.2140200e+05   4.1015625e+01
   5.2146200e+05   4.1564941e+01
   5.2152000e+05   4.9560547e+01
   5.2157100e+05   4.1137695e+01
   5.2159800e+05   4.1137695e+01
   5.2160900e+05   4.1748047e+01
   5.2169500e+05   4.2358398e+01
   5.2186500e+05   4.1625977e+01
   5.2242100e+05   4.2602539e+01
   5.2313300e+05   5.1513672e+01
   5.2368000e+05   4.1015625e+01
   5.2390800e+05   4.4372559e+01
   5.2421900e+05   4.2785645e+01
   5.2439600e+05   4.1137695e+01
   5.2674700e+05   4.5104980e+01
   5.7145600e+05   1.0546875e+02
   5.7148700e+05   5.7983398e+01
   5.7150000e+05   6.4208984e+01
   5.7155100e+05   4.6569824e+01
   5.7160800e+05   4.5532227e+01
   5.7163200e+05   4.0161133e+01
   5.7167000e+05   3.9733887e+01
   5.7170000e+05   3.9916992e+01
   5.7173800e+05   4.7363281e+01
   5.7176500e+05   4.7668457e+01
   5.7189600e+05   4.2297363e+01
   5.7205100e+05   4.1564941e+01
   5.7342500e+05   4.7729492e+01
   5.7545800e+05   4.1442871e+01
   5.7567800e+05   4.2663574e+01
   5.7592700e+05   4.0344238e+01
   6.2428900e+05   4.9987793e+01
   6.2430100e+05   5.7189941e+01
   6.2434300e+05   4.7973633e+01
   6.2436700e+05   4.7302246e+01
   6.2438700e+05   4.5043945e+01
   6.2440900e+05   4.5104980e+01
   6.2452000e+05   4.2907715e+01
   6.2453300e+05   4.1809082e+01
   6.2466900e+05   4.7607422e+01
   6.2477200e+05   4.1687012e+01
   6.2616500e+05   3.9794922e+01
   6.2655700e+05   4.2419434e+01
   6.2809000e+05   4.1503906e+01
   6.3009900e+05   5.5786133e+01
   6.3054600e+05   3.9733887e+01
   6.8281600e+05   9.5886230e+01
   6.8285200e+05   7.0373535e+01
   6.8287200e+05   4.8706055e+01
   6.8289900e+05   4.2053223e+01
   6.8293400e+05   3.9794922e+01
   6.8295100e+05   6.3964844e+01
   6.8297700e+05   4.4189453e+01
   6.8301800e+05   5.1025391e+01
   6.8305000e+05   4.3212891e+01
   6.8328100e+05   4.6875000e+01
   6.8339800e+05   4.0649414e+01
   6.8366400e+05   4.0649414e+01
   6.8407400e+05   4.3945313e+01
   6.8410600e+05   3.9978027e+01
   6.8434300e+05   4.0527344e+01
   6.8448500e+05   4.0466309e+01
   6.8450900e+05   4.1076660e+01
   6.8460900e+05   3.9855957e+01
   6.8499800e+05   4.1442871e+01
   6.8559900e+05   4.1748047e+01
   6.8576400e+05   4.0893555e+01
   6.8614000e+05   4.2724609e+01
   6.8634300e+05   4.5593262e+01
   6.8704400e+05   4.2419434e+01
   6.8837600e+05   4.1625977e+01
   6.8840200e+05   5.3649902e+01
   7.3997000e+05   9.1369629e+01
   7.4000300e+05   6.8847656e+01
   7.4002300e+05   5.2001953e+01
   7.4003600e+05   4.4677734e+01
   7.4011400e+05   4.0283203e+01
   7.4016400e+05   4.1259766e+01
   7.4020500e+05   4.3457031e+01
   7.4024200e+05   4.8828125e+01
   7.4029700e+05   4.5959473e+01
   7.4031700e+05   4.0588379e+01
   7.4037200e+05   4.6447754e+01
   7.4076300e+05   4.6142578e+01
   7.4080800e+05   4.0954590e+01
   7.4295000e+05   3.9916992e+01
   7.4367600e+05   4.1564941e+01
   7.4370700e+05   4.6691895e+01
   7.4479200e+05   5.3100586e+01
   7.8430300e+05   4.0771484e+01
   7.8431300e+05   1.0125732e+02
   7.8434900e+05   5.0537109e+01
   7.8437100e+05   5.1391602e+01
   7.8441300e+05   5.1635742e+01
   7.8443300e+05   4.1259766e+01
   7.8453100e+05   4.0344238e+01
   7.8455800e+05   5.6518555e+01
   7.8462100e+05   4.0161133e+01
   7.8467600e+05   5.3649902e+01
   7.8478500e+05   4.0100098e+01
   7.8494200e+05   4.1625977e+01
   7.8534800e+05   4.5288086e+01
   7.8576300e+05   4.0893555e+01
   7.8614200e+05   4.3823242e+01
   7.8633700e+05   4.4982910e+01
   7.8701700e+05   4.6752930e+01
   7.8736300e+05   4.5043945e+01
   7.8791600e+05   4.1137695e+01
   7.8830700e+05   8.1848145e+01
   8.3846600e+05   6.5185547e+01
   8.3850300e+05   5.7312012e+01
   8.3852200e+05   4.8522949e+01
   8.3856400e+05   4.4250488e+01
   8.3860100e+05   4.7119141e+01
   8.3874600e+05   4.1687012e+01
   8.3880500e+05   7.4401855e+01
   8.3886300e+05   4.5837402e+01
   8.3893500e+05   5.0292969e+01
   8.3912500e+05   4.7607422e+01
   8.3923700e+05   4.1442871e+01
   8.3946000e+05   5.1391602e+01
   8.3967300e+05   4.7912598e+01
   8.3996600e+05   4.0710449e+01
   8.4006300e+05   4.0161133e+01
   8.4017100e+05   4.9621582e+01
   8.4018300e+05   4.1320801e+01
   8.4060200e+05   4.6142578e+01
   8.4086300e+05   4.2602539e+01
   8.9242100e+05   1.0192871e+02
   8.9247900e+05   6.7077637e+01
   8.9249800e+05   5.4870605e+01
   8.9253900e+05   5.0415039e+01
   8.9257600e+05   4.3762207e+01
   8.9259500e+05   5.4077148e+01
   8.9264900e+05   5.9082031e+01
   8.9274100e+05   4.2846680e+01
   8.9280600e+05   4.5288086e+01
   8.9283500e+05   5.5236816e+01
   8.9292100e+05   4.8828125e+01
   8.9300300e+05   4.1320801e+01
   8.9312900e+05   5.3894043e+01
   8.9321700e+05   4.2297363e+01
   8.9344000e+05   4.1442871e+01
   8.9435600e+05   4.4128418e+01
   8.9468800e+05   5.3161621e+01
   8.9516700e+05   4.2541504e+01
   9.4050500e+05   8.5021973e+01
   9.4056300e+05   4.4860840e+01
   9.4058900e+05   4.5043945e+01
   9.4064000e+05   4.8645020e+01
   9.4072300e+05   4.0710449e+01
   9.4084000e+05   4.5227051e+01
   9.4094200e+05   4.2480469e+01
   9.4099900e+05   4.3151855e+01
   9.4103200e+05   4.2907715e+01
   9.4106000e+05   4.5959473e+01
   9.4107500e+05   5.1269531e+01
   9.4114100e+05   4.9865723e+01
   9.4124100e+05   4.9133301e+01
   9.4130200e+05   4.9316406e+01
   9.4134200e+05   4.1748047e+01
   9.4147500e+05   4.0161133e+01
   9.4148800e+05   4.4494629e+01
   9.4178800e+05   4.4250488e+01
   9.4256100e+05   5.3710938e+01
   9.4299800e+05   4.4860840e+01
   9.4302300e+05   4.7058105e+01
   9.4354300e+05   4.1625977e+01
   9.8901900e+05   7.7087402e+01
   9.8906800e+05   7.1960449e+01
   9.8909000e+05   4.0649414e+01
   9.8928200e+05   4.4494629e+01
   9.8934300e+05   7.0190430e+01
   9.8947700e+05   4.0649414e+01
   9.8958900e+05   4.0161133e+01
   9.8966400e+05   4.3823242e+01
   9.8981200e+05   5.0231934e+01
   9.9016900e+05   5.8898926e+01
   9.9095800e+05   4.0283203e+01
   1.0472600e+06   7.6171875e+01
   1.0473390e+06   4.3151855e+01
   1.0474160e+06   4.6997070e+01
   1.0476330e+06   4.3334961e+01
   1.0476880e+06   9.2041016e+01
   1.0478150e+06   5.9509277e+01
   1.0478340e+06   5.3466797e+01
   1.0478580e+06   5.2612305e+01
   1.0481590e+06   5.7128906e+01
   1.0906370e+06   4.3945313e+01
   1.0906590e+06   9.5336914e+01
   1.0906960e+06   4.3945313e+01
   1.0907420e+06   4.1076660e+01
   1.0908070e+06   4.3762207e+01
   1.0909780e+06   4.9438477e+01
   1.0912690e+06   7.1472168e+01
   1.0913100e+06   4.7546387e+01
   1.1454990e+06   4.2114258e+01
   1.1460090e+06   4.0405273e+01
   1.1461590e+06   4.2358398e+01
   1.1462560e+06   4.3273926e+01
   1.1465160e+06   7.4768066e+01
   1.2071560e+06   4.2846680e+01
   1.2294670e+06   3.9733887e+01
   1.2294780e+06   1.0046387e+02
   1.2295310e+06   4.1625977e+01
   1.2295780e+06   3.9855957e+01
   1.2686740e+06   3.9978027e+01
   1.3061430e+06   4.2663574e+01
   1.3521920e+06   5.6396484e+01
   1.3522100e+06   5.1879883e+01
   1.3522330e+06   4.5471191e+01
   1.3522560e+06   4.8828125e+01
   1.3522730e+06   4.2724609e+01
   1.3523040e+06   4.9560547e+01
   1.3523420e+06   5.8959961e+01
   1.3526890e+06   4.9072266e+01
   1.4043750e+06   5.7739258e+01
   1.4044190e+06   4.0832520e+01
   1.4046800e+06   4.2419434e+01
   1.4047050e+06   3.9794922e+01
   1.4047250e+06   4.7790527e+01
   1.4052070e+06   4.4494629e+01
   1.4976390e+06   9.7229004e+01
   1.4976520e+06   4.0161133e+01
   1.4976750e+06   4.1137695e+01
   1.4979190e+06   4.4555664e+01
   1.4979770e+06   4.4555664e+01
   1.4981130e+06   4.0527344e+01
   1.4982410e+06   4.0710449e+01
   1.4986320e+06   4.1320801e+01
   1.5557740e+06   4.4250488e+01
   1.5567750e+06   5.3100586e+01
   1.5567930e+06   8.3679199e+01
   1.5568160e+06   6.7138672e+01
   1.5568680e+06   4.8522949e+01
   1.5569320e+06   4.1564941e+01
   1.5570090e+06   4.0222168e+01
   1.5570320e+06   4.3823242e+01
   1.5570920e+06   4.0954590e+01
   1.5572530e+06   5.3710938e+01
   1.5573150e+06   5.3405762e+01
   1.5574800e+06   4.3273926e+01
   1.5575580e+06   4.3029785e+01
   1.5578080e+06   4.1198730e+01
   1.5579530e+06   4.4555664e+01
   1.6062150e+06   4.2846680e+01
   1.6063900e+06   4.1564941e+01
   1.6066450e+06   4.3823242e+01
   1.6069120e+06   4.0161133e+01
   1.6614810e+06   5.4809570e+01
   1.6617950e+06   4.2297363e+01
   1.7244400e+06   4.1503906e+01
   1.7245220e+06   4.2724609e+01
   1.7245510e+06   4.2114258e+01
   1.7245850e+06   4.0710449e+01
   1.7246470e+06   4.1381836e+01
   1.7252320e+06   4.0100098e+01
   1.7259450e+06   4.2419434e+01
   1.7771840e+06   4.0039063e+01
   1.7774300e+06   4.0161133e+01
   1.7775240e+06   4.4982910e+01
   1.7776140e+06   4.4433594e+01
   1.7778370e+06   4.1809082e+01
   1.7779530e+06   5.4809570e+01
   1.8397330e+06   4.3884277e+01
   1.8403260e+06   4.0466309e+01
   1.8403860e+06   4.1870117e+01
   1.8409820e+06   4.3762207e+01
   1.8411250e+06   4.2053223e+01
   1.8414390e+06   4.3029785e+01
   1.8909500e+06   4.3701172e+01
   1.8911550e+06   4.2114258e+01
   1.8915120e+06   4.4921875e+01
   1.9850880e+06   4.0161133e+01
   1.9851050e+06   9.7778320e+01
   1.9851260e+06   7.0739746e+01
   1.9852010e+06   4.1259766e+01
   1.9852880e+06   4.0893555e+01
   1.9861020e+06   3.9733887e+01
   2.0333580e+06   4.1687012e+01
   2.0339300e+06   4.0466309e+01
   2.0340560e+06   4.0771484e+01
   2.0341100e+06   5.6152344e+01
   2.0343990e+06   4.2846680e+01
   2.0804750e+06   4.3151855e+01
   2.0805330e+06   4.1442871e+01
   2.0808170e+06   8.4106445e+01
   2.1294270e+06   3.9794922e+01
   2.1299270e+06   4.2175293e+01
   2.1665980e+06   4.0527344e+01
   2.1692490e+06   4.4250488e+01
   2.2073650e+06   4.0588379e+01
   2.2074420e+06   4.0466309e+01
   2.2074850e+06   4.4494629e+01
   2.2077070e+06   4.0954590e+01
   2.2079790e+06   3.9794922e+01
   2.2548290e+06   6.8542480e+01
   2.2548610e+06   5.7250977e+01
   2.2549710e+06   3.9855957e+01
   2.2549950e+06   4.7241211e+01
   2.2557060e+06   3.9794922e+01
   2.2557620e+06   4.3090820e+01
   2.2559020e+06   4.6020508e+01
   2.2560710e+06   4.0161133e+01
   2.2563120e+06   4.3518066e+01
   2.3057910e+06   4.0710449e+01
   2.3059800e+06   8.8500977e+01
   2.3061330e+06   4.7058105e+01
   2.3061990e+06   8.7402344e+01
   2.3063820e+06   4.0527344e+01
   2.3069570e+06   3.9978027e+01
   2.3071870e+06   3.9794922e+01
   2.3072180e+06   4.4311523e+01
   2.3511730e+06   1.0192871e+02
   2.3514370e+06   1.0272217e+02
   2.3521360e+06   7.2631836e+01
   2.3521540e+06   4.8828125e+01
   2.3522000e+06   4.3151855e+01
   2.3522260e+06   5.0537109e+01
   2.3522590e+06   5.7373047e+01
   2.3522880e+06   4.1259766e+01
   2.3524870e+06   4.0039063e+01
   2.3526750e+06   4.5837402e+01
   2.3527370e+06   4.2602539e+01
   2.3527760e+06   8.3435059e+01
   2.3528720e+06   6.7260742e+01
   2.3529060e+06   4.6936035e+01
   2.3530360e+06   4.8461914e+01
   2.3532310e+06   7.6965332e+01
   2.3535260e+06   4.6875000e+01
   2.3536210e+06   6.1035156e+01
   2.3547390e+06   5.0476074e+01
   2.4098530e+06   4.3457031e+01
   2.4099630e+06   4.0283203e+01
   2.4100160e+06   4.5410156e+01
   2.4100580e+06   4.8706055e+01
   2.4101030e+06   4.2358398e+01
   2.4101410e+06   4.0649414e+01
   2.4101870e+06   4.0100098e+01
   2.4102440e+06   5.4626465e+01
   2.4103050e+06   4.0283203e+01
   2.4103300e+06   5.9204102e+01
   2.4104040e+06   5.3527832e+01
   2.4104250e+06   8.1970215e+01
   2.4104860e+06   4.1870117e+01
   2.4105460e+06   7.2631836e+01
   2.4105990e+06   4.6447754e+01
   2.4106700e+06   5.6884766e+01
   2.4107910e+06   6.8847656e+01
   2.4109720e+06   5.9082031e+01
   2.4110740e+06   4.7973633e+01
   2.4112580e+06   4.9255371e+01
   2.4114150e+06   4.8217773e+01
   2.4117160e+06   4.5654297e+01
   2.4118610e+06   4.9377441e+01
   2.4120150e+06   4.1076660e+01
   2.4121990e+06   4.1198730e+01
   2.4123760e+06   3.9978027e+01
   2.4125420e+06   4.4921875e+01
   2.4127930e+06   4.8706055e+01
   2.4132110e+06   6.5307617e+01
   2.4134050e+06   4.4616699e+01
   2.4135760e+06   5.1391602e+01
   2.4137750e+06   4.0832520e+01
   2.4139930e+06   4.4311523e+01
   2.4142870e+06   4.4189453e+01
   2.4604720e+06   4.1687012e+01
   2.4605050e+06   1.2475586e+02
   2.4605460e+06   4.0771484e+01
   2.4606210e+06   4.5104980e+01
   2.4606310e+06   6.6528320e+01
   2.4606770e+06   4.6264648e+01
   2.4607100e+06   4.1564941e+01
   2.4607260e+06   4.4372559e+01
   2.4609360e+06   5.5053711e+01
   2.4610600e+06   4.9011230e+01
   2.4610940e+06   6.2927246e+01
   2.4612190e+06   6.2622070e+01
   2.4613380e+06   5.2673340e+01
   2.4614460e+06   4.5288086e+01
   2.4615300e+06   4.7180176e+01
   2.4616560e+06   4.6142578e+01
   2.4617200e+06   4.0039063e+01
   2.4619080e+06   4.0710449e+01
   2.4622210e+06   4.6813965e+01
   2.4623280e+06   5.0781250e+01
   2.4624530e+06   4.1320801e+01
   2.4625490e+06   4.0954590e+01
   2.4629030e+06   5.2612305e+01
   2.4632960e+06   3.9733887e+01
   2.4634560e+06   4.1137695e+01
   2.4634760e+06   4.7546387e+01
   2.4636240e+06   4.6020508e+01
   2.4638380e+06   4.0039063e+01
   2.4640310e+06   4.5776367e+01
   2.4642390e+06   3.9794922e+01
   2.4643670e+06   4.0527344e+01
   2.4644470e+06   4.1320801e+01
   2.4646540e+06   4.6020508e+01
   2.4648400e+06   3.9855957e+01
   2.4653870e+06   4.0893555e+01
   2.5095940e+06   4.6936035e+01
   2.5096390e+06   6.4270020e+01
   2.5097520e+06   5.6518555e+01
   2.5097870e+06   4.2114258e+01
   2.5098270e+06   4.2358398e+01
   2.5099060e+06   4.8156738e+01
   2.5099410e+06   8.0749512e+01
   2.5099670e+06   4.6386719e+01
   2.5099980e+06   4.5898438e+01
   2.5100210e+06   4.0649414e+01
   2.5100680e+06   4.0527344e+01
   2.5103360e+06   4.2358398e+01
   2.5104090e+06   4.2358398e+01
   2.5104910e+06   5.4870605e+01
   2.5105430e+06   4.4982910e+01
   2.5113150e+06   3.9855957e+01
   2.5114320e+06   4.3273926e+01
   2.5120550e+06   5.0292969e+01
   2.5121890e+06   3.9855957e+01
   2.5123900e+06   4.1076660e+01
   2.5127080e+06   6.4880371e+01
   2.5128860e+06   4.3273926e+01
   2.5132460e+06   4.2602539e+01
   2.5137550e+06   5.5908203e+01
   2.5314520e+06   6.8481445e+01
   2.5315390e+06   6.9335938e+01
   2.5316050e+06   4.3945313e+01
   2.5316540e+06   4.8339844e+01
   2.5316800e+06   4.3151855e+01
   2.5317160e+06   4.0832520e+01
   2.5317470e+06   6.4147949e+01
   2.5318010e+06   4.7790527e+01
   2.5318880e+06   4.5043945e+01
   2.5319920e+06   4.1564941e+01
   2.5320670e+06   4.4799805e+01
   2.5321210e+06   4.7851563e+01
   2.5322240e+06   4.1870117e+01
   2.5323580e+06   5.0170898e+01
   2.5323830e+06   4.1625977e+01
   2.5325170e+06   3.9978027e+01
   2.5327110e+06   4.1809082e+01
   2.5330280e+06   4.5471191e+01
   2.5333480e+06   5.3466797e+01
   2.5333650e+06   5.1635742e+01
   2.5756420e+06   8.8439941e+01
   2.5756550e+06   5.4382324e+01
   2.5756960e+06   4.5104980e+01
   2.5757560e+06   4.4799805e+01
   2.5757810e+06   4.1503906e+01
   2.5758150e+06   4.9377441e+01
   2.5759870e+06   4.3762207e+01
   2.5760510e+06   4.4616699e+01
   2.5760630e+06   5.2978516e+01
   2.5761470e+06   4.1442871e+01
   2.5761650e+06   4.4799805e+01
   2.5763150e+06   4.2724609e+01
   2.5763580e+06   4.4006348e+01
   2.5775600e+06   3.9978027e+01
   2.5776430e+06   4.1809082e+01
   2.5780110e+06   4.6630859e+01
   2.5780650e+06   3.9916992e+01
   2.5784600e+06   4.4799805e+01
   2.5788370e+06   4.5043945e+01
   2.5788640e+06   4.2907715e+01
   2.5791110e+06   4.6691895e+01
   2.5792530e+06   5.6091309e+01
   2.5795960e+06   5.2917480e+01
   2.5800500e+06   4.7424316e+01
   2.5800740e+06   4.0466309e+01
   2.5804200e+06   4.0649414e+01
   2.5812960e+06   5.6518555e+01
   2.6203890e+06   7.1960449e+01
   2.6204360e+06   7.0312500e+01
   2.6204540e+06   4.1076660e+01
   2.6204770e+06   4.8828125e+01
   2.6205170e+06   5.4321289e+01
   2.6205690e+06   4.3334961e+01
   2.6206320e+06   4.2358398e+01
   2.6206810e+06   4.2053223e+01
   2.6207130e+06   4.9255371e+01
   2.6207670e+06   3.9855957e+01
   2.6208080e+06   4.8156738e+01
   2.6208640e+06   4.4555664e+01
   2.6210230e+06   5.5725098e+01
   2.6216530e+06   4.5288086e+01
   2.6223880e+06   4.4494629e+01
   2.6224830e+06   4.1076660e+01
   2.6228600e+06   3.9794922e+01
   2.6231610e+06   4.1320801e+01
   2.6246270e+06   5.0476074e+01
   2.6445280e+06   7.0739746e+01
   2.6445730e+06   4.3029785e+01
   2.6446520e+06   5.1879883e+01
   2.6446780e+06   4.8339844e+01
   2.6447340e+06   4.2846680e+01
   2.6447730e+06   5.5603027e+01
   2.6448460e+06   5.6701660e+01
   2.6448570e+06   5.5603027e+01
   2.6449370e+06   5.2368164e+01
   2.6449490e+06   6.8298340e+01
   2.6451090e+06   3.9855957e+01
   2.6453740e+06   4.0161133e+01
   2.6454930e+06   4.2846680e+01
   2.6457790e+06   4.6142578e+01
   2.6458180e+06   4.3212891e+01
   2.6459530e+06   3.9855957e+01
   2.6462930e+06   4.0710449e+01
   2.6471990e+06   5.6091309e+01
   2.6869870e+06   1.0217285e+02
   2.6870220e+06   4.1320801e+01
   2.6870460e+06   4.3395996e+01
   2.6870560e+06   4.3640137e+01
   2.6870980e+06   4.9865723e+01
   2.6871270e+06   4.4921875e+01
   2.6871850e+06   5.3833008e+01
   2.6872090e+06   4.3273926e+01
   2.6872390e+06   4.0954590e+01
   2.6872890e+06   4.2236328e+01
   2.6873820e+06   4.4250488e+01
   2.6874550e+06   5.0170898e+01
   2.6876660e+06   4.3701172e+01
   2.6878980e+06   4.6630859e+01
   2.6887300e+06   4.0710449e+01
   2.6892860e+06   4.0405273e+01
   2.6925180e+06   4.8156738e+01
   2.7357400e+06   6.2866211e+01
   2.7357810e+06   6.3964844e+01
   2.7358240e+06   4.1564941e+01
   2.7358500e+06   5.7312012e+01
   2.7359050e+06   4.3823242e+01
   2.7359180e+06   4.0954590e+01
   2.7359710e+06   4.9438477e+01
   2.7360490e+06   5.6945801e+01
   2.7360820e+06   5.1147461e+01
   2.7360980e+06   4.6936035e+01
   2.7361440e+06   4.9438477e+01
   2.7361550e+06   5.1696777e+01
   2.7362030e+06   4.2297363e+01
   2.7368740e+06   4.3273926e+01
   2.7370460e+06   4.2602539e+01
   2.7372580e+06   4.2358398e+01
   2.7385930e+06   5.2734375e+01
   2.7389910e+06   4.2175293e+01
   2.7772560e+06   4.4067383e+01
   2.7772710e+06   7.0251465e+01
   2.7773120e+06   5.4382324e+01
   2.7773400e+06   4.0039063e+01
   2.7773750e+06   4.5837402e+01
   2.7774110e+06   4.0405273e+01
   2.7774360e+06   4.0710449e+01
   2.7774850e+06   5.3771973e+01
   2.7774950e+06   4.2907715e+01
   2.7775350e+06   5.5053711e+01
   2.7775450e+06   4.1564941e+01
   2.7776170e+06   4.0405273e+01
   2.7776470e+06   4.4433594e+01
   2.7776810e+06   4.8339844e+01
   2.7778410e+06   4.0771484e+01
   2.7781750e+06   4.4311523e+01
   2.7783490e+06   4.6386719e+01
   2.7784010e+06   4.2114258e+01
   2.7787680e+06   4.6447754e+01
   2.7793210e+06   4.0222168e+01
   2.7795360e+06   4.4555664e+01
   2.7821620e+06   4.0649414e+01
   2.7821940e+06   4.0161133e+01
   2.8401060e+06   7.6354980e+01
   2.8401450e+06   5.5175781e+01
   2.8401600e+06   4.0161133e+01
   2.8402010e+06   5.5358887e+01
   2.8402210e+06   4.2175293e+01
   2.8402820e+06   4.6997070e+01
   2.8403310e+06   4.9743652e+01
   2.8404410e+06   4.3090820e+01
   2.8405570e+06   4.6691895e+01
   2.8406630e+06   4.0405273e+01
   2.8407840e+06   4.5349121e+01
   2.8409240e+06   5.0354004e+01
   2.8409740e+06   4.5532227e+01
   2.8412740e+06   4.2785645e+01
   2.8418430e+06   4.2663574e+01
   2.8419130e+06   3.9794922e+01
   2.8427090e+06   4.1076660e+01
   2.8430210e+06   5.5297852e+01
   2.9077100e+06   4.4006348e+01
   2.9077320e+06   8.9599609e+01
   2.9077540e+06   4.5532227e+01
   2.9077810e+06   4.0771484e+01
   2.9078230e+06   4.0405273e+01
   2.9078960e+06   6.3903809e+01
   2.9080000e+06   4.8583984e+01
   2.9080500e+06   4.0710449e+01
   2.9081390e+06   4.0893555e+01
   2.9081700e+06   4.0954590e+01
   2.9082270e+06   4.1503906e+01
   2.9082480e+06   4.8889160e+01
   2.9082850e+06   4.4189453e+01
   2.9083120e+06   4.3518066e+01
   2.9083970e+06   4.7180176e+01
   2.9085210e+06   4.8461914e+01
   2.9087730e+06   3.9855957e+01
   2.9092380e+06   4.5776367e+01
   2.9094970e+06   4.1748047e+01
   2.9098920e+06   4.9560547e+01
   2.9756620e+06   4.3334961e+01
   2.9756750e+06   1.1346436e+02
   2.9757060e+06   4.3090820e+01
   2.9757170e+06   4.9865723e+01
   2.9757760e+06   4.5837402e+01
   2.9758740e+06   4.1687012e+01
   2.9760100e+06   5.4748535e+01
   2.9760550e+06   4.1931152e+01
   2.9761060e+06   4.0710449e+01
   2.9762280e+06   5.2734375e+01
   2.9763390e+06   4.0405273e+01
   2.9763760e+06   4.3640137e+01
   2.9765630e+06   6.3537598e+01
   2.9767940e+06   4.9621582e+01
   2.9770300e+06   5.1330566e+01
   3.0350880e+06   7.9223633e+01
   3.0351470e+06   3.9916992e+01
   3.0351770e+06   4.3701172e+01
   3.0353360e+06   4.4982910e+01
   3.0353680e+06   3.9916992e+01
   3.0354420e+06   7.2204590e+01
   3.0357270e+06   4.0161133e+01
   3.0357540e+06   4.1137695e+01
   3.0855060e+06   4.6081543e+01
   3.0855180e+06   1.2115479e+02
   3.0855590e+06   6.5856934e+01
   3.0855700e+06   6.2988281e+01
   3.0855980e+06   4.0954590e+01
   3.0856350e+06   5.6091309e+01
   3.0856570e+06   5.0109863e+01
   3.0857460e+06   5.9204102e+01
   3.0859160e+06   4.0710449e+01
   3.0859530e+06   4.2602539e+01
   3.0860910e+06   4.0527344e+01
   3.1348600e+06   4.2785645e+01
   3.1348700e+06   8.9294434e+01
   3.1349070e+06   4.2114258e+01
   3.1350410e+06   4.6203613e+01
   3.1350860e+06   4.2114258e+01
   3.1351090e+06   4.0161133e+01
   3.1352440e+06   4.8522949e+01
   3.1353440e+06   3.9855957e+01
   3.1355410e+06   4.0161133e+01
   3.1816430e+06   4.2663574e+01
   3.1816620e+06   4.7119141e+01
   3.1816770e+06   4.1625977e+01
   3.1817060e+06   4.0527344e+01
   3.1817410e+06   4.1442871e+01
   3.1818290e+06   4.6386719e+01
   3.1818760e+06   4.2114258e+01
   3.1819110e+06   4.3029785e+01
   3.1820470e+06   4.1564941e+01
   3.1820590e+06   3.9978027e+01
   3.2308210e+06   5.7128906e+01
   3.2308430e+06   1.0754395e+02
   3.2308580e+06   4.3823242e+01
   3.2308900e+06   4.8645020e+01
   3.2311260e+06   4.2968750e+01
   3.2797400e+06   1.0284424e+02
   3.2797540e+06   4.1564941e+01
   3.2798130e+06   4.5410156e+01
   3.2798290e+06   4.0588379e+01
   3.2800380e+06   3.9978027e+01
   3.2801350e+06   4.0893555e+01
   3.2801890e+06   4.0466309e+01
   3.2803010e+06   4.0344238e+01
   3.2806190e+06   4.9255371e+01
   3.3266010e+06   3.9978027e+01
   3.3266690e+06   4.9804688e+01
   3.3269640e+06   4.4372559e+01
   3.3270810e+06   4.0039063e+01
   3.3271400e+06   4.2175293e+01
   3.3271800e+06   4.9133301e+01
   3.3273630e+06   4.1259766e+01
   3.3273850e+06   5.5786133e+01
   3.4207540e+06   7.0800781e+01
   3.4208270e+06   4.4128418e+01
   3.4210290e+06   4.0466309e+01
   3.4819860e+06   4.5288086e+01
   3.4820240e+06   4.2175293e+01
   3.4827850e+06   4.7363281e+01
   3.4828120e+06   4.0893555e+01
   3.5426170e+06   4.6386719e+01
   3.5430910e+06   4.1625977e+01
   3.5443090e+06   8.4960938e+01
   3.5443650e+06   4.1320801e+01
   3.5987560e+06   3.9794922e+01
   3.5996600e+06   6.9152832e+01
   3.6005950e+06   4.1076660e+01
   3.6008590e+06   4.6691895e+01
   3.6600020e+06   4.2114258e+01
   3.6601170e+06   4.0588379e+01
   3.6604770e+06   4.2480469e+01
   3.6607620e+06   4.0466309e+01
   3.6607750e+06   8.2702637e+01
   3.6607850e+06   4.2541504e+01
   3.6608220e+06   5.1940918e+01
   3.7163850e+06   4.9194336e+01
   3.7163970e+06   9.7290039e+01
   3.7165190e+06   4.4677734e+01
   3.7167850e+06   5.1757813e+01
   3.7168870e+06   4.0771484e+01
   3.7170410e+06   4.7729492e+01
   3.7170570e+06   4.0649414e+01
   3.7175450e+06   4.3395996e+01
   3.7749980e+06   4.0161133e+01
   3.7837900e+06   6.2683105e+01
   3.7838320e+06   4.5349121e+01
   3.7838440e+06   4.0527344e+01
   3.7841960e+06   4.5532227e+01
   3.7843520e+06   4.3945313e+01
   3.7849510e+06   4.2419434e+01
   3.7852940e+06   4.1015625e+01
   3.7854230e+06   4.0344238e+01
   3.8379190e+06   4.2053223e+01
   3.8392910e+06   4.7302246e+01
   3.8393280e+06   4.3945313e+01
   3.8394520e+06   4.1076660e+01
   3.8400920e+06   4.5227051e+01
   3.8405620e+06   4.1748047e+01
   3.8407240e+06   4.1381836e+01
   3.8921970e+06   4.7912598e+01
   3.8922260e+06   4.7546387e+01
   3.8922750e+06   4.2358398e+01
   3.8923820e+06   4.3945313e+01
   3.8925080e+06   4.9682617e+01
   3.8925640e+06   4.5898438e+01
   3.8926220e+06   4.8583984e+01
   3.8927120e+06   4.1503906e+01
   3.8931570e+06   4.6752930e+01
   3.9435950e+06   9.0515137e+01
   3.9438800e+06   4.6630859e+01
   3.9442210e+06   4.2846680e+01
   3.9442800e+06   4.2114258e+01
   3.9447900e+06   4.3762207e+01
   3.9454920e+06   4.2175293e+01
   3.9899750e+06   4.0222168e+01
   3.9900270e+06   4.7302246e+01
   3.9903960e+06   5.0109863e+01
   3.9913720e+06   4.1259766e+01
   4.0365170e+06   4.2846680e+01
   4.0365490e+06   4.0710449e+01
   4.0365930e+06   4.1687012e+01
   4.0367080e+06   4.0344238e+01
   4.0367940e+06   4.1503906e+01
   4.0368160e+06   4.2602539e+01
   4.0370700e+06   4.5104980e+01
   4.0373590e+06   4.5104980e+01
   4.0379570e+06   4.0466309e+01
   4.0391960e+06   4.1015625e+01
   4.0846640e+06   4.1381836e+01
   4.0847090e+06   4.1870117e+01
   4.0847980e+06   4.4250488e+01
   4.0848590e+06   4.4738770e+01
   4.0848810e+06   4.6020508e+01
   4.1458310e+06   4.2175293e+01
   4.1458700e+06   4.0771484e+01
   4.1461230e+06   4.0222168e+01
   4.1461420e+06   5.0964355e+01
   4.1463420e+06   4.1442871e+01
   4.1464230e+06   4.2358398e+01
   4.1466840e+06   4.8767090e+01
   4.1846520e+06   4.3212891e+01
   4.1861850e+06   4.0100098e+01
   4.2255050e+06   4.1442871e+01
   4.2261000e+06   4.0283203e+01
   4.2266300e+06   4.1015625e+01
   4.2268630e+06   4.1687012e+01
   4.2698080e+06   1.0125732e+02
   4.2698470e+06   5.6335449e+01
   4.2698940e+06   4.0344238e+01
   4.2699780e+06   4.7119141e+01
   4.2700070e+06   3.9733887e+01
   4.2703150e+06   4.1320801e+01
   4.3245340e+06   4.3090820e+01
   4.3249730e+06   7.4707031e+01
   4.3250330e+06   4.6081543e+01
   4.3252700e+06   4.6630859e+01
   4.3253400e+06   4.5532227e+01
   4.3256190e+06   4.1992188e+01
   4.3258480e+06   4.4250488e+01
   4.3260570e+06   4.5410156e+01
   4.3261600e+06   3.9855957e+01
   4.3633470e+06   7.8186035e+01
   4.3640080e+06   4.0588379e+01
   4.3646830e+06   7.5683594e+01
   4.3647420e+06   8.9233398e+01
   4.3973840e+06   7.9956055e+01
   4.3974960e+06   6.3964844e+01
   4.3977570e+06   7.2509766e+01
   4.3978520e+06   5.6701660e+01
   4.3981760e+06   7.4096680e+01
   4.4452180e+06   4.1381836e+01
   4.4464070e+06   8.2214355e+01
   4.4464330e+06   5.3771973e+01
   4.4464520e+06   8.1665039e+01
   4.4465200e+06   4.1687012e+01
   4.4465940e+06   4.2114258e+01
   4.4466290e+06   5.2551270e+01
   4.4467430e+06   5.5236816e+01
   4.4467570e+06   7.8735352e+01
   4.4865500e+06   4.0588379e+01
   4.4865810e+06   4.2175293e+01
   4.4874300e+06   8.4899902e+01
   4.4874580e+06   3.9733887e+01
   4.5264940e+06   4.0466309e+01
   4.5272580e+06   4.7119141e+01
   4.5273860e+06   4.6142578e+01
   4.5274800e+06   4.1076660e+01
   4.5275500e+06   4.6081543e+01
   4.5277200e+06   3.9733887e+01
   4.5277980e+06   4.1564941e+01
   4.5278540e+06   4.0710449e+01
   4.5279780e+06   7.8002930e+01
   4.5289570e+06   7.7758789e+01
   4.5631370e+06   8.9233398e+01
   4.5631510e+06   6.5002441e+01
   4.5632560e+06   4.3579102e+01
   4.5632970e+06   3.9855957e+01
   4.5637750e+06   6.0485840e+01
   4.5638000e+06   5.0476074e+01
   4.5638690e+06   4.1564941e+01
   4.5640310e+06   4.1076660e+01
   4.6003800e+06   5.0964355e+01
   4.6004080e+06   4.8828125e+01
   4.6005310e+06   4.0039063e+01
   4.6011930e+06   6.2927246e+01
   4.6012210e+06   5.9326172e+01
   4.6016490e+06   7.4096680e+01
   4.6016780e+06   5.2307129e+01
   4.6016920e+06   4.2785645e+01
   4.6017320e+06   5.7739258e+01
   4.6023820e+06   7.0495605e+01
   4.6422060e+06   7.4890137e+01
   4.6422230e+06   5.3649902e+01
   4.6422590e+06   4.6020508e+01
   4.6422780e+06   4.6875000e+01
   4.6424790e+06   6.2805176e+01
   4.6426690e+06   4.0283203e+01
   4.6427490e+06   1.0772705e+02
   4.6427750e+06   4.4067383e+01
   4.6428520e+06   4.0100098e+01
   4.6814140e+06   8.2092285e+01
   4.6819510e+06   4.0710449e+01
   4.6826320e+06   7.8247070e+01
   4.6826590e+06   4.1931152e+01
   4.6826740e+06   5.0964355e+01
   4.6826850e+06   4.1992188e+01
   4.6827110e+06   4.1320801e+01
   4.7244030e+06   5.4504395e+01
   4.7244360e+06   4.2602539e+01
   4.7244600e+06   7.1350098e+01
   4.7245060e+06   4.8217773e+01
   4.7246360e+06   4.6752930e+01
   4.7246630e+06   4.3151855e+01
   4.7247290e+06   4.0161133e+01
   4.7249880e+06   4.0527344e+01
   4.7252440e+06   3.9733887e+01
   4.7260790e+06   4.4067383e+01
   4.7625580e+06   4.0466309e+01
   4.7626320e+06   3.9855957e+01
   4.7627030e+06   3.9855957e+01
   4.7628560e+06   4.2358398e+01
   4.7630240e+06   4.8828125e+01
   4.7633610e+06   4.1503906e+01
   4.7634060e+06   4.0771484e+01
   4.7643730e+06   7.1899414e+01
   4.8032750e+06   4.0039063e+01
   4.8033770e+06   4.2358398e+01
   4.8034020e+06   4.6020508e+01
   4.8035190e+06   4.1870117e+01
   4.8037390e+06   4.0527344e+01
   4.8039460e+06   8.7158203e+01
   4.8042070e+06   4.1198730e+01
   4.8450900e+06   7.7575684e+01
   4.8451000e+06   8.7585449e+01
   4.8451280e+06   5.0964355e+01
   4.8451680e+06   4.2785645e+01
   4.8451820e+06   7.7880859e+01
   4.8452570e+06   4.1076660e+01
   4.8453860e+06   4.0893555e+01
   4.8459530e+06   4.0893555e+01
   4.8461990e+06   4.1198730e+01
   4.8464810e+06   4.0405273e+01
   4.8796360e+06   4.1137695e+01
   4.8796870e+06   4.6203613e+01
   4.8797550e+06   4.2297363e+01
   4.8799270e+06   4.0893555e+01
   4.8800050e+06   5.4931641e+01
   4.8800390e+06   3.9916992e+01
   4.8800640e+06   4.4616699e+01
   4.8800920e+06   4.0222168e+01
   4.8892720e+06   1.0021973e+02
   4.8893190e+06   4.9438477e+01
   4.8893710e+06   4.3640137e+01
   4.8895590e+06   4.1809082e+01
   4.8896230e+06   6.1401367e+01
   4.8897510e+06   4.6264648e+01
   4.8899040e+06   3.9855957e+01
   4.8900490e+06   4.2968750e+01
   4.8901840e+06   6.6406250e+01
   4.8904110e+06   4.3884277e+01
   4.8906880e+06   7.5195313e+01
   4.8907380e+06   4.2358398e+01
   4.9339240e+06   1.2469482e+02
   4.9339680e+06   7.2814941e+01
   4.9339960e+06   4.0161133e+01
   4.9341570e+06   4.6752930e+01
   4.9342440e+06   4.6752930e+01
   4.9342820e+06   4.1503906e+01
   4.9343390e+06   7.1044922e+01
   4.9344040e+06   5.6274414e+01
   4.9344280e+06   4.2480469e+01
   4.9346650e+06   7.9528809e+01
   4.9346780e+06   4.1503906e+01
   4.9348170e+06   5.2307129e+01
   4.9350920e+06   4.6752930e+01
   4.9351030e+06   5.9875488e+01
   4.9352020e+06   4.0405273e+01
   4.9352490e+06   4.4860840e+01
   4.9354420e+06   4.4677734e+01
   4.9355570e+06   4.9682617e+01
   4.9355720e+06   4.1503906e+01
   4.9357150e+06   4.5959473e+01
   4.9359170e+06   4.8400879e+01
   4.9359430e+06   4.7546387e+01
   4.9362410e+06   4.0649414e+01
   4.9363880e+06   4.7424316e+01
   4.9365360e+06   6.6040039e+01
   4.9367020e+06   6.4270020e+01
   4.9369040e+06   4.2785645e+01
   4.9380130e+06   4.4250488e+01
   4.9542390e+06   6.4086914e+01
   4.9542700e+06   4.5837402e+01
   4.9542850e+06   5.4016113e+01
   4.9543100e+06   5.5664063e+01
   4.9543740e+06   5.7312012e+01
   4.9543980e+06   4.9438477e+01
   4.9544090e+06   3.9855957e+01
   4.9544860e+06   4.0954590e+01
   4.9545360e+06   3.9916992e+01
   4.9546640e+06   6.7260742e+01
   4.9547160e+06   6.4392090e+01
   4.9547890e+06   4.5471191e+01
   4.9551300e+06   4.5837402e+01
   4.9552940e+06   4.0832520e+01
   4.9553070e+06   4.2480469e+01
   4.9555120e+06   4.9438477e+01
   4.9950780e+06   9.8937988e+01
   4.9952860e+06   4.0649414e+01
   4.9953390e+06   5.5603027e+01
   4.9953560e+06   4.2541504e+01
   4.9954180e+06   4.6752930e+01
   4.9955350e+06   5.2734375e+01
   4.9956570e+06   6.7810059e+01
   4.9958110e+06   4.9316406e+01
   4.9958750e+06   4.7912598e+01
   4.9960630e+06   4.6875000e+01
   4.9961880e+06   5.2429199e+01
   4.9963730e+06   4.2541504e+01
   4.9964820e+06   4.6508789e+01
   4.9965670e+06   4.1625977e+01
   4.9969840e+06   4.2358398e+01
   4.9971560e+06   4.4128418e+01
   4.9971760e+06   4.4860840e+01
   4.9973250e+06   4.2175293e+01
   4.9976300e+06   4.4860840e+01
   4.9978080e+06   4.0588379e+01
   4.9985540e+06   4.0222168e+01
   4.9988060e+06   4.0344238e+01
   4.9988160e+06   5.3283691e+01
   4.9993300e+06   4.9316406e+01
   4.9996230e+06   4.1503906e+01
   5.0393090e+06   4.1748047e+01
   5.0393570e+06   9.2468262e+01
   5.0394720e+06   7.0007324e+01
   5.0394830e+06   4.2602539e+01
   5.0395280e+06   5.1025391e+01
   5.0395780e+06   4.4128418e+01
   5.0395970e+06   8.6486816e+01
   5.0396340e+06   5.5847168e+01
   5.0396890e+06   5.0598145e+01
   5.0397750e+06   4.6936035e+01
   5.0398650e+06   7.1472168e+01
   5.0400090e+06   4.6752930e+01
   5.0400290e+06   4.5043945e+01
   5.0403520e+06   4.3395996e+01
   5.0404610e+06   4.3701172e+01
   5.0405260e+06   4.3945313e+01
   5.0407580e+06   4.6203613e+01
   5.0408810e+06   4.4616699e+01
   5.0411550e+06   4.1076660e+01
   5.0413000e+06   5.2185059e+01
   5.0416520e+06   4.2175293e+01
   5.0416640e+06   4.6142578e+01
   5.0418380e+06   4.2480469e+01
   5.0420040e+06   4.1137695e+01
   5.0421850e+06   4.1442871e+01
   5.0804670e+06   6.0119629e+01
   5.0804850e+06   8.1848145e+01
   5.0805250e+06   5.8654785e+01
   5.0805470e+06   6.2927246e+01
   5.0805770e+06   4.1259766e+01
   5.0806190e+06   4.4738770e+01
   5.0807030e+06   4.7729492e+01
   5.0807990e+06   4.0954590e+01
   5.0808340e+06   5.2246094e+01
   5.0808790e+06   5.4138184e+01
   5.0808890e+06   4.4799805e+01
   5.0809620e+06   4.6325684e+01
   5.0812660e+06   5.1269531e+01
   5.0816780e+06   4.1320801e+01
   5.0819250e+06   4.3090820e+01
   5.0841010e+06   4.0832520e+01
   5.0845910e+06   4.2907715e+01
   5.1183900e+06   4.0649414e+01
   5.1184030e+06   9.3872070e+01
   5.1184430e+06   6.7749023e+01
   5.1184540e+06   5.2185059e+01
   5.1184870e+06   4.9255371e+01
   5.1185440e+06   5.0415039e+01
   5.1186050e+06   5.3039551e+01
   5.1187370e+06   5.3527832e+01
   5.1187490e+06   4.7790527e+01
   5.1188700e+06   4.2541504e+01
   5.1189360e+06   4.5349121e+01
   5.1190510e+06   3.9733887e+01
   5.1192200e+06   4.7546387e+01
   5.1195860e+06   4.1809082e+01
   5.1200780e+06   4.0466309e+01
   5.1203430e+06   4.6081543e+01
   5.1204620e+06   4.1503906e+01
   5.1206540e+06   4.1992188e+01
   5.1212360e+06   4.2541504e+01
   5.1216550e+06   4.3212891e+01
   5.1586010e+06   4.2968750e+01
   5.1586110e+06   7.0800781e+01
   5.1586470e+06   4.1992188e+01
   5.1586710e+06   4.6020508e+01
   5.1586970e+06   4.6325684e+01
   5.1587140e+06   3.9733887e+01
   5.1588100e+06   5.2368164e+01
   5.1588640e+06   4.0527344e+01
   5.1589380e+06   4.7607422e+01
   5.1589960e+06   4.2297363e+01
   5.1590640e+06   4.9438477e+01
   5.1590940e+06   4.2846680e+01
   5.1595960e+06   4.5471191e+01
   5.1605840e+06   3.9855957e+01
   5.1607690e+06   4.1625977e+01
   5.1611930e+06   4.0161133e+01
   5.1618040e+06   4.0222168e+01
   5.1626180e+06   4.6569824e+01
   5.1627380e+06   3.9794922e+01
   5.1642280e+06   6.1828613e+01
   5.2245910e+06   4.4006348e+01
   5.2246080e+06   4.4250488e+01
   5.2246490e+06   5.5358887e+01
   5.2246620e+06   4.0771484e+01
   5.2246880e+06   7.8491211e+01
   5.2247970e+06   4.2602539e+01
   5.2248410e+06   4.3518066e+01
   5.2248620e+06   4.5349121e+01
   5.2248950e+06   5.0964355e+01
   5.2249070e+06   5.7189941e+01
   5.2249540e+06   4.5104980e+01
   5.2251890e+06   4.4677734e+01
   5.2260300e+06   4.6875000e+01
   5.2264820e+06   4.3395996e+01
   5.2267750e+06   4.1748047e+01
   5.2270330e+06   4.0344238e+01
   5.2271620e+06   4.7424316e+01
   5.2275990e+06   5.0720215e+01
   5.2279050e+06   4.6264648e+01
   5.2285900e+06   4.1748047e+01
   5.2839040e+06   4.4616699e+01
   5.2839380e+06   3.9733887e+01
   5.2839930e+06   4.0771484e+01
   5.2840750e+06   4.3518066e+01
   5.2841060e+06   4.1503906e+01
   5.2841280e+06   5.8532715e+01
   5.2841990e+06   4.1320801e+01
   5.2842690e+06   4.5471191e+01
   5.2843300e+06   7.1838379e+01
   5.2844040e+06   4.3945313e+01
   5.2844320e+06   4.3334961e+01
   5.2844860e+06   4.0588379e+01
   5.2845520e+06   5.4687500e+01
   5.2846230e+06   4.2541504e+01
   5.2846670e+06   4.9316406e+01
   5.2848220e+06   4.5959473e+01
   5.2849290e+06   4.1259766e+01
   5.2852300e+06   4.2602539e+01
   5.2852660e+06   4.4250488e+01
   5.2860780e+06   4.0466309e+01
   5.2865400e+06   4.2297363e+01
   5.3515130e+06   6.7993164e+01
   5.3515270e+06   5.0415039e+01
   5.3515690e+06   5.0964355e+01
   5.3517220e+06   4.2053223e+01
   5.3517450e+06   4.0344238e+01
   5.3518540e+06   5.4565430e+01
   5.3518770e+06   6.0363770e+01
   5.3519060e+06   4.9743652e+01
   5.3519330e+06   3.9916992e+01
   5.3519930e+06   4.4311523e+01
   5.3520080e+06   4.0832520e+01
   5.3520470e+06   5.4870605e+01
   5.3520810e+06   4.2541504e+01
   5.3521960e+06   6.2011719e+01
   5.3522920e+06   3.9978027e+01
   5.3523020e+06   4.2846680e+01
   5.3524440e+06   4.3640137e+01
   5.3525570e+06   5.1147461e+01
   5.3526450e+06   4.2602539e+01
   5.3528420e+06   4.7302246e+01
   5.3530860e+06   4.9255371e+01
   5.3532340e+06   4.0771484e+01
   5.4046530e+06   5.0537109e+01
   5.4046680e+06   7.2021484e+01
   5.4047140e+06   8.1176758e+01
   5.4047300e+06   4.3457031e+01
   5.4047600e+06   4.5776367e+01
   5.4048420e+06   4.3334961e+01
   5.4048940e+06   5.3100586e+01
   5.4050750e+06   5.0537109e+01
   5.4051560e+06   4.0893555e+01
   5.4054590e+06   4.4311523e+01
   5.4059820e+06   4.0954590e+01
   5.4475700e+06   4.4494629e+01
   5.4475840e+06   7.9528809e+01
   5.4476280e+06   6.6589355e+01
   5.4477360e+06   4.0039063e+01
   5.4480490e+06   4.1442871e+01
   5.4481080e+06   5.7495117e+01
   5.4482930e+06   4.1503906e+01
   5.4882520e+06   6.7687988e+01
   5.4882620e+06   9.5581055e+01
   5.4882940e+06   4.5227051e+01
   5.4883760e+06   5.4016113e+01
   5.4887910e+06   6.3110352e+01
   5.5313130e+06   4.8889160e+01
   5.5313520e+06   4.4189453e+01
   5.5313810e+06   4.0954590e+01
   5.5314770e+06   4.5288086e+01
   5.5315150e+06   4.0893555e+01
   5.5318920e+06   4.2480469e+01
   5.5319460e+06   4.1748047e+01
   5.5713000e+06   4.2175293e+01
   5.5713140e+06   9.5520020e+01
   5.5713980e+06   4.7790527e+01
   5.5717600e+06   4.1564941e+01
   5.6132660e+06   4.8889160e+01
   5.6132780e+06   8.2580566e+01
   5.6133160e+06   4.3640137e+01
   5.6631950e+06   4.0222168e+01
   5.6632050e+06   7.6232910e+01
   5.6632470e+06   4.5715332e+01
   5.6633490e+06   4.1137695e+01
   5.6634060e+06   4.0161133e+01
   5.6637550e+06   4.0100098e+01
   5.7085290e+06   4.4128418e+01
   5.7090370e+06   4.3457031e+01
   5.7092120e+06   5.3527832e+01
   5.7094060e+06   4.4921875e+01
   5.7094390e+06   4.2419434e+01
   5.7095920e+06   4.0344238e+01
   5.7596100e+06   6.2622070e+01
   5.7596470e+06   3.9794922e+01
   5.7597850e+06   5.4321289e+01
   5.7598070e+06   4.1687012e+01
   5.7602960e+06   3.9855957e+01
   5.8088790e+06   4.1870117e+01
   5.8092110e+06   4.0832520e+01
   5.8092550e+06   4.4616699e+01
   5.8093000e+06   3.9794922e+01
   5.8099920e+06   4.0710449e+01
   5.8574180e+06   4.4677734e+01
   5.8574350e+06   7.9040527e+01
   5.8574570e+06   4.0649414e+01
   5.8575580e+06   4.0344238e+01
   5.8578740e+06   4.0100098e+01
   5.9097040e+06   4.2297363e+01
   5.9102310e+06   4.0527344e+01
   5.9102740e+06   4.6203613e+01
   5.9104170e+06   5.9387207e+01
   5.9106190e+06   5.2673340e+01
   5.9116260e+06   4.2907715e+01
   5.9374910e+06   7.0068359e+01
   5.9375260e+06   4.5837402e+01
   5.9375550e+06   8.4045410e+01
   5.9384630e+06   4.2419434e+01
   5.9397300e+06   4.0222168e+01
   5.9397420e+06   5.5969238e+01
   5.9889790e+06   4.3701172e+01
   5.9890360e+06   7.5317383e+01
   5.9895780e+06   3.9794922e+01
   5.9897240e+06   4.6386719e+01
   6.0496370e+06   4.2724609e+01
   6.0514560e+06   4.6386719e+01
   6.0515430e+06   5.5725098e+01
   6.0526010e+06   4.6813965e+01
   6.0526190e+06   7.8979492e+01
   6.0526360e+06   4.5349121e+01
   6.1208530e+06   4.0222168e+01
   6.1209040e+06   3.9733887e+01
   6.1210440e+06   4.1870117e+01
   6.1213630e+06   4.0161133e+01
   6.1214590e+06   4.1076660e+01
   6.1214940e+06   4.2114258e+01
   6.1788430e+06   5.2551270e+01
   6.1798640e+06   7.0190430e+01
   6.1799010e+06   6.2133789e+01
   6.1799340e+06   6.4819336e+01
   6.1800380e+06   4.4433594e+01
   6.1812380e+06   4.0893555e+01
   6.2696570e+06   8.0078125e+01
   6.2696770e+06   4.7729492e+01
   6.2700640e+06   4.4006348e+01
   6.2704080e+06   7.0068359e+01
   6.2706770e+06   4.4372559e+01
   6.2996050e+06   4.2724609e+01
   6.3005470e+06   4.0344238e+01
   6.3017000e+06   8.2336426e+01
   6.3017370e+06   4.1259766e+01
   6.3017620e+06   6.1706543e+01
   6.3018020e+06   6.2866211e+01
   6.3018600e+06   6.7993164e+01
   6.3019510e+06   4.2541504e+01
   6.3019940e+06   4.4738770e+01
   6.3022110e+06   4.2236328e+01
   6.3023710e+06   4.0100098e+01
   6.3023980e+06   4.7973633e+01
   6.3025340e+06   3.9794922e+01
   6.3029680e+06   4.4250488e+01
   6.3634570e+06   4.2785645e+01
   6.3635630e+06   4.4799805e+01
   6.3635810e+06   4.3823242e+01
   6.3636040e+06   4.1015625e+01
   6.3636360e+06   5.0903320e+01
   6.3636770e+06   4.1625977e+01
   6.3637870e+06   4.5349121e+01
   6.3638700e+06   4.8522949e+01
   6.3643460e+06   9.7229004e+01
   6.3647540e+06   4.1198730e+01
   6.3650810e+06   4.2846680e+01
   6.3660820e+06   4.0222168e+01
   6.4258180e+06   4.6508789e+01
   6.4260540e+06   4.2053223e+01
   6.4263750e+06   4.3395996e+01
   6.4264500e+06   4.0039063e+01
   6.4266540e+06   4.5471191e+01
   6.4267790e+06   4.6936035e+01
   6.4303970e+06   4.0161133e+01
   6.4800800e+06   4.0466309e+01
   6.4801060e+06   7.5744629e+01
   6.4801920e+06   6.9091797e+01
   6.4808280e+06   4.7729492e+01
   6.4813480e+06   5.6762695e+01
   6.5404860e+06   4.2480469e+01
   6.5406850e+06   6.8054199e+01
   6.5409290e+06   5.1269531e+01
   6.5410000e+06   4.1076660e+01
   6.5410860e+06   4.3884277e+01
   6.5411000e+06   4.4616699e+01
   6.5411600e+06   4.3762207e+01
   6.5414590e+06   4.5410156e+01
   6.5415480e+06   4.2907715e+01
   6.5416200e+06   5.1086426e+01
   6.5424750e+06   4.5410156e+01
   6.6092180e+06   4.2846680e+01
   6.6092930e+06   4.0527344e+01
   6.6097090e+06   5.6030273e+01
   6.6114220e+06   4.5104980e+01
   6.6593660e+06   4.0954590e+01
   6.6593860e+06   4.1259766e+01
   6.6595530e+06   4.7485352e+01
   6.6597050e+06   4.0222168e+01
   6.6599630e+06   4.1137695e+01
   6.6604000e+06   4.0527344e+01
   6.6604890e+06   4.0527344e+01
   6.7172150e+06   4.3640137e+01
   6.7172690e+06   4.4982910e+01
   6.7173260e+06   4.4372559e+01
   6.7173440e+06   4.6386719e+01
   6.7174920e+06   4.1809082e+01
   6.7175870e+06   4.5166016e+01
   6.7177760e+06   4.2663574e+01
   6.7177960e+06   7.1105957e+01
   6.7182190e+06   5.0231934e+01
   6.7619310e+06   3.9916992e+01
   6.7624980e+06   4.1625977e+01
   6.7625250e+06   4.2053223e+01
   6.7626940e+06   4.0832520e+01
   6.7627750e+06   4.0405273e+01
   6.7628500e+06   4.2846680e+01
   6.7631000e+06   4.4860840e+01
   6.8116970e+06   4.3090820e+01
   6.8120680e+06   4.2724609e+01
   6.8127280e+06   3.9794922e+01
   6.8528430e+06   4.4372559e+01
   6.8529530e+06   4.2297363e+01
   6.8529780e+06   4.0893555e+01
   6.8531520e+06   4.4860840e+01
   6.8532220e+06   4.6691895e+01
   6.8533560e+06   8.3618164e+01
   6.8535670e+06   7.5317383e+01
   6.9041190e+06   5.4138184e+01
   6.9046410e+06   4.0832520e+01
   6.9052700e+06   4.0344238e+01
   6.9053230e+06   4.0283203e+01
   6.9053560e+06   4.1564941e+01
   6.9056420e+06   4.4006348e+01
   6.9056740e+06   1.0260010e+02
   6.9058370e+06   5.0537109e+01
   6.9060820e+06   7.1716309e+01
   6.9512670e+06   3.9794922e+01
   6.9514930e+06   4.0771484e+01
   6.9515180e+06   3.9978027e+01
   6.9515440e+06   4.1015625e+01
   6.9517640e+06   7.8430176e+01
   6.9519050e+06   6.6040039e+01
   6.9520630e+06   4.1564941e+01
   6.9522500e+06   7.6171875e+01
   6.9523230e+06   4.0649414e+01
   6.9526490e+06   4.0710449e+01
   6.9526800e+06   6.6467285e+01
   6.9532570e+06   5.2917480e+01
   7.0030220e+06   4.0771484e+01
   7.0032580e+06   4.0954590e+01
   7.0032690e+06   9.1125488e+01
   7.0033350e+06   6.6040039e+01
   7.0033640e+06   4.1259766e+01
   7.0035910e+06   7.0617676e+01
   7.0037120e+06   6.3781738e+01
   7.0038260e+06   4.0161133e+01
   7.0046200e+06   5.9509277e+01
   7.0439600e+06   4.1442871e+01
   7.0446820e+06   7.3120117e+01
   7.0447740e+06   4.9987793e+01
   7.0447920e+06   5.0231934e+01
   7.0448030e+06   7.7758789e+01
   7.0448310e+06   4.1687012e+01
   7.0456590e+06   7.7270508e+01
   7.0458540e+06   5.7373047e+01
   7.0458870e+06   4.1259766e+01
   7.0459080e+06   5.1879883e+01
   7.0459410e+06   4.2419434e+01
   7.0861940e+06   8.3190918e+01
   7.0862100e+06   4.5288086e+01
   7.0862350e+06   5.5969238e+01
   7.0864120e+06   4.1259766e+01
   7.0864740e+06   4.0649414e+01
   7.0867030e+06   4.5715332e+01
   7.0870220e+06   4.9133301e+01
   7.0872150e+06   6.1340332e+01
   7.0872860e+06   5.0903320e+01
   7.0876290e+06   6.5124512e+01
   7.1356760e+06   9.9731445e+01
   7.1357340e+06   4.2846680e+01
   7.1359640e+06   4.0100098e+01
   7.1361130e+06   4.2419434e+01
   7.1367940e+06   6.4697266e+01
   7.1368160e+06   6.7016602e+01
   7.1371510e+06   6.8847656e+01
   7.1781000e+06   4.0039063e+01
   7.1781200e+06   9.4238281e+01
   7.1785070e+06   4.3212891e+01
   7.1790720e+06   4.2968750e+01
   7.1794540e+06   6.0913086e+01
   7.1794720e+06   4.5959473e+01
   7.1795010e+06   5.9936523e+01
   7.1795140e+06   4.0039063e+01
   7.1795750e+06   4.9377441e+01
   7.1795900e+06   6.7199707e+01
   7.1797500e+06   9.6984863e+01
   7.2225150e+06   4.8034668e+01
   7.2231570e+06   7.0495605e+01
   7.2232130e+06   4.2236328e+01
   7.2232540e+06   4.2053223e+01
   7.2242010e+06   6.5063477e+01
   7.2242610e+06   4.0466309e+01
   7.2242860e+06   5.4931641e+01
   7.2246950e+06   6.3964844e+01
   7.2250400e+06   6.8908691e+01
   7.2640050e+06   8.1237793e+01
   7.2640270e+06   6.1889648e+01
   7.2640490e+06   5.6823730e+01
   7.2640710e+06   4.1687012e+01
   7.2640950e+06   5.4870605e+01
   7.2641790e+06   5.5175781e+01
   7.2642350e+06   4.0771484e+01
   7.2643290e+06   4.3090820e+01
   7.2643960e+06   4.1198730e+01
   7.2644240e+06   4.2358398e+01
   7.3034180e+06   8.6059570e+01
   7.3034340e+06   5.5114746e+01
   7.3034570e+06   5.8959961e+01
   7.3035110e+06   4.0161133e+01
   7.3036540e+06   4.0893555e+01
   7.3036660e+06   4.5227051e+01
   7.3037350e+06   5.0109863e+01
   7.3039800e+06   4.5104980e+01
   7.3420490e+06   4.1992188e+01
   7.3421180e+06   4.6142578e+01
   7.3422420e+06   4.0405273e+01
   7.3423880e+06   4.1259766e+01
   7.3424190e+06   3.9855957e+01
   7.3427300e+06   4.0893555e+01
   7.3824510e+06   7.8491211e+01
   7.3856950e+06   4.1931152e+01
   7.3858540e+06   8.4533691e+01
   7.3861660e+06   6.4025879e+01
   7.3862560e+06   4.9316406e+01
   7.3863090e+06   4.2724609e+01
   7.3866200e+06   6.3598633e+01
   7.3866970e+06   4.4555664e+01
   7.3868160e+06   4.3762207e+01
   7.3868540e+06   6.3049316e+01
   7.3868930e+06   4.3273926e+01
   7.3869680e+06   6.6650391e+01
   7.3870020e+06   4.1320801e+01
   7.3870130e+06   5.3283691e+01
   7.3870470e+06   4.3395996e+01
   7.3871050e+06   4.1442871e+01
   7.3872330e+06   4.7058105e+01
   7.3873660e+06   4.1015625e+01
   7.3874270e+06   4.2907715e+01
   7.3877870e+06   5.0170898e+01
   7.4175760e+06   8.3190918e+01
   7.4175860e+06   7.3425293e+01
   7.4176270e+06   7.0861816e+01
   7.4177050e+06   4.1748047e+01
   7.4177250e+06   4.3640137e+01
   7.4183940e+06   9.1674805e+01
   7.4184170e+06   5.2429199e+01
   7.4587210e+06   4.1015625e+01
   7.4591900e+06   7.9467773e+01
   7.4592190e+06   4.3029785e+01
   7.4592440e+06   5.0781250e+01
   7.4592770e+06   4.7485352e+01
   7.4593210e+06   7.5012207e+01
   7.4593370e+06   6.0302734e+01
   7.4593790e+06   4.1809082e+01
   7.4594160e+06   4.5898438e+01
   7.4594930e+06   4.6081543e+01
   7.4595160e+06   6.7626953e+01
   7.4595810e+06   4.7302246e+01
   7.4596040e+06   4.6875000e+01
   7.4597260e+06   5.1025391e+01
   7.4597640e+06   4.1076660e+01
   7.4597900e+06   4.3151855e+01
   7.4598210e+06   4.0832520e+01
   7.4599100e+06   4.3823242e+01
   7.4599560e+06   4.5043945e+01
   7.4601910e+06   4.8034668e+01
   7.4603940e+06   4.4433594e+01
   7.4608340e+06   4.2846680e+01
   7.4623150e+06   4.6936035e+01
   7.5061630e+06   8.0566406e+01
   7.5062200e+06   4.3579102e+01
   7.5062440e+06   4.8400879e+01
   7.5062600e+06   4.5471191e+01
   7.5062830e+06   4.5959473e+01
   7.5063150e+06   4.8706055e+01
   7.5063270e+06   5.8715820e+01
   7.5063540e+06   5.9326172e+01
   7.5063750e+06   4.0100098e+01
   7.5064160e+06   4.4616699e+01
   7.5064730e+06   4.1015625e+01
   7.5065080e+06   4.1687012e+01
   7.5065370e+06   6.2988281e+01
   7.5066090e+06   5.9387207e+01
   7.5066240e+06   4.7912598e+01
   7.5066680e+06   4.3884277e+01
   7.5067190e+06   4.2297363e+01
   7.5068190e+06   4.9987793e+01
   7.5068930e+06   4.5837402e+01
   7.5069280e+06   4.5227051e+01
   7.5071350e+06   4.1015625e+01
   7.5072100e+06   4.0283203e+01
   7.5073550e+06   4.2724609e+01
   7.5075120e+06   5.1757813e+01
   7.5077090e+06   4.1625977e+01
   7.5078560e+06   4.1687012e+01
   7.5079720e+06   4.6447754e+01
   7.5080380e+06   4.1259766e+01
   7.5080730e+06   4.6264648e+01
   7.5086250e+06   4.9316406e+01
   7.5088050e+06   4.0161133e+01
   7.5090080e+06   4.5043945e+01
   7.5092350e+06   4.6875000e+01
   7.5094250e+06   4.4982910e+01
   7.5493410e+06   4.2968750e+01
   7.5493660e+06   4.7973633e+01
   7.5493800e+06   8.0749512e+01
   7.5494730e+06   6.2866211e+01
   7.5495190e+06   5.8288574e+01
   7.5495460e+06   6.3903809e+01
   7.5495740e+06   4.0649414e+01
   7.5496250e+06   4.5654297e+01
   7.5496800e+06   4.0832520e+01
   7.5497160e+06   4.2236328e+01
   7.5497760e+06   5.9387207e+01
   7.5498060e+06   5.0659180e+01
   7.5498590e+06   4.5959473e+01
   7.5498780e+06   6.5185547e+01
   7.5499310e+06   3.9916992e+01
   7.5500050e+06   4.2175293e+01
   7.5500650e+06   4.6386719e+01
   7.5502140e+06   4.2602539e+01
   7.5503710e+06   4.1320801e+01
   7.5504190e+06   4.0527344e+01
   7.5508580e+06   3.9855957e+01
   7.5511080e+06   4.1503906e+01
   7.5513190e+06   4.0283203e+01
   7.5514180e+06   4.1564941e+01
   7.5516730e+06   4.1320801e+01
   7.5969390e+06   4.9011230e+01
   7.5969530e+06   5.1757813e+01
   7.5969910e+06   5.9753418e+01
   7.5970100e+06   4.1809082e+01
   7.5970510e+06   4.3640137e+01
   7.5970730e+06   4.4921875e+01
   7.5970990e+06   4.7119141e+01
   7.5971090e+06   5.4138184e+01
   7.5971690e+06   4.9316406e+01
   7.5971790e+06   4.2846680e+01
   7.5972270e+06   4.7058105e+01
   7.5974000e+06   4.1992188e+01
   7.5975180e+06   4.8950195e+01
   7.5976260e+06   4.1076660e+01
   7.5989750e+06   3.9855957e+01
   7.5998820e+06   4.1442871e+01
   7.6005570e+06   4.1809082e+01
   7.6012420e+06   4.2907715e+01
   7.6030090e+06   4.3579102e+01
   7.6540040e+06   4.2907715e+01
   7.6540270e+06   4.3579102e+01
   7.6540730e+06   5.0354004e+01
   7.6541170e+06   4.6142578e+01
   7.6541480e+06   4.4799805e+01
   7.6541800e+06   4.2663574e+01
   7.6542530e+06   4.1137695e+01
   7.6543340e+06   4.8828125e+01
   7.6545290e+06   6.0729980e+01
   7.6547720e+06   4.3029785e+01
   7.6560400e+06   4.6081543e+01
   7.6561770e+06   4.0100098e+01
   7.6570690e+06   4.4067383e+01
   7.6574920e+06   4.0954590e+01
   7.6579950e+06   4.1442871e+01
   7.6580680e+06   4.2053223e+01
   7.7185270e+06   1.0107422e+02
   7.7185540e+06   4.0039063e+01
   7.7185650e+06   7.1105957e+01
   7.7186000e+06   3.9794922e+01
   7.7186630e+06   3.9733887e+01
   7.7187140e+06   4.5166016e+01
   7.7187470e+06   4.1320801e+01
   7.7187960e+06   5.3161621e+01
   7.7188290e+06   4.2785645e+01
   7.7188900e+06   5.6701660e+01
   7.7200130e+06   4.9194336e+01
   7.7210280e+06   4.0954590e+01
   7.7214000e+06   4.2907715e+01
   7.7214600e+06   4.9072266e+01
   7.7216000e+06   4.4921875e+01
   7.7223120e+06   4.3029785e+01
   7.7223810e+06   4.1259766e+01
   7.7229530e+06   5.1879883e+01
   7.7238620e+06   4.1198730e+01
   7.7901160e+06   4.6020508e+01
   7.7901350e+06   9.3566895e+01
   7.7901750e+06   4.6142578e+01
   7.7902170e+06   4.1687012e+01
   7.7902740e+06   5.2429199e+01
   7.7903130e+06   4.2968750e+01
   7.7903260e+06   4.5593262e+01
   7.7904280e+06   4.2358398e+01
   7.7904570e+06   4.0466309e+01
   7.7904860e+06   3.9733887e+01
   7.7906260e+06   6.3354492e+01
   7.7906960e+06   4.3579102e+01
   7.7910600e+06   4.0161133e+01
   7.7912860e+06   3.9733887e+01
   7.7920100e+06   4.4677734e+01
   7.7924940e+06   4.1870117e+01
   7.7928620e+06   4.4555664e+01
   7.7942940e+06   4.1870117e+01
   7.7943980e+06   5.3588867e+01
   7.8460730e+06   4.4250488e+01
   7.8460910e+06   9.7351074e+01
   7.8461240e+06   4.5715332e+01
   7.8461920e+06   4.0222168e+01
   7.8462180e+06   4.5471191e+01
   7.8462280e+06   4.0405273e+01
   7.8462770e+06   5.2795410e+01
   7.8463310e+06   6.7321777e+01
   7.8463470e+06   5.0476074e+01
   7.8463810e+06   4.3151855e+01
   7.8464440e+06   4.5776367e+01
   7.8464690e+06   6.6711426e+01
   7.8465230e+06   4.6264648e+01
   7.8466190e+06   5.6762695e+01
   7.8466530e+06   4.6569824e+01
   7.8467520e+06   3.9794922e+01
   7.8469330e+06   4.2602539e+01
   7.8470340e+06   4.0710449e+01
   7.8470460e+06   4.6508789e+01
   7.8472620e+06   4.1625977e+01
   7.8473700e+06   4.0405273e+01
   7.8477220e+06   4.9926758e+01
   7.8480890e+06   5.9326172e+01
   7.8484600e+06   4.0832520e+01
   7.8495350e+06   3.9794922e+01
   7.8931950e+06   4.1320801e+01
   7.8932060e+06   8.3435059e+01
   7.8932460e+06   5.6518555e+01
   7.8932660e+06   4.3579102e+01
   7.8933600e+06   5.0903320e+01
   7.8934810e+06   4.5776367e+01
   7.8935370e+06   6.4941406e+01
   7.8935590e+06   4.3518066e+01
   7.8936380e+06   4.6020508e+01
   7.8938250e+06   4.9804688e+01
   7.8939000e+06   5.6884766e+01
   7.8939930e+06   4.5837402e+01
   7.8940800e+06   6.4208984e+01
   7.8942060e+06   5.5908203e+01
   7.8944970e+06   4.0283203e+01
   7.8950360e+06   4.4616699e+01
   7.8950520e+06   4.5776367e+01
   7.8954540e+06   5.2673340e+01
   7.9361880e+06   6.9091797e+01
   7.9362420e+06   6.0241699e+01
   7.9362870e+06   4.2358398e+01
   7.9364030e+06   5.0659180e+01
   7.9365580e+06   3.9733887e+01
   7.9366430e+06   4.5837402e+01
   7.9367270e+06   4.1381836e+01
   7.9368460e+06   4.1564941e+01
   7.9368950e+06   4.9133301e+01
   7.9369060e+06   5.3527832e+01
   7.9372130e+06   4.2175293e+01
   7.9372670e+06   4.1198730e+01
   7.9373710e+06   4.9133301e+01
   7.9374270e+06   4.4067383e+01
   7.9381400e+06   4.3395996e+01
   7.9817110e+06   6.2561035e+01
   7.9817880e+06   7.8674316e+01
   7.9819290e+06   4.2968750e+01
   7.9819610e+06   5.4321289e+01
   7.9820620e+06   5.2734375e+01
   7.9822120e+06   4.1992188e+01
   7.9822400e+06   3.9733887e+01
   7.9823030e+06   4.2297363e+01
   7.9823500e+06   7.8735352e+01
   7.9824190e+06   4.3090820e+01
   7.9825940e+06   4.5410156e+01
   7.9827770e+06   4.2907715e+01
   7.9830050e+06   6.0791016e+01
   7.9848170e+06   4.0100098e+01
   8.0323110e+06   6.6345215e+01
   8.0323270e+06   4.9560547e+01
   8.0323750e+06   5.2917480e+01
   8.0323960e+06   4.1503906e+01
   8.0325110e+06   4.1748047e+01
   8.0325380e+06   4.6936035e+01
   8.0326520e+06   4.2114258e+01
   8.0327810e+06   5.4565430e+01
   8.0328030e+06   5.6579590e+01
   8.0329350e+06   3.9733887e+01
   8.0331330e+06   4.1503906e+01
   8.0332860e+06   4.2419434e+01
   8.0845540e+06   4.1809082e+01
   8.0846290e+06   9.1552734e+01
   8.0846640e+06   4.2175293e+01
   8.0846990e+06   4.8950195e+01
   8.0848680e+06   4.2175293e+01
   8.0849830e+06   4.1137695e+01
   8.0850730e+06   3.9916992e+01
   8.0851750e+06   4.2297363e+01
   8.1278100e+06   4.1625977e+01
   8.1278490e+06   4.3273926e+01
   8.1279890e+06   3.9978027e+01
   8.1280580e+06   4.1564941e+01
   8.1283300e+06   4.1564941e+01
   8.1289080e+06   4.2480469e+01
   8.1846190e+06   4.4006348e+01
   8.1850560e+06   4.2541504e+01
   8.1851120e+06   5.5053711e+01
   8.1852220e+06   4.1870117e+01
   8.1852360e+06   7.4401855e+01
   8.1852780e+06   4.8034668e+01
   8.1853220e+06   4.4921875e+01
   8.1854390e+06   4.5715332e+01
   8.1854610e+06   4.2297363e+01
   8.1859710e+06   4.0588379e+01
   8.2335580e+06   3.9916992e+01
   8.2336190e+06   4.1503906e+01
   8.2338270e+06   4.0649414e+01
   8.2340980e+06   4.2419434e+01
   8.2342620e+06   4.2175293e+01
   8.2807570e+06   4.7973633e+01
   8.2807800e+06   4.4250488e+01
   8.2810880e+06   4.1076660e+01
   8.3007500e+06   4.0405273e+01
   8.3016310e+06   4.3823242e+01
   8.3232290e+06   4.3579102e+01
   8.3232630e+06   4.2358398e+01
   8.3234560e+06   4.2968750e+01
   8.3235490e+06   4.1687012e+01
   8.3586300e+06   4.0283203e+01
   8.3589240e+06   4.2419434e+01
   8.3589930e+06   5.9143066e+01
   8.3853580e+06   4.3151855e+01
   8.3871310e+06   4.5776367e+01
   8.3871550e+06   7.3730469e+01
   8.3871940e+06   4.0466309e+01
   8.3875050e+06   5.2001953e+01
   8.4143690e+06   4.9560547e+01
   8.4145820e+06   4.0954590e+01
   8.4150280e+06   4.4067383e+01
   8.4150840e+06   4.1137695e+01
   8.4158930e+06   4.0405273e+01
   8.4487110e+06   4.0283203e+01
   8.4491310e+06   5.8044434e+01
   8.4492860e+06   5.8837891e+01
   8.4730700e+06   4.1259766e+01
   8.4798550e+06   4.4006348e+01
   8.4809730e+06   4.1137695e+01
   8.4810080e+06   3.9978027e+01
   8.4814430e+06   4.3823242e+01
   8.4815240e+06   4.4006348e+01
   8.4815990e+06   5.5053711e+01
   8.4817030e+06   4.2785645e+01
   8.4819090e+06   5.3771973e+01
   8.4820650e+06   4.7546387e+01
   8.4822340e+06   4.4555664e+01
   8.5308920e+06   4.4799805e+01
   8.5310810e+06   5.5358887e+01
   8.5311400e+06   4.1625977e+01
   8.5313950e+06   5.9631348e+01
   8.5322110e+06   4.1076660e+01
   8.5655830e+06   4.6142578e+01
   8.5656050e+06   9.1064453e+01
   8.5656410e+06   4.3334961e+01
   8.5657770e+06   4.0954590e+01
   8.5658030e+06   4.8767090e+01
   8.5658440e+06   4.8217773e+01
   8.5660570e+06   4.2602539e+01
   8.5662540e+06   4.0893555e+01
   8.5664860e+06   4.2358398e+01
   8.6203560e+06   4.6691895e+01
   8.6419880e+06   4.9255371e+01
   8.6421410e+06   8.2214355e+01
   8.6424170e+06   4.0893555e+01
   8.6428450e+06   4.2541504e+01
   8.6429340e+06   3.9978027e+01
   8.6435840e+06   4.7668457e+01
   8.6436610e+06   4.2053223e+01
   8.6438580e+06   4.0588379e+01
   8.6439280e+06   4.0954590e+01
   8.6439530e+06   4.7973633e+01
   8.6440240e+06   4.6142578e+01
   8.6440400e+06   4.4860840e+01
   8.6441400e+06   4.0954590e+01
   8.6442950e+06   6.3781738e+01
   8.6445630e+06   4.1992188e+01
   8.6446570e+06   6.0485840e+01
   8.7039580e+06   4.2175293e+01
   8.7199020e+06   4.1381836e+01
   8.7200230e+06   4.1870117e+01
   8.7202700e+06   7.2570801e+01
   8.7203300e+06   4.0466309e+01
   8.7203670e+06   4.2114258e+01
   8.7205710e+06   4.4494629e+01
   8.7208450e+06   4.1625977e+01
   8.7210790e+06   4.2419434e+01
   8.7211750e+06   4.7973633e+01
   8.7214090e+06   4.5593262e+01
   8.7214900e+06   4.6997070e+01
   8.7215860e+06   4.4799805e+01
   8.7898410e+06   3.9978027e+01
   8.7903290e+06   4.6081543e+01
   8.7911370e+06   7.0312500e+01
   8.7923220e+06   4.1870117e+01
   8.7924760e+06   4.2297363e+01
   8.7926570e+06   4.0222168e+01
   8.7927610e+06   4.2236328e+01
   8.7928940e+06   4.1076660e+01
   8.8352130e+06   4.0405273e+01
   8.8363380e+06   4.4250488e+01
   8.8366030e+06   4.1320801e+01
   8.8366530e+06   4.1625977e+01
   8.8369100e+06   4.2541504e+01
   8.8376230e+06   4.4372559e+01
   8.8384330e+06   3.9916992e+01
   8.8969450e+06   3.9794922e+01
   8.8982690e+06   4.1687012e+01
   8.8983240e+06   4.1381836e+01
   8.8985580e+06   4.1076660e+01
   8.8987800e+06   4.7302246e+01
   8.8988390e+06   4.3945313e+01
   8.8992130e+06   4.4433594e+01
   8.8992710e+06   4.1442871e+01
   8.8994840e+06   4.1015625e+01
   8.9264320e+06   4.4006348e+01
   8.9265050e+06   4.0222168e+01
   8.9265350e+06   4.1931152e+01
   8.9861730e+06   8.3007813e+01
   8.9861920e+06   5.3894043e+01
   8.9862090e+06   7.0373535e+01
   8.9863640e+06   4.2602539e+01
   8.9865550e+06   3.9733887e+01
   8.9874070e+06   3.9855957e+01
   8.9908020e+06   3.9978027e+01
   9.0135370e+06   4.5166016e+01
   9.0135680e+06   4.4006348e+01
   9.0137300e+06   4.3579102e+01
   9.0138420e+06   4.1198730e+01
   9.0139060e+06   4.6203613e+01
   9.0593220e+06   4.1442871e+01
   9.0594480e+06   4.0344238e+01
   9.0595530e+06   4.0649414e+01
   9.0597010e+06   4.0771484e+01
   9.0597930e+06   4.0039063e+01
   9.1317270e+06   4.2724609e+01
   9.1334480e+06   8.3007813e+01
   9.1339570e+06   4.2175293e+01
   9.1340090e+06   6.5124512e+01
   9.1340280e+06   4.6752930e+01
   9.1340740e+06   4.5959473e+01
   9.1343270e+06   4.1992188e+01
   9.1343440e+06   6.0852051e+01
   9.1345240e+06   5.2429199e+01
   9.1346010e+06   6.7749023e+01
   9.1346170e+06   4.0588379e+01
   9.1347910e+06   4.0832520e+01
   9.1349450e+06   4.3701172e+01
   9.1352200e+06   3.9978027e+01
   9.1971020e+06   4.2663574e+01
   9.1973480e+06   4.7607422e+01
   9.1977300e+06   4.1076660e+01
   9.1981160e+06   8.3496094e+01
   9.2603650e+06   4.0405273e+01
   9.2608010e+06   4.7485352e+01
   9.2620270e+06   5.0170898e+01
   9.2620440e+06   6.8908691e+01
   9.2631860e+06   4.6997070e+01
   9.2637410e+06   4.3212891e+01
   9.2637610e+06   4.1381836e+01
   9.2642100e+06   6.7382813e+01
   9.2642420e+06   6.9458008e+01
   9.2908570e+06   4.6875000e+01
   9.2913450e+06   8.6303711e+01
   9.2914190e+06   7.6416016e+01
   9.2914300e+06   4.1992188e+01
   9.2914960e+06   4.8583984e+01
   9.2915970e+06   4.1259766e+01
   9.2917250e+06   4.3029785e+01
   9.2918580e+06   4.0527344e+01
   9.2919120e+06   4.6264648e+01
   9.2919450e+06   4.1870117e+01
   9.2925840e+06   4.2846680e+01
   9.3495040e+06   7.6965332e+01
   9.3495300e+06   5.1574707e+01
   9.3511630e+06   7.3974609e+01
   9.3519360e+06   6.3781738e+01
   9.3520010e+06   5.4321289e+01
   9.3521170e+06   4.5043945e+01
   9.3987490e+06   3.9794922e+01
   9.3990760e+06   7.2387695e+01
   9.3993770e+06   4.4311523e+01
   9.3996420e+06   6.4331055e+01
   9.3996620e+06   4.1137695e+01
   9.3999030e+06   7.4951172e+01
   9.4003300e+06   4.7546387e+01
   9.4003610e+06   4.0954590e+01
   9.4003840e+06   7.8918457e+01
   9.4005160e+06   4.3212891e+01
   9.4005820e+06   4.0161133e+01
   9.4006100e+06   4.3029785e+01
   9.4007410e+06   4.1503906e+01
   9.4318310e+06   4.3334961e+01
   9.4325880e+06   4.0100098e+01
   9.4326390e+06   4.9072266e+01
   9.4336710e+06   7.4462891e+01
   9.4337080e+06   4.0039063e+01
   9.4720780e+06   4.0405273e+01
   9.4724620e+06   7.8063965e+01
   9.4725040e+06   4.1076660e+01
   9.4726020e+06   3.9855957e+01
   9.4728540e+06   7.3669434e+01
   9.4734070e+06   4.3579102e+01
   9.4734210e+06   4.1748047e+01
   9.4734360e+06   7.6477051e+01
   9.4734910e+06   6.1340332e+01
   9.4736150e+06   4.0039063e+01
   9.4852130e+06   4.5898438e+01
   9.4852320e+06   8.3251953e+01
   9.4862750e+06   4.8034668e+01
   9.5287780e+06   5.2856445e+01
   9.5288070e+06   4.3823242e+01
   9.5288270e+06   6.0119629e+01
   9.5289440e+06   4.9621582e+01
   9.5291940e+06   3.9733887e+01
   9.5292310e+06   4.2907715e+01
   9.5293750e+06   4.2114258e+01
   9.5295210e+06   4.0771484e+01
   9.5296420e+06   4.0527344e+01
   9.5305460e+06   4.2846680e+01
   9.5747520e+06   4.0527344e+01
   9.5748090e+06   8.1909180e+01
   9.5748740e+06   6.7138672e+01
   9.5758170e+06   8.4594727e+01
   9.6123660e+06   8.1481934e+01
   9.6128530e+06   6.6345215e+01
   9.6131630e+06   6.2622070e+01
   9.6136550e+06   5.6579590e+01
   9.6185060e+06   4.0466309e+01
   9.6514770e+06   5.5480957e+01
   9.6515120e+06   7.3791504e+01
   9.6515800e+06   3.9733887e+01
   9.6517080e+06   4.3457031e+01
   9.6518870e+06   5.6518555e+01
   9.6522080e+06   4.2846680e+01
   9.6523490e+06   6.7565918e+01
   9.6524260e+06   5.9265137e+01
   9.6822530e+06   4.4494629e+01
   9.6822970e+06   4.0100098e+01
   9.6823170e+06   4.1137695e+01
   9.6823380e+06   6.2805176e+01
   9.6824470e+06   4.2480469e+01
   9.6828760e+06   6.1157227e+01
   9.6830100e+06   4.8889160e+01
   9.6830350e+06   6.2500000e+01
   9.6836220e+06   3.9733887e+01
   9.6836390e+06   7.2814941e+01
   9.6836590e+06   5.0537109e+01
   9.6837190e+06   4.5288086e+01
   9.6837610e+06   5.0964355e+01
   9.6838230e+06   3.9916992e+01
   9.6859340e+06   3.9794922e+01
   9.6868620e+06   8.6120605e+01
   9.7239930e+06   8.0749512e+01
   9.7241160e+06   4.0832520e+01
   9.7241920e+06   5.3039551e+01
   9.7242690e+06   6.7199707e+01
   9.7244170e+06   4.2724609e+01
   9.7244420e+06   5.9387207e+01
   9.7247290e+06   4.6875000e+01
   9.7248470e+06   9.1979980e+01
   9.7251720e+06   6.1706543e+01
   9.7252340e+06   5.1269531e+01
   9.7253600e+06   4.1625977e+01
   9.7255060e+06   5.4565430e+01
   9.7255300e+06   4.2663574e+01
   9.7257170e+06   4.0161133e+01
   9.7548960e+06   6.0913086e+01
   9.7553060e+06   6.7932129e+01
   9.7553340e+06   7.9772949e+01
   9.7554700e+06   4.0771484e+01
   9.7774100e+06   6.7565918e+01
   9.7775970e+06   7.7148438e+01
   9.7776850e+06   7.9772949e+01
   9.7777210e+06   4.3212891e+01
   9.7777900e+06   4.9865723e+01
   9.7778720e+06   4.4738770e+01
   9.7781090e+06   4.0344238e+01
   9.8054240e+06   4.1076660e+01
   9.8058460e+06   8.1420898e+01
   9.8060160e+06   7.9772949e+01
   9.8061520e+06   4.2297363e+01
   9.8064230e+06   5.1025391e+01
   9.8318560e+06   7.9711914e+01
   9.8319960e+06   4.7302246e+01
   9.8321620e+06   6.5612793e+01
   9.8321750e+06   4.6325684e+01
   9.8325820e+06   4.7363281e+01
   9.8336090e+06   4.7058105e+01
   9.8544310e+06   4.1442871e+01
   9.8547690e+06   7.3181152e+01
   9.8548150e+06   4.3395996e+01
   9.8548600e+06   9.6618652e+01
   9.8552530e+06   6.2561035e+01
   9.8552970e+06   4.1320801e+01
   9.8554380e+06   1.0186768e+02
   9.8554670e+06   4.5227051e+01
   9.8555600e+06   5.4870605e+01
   9.8778490e+06   8.6425781e+01
   9.8778630e+06   4.1259766e+01
   9.8780760e+06   9.0515137e+01
   9.8781830e+06   5.6945801e+01
   9.8783280e+06   4.9377441e+01
   9.8785730e+06   6.8237305e+01
   9.8788280e+06   4.7729492e+01
   9.8994840e+06   7.3608398e+01
   9.8995640e+06   4.0100098e+01
   9.8999540e+06   9.1491699e+01
   9.9004990e+06   4.9926758e+01
   9.9172130e+06   4.1748047e+01
   9.9172390e+06   4.2419434e+01
   9.9176030e+06   5.8532715e+01
   9.9178400e+06   7.2937012e+01
   9.9182160e+06   4.1137695e+01
   9.9379740e+06   4.9438477e+01
   9.9381060e+06   4.1381836e+01
   9.9384340e+06   7.2631836e+01
   9.9390200e+06   7.0800781e+01
   9.9601280e+06   5.0292969e+01
   9.9606580e+06   5.0537109e+01
   9.9606740e+06   6.7871094e+01
   9.9609150e+06   4.2541504e+01
   9.9609410e+06   7.9284668e+01
   9.9611170e+06   5.4260254e+01
   9.9611630e+06   9.3750000e+01
   9.9613770e+06   4.1687012e+01
   9.9614250e+06   4.0161133e+01
   9.9614370e+06   4.7546387e+01
   9.9799780e+06   4.0344238e+01
   9.9803040e+06   1.0375977e+02
   9.9805970e+06   8.1054688e+01
   9.9806610e+06   5.5114746e+01
   9.9809370e+06   9.6313477e+01
   9.9813090e+06   4.2541504e+01
   9.9813730e+06   6.7443848e+01
   9.9816730e+06   6.1401367e+01
   9.9816950e+06   4.6325684e+01
   1.0003506e+07   5.2307129e+01
   1.0003730e+07   4.1076660e+01
   1.0004135e+07   7.8308105e+01
   1.0004153e+07   4.4616699e+01
   1.0004538e+07   4.7607422e+01
   1.0004601e+07   6.2377930e+01
   1.0031042e+07   6.9213867e+01
   1.0031425e+07   6.1523438e+01
   1.0031731e+07   4.5349121e+01
   1.0047031e+07   5.2734375e+01
   1.0047082e+07   7.9345703e+01
   1.0047190e+07   4.2663574e+01
   1.0047512e+07   4.2663574e+01
   1.0047557e+07   9.7778320e+01
   1.0047719e+07   9.0820313e+01
   1.0047810e+07   6.3537598e+01
   1.0047833e+07   4.5898438e+01
   1.0047957e+07   6.1035156e+01
   1.0048465e+07   4.5104980e+01
   1.0075386e+07   5.3283691e+01
   1.0075424e+07   7.4645996e+01
   1.0075850e+07   4.1381836e+01
   1.0076045e+07   7.0556641e+01
   1.0101523e+07   6.7626953e+01
   1.0101608e+07   4.6691895e+01
   1.0101688e+07   6.8298340e+01
   1.0101733e+07   5.0292969e+01
   1.0101752e+07   4.5471191e+01
   1.0101835e+07   4.2663574e+01
   1.0102005e+07   4.7546387e+01
   1.0102036e+07   7.1350098e+01
   1.0102280e+07   4.4433594e+01
   1.0102320e+07   5.9509277e+01
   1.0102425e+07   4.3212891e+01
   1.0102627e+07   6.6345215e+01
   1.0103085e+07   6.0607910e+01
   1.0126069e+07   4.2541504e+01
   1.0126567e+07   4.7424316e+01
   1.0127280e+07   6.1706543e+01
   1.0127640e+07   4.2419434e+01
   1.0127984e+07   4.1748047e+01
   1.0155329e+07   4.5898438e+01
   1.0155379e+07   8.2641602e+01
   1.0155549e+07   7.6049805e+01
   1.0155565e+07   5.6579590e+01
   1.0155844e+07   6.3476563e+01
   1.0155941e+07   5.3344727e+01
   1.0155987e+07   4.0161133e+01
   1.0156063e+07   5.5480957e+01
   1.0156218e+07   6.0058594e+01
   1.0156432e+07   5.3771973e+01
   1.0188251e+07   4.1015625e+01
   1.0188642e+07   6.7565918e+01
   1.0188815e+07   4.3273926e+01
   1.0188871e+07   8.2946777e+01
   1.0189038e+07   5.7312012e+01
   1.0189059e+07   4.4006348e+01
   1.0189584e+07   5.2612305e+01
   1.0189775e+07   6.6650391e+01
   1.0190185e+07   3.9916992e+01
   1.0190296e+07   6.2805176e+01
   1.0190457e+07   7.4768066e+01
   1.0215051e+07   4.5104980e+01
   1.0215103e+07   7.5134277e+01
   1.0215184e+07   4.8217773e+01
   1.0215470e+07   6.0363770e+01
   1.0215496e+07   4.8278809e+01
   1.0215778e+07   8.5815430e+01
   1.0215860e+07   4.8706055e+01
   1.0216305e+07   4.6691895e+01
   1.0234775e+07   4.1625977e+01
   1.0235285e+07   4.0161133e+01
   1.0235347e+07   7.7575684e+01
   1.0235444e+07   4.0588379e+01
   1.0235495e+07   6.6955566e+01
   1.0235511e+07   5.3466797e+01
   1.0235699e+07   4.0466309e+01
   1.0235769e+07   4.3090820e+01
   1.0235952e+07   4.3151855e+01
   1.0236065e+07   6.5307617e+01
   1.0236084e+07   6.3354492e+01
   1.0236098e+07   3.9733887e+01
   1.0236132e+07   5.6335449e+01
   1.0236184e+07   4.2785645e+01
   1.0236359e+07   5.3039551e+01
   1.0236447e+07   5.5358887e+01
   1.0236464e+07   4.1198730e+01
   1.0236610e+07   4.9804688e+01
   1.0275631e+07   8.8256836e+01
   1.0275670e+07   7.3547363e+01
   1.0275683e+07   4.8583984e+01
   1.0275817e+07   6.2438965e+01
   1.0276067e+07   4.5776367e+01
   1.0276118e+07   4.5898438e+01
   1.0276162e+07   9.6801758e+01
   1.0276348e+07   4.6020508e+01
   1.0276366e+07   4.2236328e+01
   1.0276502e+07   5.9509277e+01
   1.0276659e+07   5.1086426e+01
   1.0276720e+07   4.1992188e+01
   1.0277056e+07   4.1625977e+01
   1.0277209e+07   5.5053711e+01
   1.0277232e+07   4.2114258e+01
   1.0278578e+07   4.2358398e+01
   1.0315951e+07   4.5776367e+01
   1.0316026e+07   8.1542969e+01
   1.0316546e+07   4.0039063e+01
   1.0316664e+07   4.1198730e+01
   1.0316821e+07   6.9763184e+01
   1.0316897e+07   4.4372559e+01
   1.0316922e+07   7.0190430e+01
   1.0316988e+07   4.1503906e+01
   1.0317042e+07   5.6335449e+01
   1.0317144e+07   4.3579102e+01
   1.0317172e+07   5.4565430e+01
   1.0317348e+07   5.7434082e+01
   1.0317532e+07   4.4494629e+01
   1.0317575e+07   4.1503906e+01
   1.0317791e+07   4.8400879e+01
   1.0317971e+07   4.9560547e+01
   1.0318111e+07   4.5593262e+01
   1.0318387e+07   4.4311523e+01
   1.0318590e+07   4.0649414e+01
   1.0319004e+07   4.1809082e+01
   1.0319274e+07   5.8532715e+01
   1.0319452e+07   4.3457031e+01
   1.0319601e+07   4.0649414e+01
   1.0319813e+07   4.4372559e+01
   1.0319856e+07   4.1259766e+01
   1.0320085e+07   5.2185059e+01
   1.0359806e+07   6.3781738e+01
   1.0359838e+07   4.5471191e+01
   1.0359902e+07   4.6386719e+01
   1.0359965e+07   4.1687012e+01
   1.0360124e+07   4.2175293e+01
   1.0360174e+07   7.4829102e+01
   1.0360308e+07   6.6528320e+01
   1.0360370e+07   4.2663574e+01
   1.0360422e+07   7.2204590e+01
   1.0360525e+07   5.5480957e+01
   1.0360675e+07   4.6813965e+01
   1.0360727e+07   4.2358398e+01
   1.0360915e+07   4.3029785e+01
   1.0361036e+07   4.3579102e+01
   1.0361046e+07   4.4433594e+01
   1.0361396e+07   4.0161133e+01
   1.0362440e+07   5.2734375e+01
   1.0362600e+07   4.2480469e+01
   1.0363645e+07   4.1625977e+01
   1.0364356e+07   4.1503906e+01
   1.0405199e+07   4.0283203e+01
   1.0405409e+07   7.3669434e+01
   1.0405442e+07   4.4494629e+01
   1.0405573e+07   4.8034668e+01
   1.0405611e+07   7.1350098e+01
   1.0405652e+07   4.0100098e+01
   1.0405738e+07   4.2968750e+01
   1.0405759e+07   4.4555664e+01
   1.0405815e+07   4.4616699e+01
   1.0405955e+07   5.8837891e+01
   1.0406049e+07   4.1198730e+01
   1.0406111e+07   4.2968750e+01
   1.0406235e+07   4.1503906e+01
   1.0406255e+07   4.2785645e+01
   1.0406360e+07   4.2724609e+01
   1.0406482e+07   3.9916992e+01
   1.0406565e+07   4.4067383e+01
   1.0406594e+07   4.5593262e+01
   1.0406677e+07   4.1687012e+01
   1.0406761e+07   3.9916992e+01
   1.0406966e+07   4.9987793e+01
   1.0407093e+07   4.2907715e+01
   1.0407222e+07   3.9855957e+01
   1.0407369e+07   4.2053223e+01
   1.0407682e+07   3.9855957e+01
   1.0407837e+07   4.2480469e+01
   1.0407882e+07   4.3334961e+01
   1.0408167e+07   4.3334961e+01
   1.0408337e+07   4.0039063e+01
   1.0408700e+07   4.0832520e+01
   1.0408864e+07   4.0283203e+01
   1.0409542e+07   4.3090820e+01
   1.0410269e+07   4.0954590e+01
   1.0447233e+07   1.1437988e+02
   1.0447265e+07   4.8095703e+01
   1.0447295e+07   5.3894043e+01
   1.0447305e+07   4.3212891e+01
   1.0447315e+07   4.6447754e+01
   1.0447444e+07   4.3029785e+01
   1.0447553e+07   5.6762695e+01
   1.0447565e+07   5.9020996e+01
   1.0447725e+07   6.3171387e+01
   1.0447768e+07   4.2236328e+01
   1.0447870e+07   4.9438477e+01
   1.0447902e+07   4.4921875e+01
   1.0447969e+07   4.0283203e+01
   1.0448002e+07   4.1809082e+01
   1.0448065e+07   4.1198730e+01
   1.0448178e+07   4.9377441e+01
   1.0448377e+07   5.0537109e+01
   1.0449529e+07   4.1809082e+01
   1.0449673e+07   5.4260254e+01
   1.0450011e+07   4.1076660e+01
   1.0450195e+07   3.9916992e+01
   1.0450409e+07   4.0222168e+01
   1.0450574e+07   4.7302246e+01
   1.0450999e+07   4.3151855e+01
   1.0451537e+07   4.1687012e+01
   1.0488708e+07   7.9528809e+01
   1.0488723e+07   6.2622070e+01
   1.0488755e+07   8.2824707e+01
   1.0488786e+07   4.0466309e+01
   1.0488810e+07   4.2053223e+01
   1.0488862e+07   4.2541504e+01
   1.0488959e+07   4.6691895e+01
   1.0488971e+07   6.0852051e+01
   1.0489056e+07   5.2001953e+01
   1.0489126e+07   4.4616699e+01
   1.0489353e+07   4.0100098e+01
   1.0489453e+07   4.1076660e+01
   1.0489938e+07   4.0344238e+01
   1.0490432e+07   4.0344238e+01
   1.0490842e+07   4.6813965e+01
   1.0491333e+07   4.2724609e+01
   1.0531875e+07   9.6313477e+01
   1.0531904e+07   3.9916992e+01
   1.0531916e+07   7.2265625e+01
   1.0531951e+07   5.0598145e+01
   1.0532052e+07   4.4982910e+01
   1.0532104e+07   3.9794922e+01
   1.0532142e+07   4.0893555e+01
   1.0532210e+07   4.2358398e+01
   1.0532243e+07   4.8400879e+01
   1.0532294e+07   4.7241211e+01
   1.0532438e+07   4.4799805e+01
   1.0532452e+07   4.7973633e+01
   1.0532529e+07   5.1269531e+01
   1.0532542e+07   4.3518066e+01
   1.0532785e+07   4.4433594e+01
   1.0532879e+07   4.5654297e+01
   1.0533450e+07   4.5227051e+01
   1.0533478e+07   4.7973633e+01
   1.0533558e+07   4.0466309e+01
   1.0533739e+07   5.5603027e+01
   1.0534317e+07   5.1696777e+01
   1.0534929e+07   4.0649414e+01
   1.0535450e+07   4.5043945e+01
   1.0536207e+07   4.1503906e+01
   1.0576900e+07   4.0405273e+01
   1.0576918e+07   5.9143066e+01
   1.0576950e+07   4.2236328e+01
   1.0576989e+07   5.9631348e+01
   1.0577002e+07   4.2480469e+01
   1.0577027e+07   4.3212891e+01
   1.0577043e+07   4.1625977e+01
   1.0577109e+07   4.0405273e+01
   1.0577122e+07   4.3762207e+01
   1.0577190e+07   4.5166016e+01
   1.0577256e+07   4.4921875e+01
   1.0577287e+07   4.9438477e+01
   1.0577312e+07   4.9072266e+01
   1.0577361e+07   4.4067383e+01
   1.0578070e+07   4.0344238e+01
   1.0578202e+07   4.2968750e+01
   1.0579094e+07   4.2419434e+01
   1.0580034e+07   4.3151855e+01
   1.0580195e+07   4.8767090e+01
   1.0581970e+07   4.0588379e+01
   1.0628195e+07   4.0283203e+01
   1.0628210e+07   7.1166992e+01
   1.0628239e+07   4.4250488e+01
   1.0628250e+07   5.2185059e+01
   1.0628281e+07   4.0954590e+01
   1.0628441e+07   4.3151855e+01
   1.0628463e+07   4.1137695e+01
   1.0628547e+07   6.6284180e+01
   1.0628745e+07   4.0283203e+01
   1.0629017e+07   4.1809082e+01
   1.0630625e+07   3.9794922e+01
   1.0631016e+07   5.1696777e+01
   1.0631506e+07   4.0649414e+01
   1.0631719e+07   4.4860840e+01
   1.0632297e+07   4.1748047e+01
   1.0632682e+07   4.7668457e+01
   1.0682518e+07   4.3457031e+01
   1.0682540e+07   7.5927734e+01
   1.0682566e+07   5.6884766e+01
   1.0682592e+07   6.5429688e+01
   1.0682607e+07   4.5471191e+01
   1.0682633e+07   4.4494629e+01
   1.0682678e+07   4.0710449e+01
   1.0682873e+07   4.5227051e+01
   1.0682983e+07   4.3457031e+01
   1.0683008e+07   5.3833008e+01
   1.0683040e+07   4.1259766e+01
   1.0683073e+07   4.3151855e+01
   1.0683277e+07   3.9794922e+01
   1.0683594e+07   4.4677734e+01
   1.0683763e+07   4.0649414e+01
   1.0684229e+07   4.0710449e+01
   1.0684296e+07   4.0893555e+01
   1.0684460e+07   4.4555664e+01
   1.0684785e+07   4.2236328e+01
   1.0685731e+07   4.2846680e+01
   1.0743444e+07   4.2236328e+01
   1.0743468e+07   7.8552246e+01
   1.0743501e+07   5.6945801e+01
   1.0743511e+07   4.8461914e+01
   1.0743549e+07   4.1992187e+01
   1.0743603e+07   4.4921875e+01
   1.0743668e+07   4.2602539e+01
   1.0743806e+07   4.6264648e+01
   1.0743862e+07   4.3457031e+01
   1.0743919e+07   4.2175293e+01
   1.0743977e+07   4.1259766e+01
   1.0744133e+07   4.0954590e+01
   1.0744189e+07   5.2978516e+01
   1.0744725e+07   4.0039063e+01
   1.0745185e+07   4.2114258e+01
   1.0745650e+07   4.3212891e+01
   1.0746230e+07   4.1137695e+01
   1.0746470e+07   4.6081543e+01
   1.0746684e+07   4.3151855e+01
   1.0747174e+07   4.3029785e+01
   1.0747966e+07   4.2907715e+01
   1.0808017e+07   5.3710938e+01
   1.0808037e+07   9.4299316e+01
   1.0808069e+07   5.0109863e+01
   1.0808088e+07   4.4189453e+01
   1.0808111e+07   4.6203613e+01
   1.0808131e+07   4.6081543e+01
   1.0808251e+07   7.0617676e+01
   1.0808283e+07   4.1442871e+01
   1.0808349e+07   4.3823242e+01
   1.0808393e+07   5.0537109e+01
   1.0808469e+07   5.0415039e+01
   1.0808598e+07   4.8889160e+01
   1.0808956e+07   4.1137695e+01
   1.0809053e+07   4.0527344e+01
   1.0809166e+07   4.0893555e+01
   1.0809257e+07   4.0588379e+01
   1.0809473e+07   3.9733887e+01
   1.0810687e+07   4.6569824e+01
   1.0810924e+07   4.3212891e+01
   1.0873554e+07   4.5471191e+01
   1.0873581e+07   8.5388184e+01
   1.0873617e+07   6.4575195e+01
   1.0873642e+07   5.6091309e+01
   1.0873686e+07   4.5898438e+01
   1.0873738e+07   3.9855957e+01
   1.0873780e+07   4.0588379e+01
   1.0873853e+07   5.3222656e+01
   1.0873930e+07   4.8828125e+01
   1.0873944e+07   4.8400879e+01
   1.0874055e+07   4.4433594e+01
   1.0874177e+07   4.2968750e+01
   1.0874486e+07   4.3884277e+01
   1.0874682e+07   5.4199219e+01
   1.0937472e+07   4.8950195e+01
   1.0937496e+07   9.4726563e+01
   1.0937547e+07   7.0556641e+01
   1.0937588e+07   4.2480469e+01
   1.0937646e+07   4.6569824e+01
   1.0937719e+07   4.3457031e+01
   1.0937743e+07   5.1513672e+01
   1.0937778e+07   5.9570312e+01
   1.0937997e+07   4.2785645e+01
   1.0938203e+07   4.5898438e+01
   1.0938245e+07   4.5776367e+01
   1.0938264e+07   4.0283203e+01
   1.0938324e+07   4.7790527e+01
   1.0938361e+07   4.3701172e+01
   1.0938461e+07   4.1442871e+01
   1.0938717e+07   4.8034668e+01
   1.0939032e+07   4.0527344e+01
   1.0991536e+07   5.0537109e+01
   1.0991550e+07   4.4921875e+01
   1.0991581e+07   4.0222168e+01
   1.0991604e+07   7.3547363e+01
   1.0991646e+07   4.6875000e+01
   1.0991688e+07   4.3640137e+01
   1.0991705e+07   4.4555664e+01
   1.0991778e+07   4.6264648e+01
   1.0991827e+07   5.5358887e+01
   1.0992017e+07   4.8278809e+01
   1.0992132e+07   6.3110352e+01
   1.0992195e+07   4.1320801e+01
   1.0992237e+07   5.6762695e+01
   1.0992265e+07   4.6203613e+01
   1.0992915e+07   4.4189453e+01
   1.1038745e+07   4.8950195e+01
   1.1038780e+07   7.0983887e+01
   1.1038801e+07   4.7241211e+01
   1.1038828e+07   4.3273926e+01
   1.1038896e+07   4.4433594e+01
   1.1038952e+07   4.0466309e+01
   1.1038987e+07   4.0527344e+01
   1.1039026e+07   4.2297363e+01
   1.1039182e+07   8.0688477e+01
   1.1039226e+07   4.0466309e+01
   1.1039255e+07   4.2175293e+01
   1.1039370e+07   4.2175293e+01
   1.1077257e+07   4.2907715e+01
   1.1077282e+07   5.1818848e+01
   1.1077305e+07   4.4189453e+01
   1.1077391e+07   4.9499512e+01
   1.1077412e+07   4.4738770e+01
   1.1077532e+07   4.1198730e+01
   1.1077768e+07   4.7912598e+01
   1.1077907e+07   8.4228516e+01
   1.1119068e+07   4.4250488e+01
   1.1119269e+07   4.0222168e+01
   1.1119868e+07   4.0161133e+01
   1.1164108e+07   4.1381836e+01
   1.1164435e+07   4.4982910e+01
   1.1164461e+07   4.1442871e+01
   1.1164504e+07   3.9855957e+01
   1.1164523e+07   4.5776367e+01
   1.1206818e+07   4.7790527e+01
   1.1206864e+07   6.4697266e+01
   1.1207302e+07   7.7209473e+01
   1.1207340e+07   4.0222168e+01
   1.1207369e+07   4.0466309e+01
   1.1253292e+07   4.4311523e+01
   1.1253458e+07   3.9733887e+01
   1.1253693e+07   4.0832520e+01
   1.1254232e+07   4.3518066e+01
   1.1254957e+07   3.9916992e+01
   1.1299285e+07   4.2602539e+01
   1.1299317e+07   1.0241699e+02
   1.1299431e+07   4.2846680e+01
   1.1299520e+07   4.3762207e+01
   1.1299580e+07   4.0710449e+01
   1.1299853e+07   4.1992188e+01
   1.1299924e+07   4.4128418e+01
   1.1300165e+07   4.4006348e+01
   1.1300361e+07   3.9978027e+01
   1.1346221e+07   4.0527344e+01
   1.1346473e+07   5.4687500e+01
   1.1409376e+07   4.0588379e+01
   1.1409555e+07   4.0039063e+01
   1.1410213e+07   1.0699463e+02
   1.1410224e+07   4.2053223e+01
   1.1410317e+07   4.0588379e+01
   1.1410352e+07   4.2663574e+01
   1.1410473e+07   3.9916992e+01
   1.1410526e+07   4.5410156e+01
   1.1410604e+07   4.2663574e+01
   1.1410619e+07   4.4372559e+01
   1.1410891e+07   6.0119629e+01
   1.1411279e+07   4.1442871e+01
   1.1480621e+07   4.2907715e+01
   1.1482834e+07   4.6325684e+01
   1.1482849e+07   4.7241211e+01
   1.1482861e+07   4.2114258e+01
   1.1483095e+07   4.1198730e+01
   1.1483182e+07   4.9377441e+01
   1.1483264e+07   4.1931152e+01
   1.1483308e+07   4.0344238e+01
   1.1483437e+07   4.3273926e+01
   1.1483673e+07   4.9621582e+01
   1.1483729e+07   3.9978027e+01
   1.1536176e+07   8.5266113e+01
   1.1536190e+07   4.0527344e+01
   1.1536561e+07   4.0710449e+01
   1.1536703e+07   4.0466309e+01
   1.1536872e+07   4.7302246e+01
   1.1537037e+07   4.3945313e+01
   1.1537624e+07   3.9794922e+01
   1.1620569e+07   4.7180176e+01
   1.1621275e+07   4.0283203e+01
   1.1621306e+07   4.8095703e+01
   1.1640443e+07   4.0893555e+01
   1.1640663e+07   4.0771484e+01
   1.1640856e+07   4.3762207e+01
   1.1641015e+07   4.7607422e+01
   1.1711539e+07   4.0283203e+01
   1.1711823e+07   4.0710449e+01
   1.1711928e+07   4.6264648e+01
   1.1712836e+07   3.9855957e+01
   1.1713097e+07   4.0222168e+01
   1.1792779e+07   4.1381836e+01
   1.1792798e+07   3.9978027e+01
   1.1792839e+07   4.1503906e+01
   1.1792917e+07   4.5776367e+01
   1.1793038e+07   4.8889160e+01
   1.1793070e+07   6.5124512e+01
   1.1793215e+07   4.0039063e+01
   1.1793340e+07   3.9855957e+01
   1.1793580e+07   4.1809082e+01
   1.1793806e+07   4.1503906e+01
   1.1794321e+07   4.1931152e+01
   1.1852220e+07   4.3640137e+01
   1.1852264e+07   4.2663574e+01
   1.1852286e+07   4.0344238e+01
   1.1852321e+07   4.3029785e+01
   1.1852489e+07   4.9255371e+01
   1.1852621e+07   5.5664063e+01
   1.1852750e+07   4.2114258e+01
   1.1852901e+07   4.2053223e+01
   1.1852953e+07   3.9978027e+01
   1.1853062e+07   3.9978027e+01
   1.1900411e+07   4.1870117e+01
   1.1901410e+07   4.1442871e+01
   1.1975862e+07   4.4189453e+01
   1.1976563e+07   8.3312988e+01
   1.1977133e+07   4.9194336e+01
   1.1977155e+07   3.9978027e+01
   1.1977333e+07   4.7546387e+01
   1.1977687e+07   5.0415039e+01
   1.1978187e+07   4.4494629e+01
