   1.7999000e+07   0.0000000e+00
   1.5644000e+04   3.7609863e+01
   1.5688000e+04   3.5943604e+01
   1.5712000e+04   3.5705566e+01
   1.5723000e+04   5.2368164e+01
   1.5779000e+04   3.9276123e+01
   1.5832000e+04   3.5943604e+01
   1.5861000e+04   4.7131348e+01
   1.5888000e+04   3.6419678e+01
   1.5922000e+04   3.9276123e+01
   1.5982000e+04   4.0228271e+01
   1.6007000e+04   3.9276123e+01
   1.6031000e+04   3.6895752e+01
   1.6075000e+04   3.5705566e+01
   1.6166000e+04   4.1418457e+01
   1.6276000e+04   4.6179199e+01
   1.6287000e+04   3.6657715e+01
   1.6404000e+04   3.8323975e+01
   5.2284000e+04   3.5943604e+01
   5.2345000e+04   3.6419678e+01
   5.2371000e+04   3.5705566e+01
   5.2408000e+04   3.9276123e+01
   5.2471000e+04   3.5943604e+01
   5.2540000e+04   4.6893311e+01
   5.2585000e+04   4.5703125e+01
   5.2850000e+04   3.7133789e+01
   5.3136000e+04   3.6657715e+01
   7.1022000e+04   5.3082275e+01
   7.1039000e+04   4.7607422e+01
   7.1134000e+04   5.5700684e+01
   7.1152000e+04   4.7369385e+01
   7.1195000e+04   4.3322754e+01
   7.1230000e+04   5.1654053e+01
   7.1244000e+04   5.1416016e+01
   7.1277000e+04   5.7366943e+01
   7.1292000e+04   4.1180420e+01
   7.1329000e+04   3.9038086e+01
   7.1353000e+04   4.9035645e+01
   7.1376000e+04   3.5943604e+01
   7.1393000e+04   4.2132568e+01
   7.1428000e+04   3.6181641e+01
   7.1465000e+04   4.9511719e+01
   7.1490000e+04   4.6893311e+01
   7.1534000e+04   4.9035645e+01
   7.1584000e+04   4.4274902e+01
   7.2172000e+04   4.5465088e+01
   7.2429000e+04   3.7609863e+01
   7.2442000e+04   3.6181641e+01
   7.2660000e+04   3.9514160e+01
   7.2709000e+04   4.2846680e+01
   1.5869400e+05   4.4274902e+01
   1.5895300e+05   3.7847900e+01
   1.5925400e+05   3.6419678e+01
   1.5932300e+05   3.6657715e+01
   1.5937400e+05   4.6179199e+01
   1.5962700e+05   3.8562012e+01
   1.5967600e+05   4.2370605e+01
   1.9871600e+05   3.9752197e+01
   1.9876300e+05   3.7133789e+01
   1.9882600e+05   3.6657715e+01
   1.9897300e+05   3.8085938e+01
   1.9919100e+05   4.1894531e+01
   1.9921900e+05   3.8562012e+01
   1.9924600e+05   3.7371826e+01
   1.9974500e+05   4.0942383e+01
   2.2136000e+05   3.5943604e+01
   2.2142000e+05   3.7609863e+01
   2.2151900e+05   4.0228271e+01
   2.2158800e+05   4.4989014e+01
   2.2160500e+05   3.9276123e+01
   2.2165400e+05   3.9038086e+01
   2.2178700e+05   4.2608643e+01
   2.2188400e+05   4.7845459e+01
   2.2189600e+05   4.2370605e+01
   2.2191400e+05   3.6419678e+01
   2.2199800e+05   4.0228271e+01
   2.3990300e+05   3.5705566e+01
   2.3999200e+05   4.2132568e+01
   2.4003900e+05   3.6895752e+01
   2.4009300e+05   3.8085938e+01
   2.4011700e+05   4.5703125e+01
   2.4014300e+05   4.2608643e+01
   2.4026000e+05   3.8085938e+01
   2.4029800e+05   4.0942383e+01
   2.4032400e+05   5.1416016e+01
   2.4037800e+05   4.6655273e+01
   2.4039600e+05   3.7133789e+01
   2.4049000e+05   3.6657715e+01
   2.4063400e+05   4.0228271e+01
   2.4081000e+05   3.8800049e+01
   2.4086800e+05   3.6419678e+01
   2.5625000e+05   3.6419678e+01
   2.5629100e+05   3.9990234e+01
   2.5631500e+05   6.2127686e+01
   2.5635300e+05   4.9273682e+01
   2.5638400e+05   4.4750977e+01
   2.5641200e+05   4.0228271e+01
   2.5646100e+05   3.7609863e+01
   2.5647100e+05   3.7371826e+01
   2.5649500e+05   3.6419678e+01
   2.5652700e+05   4.3084717e+01
   2.5654100e+05   3.9514160e+01
   2.5657600e+05   5.4510498e+01
   2.5663900e+05   3.6419678e+01
   2.5665800e+05   3.7133789e+01
   2.5668800e+05   3.6895752e+01
   2.5676300e+05   4.5227051e+01
   2.5679700e+05   4.5703125e+01
   2.5681700e+05   3.9276123e+01
   2.5687200e+05   3.5705566e+01
   3.2501100e+05   3.6657715e+01
   3.2503800e+05   4.3560791e+01
   3.2510500e+05   3.5705566e+01
   3.2511900e+05   4.3798828e+01
   3.2514000e+05   5.4272461e+01
   3.2515300e+05   3.6419678e+01
   3.2517700e+05   3.7847900e+01
   3.2521300e+05   3.7371826e+01
   3.2527800e+05   3.9514160e+01
   3.2530500e+05   4.9273682e+01
   3.2533200e+05   4.3560791e+01
   3.2535200e+05   4.9987793e+01
   3.2538300e+05   5.2130127e+01
   3.2540900e+05   4.4274902e+01
   3.2549600e+05   3.7133789e+01
   3.2550800e+05   4.4750977e+01
   3.2552100e+05   3.5943604e+01
   3.2554600e+05   4.8797607e+01
   3.2556800e+05   3.7371826e+01
   3.2560400e+05   3.7609863e+01
   3.2577700e+05   4.0466309e+01
   3.2580700e+05   3.9276123e+01
   3.2637300e+05   3.7609863e+01
   3.2641300e+05   3.9514160e+01
   3.9185500e+05   3.5705566e+01
   3.9188300e+05   4.3084717e+01
   3.9190900e+05   3.6657715e+01
   3.9193000e+05   4.6179199e+01
   3.9194400e+05   4.1418457e+01
   3.9196000e+05   3.9038086e+01
   3.9198200e+05   5.1892090e+01
   3.9200400e+05   5.9985352e+01
   3.9202000e+05   4.2846680e+01
   3.9203200e+05   3.7371826e+01
   3.9204600e+05   4.0942383e+01
   3.9207900e+05   4.5703125e+01
   3.9209500e+05   4.4512939e+01
   3.9213000e+05   4.2370605e+01
   3.9215300e+05   5.5224609e+01
   3.9216400e+05   4.1418457e+01
   3.9218100e+05   3.9276123e+01
   3.9221000e+05   3.5705566e+01
   3.9230400e+05   3.8800049e+01
   3.9236000e+05   3.8323975e+01
   3.9238900e+05   4.0466309e+01
   3.9258500e+05   3.8562012e+01
   3.9268200e+05   3.5943604e+01
   3.9280200e+05   3.6419678e+01
   5.2271900e+05   3.6419678e+01
   5.2280900e+05   3.6181641e+01
   5.2288900e+05   3.8085938e+01
   5.2296500e+05   3.6895752e+01
   5.2301200e+05   3.5705566e+01
   5.2309500e+05   3.5705566e+01
   5.2312100e+05   3.8562012e+01
   5.2314000e+05   4.0704346e+01
   5.4734100e+05   3.6895752e+01
   5.4748700e+05   3.6657715e+01
   6.0874600e+05   3.5705566e+01
   6.0881000e+05   4.0942383e+01
   6.0891900e+05   3.5705566e+01
   6.0893700e+05   3.8800049e+01
   6.0914600e+05   4.4036865e+01
   6.0923800e+05   3.7847900e+01
   6.0926400e+05   3.9990234e+01
   6.4408800e+05   4.0228271e+01
   6.4412400e+05   4.0466309e+01
   6.4416000e+05   4.0466309e+01
   6.4419700e+05   4.4750977e+01
   6.4422100e+05   6.1175537e+01
   6.4424200e+05   4.0704346e+01
   6.4427800e+05   4.8321533e+01
   6.4430500e+05   4.5941162e+01
   6.4432200e+05   4.8083496e+01
   6.4434400e+05   3.6657715e+01
   6.4435700e+05   4.8797607e+01
   6.4437500e+05   4.6179199e+01
   6.4440100e+05   4.2370605e+01
   6.4447100e+05   5.0463867e+01
   6.4448100e+05   5.0225830e+01
   6.4450000e+05   5.2368164e+01
   6.4479000e+05   4.2370605e+01
   6.4492100e+05   3.7133789e+01
   6.4501900e+05   4.4989014e+01
   6.4511000e+05   4.3322754e+01
   6.4512000e+05   3.5943604e+01
   6.4597000e+05   3.5705566e+01
   7.3866300e+05   3.6419678e+01
   7.8633500e+05   4.2608643e+01
   7.8640000e+05   4.1418457e+01
   7.8643800e+05   3.5705566e+01
   7.8646700e+05   3.5705566e+01
   7.8657500e+05   4.3084717e+01
   7.8668200e+05   4.2370605e+01
   7.8675900e+05   3.8323975e+01
   7.8677300e+05   4.0228271e+01
   7.8679000e+05   4.8321533e+01
   7.8683300e+05   3.5943604e+01
   7.8684300e+05   4.0704346e+01
   7.8694000e+05   4.0704346e+01
   7.8703300e+05   3.7847900e+01
   7.8709200e+05   4.6893311e+01
   8.0407100e+05   4.0466309e+01
   8.0412800e+05   3.7133789e+01
   8.0416700e+05   4.5465088e+01
   8.0418200e+05   4.2846680e+01
   8.0421800e+05   3.7609863e+01
   8.0423700e+05   4.4512939e+01
   8.0427000e+05   3.6181641e+01
   8.0428300e+05   5.5700684e+01
   8.0440200e+05   3.8562012e+01
   8.0441800e+05   3.9514160e+01
   8.0443300e+05   5.0463867e+01
   8.0450800e+05   4.1418457e+01
   8.0452900e+05   4.2132568e+01
   8.0463000e+05   3.6895752e+01
   8.0467400e+05   3.6419678e+01
   8.0470700e+05   4.0942383e+01
   8.0477500e+05   4.3322754e+01
   8.0490100e+05   3.8562012e+01
   8.0503100e+05   3.9038086e+01
   8.0551700e+05   3.6657715e+01
   8.9635500e+05   3.8085938e+01
   8.9650800e+05   3.5943604e+01
   8.9656800e+05   4.1656494e+01
   8.9658900e+05   3.6657715e+01
   8.9665300e+05   3.5705566e+01
   8.9684900e+05   3.7371826e+01
   8.9693300e+05   3.7847900e+01
   9.2593000e+05   4.2608643e+01
   9.2595800e+05   4.2370605e+01
   9.2600300e+05   3.6657715e+01
   9.2603400e+05   4.2132568e+01
   9.2605500e+05   4.7845459e+01
   9.2608400e+05   3.7371826e+01
   9.2610500e+05   3.5943604e+01
   9.2612100e+05   3.9038086e+01
   9.2615200e+05   3.5705566e+01
   9.2623100e+05   4.8559570e+01
   9.2626400e+05   3.6419678e+01
   9.2629700e+05   3.8562012e+01
   9.2638400e+05   4.3560791e+01
   9.2642800e+05   3.8562012e+01
   9.5172900e+05   3.5705566e+01
   9.5188400e+05   4.2846680e+01
   9.7805200e+05   3.7847900e+01
   9.7903500e+05   4.1656494e+01
   9.7908500e+05   4.8559570e+01
   9.7917600e+05   3.9038086e+01
   9.7922900e+05   3.9038086e+01
   9.7936100e+05   5.7604980e+01
   9.7959000e+05   3.5705566e+01
   1.0114690e+06   4.0704346e+01
   1.0115810e+06   3.8323975e+01
   1.0116690e+06   4.1418457e+01
   1.0117290e+06   4.4750977e+01
   1.0117760e+06   4.1180420e+01
   1.0118430e+06   3.6895752e+01
   1.0119520e+06   4.0466309e+01
   1.0119930e+06   4.0228271e+01
   1.0120060e+06   3.9038086e+01
   1.0120420e+06   3.8800049e+01
   1.0125900e+06   3.5943604e+01
   1.0372050e+06   3.7371826e+01
   1.0372660e+06   4.1180420e+01
   1.0372830e+06   4.0466309e+01
   1.0373730e+06   4.6893311e+01
   1.0374160e+06   4.5941162e+01
   1.0374390e+06   3.6419678e+01
   1.0376470e+06   3.6419678e+01
   1.0377320e+06   4.3322754e+01
   1.0379310e+06   3.6895752e+01
   1.1076830e+06   3.7609863e+01
   1.1077070e+06   4.5703125e+01
   1.1078260e+06   3.6895752e+01
   1.1078480e+06   3.6181641e+01
   1.1078750e+06   4.3560791e+01
   1.1078990e+06   3.8085938e+01
   1.1079130e+06   4.1418457e+01
   1.1080120e+06   4.2132568e+01
   1.1082180e+06   3.8562012e+01
   1.1515530e+06   4.2132568e+01
   1.1515790e+06   3.6181641e+01
   1.1732100e+06   4.0942383e+01
   1.1732630e+06   3.5705566e+01
   1.1732810e+06   4.1418457e+01
   1.1733020e+06   3.7847900e+01
   1.1733330e+06   4.5703125e+01
   1.1733520e+06   4.9749756e+01
   1.1733630e+06   4.3322754e+01
   1.1733810e+06   3.8800049e+01
   1.1734240e+06   3.9990234e+01
   1.1734400e+06   5.3796387e+01
   1.1734680e+06   5.3558350e+01
   1.1734800e+06   4.3084717e+01
   1.1735450e+06   5.1177979e+01
   1.1735600e+06   3.6419678e+01
   1.1735900e+06   3.7133789e+01
   1.1736120e+06   3.6181641e+01
   1.1736290e+06   4.0942383e+01
   1.1736860e+06   3.7847900e+01
   1.1740120e+06   3.9038086e+01
   1.1742220e+06   4.0942383e+01
   1.1742380e+06   5.4986572e+01
   1.1743190e+06   3.6895752e+01
   1.1753180e+06   3.6657715e+01
   1.1780230e+06   3.5705566e+01
   1.2429420e+06   3.7133789e+01
   1.2806860e+06   4.1656494e+01
   1.2812110e+06   3.6181641e+01
   1.3039920e+06   3.6419678e+01
   1.3040470e+06   4.1180420e+01
   1.3041210e+06   3.8085938e+01
   1.3045230e+06   3.7847900e+01
   1.3045860e+06   3.6657715e+01
   1.3046130e+06   3.5705566e+01
   1.3046930e+06   3.8562012e+01
   1.3556060e+06   3.6895752e+01
   1.3557030e+06   3.6895752e+01
   1.3558170e+06   3.5705566e+01
   1.3571270e+06   5.2130127e+01
   1.3573150e+06   3.9990234e+01
   1.3573720e+06   3.9990234e+01
   1.3574630e+06   3.5705566e+01
   1.3575220e+06   3.6181641e+01
   1.3576220e+06   4.0228271e+01
   1.3580100e+06   3.8562012e+01
   1.3879740e+06   3.6895752e+01
   1.3881180e+06   3.7371826e+01
   1.3881780e+06   3.5705566e+01
   1.3884520e+06   3.6657715e+01
   1.3884910e+06   3.9752197e+01
   1.3889870e+06   3.7609863e+01
   1.4125530e+06   4.0466309e+01
   1.4127780e+06   3.7847900e+01
   1.4128290e+06   3.7847900e+01
   1.4523680e+06   3.6657715e+01
   1.4524000e+06   4.8797607e+01
   1.4524430e+06   3.5705566e+01
   1.4524790e+06   4.3084717e+01
   1.4524940e+06   3.9752197e+01
   1.4525480e+06   3.7847900e+01
   1.4525710e+06   4.3322754e+01
   1.4525830e+06   3.7133789e+01
   1.4526240e+06   4.5227051e+01
   1.4526470e+06   6.3555908e+01
   1.4526750e+06   4.9749756e+01
   1.4526860e+06   4.2608643e+01
   1.4527220e+06   4.8559570e+01
   1.4527470e+06   3.5943604e+01
   1.4527770e+06   3.8323975e+01
   1.4528180e+06   4.1656494e+01
   1.4528520e+06   5.0463867e+01
   1.4528750e+06   5.1416016e+01
   1.4529700e+06   3.7609863e+01
   1.4530360e+06   3.8562012e+01
   1.4530670e+06   3.6419678e+01
   1.4531070e+06   3.8323975e+01
   1.4532920e+06   4.0228271e+01
   1.4866980e+06   4.0942383e+01
   1.4867980e+06   3.5705566e+01
   1.4870180e+06   4.1656494e+01
   1.5209030e+06   4.1894531e+01
   1.5210170e+06   3.6657715e+01
   1.5211640e+06   3.9752197e+01
   1.5212100e+06   3.6181641e+01
   1.5212790e+06   3.5705566e+01
   1.5213390e+06   3.7371826e+01
   1.5213560e+06   3.6181641e+01
   1.5213730e+06   4.2132568e+01
   1.6232770e+06   4.2846680e+01
   1.6234150e+06   3.6657715e+01
   1.6239380e+06   4.3560791e+01
   1.6244360e+06   3.7847900e+01
   1.6245910e+06   3.8323975e+01
   1.6246490e+06   3.7847900e+01
   1.6504900e+06   4.1418457e+01
   1.6505070e+06   4.1180420e+01
   1.6505790e+06   4.2846680e+01
   1.6506080e+06   5.3558350e+01
   1.6506310e+06   3.6181641e+01
   1.6506520e+06   4.6417236e+01
   1.6506720e+06   4.9987793e+01
   1.6506840e+06   4.5941162e+01
   1.6507180e+06   4.4036865e+01
   1.6507370e+06   3.8085938e+01
   1.6507480e+06   3.9752197e+01
   1.6507700e+06   3.9038086e+01
   1.6507930e+06   5.1654053e+01
   1.6508320e+06   4.2370605e+01
   1.6508510e+06   3.9276123e+01
   1.6508710e+06   5.4748535e+01
   1.6509100e+06   3.6657715e+01
   1.6509590e+06   4.4512939e+01
   1.6511070e+06   3.9276123e+01
   1.6512220e+06   3.6419678e+01
   1.6516430e+06   4.9987793e+01
   1.6517770e+06   4.2608643e+01
   1.6519900e+06   3.7133789e+01
   1.6524760e+06   3.5943604e+01
   1.6529230e+06   3.7609863e+01
   1.7494990e+06   4.0228271e+01
   1.7497410e+06   3.6657715e+01
   1.7506930e+06   4.1180420e+01
   1.7786180e+06   3.8085938e+01
   1.7787430e+06   3.7133789e+01
   1.7788440e+06   3.8800049e+01
   1.7789520e+06   5.1892090e+01
   1.7789990e+06   3.6181641e+01
   1.7790860e+06   3.5943604e+01
   1.8512650e+06   4.6655273e+01
   1.8514460e+06   3.9752197e+01
   1.8517440e+06   3.6895752e+01
   1.8518510e+06   3.6419678e+01
   1.8520370e+06   3.7609863e+01
   1.8525240e+06   4.3322754e+01
   1.8526630e+06   3.6419678e+01
   1.8528370e+06   4.8321533e+01
   1.8530020e+06   3.6657715e+01
   1.8530270e+06   3.6657715e+01
   1.8867470e+06   3.7133789e+01
   1.8868650e+06   3.6419678e+01
   1.8869130e+06   3.8085938e+01
   1.8869990e+06   3.8085938e+01
   1.8871480e+06   3.6895752e+01
   1.8872550e+06   3.8562012e+01
   1.8873470e+06   3.8085938e+01
   1.8874030e+06   3.8562012e+01
   1.8875560e+06   3.8323975e+01
   1.8876660e+06   3.6895752e+01
   1.9943420e+06   3.9990234e+01
   1.9947500e+06   3.9038086e+01
   1.9949760e+06   3.7847900e+01
   1.9959060e+06   5.1892090e+01
   1.9960280e+06   3.6657715e+01
   1.9961390e+06   4.0942383e+01
   2.0158520e+06   3.7133789e+01
   2.0159150e+06   3.6181641e+01
   2.0159300e+06   4.7131348e+01
   2.0160030e+06   3.6895752e+01
   2.0161750e+06   3.6657715e+01
   2.0162030e+06   3.8323975e+01
   2.0164390e+06   3.8800049e+01
   2.0165480e+06   4.1656494e+01
   2.0171710e+06   4.3560791e+01
   2.0172210e+06   3.7371826e+01
   2.0172790e+06   3.6657715e+01
   2.0341700e+06   3.5943604e+01
   2.0838360e+06   4.3084717e+01
   2.0838540e+06   4.1180420e+01
   2.0838840e+06   4.1418457e+01
   2.0839100e+06   3.7609863e+01
   2.0839730e+06   3.7847900e+01
   2.0839830e+06   4.8797607e+01
   2.0840220e+06   3.6657715e+01
   2.0840580e+06   4.4274902e+01
   2.0840960e+06   4.2132568e+01
   2.0841310e+06   3.7133789e+01
   2.0841830e+06   4.2846680e+01
   2.0842320e+06   3.6181641e+01
   2.0843490e+06   3.6419678e+01
   2.0845120e+06   3.7371826e+01
   2.1395330e+06   3.5943604e+01
   2.1408150e+06   4.1180420e+01
   2.1408840e+06   3.9752197e+01
   2.1409080e+06   3.8562012e+01
   2.1409800e+06   3.9752197e+01
   2.1410300e+06   3.9752197e+01
   2.1411380e+06   4.9511719e+01
   2.1412700e+06   3.9514160e+01
   2.1622440e+06   3.7609863e+01
   2.1623170e+06   4.0466309e+01
   2.1623510e+06   4.4989014e+01
   2.1625470e+06   3.8085937e+01
   2.1625980e+06   3.7847900e+01
   2.1628770e+06   3.9752197e+01
   2.2448860e+06   4.1894531e+01
   2.2449410e+06   3.9514160e+01
   2.2451140e+06   3.6419678e+01
   2.2451740e+06   3.9038086e+01
   2.2452320e+06   4.4512939e+01
   2.2452490e+06   3.7609863e+01
   2.2452910e+06   4.0704346e+01
   2.2454840e+06   4.3560791e+01
   2.2455060e+06   3.6657715e+01
   2.2455340e+06   3.7371826e+01
   2.2457710e+06   3.6181641e+01
   2.2635830e+06   4.3322754e+01
   2.2636110e+06   3.8800049e+01
   2.2636460e+06   3.8085938e+01
   2.2637670e+06   4.3322754e+01
   2.2638360e+06   3.9276123e+01
   2.2639240e+06   4.0228271e+01
   2.2639510e+06   3.8562012e+01
   2.2640560e+06   3.6181641e+01
   2.2804910e+06   3.5705566e+01
   2.2941520e+06   3.9514160e+01
   2.3845210e+06   3.5943604e+01
   2.3846050e+06   4.0228271e+01
   2.3846900e+06   3.8323975e+01
   2.3853580e+06   4.5703125e+01
   2.3858770e+06   3.9990234e+01
   2.3859330e+06   4.1656494e+01
   2.3859590e+06   3.5943604e+01
   2.3859720e+06   3.7609863e+01
   2.3860850e+06   4.0228271e+01
   2.3861390e+06   4.0228271e+01
   2.3861720e+06   3.7847900e+01
   2.3862510e+06   3.8085938e+01
   2.3863200e+06   3.7371826e+01
   2.3863560e+06   3.8323975e+01
   2.3865080e+06   3.9038086e+01
   2.3868360e+06   3.9276123e+01
   2.3871760e+06   3.5705566e+01
   2.3890550e+06   3.5705566e+01
   2.4110010e+06   3.9038086e+01
   2.4110600e+06   3.8085938e+01
   2.4111190e+06   4.1656494e+01
   2.4111290e+06   3.5943604e+01
   2.4111570e+06   3.6181641e+01
   2.4112760e+06   3.6181641e+01
   2.4117350e+06   4.0942383e+01
   2.4910060e+06   3.5705566e+01
   2.5228530e+06   3.5705566e+01
   2.5229170e+06   3.6895752e+01
   2.5229850e+06   4.4750977e+01
   2.5230040e+06   3.6895752e+01
   2.5230380e+06   3.6657715e+01
   2.5231000e+06   4.2846680e+01
   2.5231170e+06   3.7371826e+01
   2.5231480e+06   3.7609863e+01
   2.5231680e+06   4.1180420e+01
   2.5233060e+06   3.9752197e+01
   2.5233560e+06   4.8559570e+01
   2.5234860e+06   4.1180420e+01
   2.5235690e+06   3.7371826e+01
   2.5236460e+06   3.5943604e+01
   2.5241680e+06   4.5703125e+01
   2.5450100e+06   3.7609863e+01
   2.5619850e+06   3.7609863e+01
   2.5620140e+06   4.1180420e+01
   2.5620250e+06   3.7371826e+01
   2.5621150e+06   5.2844238e+01
   2.5621760e+06   3.8085937e+01
   2.5622520e+06   4.4512939e+01
   2.5622800e+06   4.3084717e+01
   2.5623530e+06   3.7609863e+01
   2.5627960e+06   4.4274902e+01
   2.5630500e+06   3.6181641e+01
   2.6376220e+06   3.9752197e+01
   2.6376690e+06   3.6181641e+01
   2.6376890e+06   5.2606201e+01
   2.6377280e+06   3.9276123e+01
   2.6377400e+06   6.8316650e+01
   2.6377500e+06   3.6181641e+01
   2.6378080e+06   4.5465088e+01
   2.6378420e+06   4.7369385e+01
   2.6378620e+06   4.4274902e+01
   2.6379110e+06   5.0463867e+01
   2.6379240e+06   4.5941162e+01
   2.6379470e+06   4.0704346e+01
   2.6379730e+06   4.6417236e+01
   2.6380070e+06   5.6414795e+01
   2.6380290e+06   4.8797607e+01
   2.6380410e+06   3.9752197e+01
   2.6380690e+06   3.9276123e+01
   2.6380820e+06   5.4748535e+01
   2.6381200e+06   3.7609863e+01
   2.6381490e+06   4.6179199e+01
   2.6381850e+06   4.1656494e+01
   2.6382340e+06   4.7607422e+01
   2.6383050e+06   3.5943604e+01
   2.6383530e+06   3.6657715e+01
   2.6383720e+06   3.8085938e+01
   2.6387150e+06   3.7133789e+01
   2.6388130e+06   3.7371826e+01
   2.6389520e+06   3.7371826e+01
   2.6391120e+06   3.8800049e+01
   2.7212390e+06   3.5705566e+01
   2.7619070e+06   4.1418457e+01
   2.7621640e+06   3.7133789e+01
   2.7954520e+06   3.7133789e+01
   2.7957900e+06   4.0704346e+01
   2.7965300e+06   3.8323975e+01
   2.7965720e+06   4.4274902e+01
   2.7966510e+06   4.0942383e+01
   2.7966770e+06   3.6657715e+01
   2.7967180e+06   4.7845459e+01
   2.7967770e+06   4.0466309e+01
   2.7968000e+06   4.5703125e+01
   2.7968160e+06   5.9985352e+01
   2.7968880e+06   3.9038086e+01
   2.7969990e+06   3.5943604e+01
   2.8921530e+06   4.1656494e+01
   2.8922160e+06   3.8800049e+01
   2.8922410e+06   3.6181641e+01
   2.8924010e+06   3.7609863e+01
   2.8924650e+06   3.8085938e+01
   2.8924980e+06   3.5943604e+01
   2.8925570e+06   3.6419678e+01
   2.8926160e+06   5.4748535e+01
   2.8926490e+06   3.9514160e+01
   2.8926960e+06   3.5705566e+01
   2.8927150e+06   3.9276123e+01
   2.9076190e+06   4.0704346e+01
   2.9076330e+06   3.5705566e+01
   2.9076810e+06   3.9752197e+01
   2.9078710e+06   3.7847900e+01
   2.9536570e+06   4.0704346e+01
   2.9536820e+06   4.0704346e+01
   2.9537030e+06   3.6181641e+01
   2.9537540e+06   4.0942383e+01
   2.9537880e+06   4.0704346e+01
   2.9538070e+06   3.7847900e+01
   2.9538280e+06   4.0942383e+01
   2.9538820e+06   3.9038086e+01
   2.9539100e+06   3.8800049e+01
   2.9539360e+06   3.9276123e+01
   2.9539980e+06   3.7133789e+01
   2.9540220e+06   3.6181641e+01
   2.9541650e+06   4.1656494e+01
   2.9542830e+06   3.6181641e+01
   2.9546120e+06   3.7847900e+01
   2.9766670e+06   3.5705566e+01
   2.9769610e+06   4.1894531e+01
   2.9769790e+06   3.6181641e+01
   2.9770470e+06   4.0466309e+01
   2.9770740e+06   3.9752197e+01
   3.0223490e+06   3.8323975e+01
   3.0225390e+06   3.9276123e+01
   3.0225990e+06   3.9038086e+01
   3.0233810e+06   3.8800049e+01
   3.0233960e+06   3.6895752e+01
   3.0234450e+06   3.5705566e+01
   3.0236170e+06   3.6657715e+01
   3.0236390e+06   3.8562012e+01
   3.0237830e+06   3.7133789e+01
   3.0378260e+06   3.6181641e+01
   3.0381460e+06   3.7133789e+01
   3.0850340e+06   3.5705566e+01
   3.0851010e+06   4.2846680e+01
   3.0851590e+06   3.9514160e+01
   3.0851780e+06   4.5703125e+01
   3.0852190e+06   4.2132568e+01
   3.0852410e+06   4.0704346e+01
   3.0852520e+06   3.7847900e+01
   3.0852780e+06   4.6893311e+01
   3.0853020e+06   3.8085938e+01
   3.0853280e+06   4.0228271e+01
   3.0853630e+06   5.9271240e+01
   3.0854070e+06   4.2608643e+01
   3.0854220e+06   4.1180420e+01
   3.0854490e+06   4.5227051e+01
   3.0855190e+06   4.3798828e+01
   3.0855330e+06   3.9276123e+01
   3.0855620e+06   3.8085938e+01
   3.0856950e+06   4.5465088e+01
   3.0857560e+06   3.5943604e+01
   3.0859030e+06   3.9752197e+01
   3.0860010e+06   3.6895752e+01
   3.0862740e+06   3.8323975e+01
   3.0875200e+06   3.6181641e+01
   3.1398410e+06   3.8085938e+01
   3.1402710e+06   4.2608643e+01
   3.2021530e+06   3.8085938e+01
   3.2022250e+06   3.9514160e+01
   3.2023460e+06   3.8800049e+01
   3.2023610e+06   5.0939941e+01
   3.2024020e+06   3.9514160e+01
   3.2024560e+06   3.5705566e+01
   3.2025490e+06   5.1416016e+01
   3.2025630e+06   3.6895752e+01
   3.2025970e+06   4.4512939e+01
   3.2026670e+06   4.4750977e+01
   3.2028100e+06   3.9276123e+01
   3.2028270e+06   3.6895752e+01
   3.2029010e+06   4.0704346e+01
   3.3150860e+06   3.9038086e+01
   3.3152490e+06   4.5465088e+01
   3.3567850e+06   3.9990234e+01
   3.3567960e+06   4.2846680e+01
   3.3568280e+06   3.9276123e+01
   3.3568400e+06   4.5703125e+01
   3.3568770e+06   4.9987793e+01
   3.3569010e+06   5.1892090e+01
   3.3569150e+06   4.0704346e+01
   3.3569480e+06   3.6657715e+01
   3.3569880e+06   4.4036865e+01
   3.3570400e+06   3.9038086e+01
   3.3571140e+06   3.6419678e+01
   3.3571310e+06   3.5943604e+01
   3.3571670e+06   3.7371826e+01
   3.3571820e+06   4.9749756e+01
   3.3572290e+06   3.6419678e+01
   3.3572590e+06   4.4512939e+01
   3.3572940e+06   3.9990234e+01
   3.3573250e+06   3.7609863e+01
   3.3573540e+06   3.7609863e+01
   3.3573690e+06   3.8562012e+01
   3.3574420e+06   3.5705566e+01
   3.3575070e+06   3.7133789e+01
   3.3575620e+06   3.9276123e+01
   3.3577040e+06   3.5705566e+01
   3.3577160e+06   3.5943604e+01
   3.3578170e+06   3.8562012e+01
   3.3578890e+06   3.5705566e+01
   3.4950200e+06   3.8800049e+01
   3.4952360e+06   3.7847900e+01
   3.4952800e+06   3.5705566e+01
   3.4954710e+06   3.8562012e+01
   3.4954920e+06   3.6895752e+01
   3.4956200e+06   3.9514160e+01
   3.4957550e+06   4.2846680e+01
   3.5847530e+06   4.1180420e+01
   3.5849370e+06   4.0228271e+01
   3.5849640e+06   5.2130127e+01
   3.5851560e+06   3.6181641e+01
   3.5855220e+06   3.6181641e+01
   3.5857880e+06   3.8800049e+01
   3.5858230e+06   4.0704346e+01
   3.5858650e+06   4.5465088e+01
   3.5859030e+06   3.9038086e+01
   3.5859290e+06   3.6419678e+01
   3.5859630e+06   3.7847900e+01
   3.5861540e+06   3.7609863e+01
   3.5862610e+06   4.3560791e+01
   3.5862930e+06   3.8085938e+01
   3.5866140e+06   3.7371826e+01
   3.5866900e+06   3.7609863e+01
   3.6272480e+06   3.9990234e+01
   3.6276950e+06   4.4750977e+01
   3.6764640e+06   3.8085938e+01
   3.6764850e+06   3.7847900e+01
   3.6776330e+06   4.0466309e+01
   3.6968790e+06   3.8323975e+01
   3.6979060e+06   3.6181641e+01
   3.7165700e+06   4.0704346e+01
   3.7166340e+06   3.9514160e+01
   3.7166580e+06   4.0228271e+01
   3.7166730e+06   6.1175537e+01
   3.7167110e+06   4.0466309e+01
   3.7169660e+06   4.4274902e+01
   3.7169890e+06   3.6181641e+01
   3.7170390e+06   3.7133789e+01
   3.7170680e+06   3.8800049e+01
   3.7170910e+06   3.7133789e+01
   3.7171920e+06   3.8562012e+01
   3.7172420e+06   3.6419678e+01
   3.8031010e+06   3.8562012e+01
   3.8033710e+06   3.8800049e+01
   3.8034320e+06   3.5705566e+01
   3.8037760e+06   3.7371826e+01
   3.8038410e+06   4.1418457e+01
   3.8039000e+06   3.6419678e+01
   3.8040140e+06   5.2606201e+01
   3.8041750e+06   4.1418457e+01
   3.8462990e+06   4.0942383e+01
   3.8464810e+06   4.3798828e+01
   3.8465030e+06   3.8085938e+01
   3.8465640e+06   4.0228271e+01
   3.8467690e+06   3.5943604e+01
   3.8468360e+06   3.9038086e+01
   3.8472430e+06   3.8085938e+01
   3.9727100e+06   4.1656494e+01
   3.9727720e+06   3.6181641e+01
   3.9728180e+06   3.9038086e+01
   3.9728730e+06   4.1418457e+01
   3.9729050e+06   4.7131348e+01
   3.9729160e+06   3.8085938e+01
   3.9729450e+06   3.7609863e+01
   3.9729830e+06   4.0466309e+01
   3.9729930e+06   4.0942383e+01
   3.9730200e+06   3.6419678e+01
   3.9730430e+06   4.2846680e+01
   3.9730820e+06   3.9514160e+01
   3.9731010e+06   4.2370605e+01
   3.9731680e+06   4.2132568e+01
   3.9731820e+06   3.7609863e+01
   3.9732120e+06   4.7607422e+01
   3.9733090e+06   3.6419678e+01
   3.9733540e+06   3.9276123e+01
   3.9734080e+06   3.5943604e+01
   3.9738580e+06   3.6181641e+01
   4.0682250e+06   3.6181641e+01
   4.0683950e+06   3.5943604e+01
   4.0698540e+06   3.9990234e+01
   4.0704470e+06   3.5705566e+01
   4.0918910e+06   3.9752197e+01
   4.0924000e+06   3.6181641e+01
   4.0924800e+06   3.5943604e+01
   4.1290630e+06   4.4036865e+01
   4.1301910e+06   3.6419678e+01
   4.1302210e+06   4.0466309e+01
   4.1303240e+06   4.0704346e+01
   4.1304250e+06   3.6419678e+01
   4.1305080e+06   3.8323975e+01
   4.1306290e+06   3.7133789e+01
   4.1307090e+06   3.9038086e+01
   4.1307390e+06   3.5705566e+01
   4.1660570e+06   4.5703125e+01
   4.1661410e+06   3.7609863e+01
   4.1662580e+06   3.5943604e+01
   4.1663130e+06   5.2606201e+01
   4.1663900e+06   3.8800049e+01
   4.1664110e+06   3.5705566e+01
   4.1664940e+06   3.7847900e+01
   4.1665350e+06   3.7371826e+01
   4.1665910e+06   3.9752197e+01
   4.1905230e+06   4.1180420e+01
   4.2629340e+06   4.0228271e+01
   4.2633390e+06   3.6419678e+01
   4.2641070e+06   3.9038086e+01
   4.2645400e+06   3.9514160e+01
   4.3053640e+06   3.6419678e+01
   4.3054830e+06   4.1894531e+01
   4.3055410e+06   4.4512939e+01
   4.3055750e+06   5.1416016e+01
   4.3056150e+06   4.2846680e+01
   4.3056500e+06   3.8085938e+01
   4.3057140e+06   4.5941162e+01
   4.3057590e+06   3.8085937e+01
   4.3057810e+06   3.6419678e+01
   4.3058490e+06   3.7609863e+01
   4.3058870e+06   3.8085938e+01
   4.3059860e+06   3.9752197e+01
   4.3060730e+06   3.6895752e+01
   4.3063910e+06   4.0466309e+01
   4.3064910e+06   3.6419678e+01
   4.3069490e+06   3.5705566e+01
   4.3911070e+06   4.5703125e+01
   4.3913630e+06   3.5943604e+01
   4.3915220e+06   3.5705566e+01
   4.3917650e+06   3.9514160e+01
   4.3918720e+06   4.2846680e+01
   4.3920160e+06   3.6181641e+01
   4.4460340e+06   4.6417236e+01
   4.4462490e+06   4.2132568e+01
   4.4462900e+06   3.9514160e+01
   4.4463070e+06   3.8562012e+01
   4.4463220e+06   3.6895752e+01
   4.4463610e+06   3.6419678e+01
   4.4464440e+06   3.6657715e+01
   4.4464850e+06   3.8085938e+01
   4.4466370e+06   4.2132568e+01
   4.4468330e+06   3.5943604e+01
   4.5157030e+06   3.8800049e+01
   4.5158080e+06   3.9038086e+01
   4.5161030e+06   4.2846680e+01
   4.5171430e+06   3.8800049e+01
   4.5171840e+06   3.9514160e+01
   4.5172400e+06   4.4512939e+01
   4.5172700e+06   4.5703125e+01
   4.5173000e+06   4.4274902e+01
   4.5173140e+06   3.8800049e+01
   4.5173570e+06   3.8800049e+01
   4.5173720e+06   3.7371826e+01
   4.5173940e+06   4.1656494e+01
   4.5174190e+06   4.9987793e+01
   4.5174320e+06   3.5705566e+01
   4.5174450e+06   4.9035645e+01
   4.5174670e+06   4.2370605e+01
   4.5175080e+06   4.5703125e+01
   4.5175190e+06   4.7131348e+01
   4.5175670e+06   3.8800049e+01
   4.5176080e+06   3.8800049e+01
   4.5176940e+06   3.5943604e+01
   4.5177310e+06   3.5943604e+01
   4.5177850e+06   3.9752197e+01
   4.5180570e+06   3.8085938e+01
   4.5561490e+06   3.6895752e+01
   4.5561710e+06   3.7609863e+01
   4.5563040e+06   3.7371826e+01
   4.5563960e+06   3.8085937e+01
   4.5564470e+06   4.2370605e+01
   4.5565180e+06   4.5703125e+01
   4.5566040e+06   3.6895752e+01
   4.5567100e+06   4.2846680e+01
   4.5567820e+06   3.6181641e+01
   4.5571980e+06   3.6657715e+01
   4.5573420e+06   3.8085938e+01
   4.5581830e+06   3.6419678e+01
   4.6153660e+06   4.3798828e+01
   4.6153810e+06   4.9035645e+01
   4.6154070e+06   4.2132568e+01
   4.6154230e+06   7.0220947e+01
   4.6154480e+06   4.0466309e+01
   4.6154650e+06   4.2608643e+01
   4.6155070e+06   5.4748535e+01
   4.6155380e+06   4.1180420e+01
   4.6155570e+06   4.0228271e+01
   4.6155700e+06   5.9033203e+01
   4.6156180e+06   3.9038086e+01
   4.6156360e+06   5.9033203e+01
   4.6156650e+06   4.5227051e+01
   4.6156840e+06   3.7133789e+01
   4.6157510e+06   3.5705566e+01
   4.6157820e+06   4.5703125e+01
   4.6158130e+06   3.6895752e+01
   4.6158370e+06   3.7133789e+01
   4.6159360e+06   4.0704346e+01
   4.6165650e+06   3.6657715e+01
   4.6166520e+06   4.1418457e+01
   4.7206250e+06   4.2370605e+01
   4.7208210e+06   3.6657715e+01
   4.7509890e+06   3.6895752e+01
   4.7843360e+06   3.7609863e+01
   4.7843720e+06   4.7607422e+01
   4.7844810e+06   4.5227051e+01
   4.7846560e+06   3.6657715e+01
   4.7847040e+06   3.7371826e+01
   4.8411550e+06   3.7371826e+01
   4.8412290e+06   4.3322754e+01
   4.8413970e+06   4.8083496e+01
   4.8416250e+06   3.8323975e+01
   4.8416870e+06   3.6181641e+01
   4.8424940e+06   4.4512939e+01
   4.8425200e+06   3.8562012e+01
   4.8426220e+06   4.4989014e+01
   4.8426450e+06   3.8800049e+01
   4.8427110e+06   4.2370605e+01
   4.8427400e+06   4.1180420e+01
   4.8428130e+06   3.9276123e+01
   4.8428380e+06   4.0942383e+01
   4.8845500e+06   3.8323975e+01
   4.8845920e+06   3.6895752e+01
   4.8846600e+06   4.2608643e+01
   4.8847030e+06   3.7847900e+01
   4.8847380e+06   3.7133789e+01
   4.8848200e+06   3.6419678e+01
   4.8851290e+06   3.7847900e+01
   4.8858720e+06   4.0466309e+01
   4.9270430e+06   4.0704346e+01
   4.9277590e+06   3.9276123e+01
   4.9278260e+06   3.9514160e+01
   4.9278680e+06   3.9276123e+01
   4.9278940e+06   3.9752197e+01
   4.9279170e+06   4.1656494e+01
   4.9279530e+06   4.1180420e+01
   4.9279930e+06   3.8800049e+01
   4.9280180e+06   4.4274902e+01
   4.9280300e+06   4.4036865e+01
   4.9280650e+06   3.5705566e+01
   4.9281000e+06   3.6895752e+01
   4.9282950e+06   3.7133789e+01
   4.9665530e+06   3.9752197e+01
   4.9668320e+06   3.5705566e+01
   4.9674680e+06   4.0704346e+01
   4.9675280e+06   4.1180420e+01
   4.9675640e+06   4.4036865e+01
   4.9675870e+06   4.1656494e+01
   4.9676040e+06   3.8800049e+01
   4.9676350e+06   5.1654053e+01
   4.9676470e+06   4.1418457e+01
   4.9676690e+06   3.7371826e+01
   4.9677060e+06   4.7607422e+01
   4.9677260e+06   3.5705566e+01
   4.9677510e+06   3.9990234e+01
   4.9678740e+06   3.6419678e+01
   4.9966670e+06   4.3322754e+01
   4.9968520e+06   3.5705566e+01
   4.9974180e+06   3.7133789e+01
   5.0190510e+06   3.8323975e+01
   5.0200720e+06   3.9038086e+01
   5.0521630e+06   3.6181641e+01
   5.0521840e+06   3.6181641e+01
   5.0523920e+06   3.8562012e+01
   5.1206970e+06   3.5943604e+01
   5.1207790e+06   3.9038086e+01
   5.1208240e+06   4.4750977e+01
   5.1209370e+06   3.9990234e+01
   5.1209540e+06   3.6895752e+01
   5.1209940e+06   3.9752197e+01
   5.1210660e+06   4.0704346e+01
   5.1210840e+06   3.6419678e+01
   5.1211420e+06   4.0228271e+01
   5.1211690e+06   3.6895752e+01
   5.1212120e+06   3.8323975e+01
   5.1219880e+06   3.9276123e+01
   5.1537410e+06   3.7609863e+01
   5.1539040e+06   3.7133789e+01
   5.1540330e+06   3.9752197e+01
   5.1540610e+06   3.6657715e+01
   5.2273640e+06   3.6181641e+01
   5.2688510e+06   3.6419678e+01
   5.2796480e+06   3.6419678e+01
   5.3149630e+06   3.8323975e+01
   5.3155320e+06   3.7371826e+01
   5.3160690e+06   3.9752197e+01
   5.3160890e+06   3.7847900e+01
   5.3162000e+06   3.7609863e+01
   5.3163990e+06   3.6657715e+01
   5.3556780e+06   3.5705566e+01
   5.3822260e+06   4.3798828e+01
   5.3822700e+06   3.6419678e+01
   5.3823290e+06   3.8800049e+01
   5.3824300e+06   3.6657715e+01
   5.3824810e+06   3.6419678e+01
   5.3827020e+06   4.3560791e+01
   5.4367140e+06   3.5705566e+01
   5.4368330e+06   3.7847900e+01
   5.4369720e+06   4.2132568e+01
   5.4371390e+06   3.8800049e+01
   5.4726150e+06   4.0466309e+01
   5.4726350e+06   3.6419678e+01
   5.4726660e+06   4.6893311e+01
   5.4726960e+06   4.9749756e+01
   5.4727290e+06   3.7133789e+01
   5.4727640e+06   4.7845459e+01
   5.4727780e+06   3.9038086e+01
   5.4728040e+06   4.2608643e+01
   5.4728240e+06   4.4989014e+01
   5.4728560e+06   4.6893311e+01
   5.4728810e+06   4.4512939e+01
   5.4728920e+06   3.9038086e+01
   5.4729380e+06   3.8323975e+01
   5.4729580e+06   4.2370605e+01
   5.4729770e+06   5.5224609e+01
   5.4729890e+06   5.3558350e+01
   5.4730360e+06   4.0228271e+01
   5.4730490e+06   4.4512939e+01
   5.4731150e+06   4.0942383e+01
   5.4731920e+06   3.6657715e+01
   5.4733150e+06   3.9752197e+01
   5.4734110e+06   4.4989014e+01
   5.4736720e+06   3.9990234e+01
   5.6510080e+06   4.4036865e+01
   5.6510580e+06   3.9276123e+01
   5.6510890e+06   5.6176758e+01
   5.6511140e+06   4.0228271e+01
   5.6511470e+06   4.1894531e+01
   5.6511930e+06   3.6181641e+01
   5.6512320e+06   3.9990234e+01
   5.6512680e+06   3.6657715e+01
   5.6512980e+06   3.8085938e+01
   5.6513140e+06   3.7133789e+01
   5.6513340e+06   3.9514160e+01
   5.6513740e+06   4.3322754e+01
   5.6514310e+06   3.9038086e+01
   5.6514990e+06   4.0704346e+01
   5.6515100e+06   3.8562012e+01
   5.6515750e+06   3.8323975e+01
   5.6516450e+06   4.5465088e+01
   5.6516810e+06   4.6655273e+01
   5.6522600e+06   3.8085938e+01
   5.6527650e+06   3.7133789e+01
   5.7431640e+06   3.6657715e+01
   5.7782500e+06   3.8562012e+01
   5.7782830e+06   3.7133789e+01
   5.7783260e+06   4.7131348e+01
   5.7784010e+06   4.0942383e+01
   5.7784470e+06   3.8085937e+01
   5.7784570e+06   3.5705566e+01
   5.7784810e+06   4.0228271e+01
   5.7785340e+06   3.6419678e+01
   5.7785870e+06   3.5705566e+01
   5.7786170e+06   4.1418457e+01
   5.7786560e+06   4.4036865e+01
   5.7786890e+06   3.5705566e+01
   5.7787340e+06   4.4989014e+01
   5.7787800e+06   3.5943604e+01
   5.7788310e+06   4.6417236e+01
   5.7788600e+06   3.6419678e+01
   5.7788760e+06   3.7847900e+01
   5.7789180e+06   5.5224609e+01
   5.7789400e+06   3.9038086e+01
   5.7790220e+06   3.9038086e+01
   5.7792060e+06   3.7609863e+01
   5.9040010e+06   3.6181641e+01
   5.9045970e+06   4.0466309e+01
   5.9047710e+06   3.7371826e+01
   5.9053960e+06   3.6657715e+01
   5.9939380e+06   3.5943604e+01
   5.9940120e+06   4.3798828e+01
   5.9940360e+06   4.1418457e+01
   5.9941040e+06   4.0466309e+01
   5.9941880e+06   3.9990234e+01
   5.9942230e+06   4.2370605e+01
   5.9942780e+06   3.8562012e+01
   5.9943070e+06   3.6419678e+01
   5.9943330e+06   3.6419678e+01
   5.9944380e+06   4.9749756e+01
   5.9945600e+06   3.7847900e+01
   6.0377110e+06   3.8800049e+01
   6.0377280e+06   4.8559570e+01
   6.0377680e+06   4.1180420e+01
   6.0378550e+06   4.2608643e+01
   6.0378700e+06   4.5703125e+01
   6.0379350e+06   5.1177979e+01
   6.0379460e+06   3.6419678e+01
   6.0379800e+06   3.7609863e+01
   6.0380220e+06   3.7609863e+01
   6.0380440e+06   3.9038086e+01
   6.0380840e+06   4.2846680e+01
   6.0381370e+06   3.6419678e+01
   6.0381570e+06   4.4036865e+01
   6.0387660e+06   3.8085938e+01
   6.1566850e+06   3.8323975e+01
   6.1568780e+06   3.6657715e+01
   6.1572110e+06   3.8323975e+01
   6.1960020e+06   4.1656494e+01
   6.1960380e+06   3.8323975e+01
   6.1960620e+06   4.7131348e+01
   6.1960970e+06   3.9752197e+01
   6.1961140e+06   4.8321533e+01
   6.1961340e+06   4.2132568e+01
   6.1961500e+06   3.6181641e+01
   6.1961870e+06   4.1418457e+01
   6.1962040e+06   3.5943604e+01
   6.1962290e+06   4.3322754e+01
   6.1962440e+06   4.0704346e+01
   6.1962690e+06   4.5465088e+01
   6.1963030e+06   4.3798828e+01
   6.1963370e+06   3.8323975e+01
   6.1963580e+06   5.4034424e+01
   6.1963800e+06   3.8323975e+01
   6.1964590e+06   4.1656494e+01
   6.1964810e+06   4.4036865e+01
   6.1965180e+06   3.8562012e+01
   6.1965550e+06   3.7609863e+01
   6.1969630e+06   3.9514160e+01
   6.1970810e+06   3.9990234e+01
   6.1973690e+06   3.8800049e+01
   6.1975070e+06   3.9514160e+01
   6.1976400e+06   3.7371826e+01
   6.1981970e+06   3.9752197e+01
   6.1984680e+06   3.6895752e+01
   6.4444840e+06   4.7607422e+01
   6.4445000e+06   3.9990234e+01
   6.4445100e+06   5.1177979e+01
   6.4445330e+06   4.1656494e+01
   6.4445650e+06   3.8085938e+01
   6.4445910e+06   3.9752197e+01
   6.4446030e+06   6.6650391e+01
   6.4446220e+06   5.2368164e+01
   6.4446350e+06   4.1180420e+01
   6.4446450e+06   5.6890869e+01
   6.4446840e+06   4.2370605e+01
   6.4446950e+06   6.1413574e+01
   6.4447230e+06   3.9038086e+01
   6.4447410e+06   5.3320313e+01
   6.4447520e+06   3.9990234e+01
   6.4447850e+06   3.8085937e+01
   6.4448100e+06   4.1180420e+01
   6.4448530e+06   4.2132568e+01
   6.4448650e+06   3.7371826e+01
   6.4449350e+06   3.8800049e+01
   6.4450380e+06   4.0228271e+01
   6.4452460e+06   3.9038086e+01
   6.4453820e+06   3.8800049e+01
   6.4455760e+06   5.9509277e+01
   6.4456950e+06   3.6895752e+01
   6.4457910e+06   3.9752197e+01
   6.4461020e+06   3.8562012e+01
   6.4461290e+06   3.9038086e+01
   6.4466610e+06   3.6657715e+01
   6.7356320e+06   3.7847900e+01
   6.7356480e+06   3.8085938e+01
   6.7356610e+06   4.3084717e+01
   6.7357030e+06   5.1177979e+01
   6.7357290e+06   3.7133789e+01
   6.7357590e+06   6.4270020e+01
   6.7357920e+06   4.7845459e+01
   6.7358100e+06   4.0466309e+01
   6.7358350e+06   5.2130127e+01
   6.7358450e+06   4.8321533e+01
   6.7358710e+06   3.6895752e+01
   6.7359010e+06   4.5941162e+01
   6.7359130e+06   3.9990234e+01
   6.7359500e+06   3.8562012e+01
   6.7360120e+06   4.6893311e+01
   6.7360630e+06   3.5943604e+01
   6.7360900e+06   4.2608643e+01
   6.7361470e+06   4.1894531e+01
   6.7362000e+06   3.5705566e+01
   6.7362660e+06   3.6657715e+01
   6.7369180e+06   3.7133789e+01
   6.8260490e+06   3.7609863e+01
   6.8261240e+06   3.6419678e+01
   6.8261850e+06   4.2132568e+01
   6.8262260e+06   3.6895752e+01
   6.8262520e+06   3.7609863e+01
   6.8262980e+06   3.8085938e+01
   6.8263360e+06   3.9514160e+01
   6.8264580e+06   3.8800049e+01
   6.8266680e+06   3.9276123e+01
   6.8450110e+06   4.2370605e+01
   6.8450290e+06   3.6895752e+01
   6.8450690e+06   3.6895752e+01
   6.8450950e+06   4.8083496e+01
   6.8451650e+06   3.7609863e+01
   6.8451780e+06   3.7133789e+01
   6.8456130e+06   3.6657715e+01
   6.9462120e+06   4.4036865e+01
   6.9462490e+06   4.9035645e+01
   6.9462630e+06   4.7131348e+01
   6.9463180e+06   4.3084717e+01
   6.9463490e+06   4.5227051e+01
   6.9463650e+06   6.4270020e+01
   6.9463970e+06   4.4512939e+01
   6.9464250e+06   4.7845459e+01
   6.9464480e+06   3.9514160e+01
   6.9465420e+06   3.9752197e+01
   6.9465810e+06   4.7845459e+01
   6.9465950e+06   4.7131348e+01
   6.9466410e+06   4.8559570e+01
   6.9467310e+06   4.1656494e+01
   6.9472710e+06   4.1656494e+01
   7.0045440e+06   4.3084717e+01
   7.0046560e+06   4.0228271e+01
   7.0047760e+06   4.4750977e+01
   7.0049390e+06   4.0942383e+01
   7.0051110e+06   3.5705566e+01
   7.1267540e+06   3.5705566e+01
   7.1268590e+06   4.0704346e+01
   7.1269530e+06   3.9752197e+01
   7.1270120e+06   3.7133789e+01
   7.1270750e+06   3.6657715e+01
   7.1273260e+06   3.6895752e+01
   7.1819810e+06   4.1656494e+01
   7.1820980e+06   4.1894531e+01
   7.1821100e+06   4.0466309e+01
   7.1821270e+06   3.9038086e+01
   7.1821380e+06   3.6895752e+01
   7.1821580e+06   3.6657715e+01
   7.1822000e+06   3.9990234e+01
   7.1822230e+06   4.7131348e+01
   7.1822500e+06   3.7609863e+01
   7.1823160e+06   4.2132568e+01
   7.1823340e+06   4.3560791e+01
   7.1823610e+06   3.5705566e+01
   7.2209410e+06   3.7371826e+01
   7.2209700e+06   3.6895752e+01
   7.2210020e+06   4.0704346e+01
   7.2210340e+06   4.2608643e+01
   7.2210780e+06   3.6419678e+01
   7.2212040e+06   4.7607422e+01
   7.2212400e+06   5.0225830e+01
   7.2212830e+06   3.7609863e+01
   7.2213610e+06   3.6657715e+01
   7.2214360e+06   3.6895752e+01
   7.2595040e+06   4.3560791e+01
   7.2595290e+06   3.7609863e+01
   7.2595650e+06   3.8085938e+01
   7.2595910e+06   3.6895752e+01
   7.2596210e+06   3.9038086e+01
   7.2596320e+06   5.6176758e+01
   7.2596850e+06   3.7371826e+01
   7.2597290e+06   3.8085938e+01
   7.2597600e+06   4.1656494e+01
   7.2597700e+06   3.7133789e+01
   7.2598070e+06   4.4512939e+01
   7.2598390e+06   3.8800049e+01
   7.2598610e+06   4.3084717e+01
   7.2599270e+06   3.9038086e+01
   7.2602190e+06   4.5703125e+01
   7.3356950e+06   3.6181641e+01
   7.3366470e+06   3.6181641e+01
   7.3369790e+06   3.9990234e+01
   7.3371200e+06   4.2132568e+01
   7.3371570e+06   3.6181641e+01
   7.3567420e+06   3.9990234e+01
   7.3568090e+06   3.7847900e+01
   7.3570410e+06   3.6657715e+01
   7.4522440e+06   4.5465088e+01
   7.4522730e+06   3.6657715e+01
   7.4523280e+06   4.8559570e+01
   7.4523430e+06   4.4512939e+01
   7.4523550e+06   4.4750977e+01
   7.4524280e+06   3.5705566e+01
   7.4524420e+06   3.9038086e+01
   7.4524860e+06   3.5705566e+01
   7.4525240e+06   4.5941162e+01
   7.4525340e+06   4.4750977e+01
   7.4525520e+06   4.2132568e+01
   7.4526240e+06   5.4034424e+01
   7.4526520e+06   3.6419678e+01
   7.4527500e+06   3.6895752e+01
   7.5706010e+06   3.7133789e+01
   7.6038270e+06   3.7847900e+01
   7.6894320e+06   3.6181641e+01
   7.6894630e+06   4.0466309e+01
   7.6895060e+06   3.6895752e+01
   7.6895210e+06   3.7609863e+01
   7.6895520e+06   3.8562012e+01
   7.6895620e+06   3.7847900e+01
   7.6896290e+06   3.8085938e+01
   7.6899160e+06   3.9752197e+01
   7.6900350e+06   3.6657715e+01
   7.6900760e+06   3.9990234e+01
   7.7134900e+06   3.7609863e+01
   7.7136560e+06   3.5705566e+01
   7.7975490e+06   4.6179199e+01
   7.8328640e+06   3.6657715e+01
   7.8328900e+06   3.8323975e+01
   7.8329390e+06   3.5705566e+01
   7.8633010e+06   3.9276123e+01
   7.8633370e+06   3.8085938e+01
   7.8633990e+06   3.6181641e+01
   7.8634420e+06   3.5705566e+01
   7.8634800e+06   3.7847900e+01
   7.8636760e+06   4.2132568e+01
   7.8637090e+06   4.2608643e+01
   7.8637940e+06   3.5705566e+01
   7.9466310e+06   5.1416016e+01
   7.9635430e+06   3.6657715e+01
   7.9635740e+06   3.8562012e+01
   7.9942810e+06   4.2132568e+01
   7.9944390e+06   4.2370605e+01
   7.9944580e+06   4.0942383e+01
   7.9945100e+06   4.6655273e+01
   7.9945870e+06   3.9514160e+01
   7.9946160e+06   3.6657715e+01
   7.9947590e+06   3.9990234e+01
   8.1060180e+06   3.7609863e+01
   8.1060660e+06   4.4512939e+01
   8.1061330e+06   3.7371826e+01
   8.1061680e+06   5.8557129e+01
   8.1061850e+06   4.2370605e+01
   8.1062320e+06   3.9276123e+01
   8.1062890e+06   3.9990234e+01
   8.1063060e+06   4.3322754e+01
   8.1063990e+06   3.8085938e+01
   8.1064350e+06   3.6895752e+01
   8.1064800e+06   3.6181641e+01
   8.1065010e+06   3.8800049e+01
   8.1065590e+06   3.7609863e+01
   8.1066620e+06   5.5938721e+01
   8.1068980e+06   3.8085938e+01
   8.2134550e+06   3.6657715e+01
   8.3064490e+06   3.6657715e+01
   8.3067980e+06   3.7133789e+01
   8.3069800e+06   3.7133789e+01
   8.3069950e+06   3.7847900e+01
   8.3070790e+06   4.4512939e+01
   8.3071470e+06   4.3798828e+01
   8.3072350e+06   4.2846680e+01
   8.3073510e+06   3.6419678e+01
   8.3078040e+06   3.5705566e+01
   8.3082940e+06   3.9990234e+01
   8.3593220e+06   4.2608643e+01
   8.3595030e+06   3.7371826e+01
   8.3599160e+06   3.8323975e+01
   8.3908840e+06   3.9990234e+01
   8.5055240e+06   3.5705566e+01
   8.5068170e+06   3.6181641e+01
   8.6064710e+06   3.9514160e+01
   8.6216680e+06   3.9038086e+01
   8.6217020e+06   3.5943604e+01
   8.6219480e+06   4.3798828e+01
   8.6219810e+06   3.9514160e+01
   8.6220240e+06   3.7371826e+01
   8.6220950e+06   3.9990234e+01
   8.6221150e+06   3.5943604e+01
   8.6221310e+06   3.8085937e+01
   8.6222210e+06   3.7847900e+01
   8.6222580e+06   5.2368164e+01
   8.6223050e+06   4.9987793e+01
   8.6223330e+06   3.7847900e+01
   8.6223610e+06   3.9276123e+01
   8.6612760e+06   3.5943604e+01
   8.6617140e+06   3.7371826e+01
   8.6619170e+06   4.0704346e+01
   8.6620150e+06   3.7371826e+01
   8.7114450e+06   3.6181641e+01
   8.7115270e+06   3.6419678e+01
   8.7115380e+06   4.0942383e+01
   8.7115980e+06   4.1180420e+01
   8.7116080e+06   4.4989014e+01
   8.7116400e+06   4.4274902e+01
   8.7116880e+06   4.3798828e+01
   8.7117380e+06   3.6895752e+01
   8.7118000e+06   4.1180420e+01
   8.7118410e+06   3.9038086e+01
   8.7118560e+06   3.8800049e+01
   8.7120300e+06   3.6657715e+01
   8.7127270e+06   3.7133789e+01
   8.8369110e+06   3.6657715e+01
   8.8369450e+06   3.7371826e+01
   8.8536890e+06   3.6181641e+01
   8.8728190e+06   3.5943604e+01
   8.8730650e+06   3.7847900e+01
   8.8732890e+06   4.5465088e+01
   8.8742230e+06   4.3560791e+01
   8.9446220e+06   4.0942383e+01
   8.9454560e+06   3.9276123e+01
   8.9455600e+06   3.7609863e+01
   8.9456130e+06   3.6181641e+01
   8.9456380e+06   4.0704346e+01
   8.9457130e+06   3.7371826e+01
   8.9457540e+06   4.2370605e+01
   8.9457930e+06   4.1180420e+01
   8.9458370e+06   3.8085938e+01
   8.9459940e+06   3.7133789e+01
   8.9727700e+06   4.0228271e+01
   8.9728350e+06   3.7371826e+01
   8.9728580e+06   3.6181641e+01
   8.9728910e+06   3.8323975e+01
   8.9729060e+06   4.6655273e+01
   8.9729230e+06   4.1894531e+01
   8.9729530e+06   3.5943604e+01
   8.9729790e+06   4.9749756e+01
   8.9729980e+06   4.7131348e+01
   8.9730090e+06   5.0939941e+01
   8.9730560e+06   4.7845459e+01
   8.9730760e+06   4.1894531e+01
   8.9730900e+06   5.0225830e+01
   8.9731090e+06   4.7369385e+01
   8.9731210e+06   3.8800049e+01
   8.9731910e+06   3.5943604e+01
   8.9732350e+06   3.8562012e+01
   8.9732800e+06   3.5943604e+01
   8.9733140e+06   4.1418457e+01
   8.9733340e+06   3.9752197e+01
   8.9733920e+06   4.1894531e+01
   8.9735480e+06   3.6181641e+01
   8.9741240e+06   4.2608643e+01
   8.9742890e+06   3.6895752e+01
   8.9755460e+06   3.6419678e+01
   9.0854230e+06   3.7371826e+01
   9.0857860e+06   3.7133789e+01
   9.0862800e+06   3.9276123e+01
   9.0864330e+06   4.1656494e+01
   9.0865050e+06   3.8800049e+01
   9.1067260e+06   3.6181641e+01
   9.1068840e+06   3.7371826e+01
   9.1069330e+06   4.0228271e+01
   9.1070170e+06   3.9038086e+01
   9.1070350e+06   3.7371826e+01
   9.1070690e+06   3.8323975e+01
   9.1071350e+06   5.0225830e+01
   9.1071460e+06   3.9514160e+01
   9.1072170e+06   4.1180420e+01
   9.1072770e+06   3.9990234e+01
   9.1284850e+06   3.5943604e+01
   9.2057900e+06   3.8800049e+01
   9.2061790e+06   3.9276123e+01
   9.2064530e+06   4.0704346e+01
   9.2065830e+06   4.1180420e+01
   9.2066330e+06   4.4036865e+01
   9.2066650e+06   4.1894531e+01
   9.2067230e+06   4.5703125e+01
   9.2067380e+06   4.4989014e+01
   9.2067720e+06   3.9038086e+01
   9.2068130e+06   3.6657715e+01
   9.2068610e+06   4.2608643e+01
   9.2068890e+06   3.9514160e+01
   9.2069180e+06   3.8323975e+01
   9.2069460e+06   3.6657715e+01
   9.2069610e+06   4.6417236e+01
   9.2070300e+06   4.3798828e+01
   9.2070800e+06   5.3082275e+01
   9.2071240e+06   4.3322754e+01
   9.2071770e+06   3.7133789e+01
   9.2080060e+06   3.6419678e+01
   9.2080600e+06   3.5943604e+01
   9.2406970e+06   3.8323975e+01
   9.2630830e+06   3.6419678e+01
   9.2632260e+06   4.1180420e+01
   9.2883920e+06   3.8800049e+01
   9.2884180e+06   3.7133789e+01
   9.2885970e+06   3.5943604e+01
   9.2889740e+06   3.7371826e+01
   9.2897350e+06   3.8800049e+01
   9.3324120e+06   3.9990234e+01
   9.3324400e+06   3.5943604e+01
   9.3324760e+06   4.2608643e+01
   9.3325160e+06   3.8323975e+01
   9.3325300e+06   4.6893311e+01
   9.3325550e+06   3.6895752e+01
   9.3326380e+06   3.6181641e+01
   9.3326870e+06   3.9276123e+01
   9.3327120e+06   3.9990234e+01
   9.3327560e+06   3.5705566e+01
   9.3327970e+06   3.7609863e+01
   9.3328190e+06   4.1180420e+01
   9.3328940e+06   3.8800049e+01
   9.3329110e+06   4.3084717e+01
   9.3329350e+06   3.9990234e+01
   9.3330010e+06   3.7847900e+01
   9.3330230e+06   3.6419678e+01
   9.3331200e+06   3.8562012e+01
   9.3334440e+06   3.6657715e+01
   9.5005310e+06   3.9276123e+01
   9.5006330e+06   4.1180420e+01
   9.5008450e+06   3.5943604e+01
   9.5011300e+06   3.7609863e+01
   9.5012820e+06   3.5943604e+01
   9.5453290e+06   3.9276123e+01
   9.5454020e+06   3.8562012e+01
   9.5455430e+06   3.6181641e+01
   9.5456320e+06   4.0228271e+01
   9.5457690e+06   4.1418457e+01
   9.5460430e+06   3.5705566e+01
   9.5481680e+06   3.7133789e+01
   9.6357990e+06   3.6181641e+01
   9.6358760e+06   4.9749756e+01
   9.6362180e+06   3.7371826e+01
   9.6819980e+06   3.6895752e+01
   9.6820890e+06   3.9038086e+01
   9.6821270e+06   4.1418457e+01
   9.6822660e+06   3.8085938e+01
   9.6823110e+06   3.7371826e+01
   9.6823770e+06   4.4989014e+01
   9.6824000e+06   3.8085938e+01
   9.7222010e+06   3.6181641e+01
   9.7222420e+06   4.8083496e+01
   9.7222550e+06   3.6895752e+01
   9.7222860e+06   4.2608643e+01
   9.7222980e+06   3.7609863e+01
   9.7223570e+06   4.7131348e+01
   9.7224000e+06   3.9276123e+01
   9.7224680e+06   3.6657715e+01
   9.7225000e+06   3.6419678e+01
   9.7225670e+06   4.0704346e+01
   9.7226480e+06   3.6419678e+01
   9.7226720e+06   4.2132568e+01
   9.7227220e+06   4.7845459e+01
   9.7227850e+06   3.7371826e+01
   9.7228460e+06   4.0228271e+01
   9.7229020e+06   3.5943604e+01
   9.7231190e+06   3.6419678e+01
   9.7627050e+06   3.6657715e+01
   9.8141260e+06   3.7371826e+01
   9.8142230e+06   3.9276123e+01
   9.8148990e+06   3.9276123e+01
   9.8150300e+06   3.6895752e+01
   9.8150940e+06   3.9038086e+01
   9.8151050e+06   3.7609863e+01
   9.8152000e+06   4.1656494e+01
   9.8152810e+06   3.7371826e+01
   9.8639170e+06   3.8085938e+01
   9.8640410e+06   4.1418457e+01
   9.9691790e+06   3.7133789e+01
   9.9692220e+06   4.1656494e+01
   9.9692590e+06   3.7371826e+01
   9.9693130e+06   3.7371826e+01
   9.9694180e+06   3.9990234e+01
   9.9694800e+06   3.6181641e+01
   9.9695290e+06   3.8085938e+01
   9.9695450e+06   3.7847900e+01
   9.9698330e+06   3.6895752e+01
   9.9941090e+06   4.4274902e+01
   9.9941240e+06   4.0228271e+01
   9.9941480e+06   3.6181641e+01
   9.9941700e+06   3.6419678e+01
   9.9941990e+06   4.3798828e+01
   9.9942440e+06   4.1894531e+01
   9.9942570e+06   5.3082275e+01
   9.9943040e+06   3.9038086e+01
   9.9943420e+06   4.0942383e+01
   9.9943620e+06   4.7131348e+01
   9.9944530e+06   4.4274902e+01
   9.9945030e+06   3.5943604e+01
   9.9945290e+06   3.9276123e+01
   9.9945700e+06   3.5705566e+01
   9.9946510e+06   4.0704346e+01
   9.9947130e+06   3.6657715e+01
   9.9948820e+06   3.8800049e+01
   9.9949260e+06   3.7133789e+01
   9.9949560e+06   3.8562012e+01
   9.9955200e+06   3.5705566e+01
   1.0095911e+07   3.7371826e+01
   1.0095921e+07   4.3560791e+01
   1.0095949e+07   3.7371826e+01
   1.0095986e+07   3.6419678e+01
   1.0096020e+07   5.7128906e+01
   1.0096067e+07   4.1656494e+01
   1.0096142e+07   6.9982910e+01
   1.0096176e+07   6.1413574e+01
   1.0096219e+07   3.9276123e+01
   1.0096229e+07   3.9276123e+01
   1.0096283e+07   4.1418457e+01
   1.0096730e+07   3.5705566e+01
   1.0096792e+07   3.5943604e+01
   1.0096807e+07   3.6895752e+01
   1.0096901e+07   3.5705566e+01
   1.0097040e+07   3.5943604e+01
   1.0097661e+07   3.5705566e+01
   1.0098561e+07   3.8323975e+01
   1.0101062e+07   3.6419678e+01
   1.0258674e+07   4.2370605e+01
   1.0277201e+07   3.6181641e+01
   1.0385257e+07   3.5705566e+01
   1.0385294e+07   3.9752197e+01
   1.0385317e+07   4.3560791e+01
   1.0385369e+07   3.9514160e+01
   1.0385403e+07   4.4274902e+01
   1.0385505e+07   4.0704346e+01
   1.0385542e+07   3.7371826e+01
   1.0385555e+07   3.8323975e+01
   1.0385579e+07   5.2844238e+01
   1.0385653e+07   3.5943604e+01
   1.0385677e+07   3.5705566e+01
   1.0385697e+07   3.7847900e+01
   1.0385717e+07   4.4512939e+01
   1.0385739e+07   3.7847900e+01
   1.0385766e+07   4.0704346e+01
   1.0385847e+07   5.5462646e+01
   1.0385883e+07   3.7847900e+01
   1.0385930e+07   3.6419678e+01
   1.0386144e+07   4.2132568e+01
   1.0386170e+07   3.9514160e+01
   1.0386502e+07   3.8085938e+01
   1.0388830e+07   3.8085938e+01
   1.0465330e+07   3.6181641e+01
   1.0465409e+07   3.8800049e+01
   1.0465446e+07   3.7847900e+01
   1.0465456e+07   3.6657715e+01
   1.0465475e+07   3.9276123e+01
   1.0465503e+07   4.4989014e+01
   1.0465519e+07   3.5705566e+01
   1.0465564e+07   4.6655273e+01
   1.0465587e+07   4.1894531e+01
   1.0465625e+07   4.6417236e+01
   1.0465656e+07   4.8559570e+01
   1.0465681e+07   4.1894531e+01
   1.0465706e+07   3.7609863e+01
   1.0465737e+07   4.6655273e+01
   1.0465770e+07   4.7845459e+01
   1.0465803e+07   4.2608643e+01
   1.0465890e+07   4.4274902e+01
   1.0465907e+07   3.8562012e+01
   1.0465969e+07   4.0466309e+01
   1.0466030e+07   3.9752197e+01
   1.0466099e+07   4.2132568e+01
   1.0466550e+07   3.9038086e+01
   1.0501865e+07   4.1418457e+01
   1.0501922e+07   3.5705566e+01
   1.0501936e+07   4.7131348e+01
   1.0501957e+07   4.5465088e+01
   1.0502017e+07   4.5703125e+01
   1.0502042e+07   5.2844238e+01
   1.0502065e+07   5.0463867e+01
   1.0502097e+07   5.3796387e+01
   1.0502121e+07   4.0228271e+01
   1.0502148e+07   6.2841797e+01
   1.0502179e+07   3.9276123e+01
   1.0502233e+07   3.7371826e+01
   1.0502247e+07   4.0466309e+01
   1.0502283e+07   5.0939941e+01
   1.0502329e+07   4.3560791e+01
   1.0502361e+07   3.5943604e+01
   1.0502391e+07   4.0466309e+01
   1.0502402e+07   3.8085938e+01
   1.0502439e+07   4.3322754e+01
   1.0503175e+07   3.9752197e+01
   1.0561515e+07   3.9752197e+01
   1.0561554e+07   3.9276123e+01
   1.0561578e+07   3.7609863e+01
   1.0561662e+07   3.6419678e+01
   1.0616418e+07   3.7133789e+01
   1.0616457e+07   3.8562012e+01
   1.0616491e+07   5.8081055e+01
   1.0616518e+07   4.1418457e+01
   1.0616555e+07   4.0466309e+01
   1.0616586e+07   5.8081055e+01
   1.0616597e+07   3.7371826e+01
   1.0616611e+07   4.2608643e+01
   1.0616623e+07   5.1892090e+01
   1.0616655e+07   4.2608643e+01
   1.0616685e+07   4.7131348e+01
   1.0616703e+07   4.4274902e+01
   1.0616715e+07   4.3084717e+01
   1.0616736e+07   4.1418457e+01
   1.0616773e+07   4.6655273e+01
   1.0616799e+07   5.2844238e+01
   1.0616863e+07   4.4512939e+01
   1.0616973e+07   3.5705566e+01
   1.0617031e+07   4.4274902e+01
   1.0617483e+07   3.7371826e+01
   1.0711076e+07   4.5227051e+01
   1.0711188e+07   3.5943604e+01
   1.0711363e+07   3.7847900e+01
   1.0711525e+07   4.5465088e+01
   1.0711617e+07   4.4036865e+01
   1.0711643e+07   4.4274902e+01
   1.0711701e+07   3.7133789e+01
   1.0711741e+07   3.8323975e+01
   1.0711785e+07   4.6893311e+01
   1.0774103e+07   4.3798828e+01
   1.0774395e+07   3.8562012e+01
   1.0774466e+07   3.9514160e+01
   1.0774524e+07   4.5465088e+01
   1.0774547e+07   3.8562012e+01
   1.0774569e+07   4.0228271e+01
   1.0774589e+07   3.6657715e+01
   1.0774619e+07   4.1180420e+01
   1.0774632e+07   3.9990234e+01
   1.0774659e+07   4.4989014e+01
   1.0774717e+07   3.6895752e+01
   1.0774735e+07   3.6657715e+01
   1.0774825e+07   3.7133789e+01
   1.0774858e+07   3.6895752e+01
   1.0803623e+07   3.7847900e+01
   1.0803702e+07   3.9038086e+01
   1.0803743e+07   3.5943604e+01
   1.0803818e+07   4.5941162e+01
   1.0803859e+07   3.7609863e+01
   1.0803905e+07   5.2844238e+01
   1.0803927e+07   4.0228271e+01
   1.0803953e+07   3.9038086e+01
   1.0803999e+07   4.4036865e+01
   1.0804020e+07   4.0466309e+01
   1.0804082e+07   4.9749756e+01
   1.0804095e+07   4.0228271e+01
   1.0804121e+07   3.5705566e+01
   1.0804137e+07   4.1894531e+01
   1.0804203e+07   4.4274902e+01
   1.0804516e+07   3.8085938e+01
   1.0804636e+07   3.7847900e+01
   1.0806269e+07   3.5705566e+01
   1.0823013e+07   3.7847900e+01
   1.0823173e+07   4.6655273e+01
   1.0823221e+07   4.0942383e+01
   1.0823329e+07   3.5943604e+01
   1.0868252e+07   3.5705566e+01
   1.0935658e+07   3.7371826e+01
   1.0935753e+07   3.8562012e+01
   1.0935887e+07   3.6895752e+01
   1.0936414e+07   3.9514160e+01
   1.0936429e+07   4.3798828e+01
   1.0936458e+07   5.0701904e+01
   1.0936488e+07   3.6657715e+01
   1.0936746e+07   3.5705566e+01
   1.0964404e+07   3.5705566e+01
   1.1009255e+07   3.8085938e+01
   1.1043041e+07   3.8085938e+01
   1.1043144e+07   4.2370605e+01
   1.1043183e+07   3.6419678e+01
   1.1043200e+07   4.4512939e+01
   1.1043226e+07   4.6893311e+01
   1.1043266e+07   4.1894531e+01
   1.1043291e+07   4.4036865e+01
   1.1043304e+07   3.7609863e+01
   1.1043316e+07   4.7369385e+01
   1.1043334e+07   4.8559570e+01
   1.1043352e+07   3.9038086e+01
   1.1043398e+07   4.7845459e+01
   1.1043433e+07   5.6414795e+01
   1.1043455e+07   3.8800049e+01
   1.1043479e+07   3.8323975e+01
   1.1043532e+07   5.2130127e+01
   1.1043552e+07   4.5941162e+01
   1.1043577e+07   4.0228271e+01
   1.1043601e+07   3.6895752e+01
   1.1043648e+07   3.8323975e+01
   1.1043690e+07   3.8323975e+01
   1.1043753e+07   4.3084717e+01
   1.1043828e+07   3.7133789e+01
   1.1043848e+07   4.0704346e+01
   1.1044005e+07   3.7133789e+01
   1.1044301e+07   3.9990234e+01
   1.1044570e+07   3.6419678e+01
   1.1044861e+07   3.5943604e+01
   1.1296094e+07   4.1418457e+01
   1.1296156e+07   3.6181641e+01
   1.1296515e+07   3.7847900e+01
   1.1296637e+07   3.8800049e+01
   1.1296663e+07   4.8083496e+01
   1.1296708e+07   4.0228271e+01
   1.1296768e+07   4.4036865e+01
   1.1296856e+07   5.0701904e+01
   1.1296871e+07   3.7609863e+01
   1.1296899e+07   4.4989014e+01
   1.1310675e+07   4.1418457e+01
   1.1310730e+07   3.8323975e+01
   1.1310848e+07   4.1180420e+01
   1.1310865e+07   3.5705566e+01
   1.1310892e+07   4.6893311e+01
   1.1310950e+07   4.1894531e+01
   1.1311029e+07   3.8323975e+01
   1.1311053e+07   3.7133789e+01
   1.1311087e+07   3.6181641e+01
   1.1311116e+07   3.6657715e+01
   1.1311203e+07   4.0466309e+01
   1.1311344e+07   3.9752197e+01
   1.1311712e+07   3.5705566e+01
   1.1450647e+07   3.8800049e+01
   1.1450746e+07   3.6895752e+01
   1.1486664e+07   3.7371826e+01
   1.1486795e+07   4.2132568e+01
   1.1486838e+07   3.6895752e+01
   1.1502115e+07   3.5705566e+01
   1.1502247e+07   3.9752197e+01
   1.1502279e+07   3.7133789e+01
   1.1502340e+07   4.3560791e+01
   1.1502434e+07   4.7369385e+01
   1.1502528e+07   4.0466309e+01
   1.1609364e+07   4.2608643e+01
   1.1609445e+07   4.7845459e+01
   1.1609486e+07   4.0228271e+01
   1.1609552e+07   4.0942383e+01
   1.1609612e+07   5.0463867e+01
   1.1609632e+07   4.3798828e+01
   1.1609680e+07   3.9752197e+01
   1.1609771e+07   3.8085938e+01
   1.1641572e+07   3.8562012e+01
   1.1641611e+07   4.4036865e+01
   1.1641626e+07   4.1656494e+01
   1.1641653e+07   4.5703125e+01
   1.1641699e+07   4.3084717e+01
   1.1641730e+07   3.8323975e+01
   1.1641757e+07   3.5943604e+01
   1.1641840e+07   4.2608643e+01
   1.1641925e+07   3.8800049e+01
   1.1641973e+07   4.5465088e+01
   1.1642000e+07   3.9276123e+01
   1.1642059e+07   4.3798828e+01
   1.1642090e+07   3.7133789e+01
   1.1642241e+07   4.0466309e+01
   1.1642268e+07   4.2132568e+01
   1.1642739e+07   4.1418457e+01
   1.1644419e+07   3.6181641e+01
   1.1747438e+07   4.3084717e+01
   1.1747491e+07   4.3084717e+01
   1.1747521e+07   3.5943604e+01
   1.1747589e+07   3.7847900e+01
   1.1747624e+07   4.4036865e+01
   1.1747658e+07   4.9511719e+01
   1.1747692e+07   4.8083496e+01
   1.1747725e+07   3.6181641e+01
   1.1747796e+07   4.0704346e+01
   1.1747819e+07   3.7609863e+01
   1.1747881e+07   4.1180420e+01
   1.1747909e+07   4.7845459e+01
   1.1747973e+07   4.3798828e+01
   1.1748011e+07   3.5943604e+01
   1.1748031e+07   4.4750977e+01
   1.1748061e+07   3.7847900e+01
   1.1748122e+07   4.7607422e+01
   1.1748370e+07   5.0225830e+01
   1.1748679e+07   3.9990234e+01
   1.1763188e+07   3.5943604e+01
   1.1763264e+07   6.0699463e+01
   1.1763475e+07   3.9990234e+01
   1.1990606e+07   3.7133789e+01
   1.1990934e+07   4.3322754e+01
   1.1990960e+07   3.8323975e+01
   1.1990987e+07   5.0463867e+01
   1.1991015e+07   4.4274902e+01
   1.1991043e+07   3.7133789e+01
   1.1991088e+07   4.2608643e+01
   1.1991118e+07   4.0466309e+01
   1.1991131e+07   3.5943604e+01
   1.1991156e+07   3.8562012e+01
   1.1991386e+07   3.6181641e+01
   1.1991409e+07   3.8085937e+01
   1.2049305e+07   4.0704346e+01
   1.2049326e+07   4.6893311e+01
   1.2049342e+07   3.7609863e+01
   1.2049375e+07   4.1418457e+01
   1.2049442e+07   5.1654053e+01
   1.2049472e+07   5.0463867e+01
   1.2049491e+07   4.8797607e+01
   1.2049520e+07   3.9990234e+01
   1.2049551e+07   5.2606201e+01
   1.2049567e+07   4.3798828e+01
   1.2049593e+07   5.7366943e+01
   1.2049613e+07   4.4989014e+01
   1.2049655e+07   4.2370605e+01
   1.2049683e+07   3.6657715e+01
   1.2049701e+07   5.0463867e+01
   1.2049720e+07   3.8085938e+01
   1.2049754e+07   6.9982910e+01
   1.2049813e+07   3.6895752e+01
   1.2049836e+07   4.4036865e+01
   1.2049906e+07   3.6419678e+01
   1.2050017e+07   3.8323975e+01
   1.2050620e+07   3.6181641e+01
   1.2135267e+07   4.3560791e+01
   1.2135310e+07   3.7371826e+01
   1.2135329e+07   4.1180420e+01
   1.2135376e+07   4.0942383e+01
   1.2135412e+07   4.7607422e+01
   1.2135639e+07   3.7847900e+01
   1.2167108e+07   4.2608643e+01
   1.2167320e+07   3.5705566e+01
   1.2167590e+07   3.7133789e+01
   1.2168251e+07   3.7847900e+01
   1.2204424e+07   3.6419678e+01
   1.2204485e+07   3.9276123e+01
   1.2204513e+07   3.8085938e+01
   1.2204535e+07   5.6652832e+01
   1.2204556e+07   4.6179199e+01
   1.2204616e+07   4.1656494e+01
   1.2204650e+07   4.8321533e+01
   1.2204689e+07   3.9276123e+01
   1.2204723e+07   4.4989014e+01
   1.2204919e+07   4.2132568e+01
   1.2255571e+07   3.5943604e+01
   1.2255606e+07   3.8800049e+01
   1.2255640e+07   3.8562012e+01
   1.2255716e+07   3.9752197e+01
   1.2255816e+07   3.5705566e+01
   1.2256162e+07   3.9752197e+01
   1.2279950e+07   3.7847900e+01
   1.2280272e+07   3.8085938e+01
   1.2280642e+07   4.0704346e+01
   1.2280826e+07   3.7609863e+01
   1.2304601e+07   3.8562012e+01
   1.2341243e+07   3.8085938e+01
   1.2341324e+07   3.8562012e+01
   1.2341336e+07   3.9514160e+01
   1.2341408e+07   4.3084717e+01
   1.2341481e+07   3.9038086e+01
   1.2341507e+07   4.1656494e+01
   1.2341520e+07   3.6181641e+01
   1.2341555e+07   3.8085938e+01
   1.2341582e+07   3.7133789e+01
   1.2341634e+07   4.4274902e+01
   1.2341658e+07   3.6895752e+01
   1.2341695e+07   4.0228271e+01
   1.2341725e+07   3.5705566e+01
   1.2341864e+07   3.9276123e+01
   1.2341889e+07   4.1180420e+01
   1.2341938e+07   3.7609863e+01
   1.2341948e+07   3.8085938e+01
   1.2341976e+07   4.1894531e+01
   1.2342070e+07   3.6181641e+01
   1.2342153e+07   3.5705566e+01
   1.2342192e+07   3.6419678e+01
   1.2342289e+07   3.7133789e+01
   1.2342439e+07   4.2608643e+01
   1.2426186e+07   3.5705566e+01
   1.2426593e+07   3.9514160e+01
   1.2426896e+07   3.7847900e+01
   1.2440924e+07   3.6419678e+01
   1.2454058e+07   3.7847900e+01
   1.2472258e+07   3.9038086e+01
   1.2472301e+07   4.2132568e+01
   1.2472400e+07   3.7371826e+01
   1.2472457e+07   3.8323975e+01
   1.2472718e+07   4.2370605e+01
   1.2472811e+07   3.5705566e+01
   1.2472891e+07   4.2370605e+01
   1.2473080e+07   3.5705566e+01
   1.2473399e+07   4.2846680e+01
   1.2498393e+07   3.5705566e+01
   1.2498634e+07   4.4274902e+01
   1.2498775e+07   4.0942383e+01
   1.2498836e+07   3.9752197e+01
   1.2530317e+07   3.5943604e+01
   1.2546459e+07   4.2132568e+01
   1.2546611e+07   5.3796387e+01
   1.2546640e+07   3.7609863e+01
   1.2546680e+07   4.0942383e+01
   1.2546739e+07   3.7371826e+01
   1.2546756e+07   3.9990234e+01
   1.2546851e+07   4.1180420e+01
   1.2546866e+07   4.2608643e+01
   1.2563592e+07   4.0228271e+01
   1.2563728e+07   3.6895752e+01
   1.2579565e+07   4.0228271e+01
   1.2579646e+07   4.4750977e+01
   1.2579678e+07   4.0466309e+01
   1.2579723e+07   4.3560791e+01
   1.2579744e+07   4.1894531e+01
   1.2579756e+07   5.0225830e+01
   1.2579839e+07   3.5943604e+01
   1.2579854e+07   3.8323975e+01
   1.2579890e+07   3.8323975e+01
   1.2580164e+07   3.5943604e+01
   1.2580313e+07   4.3560791e+01
   1.2580371e+07   3.9514160e+01
   1.2655504e+07   3.7609863e+01
   1.2675591e+07   3.5705566e+01
   1.2675705e+07   3.8323975e+01
   1.2675795e+07   4.3084717e+01
   1.2675861e+07   3.7371826e+01
   1.2675904e+07   4.7607422e+01
   1.2676007e+07   4.7607422e+01
   1.2676019e+07   4.4750977e+01
   1.2676040e+07   3.6419678e+01
   1.2676131e+07   3.7847900e+01
   1.2676162e+07   3.6657715e+01
   1.2676207e+07   3.7133789e+01
   1.2766083e+07   4.5465088e+01
   1.2766114e+07   3.7133789e+01
   1.2766326e+07   3.9514160e+01
   1.2766374e+07   3.8323975e+01
   1.2766406e+07   4.0228271e+01
   1.2766427e+07   3.9752197e+01
   1.2766494e+07   3.9514160e+01
   1.2766517e+07   4.0704346e+01
   1.2766568e+07   3.8800049e+01
   1.2766651e+07   3.7133789e+01
   1.2766684e+07   4.1418457e+01
   1.2766755e+07   3.9276123e+01
   1.2816015e+07   3.9514160e+01
   1.2846367e+07   3.7133789e+01
   1.2847267e+07   3.6181641e+01
   1.2868184e+07   4.1418457e+01
   1.2869508e+07   3.9752197e+01
   1.2899973e+07   3.8085938e+01
   1.2900218e+07   3.7847900e+01
   1.2900265e+07   3.7371826e+01
   1.2900288e+07   4.1180420e+01
   1.2900332e+07   3.5705566e+01
   1.2900455e+07   3.7847900e+01
   1.2923886e+07   3.6419678e+01
   1.2924052e+07   3.7609863e+01
   1.2924185e+07   3.9038086e+01
   1.2942725e+07   3.5705566e+01
   1.2942821e+07   3.6419678e+01
   1.2942906e+07   3.7133789e+01
   1.2942981e+07   3.9276123e+01
   1.2943046e+07   4.2846680e+01
   1.2943330e+07   4.1180420e+01
   1.2943356e+07   3.9514160e+01
   1.2943381e+07   3.7133789e+01
   1.2943392e+07   4.6655273e+01
   1.2943409e+07   4.4274902e+01
   1.2943596e+07   3.7847900e+01
   1.2989075e+07   3.9276123e+01
   1.2989125e+07   3.6895752e+01
   1.2989168e+07   4.0228271e+01
   1.2989189e+07   4.4512939e+01
   1.2989207e+07   3.8562012e+01
   1.2989245e+07   3.6181641e+01
   1.2989259e+07   3.9038086e+01
   1.2989281e+07   4.1180420e+01
   1.2989305e+07   4.4036865e+01
   1.2989326e+07   3.7847900e+01
   1.2989340e+07   3.9990234e+01
   1.2989373e+07   3.9752197e+01
   1.2989423e+07   4.1418457e+01
   1.2989482e+07   3.6657715e+01
   1.2989512e+07   3.7847900e+01
   1.2989611e+07   3.6181641e+01
   1.2989649e+07   3.6895752e+01
   1.2989814e+07   3.6181641e+01
   1.2990190e+07   3.6419678e+01
   1.2990494e+07   3.5705566e+01
   1.3108063e+07   3.5705566e+01
   1.3108224e+07   3.7609863e+01
   1.3108310e+07   3.7609863e+01
   1.3108322e+07   3.8562012e+01
   1.3108873e+07   3.5705566e+01
   1.3133547e+07   4.3560791e+01
   1.3133773e+07   3.5943604e+01
   1.3133852e+07   4.0942383e+01
   1.3133982e+07   3.7133789e+01
   1.3134305e+07   3.6181641e+01
   1.3134421e+07   4.1180420e+01
   1.3165802e+07   3.7133789e+01
   1.3181912e+07   3.6419678e+01
   1.3182015e+07   3.8323975e+01
   1.3182194e+07   3.8085938e+01
   1.3182208e+07   3.8562012e+01
   1.3182325e+07   3.5943604e+01
   1.3182380e+07   4.4274902e+01
   1.3183506e+07   3.8323975e+01
   1.3184197e+07   3.5705566e+01
   1.3222760e+07   4.3322754e+01
   1.3222858e+07   3.7133789e+01
   1.3222969e+07   5.4034424e+01
   1.3222987e+07   3.5705566e+01
   1.3223039e+07   3.8085938e+01
   1.3223108e+07   4.2370605e+01
   1.3223176e+07   3.7133789e+01
   1.3223194e+07   3.8800049e+01
   1.3223221e+07   5.2844238e+01
   1.3223231e+07   5.5462646e+01
   1.3223248e+07   4.3084717e+01
   1.3223268e+07   4.6893311e+01
   1.3223299e+07   5.0463867e+01
   1.3223318e+07   4.8083496e+01
   1.3223374e+07   4.1894531e+01
   1.3223393e+07   4.1180420e+01
   1.3223413e+07   3.7609863e+01
   1.3223434e+07   4.1656494e+01
   1.3223444e+07   3.9276123e+01
   1.3223469e+07   3.6419678e+01
   1.3223539e+07   3.8323975e+01
   1.3223673e+07   3.6419678e+01
   1.3224116e+07   3.7847900e+01
   1.3302251e+07   3.6419678e+01
   1.3302381e+07   4.0704346e+01
   1.3339980e+07   4.4274902e+01
   1.3340099e+07   3.6419678e+01
   1.3340178e+07   3.8800049e+01
   1.3340194e+07   3.9514160e+01
   1.3340461e+07   4.0942383e+01
   1.3340729e+07   3.5705566e+01
   1.3395523e+07   3.6657715e+01
   1.3395677e+07   3.5943604e+01
   1.3417018e+07   3.6419678e+01
   1.3453520e+07   3.9990234e+01
   1.3453541e+07   3.7847900e+01
   1.3453563e+07   3.6895752e+01
   1.3453678e+07   3.7371826e+01
   1.3453702e+07   3.5943604e+01
   1.3453783e+07   3.5705566e+01
   1.3453801e+07   4.4036865e+01
   1.3453811e+07   4.1656494e+01
   1.3453874e+07   3.7371826e+01
   1.3453957e+07   3.9038086e+01
   1.3453974e+07   3.9752197e+01
   1.3453995e+07   3.6657715e+01
   1.3454083e+07   3.6181641e+01
   1.3454118e+07   3.6657715e+01
   1.3454243e+07   3.9990234e+01
   1.3454288e+07   3.5705566e+01
   1.3454404e+07   3.5705566e+01
   1.3454603e+07   3.7847900e+01
   1.3454628e+07   3.7609863e+01
   1.3470659e+07   3.9752197e+01
   1.3470819e+07   4.0466309e+01
   1.3512434e+07   3.9752197e+01
   1.3512511e+07   3.6895752e+01
   1.3512532e+07   3.9038086e+01
   1.3512554e+07   4.1418457e+01
   1.3512584e+07   4.7607422e+01
   1.3512644e+07   4.2370605e+01
   1.3512723e+07   4.1180420e+01
   1.3512754e+07   3.9990234e+01
   1.3512810e+07   5.1177979e+01
   1.3512837e+07   3.8323975e+01
   1.3512926e+07   3.9514160e+01
   1.3513006e+07   3.7847900e+01
   1.3513077e+07   4.8559570e+01
   1.3513250e+07   3.7133789e+01
   1.3513396e+07   3.8800049e+01
   1.3514180e+07   3.7133789e+01
   1.3586091e+07   3.6895752e+01
   1.3612964e+07   3.8800049e+01
   1.3613232e+07   3.6895752e+01
   1.3613277e+07   3.9514160e+01
   1.3613330e+07   3.7609863e+01
   1.3613358e+07   3.8085938e+01
   1.3633425e+07   3.5705566e+01
   1.3633458e+07   3.5705566e+01
   1.3633491e+07   4.5465088e+01
   1.3633507e+07   3.7133789e+01
   1.3633537e+07   4.2608643e+01
   1.3633548e+07   3.7371826e+01
   1.3633568e+07   3.9038086e+01
   1.3633653e+07   4.3560791e+01
   1.3633690e+07   3.6895752e+01
   1.3633727e+07   3.9752197e+01
   1.3633773e+07   4.2846680e+01
   1.3633810e+07   3.6419678e+01
   1.3633821e+07   4.6655273e+01
   1.3633948e+07   4.4750977e+01
   1.3633985e+07   3.6181641e+01
   1.3634039e+07   3.7847900e+01
   1.3721017e+07   3.9752197e+01
   1.3721081e+07   4.2846680e+01
   1.3721106e+07   3.7609863e+01
   1.3721134e+07   4.1894531e+01
   1.3721305e+07   4.1418457e+01
   1.3721360e+07   4.5703125e+01
   1.3721379e+07   4.2608643e+01
   1.3721412e+07   3.6181641e+01
   1.3721457e+07   4.6655273e+01
   1.3721603e+07   3.9514160e+01
   1.3721689e+07   3.7847900e+01
   1.3721758e+07   3.8800049e+01
   1.3721846e+07   4.1180420e+01
   1.3722282e+07   3.5943604e+01
   1.3832208e+07   3.8085938e+01
   1.3832258e+07   4.1180420e+01
   1.3832552e+07   3.7371826e+01
   1.3896703e+07   3.8562012e+01
   1.3897495e+07   3.5943604e+01
   1.3897540e+07   3.6657715e+01
   1.3897587e+07   3.5705566e+01
   1.3897603e+07   5.6176758e+01
   1.3897614e+07   4.4750977e+01
   1.3897656e+07   3.8800049e+01
   1.3897675e+07   3.6419678e+01
   1.3897714e+07   3.9752197e+01
   1.3897757e+07   3.7133789e+01
   1.3897800e+07   3.5705566e+01
   1.3897819e+07   4.0228271e+01
   1.3897959e+07   3.6181641e+01
   1.3898155e+07   3.5705566e+01
   1.3912122e+07   3.5705566e+01
   1.3912186e+07   4.0942383e+01
   1.3912335e+07   3.9990234e+01
   1.3912447e+07   3.8800049e+01
   1.3912475e+07   3.6657715e+01
   1.3912585e+07   3.6181641e+01
   1.4039778e+07   4.5227051e+01
   1.4039823e+07   3.7847900e+01
   1.4039849e+07   3.8562012e+01
   1.4039871e+07   4.2132568e+01
   1.4039889e+07   3.5705566e+01
   1.4039980e+07   4.4512939e+01
   1.4040023e+07   3.9990234e+01
   1.4040048e+07   4.1656494e+01
   1.4040088e+07   4.6655273e+01
   1.4040118e+07   3.6181641e+01
   1.4040134e+07   3.6657715e+01
   1.4040251e+07   3.6657715e+01
   1.4040318e+07   4.0228271e+01
   1.4040386e+07   3.6657715e+01
   1.4040474e+07   3.9990234e+01
   1.4067165e+07   4.3084717e+01
   1.4067209e+07   4.7607422e+01
   1.4067234e+07   5.1416016e+01
   1.4067259e+07   3.5705566e+01
   1.4067284e+07   5.9747314e+01
   1.4067313e+07   6.7602539e+01
   1.4067335e+07   4.9511719e+01
   1.4067375e+07   5.6414795e+01
   1.4067388e+07   4.0942383e+01
   1.4067431e+07   4.5227051e+01
   1.4067461e+07   4.0228271e+01
   1.4067503e+07   3.9990234e+01
   1.4068133e+07   3.5943604e+01
   1.4068160e+07   5.1654053e+01
   1.4068949e+07   3.6657715e+01
   1.4215028e+07   3.5943604e+01
   1.4215207e+07   3.9276123e+01
   1.4215315e+07   3.6419678e+01
   1.4215336e+07   3.9514160e+01
   1.4215389e+07   3.8323975e+01
   1.4215463e+07   4.4512939e+01
   1.4215476e+07   3.9038086e+01
   1.4215540e+07   3.8323975e+01
   1.4215658e+07   3.9038086e+01
   1.4215685e+07   3.6181641e+01
   1.4215742e+07   3.8085938e+01
   1.4216154e+07   4.1418457e+01
   1.4306087e+07   3.9514160e+01
   1.4328137e+07   3.9276123e+01
   1.4328175e+07   3.9752197e+01
   1.4328222e+07   3.9038086e+01
   1.4328267e+07   4.2370605e+01
   1.4328306e+07   3.9752197e+01
   1.4328329e+07   5.6414795e+01
   1.4328378e+07   3.5943604e+01
   1.4328391e+07   3.7371826e+01
   1.4328447e+07   4.9749756e+01
   1.4328471e+07   3.7133789e+01
   1.4328488e+07   4.5227051e+01
   1.4328530e+07   3.9990234e+01
   1.4328595e+07   3.6895752e+01
   1.4481354e+07   3.7371826e+01
   1.4481411e+07   3.5943604e+01
   1.4481747e+07   4.0942383e+01
   1.4481784e+07   3.5943604e+01
   1.4481890e+07   4.1180420e+01
   1.4618791e+07   3.7133789e+01
   1.4618820e+07   4.2132568e+01
   1.4618847e+07   4.6179199e+01
   1.4618949e+07   4.0466309e+01
   1.4618967e+07   5.7128906e+01
   1.4619016e+07   3.9276123e+01
   1.4619030e+07   3.9514160e+01
   1.4619051e+07   3.9752197e+01
   1.4619099e+07   3.8323975e+01
   1.4619111e+07   5.0701904e+01
   1.4619163e+07   3.6895752e+01
   1.4619217e+07   3.8562012e+01
   1.4619243e+07   4.7845459e+01
   1.4619280e+07   3.7609863e+01
   1.4619305e+07   4.4274902e+01
   1.4619374e+07   3.8085938e+01
   1.4619401e+07   3.9276123e+01
   1.4620258e+07   3.5705566e+01
   1.4729380e+07   4.4750977e+01
   1.4729425e+07   3.9276123e+01
   1.4729491e+07   4.8559570e+01
   1.4729544e+07   3.6657715e+01
   1.4729554e+07   5.9509277e+01
   1.4729654e+07   4.2370605e+01
   1.4729677e+07   3.5943604e+01
   1.4729756e+07   3.5943604e+01
   1.4729840e+07   3.7847900e+01
   1.4729855e+07   3.5943604e+01
   1.4729934e+07   3.6657715e+01
   1.4730147e+07   3.7371826e+01
   1.4747998e+07   3.5705566e+01
   1.4748081e+07   3.8085938e+01
   1.4748242e+07   3.5705566e+01
   1.4748308e+07   3.6419678e+01
   1.4876282e+07   3.7371826e+01
   1.4914315e+07   3.5705566e+01
   1.4914576e+07   3.7609863e+01
   1.4985448e+07   4.8797607e+01
   1.4985521e+07   3.9038086e+01
   1.4985551e+07   4.2608643e+01
   1.4985565e+07   4.0704346e+01
   1.4985606e+07   4.0704346e+01
   1.4985673e+07   5.0225830e+01
   1.4985688e+07   3.8800049e+01
   1.4985836e+07   3.6181641e+01
   1.4985966e+07   3.7847900e+01
   1.4986026e+07   3.8085938e+01
   1.4986051e+07   3.8085938e+01
   1.5011973e+07   3.6895752e+01
   1.5012041e+07   3.7609863e+01
   1.5012242e+07   4.4036865e+01
   1.5012267e+07   4.2370605e+01
   1.5012293e+07   3.8562012e+01
   1.5012500e+07   4.4750977e+01
   1.5012652e+07   4.0228271e+01
   1.5013010e+07   3.7133789e+01
   1.5041496e+07   3.7133789e+01
   1.5041548e+07   4.2370605e+01
   1.5041600e+07   5.7366943e+01
   1.5041615e+07   4.6655273e+01
   1.5041646e+07   3.7847900e+01
   1.5041702e+07   3.7371826e+01
   1.5041749e+07   3.6657715e+01
   1.5041779e+07   4.0704346e+01
   1.5041835e+07   3.9990234e+01
   1.5041885e+07   4.0228271e+01
   1.5041949e+07   3.6419678e+01
   1.5127751e+07   3.7133789e+01
   1.5128785e+07   3.7371826e+01
   1.5128863e+07   4.6417236e+01
   1.5129103e+07   3.9038086e+01
   1.5198321e+07   3.6657715e+01
   1.5199463e+07   3.7847900e+01
   1.5268696e+07   3.6657715e+01
   1.5268740e+07   3.8085938e+01
   1.5268756e+07   4.8321533e+01
   1.5268774e+07   3.5705566e+01
   1.5268844e+07   5.3796387e+01
   1.5268882e+07   3.7609863e+01
   1.5269114e+07   4.3084717e+01
   1.5388427e+07   3.8323975e+01
   1.5388449e+07   3.9752197e+01
   1.5388479e+07   4.2132568e+01
   1.5388514e+07   5.0463867e+01
   1.5388541e+07   4.3798828e+01
   1.5388554e+07   4.0466309e+01
   1.5388568e+07   5.1892090e+01
   1.5388645e+07   4.6893311e+01
   1.5388674e+07   4.0704346e+01
   1.5388686e+07   3.7371826e+01
   1.5388722e+07   3.9514160e+01
   1.5388742e+07   4.0228271e+01
   1.5388767e+07   3.7133789e+01
   1.5388929e+07   3.6895752e+01
   1.5388960e+07   3.9038086e+01
   1.5388991e+07   4.2608643e+01
   1.5389012e+07   3.9276123e+01
   1.5389033e+07   3.7133789e+01
   1.5389242e+07   3.7133789e+01
   1.5404218e+07   4.2132568e+01
   1.5404500e+07   3.6895752e+01
   1.5406376e+07   3.6657715e+01
   1.5488408e+07   3.8800049e+01
   1.5525014e+07   3.9752197e+01
   1.5525074e+07   4.2846680e+01
   1.5525184e+07   3.6657715e+01
   1.5525264e+07   3.7847900e+01
   1.5525346e+07   3.6419678e+01
   1.5582473e+07   3.6895752e+01
   1.5582525e+07   4.0466309e+01
   1.5582600e+07   4.5465088e+01
   1.5582774e+07   3.8562012e+01
   1.5582861e+07   3.5705566e+01
   1.5642984e+07   4.0228271e+01
   1.5706506e+07   4.0228271e+01
   1.5706520e+07   4.5227051e+01
   1.5706574e+07   4.6417236e+01
   1.5706605e+07   4.7607422e+01
   1.5706634e+07   3.7609863e+01
   1.5706648e+07   3.7847900e+01
   1.5706680e+07   4.4036865e+01
   1.5706728e+07   5.2844238e+01
   1.5706765e+07   4.2132568e+01
   1.5706776e+07   4.8321533e+01
   1.5706796e+07   4.4512939e+01
   1.5706820e+07   5.1416016e+01
   1.5706845e+07   4.0942383e+01
   1.5706865e+07   4.2370605e+01
   1.5706896e+07   5.2368164e+01
   1.5706920e+07   4.3084717e+01
   1.5706961e+07   3.9038086e+01
   1.5706999e+07   3.7847900e+01
   1.5707063e+07   3.7133789e+01
   1.5707097e+07   3.5943604e+01
   1.5707572e+07   3.8562012e+01
   1.5707734e+07   3.9752197e+01
   1.5707978e+07   3.6657715e+01
   1.5899778e+07   4.2370605e+01
   1.5899807e+07   3.9990234e+01
   1.5899850e+07   5.5224609e+01
   1.5899885e+07   4.4750977e+01
   1.5899907e+07   3.5943604e+01
   1.5899953e+07   4.3798828e+01
   1.5900005e+07   3.7847900e+01
   1.5900025e+07   4.0466309e+01
   1.5900049e+07   4.4274902e+01
   1.5900111e+07   4.3084717e+01
   1.5900130e+07   5.1892090e+01
   1.5900157e+07   3.7847900e+01
   1.5900203e+07   4.1418457e+01
   1.6004338e+07   3.6895752e+01
   1.6004544e+07   3.5943604e+01
   1.6004580e+07   4.2608643e+01
   1.6004614e+07   3.7371826e+01
   1.6004639e+07   4.6893311e+01
   1.6004694e+07   5.6890869e+01
   1.6004814e+07   4.1418457e+01
   1.6023531e+07   3.5705566e+01
   1.6023774e+07   3.7371826e+01
   1.6114776e+07   4.4036865e+01
   1.6115031e+07   3.9276123e+01
   1.6166817e+07   3.5705566e+01
   1.6166851e+07   3.6181641e+01
   1.6166901e+07   4.1180420e+01
   1.6166955e+07   3.8085938e+01
   1.6167091e+07   3.9990234e+01
   1.6398988e+07   4.5465088e+01
   1.6399037e+07   3.9752197e+01
   1.6399158e+07   3.7371826e+01
   1.6417960e+07   3.8085938e+01
   1.6418005e+07   3.6657715e+01
   1.6418038e+07   4.7607422e+01
   1.6418101e+07   5.1654053e+01
   1.6418112e+07   5.1892090e+01
   1.6418181e+07   4.1180420e+01
   1.6418208e+07   4.5941162e+01
   1.6418239e+07   4.0942383e+01
   1.6418260e+07   3.7371826e+01
   1.6418278e+07   6.6650391e+01
   1.6418438e+07   3.5705566e+01
   1.6418450e+07   3.7847900e+01
   1.6418547e+07   3.6419678e+01
   1.6418615e+07   4.0942383e+01
   1.6419217e+07   3.9514160e+01
   1.6700922e+07   4.2132568e+01
   1.6700966e+07   4.6893311e+01
   1.6700989e+07   4.3322754e+01
   1.6701151e+07   3.5705566e+01
   1.6701261e+07   4.0466309e+01
   1.6701273e+07   3.5943604e+01
   1.6701659e+07   3.9752197e+01
   1.6720432e+07   3.5705566e+01
   1.6720504e+07   3.7609863e+01
   1.6720527e+07   3.5705566e+01
   1.6720583e+07   3.7847900e+01
   1.6720648e+07   4.0466309e+01
   1.6720694e+07   4.5703125e+01
   1.6720714e+07   4.6417236e+01
   1.6720756e+07   4.1418457e+01
   1.6720928e+07   3.6895752e+01
   1.6721291e+07   3.6657715e+01
   1.6803094e+07   3.9038086e+01
   1.6841682e+07   3.8085938e+01
   1.6901030e+07   3.5943604e+01
   1.6901109e+07   4.4989014e+01
   1.6901146e+07   3.7847900e+01
   1.6901180e+07   3.6657715e+01
   1.6901190e+07   3.6181641e+01
   1.6901220e+07   4.0704346e+01
   1.6901276e+07   3.8562012e+01
   1.6901315e+07   5.4510498e+01
   1.6901326e+07   3.8562012e+01
   1.6901393e+07   3.7371826e+01
   1.6901439e+07   3.6419678e+01
   1.6901465e+07   3.7847900e+01
   1.6901487e+07   5.0225830e+01
   1.6901539e+07   3.9990234e+01
   1.6901559e+07   5.5462646e+01
   1.6901581e+07   4.7607422e+01
   1.6901635e+07   3.6419678e+01
   1.6901654e+07   3.6657715e+01
   1.7021511e+07   3.8562012e+01
   1.7021605e+07   3.6181641e+01
   1.7021735e+07   3.8085938e+01
   1.7021757e+07   3.8800049e+01
   1.7042805e+07   3.5943604e+01
   1.7117602e+07   3.6895752e+01
   1.7181314e+07   4.0704346e+01
   1.7262675e+07   3.5705566e+01
   1.7262810e+07   4.0942383e+01
   1.7263023e+07   3.6895752e+01
   1.7263109e+07   4.7369385e+01
   1.7362291e+07   3.9752197e+01
   1.7362354e+07   4.9511719e+01
   1.7362364e+07   5.1416016e+01
   1.7362399e+07   3.5943604e+01
   1.7362431e+07   4.1894531e+01
   1.7362441e+07   3.5705566e+01
   1.7362460e+07   5.5224609e+01
   1.7362479e+07   4.8321533e+01
   1.7362499e+07   3.8323975e+01
   1.7362527e+07   4.9511719e+01
   1.7362540e+07   4.9035645e+01
   1.7362586e+07   3.9752197e+01
   1.7362601e+07   5.2130127e+01
   1.7362636e+07   3.8562012e+01
   1.7362651e+07   4.0228271e+01
   1.7362720e+07   4.4036865e+01
   1.7362736e+07   3.6419678e+01
   1.7362752e+07   3.9038086e+01
   1.7362782e+07   4.0466309e+01
   1.7362827e+07   4.2846680e+01
   1.7362839e+07   3.8085938e+01
   1.7362864e+07   4.0466309e+01
   1.7362892e+07   3.5705566e+01
   1.7363137e+07   3.5705566e+01
   1.7363483e+07   3.6657715e+01
   1.7363850e+07   3.5705566e+01
   1.7427681e+07   3.9038086e+01
   1.7428201e+07   3.6895752e+01
   1.7464846e+07   3.6181641e+01
   1.7465154e+07   3.7847900e+01
   1.7465400e+07   3.6657715e+01
   1.7465801e+07   3.7847900e+01
   1.7643419e+07   4.3798828e+01
   1.7643530e+07   3.7371826e+01
   1.7643727e+07   4.2846680e+01
   1.7643822e+07   3.5705566e+01
   1.7775951e+07   3.5705566e+01
   1.7776068e+07   3.6657715e+01
   1.7776158e+07   4.1418457e+01
   1.7776171e+07   4.0228271e+01
   1.7776185e+07   3.8800049e+01
   1.7776264e+07   3.6895752e+01
   1.7776282e+07   3.7847900e+01
   1.7776330e+07   4.0942383e+01
   1.7776358e+07   3.6895752e+01
   1.7776393e+07   3.9038086e+01
   1.7776420e+07   4.0942383e+01
   1.7776543e+07   3.7609863e+01
   1.7776647e+07   3.6895752e+01
   1.7969251e+07   3.5943604e+01
