   1.7999000e+07   0.0000000e+00
   1.5611000e+04   2.9278564e+01
   1.5667000e+04   2.9040527e+01
   1.5874000e+04   2.8802490e+01
   1.5915000e+04   2.8564453e+01
   1.6137000e+04   2.9278564e+01
   7.1191000e+04   4.0466309e+01
   7.1241000e+04   3.2135010e+01
   7.1272000e+04   3.1896973e+01
   7.1308000e+04   2.7374268e+01
   7.1342000e+04   3.2135010e+01
   7.1369000e+04   3.6419678e+01
   7.1445000e+04   2.8088379e+01
   7.1556000e+04   2.8802490e+01
   1.9867600e+05   3.0944824e+01
   1.9906900e+05   3.0230713e+01
   1.9916700e+05   2.7850342e+01
   2.2179600e+05   2.7850342e+01
   2.4030500e+05   2.7850342e+01
   2.4035000e+05   2.9516602e+01
   2.4040200e+05   4.4036865e+01
   2.4046900e+05   4.7131348e+01
   2.4053200e+05   2.8564453e+01
   2.4055500e+05   2.7374268e+01
   2.4061600e+05   2.7850342e+01
   2.5671200e+05   2.7374268e+01
   3.2537300e+05   3.2373047e+01
   3.2558100e+05   2.8802490e+01
   3.2564200e+05   3.0944824e+01
   3.2571200e+05   2.9278564e+01
   3.2577200e+05   2.8088379e+01
   3.9205900e+05   3.4515381e+01
   3.9211100e+05   2.7374268e+01
   3.9223500e+05   3.5943604e+01
   3.9225600e+05   3.5705566e+01
   3.9236200e+05   3.1182861e+01
   3.9239400e+05   3.1420898e+01
   3.9258800e+05   2.7374268e+01
   3.9305100e+05   3.0468750e+01
   5.4737900e+05   2.7374268e+01
   6.0772300e+05   2.9516602e+01
   6.0821100e+05   2.7612305e+01
   6.4431100e+05   2.7850342e+01
   6.4448000e+05   3.5943604e+01
   6.4450000e+05   2.7612305e+01
   6.4454300e+05   3.1658936e+01
   6.4458900e+05   2.7374268e+01
   6.4463600e+05   2.7374268e+01
   6.4468100e+05   3.2373047e+01
   6.4598200e+05   2.9516602e+01
   7.3826100e+05   2.8088379e+01
   7.8614600e+05   2.7374268e+01
   7.8618200e+05   2.8326416e+01
   7.8622300e+05   2.9278564e+01
   7.8625200e+05   3.5229492e+01
   7.8649200e+05   2.9754639e+01
   7.8652800e+05   2.7612305e+01
   7.8656100e+05   2.9516602e+01
   7.8661100e+05   2.7850342e+01
   7.8671800e+05   3.7609863e+01
   8.0417000e+05   2.7612305e+01
   8.0425200e+05   3.0706787e+01
   8.0433100e+05   2.9992676e+01
   8.0440500e+05   2.7850342e+01
   8.0443300e+05   2.7612305e+01
   8.0456800e+05   3.6419678e+01
   8.0460600e+05   2.7850342e+01
   9.2522600e+05   2.8088379e+01
   9.5003000e+05   2.9516602e+01
   9.5015500e+05   2.7850342e+01
   9.5061300e+05   3.0468750e+01
   9.7797500e+05   2.7850342e+01
   1.0113280e+06   3.1420898e+01
   1.0114380e+06   3.0706787e+01
   1.0115850e+06   3.5943604e+01
   1.0116670e+06   3.1658936e+01
   1.0116990e+06   3.1420898e+01
   1.0122960e+06   3.0468750e+01
   1.1077600e+06   3.1658936e+01
   1.1078240e+06   3.1420898e+01
   1.1078950e+06   2.8088379e+01
   1.1079340e+06   2.9516602e+01
   1.1079990e+06   2.9754639e+01
   1.1081590e+06   2.9754639e+01
   1.1081690e+06   2.8326416e+01
   1.1082300e+06   3.0944824e+01
   1.1733900e+06   2.7612305e+01
   1.1736210e+06   3.1896973e+01
   1.1736410e+06   3.6657715e+01
   1.1736600e+06   3.1182861e+01
   1.2802590e+06   2.9992676e+01
   1.2806390e+06   2.8564453e+01
   1.2806680e+06   2.9040527e+01
   1.3039180e+06   2.9992676e+01
   1.3039330e+06   3.5229492e+01
   1.3041940e+06   3.9276123e+01
   1.3042630e+06   3.1896973e+01
   1.3043870e+06   3.0468750e+01
   1.3044100e+06   2.7612305e+01
   1.3044780e+06   2.9992676e+01
   1.3045000e+06   3.1896973e+01
   1.3046590e+06   3.0944824e+01
   1.3555860e+06   2.7612305e+01
   1.3556580e+06   2.7612305e+01
   1.3557300e+06   3.0468750e+01
   1.3877000e+06   2.9040527e+01
   1.3879750e+06   2.7374268e+01
   1.3882000e+06   3.2611084e+01
   1.3882360e+06   4.2846680e+01
   1.3882580e+06   3.1182861e+01
   1.4505810e+06   2.9040527e+01
   1.4525580e+06   2.9992676e+01
   1.4866000e+06   2.9992676e+01
   1.5209720e+06   2.9040527e+01
   1.5210170e+06   2.9754639e+01
   1.5210390e+06   2.9754639e+01
   1.5212010e+06   3.4515381e+01
   1.6232870e+06   3.0944824e+01
   1.6492220e+06   3.0468750e+01
   1.6506620e+06   2.8088379e+01
   1.6507810e+06   2.9754639e+01
   1.6508160e+06   3.0944824e+01
   1.6508560e+06   2.8802490e+01
   1.6509470e+06   3.2611084e+01
   1.6510170e+06   2.9754639e+01
   1.6510410e+06   3.1658936e+01
   1.7492690e+06   2.9278564e+01
   1.7496100e+06   2.8564453e+01
   1.7788590e+06   3.0706787e+01
   1.7789930e+06   3.1182861e+01
   1.7790440e+06   2.9040527e+01
   1.7790860e+06   2.7374268e+01
   1.7791060e+06   2.7374268e+01
   1.7791490e+06   2.7374268e+01
   1.7791940e+06   3.4991455e+01
   1.8510750e+06   2.8326416e+01
   1.8512500e+06   2.7850342e+01
   1.8865150e+06   2.7850342e+01
   1.8867500e+06   2.9278564e+01
   1.8869090e+06   2.9278564e+01
   1.8870190e+06   3.1420898e+01
   1.8871840e+06   2.8326416e+01
   1.8872360e+06   3.1896973e+01
   1.9942900e+06   3.3801270e+01
   1.9945020e+06   2.8326416e+01
   1.9945350e+06   2.9040527e+01
   1.9945830e+06   2.9278564e+01
   1.9948170e+06   3.1182861e+01
   2.0158300e+06   3.1182861e+01
   2.0496500e+06   2.7374268e+01
   2.1392260e+06   2.8326416e+01
   2.1620470e+06   2.8802490e+01
   2.1620950e+06   2.9040527e+01
   2.1622420e+06   2.8802490e+01
   2.1624030e+06   2.8326416e+01
   2.1624860e+06   3.4277344e+01
   2.1625300e+06   3.2849121e+01
   2.1625860e+06   2.9754639e+01
   2.1628970e+06   3.1182861e+01
   2.2638730e+06   2.7850342e+01
   2.2795080e+06   2.8088379e+01
   2.2796160e+06   2.8564453e+01
   2.2798140e+06   2.8088379e+01
   2.2934930e+06   2.8802490e+01
   2.2939650e+06   3.0468750e+01
   2.3844840e+06   3.3325195e+01
   2.3847370e+06   2.9516602e+01
   2.3847530e+06   2.8802490e+01
   2.3850750e+06   2.9278564e+01
   2.4106390e+06   2.9992676e+01
   2.4108110e+06   3.2849121e+01
   2.4108580e+06   3.6895752e+01
   2.4109030e+06   3.0468750e+01
   2.4109520e+06   2.7374268e+01
   2.4109740e+06   3.5467529e+01
   2.4110180e+06   3.2849121e+01
   2.5233030e+06   2.7374268e+01
   2.5430820e+06   2.9992676e+01
   2.5616420e+06   2.7374268e+01
   2.5616750e+06   3.0230713e+01
   2.5617150e+06   3.1896973e+01
   2.5617480e+06   2.7374268e+01
   2.5617710e+06   2.7850342e+01
   2.5618220e+06   3.4753418e+01
   2.5618460e+06   3.3563232e+01
   2.5618650e+06   2.8326416e+01
   2.5619130e+06   3.1896973e+01
   2.5619390e+06   3.0944824e+01
   2.5619840e+06   3.9990234e+01
   2.6379100e+06   2.9040527e+01
   2.6381450e+06   2.8802490e+01
   2.6381930e+06   3.2373047e+01
   2.6382450e+06   2.8088379e+01
   2.6382730e+06   3.2135010e+01
   2.6383330e+06   2.9278564e+01
   2.6387130e+06   2.7850342e+01
   2.6389140e+06   3.4515381e+01
   2.6390370e+06   2.8326416e+01
   2.7395230e+06   2.7374268e+01
   2.7614000e+06   3.1182861e+01
   2.7615620e+06   2.7850342e+01
   2.7954480e+06   2.8088379e+01
   2.7956710e+06   3.0706787e+01
   2.7957120e+06   2.7374268e+01
   2.8920450e+06   2.8088379e+01
   2.8921350e+06   2.8564453e+01
   2.8922480e+06   2.9516602e+01
   2.8923410e+06   3.0468750e+01
   2.8925180e+06   3.3087158e+01
   2.8926050e+06   2.7374268e+01
   2.8927500e+06   2.7374268e+01
   2.9752910e+06   4.1418457e+01
   3.0217190e+06   2.8088379e+01
   3.0218980e+06   2.9278564e+01
   3.0220390e+06   3.0468750e+01
   3.0381060e+06   2.7850342e+01
   3.0854160e+06   2.7850342e+01
   3.0854740e+06   2.8088379e+01
   3.0855090e+06   3.5943604e+01
   3.0856830e+06   3.2373047e+01
   3.1394200e+06   3.0468750e+01
   3.1399340e+06   2.8564453e+01
   3.1400680e+06   2.8326416e+01
   3.1401630e+06   2.8564453e+01
   3.2018200e+06   2.9040527e+01
   3.2018860e+06   3.3087158e+01
   3.2020280e+06   3.3325195e+01
   3.2020850e+06   3.0468750e+01
   3.2022360e+06   2.9516602e+01
   3.3565840e+06   2.7612305e+01
   3.3566140e+06   3.5229492e+01
   3.3566520e+06   4.6179199e+01
   3.3566960e+06   3.1420898e+01
   3.3567200e+06   3.4753418e+01
   3.3567560e+06   2.8326416e+01
   3.3568010e+06   3.6895752e+01
   3.3568490e+06   3.4753418e+01
   3.3574150e+06   2.8088379e+01
   3.3586420e+06   2.7374268e+01
   3.4637960e+06   3.3563232e+01
   3.4638320e+06   3.3325195e+01
   3.4948320e+06   2.7374268e+01
   3.4949510e+06   3.1182861e+01
   3.4949980e+06   2.9754639e+01
   3.4951230e+06   2.8088379e+01
   3.4951900e+06   2.7612305e+01
   3.4952520e+06   2.8088379e+01
   3.4953210e+06   2.7374268e+01
   3.4953470e+06   3.1420898e+01
   3.4954160e+06   3.1658936e+01
   3.5843870e+06   2.8088379e+01
   3.5844290e+06   3.2849121e+01
   3.5845320e+06   2.9040527e+01
   3.5847420e+06   2.8802490e+01
   3.6273100e+06   2.9516602e+01
   3.6274240e+06   2.9516602e+01
   3.6762250e+06   2.9278564e+01
   3.6764210e+06   3.2373047e+01
   3.6964250e+06   3.4039307e+01
   3.7163780e+06   3.1896973e+01
   3.7164110e+06   3.3087158e+01
   3.7164480e+06   4.5941162e+01
   3.7165540e+06   3.9038086e+01
   3.7165710e+06   2.7850342e+01
   3.7165920e+06   2.9516602e+01
   3.7166100e+06   3.6895752e+01
   3.7166410e+06   3.3563232e+01
   3.7166670e+06   2.8088379e+01
   3.8462760e+06   2.8088379e+01
   3.8463670e+06   2.7374268e+01
   3.8464270e+06   2.7850342e+01
   3.8464780e+06   3.4991455e+01
   3.8465580e+06   3.6895752e+01
   3.8466260e+06   3.1896973e+01
   3.9725630e+06   3.3087158e+01
   3.9725770e+06   2.8802490e+01
   3.9726210e+06   2.9754639e+01
   3.9726690e+06   2.8802490e+01
   3.9727400e+06   4.9511719e+01
   3.9727570e+06   3.1896973e+01
   3.9727920e+06   3.4277344e+01
   3.9728540e+06   2.7850342e+01
   4.1286870e+06   2.7850342e+01
   4.1658510e+06   3.0230713e+01
   4.1660680e+06   3.7847900e+01
   4.1661400e+06   3.5229492e+01
   4.1661990e+06   3.7371826e+01
   4.1662170e+06   2.8088379e+01
   4.1671050e+06   2.8088379e+01
   4.2630320e+06   2.7612305e+01
   4.2630850e+06   3.3087158e+01
   4.2631110e+06   3.0230713e+01
   4.2631420e+06   3.3563232e+01
   4.2633790e+06   3.7371826e+01
   4.3052900e+06   2.9992676e+01
   4.3053780e+06   3.0230713e+01
   4.3054350e+06   2.9992676e+01
   4.3055070e+06   3.5467529e+01
   4.3055580e+06   2.8564453e+01
   4.3056030e+06   3.0230713e+01
   4.3056500e+06   3.2611084e+01
   4.3059760e+06   2.8326416e+01
   4.3074190e+06   2.7612305e+01
   4.3908800e+06   3.0230713e+01
   4.3910320e+06   3.6657715e+01
   4.4460600e+06   3.0944824e+01
   4.4461050e+06   3.2135010e+01
   4.4462380e+06   3.3087158e+01
   4.4462560e+06   3.0706787e+01
   4.4470610e+06   2.7374268e+01
   4.5157770e+06   2.9278564e+01
   4.5559520e+06   2.8088379e+01
   4.5560420e+06   2.9040527e+01
   4.5561510e+06   2.8802490e+01
   4.5561840e+06   2.9040527e+01
   4.5562090e+06   2.7374268e+01
   4.5562450e+06   3.5467529e+01
   4.5578130e+06   2.7374268e+01
   4.6153540e+06   2.8564453e+01
   4.6154080e+06   2.9040527e+01
   4.6154570e+06   3.6895752e+01
   4.6156830e+06   2.8326416e+01
   4.6157290e+06   3.1896973e+01
   4.6157450e+06   3.6895752e+01
   4.6858340e+06   3.0230713e+01
   4.7204370e+06   3.6657715e+01
   4.7205030e+06   3.4039307e+01
   4.7206900e+06   2.8088379e+01
   4.7840450e+06   2.7374268e+01
   4.7842800e+06   2.8802490e+01
   4.7843120e+06   2.9278564e+01
   4.7843670e+06   2.7612305e+01
   4.7844200e+06   3.1182861e+01
   4.7845480e+06   3.3087158e+01
   4.7846150e+06   2.9992676e+01
   4.8411460e+06   2.7612305e+01
   4.8413370e+06   2.9040527e+01
   4.8842660e+06   2.7612305e+01
   4.8844420e+06   3.0230713e+01
   4.8849010e+06   2.8088379e+01
   4.9268200e+06   2.9992676e+01
   4.9659690e+06   2.9278564e+01
   4.9960560e+06   3.0230713e+01
   4.9961290e+06   3.0706787e+01
   4.9962880e+06   3.2849121e+01
   5.0189950e+06   3.1896973e+01
   5.0514520e+06   3.4515381e+01
   5.0515130e+06   3.2135010e+01
   5.0516280e+06   2.8564453e+01
   5.0517930e+06   2.9278564e+01
   5.0518780e+06   2.8564453e+01
   5.0519220e+06   2.9754639e+01
   5.0521220e+06   2.8326416e+01
   5.1188970e+06   2.8088379e+01
   5.1189910e+06   2.8088379e+01
   5.1534910e+06   3.0706787e+01
   5.1535510e+06   3.2135010e+01
   5.1535850e+06   3.0706787e+01
   5.1537900e+06   4.0466309e+01
   5.1538960e+06   3.2373047e+01
   5.1552420e+06   2.8088379e+01
   5.2795100e+06   2.9278564e+01
   5.2795720e+06   2.7612305e+01
   5.2796610e+06   2.8564453e+01
   5.2916840e+06   2.8326416e+01
   5.2918070e+06   2.7850342e+01
   5.2918990e+06   3.6181641e+01
   5.3140390e+06   2.8802490e+01
   5.3140820e+06   2.8564453e+01
   5.3287740e+06   2.9516602e+01
   5.3412220e+06   2.7850342e+01
   5.3415820e+06   2.9278564e+01
   5.3416440e+06   2.7374268e+01
   5.3553770e+06   2.9992676e+01
   5.3690510e+06   3.3087158e+01
   5.3692770e+06   3.2611084e+01
   5.3818930e+06   2.8564453e+01
   5.3819590e+06   3.2135010e+01
   5.3819980e+06   3.2611084e+01
   5.3820680e+06   2.9516602e+01
   5.3822050e+06   3.3325195e+01
   5.3822560e+06   2.7374268e+01
   5.3822830e+06   2.9516602e+01
   5.4366090e+06   3.2373047e+01
   5.4366340e+06   2.9040527e+01
   5.4725010e+06   3.4753418e+01
   5.4725600e+06   2.9278564e+01
   5.4726530e+06   2.9040527e+01
   5.4727360e+06   4.3798828e+01
   5.5621020e+06   2.9754639e+01
   5.5621990e+06   2.8326416e+01
   5.5622650e+06   2.8088379e+01
   5.6380740e+06   2.8088379e+01
   5.6490470e+06   2.7374268e+01
   5.6513410e+06   3.0230713e+01
   5.6514190e+06   3.2373047e+01
   5.6514470e+06   3.5705566e+01
   5.7663320e+06   2.8802490e+01
   5.7785210e+06   2.8564453e+01
   5.7785800e+06   2.9992676e+01
   5.7786260e+06   4.1418457e+01
   5.7786680e+06   2.8564453e+01
   5.7787020e+06   3.5229492e+01
   5.7789110e+06   2.9040527e+01
   5.8822700e+06   2.9754639e+01
   5.9026140e+06   3.4753418e+01
   5.9379780e+06   3.2849121e+01
   5.9381310e+06   2.9754639e+01
   5.9940320e+06   2.8802490e+01
   5.9940550e+06   3.2849121e+01
   5.9941230e+06   2.7374268e+01
   5.9941960e+06   3.3563232e+01
   5.9946720e+06   2.9278564e+01
   6.1563520e+06   2.9754639e+01
   6.1564650e+06   2.7374268e+01
   6.1565530e+06   2.9516602e+01
   6.1566260e+06   3.0944824e+01
   6.1566430e+06   2.7612305e+01
   6.1567040e+06   2.7612305e+01
   6.1567280e+06   2.8326416e+01
   6.1567590e+06   2.7612305e+01
   6.1568000e+06   2.9040527e+01
   6.1569100e+06   3.0944824e+01
   6.1569520e+06   2.9278564e+01
   6.1961830e+06   2.7850342e+01
   6.1963390e+06   3.1420898e+01
   6.1963790e+06   2.8564453e+01
   6.4445680e+06   3.6895752e+01
   6.4446570e+06   3.2135010e+01
   6.4447210e+06   3.5705566e+01
   6.4447420e+06   3.2849121e+01
   6.4447990e+06   3.1896973e+01
   6.4448530e+06   2.9040527e+01
   6.4453550e+06   2.7612305e+01
   6.6490630e+06   2.8088379e+01
   6.7345340e+06   3.0230713e+01
   6.7346720e+06   2.9754639e+01
   6.7357790e+06   2.8326416e+01
   6.7358330e+06   3.0230713e+01
   6.7358590e+06   3.5229492e+01
   6.7360360e+06   3.3801270e+01
   6.7633270e+06   2.7612305e+01
   6.8258020e+06   2.8326416e+01
   6.8258610e+06   3.3325195e+01
   6.8258740e+06   2.7850342e+01
   6.8259000e+06   3.5943604e+01
   6.8259930e+06   2.9992676e+01
   6.8260330e+06   3.2135010e+01
   6.8260690e+06   3.3087158e+01
   6.8263880e+06   2.8326416e+01
   6.9450840e+06   2.7850342e+01
   6.9463280e+06   2.8088379e+01
   6.9465490e+06   3.7371826e+01
   6.9466150e+06   2.9040527e+01
   6.9696020e+06   3.2373047e+01
   7.0043620e+06   3.2135010e+01
   7.0044050e+06   3.9514160e+01
   7.0044560e+06   3.2611084e+01
   7.0045030e+06   3.0230713e+01
   7.0045310e+06   3.3563232e+01
   7.0045600e+06   3.0468750e+01
   7.0045920e+06   2.9992676e+01
   7.0046150e+06   3.2849121e+01
   7.0046520e+06   2.8564453e+01
   7.0056630e+06   2.9992676e+01
   7.1125980e+06   3.0944824e+01
   7.1263590e+06   2.7374268e+01
   7.1264210e+06   2.7612305e+01
   7.1264360e+06   3.1658936e+01
   7.1264770e+06   3.4039307e+01
   7.1265350e+06   3.4039307e+01
   7.1266070e+06   3.4753418e+01
   7.1266420e+06   2.9040527e+01
   7.1266810e+06   2.7850342e+01
   7.1267410e+06   2.7850342e+01
   7.1268440e+06   2.8088379e+01
   7.1271700e+06   2.9754639e+01
   7.1275940e+06   2.7850342e+01
   7.1822900e+06   2.9040527e+01
   7.2208020e+06   3.0230713e+01
   7.2208320e+06   3.2611084e+01
   7.2208730e+06   3.2135010e+01
   7.2208870e+06   2.8088379e+01
   7.2209060e+06   2.9516602e+01
   7.2209680e+06   3.3087158e+01
   7.2210040e+06   4.0466309e+01
   7.2210900e+06   3.0944824e+01
   7.2211170e+06   2.8088379e+01
   7.3352880e+06   2.7374268e+01
   7.3563920e+06   3.2611084e+01
   7.3564580e+06   3.0230713e+01
   7.3565360e+06   3.6419678e+01
   7.3934970e+06   2.8564453e+01
   7.3936670e+06   2.7374268e+01
   7.4106480e+06   2.9754639e+01
   7.4512070e+06   2.9040527e+01
   7.4525620e+06   2.9754639e+01
   7.4526250e+06   3.9038086e+01
   7.4527020e+06   3.2135010e+01
   7.4527470e+06   3.0706787e+01
   7.4528160e+06   2.8802490e+01
   7.4534630e+06   2.8326416e+01
   7.5439580e+06   3.0944824e+01
   7.5700460e+06   2.9754639e+01
   7.5701120e+06   2.8802490e+01
   7.5701560e+06   2.8802490e+01
   7.5702680e+06   2.9516602e+01
   7.5703930e+06   2.7850342e+01
   7.5708130e+06   2.9992676e+01
   7.6033740e+06   2.7374268e+01
   7.6163260e+06   2.9992676e+01
   7.6891450e+06   4.7845459e+01
   7.6892240e+06   2.9278564e+01
   7.6892350e+06   3.1896973e+01
   7.6893100e+06   3.3563232e+01
   7.6893560e+06   3.3325195e+01
   7.6903090e+06   2.9992676e+01
   7.8321320e+06   2.9754639e+01
   7.8322210e+06   3.2373047e+01
   7.8323000e+06   3.3087158e+01
   7.8323840e+06   2.7612305e+01
   7.8631090e+06   3.1420898e+01
   7.8635190e+06   2.9516602e+01
   7.8636090e+06   3.2135010e+01
   7.9630840e+06   3.3801270e+01
   7.9630970e+06   3.3801270e+01
   7.9631880e+06   3.1658936e+01
   7.9925700e+06   2.9754639e+01
   8.1058800e+06   3.6895752e+01
   8.1060210e+06   3.0468750e+01
   8.1061290e+06   2.9516602e+01
   8.1061820e+06   2.8326416e+01
   8.2112740e+06   2.9516602e+01
   8.2112950e+06   2.7374268e+01
   8.2114700e+06   3.0706787e+01
   8.2873170e+06   2.8326416e+01
   8.3590950e+06   3.1658936e+01
   8.3592810e+06   3.0468750e+01
   8.3900950e+06   2.7850342e+01
   8.3901740e+06   2.9040527e+01
   8.3902510e+06   3.1896973e+01
   8.3903020e+06   3.0706787e+01
   8.3904210e+06   2.9278564e+01
   8.5053730e+06   3.3801270e+01
   8.5557730e+06   2.8088379e+01
   8.5558600e+06   3.5229492e+01
   8.6059690e+06   2.9754639e+01
   8.6607740e+06   2.8564453e+01
   8.6609180e+06   2.9516602e+01
   8.6908060e+06   2.8088379e+01
   8.7111860e+06   2.7374268e+01
   8.7112080e+06   2.7850342e+01
   8.7112270e+06   2.9278564e+01
   8.7112910e+06   4.2132568e+01
   8.7113570e+06   3.2135010e+01
   8.7114130e+06   3.7847900e+01
   8.7122880e+06   2.9278564e+01
   8.8353220e+06   2.8564453e+01
   8.9711370e+06   2.9516602e+01
   8.9731010e+06   3.0944824e+01
   8.9732200e+06   3.3325195e+01
   8.9733350e+06   3.2373047e+01
   8.9733600e+06   3.0706787e+01
   8.9734100e+06   3.3325195e+01
   8.9734880e+06   2.8088379e+01
   9.0276880e+06   2.8802490e+01
   9.0277960e+06   2.7612305e+01
   9.0278410e+06   3.3563232e+01
   9.0846640e+06   2.7850342e+01
   9.1066670e+06   2.7850342e+01
   9.1067310e+06   2.9040527e+01
   9.1068710e+06   3.0230713e+01
   9.1069630e+06   2.8088379e+01
   9.1069920e+06   3.1896973e+01
   9.2268220e+06   2.8326416e+01
   9.2630730e+06   2.8564453e+01
   9.2881320e+06   3.4753418e+01
   9.3320850e+06   3.4039307e+01
   9.3321930e+06   3.2849121e+01
   9.3322580e+06   3.0468750e+01
   9.3323530e+06   3.4991455e+01
   9.3324100e+06   2.8564453e+01
   9.3324900e+06   2.9992676e+01
   9.5454330e+06   3.2611084e+01
   9.5454650e+06   2.8802490e+01
   9.5457450e+06   2.8564453e+01
   9.6124240e+06   2.7374268e+01
   9.6815620e+06   2.8326416e+01
   9.6818240e+06   4.3322754e+01
   9.6819120e+06   2.9516602e+01
   9.6819370e+06   3.0468750e+01
   9.6820090e+06   3.2611084e+01
   9.6821010e+06   2.8802490e+01
   9.8139470e+06   3.1658936e+01
   9.8140410e+06   3.2135010e+01
   9.8142220e+06   2.7850342e+01
   9.8975410e+06   2.8802490e+01
   9.8978890e+06   2.7612305e+01
   9.9688650e+06   2.8088379e+01
   9.9689050e+06   2.8088379e+01
   9.9689560e+06   3.1182861e+01
   9.9689760e+06   2.8088379e+01
   9.9690140e+06   3.1182861e+01
   9.9691900e+06   4.7369385e+01
   9.9693040e+06   2.9040527e+01
   9.9694190e+06   3.2849121e+01
   9.9697270e+06   2.8088379e+01
   9.9703390e+06   2.7612305e+01
   1.0058779e+07   3.0230713e+01
   1.0058849e+07   3.2849121e+01
   1.0096107e+07   2.9754639e+01
   1.0096140e+07   2.8088379e+01
   1.0096154e+07   3.0944824e+01
   1.0096193e+07   3.0468750e+01
   1.0096245e+07   2.8088379e+01
   1.0096320e+07   3.4991455e+01
   1.0097606e+07   2.7850342e+01
   1.0097803e+07   2.7374268e+01
   1.0274237e+07   3.1420898e+01
   1.0385757e+07   2.9278564e+01
   1.0385993e+07   3.0230713e+01
   1.0386010e+07   3.4753418e+01
   1.0386050e+07   3.2135010e+01
   1.0386086e+07   3.6657715e+01
   1.0464666e+07   2.7612305e+01
   1.0464682e+07   2.9516602e+01
   1.0560462e+07   3.4991455e+01
   1.0560482e+07   2.7612305e+01
   1.0616543e+07   2.9278564e+01
   1.0616845e+07   2.9040527e+01
   1.0668342e+07   2.9278564e+01
   1.0773892e+07   2.9516602e+01
   1.0773935e+07   2.8802490e+01
   1.0803523e+07   3.1182861e+01
   1.0803575e+07   3.3087158e+01
   1.0803629e+07   2.9278564e+01
   1.0803649e+07   2.9754639e+01
   1.0803740e+07   3.1182861e+01
   1.0803760e+07   2.9278564e+01
   1.0803861e+07   3.3087158e+01
   1.0804343e+07   2.9754639e+01
   1.0804917e+07   2.9516602e+01
   1.0902356e+07   3.0468750e+01
   1.1042885e+07   2.8564453e+01
   1.1042915e+07   3.2849121e+01
   1.1043020e+07   2.8088379e+01
   1.1043066e+07   3.1182861e+01
   1.1043093e+07   2.7374268e+01
   1.1043131e+07   2.8088379e+01
   1.1043801e+07   2.7374268e+01
   1.1044893e+07   3.0706787e+01
   1.1295992e+07   3.0944824e+01
   1.1310878e+07   2.7612305e+01
   1.1310937e+07   3.3087158e+01
   1.1310947e+07   4.0466309e+01
   1.1311096e+07   2.9040527e+01
   1.1311151e+07   2.7374268e+01
   1.1311246e+07   2.7612305e+01
   1.1311287e+07   3.0230713e+01
   1.1450148e+07   2.8564453e+01
   1.1485303e+07   2.9754639e+01
   1.1485452e+07   3.3325195e+01
   1.1501905e+07   3.6895752e+01
   1.1501961e+07   2.7612305e+01
   1.1501978e+07   2.9754639e+01
   1.1502128e+07   3.0468750e+01
   1.1502228e+07   3.4039307e+01
   1.1502328e+07   2.7850342e+01
   1.1503134e+07   3.0468750e+01
   1.1641741e+07   2.9754639e+01
   1.1641829e+07   2.9992676e+01
   1.1641950e+07   3.3563232e+01
   1.1642003e+07   3.6657715e+01
   1.1642048e+07   2.9278564e+01
   1.1642133e+07   2.7612305e+01
   1.1747265e+07   3.1182861e+01
   1.1747358e+07   2.7612305e+01
   1.1747387e+07   3.5229492e+01
   1.1747413e+07   3.6657715e+01
   1.1747438e+07   3.7609863e+01
   1.1747515e+07   3.1182861e+01
   1.1747553e+07   3.3325195e+01
   1.1748521e+07   2.7850342e+01
   1.2049207e+07   3.1896973e+01
   1.2049496e+07   2.7850342e+01
   1.2049618e+07   2.7850342e+01
   1.2135064e+07   3.2849121e+01
   1.2135369e+07   3.3087158e+01
   1.2135465e+07   2.8088379e+01
   1.2135548e+07   2.7374268e+01
   1.2279852e+07   3.2373047e+01
   1.2341058e+07   2.9516602e+01
   1.2341101e+07   2.9516602e+01
   1.2341126e+07   3.0944824e+01
   1.2341159e+07   3.3801270e+01
   1.2341173e+07   2.9516602e+01
   1.2341216e+07   2.7850342e+01
   1.2341261e+07   2.8802490e+01
   1.2341271e+07   2.8802490e+01
   1.2341286e+07   2.9278564e+01
   1.2341434e+07   2.8564453e+01
   1.2453921e+07   2.8326416e+01
   1.2472214e+07   3.4039307e+01
   1.2472294e+07   3.5467529e+01
   1.2472308e+07   2.8088379e+01
   1.2472333e+07   3.1182861e+01
   1.2472443e+07   2.9278564e+01
   1.2563191e+07   3.3087158e+01
   1.2579409e+07   2.9516602e+01
   1.2579428e+07   3.3563232e+01
   1.2579572e+07   2.9278564e+01
   1.2579627e+07   3.5943604e+01
   1.2579655e+07   3.2373047e+01
   1.2579702e+07   3.0944824e+01
   1.2675273e+07   2.9992676e+01
   1.2675528e+07   3.6895752e+01
   1.2675763e+07   2.9040527e+01
   1.2675812e+07   2.7850342e+01
   1.2675831e+07   3.9276123e+01
   1.2765970e+07   2.9992676e+01
   1.2766181e+07   3.8562012e+01
   1.2766316e+07   2.8564453e+01
   1.2766375e+07   2.8802490e+01
   1.2766551e+07   2.9040527e+01
   1.2815212e+07   3.2849121e+01
   1.2846327e+07   2.7374268e+01
   1.2846353e+07   3.5467529e+01
   1.2846414e+07   2.7612305e+01
   1.2846461e+07   2.7612305e+01
   1.2867994e+07   2.7850342e+01
   1.2868183e+07   2.7612305e+01
   1.2923635e+07   2.8326416e+01
   1.2923791e+07   2.8564453e+01
   1.2923880e+07   2.7850342e+01
   1.2988981e+07   2.9040527e+01
   1.2989002e+07   4.3560791e+01
   1.2989030e+07   2.7850342e+01
   1.2989054e+07   3.4039307e+01
   1.2989065e+07   3.7371826e+01
   1.2989084e+07   4.1656494e+01
   1.2989184e+07   4.2132568e+01
   1.2989229e+07   2.7374268e+01
   1.2989268e+07   3.0706787e+01
   1.3107709e+07   2.8802490e+01
   1.3107771e+07   2.7850342e+01
   1.3133321e+07   3.1420898e+01
   1.3133590e+07   3.2135010e+01
   1.3181993e+07   3.0944824e+01
   1.3182056e+07   2.7612305e+01
   1.3222785e+07   2.7374268e+01
   1.3222875e+07   2.8326416e+01
   1.3223025e+07   2.9040527e+01
   1.3223058e+07   3.3087158e+01
   1.3340071e+07   2.9754639e+01
   1.3340114e+07   2.9754639e+01
   1.3340257e+07   3.3325195e+01
   1.3340328e+07   2.9992676e+01
   1.3340361e+07   2.8564453e+01
   1.3340396e+07   3.0468750e+01
   1.3340579e+07   3.2611084e+01
   1.3393964e+07   2.8326416e+01
   1.3453669e+07   2.7612305e+01
   1.3453915e+07   2.8088379e+01
   1.3453948e+07   3.1896973e+01
   1.3513312e+07   3.4277344e+01
   1.3613121e+07   2.9516602e+01
   1.3667452e+07   2.8088379e+01
   1.3667483e+07   2.8326416e+01
   1.3721263e+07   2.8088379e+01
   1.3721296e+07   3.0706787e+01
   1.3721354e+07   3.8562012e+01
   1.3721453e+07   3.1420898e+01
   1.3721512e+07   3.0468750e+01
   1.3721558e+07   2.8088379e+01
   1.3721666e+07   3.0706787e+01
   1.3816577e+07   2.8564453e+01
   1.3896844e+07   2.7374268e+01
   1.4065909e+07   2.8802490e+01
   1.4067296e+07   2.9278564e+01
   1.4067463e+07   3.2611084e+01
   1.4067513e+07   2.8802490e+01
   1.4067577e+07   3.3563232e+01
   1.4067650e+07   3.4039307e+01
   1.4067856e+07   2.7850342e+01
   1.4214750e+07   2.9040527e+01
   1.4214919e+07   3.0230713e+01
   1.4214970e+07   2.7374268e+01
   1.4327406e+07   4.0942383e+01
   1.4327436e+07   2.7612305e+01
   1.4327737e+07   3.2611084e+01
   1.4481878e+07   2.9754639e+01
   1.4619174e+07   2.7374268e+01
   1.4619211e+07   3.0230713e+01
   1.4619552e+07   2.7374268e+01
   1.4729055e+07   2.8802490e+01
   1.4729141e+07   2.9278564e+01
   1.4729159e+07   2.8802490e+01
   1.4729231e+07   3.3325195e+01
   1.4729255e+07   2.9992676e+01
   1.4729329e+07   4.0228271e+01
   1.4729346e+07   2.7374268e+01
   1.4729381e+07   2.8802490e+01
   1.4729432e+07   3.4991455e+01
   1.4729456e+07   2.9040527e+01
   1.4730332e+07   2.7850342e+01
   1.4840104e+07   3.1420898e+01
   1.4984854e+07   2.8802490e+01
   1.5011793e+07   3.5467529e+01
   1.5011856e+07   3.9038086e+01
   1.5011924e+07   3.0706787e+01
   1.5011964e+07   3.6181641e+01
   1.5012058e+07   3.1896973e+01
   1.5012683e+07   2.8326416e+01
   1.5102054e+07   3.4277344e+01
   1.5267861e+07   2.8088379e+01
   1.5404037e+07   3.1420898e+01
   1.5404056e+07   2.9992676e+01
   1.5404107e+07   2.7850342e+01
   1.5404230e+07   2.7850342e+01
   1.5404247e+07   2.9992676e+01
   1.5404284e+07   2.7850342e+01
   1.5404326e+07   2.9040527e+01
   1.5404489e+07   2.9754639e+01
   1.5488140e+07   2.9992676e+01
   1.5549027e+07   2.9754639e+01
   1.5582217e+07   3.4753418e+01
   1.5582268e+07   2.8326416e+01
   1.5582314e+07   2.8802490e+01
   1.5582356e+07   3.6419678e+01
   1.5582394e+07   3.3087158e+01
   1.5582562e+07   3.1182861e+01
   1.5705565e+07   2.9278564e+01
   1.5706766e+07   2.9516602e+01
   1.5707001e+07   2.7850342e+01
   1.5707154e+07   2.7374268e+01
   1.5707189e+07   3.3563232e+01
   1.5816033e+07   2.7850342e+01
   1.5898833e+07   2.7374268e+01
   1.6004131e+07   3.4753418e+01
   1.6004220e+07   3.0944824e+01
   1.6004245e+07   3.2611084e+01
   1.6004301e+07   3.5467529e+01
   1.6004462e+07   2.9278564e+01
   1.6004606e+07   2.7850342e+01
   1.6005527e+07   2.9040527e+01
   1.6114399e+07   3.3325195e+01
   1.6114502e+07   2.7612305e+01
   1.6114694e+07   2.7374268e+01
   1.6114864e+07   3.0230713e+01
   1.6166586e+07   2.7374268e+01
   1.6166612e+07   2.7850342e+01
   1.6166732e+07   2.9278564e+01
   1.6166786e+07   3.3563232e+01
   1.6166907e+07   3.1896973e+01
   1.6167541e+07   3.0944824e+01
   1.6398542e+07   2.8326416e+01
   1.6398574e+07   2.9278564e+01
   1.6398621e+07   2.9754639e+01
   1.6398740e+07   3.0706787e+01
   1.6398785e+07   3.7371826e+01
   1.6398845e+07   2.7850342e+01
   1.6398902e+07   3.1896973e+01
   1.6398928e+07   2.9278564e+01
   1.6398956e+07   2.8564453e+01
   1.6538076e+07   2.8326416e+01
   1.6700613e+07   3.2373047e+01
   1.6700728e+07   2.8802490e+01
   1.6701077e+07   2.7374268e+01
   1.6802770e+07   2.9516602e+01
   1.6802909e+07   3.5467529e+01
   1.6900574e+07   3.3325195e+01
   1.6900592e+07   2.9278564e+01
   1.6900696e+07   2.9516602e+01
   1.6901368e+07   2.9516602e+01
   1.7021078e+07   2.9992676e+01
   1.7021113e+07   2.8564453e+01
   1.7021282e+07   2.7850342e+01
   1.7021324e+07   3.4753418e+01
   1.7021356e+07   3.2135010e+01
   1.7021417e+07   2.9516602e+01
   1.7021501e+07   2.8326416e+01
   1.7021598e+07   2.8088379e+01
   1.7140307e+07   3.1182861e+01
   1.7140352e+07   3.0468750e+01
   1.7258467e+07   3.3801270e+01
   1.7361679e+07   2.8564453e+01
   1.7427301e+07   3.0230713e+01
   1.7427381e+07   2.8802490e+01
   1.7427469e+07   3.0468750e+01
   1.7427582e+07   3.1182861e+01
   1.7427858e+07   2.9278564e+01
   1.7464516e+07   2.9754639e+01
   1.7464612e+07   2.9516602e+01
   1.7464627e+07   2.8326416e+01
   1.7464773e+07   3.6419678e+01
   1.7464852e+07   2.7612305e+01
   1.7464976e+07   3.1420898e+01
   1.7519627e+07   2.9040527e+01
   1.7558131e+07   3.1658936e+01
   1.7558163e+07   2.7850342e+01
   1.7642886e+07   3.0706787e+01
   1.7643061e+07   3.2611084e+01
   1.7643116e+07   3.1182861e+01
   1.7643176e+07   3.4277344e+01
   1.7643207e+07   3.1658936e+01
   1.7643229e+07   2.9754639e+01
   1.7643361e+07   2.8564453e+01
   1.7643414e+07   3.0706787e+01
   1.7739329e+07   2.8088379e+01
   1.7775810e+07   3.3801270e+01
   1.7775852e+07   4.2608643e+01
   1.7775916e+07   3.0230713e+01
   1.7775970e+07   4.6179199e+01
   1.7776063e+07   2.7850342e+01
