   1.7999000e+07   0.0000000e+00
   1.5635000e+04   2.8326416e+01
   1.5673000e+04   3.1896973e+01
   1.5718000e+04   8.1884766e+01
   1.5789000e+04   8.3789062e+01
   1.5859000e+04   4.2132568e+01
   1.6008000e+04   2.8088379e+01
   1.6022000e+04   3.0706787e+01
   5.2354000e+04   7.9980469e+01
   5.2470000e+04   2.9754639e+01
   5.2480000e+04   2.8564453e+01
   5.2518000e+04   2.8088379e+01
   5.2559000e+04   5.6176758e+01
   5.2792000e+04   2.8088379e+01
   5.3637000e+04   5.3558350e+01
   5.3949000e+04   4.9987793e+01
   7.1094000e+04   3.4277344e+01
   7.1126000e+04   3.1182861e+01
   7.1227000e+04   8.3074951e+01
   7.1292000e+04   6.8792725e+01
   7.1348000e+04   4.4036865e+01
   7.1374000e+04   2.9040527e+01
   7.1392000e+04   3.4753418e+01
   7.1494000e+04   2.9516602e+01
   7.2953000e+04   4.7845459e+01
   7.3890000e+04   4.4512939e+01
   1.5875900e+05   8.9501953e+01
   1.5891300e+05   6.5936279e+01
   1.5948500e+05   8.6883545e+01
   1.5960500e+05   5.1892090e+01
   1.5963800e+05   2.9278564e+01
   1.5970200e+05   4.7369385e+01
   1.9870400e+05   8.8549805e+01
   1.9879300e+05   7.1411133e+01
   1.9888000e+05   3.9990234e+01
   1.9944200e+05   3.0468750e+01
   2.2146900e+05   2.7850342e+01
   2.2155100e+05   8.9978027e+01
   2.2160600e+05   2.9992676e+01
   2.2165900e+05   6.9982910e+01
   2.2170200e+05   3.1896973e+01
   2.2174500e+05   3.9276123e+01
   2.2177600e+05   2.8802490e+01
   2.3998700e+05   3.0230713e+01
   2.4009900e+05   9.0454102e+01
   2.4021300e+05   8.0218506e+01
   2.4023500e+05   2.8088379e+01
   2.4027800e+05   4.2846680e+01
   2.4035300e+05   3.3087158e+01
   2.4052300e+05   3.1658936e+01
   2.4081300e+05   3.0468750e+01
   2.4106800e+05   2.8564453e+01
   2.4136400e+05   3.7371826e+01
   2.4188200e+05   4.0704346e+01
   2.5653600e+05   9.3072510e+01
   2.5660400e+05   2.8802490e+01
   2.5663000e+05   3.7847900e+01
   2.5666900e+05   7.8076172e+01
   2.5675500e+05   2.8802490e+01
   2.5676500e+05   3.3563232e+01
   2.5687900e+05   2.7850342e+01
   2.5694900e+05   2.9516602e+01
   3.2516500e+05   3.2849121e+01
   3.2520400e+05   8.4741211e+01
   3.2530100e+05   6.3555908e+01
   3.2531700e+05   3.6419678e+01
   3.2536600e+05   3.5943604e+01
   3.2537800e+05   2.8564453e+01
   3.2542700e+05   3.2373047e+01
   3.2575800e+05   3.0468750e+01
   3.2594400e+05   2.8088379e+01
   3.2702900e+05   3.6657715e+01
   3.9195000e+05   3.4515381e+01
   3.9196700e+05   3.1896973e+01
   3.9201000e+05   2.9278564e+01
   3.9206200e+05   8.5217285e+01
   3.9209900e+05   3.1658936e+01
   3.9212900e+05   7.3791504e+01
   3.9214700e+05   3.0944824e+01
   3.9215800e+05   3.1182861e+01
   3.9218100e+05   3.0468750e+01
   3.9221500e+05   2.9278564e+01
   3.9224500e+05   3.2849121e+01
   3.9363700e+05   4.8797607e+01
   3.9392100e+05   4.6655273e+01
   3.9427800e+05   5.1892090e+01
   3.9468800e+05   4.2608643e+01
   5.2225000e+05   8.9025879e+01
   5.2238100e+05   8.5931396e+01
   5.2297000e+05   9.3310547e+01
   5.2304100e+05   5.1892090e+01
   5.2315700e+05   3.2373047e+01
   5.4732000e+05   2.8564453e+01
   5.4753100e+05   8.1646729e+01
   5.4771700e+05   7.2363281e+01
   5.4795100e+05   6.9506836e+01
   6.0806600e+05   8.8787842e+01
   6.0856400e+05   7.8790283e+01
   6.0892700e+05   3.1182861e+01
   6.0918900e+05   7.2363281e+01
   6.0926500e+05   3.1182861e+01
   6.0942500e+05   7.8552246e+01
   6.4428600e+05   3.3087158e+01
   6.4429700e+05   3.0706787e+01
   6.4431700e+05   2.9754639e+01
   6.4435400e+05   2.8326416e+01
   6.4437800e+05   7.9742432e+01
   6.4439100e+05   2.8564453e+01
   6.4442400e+05   2.8564453e+01
   6.4446900e+05   7.4981689e+01
   6.4454500e+05   4.5703125e+01
   6.4463900e+05   3.3087158e+01
   6.4509100e+05   2.9754639e+01
   6.4512100e+05   2.7850342e+01
   6.4515400e+05   2.8326416e+01
   6.4575200e+05   4.5703125e+01
   6.4598400e+05   4.4989014e+01
   7.8620500e+05   2.8326416e+01
   7.8622500e+05   2.8802490e+01
   7.8628100e+05   2.9278564e+01
   7.8638100e+05   8.5217285e+01
   7.8650200e+05   7.6647949e+01
   7.8658400e+05   4.9035645e+01
   7.8673500e+05   5.4510498e+01
   7.8680900e+05   2.8088379e+01
   7.8681900e+05   2.8326416e+01
   7.8693300e+05   7.1649170e+01
   7.8698000e+05   3.1182861e+01
   7.8703700e+05   3.5705566e+01
   7.8772400e+05   4.3560791e+01
   8.0407000e+05   2.9754639e+01
   8.0416100e+05   3.2373047e+01
   8.0427100e+05   2.8802490e+01
   8.0434300e+05   4.3322754e+01
   8.0439400e+05   2.8564453e+01
   8.0441200e+05   6.7126465e+01
   8.0450300e+05   4.7369385e+01
   8.0452300e+05   2.8564453e+01
   8.0454100e+05   2.9278564e+01
   8.0456400e+05   2.8802490e+01
   8.0464000e+05   2.7850342e+01
   8.0530900e+05   3.6419678e+01
   8.0645000e+05   5.6890869e+01
   8.9646800e+05   3.1896973e+01
   8.9650100e+05   3.1896973e+01
   8.9652700e+05   2.8564453e+01
   8.9660700e+05   2.8326416e+01
   8.9668100e+05   9.1168213e+01
   8.9676700e+05   8.7835693e+01
   8.9686000e+05   5.4272461e+01
   8.9695400e+05   2.8088379e+01
   9.2610200e+05   3.0706787e+01
   9.2614100e+05   3.0230713e+01
   9.2620200e+05   8.7835693e+01
   9.2630000e+05   7.5933838e+01
   9.2635300e+05   3.0468750e+01
   9.2639900e+05   4.5465088e+01
   9.5035200e+05   3.0944824e+01
   9.5046800e+05   3.0230713e+01
   9.5055100e+05   8.6883545e+01
   9.5064100e+05   2.8088379e+01
   9.5066000e+05   8.2122803e+01
   9.5074700e+05   4.3322754e+01
   9.5093900e+05   4.8083496e+01
   9.5107600e+05   2.9278564e+01
   9.5164900e+05   2.8088379e+01
   9.5172600e+05   7.4267578e+01
   9.5184200e+05   4.4036865e+01
   9.5204800e+05   5.0225830e+01
   9.7909300e+05   2.8802490e+01
   9.7911300e+05   3.4991455e+01
   9.7915200e+05   3.3087158e+01
   9.7940200e+05   9.3786621e+01
   9.7959300e+05   6.5936279e+01
   9.7980800e+05   6.1413574e+01
   9.8010800e+05   6.1651611e+01
   1.0114560e+06   3.7371826e+01
   1.0115520e+06   3.1420898e+01
   1.0116590e+06   3.3801270e+01
   1.0116960e+06   9.4262695e+01
   1.0118200e+06   3.3325195e+01
   1.0118420e+06   7.8076172e+01
   1.0119060e+06   3.0230713e+01
   1.0120370e+06   7.5219727e+01
   1.0123950e+06   6.9030762e+01
   1.0127080e+06   5.9271240e+01
   1.0129230e+06   5.6652832e+01
   1.1077040e+06   2.9278564e+01
   1.1078750e+06   9.1406250e+01
   1.1080160e+06   7.8790283e+01
   1.1081190e+06   5.7604980e+01
   1.1081440e+06   2.9040527e+01
   1.1082430e+06   3.0230713e+01
   1.1083000e+06   5.6176758e+01
   1.1092040e+06   7.5933838e+01
   1.1733250e+06   3.3563232e+01
   1.1733560e+06   3.4277344e+01
   1.1734080e+06   3.6181641e+01
   1.1734360e+06   9.9975586e+01
   1.1735190e+06   7.9742432e+01
   1.1735850e+06   5.4034424e+01
   1.1736240e+06   3.2611084e+01
   1.1746680e+06   2.8802490e+01
   1.1751500e+06   4.1894531e+01
   1.2807600e+06   8.3312988e+01
   1.2808920e+06   7.8552246e+01
   1.2810580e+06   7.9028320e+01
   1.2812220e+06   5.1416016e+01
   1.2817160e+06   7.0220947e+01
   1.3041190e+06   8.6645508e+01
   1.3042440e+06   6.8792725e+01
   1.3043530e+06   5.9985352e+01
   1.3044980e+06   4.5227051e+01
   1.3047540e+06   5.3558350e+01
   1.3050910e+06   6.2365723e+01
   1.3052330e+06   3.3801270e+01
   1.3557610e+06   2.8802490e+01
   1.3558590e+06   8.3312988e+01
   1.3573190e+06   3.1182861e+01
   1.3573650e+06   8.3312988e+01
   1.3574980e+06   6.1889648e+01
   1.3575940e+06   4.1656494e+01
   1.3576660e+06   2.8088379e+01
   1.3584150e+06   6.9268799e+01
   1.3879420e+06   9.0454102e+01
   1.3879570e+06   3.0468750e+01
   1.3881150e+06   7.4505615e+01
   1.3882250e+06   5.0939941e+01
   1.3882840e+06   2.8564453e+01
   1.3884020e+06   5.5700684e+01
   1.3884210e+06   2.8564453e+01
   1.3893080e+06   2.8564453e+01
   1.3895130e+06   6.6174316e+01
   1.4523940e+06   2.9754639e+01
   1.4525090e+06   3.3087158e+01
   1.4525500e+06   3.1182861e+01
   1.4526120e+06   1.0330811e+02
   1.4526580e+06   2.8564453e+01
   1.4527250e+06   6.8078613e+01
   1.4528040e+06   4.2370605e+01
   1.4528860e+06   2.8326416e+01
   1.4529220e+06   5.2368164e+01
   1.4869940e+06   9.3310547e+01
   1.5207910e+06   3.0944824e+01
   1.5208470e+06   2.9040527e+01
   1.5209500e+06   8.5217285e+01
   1.5210800e+06   8.3789062e+01
   1.5211060e+06   2.8326416e+01
   1.5212150e+06   7.0697021e+01
   1.5214090e+06   2.8564453e+01
   1.5219250e+06   7.5219727e+01
   1.5221690e+06   5.5938721e+01
   1.5226770e+06   6.2127686e+01
   1.6235740e+06   3.2373047e+01
   1.6237740e+06   8.7597656e+01
   1.6245090e+06   2.9516602e+01
   1.6246720e+06   3.0706787e+01
   1.6249060e+06   7.7124023e+01
   1.6251780e+06   7.7124023e+01
   1.6506030e+06   3.0944824e+01
   1.6506310e+06   2.9040527e+01
   1.6506410e+06   2.8326416e+01
   1.6506780e+06   3.4039307e+01
   1.6507010e+06   3.1420898e+01
   1.6507210e+06   2.9278564e+01
   1.6507550e+06   9.6643066e+01
   1.6507760e+06   3.4991455e+01
   1.6508390e+06   6.8316650e+01
   1.6508960e+06   3.3087158e+01
   1.6519130e+06   4.7131348e+01
   1.6524130e+06   4.9749756e+01
   1.7496950e+06   8.9978027e+01
   1.7499800e+06   8.1408691e+01
   1.7786520e+06   2.8326416e+01
   1.7787730e+06   8.9501953e+01
   1.7788790e+06   6.9744873e+01
   1.7789390e+06   3.1658936e+01
   1.7789690e+06   5.9985352e+01
   1.7791250e+06   2.7850342e+01
   1.7791820e+06   2.7850342e+01
   1.7793780e+06   7.2601318e+01
   1.7795300e+06   5.3320313e+01
   1.7796360e+06   2.7850342e+01
   1.7799920e+06   5.8795166e+01
   1.7804250e+06   6.1175537e+01
   1.8512680e+06   3.0944824e+01
   1.8516610e+06   8.4741211e+01
   1.8528950e+06   8.7121582e+01
   1.8530900e+06   8.4741211e+01
   1.8531630e+06   3.3325195e+01
   1.8534770e+06   5.1654053e+01
   1.8868000e+06   2.9516602e+01
   1.8869480e+06   3.6419678e+01
   1.8870940e+06   3.3801270e+01
   1.8871200e+06   9.2834473e+01
   1.8872900e+06   7.8314209e+01
   1.8883540e+06   6.9744873e+01
   1.9947260e+06   9.9023437e+01
   1.9948970e+06   7.9504395e+01
   1.9963220e+06   2.9278564e+01
   1.9964620e+06   8.0932617e+01
   2.0162440e+06   9.3310547e+01
   2.0162790e+06   3.0230713e+01
   2.0172410e+06   2.7850342e+01
   2.0177420e+06   8.3312988e+01
   2.0824310e+06   8.6883545e+01
   2.0825340e+06   8.9501953e+01
   2.0825750e+06   3.0468750e+01
   2.0826180e+06   6.2841797e+01
   2.0827170e+06   2.8088379e+01
   2.0839750e+06   3.1420898e+01
   2.0840250e+06   2.8802490e+01
   2.0842270e+06   2.9040527e+01
   2.0842770e+06   2.8088379e+01
   2.0842940e+06   6.4031982e+01
   2.1410990e+06   3.4753418e+01
   2.1622200e+06   3.1420898e+01
   2.1624730e+06   2.8802490e+01
   2.1630540e+06   3.0230713e+01
   2.1634320e+06   2.8564453e+01
   2.2451810e+06   3.4991455e+01
   2.2452820e+06   7.4029541e+01
   2.2453470e+06   2.8326416e+01
   2.2453840e+06   8.7597656e+01
   2.2454220e+06   2.9040527e+01
   2.2454540e+06   4.0228271e+01
   2.2637430e+06   9.3310547e+01
   2.2639450e+06   6.0461426e+01
   2.2640620e+06   4.7845459e+01
   2.2642540e+06   5.5462646e+01
   2.2804620e+06   8.0932617e+01
   2.2807560e+06   2.9992676e+01
   2.2939520e+06   1.0021362e+02
   2.2943810e+06   2.8326416e+01
   2.3845130e+06   2.9040527e+01
   2.3847100e+06   3.1182861e+01
   2.3847350e+06   9.0692139e+01
   2.3848970e+06   8.5693359e+01
   2.3849990e+06   7.0935059e+01
   2.3851880e+06   6.3793945e+01
   2.3858700e+06   2.7850342e+01
   2.3859240e+06   3.3801270e+01
   2.3860480e+06   3.1182861e+01
   2.3860900e+06   7.4267578e+01
   2.3861680e+06   3.1182861e+01
   2.3862450e+06   6.9506836e+01
   2.3862650e+06   3.1658936e+01
   2.3868310e+06   4.4989014e+01
   2.4110700e+06   8.4741211e+01
   2.4114790e+06   2.9754639e+01
   2.4118150e+06   7.1649170e+01
   2.5229030e+06   2.9516602e+01
   2.5229240e+06   2.9040527e+01
   2.5229520e+06   3.6181641e+01
   2.5229750e+06   3.0230713e+01
   2.5230420e+06   3.2373047e+01
   2.5231080e+06   2.8564453e+01
   2.5231760e+06   1.1711426e+02
   2.5232720e+06   9.5214844e+01
   2.5233420e+06   3.7609863e+01
   2.5240180e+06   4.8559570e+01
   2.5247370e+06   6.1413574e+01
   2.5619040e+06   2.8802490e+01
   2.5619730e+06   3.1182861e+01
   2.5620010e+06   3.1658936e+01
   2.5620830e+06   9.4024658e+01
   2.5623240e+06   7.9980469e+01
   2.5625700e+06   8.1408691e+01
   2.5627200e+06   4.5703125e+01
   2.5628830e+06   3.2611084e+01
   2.5634440e+06   5.1654053e+01
   2.5639680e+06   6.4031982e+01
   2.5644140e+06   5.8081055e+01
   2.6377510e+06   3.0468750e+01
   2.6377660e+06   3.0468750e+01
   2.6378170e+06   3.7847900e+01
   2.6379050e+06   1.0116577e+02
   2.6379200e+06   3.6895752e+01
   2.6379460e+06   3.1420898e+01
   2.6379850e+06   8.2122803e+01
   2.6380280e+06   2.9040527e+01
   2.6380460e+06   2.8802490e+01
   2.6380570e+06   4.2132568e+01
   2.6391930e+06   2.8326416e+01
   2.6397260e+06   3.3563232e+01
   2.7397000e+06   8.4741211e+01
   2.7617660e+06   9.2120361e+01
   2.7620190e+06   8.9263916e+01
   2.7622110e+06   7.7124023e+01
   2.7955200e+06   9.0692139e+01
   2.7957050e+06   8.1170654e+01
   2.7958420e+06   5.8081055e+01
   2.7961120e+06   7.6409912e+01
   2.7969100e+06   7.6885986e+01
   2.7970040e+06   4.1418457e+01
   2.8186800e+06   2.9040527e+01
   2.8924200e+06   8.7835693e+01
   2.8924770e+06   2.9040527e+01
   2.8925620e+06   9.2596436e+01
   2.8926520e+06   4.5703125e+01
   2.8927730e+06   4.2846680e+01
   2.8928170e+06   2.8802490e+01
   2.8929620e+06   2.7850342e+01
   2.8935020e+06   7.3077393e+01
   2.8936180e+06   2.9754639e+01
   2.9078270e+06   2.8088379e+01
   2.9535950e+06   2.8802490e+01
   2.9537310e+06   3.1420898e+01
   2.9538420e+06   2.8326416e+01
   2.9538830e+06   1.0759277e+02
   2.9538990e+06   3.0468750e+01
   2.9540160e+06   8.4265137e+01
   2.9540830e+06   3.9276123e+01
   2.9541290e+06   2.8326416e+01
   2.9756760e+06   9.2596436e+01
   2.9769530e+06   3.1658936e+01
   2.9772390e+06   8.3789062e+01
   3.0221760e+06   8.6883545e+01
   3.0223240e+06   7.5219727e+01
   3.0226670e+06   7.7124023e+01
   3.0235780e+06   2.9754639e+01
   3.0236980e+06   8.4979248e+01
   3.0238500e+06   6.3793945e+01
   3.0242820e+06   6.4746094e+01
   3.0381030e+06   2.8802490e+01
   3.0851510e+06   3.5467529e+01
   3.0852370e+06   3.4039307e+01
   3.0852530e+06   3.0944824e+01
   3.0853440e+06   8.4979248e+01
   3.0854010e+06   3.1896973e+01
   3.0854240e+06   6.1413574e+01
   3.0854840e+06   3.0230713e+01
   3.0855610e+06   2.9754639e+01
   3.0863150e+06   3.5943604e+01
   3.0867620e+06   5.0701904e+01
   3.0871250e+06   4.3798828e+01
   3.1399220e+06   7.4981689e+01
   3.1403390e+06   8.3074951e+01
   3.2022200e+06   7.6647949e+01
   3.2023170e+06   8.0694580e+01
   3.2023410e+06   2.8088379e+01
   3.2024270e+06   5.1416016e+01
   3.2024760e+06   2.8088379e+01
   3.2026480e+06   5.4510498e+01
   3.2028210e+06   2.7850342e+01
   3.2039400e+06   6.0223389e+01
   3.2041420e+06   3.4515381e+01
   3.3153150e+06   9.1406250e+01
   3.3366120e+06   9.3548584e+01
   3.3567430e+06   3.3801270e+01
   3.3567530e+06   3.8800049e+01
   3.3567760e+06   2.9754639e+01
   3.3568250e+06   8.5455322e+01
   3.3569240e+06   7.8314209e+01
   3.3569600e+06   2.9278564e+01
   3.3569810e+06   3.1182861e+01
   3.3570360e+06   5.5700684e+01
   3.3570580e+06   2.8564453e+01
   3.3571060e+06   3.4039307e+01
   3.3571580e+06   2.9754639e+01
   3.3571940e+06   2.9040527e+01
   3.3573170e+06   2.9278564e+01
   3.3573790e+06   2.7850342e+01
   3.3587190e+06   5.6890869e+01
   3.3589430e+06   5.6890869e+01
   3.4640630e+06   1.0140381e+02
   3.4950070e+06   2.9516602e+01
   3.4950540e+06   9.0930176e+01
   3.4951690e+06   3.2849121e+01
   3.4951840e+06   7.1649170e+01
   3.4953010e+06   5.2606201e+01
   3.4954380e+06   3.0706787e+01
   3.4955060e+06   4.0942383e+01
   3.4956160e+06   3.0230713e+01
   3.4956520e+06   3.8085938e+01
   3.4960200e+06   6.4746094e+01
   3.4962490e+06   4.9035645e+01
   3.4966090e+06   2.8564453e+01
   3.5847400e+06   8.3551025e+01
   3.5848530e+06   8.4503174e+01
   3.5849080e+06   3.0468750e+01
   3.5849910e+06   5.5938721e+01
   3.5851040e+06   4.6655273e+01
   3.5857480e+06   2.8802490e+01
   3.5858700e+06   3.0944824e+01
   3.5859080e+06   7.1173096e+01
   3.5860100e+06   2.8802490e+01
   3.5860400e+06   5.3558350e+01
   3.5861470e+06   3.3325195e+01
   3.6271990e+06   2.8802490e+01
   3.6273730e+06   8.8311768e+01
   3.6275260e+06   8.3789063e+01
   3.6276340e+06   6.6650391e+01
   3.6277780e+06   4.7845459e+01
   3.6764900e+06   9.9975586e+01
   3.6767860e+06   8.0932617e+01
   3.6769980e+06   6.6888428e+01
   3.6773300e+06   2.9992676e+01
   3.6778950e+06   6.3555908e+01
   3.6963850e+06   8.8787842e+01
   3.6965100e+06   7.1411133e+01
   3.6966490e+06   6.7840576e+01
   3.7165590e+06   2.8326416e+01
   3.7165890e+06   3.2849121e+01
   3.7166240e+06   2.9278564e+01
   3.7166580e+06   8.6883545e+01
   3.7166830e+06   2.9040527e+01
   3.7166980e+06   2.9516602e+01
   3.7167670e+06   8.0694580e+01
   3.7168770e+06   5.2368164e+01
   3.7175850e+06   5.9271240e+01
   3.7177140e+06   2.9516602e+01
   3.7180800e+06   4.7845459e+01
   3.8041190e+06   2.7850342e+01
   3.8042570e+06   9.5690918e+01
   3.8047400e+06   8.8549805e+01
   3.8463020e+06   3.0468750e+01
   3.8463440e+06   2.8564453e+01
   3.8464960e+06   8.2836914e+01
   3.8465560e+06   2.8802490e+01
   3.8466430e+06   8.1170654e+01
   3.8467250e+06   2.7850342e+01
   3.8467620e+06   2.8802490e+01
   3.8468290e+06   5.9271240e+01
   3.8469380e+06   3.1420898e+01
   3.8470100e+06   5.7128906e+01
   3.8472470e+06   5.9033203e+01
   3.8473910e+06   2.8564453e+01
   3.8479060e+06   3.9514160e+01
   3.8483190e+06   6.3079834e+01
   3.9727990e+06   9.6405029e+01
   3.9728390e+06   2.7850342e+01
   3.9729020e+06   8.8073730e+01
   3.9730380e+06   2.7850342e+01
   3.9731030e+06   6.7602539e+01
   3.9732050e+06   4.9273682e+01
   3.9732870e+06   2.7850342e+01
   3.9733110e+06   3.1182861e+01
   3.9740200e+06   4.2846680e+01
   3.9741580e+06   3.4277344e+01
   3.9851430e+06   2.9754639e+01
   4.0682290e+06   9.6166992e+01
   4.0686760e+06   2.9516602e+01
   4.0700910e+06   8.7121582e+01
   4.0702910e+06   7.0935059e+01
   4.0704410e+06   6.8792725e+01
   4.0705360e+06   3.6895752e+01
   4.0710200e+06   5.2130127e+01
   4.0915820e+06   9.3548584e+01
   4.0917710e+06   7.5933838e+01
   4.0917880e+06   3.0230713e+01
   4.0919240e+06   2.9040527e+01
   4.0920130e+06   7.1649170e+01
   4.0921580e+06   5.1177979e+01
   4.1289890e+06   8.9978027e+01
   4.1291870e+06   2.8802490e+01
   4.1292140e+06   7.2363281e+01
   4.1293530e+06   2.7850342e+01
   4.1294970e+06   7.7124023e+01
   4.1302150e+06   2.9516602e+01
   4.1302490e+06   3.0230713e+01
   4.1303180e+06   8.3312988e+01
   4.1304400e+06   7.2601318e+01
   4.1305210e+06   2.9278564e+01
   4.1305810e+06   4.6655273e+01
   4.1306160e+06   3.3801270e+01
   4.1308430e+06   4.9511719e+01
   4.1660750e+06   2.7850342e+01
   4.1661240e+06   3.2849121e+01
   4.1662040e+06   2.9040527e+01
   4.1663010e+06   9.0216064e+01
   4.1664700e+06   7.1173096e+01
   4.1665530e+06   2.8564453e+01
   4.1666460e+06   7.2601318e+01
   4.1667290e+06   3.1896973e+01
   4.1682860e+06   6.3317871e+01
   4.2631810e+06   4.4274902e+01
   4.2633270e+06   8.1646729e+01
   4.2637190e+06   7.3791504e+01
   4.2637710e+06   2.8564453e+01
   4.3054000e+06   2.9278564e+01
   4.3054350e+06   2.8326416e+01
   4.3054660e+06   2.8326416e+01
   4.3054940e+06   2.9754639e+01
   4.3055260e+06   8.6169434e+01
   4.3056310e+06   6.6174316e+01
   4.3056650e+06   2.8088379e+01
   4.3059960e+06   7.7838135e+01
   4.3061210e+06   4.5941162e+01
   4.3062510e+06   4.6655273e+01
   4.3067520e+06   3.7847900e+01
   4.3073710e+06   4.6655273e+01
   4.3233470e+06   1.1425781e+02
   4.3910480e+06   3.0468750e+01
   4.3910600e+06   8.0218506e+01
   4.3911840e+06   2.7850342e+01
   4.3912130e+06   8.7121582e+01
   4.3913150e+06   5.6414795e+01
   4.3914360e+06   5.7366943e+01
   4.3918820e+06   2.8088379e+01
   4.3920380e+06   2.8088379e+01
   4.3922640e+06   7.5457764e+01
   4.3923890e+06   3.7847900e+01
   4.3925060e+06   2.7850342e+01
   4.4461330e+06   8.4979248e+01
   4.4462290e+06   7.0935059e+01
   4.4463130e+06   4.9273682e+01
   4.4464130e+06   2.9040527e+01
   4.4464730e+06   3.3087158e+01
   4.4464980e+06   5.5938721e+01
   4.4465260e+06   2.8802490e+01
   4.4466690e+06   5.9747314e+01
   4.4467270e+06   3.0468750e+01
   4.4470850e+06   4.2370605e+01
   4.4472540e+06   3.3325195e+01
   4.5171590e+06   3.1658936e+01
   4.5172480e+06   3.4039307e+01
   4.5174260e+06   3.1182861e+01
   4.5174550e+06   1.0283203e+02
   4.5175310e+06   3.5467529e+01
   4.5175490e+06   6.2841797e+01
   4.5176240e+06   6.1651611e+01
   4.5177160e+06   2.7850342e+01
   4.5177470e+06   2.9992676e+01
   4.5181440e+06   5.8557129e+01
   4.5182450e+06   2.8088379e+01
   4.5192140e+06   6.0699463e+01
   4.5561350e+06   2.8088379e+01
   4.5563070e+06   9.0692139e+01
   4.5563190e+06   3.1896973e+01
   4.5564500e+06   2.9516602e+01
   4.5565390e+06   8.0932617e+01
   4.5568260e+06   2.8088379e+01
   4.5570800e+06   7.4029541e+01
   4.5578360e+06   7.3315430e+01
   4.6152880e+06   3.3801270e+01
   4.6154100e+06   3.0230713e+01
   4.6154730e+06   3.4991455e+01
   4.6154830e+06   2.9992676e+01
   4.6155220e+06   9.0216064e+01
   4.6155440e+06   2.9278564e+01
   4.6155860e+06   2.8326416e+01
   4.6156970e+06   6.6412354e+01
   4.6157450e+06   2.9516602e+01
   4.6157750e+06   3.6657715e+01
   4.6158620e+06   3.2135010e+01
   4.6175740e+06   4.9511719e+01
   4.6178990e+06   4.0466309e+01
   4.6861040e+06   8.8787842e+01
   4.6865540e+06   8.6407471e+01
   4.7049120e+06   7.9266357e+01
   4.7050500e+06   8.0694580e+01
   4.7205940e+06   3.4991455e+01
   4.7208420e+06   8.8549805e+01
   4.7212540e+06   3.0944824e+01
   4.7513530e+06   8.0218506e+01
   4.7843780e+06   9.2120361e+01
   4.7844390e+06   3.0944824e+01
   4.7848370e+06   6.4031982e+01
   4.8425150e+06   2.8088379e+01
   4.8425530e+06   3.1658936e+01
   4.8430050e+06   8.6883545e+01
   4.8846230e+06   3.0706787e+01
   4.8847430e+06   8.4027100e+01
   4.9279420e+06   3.4991455e+01
   4.9279560e+06   2.9992676e+01
   4.9280080e+06   2.9040527e+01
   4.9281020e+06   2.8564453e+01
   4.9284000e+06   9.1168213e+01
   4.9676090e+06   2.9754639e+01
   4.9677050e+06   3.4515381e+01
   5.0522030e+06   2.9278564e+01
   5.0534700e+06   2.7850342e+01
   5.1194500e+06   8.8787842e+01
   5.1208800e+06   3.1896973e+01
   5.1209330e+06   2.8088379e+01
   5.1212060e+06   2.8564453e+01
   5.1213010e+06   3.0706787e+01
   5.1538230e+06   3.1182861e+01
   5.1538850e+06   2.9040527e+01
   5.1539730e+06   2.9516602e+01
   5.1549750e+06   9.3786621e+01
   5.2581280e+06   2.8564453e+01
   5.2674120e+06   2.8088379e+01
   5.2797100e+06   9.0216064e+01
   5.3141370e+06   2.8564453e+01
   5.3286880e+06   2.8088379e+01
   5.3416520e+06   2.8564453e+01
   5.3824480e+06   3.0944824e+01
   5.3825390e+06   2.7850342e+01
   5.3826020e+06   8.0694580e+01
   5.4367360e+06   2.8802490e+01
   5.4371290e+06   8.4979248e+01
   5.4725700e+06   3.0230713e+01
   5.4725860e+06   3.3087158e+01
   5.4727620e+06   7.2601318e+01
   5.4727850e+06   2.8802490e+01
   5.4730820e+06   8.6407471e+01
   5.4731100e+06   2.8802490e+01
   5.4731570e+06   3.1896973e+01
   5.4731800e+06   6.1889648e+01
   5.4732460e+06   3.3087158e+01
   5.4737370e+06   5.8795166e+01
   5.4738940e+06   4.4036865e+01
   5.4740500e+06   2.9992676e+01
   5.4744770e+06   5.9509277e+01
   5.5875050e+06   7.3077393e+01
   5.6510610e+06   2.8088379e+01
   5.6511550e+06   3.1420898e+01
   5.6513030e+06   3.6895752e+01
   5.6513760e+06   1.0140381e+02
   5.6514500e+06   7.9028320e+01
   5.6515080e+06   2.9040527e+01
   5.6531170e+06   5.4510498e+01
   5.6533410e+06   3.8800049e+01
   5.7432300e+06   3.0468750e+01
   5.7783420e+06   3.2611084e+01
   5.7783980e+06   3.2135010e+01
   5.7784310e+06   3.5943604e+01
   5.7784960e+06   3.1658936e+01
   5.7785130e+06   1.0354614e+02
   5.7785420e+06   2.7850342e+01
   5.7786240e+06   7.2601318e+01
   5.7786480e+06   3.7371826e+01
   5.7786990e+06   4.9987793e+01
   5.7787130e+06   2.8088379e+01
   5.7787700e+06   3.2135010e+01
   5.7795080e+06   4.4036865e+01
   5.7804360e+06   5.3082275e+01
   5.9048690e+06   8.7835693e+01
   5.9050010e+06   8.0694580e+01
   5.9051470e+06   6.1889648e+01
   5.9052960e+06   4.3798828e+01
   5.9055760e+06   7.2363281e+01
   5.9939270e+06   3.1896973e+01
   5.9939770e+06   2.9278564e+01
   5.9941810e+06   2.8564453e+01
   5.9942980e+06   3.4515381e+01
   5.9943260e+06   9.5214844e+01
   5.9944260e+06   7.5933838e+01
   5.9945220e+06   5.8319092e+01
   5.9948910e+06   6.4031982e+01
   5.9949930e+06   4.3798828e+01
   6.0377230e+06   3.9990234e+01
   6.0379310e+06   2.7850342e+01
   6.0380150e+06   7.9742432e+01
   6.0381140e+06   3.0706787e+01
   6.0381420e+06   8.1884766e+01
   6.0382590e+06   5.4748535e+01
   6.0383710e+06   4.8797607e+01
   6.0384500e+06   2.8564453e+01
   6.1569180e+06   9.3786621e+01
   6.1571770e+06   2.8564453e+01
   6.1574980e+06   7.8552246e+01
   6.1960890e+06   2.8088379e+01
   6.1961930e+06   2.9278564e+01
   6.1962580e+06   2.7850342e+01
   6.1962850e+06   3.0944824e+01
   6.1963280e+06   8.1408691e+01
   6.1964230e+06   8.4979248e+01
   6.1965380e+06   6.3079834e+01
   6.1969500e+06   2.9516602e+01
   6.1979180e+06   2.8802490e+01
   6.1979350e+06   4.9987793e+01
   6.1985550e+06   4.6417236e+01
   6.3046550e+06   2.8326416e+01
   6.4445080e+06   2.9992676e+01
   6.4445440e+06   3.1658936e+01
   6.4445870e+06   3.5943604e+01
   6.4445970e+06   2.8326416e+01
   6.4446320e+06   3.0230713e+01
   6.4446670e+06   3.1896973e+01
   6.4446870e+06   2.9040527e+01
   6.4447210e+06   9.9975586e+01
   6.4447840e+06   6.9268799e+01
   6.4448090e+06   3.5943604e+01
   6.4448400e+06   2.8088379e+01
   6.4453730e+06   2.9040527e+01
   6.4459790e+06   3.0944824e+01
   6.4462030e+06   4.8083496e+01
   6.4468940e+06   4.5941162e+01
   6.7357610e+06   2.9040527e+01
   6.7357740e+06   3.1420898e+01
   6.7358610e+06   3.0468750e+01
   6.7358840e+06   8.7597656e+01
   6.7359570e+06   5.7366943e+01
   6.7359860e+06   3.1182861e+01
   6.7360210e+06   3.8800049e+01
   6.7368400e+06   3.0230713e+01
   6.8261250e+06   9.4262695e+01
   6.8262460e+06   7.3553467e+01
   6.8262860e+06   3.1658936e+01
   6.8263290e+06   6.2841797e+01
   6.8264190e+06   2.8564453e+01
   6.8271730e+06   7.5695801e+01
   6.8272740e+06   3.2373047e+01
   6.8450470e+06   2.8564453e+01
   6.8450640e+06   3.4753418e+01
   6.8451230e+06   2.9516602e+01
   6.8452120e+06   2.8564453e+01
   6.9464470e+06   1.0449829e+02
   6.9464770e+06   3.3087158e+01
   6.9465010e+06   3.0706787e+01
   6.9465360e+06   7.7124023e+01
   6.9465470e+06   3.3087158e+01
   6.9465980e+06   3.3563232e+01
   6.9466120e+06   2.8564453e+01
   6.9466760e+06   3.0230713e+01
   6.9467190e+06   2.8802490e+01
   6.9467510e+06   2.7850342e+01
   6.9471830e+06   2.9992676e+01
   6.9473570e+06   3.5229492e+01
   6.9476850e+06   3.6181641e+01
   7.0043760e+06   2.8088379e+01
   7.0045430e+06   3.5229492e+01
   7.0045860e+06   8.9025879e+01
   7.0046600e+06   3.0230713e+01
   7.0046960e+06   8.0932617e+01
   7.0048020e+06   6.9030762e+01
   7.0049560e+06   5.6652832e+01
   7.0050630e+06   4.4512939e+01
   7.0052280e+06   3.4991455e+01
   7.0052530e+06   3.0468750e+01
   7.0056730e+06   5.9985352e+01
   7.0065870e+06   6.4031982e+01
   7.1265460e+06   2.8088379e+01
   7.1266640e+06   8.6407471e+01
   7.1267510e+06   7.1887207e+01
   7.1267780e+06   3.8562012e+01
   7.1268320e+06   5.3796387e+01
   7.1268420e+06   2.8802490e+01
   7.1268930e+06   3.2611084e+01
   7.1269610e+06   3.9752197e+01
   7.1270040e+06   2.8326416e+01
   7.1271770e+06   2.8088379e+01
   7.1274640e+06   2.8564453e+01
   7.1279180e+06   5.0701904e+01
   7.1283630e+06   5.4510498e+01
   7.1821560e+06   2.9754639e+01
   7.1822000e+06   3.1182861e+01
   7.1823870e+06   9.0692139e+01
   7.1825980e+06   6.4508057e+01
   7.1828390e+06   6.9506836e+01
   7.2209840e+06   9.9975586e+01
   7.2210740e+06   7.0220947e+01
   7.2211220e+06   2.8802490e+01
   7.2211440e+06   4.7845459e+01
   7.2211900e+06   3.1896973e+01
   7.2212710e+06   5.1654053e+01
   7.2212850e+06   3.0230713e+01
   7.2213960e+06   2.8088379e+01
   7.2214720e+06   6.6650391e+01
   7.2218220e+06   6.1413574e+01
   7.2219390e+06   3.1658936e+01
   7.2223410e+06   4.8797607e+01
   7.2224990e+06   3.5943604e+01
   7.2228300e+06   4.3084717e+01
   7.2596630e+06   2.7850342e+01
   7.2597940e+06   3.4039307e+01
   7.2598290e+06   7.9742432e+01
   7.2598650e+06   2.9992676e+01
   7.2598830e+06   3.4039307e+01
   7.2599040e+06   7.3315430e+01
   7.2600720e+06   6.5936279e+01
   7.3371100e+06   2.7850342e+01
   7.3566050e+06   3.3087158e+01
   7.3567940e+06   9.4262695e+01
   7.3569810e+06   7.9980469e+01
   7.4111620e+06   8.7359619e+01
   7.4514870e+06   9.8071289e+01
   7.4523360e+06   2.7850342e+01
   7.4523690e+06   3.3325195e+01
   7.4523820e+06   2.8326416e+01
   7.4525050e+06   2.9040527e+01
   7.4525350e+06   3.0706787e+01
   7.4525500e+06   8.3789063e+01
   7.4526080e+06   3.4753418e+01
   7.4526360e+06   2.9992676e+01
   7.4526700e+06   6.8554687e+01
   7.4527600e+06   4.2132568e+01
   7.4528680e+06   3.4039307e+01
   7.4542860e+06   5.2606201e+01
   7.4544960e+06   3.5705566e+01
   7.5444490e+06   9.9261475e+01
   7.5703850e+06   8.0218506e+01
   7.5706460e+06   7.4267578e+01
   7.5708170e+06   6.3555908e+01
   7.5710190e+06   6.7602539e+01
   7.6036910e+06   8.1884766e+01
   7.6038570e+06   7.6409912e+01
   7.6350350e+06   7.6171875e+01
   7.6893560e+06   2.9516602e+01
   7.6893760e+06   8.4741211e+01
   7.6894500e+06   3.3087158e+01
   7.6894690e+06   8.4027100e+01
   7.6895200e+06   2.9278564e+01
   7.6895980e+06   2.8326416e+01
   7.6898040e+06   7.8076172e+01
   7.6899550e+06   6.0223389e+01
   7.6900650e+06   4.6417236e+01
   7.6903580e+06   6.6888428e+01
   7.6906240e+06   4.2370605e+01
   7.7975780e+06   2.8088379e+01
   7.7978390e+06   8.8549805e+01
   7.7981280e+06   7.6409912e+01
   7.8633910e+06   8.9263916e+01
   7.9635410e+06   2.7850342e+01
   7.9635850e+06   8.7359619e+01
   7.9644380e+06   8.4979248e+01
   7.9944570e+06   3.1420898e+01
   7.9946350e+06   2.7850342e+01
   7.9946730e+06   3.2849121e+01
   8.1059910e+06   3.0468750e+01
   8.1060040e+06   2.9278564e+01
   8.1060430e+06   2.9992676e+01
   8.1060580e+06   3.4753418e+01
   8.1060950e+06   9.1406250e+01
   8.1061800e+06   3.0706787e+01
   8.1061930e+06   7.3077393e+01
   8.1062540e+06   3.1182861e+01
   8.1063450e+06   6.0223389e+01
   8.1063710e+06   2.8802490e+01
   8.1064300e+06   3.1182861e+01
   8.1064700e+06   5.7604980e+01
   8.1066220e+06   3.3563232e+01
   8.1067310e+06   2.9992676e+01
   8.1068090e+06   4.6893311e+01
   8.1070850e+06   2.7850342e+01
   8.1075500e+06   6.5460205e+01
   8.2116170e+06   8.8311768e+01
   8.2118680e+06   7.6885986e+01
   8.3060060e+06   7.9266357e+01
   8.3063210e+06   8.1646729e+01
   8.3065140e+06   5.8081055e+01
   8.3069720e+06   3.8323975e+01
   8.3070210e+06   2.9992676e+01
   8.3070430e+06   3.9276123e+01
   8.3071710e+06   6.3079834e+01
   8.3072480e+06   3.2373047e+01
   8.3072680e+06   4.7369385e+01
   8.3073650e+06   4.1894531e+01
   8.3075580e+06   4.9987793e+01
   8.3080210e+06   5.9747314e+01
   8.3905750e+06   9.4976807e+01
   8.3908670e+06   8.9501953e+01
   8.3911180e+06   8.3789063e+01
   8.5068290e+06   2.9516602e+01
   8.5068870e+06   2.9754639e+01
   8.5071620e+06   8.4027100e+01
   8.5073560e+06   6.8792725e+01
   8.5559430e+06   2.8326416e+01
   8.5580130e+06   8.4503174e+01
   8.6220110e+06   2.9278564e+01
   8.6220650e+06   3.9514160e+01
   8.6221080e+06   3.0468750e+01
   8.6222160e+06   1.0021362e+02
   8.6222670e+06   3.0706787e+01
   8.6223070e+06   8.5693359e+01
   8.6223570e+06   2.9040527e+01
   8.6224220e+06   6.0461426e+01
   8.6225210e+06   3.1896973e+01
   8.6225660e+06   2.8802490e+01
   8.6234880e+06   6.6888428e+01
   8.6609770e+06   2.8326416e+01
   8.6620350e+06   2.9040527e+01
   8.7114190e+06   1.0045166e+02
   8.7115210e+06   8.0218506e+01
   8.7115600e+06   3.4515381e+01
   8.7116030e+06   5.6652832e+01
   8.7116750e+06   3.0706787e+01
   8.7117580e+06   3.0944824e+01
   8.7119040e+06   2.8088379e+01
   8.7121350e+06   5.8795166e+01
   8.7123110e+06   2.9040527e+01
   8.7123520e+06   2.9754639e+01
   8.7128080e+06   4.2608643e+01
   8.7129970e+06   3.1182861e+01
   8.7134320e+06   3.1420898e+01
   8.7142540e+06   5.5462646e+01
   8.7931270e+06   9.9023438e+01
   8.7935740e+06   9.1882324e+01
   8.8355330e+06   3.0706787e+01
   8.8370770e+06   3.1896973e+01
   8.8726930e+06   3.0468750e+01
   8.8728880e+06   1.0187988e+02
   8.8731250e+06   7.9266357e+01
   8.9443830e+06   3.0706787e+01
   8.9456110e+06   2.9040527e+01
   8.9457990e+06   8.7121582e+01
   8.9458790e+06   3.3801270e+01
   8.9459430e+06   7.4981689e+01
   8.9461500e+06   8.6407471e+01
   8.9462720e+06   4.6893311e+01
   8.9728950e+06   2.7850342e+01
   8.9729580e+06   3.1658936e+01
   8.9730820e+06   1.0354614e+02
   8.9731130e+06   2.8088379e+01
   8.9731400e+06   2.7850342e+01
   8.9731740e+06   7.3315430e+01
   8.9732470e+06   3.8085937e+01
   8.9733210e+06   3.7609863e+01
   8.9742410e+06   5.0939941e+01
   8.9746120e+06   3.8323975e+01
   8.9748650e+06   4.3560791e+01
   9.0282510e+06   7.3791504e+01
   9.0850220e+06   2.9754639e+01
   9.0851150e+06   8.7835693e+01
   9.1068700e+06   8.4265137e+01
   9.1069010e+06   3.0468750e+01
   9.1069530e+06   6.6888428e+01
   9.1070230e+06   4.8321533e+01
   9.1084280e+06   4.7131348e+01
   9.1088110e+06   6.3555908e+01
   9.1090350e+06   4.8321533e+01
   9.2060840e+06   9.3310547e+01
   9.2068400e+06   2.8326416e+01
   9.2068720e+06   8.0456543e+01
   9.2069710e+06   6.0223389e+01
   9.2069920e+06   2.8564453e+01
   9.2070280e+06   3.2611084e+01
   9.2071050e+06   2.9754639e+01
   9.2082770e+06   2.8326416e+01
   9.2086670e+06   5.5224609e+01
   9.2406420e+06   7.3315430e+01
   9.2631870e+06   8.3074951e+01
   9.2883420e+06   7.2125244e+01
   9.2885050e+06   6.5936279e+01
   9.2885440e+06   2.7850342e+01
   9.2886450e+06   7.6885986e+01
   9.2888670e+06   5.7843018e+01
   9.2891250e+06   4.9749756e+01
   9.2893790e+06   5.9271240e+01
   9.2900840e+06   6.0937500e+01
   9.2908560e+06   5.8081055e+01
   9.3322830e+06   2.8326416e+01
   9.3323820e+06   8.6407471e+01
   9.3324690e+06   8.6169434e+01
   9.3325000e+06   2.9754639e+01
   9.3325390e+06   3.1658936e+01
   9.3325820e+06   3.9990234e+01
   9.3325970e+06   3.3325195e+01
   9.3326660e+06   2.9992676e+01
   9.3328280e+06   3.3325195e+01
   9.3341790e+06   4.4036865e+01
   9.3345770e+06   5.1177979e+01
   9.3348470e+06   2.8802490e+01
   9.5010840e+06   8.3789063e+01
   9.5011490e+06   2.8326416e+01
   9.5454780e+06   3.2611084e+01
   9.5455400e+06   9.0692139e+01
   9.5456760e+06   8.2598877e+01
   9.5457720e+06   5.2606201e+01
   9.5458480e+06   2.8088379e+01
   9.5459570e+06   3.2611084e+01
   9.5465230e+06   7.2839355e+01
   9.6367880e+06   2.9754639e+01
   9.6820310e+06   7.3315430e+01
   9.6822000e+06   7.6171875e+01
   9.6823070e+06   3.1420898e+01
   9.6823920e+06   6.4270020e+01
   9.6827090e+06   7.5695801e+01
   9.6828800e+06   5.3320312e+01
   9.6830180e+06   4.8559570e+01
   9.6837540e+06   4.8797607e+01
   9.7222020e+06   2.8326416e+01
   9.7224530e+06   3.3801270e+01
   9.7224800e+06   8.4265137e+01
   9.7226140e+06   6.5698242e+01
   9.7226670e+06   2.8802490e+01
   9.7227020e+06   5.0225830e+01
   9.7227980e+06   4.2132568e+01
   9.7230570e+06   4.1656494e+01
   9.7234290e+06   6.4031982e+01
   9.7708700e+06   2.8564453e+01
   9.8149480e+06   9.8071289e+01
   9.8150540e+06   2.8088379e+01
   9.8151630e+06   8.0456543e+01
   9.8152210e+06   3.0468750e+01
   9.8152720e+06   5.9033203e+01
   9.8645210e+06   3.0230713e+01
   9.9691770e+06   3.2849121e+01
   9.9692940e+06   9.3548584e+01
   9.9693390e+06   2.7850342e+01
   9.9693980e+06   3.1420898e+01
   9.9694410e+06   2.9992676e+01
   9.9695270e+06   7.0697021e+01
   9.9696260e+06   6.9030762e+01
   9.9698170e+06   6.9506836e+01
   9.9701130e+06   2.7850342e+01
   9.9702930e+06   5.7604980e+01
   9.9705330e+06   5.6414795e+01
   9.9941780e+06   3.3325195e+01
   9.9942810e+06   3.0706787e+01
   9.9943180e+06   3.2611084e+01
   9.9944200e+06   3.2135010e+01
   9.9944460e+06   8.7835693e+01
   9.9944980e+06   3.1420898e+01
   9.9945270e+06   3.0230713e+01
   9.9945720e+06   8.6169434e+01
   9.9946330e+06   2.8326416e+01
   1.0096003e+07   3.3801270e+01
   1.0096034e+07   3.7133789e+01
   1.0096116e+07   2.9754639e+01
   1.0096143e+07   6.7840576e+01
   1.0096160e+07   3.9514160e+01
   1.0096215e+07   6.8316650e+01
   1.0096293e+07   4.3084717e+01
   1.0097387e+07   2.7850342e+01
   1.0097922e+07   5.4272461e+01
   1.0098327e+07   3.7609863e+01
   1.0098820e+07   5.6414795e+01
   1.0099483e+07   5.3082275e+01
   1.0385384e+07   3.4515381e+01
   1.0385458e+07   2.8088379e+01
   1.0385564e+07   3.3801270e+01
   1.0385586e+07   8.6407471e+01
   1.0385678e+07   8.1408691e+01
   1.0385734e+07   2.8088379e+01
   1.0385748e+07   2.8088379e+01
   1.0385846e+07   3.4515381e+01
   1.0386158e+07   2.9754639e+01
   1.0386333e+07   2.8326416e+01
   1.0387121e+07   6.3555908e+01
   1.0465529e+07   8.4979248e+01
   1.0465612e+07   3.3801270e+01
   1.0465645e+07   8.3551025e+01
   1.0465740e+07   5.6414795e+01
   1.0465800e+07   2.9754639e+01
   1.0465868e+07   3.3801270e+01
   1.0465988e+07   2.9040527e+01
   1.0501951e+07   3.0944824e+01
   1.0502105e+07   9.5214844e+01
   1.0502172e+07   2.9754639e+01
   1.0502182e+07   6.0699463e+01
   1.0502211e+07   2.9040527e+01
   1.0502253e+07   5.4034424e+01
   1.0502263e+07   3.0944824e+01
   1.0502320e+07   2.7850342e+01
   1.0502883e+07   2.9040527e+01
   1.0503118e+07   5.0701904e+01
   1.0503240e+07   2.8088379e+01
   1.0503919e+07   5.7604980e+01
   1.0504528e+07   5.6652832e+01
   1.0616495e+07   2.8564453e+01
   1.0616620e+07   8.6883545e+01
   1.0616642e+07   2.9040527e+01
   1.0616695e+07   6.6412354e+01
   1.0616759e+07   5.0939941e+01
   1.0616787e+07   2.8088379e+01
   1.0616821e+07   3.1896973e+01
   1.0618066e+07   3.1420898e+01
   1.0618541e+07   3.0706787e+01
   1.0618930e+07   4.9749756e+01
   1.0711464e+07   8.3312988e+01
   1.0711661e+07   7.7838135e+01
   1.0711752e+07   4.9987793e+01
   1.0711859e+07   4.1894531e+01
   1.0712160e+07   6.4508057e+01
   1.0773940e+07   2.8088379e+01
   1.0774276e+07   7.9742432e+01
   1.0774448e+07   8.2360840e+01
   1.0774604e+07   6.4746094e+01
   1.0774716e+07   5.5700684e+01
   1.0775080e+07   4.0466309e+01
   1.0775333e+07   5.4748535e+01
   1.0803634e+07   3.3801270e+01
   1.0803737e+07   3.2135010e+01
   1.0803783e+07   3.2849121e+01
   1.0803824e+07   3.2135010e+01
   1.0803906e+07   7.4981689e+01
   1.0803945e+07   2.8564453e+01
   1.0803984e+07   5.1654053e+01
   1.0804091e+07   3.6181641e+01
   1.0804145e+07   2.9516602e+01
   1.0804234e+07   3.3563232e+01
   1.0804907e+07   3.0706787e+01
   1.0805134e+07   3.4039307e+01
   1.0805698e+07   4.5703125e+01
   1.0936402e+07   9.1644287e+01
   1.0936697e+07   8.1646729e+01
   1.1043082e+07   3.0230713e+01
   1.1043145e+07   3.2849121e+01
   1.1043166e+07   2.9754639e+01
   1.1043182e+07   8.2360840e+01
   1.1043197e+07   2.7850342e+01
   1.1043271e+07   8.0932617e+01
   1.1043391e+07   2.9992676e+01
   1.1043458e+07   8.2598877e+01
   1.1043610e+07   6.8316650e+01
   1.1044501e+07   3.7371826e+01
   1.1044730e+07   5.4034424e+01
   1.1045156e+07   6.3555908e+01
   1.1296337e+07   8.5217285e+01
   1.1296474e+07   8.5217285e+01
   1.1296565e+07   6.2127686e+01
   1.1296664e+07   5.0463867e+01
   1.1296753e+07   2.7850342e+01
   1.1296770e+07   3.3325195e+01
   1.1297054e+07   6.2841797e+01
   1.1297318e+07   5.6414795e+01
   1.1310763e+07   2.8802490e+01
   1.1310926e+07   2.7850342e+01
   1.1310970e+07   2.8088379e+01
   1.1311018e+07   9.0216064e+01
   1.1311093e+07   5.7128906e+01
   1.1311177e+07   3.0468750e+01
   1.1311688e+07   3.3325195e+01
   1.1311943e+07   5.3082275e+01
   1.1312487e+07   4.4274902e+01
   1.1450713e+07   8.4979248e+01
   1.1501953e+07   2.8326416e+01
   1.1502301e+07   9.1406250e+01
   1.1502445e+07   8.1646729e+01
   1.1502484e+07   3.3563232e+01
   1.1502992e+07   7.2363281e+01
   1.1608268e+07   2.9754639e+01
   1.1608624e+07   9.1406250e+01
   1.1608919e+07   7.3077393e+01
   1.1609334e+07   2.9754639e+01
   1.1609533e+07   2.8088379e+01
   1.1641693e+07   3.1182861e+01
   1.1641728e+07   2.9516602e+01
   1.1641761e+07   3.1896973e+01
   1.1641953e+07   8.8549805e+01
   1.1641970e+07   2.8802490e+01
   1.1642057e+07   8.1646729e+01
   1.1642162e+07   6.2365723e+01
   1.1642231e+07   3.4991455e+01
   1.1642750e+07   6.4984131e+01
   1.1642893e+07   3.5943604e+01
   1.1643470e+07   5.7366943e+01
   1.1643897e+07   5.4986572e+01
   1.1747461e+07   3.4039307e+01
   1.1747478e+07   3.4515381e+01
   1.1747553e+07   3.4515381e+01
   1.1747595e+07   7.9980469e+01
   1.1747610e+07   2.8088379e+01
   1.1747635e+07   2.8326416e+01
   1.1747682e+07   7.8076172e+01
   1.1747773e+07   5.1416016e+01
   1.1747859e+07   2.8326416e+01
   1.1747893e+07   5.5700684e+01
   1.1747922e+07   2.9516602e+01
   1.1748094e+07   3.1420898e+01
   1.1763316e+07   2.8564453e+01
   1.1763399e+07   3.2611084e+01
   1.1990963e+07   9.2120361e+01
   1.1991067e+07   7.2601318e+01
   1.1991116e+07   2.9516602e+01
   1.1991213e+07   7.3315430e+01
   1.1991337e+07   5.3082275e+01
   1.1991612e+07   3.1658936e+01
   1.2049467e+07   3.0230713e+01
   1.2049506e+07   8.5217285e+01
   1.2049578e+07   3.3087158e+01
   1.2049620e+07   7.4981689e+01
   1.2049646e+07   2.7850342e+01
   1.2049761e+07   2.8564453e+01
   1.2049810e+07   3.0944824e+01
   1.2050700e+07   3.8085938e+01
   1.2051174e+07   3.9990234e+01
   1.2051305e+07   2.8564453e+01
   1.2135337e+07   8.1646729e+01
   1.2135449e+07   8.7597656e+01
   1.2135529e+07   4.2370605e+01
   1.2135680e+07   5.2844238e+01
   1.2135906e+07   6.9982910e+01
   1.2136302e+07   7.3553467e+01
   1.2167285e+07   7.8076172e+01
   1.2167546e+07   8.9025879e+01
   1.2167655e+07   6.5698242e+01
   1.2204518e+07   2.8326416e+01
   1.2204583e+07   3.0468750e+01
   1.2204683e+07   3.5943604e+01
   1.2204785e+07   8.9501953e+01
   1.2204915e+07   8.6407471e+01
   1.2279868e+07   7.7362061e+01
   1.2279949e+07   3.1182861e+01
   1.2280049e+07   8.1170654e+01
   1.2281095e+07   7.9028320e+01
   1.2341131e+07   2.8326416e+01
   1.2341189e+07   2.9040527e+01
   1.2341303e+07   9.8785400e+01
   1.2341318e+07   2.8802490e+01
   1.2341358e+07   2.9516602e+01
   1.2341395e+07   7.3077393e+01
   1.2341418e+07   2.8326416e+01
   1.2341493e+07   5.5224609e+01
   1.2341595e+07   6.2841797e+01
   1.2341628e+07   3.4039307e+01
   1.2341670e+07   3.0230713e+01
   1.2342707e+07   4.9749756e+01
   1.2343122e+07   5.1416016e+01
   1.2426242e+07   8.7121582e+01
   1.2426260e+07   3.0230713e+01
   1.2472327e+07   9.6405029e+01
   1.2472452e+07   7.5457764e+01
   1.2472464e+07   2.9040527e+01
   1.2472501e+07   3.3563232e+01
   1.2472545e+07   5.7604980e+01
   1.2472631e+07   4.6179199e+01
   1.2472775e+07   5.5938721e+01
   1.2472927e+07   4.1418457e+01
   1.2473429e+07   5.6890869e+01
   1.2498938e+07   2.9992676e+01
   1.2546716e+07   9.5452881e+01
   1.2546785e+07   2.8088379e+01
   1.2546865e+07   8.9025879e+01
   1.2546990e+07   5.5224609e+01
   1.2547087e+07   3.6181641e+01
   1.2547195e+07   3.0706787e+01
   1.2547455e+07   5.1654053e+01
   1.2563884e+07   8.1646729e+01
   1.2579645e+07   8.4503174e+01
   1.2579690e+07   3.1896973e+01
   1.2579751e+07   3.0230713e+01
   1.2579763e+07   2.8088379e+01
   1.2579779e+07   8.4265137e+01
   1.2579838e+07   3.0944824e+01
   1.2580010e+07   6.9268799e+01
   1.2580270e+07   7.2601318e+01
   1.2580424e+07   4.4989014e+01
   1.2580644e+07   4.4750977e+01
   1.2581017e+07   5.7843018e+01
   1.2581311e+07   5.0701904e+01
   1.2581588e+07   5.2130127e+01
   1.2581764e+07   2.8564453e+01
   1.2624965e+07   2.8326416e+01
   1.2675590e+07   2.7850342e+01
   1.2675668e+07   7.7362061e+01
   1.2675767e+07   8.3551025e+01
   1.2675803e+07   2.8564453e+01
   1.2675942e+07   7.5695801e+01
   1.2676134e+07   3.3087158e+01
   1.2676213e+07   5.9509277e+01
   1.2676874e+07   6.9268799e+01
   1.2677123e+07   5.4510498e+01
   1.2766267e+07   2.8564453e+01
   1.2766329e+07   8.8549805e+01
   1.2766511e+07   7.5457764e+01
   1.2766558e+07   3.6181641e+01
   1.2766740e+07   2.8326416e+01
   1.2766848e+07   3.6657715e+01
   1.2766929e+07   7.1887207e+01
   1.2767355e+07   6.6888428e+01
   1.2767557e+07   6.3555908e+01
   1.2767885e+07   6.1651611e+01
   1.2846506e+07   8.6407471e+01
   1.2846696e+07   7.8790283e+01
   1.2847156e+07   2.8802490e+01
   1.2868198e+07   9.2358398e+01
   1.2923704e+07   8.0694580e+01
   1.2923808e+07   7.1411133e+01
   1.2923961e+07   7.1173096e+01
   1.2924164e+07   2.9516602e+01
   1.2943161e+07   2.8326416e+01
   1.2943309e+07   2.8088379e+01
   1.2943731e+07   2.8326416e+01
   1.2989051e+07   2.9278564e+01
   1.2989092e+07   2.9278564e+01
   1.2989212e+07   9.7119141e+01
   1.2989242e+07   2.9516602e+01
   1.2989258e+07   2.8326416e+01
   1.2989271e+07   2.9754639e+01
   1.2989295e+07   7.1649170e+01
   1.2989338e+07   3.1420898e+01
   1.2989388e+07   6.0937500e+01
   1.2989482e+07   3.1896973e+01
   1.2989595e+07   3.1182861e+01
   1.2990898e+07   3.2849121e+01
   1.2991181e+07   4.7131348e+01
   1.2991492e+07   4.4512939e+01
   1.2991946e+07   4.8797607e+01
   1.3107827e+07   2.9992676e+01
   1.3107858e+07   8.1884766e+01
   1.3108001e+07   7.3553467e+01
   1.3108120e+07   6.0699463e+01
   1.3108338e+07   6.7126465e+01
   1.3108444e+07   3.1182861e+01
   1.3108716e+07   6.7602539e+01
   1.3109856e+07   6.7364502e+01
   1.3133645e+07   8.5931396e+01
   1.3133746e+07   7.0935059e+01
   1.3133898e+07   6.7126465e+01
   1.3133909e+07   2.8802490e+01
   1.3133969e+07   2.9516602e+01
   1.3134528e+07   4.2608643e+01
   1.3134857e+07   5.9271240e+01
   1.3134980e+07   2.7850342e+01
   1.3182021e+07   8.7359619e+01
   1.3182152e+07   7.7838135e+01
   1.3182228e+07   6.5698242e+01
   1.3182312e+07   4.3560791e+01
   1.3182477e+07   5.3558350e+01
   1.3182530e+07   2.8326416e+01
   1.3222852e+07   3.3325195e+01
   1.3222952e+07   9.7119141e+01
   1.3223127e+07   6.9268799e+01
   1.3223162e+07   2.8802490e+01
   1.3223231e+07   6.7840576e+01
   1.3223302e+07   3.0230713e+01
   1.3223359e+07   2.7850342e+01
   1.3223415e+07   3.0468750e+01
   1.3224238e+07   3.3325195e+01
   1.3224623e+07   3.5943604e+01
   1.3225047e+07   4.8321533e+01
   1.3225317e+07   4.9987793e+01
   1.3225676e+07   5.3796387e+01
   1.3340066e+07   9.2358398e+01
   1.3340144e+07   3.0944824e+01
   1.3340193e+07   7.1887207e+01
   1.3340259e+07   5.2606201e+01
   1.3340339e+07   3.9752197e+01
   1.3340479e+07   2.9040527e+01
   1.3340574e+07   2.9040527e+01
   1.3340701e+07   3.2135010e+01
   1.3340885e+07   5.5224609e+01
   1.3341310e+07   5.0939941e+01
   1.3341759e+07   4.4989014e+01
   1.3394187e+07   8.5217285e+01
   1.3394450e+07   7.4743652e+01
   1.3453745e+07   8.7359619e+01
   1.3453881e+07   7.2125244e+01
   1.3453980e+07   6.3555908e+01
   1.3454107e+07   5.3796387e+01
   1.3454241e+07   4.9987793e+01
   1.3454474e+07   5.2844238e+01
   1.3454707e+07   5.5462646e+01
   1.3454891e+07   3.8800049e+01
   1.3512590e+07   2.8326416e+01
   1.3512635e+07   8.4503174e+01
   1.3512744e+07   7.8790283e+01
   1.3512803e+07   3.9514160e+01
   1.3512829e+07   3.7371826e+01
   1.3513579e+07   3.1658936e+01
   1.3513832e+07   4.4274902e+01
   1.3514147e+07   4.8797607e+01
   1.3514469e+07   4.7845459e+01
   1.3585954e+07   8.7597656e+01
   1.3599464e+07   8.7835693e+01
   1.3599631e+07   7.3315430e+01
   1.3599784e+07   6.3793945e+01
   1.3600007e+07   6.7126465e+01
   1.3613008e+07   2.9992676e+01
   1.3613070e+07   2.8564453e+01
   1.3613137e+07   7.4981689e+01
   1.3613307e+07   7.0220947e+01
   1.3613359e+07   3.0706787e+01
   1.3613386e+07   3.9514160e+01
   1.3613512e+07   3.4991455e+01
   1.3614464e+07   4.9511719e+01
   1.3633412e+07   2.8564453e+01
   1.3633609e+07   9.6405029e+01
   1.3633645e+07   3.1658936e+01
   1.3633722e+07   6.8792725e+01
   1.3633800e+07   3.7847900e+01
   1.3633824e+07   2.7850342e+01
   1.3633935e+07   2.8564453e+01
   1.3634939e+07   5.1416016e+01
   1.3697559e+07   8.6645508e+01
   1.3697746e+07   8.0456543e+01
   1.3697945e+07   6.7840576e+01
   1.3721068e+07   2.9754639e+01
   1.3721166e+07   7.4029541e+01
   1.3721200e+07   2.9516602e+01
   1.3721254e+07   7.7600098e+01
   1.3721319e+07   3.7609863e+01
   1.3721347e+07   2.8088379e+01
   1.3723014e+07   3.2135010e+01
   1.3724189e+07   5.4748535e+01
   1.3832520e+07   2.8088379e+01
   1.3832607e+07   8.9263916e+01
   1.3832716e+07   8.1646729e+01
   1.3832908e+07   5.9985352e+01
   1.3896797e+07   9.4738770e+01
   1.3896904e+07   8.0694580e+01
   1.3897838e+07   8.0456543e+01
   1.3897954e+07   5.9747314e+01
   1.3898047e+07   5.6414795e+01
   1.3898378e+07   4.0466309e+01
   1.3912765e+07   6.6174316e+01
   1.4039913e+07   2.9278564e+01
   1.4039946e+07   3.3325195e+01
   1.4039997e+07   3.2849121e+01
   1.4040053e+07   8.9978027e+01
   1.4040063e+07   3.4039307e+01
   1.4040134e+07   7.9742432e+01
   1.4040160e+07   2.8326416e+01
   1.4040228e+07   2.7850342e+01
   1.4040258e+07   2.8326416e+01
   1.4040488e+07   6.8316650e+01
   1.4067218e+07   3.0230713e+01
   1.4067316e+07   2.9040527e+01
   1.4067360e+07   9.5452881e+01
   1.4067382e+07   3.0944824e+01
   1.4067435e+07   7.3791504e+01
   1.4067483e+07   3.0706787e+01
   1.4068767e+07   3.7371826e+01
   1.4069112e+07   4.7845459e+01
   1.4069449e+07   4.2370605e+01
   1.4214952e+07   9.0216064e+01
   1.4215207e+07   8.4265137e+01
   1.4215349e+07   7.9504395e+01
   1.4215452e+07   5.8081055e+01
   1.4327895e+07   7.9742432e+01
   1.4328146e+07   2.8326416e+01
   1.4328219e+07   9.0692139e+01
   1.4328349e+07   7.5219727e+01
   1.4328360e+07   3.1182861e+01
   1.4328430e+07   4.8559570e+01
   1.4328487e+07   2.9754639e+01
   1.4328516e+07   3.2373047e+01
   1.4329306e+07   6.2841797e+01
   1.4481462e+07   2.8088379e+01
   1.4481570e+07   8.6169434e+01
   1.4481721e+07   7.6647949e+01
   1.4481835e+07   6.1651611e+01
   1.4481904e+07   3.3087158e+01
   1.4481934e+07   2.7850342e+01
   1.4482307e+07   3.6181641e+01
   1.4618811e+07   2.8088379e+01
   1.4618874e+07   2.7850342e+01
   1.4618895e+07   2.9516602e+01
   1.4618981e+07   2.8088379e+01
   1.4619044e+07   8.2122803e+01
   1.4619122e+07   3.5467529e+01
   1.4619146e+07   8.5217285e+01
   1.4619200e+07   3.3563232e+01
   1.4619241e+07   3.1420898e+01
   1.4619294e+07   2.8564453e+01
   1.4619320e+07   3.1658936e+01
   1.4619621e+07   2.8326416e+01
   1.4620197e+07   2.8564453e+01
   1.4620619e+07   6.4508057e+01
   1.4729202e+07   2.8564453e+01
   1.4729214e+07   3.0468750e+01
   1.4729243e+07   3.1182861e+01
   1.4729332e+07   7.7838135e+01
   1.4729410e+07   8.6407471e+01
   1.4729420e+07   3.5467529e+01
   1.4729500e+07   2.7850342e+01
   1.4729514e+07   6.2841797e+01
   1.4730738e+07   3.4277344e+01
   1.4731064e+07   5.3558350e+01
   1.4731355e+07   5.1416016e+01
   1.4914498e+07   3.4039307e+01
   1.4984891e+07   2.7850342e+01
   1.4985088e+07   7.3553467e+01
   1.4985811e+07   3.4991455e+01
   1.4985826e+07   9.0930176e+01
   1.4985914e+07   2.7850342e+01
   1.4985991e+07   3.7133789e+01
   1.4986067e+07   2.9992676e+01
   1.4986123e+07   2.9516602e+01
   1.4986180e+07   2.8326416e+01
   1.5011957e+07   2.9992676e+01
   1.5012009e+07   3.5705566e+01
   1.5012204e+07   8.6883545e+01
   1.5012368e+07   3.1420898e+01
   1.5012425e+07   8.3789063e+01
   1.5012651e+07   8.1408691e+01
   1.5012892e+07   7.6409912e+01
   1.5013178e+07   6.7364502e+01
   1.5041788e+07   2.9516602e+01
   1.5041860e+07   2.8326416e+01
   1.5041891e+07   8.4503174e+01
   1.5042031e+07   7.8552246e+01
   1.5042263e+07   2.8564453e+01
   1.5127501e+07   2.9516602e+01
   1.5198630e+07   3.0230713e+01
   1.5198655e+07   7.5219727e+01
   1.5198892e+07   7.8790283e+01
   1.5388667e+07   2.8326416e+01
   1.5388724e+07   8.1408691e+01
   1.5388784e+07   3.8323975e+01
   1.5388830e+07   8.7359619e+01
   1.5388944e+07   5.5462646e+01
   1.5388995e+07   3.3801270e+01
   1.5389572e+07   6.1413574e+01
   1.5389856e+07   6.8554688e+01
   1.5389976e+07   2.9754639e+01
   1.5525204e+07   9.8071289e+01
   1.5525500e+07   9.0454102e+01
   1.5582421e+07   2.8326416e+01
   1.5582482e+07   8.5217285e+01
   1.5582632e+07   2.8088379e+01
   1.5582659e+07   7.5695801e+01
   1.5582864e+07   2.9040527e+01
   1.5582910e+07   7.5933838e+01
   1.5583804e+07   7.7600098e+01
   1.5669872e+07   2.8564453e+01
   1.5706559e+07   2.8326416e+01
   1.5706662e+07   2.7850342e+01
   1.5706711e+07   3.2611084e+01
   1.5706805e+07   7.9980469e+01
   1.5706825e+07   3.0230713e+01
   1.5706844e+07   4.1656494e+01
   1.5706862e+07   3.2611084e+01
   1.5706883e+07   7.3315430e+01
   1.5706952e+07   3.9990234e+01
   1.5707823e+07   5.0463867e+01
   1.5708558e+07   3.9752197e+01
   1.5709152e+07   5.0701904e+01
   1.5899939e+07   4.2846680e+01
   1.5899980e+07   2.9516602e+01
   1.5900037e+07   7.5457764e+01
   1.5900154e+07   2.7850342e+01
   1.5900302e+07   9.0216064e+01
   1.5900472e+07   6.4746094e+01
   1.6004281e+07   3.7371826e+01
   1.6004513e+07   7.8790283e+01
   1.6004692e+07   2.8088379e+01
   1.6004919e+07   8.1646729e+01
   1.6005188e+07   8.3312988e+01
   1.6023721e+07   2.9992676e+01
   1.6114594e+07   2.8326416e+01
   1.6115139e+07   3.1658936e+01
   1.6115401e+07   9.4024658e+01
   1.6166699e+07   3.2611084e+01
   1.6166894e+07   3.0230713e+01
   1.6166934e+07   7.2839355e+01
   1.6166951e+07   2.8326416e+01
   1.6167009e+07   3.1182861e+01
   1.6167260e+07   2.8326416e+01
   1.6167752e+07   7.5695801e+01
   1.6168236e+07   7.0935059e+01
   1.6398870e+07   9.2834473e+01
   1.6398899e+07   2.8564453e+01
   1.6399001e+07   8.4265137e+01
   1.6399204e+07   6.4746094e+01
   1.6399443e+07   5.0225830e+01
   1.6399603e+07   6.6888428e+01
   1.6399763e+07   4.3322754e+01
   1.6400723e+07   5.0939941e+01
   1.6418132e+07   2.8088379e+01
   1.6418156e+07   2.9754639e+01
   1.6418284e+07   8.7835693e+01
   1.6418335e+07   2.9754639e+01
   1.6418375e+07   7.3553467e+01
   1.6418412e+07   3.4753418e+01
   1.6418495e+07   6.1651611e+01
   1.6418921e+07   6.6650391e+01
   1.6538578e+07   8.7597656e+01
   1.6700783e+07   2.9992676e+01
   1.6700898e+07   3.1658936e+01
   1.6701047e+07   3.2135010e+01
   1.6701075e+07   8.4503174e+01
   1.6701098e+07   3.1420898e+01
   1.6701167e+07   2.8088379e+01
   1.6701196e+07   7.8076172e+01
   1.6701332e+07   7.0220947e+01
   1.6701426e+07   5.0225830e+01
   1.6701498e+07   2.9040527e+01
   1.6701667e+07   3.4753418e+01
   1.6701825e+07   3.3801270e+01
   1.6720647e+07   3.0706787e+01
   1.6720786e+07   2.9278564e+01
   1.6720828e+07   2.8564453e+01
   1.6720924e+07   9.7357178e+01
   1.6721080e+07   7.4029541e+01
   1.6721308e+07   6.2365723e+01
   1.6802815e+07   2.7850342e+01
   1.6901279e+07   7.6647949e+01
   1.6901363e+07   2.7850342e+01
   1.6901481e+07   3.4515381e+01
   1.6901546e+07   9.0216064e+01
   1.6901697e+07   6.2841797e+01
   1.6901783e+07   3.5705566e+01
   1.6902470e+07   6.0937500e+01
   1.7021447e+07   7.9028320e+01
   1.7021480e+07   2.9040527e+01
   1.7021677e+07   7.2125244e+01
   1.7022262e+07   7.4743652e+01
   1.7262571e+07   1.0116577e+02
   1.7262724e+07   8.5931396e+01
   1.7262944e+07   8.1408691e+01
   1.7263568e+07   6.9268799e+01
   1.7362331e+07   2.7850342e+01
   1.7362418e+07   2.9754639e+01
   1.7362506e+07   2.8564453e+01
   1.7362610e+07   9.9261475e+01
   1.7362681e+07   2.8802490e+01
   1.7362703e+07   6.4746094e+01
   1.7362735e+07   2.8088379e+01
   1.7362777e+07   4.9273682e+01
   1.7362841e+07   2.7850342e+01
   1.7363393e+07   2.8802490e+01
   1.7363419e+07   3.1896973e+01
   1.7363534e+07   2.9040527e+01
   1.7364351e+07   6.7602539e+01
   1.7365386e+07   5.3558350e+01
   1.7465071e+07   9.4024658e+01
   1.7465350e+07   7.5933838e+01
   1.7465395e+07   2.9040527e+01
   1.7465768e+07   6.9744873e+01
   1.7643280e+07   8.3789063e+01
   1.7643369e+07   2.8802490e+01
   1.7643387e+07   2.9040527e+01
   1.7644108e+07   8.1170654e+01
   1.7644378e+07   8.2836914e+01
   1.7775848e+07   3.0944824e+01
   1.7776009e+07   3.0468750e+01
   1.7776110e+07   3.1896973e+01
   1.7776198e+07   9.9023438e+01
   1.7776343e+07   2.7850342e+01
   1.7776380e+07   7.6409912e+01
   1.7776393e+07   3.1182861e+01
   1.7776503e+07   5.9033203e+01
   1.7776587e+07   3.1896973e+01
   1.7776733e+07   2.9516602e+01
   1.7776842e+07   2.7850342e+01
   1.7777351e+07   7.2363281e+01
   1.7777484e+07   4.4989014e+01
   1.7778036e+07   5.6890869e+01
