   1.1999000e+07   0.0000000e+00
   3.1243000e+04   5.3466797e+01
   3.1313000e+04   3.7658691e+01
   3.1356000e+04   3.7780762e+01
   3.1382000e+04   3.9062500e+01
   3.1427000e+04   4.2419434e+01
   3.1456000e+04   4.5959473e+01
   3.1475000e+04   3.7658691e+01
   3.1503000e+04   3.9794922e+01
   3.1533000e+04   4.1198730e+01
   3.1651000e+04   4.5837402e+01
   3.1666000e+04   4.5166016e+01
   3.1688000e+04   4.9011230e+01
   3.1754000e+04   3.9123535e+01
   3.1770000e+04   4.3029785e+01
   3.1794000e+04   4.9072266e+01
   3.2069000e+04   3.7902832e+01
   3.2147000e+04   3.8879395e+01
   3.2437000e+04   3.8269043e+01
   3.2646000e+04   4.5288086e+01
   3.2796000e+04   3.9794922e+01
   3.2927000e+04   4.6508789e+01
   3.3184000e+04   3.9062500e+01
   3.4326000e+04   3.8024902e+01
   9.8700000e+04   3.9123535e+01
   9.9370000e+04   3.8391113e+01
   9.9796000e+04   4.4189453e+01
   1.1374200e+05   5.8410645e+01
   1.1378400e+05   3.9184570e+01
   1.1383300e+05   4.8828125e+01
   1.1386900e+05   4.4067383e+01
   1.1394400e+05   3.8757324e+01
   1.1398800e+05   4.1931152e+01
   1.1401500e+05   4.1870117e+01
   1.1406500e+05   3.7414551e+01
   1.1426700e+05   3.9978027e+01
   1.1473300e+05   3.8208008e+01
   1.4311700e+05   3.9306641e+01
   1.4315700e+05   3.7597656e+01
   1.4317900e+05   5.6030273e+01
   1.4323800e+05   4.3273926e+01
   1.4325800e+05   3.9245605e+01
   1.4330700e+05   4.7973633e+01
   1.4344200e+05   3.8696289e+01
   1.4446800e+05   3.8940430e+01
   1.4839400e+05   4.0222168e+01
   1.6810600e+05   4.0893555e+01
   1.6813800e+05   3.7658691e+01
   1.6818200e+05   4.7241211e+01
   1.6821600e+05   3.7658691e+01
   1.6828500e+05   4.0710449e+01
   1.6832600e+05   4.4250488e+01
   1.6836800e+05   4.3273926e+01
   1.6840600e+05   4.4799805e+01
   1.6843200e+05   3.8879395e+01
   1.6846400e+05   3.9611816e+01
   1.6847600e+05   4.0283203e+01
   1.6849100e+05   4.0283203e+01
   1.6855200e+05   4.1564941e+01
   1.6859200e+05   4.4006348e+01
   1.6861300e+05   4.6875000e+01
   1.6863600e+05   5.6030273e+01
   1.6868400e+05   3.8818359e+01
   1.6876400e+05   4.8767090e+01
   1.6935600e+05   3.8635254e+01
   1.6936700e+05   3.9672852e+01
   1.6946600e+05   3.7475586e+01
   1.9403100e+05   4.0588379e+01
   2.0722300e+05   7.4829102e+01
   2.2518400e+05   4.4128418e+01
   2.2519900e+05   4.1503906e+01
   2.2582400e+05   4.2053223e+01
   2.2615800e+05   4.0588379e+01
   2.2625600e+05   4.6875000e+01
   2.5320200e+05   4.7851563e+01
   2.5333900e+05   3.7902832e+01
   2.5357400e+05   5.9997559e+01
   2.5701600e+05   3.8452148e+01
   2.5704000e+05   3.9428711e+01
   2.5709100e+05   4.2236328e+01
   2.5710200e+05   5.6762695e+01
   2.5713400e+05   4.9621582e+01
   2.5718200e+05   5.0292969e+01
   2.5732600e+05   5.6701660e+01
   2.5738600e+05   4.0527344e+01
   2.5740500e+05   5.3466797e+01
   2.5744900e+05   3.9245605e+01
   2.5747900e+05   4.7729492e+01
   2.5751100e+05   3.9367676e+01
   2.5754800e+05   3.7414551e+01
   2.5773700e+05   3.7414551e+01
   2.5795200e+05   3.7780762e+01
   2.5809200e+05   3.7841797e+01
   2.9177600e+05   4.1687012e+01
   2.9180300e+05   4.2968750e+01
   2.9183600e+05   3.8269043e+01
   2.9196400e+05   4.3518066e+01
   2.9209200e+05   3.9978027e+01
   2.9213800e+05   4.0405273e+01
   2.9253600e+05   4.4616699e+01
   2.9272500e+05   3.8330078e+01
   3.2795000e+05   3.9245605e+01
   3.2797100e+05   4.2053223e+01
   3.2803000e+05   4.0832520e+01
   3.4856400e+05   4.0771484e+01
   3.4857800e+05   4.6752930e+01
   3.4859700e+05   4.1992188e+01
   3.4862600e+05   3.8024902e+01
   3.4867200e+05   4.9377441e+01
   3.4875000e+05   4.2419434e+01
   3.4886500e+05   4.7607422e+01
   3.4893800e+05   4.3945313e+01
   3.7046300e+05   3.8452148e+01
   3.7052600e+05   3.8757324e+01
   3.7065400e+05   4.1931152e+01
   3.7073200e+05   5.2185059e+01
   3.7080200e+05   4.3334961e+01
   3.7083900e+05   4.4189453e+01
   3.7094300e+05   3.7902832e+01
   3.7096900e+05   4.4006348e+01
   3.7102900e+05   4.1015625e+01
   3.7104700e+05   4.0039063e+01
   3.7108500e+05   4.0649414e+01
   3.7124100e+05   4.8278809e+01
   3.7125800e+05   3.8513184e+01
   3.7128500e+05   4.1809082e+01
   3.7182200e+05   3.8330078e+01
   3.7207100e+05   4.4677734e+01
   3.7238000e+05   4.1992188e+01
   3.9875300e+05   3.7719727e+01
   4.0082400e+05   3.9672852e+01
   4.0095300e+05   3.7597656e+01
   4.1719700e+05   3.9489746e+01
   4.1720700e+05   5.1757813e+01
   4.1729400e+05   4.4372559e+01
   4.1734900e+05   5.6579590e+01
   4.1739200e+05   4.2480469e+01
   4.1740800e+05   4.3334961e+01
   4.1747500e+05   3.9062500e+01
   4.1753800e+05   3.8635254e+01
   4.1756500e+05   3.7597656e+01
   4.1766700e+05   4.1809082e+01
   4.1770900e+05   4.4433594e+01
   4.1771900e+05   3.7414551e+01
   4.1776100e+05   3.9001465e+01
   4.1781900e+05   5.0109863e+01
   4.1788100e+05   3.8146973e+01
   4.1792300e+05   3.9550781e+01
   4.1797400e+05   3.8513184e+01
   4.1807500e+05   3.8879395e+01
   4.1809500e+05   4.9133301e+01
   4.1810500e+05   4.2419434e+01
   4.8134300e+05   4.2724609e+01
   4.8160000e+05   3.7414551e+01
   4.8393100e+05   4.0832520e+01
   4.8394900e+05   4.4128418e+01
   4.8400800e+05   4.1748047e+01
   4.8413100e+05   3.7902832e+01
   4.8415100e+05   3.8452148e+01
   4.9018200e+05   3.8208008e+01
   5.0629100e+05   3.7597656e+01
   5.0637000e+05   4.7607422e+01
   5.0654200e+05   3.7475586e+01
   5.0658100e+05   4.5043945e+01
   5.1411400e+05   4.5959473e+01
   5.1447200e+05   3.7841797e+01
   5.1767200e+05   4.8095703e+01
   5.1771100e+05   4.2846680e+01
   5.1773200e+05   4.2785645e+01
   5.1782600e+05   4.7241211e+01
   5.1784700e+05   4.4494629e+01
   5.1786500e+05   3.9123535e+01
   5.1798300e+05   4.3579102e+01
   5.1799900e+05   4.8583984e+01
   5.1815300e+05   3.8757324e+01
   5.1822400e+05   4.3029785e+01
   5.1825200e+05   3.9062500e+01
   5.1832500e+05   3.8940430e+01
   5.1860200e+05   4.0527344e+01
   5.1862900e+05   4.1564941e+01
   5.4208700e+05   4.2846680e+01
   5.4211600e+05   4.4250488e+01
   5.4222900e+05   4.3273926e+01
   5.7448500e+05   3.8330078e+01
   5.7452600e+05   4.0039063e+01
   5.7464100e+05   4.3518066e+01
   5.7469200e+05   4.1625977e+01
   5.7474600e+05   5.2246094e+01
   5.9774800e+05   4.0466309e+01
   5.9783200e+05   4.8583984e+01
   5.9786400e+05   4.5898437e+01
   5.9787900e+05   3.7536621e+01
   5.9816900e+05   3.9855957e+01
   6.1498800e+05   4.0588379e+01
   6.2288600e+05   4.0649414e+01
   6.2289700e+05   5.4138184e+01
   6.2294600e+05   4.0588379e+01
   6.2296600e+05   5.0292969e+01
   6.2302600e+05   4.1870117e+01
   6.2318900e+05   3.9245605e+01
   6.2326900e+05   3.9489746e+01
   6.2336100e+05   3.7841797e+01
   6.4814100e+05   3.9978027e+01
   6.4939700e+05   4.6752930e+01
   6.4944000e+05   4.1870117e+01
   6.4953200e+05   4.2175293e+01
   6.6548000e+05   3.8208008e+01
   6.6587200e+05   4.0954590e+01
   6.6590700e+05   4.3762207e+01
   6.6594500e+05   3.9062500e+01
   6.6605100e+05   5.4443359e+01
   6.6714200e+05   4.2053223e+01
   6.6720000e+05   4.4799805e+01
   6.6729300e+05   3.8879395e+01
   6.6730900e+05   4.4494629e+01
   6.6736600e+05   3.9184570e+01
   6.6753300e+05   4.5471191e+01
   7.1035700e+05   4.0100098e+01
   7.1104200e+05   4.8095703e+01
   7.1308300e+05   3.9123535e+01
   7.3280900e+05   4.7058105e+01
   7.3286700e+05   4.9133301e+01
   7.3307100e+05   4.1503906e+01
   7.3314900e+05   4.2785645e+01
   7.3321000e+05   3.8146973e+01
   7.3324700e+05   4.0832520e+01
   7.4853200e+05   4.0466309e+01
   7.4854700e+05   4.2236328e+01
   7.4992500e+05   5.5908203e+01
   7.4998700e+05   5.0415039e+01
   7.5010000e+05   4.1748047e+01
   7.5012100e+05   3.9672852e+01
   7.5013800e+05   3.7780762e+01
   7.5019600e+05   4.3579102e+01
   7.5025300e+05   4.1748047e+01
   7.5028400e+05   5.0292969e+01
   7.5034600e+05   4.0222168e+01
   7.5038200e+05   3.8146973e+01
   7.5040300e+05   4.6386719e+01
   7.5114900e+05   3.9062500e+01
   8.0772900e+05   4.1381836e+01
   8.0779900e+05   3.8452148e+01
   8.0782000e+05   4.0588379e+01
   8.0797300e+05   3.9855957e+01
   8.3265300e+05   4.6997070e+01
   8.3275200e+05   4.1503906e+01
   8.3277500e+05   4.7485352e+01
   8.3292400e+05   4.1748047e+01
   8.3392300e+05   4.9194336e+01
   8.3396500e+05   3.9001465e+01
   8.3404300e+05   4.1442871e+01
   8.3406400e+05   3.9855957e+01
   8.3408800e+05   4.1015625e+01
   8.3412100e+05   4.0466309e+01
   8.3417700e+05   3.9489746e+01
   8.3423400e+05   4.8522949e+01
   8.3426300e+05   3.8696289e+01
   8.3450500e+05   3.9489746e+01
   8.5826200e+05   4.1442871e+01
   8.5828600e+05   4.2663574e+01
   8.7960800e+05   3.8635254e+01
   8.7971500e+05   4.0527344e+01
   8.7984200e+05   4.1137695e+01
   8.8028600e+05   3.7841797e+01
   9.0191600e+05   6.1035156e+01
   9.0200500e+05   5.3527832e+01
   9.0203300e+05   4.3273926e+01
   9.0214600e+05   4.0771484e+01
   9.3354100e+05   4.5776367e+01
   9.3357500e+05   4.5715332e+01
   9.3360400e+05   4.0771484e+01
   9.3362500e+05   4.8461914e+01
   9.3367100e+05   4.5166016e+01
   9.3371600e+05   4.5837402e+01
   9.3376900e+05   4.3395996e+01
   9.3382100e+05   3.9367676e+01
   9.3390600e+05   4.1015625e+01
   9.3398000e+05   3.7597656e+01
   9.3422000e+05   4.9804688e+01
   9.3476800e+05   3.7414551e+01
   9.3534400e+05   3.7658691e+01
   9.8827300e+05   3.8452148e+01
   1.0022000e+06   3.8757324e+01
   1.0062360e+06   4.1564941e+01
   1.0110260e+06   4.4189453e+01
   1.0110880e+06   5.9631348e+01
   1.0111510e+06   4.0893555e+01
   1.0112120e+06   3.9428711e+01
   1.0353870e+06   3.7719727e+01
   1.0497710e+06   4.8706055e+01
   1.0498320e+06   4.3579102e+01
   1.0498480e+06   4.3640137e+01
   1.0498820e+06   4.3395996e+01
   1.0499100e+06   4.5654297e+01
   1.0499710e+06   4.3090820e+01
   1.0500470e+06   3.9978027e+01
   1.0500570e+06   3.9062500e+01
   1.0501510e+06   3.7841797e+01
   1.0776340e+06   4.4250488e+01
   1.0904320e+06   3.8024902e+01
   1.0904480e+06   6.3232422e+01
   1.0905710e+06   3.8696289e+01
   1.0907630e+06   3.9550781e+01
   1.0909580e+06   3.8391113e+01
   1.1116110e+06   3.7475586e+01
   1.1116710e+06   4.2541504e+01
   1.1118440e+06   4.0405273e+01
   1.1119120e+06   4.5227051e+01
   1.1120060e+06   3.9794922e+01
   1.1121270e+06   4.5532227e+01
   1.1121930e+06   4.0954590e+01
   1.1123360e+06   4.2297363e+01
   1.1123870e+06   4.0710449e+01
   1.1711490e+06   3.9794922e+01
   1.1713530e+06   4.2907715e+01
   1.2027160e+06   3.8085938e+01
   1.2027600e+06   3.8879395e+01
   1.2211440e+06   3.8940430e+01
   1.2211900e+06   3.8879395e+01
   1.2212890e+06   3.8269043e+01
   1.2214350e+06   3.8574219e+01
   1.2216250e+06   4.6752930e+01
   1.2354720e+06   3.9611816e+01
   1.2398160e+06   4.5104980e+01
   1.2398290e+06   4.2236328e+01
   1.2398420e+06   3.9428711e+01
   1.2399280e+06   4.0100098e+01
   1.2401230e+06   4.1992188e+01
   1.2403500e+06   4.0222168e+01
   1.2468580e+06   3.8818359e+01
   1.2616130e+06   3.8513184e+01
   1.2616420e+06   4.6630859e+01
   1.2616590e+06   3.8818359e+01
   1.2617690e+06   4.0649414e+01
   1.2618600e+06   3.9611816e+01
   1.2619550e+06   4.9560547e+01
   1.2619980e+06   3.8024902e+01
   1.2620290e+06   3.7780762e+01
   1.2620790e+06   4.3579102e+01
   1.2621190e+06   4.4494629e+01
   1.2621820e+06   4.0405273e+01
   1.2622210e+06   3.9001465e+01
   1.2624200e+06   4.0832520e+01
   1.2628210e+06   4.2053223e+01
   1.2639170e+06   3.9306641e+01
   1.2865670e+06   3.9062500e+01
   1.2866690e+06   4.6997070e+01
   1.3128320e+06   3.8635254e+01
   1.3128710e+06   4.8828125e+01
   1.3128920e+06   5.3100586e+01
   1.3351160e+06   3.9550781e+01
   1.3352590e+06   5.8288574e+01
   1.3443370e+06   4.4250488e+01
   1.3527090e+06   4.3212891e+01
   1.3527870e+06   3.9367676e+01
   1.3528200e+06   4.8095703e+01
   1.3530020e+06   3.7902832e+01
   1.3652310e+06   4.3884277e+01
   1.3652540e+06   3.8452148e+01
   1.3652750e+06   4.2968750e+01
   1.3653430e+06   5.4931641e+01
   1.3653630e+06   3.8391113e+01
   1.3655740e+06   3.8024902e+01
   1.3681190e+06   4.0344238e+01
   1.3943510e+06   4.5593262e+01
   1.3943780e+06   4.2297363e+01
   1.3944260e+06   3.9733887e+01
   1.3946600e+06   3.9978027e+01
   1.3948200e+06   4.4189453e+01
   1.3948540e+06   5.1208496e+01
   1.3948720e+06   4.2846680e+01
   1.3950030e+06   3.8574219e+01
   1.3950660e+06   4.0527344e+01
   1.3950850e+06   4.1076660e+01
   1.3953400e+06   4.0283203e+01
   1.3962270e+06   3.7719727e+01
   1.4707930e+06   5.0109863e+01
   1.4855830e+06   3.7963867e+01
   1.4868340e+06   3.8146973e+01
   1.4886380e+06   3.8513184e+01
   1.4886880e+06   4.1442871e+01
   1.4887160e+06   4.4921875e+01
   1.4887850e+06   3.8818359e+01
   1.4888370e+06   4.1809082e+01
   1.4889070e+06   5.0476074e+01
   1.4889350e+06   4.4433594e+01
   1.5175230e+06   4.2785645e+01
   1.5176620e+06   4.0161133e+01
   1.5205610e+06   4.4921875e+01
   1.5206190e+06   3.8330078e+01
   1.5206710e+06   4.3701172e+01
   1.5444550e+06   4.4860840e+01
   1.5445180e+06   4.4372559e+01
   1.5446100e+06   4.5349121e+01
   1.5446300e+06   4.2602539e+01
   1.5448040e+06   4.0954590e+01
   1.5448510e+06   3.7902832e+01
   1.5451140e+06   4.1625977e+01
   1.5451720e+06   3.8146973e+01
   1.5455170e+06   3.8879395e+01
   1.5455740e+06   4.0405273e+01
   1.5776930e+06   4.3579102e+01
   1.5777170e+06   4.0710449e+01
   1.5777850e+06   4.1687012e+01
   1.5955380e+06   5.4565430e+01
   1.5973300e+06   4.4128418e+01
   1.5973490e+06   4.5410156e+01
   1.5974750e+06   3.8757324e+01
   1.5974970e+06   4.2358398e+01
   1.5975390e+06   4.0039063e+01
   1.6027130e+06   3.8208008e+01
   1.6197850e+06   3.7414551e+01
   1.6246370e+06   4.9011230e+01
   1.6246770e+06   6.8664551e+01
   1.6247200e+06   5.1452637e+01
   1.6249160e+06   4.7546387e+01
   1.6251140e+06   3.9733887e+01
   1.6253240e+06   3.8085938e+01
   1.6257210e+06   4.4372559e+01
   1.6257750e+06   4.0893555e+01
   1.6614990e+06   4.5104980e+01
   1.6615490e+06   4.4128418e+01
   1.6615770e+06   4.0405273e+01
   1.6615880e+06   4.0283203e+01
   1.6617410e+06   4.1259766e+01
   1.6618120e+06   3.9306641e+01
   1.6618690e+06   3.8146973e+01
   1.6619670e+06   3.9489746e+01
   1.7425780e+06   3.9672852e+01
   1.7426410e+06   3.8818359e+01
   1.7436960e+06   4.0832520e+01
   1.7581770e+06   4.4982910e+01
   1.7582650e+06   4.2785645e+01
   1.7847310e+06   3.7475586e+01
   1.7850060e+06   4.1870117e+01
   1.8033840e+06   4.0466309e+01
   1.8036190e+06   5.1635742e+01
   1.8036420e+06   4.3334961e+01
   1.8037760e+06   3.8757324e+01
   1.8038200e+06   4.1870117e+01
   1.8039030e+06   3.9978027e+01
   1.8039630e+06   5.1757813e+01
   1.8043570e+06   3.9123535e+01
   1.8045440e+06   4.4067383e+01
   1.8045650e+06   3.8146973e+01
   1.8331720e+06   3.9855957e+01
   1.8332120e+06   3.9978027e+01
   1.8332830e+06   4.8522949e+01
   1.8333160e+06   5.1452637e+01
   1.8333780e+06   3.9123535e+01
   1.8334100e+06   3.8635254e+01
   1.8334470e+06   4.2358398e+01
   1.8334610e+06   4.0771484e+01
   1.8334910e+06   4.2236328e+01
   1.8336120e+06   3.7658691e+01
   1.8336820e+06   3.9306641e+01
   1.8337680e+06   4.2785645e+01
   1.8338930e+06   3.8635254e+01
   1.8339970e+06   4.3273926e+01
   1.8925950e+06   3.9001465e+01
   1.9166630e+06   4.2846680e+01
   1.9166740e+06   4.4799805e+01
   1.9166990e+06   4.1625977e+01
   1.9167240e+06   3.8879395e+01
   1.9167580e+06   4.1748047e+01
   1.9169420e+06   4.3640137e+01
   1.9169920e+06   4.1992188e+01
   1.9177140e+06   4.4372559e+01
   1.9180790e+06   4.0710449e+01
   1.9448040e+06   4.3395996e+01
   1.9448440e+06   5.8166504e+01
   1.9448590e+06   5.0903320e+01
   1.9449130e+06   3.9794922e+01
   1.9449320e+06   5.1330566e+01
   1.9450030e+06   4.8522949e+01
   1.9467960e+06   3.9367676e+01
   1.9693100e+06   4.3334961e+01
   1.9695690e+06   4.6508789e+01
   1.9696540e+06   4.0344238e+01
   1.9697030e+06   4.0832520e+01
   1.9697670e+06   4.9743652e+01
   1.9852080e+06   4.0954590e+01
   1.9852590e+06   4.5227051e+01
   1.9852970e+06   3.9978027e+01
   1.9853280e+06   4.0954590e+01
   1.9854300e+06   3.8513184e+01
   1.9854810e+06   3.8940430e+01
   1.9855190e+06   4.2541504e+01
   1.9855310e+06   4.0771484e+01
   1.9857450e+06   3.7780762e+01
   1.9859130e+06   4.1015625e+01
   1.9859410e+06   3.9611816e+01
   1.9860020e+06   4.1503906e+01
   1.9860700e+06   3.7658691e+01
   1.9861110e+06   4.1809082e+01
   2.0228050e+06   4.0161133e+01
   2.0228380e+06   3.9550781e+01
   2.0229050e+06   3.9978027e+01
   2.0432870e+06   3.7963867e+01
   2.0433260e+06   4.2358398e+01
   2.0433630e+06   3.8024902e+01
   2.0448550e+06   4.0283203e+01
   2.0449250e+06   4.1076660e+01
   2.0450230e+06   4.0588379e+01
   2.0450640e+06   4.1259766e+01
   2.0456910e+06   3.8391113e+01
   2.0634910e+06   4.2907715e+01
   2.0636030e+06   4.2419434e+01
   2.0799590e+06   4.8278809e+01
   2.0800470e+06   4.6752930e+01
   2.0801880e+06   4.1015625e+01
   2.0802470e+06   4.1503906e+01
   2.0805890e+06   4.5349121e+01
   2.1016300e+06   5.1025391e+01
   2.1016700e+06   4.3273926e+01
   2.1016980e+06   3.9367676e+01
   2.1026880e+06   4.1748047e+01
   2.1027370e+06   3.8391113e+01
   2.1028010e+06   3.7780762e+01
   2.1028210e+06   4.2785645e+01
   2.1029080e+06   4.0710449e+01
   2.1280850e+06   4.0100098e+01
   2.1282250e+06   3.7658691e+01
   2.1283550e+06   3.9306641e+01
   2.1295100e+06   3.8635254e+01
   2.1493130e+06   3.9367676e+01
   2.1493410e+06   4.3640137e+01
   2.1493880e+06   3.9367676e+01
   2.1494470e+06   3.8208008e+01
   2.1494910e+06   3.9428711e+01
   2.1495250e+06   5.1452637e+01
   2.1495560e+06   4.2907715e+01
   2.1495810e+06   3.8024902e+01
   2.1496420e+06   4.9133301e+01
   2.1496990e+06   3.8696289e+01
   2.1497320e+06   3.8696289e+01
   2.1498090e+06   3.9733887e+01
   2.1500000e+06   4.1870117e+01
   2.1502890e+06   3.8146973e+01
   2.1504350e+06   4.1625977e+01
   2.2082260e+06   4.0344238e+01
   2.2082750e+06   4.0283203e+01
   2.2083040e+06   3.8757324e+01
   2.2088080e+06   3.9001465e+01
   2.2421150e+06   4.0344238e+01
   2.2488160e+06   3.7963867e+01
   2.2592920e+06   4.9987793e+01
   2.2596250e+06   4.0771484e+01
   2.2610710e+06   4.8217773e+01
   2.2846620e+06   3.7963867e+01
   2.2847560e+06   4.4494629e+01
   2.2849670e+06   4.0649414e+01
   2.2850840e+06   3.9428711e+01
   2.2855300e+06   4.9133301e+01
   2.3112680e+06   4.6936035e+01
   2.3115090e+06   4.2846680e+01
   2.3115620e+06   3.7597656e+01
   2.3126650e+06   4.5043945e+01
   2.3126760e+06   3.8940430e+01
   2.3127330e+06   3.9428711e+01
   2.3127910e+06   4.2724609e+01
   2.3128980e+06   3.8940430e+01
   2.3129400e+06   4.1320801e+01
   2.3139940e+06   3.8024902e+01
   2.3142280e+06   4.1748047e+01
   2.3671570e+06   4.1564941e+01
   2.3935450e+06   4.5776367e+01
   2.3941140e+06   4.4616699e+01
   2.3941290e+06   4.0100098e+01
   2.3942200e+06   3.7536621e+01
   2.3944700e+06   3.9611816e+01
   2.4317940e+06   6.2377930e+01
   2.4318370e+06   3.9367676e+01
   2.4318640e+06   4.3579102e+01
   2.4319400e+06   3.7719727e+01
   2.4319670e+06   4.6813965e+01
   2.4320000e+06   3.9306641e+01
   2.4320800e+06   3.7963867e+01
   2.4335440e+06   4.0100098e+01
   2.4335940e+06   4.3395996e+01
   2.4535530e+06   3.7597656e+01
   2.4537610e+06   3.7963867e+01
   2.4628890e+06   3.9367676e+01
   2.4630330e+06   4.5532227e+01
   2.4631200e+06   3.9428711e+01
   2.4745050e+06   3.7536621e+01
   2.4745280e+06   3.8574219e+01
   2.4745800e+06   4.7668457e+01
   2.4746680e+06   3.9245605e+01
   2.4746840e+06   4.2968750e+01
   2.4747100e+06   3.7780762e+01
   2.4747280e+06   4.0344238e+01
   2.4747900e+06   4.2663574e+01
   2.4748360e+06   3.7658691e+01
   2.4748480e+06   5.0598145e+01
   2.4748850e+06   4.9926758e+01
   2.4749750e+06   4.3395996e+01
   2.4953520e+06   3.8269043e+01
   2.4954030e+06   4.5227051e+01
   2.4954170e+06   4.0405273e+01
   2.4954320e+06   3.9123535e+01
   2.4954570e+06   3.9428711e+01
   2.4954760e+06   4.1320801e+01
   2.4955050e+06   4.3151855e+01
   2.4955310e+06   4.4677734e+01
   2.4955510e+06   3.9794922e+01
   2.4955690e+06   4.3334961e+01
   2.4956010e+06   3.9611816e+01
   2.4956220e+06   4.3640137e+01
   2.4956930e+06   3.8513184e+01
   2.4958500e+06   3.8269043e+01
   2.4959860e+06   3.8391113e+01
   2.4961730e+06   3.7963867e+01
   2.4965990e+06   4.2724609e+01
   2.4967460e+06   4.7912598e+01
   2.4968180e+06   3.7719727e+01
   2.5362680e+06   4.3701172e+01
   2.5392520e+06   4.2541504e+01
   2.5392790e+06   4.1076660e+01
   2.5393220e+06   3.7719727e+01
   2.5393500e+06   5.4504395e+01
   2.5393910e+06   4.2968750e+01
   2.5394280e+06   4.4677734e+01
   2.5394590e+06   4.8828125e+01
   2.5395360e+06   4.0649414e+01
   2.5644970e+06   4.4067383e+01
   2.5645750e+06   3.9489746e+01
   2.5647240e+06   4.2175293e+01
   2.5653180e+06   3.8696289e+01
   2.5654270e+06   3.9062500e+01
   2.5898290e+06   4.5043945e+01
   2.5899330e+06   5.1818848e+01
   2.5900230e+06   3.7658691e+01
   2.6152810e+06   3.8391113e+01
   2.6153030e+06   3.9978027e+01
   2.6153750e+06   3.7658691e+01
   2.6154150e+06   3.9062500e+01
   2.6154320e+06   3.7719727e+01
   2.6154700e+06   4.1381836e+01
   2.6155080e+06   4.1992188e+01
   2.6155230e+06   3.8208008e+01
   2.6155700e+06   4.7180176e+01
   2.6155940e+06   3.9855957e+01
   2.6156120e+06   4.6142578e+01
   2.6156890e+06   4.5227051e+01
   2.6157330e+06   4.2053223e+01
   2.6161710e+06   3.7963867e+01
   2.6399850e+06   4.3212891e+01
   2.6400150e+06   3.8513184e+01
   2.6400360e+06   3.9062500e+01
   2.6400580e+06   4.2175293e+01
   2.6400900e+06   3.8391113e+01
   2.6401790e+06   4.4372559e+01
   2.6402210e+06   4.7302246e+01
   2.6403250e+06   3.8818359e+01
   2.6404000e+06   3.8208008e+01
   2.6644700e+06   5.4138184e+01
   2.6644860e+06   5.1818848e+01
   2.6644970e+06   3.7719727e+01
   2.6645890e+06   3.9062500e+01
   2.6658950e+06   4.3640137e+01
   2.6820780e+06   4.1320801e+01
   2.6821590e+06   4.1259766e+01
   2.6822720e+06   4.3273926e+01
   2.6858010e+06   4.3273926e+01
   2.6858510e+06   4.5776367e+01
   2.6858950e+06   4.6569824e+01
   2.6859290e+06   3.8146973e+01
   2.6859410e+06   3.9367676e+01
   2.6859950e+06   3.8085938e+01
   2.6860280e+06   4.0222168e+01
   2.6860470e+06   5.2551270e+01
   2.6860770e+06   4.2602539e+01
   2.6861550e+06   4.3334961e+01
   2.6870680e+06   3.7597656e+01
   2.6871430e+06   3.9611816e+01
   2.6876630e+06   3.8085938e+01
   2.6882130e+06   4.0527344e+01
   2.7582710e+06   4.4311523e+01
   2.7583650e+06   3.7414551e+01
   2.7725400e+06   4.1198730e+01
   2.7725680e+06   3.9245605e+01
   2.7725950e+06   4.4067383e+01
   2.7726230e+06   4.7058105e+01
   2.7726690e+06   4.2297363e+01
   2.7726810e+06   3.9611816e+01
   2.7949670e+06   4.9987793e+01
   2.7952210e+06   4.0771484e+01
   2.7975450e+06   4.0466309e+01
   2.7975740e+06   3.8391113e+01
   2.7976850e+06   5.5358887e+01
   2.7978330e+06   4.0466309e+01
   2.8318930e+06   4.3518066e+01
   2.8319350e+06   4.3029785e+01
   2.8319710e+06   3.7658691e+01
   2.8320000e+06   3.7902832e+01
   2.8320400e+06   3.7963867e+01
   2.8320560e+06   4.5959473e+01
   2.8320700e+06   4.5104980e+01
   2.8321120e+06   3.8574219e+01
   2.8322080e+06   3.7658691e+01
   2.8323040e+06   4.0466309e+01
   2.8326850e+06   3.9184570e+01
   2.8327090e+06   3.8513184e+01
   2.8334970e+06   3.7719727e+01
   2.8856990e+06   4.8645020e+01
   2.8857560e+06   4.7180176e+01
   2.8858810e+06   4.3090820e+01
   2.8859120e+06   3.9184570e+01
   2.8859440e+06   3.7658691e+01
   2.8861850e+06   3.7658691e+01
   2.8884310e+06   3.9550781e+01
   2.9036520e+06   4.1992188e+01
   2.9036900e+06   3.7719727e+01
   2.9037640e+06   3.8879395e+01
   2.9099600e+06   4.7363281e+01
   2.9100340e+06   3.7841797e+01
   2.9112470e+06   4.1320801e+01
   2.9272070e+06   4.8034668e+01
   2.9273030e+06   5.2062988e+01
   2.9273220e+06   4.0466309e+01
   2.9274210e+06   3.9184570e+01
   2.9274700e+06   4.6997070e+01
   2.9275010e+06   5.4260254e+01
   2.9275420e+06   3.8024902e+01
   2.9462710e+06   4.5471191e+01
   2.9462910e+06   3.9367676e+01
   2.9463200e+06   4.6386719e+01
   2.9463450e+06   4.7180176e+01
   2.9464010e+06   5.0048828e+01
   2.9472400e+06   4.0100098e+01
   2.9480360e+06   3.7719727e+01
   2.9481160e+06   4.2419434e+01
   2.9481400e+06   4.1076660e+01
   2.9482150e+06   4.0161133e+01
   2.9482400e+06   4.4006348e+01
   2.9483210e+06   3.7475586e+01
   2.9483390e+06   4.6997070e+01
   2.9484470e+06   4.0466309e+01
   2.9739760e+06   4.4799805e+01
   2.9739950e+06   4.8400879e+01
   2.9740600e+06   4.2541504e+01
   2.9740810e+06   3.9550781e+01
   2.9853220e+06   3.9794922e+01
   2.9854870e+06   5.6945801e+01
   2.9855990e+06   5.7312012e+01
   2.9856320e+06   4.0771484e+01
   2.9856470e+06   3.8940430e+01
   2.9857360e+06   4.3823242e+01
   2.9857610e+06   4.3212891e+01
   2.9857800e+06   4.6936035e+01
   2.9858030e+06   4.8583984e+01
   2.9858430e+06   4.3151855e+01
   2.9860360e+06   4.5532227e+01
   2.9864430e+06   4.1076660e+01
   2.9865130e+06   4.4555664e+01
   3.0297230e+06   4.4128418e+01
   3.0315270e+06   3.9001465e+01
   3.0315940e+06   5.7800293e+01
   3.0316790e+06   3.8146973e+01
   3.0318060e+06   3.7963867e+01
   3.0553460e+06   3.7963867e+01
   3.0553590e+06   4.5532227e+01
   3.0553790e+06   4.6203613e+01
   3.0554220e+06   4.4982910e+01
   3.0554350e+06   5.5969238e+01
   3.0554730e+06   3.8696289e+01
   3.0555160e+06   3.8330078e+01
   3.0555390e+06   3.7658691e+01
   3.0556350e+06   3.9550781e+01
   3.0561000e+06   3.7780762e+01
   3.0832420e+06   4.9560547e+01
   3.0833220e+06   4.4982910e+01
   3.0833590e+06   3.7536621e+01
   3.0834460e+06   3.7658691e+01
   3.0835580e+06   3.9978027e+01
   3.0836300e+06   3.8208008e+01
   3.0836910e+06   4.4677734e+01
   3.0853310e+06   4.1809082e+01
   3.0854540e+06   4.3090820e+01
   3.1109520e+06   3.8513184e+01
   3.1110180e+06   4.0161133e+01
   3.1121190e+06   3.7475586e+01
   3.1311490e+06   4.9377441e+01
   3.1312000e+06   3.9489746e+01
   3.1312240e+06   3.9123535e+01
   3.1313700e+06   3.7780762e+01
   3.1314210e+06   3.9245605e+01
   3.1568250e+06   5.2490234e+01
   3.1569720e+06   4.5532227e+01
   3.1570160e+06   3.8635254e+01
   3.1570880e+06   5.1696777e+01
   3.1570990e+06   4.1198730e+01
   3.1571240e+06   4.0710449e+01
   3.1573700e+06   3.9855957e+01
   3.1574320e+06   4.2907715e+01
   3.1865470e+06   4.3212891e+01
   3.1865850e+06   3.9001465e+01
   3.1865980e+06   3.8757324e+01
   3.1866170e+06   4.2785645e+01
   3.1866830e+06   4.1442871e+01
   3.1867290e+06   5.2124023e+01
   3.1868200e+06   4.2541504e+01
   3.2111000e+06   3.8818359e+01
   3.2111660e+06   3.9489746e+01
   3.2116510e+06   3.8940430e+01
   3.2117440e+06   4.0344238e+01
   3.2118170e+06   4.2541504e+01
   3.2118800e+06   4.6630859e+01
   3.2119010e+06   4.3945313e+01
   3.2119700e+06   3.9611816e+01
   3.2120590e+06   4.5654297e+01
   3.2122650e+06   3.7841797e+01
   3.2123630e+06   3.9245605e+01
   3.2438980e+06   4.1870117e+01
   3.2449230e+06   4.7851563e+01
   3.2450170e+06   3.8024902e+01
   3.2450480e+06   4.2968750e+01
   3.2450810e+06   5.6640625e+01
   3.2450920e+06   4.0405273e+01
   3.2451780e+06   4.4128418e+01
   3.2451890e+06   4.2968750e+01
   3.2686230e+06   3.7475586e+01
   3.2686590e+06   3.8269043e+01
   3.2687160e+06   3.7597656e+01
   3.2687280e+06   5.0537109e+01
   3.2687390e+06   3.7719727e+01
   3.2687530e+06   4.8522949e+01
   3.2688020e+06   4.3823242e+01
   3.2688290e+06   3.7536621e+01
   3.2688680e+06   4.2114258e+01
   3.2688850e+06   4.7546387e+01
   3.2689330e+06   4.4799805e+01
   3.2689660e+06   4.0100098e+01
   3.2690010e+06   4.0832520e+01
   3.2690130e+06   4.1442871e+01
   3.2691040e+06   4.1137695e+01
   3.2828230e+06   5.4321289e+01
   3.2828560e+06   4.1076660e+01
   3.2829410e+06   4.7668457e+01
   3.2830910e+06   3.8696289e+01
   3.2831150e+06   4.2785645e+01
   3.2996020e+06   4.5471191e+01
   3.2996790e+06   5.3955078e+01
   3.2997090e+06   4.0100098e+01
   3.2997360e+06   5.9631348e+01
   3.2997690e+06   3.8269043e+01
   3.2998150e+06   3.7963867e+01
   3.2998420e+06   4.3395996e+01
   3.2998760e+06   3.8452148e+01
   3.2998860e+06   4.4860840e+01
   3.2999480e+06   3.9916992e+01
   3.2999700e+06   3.9001465e+01
   3.2999870e+06   5.1208496e+01
   3.3000090e+06   3.7719727e+01
   3.3005240e+06   3.8024902e+01
   3.3013470e+06   3.9428711e+01
   3.3038700e+06   3.7719727e+01
   3.3523350e+06   3.9428711e+01
   3.3524240e+06   4.0466309e+01
   3.3542610e+06   4.3334961e+01
   3.3745830e+06   5.7800293e+01
   3.3746230e+06   4.1931152e+01
   3.3746710e+06   3.7658691e+01
   3.3747130e+06   4.0161133e+01
   3.3885490e+06   4.1259766e+01
   3.3885890e+06   4.5410156e+01
   3.3886410e+06   4.0832520e+01
   3.3886530e+06   5.1147461e+01
   3.3887130e+06   3.9001465e+01
   3.3887590e+06   3.8940430e+01
   3.3888860e+06   3.8330078e+01
   3.3889740e+06   3.8269043e+01
   3.3890690e+06   3.7475586e+01
   3.3892330e+06   3.9001465e+01
   3.3893000e+06   4.0527344e+01
   3.4225430e+06   3.8452148e+01
   3.4226330e+06   4.0466309e+01
   3.4227000e+06   4.3762207e+01
   3.4227650e+06   4.6203613e+01
   3.4252770e+06   5.4565430e+01
   3.4254310e+06   4.6936035e+01
   3.4270890e+06   5.5175781e+01
   3.4271290e+06   3.9184570e+01
   3.4271470e+06   4.4433594e+01
   3.4271930e+06   3.9245605e+01
   3.4272170e+06   4.0405273e+01
   3.4272350e+06   4.0649414e+01
   3.4272720e+06   3.9306641e+01
   3.4272880e+06   5.1696777e+01
   3.4277070e+06   4.0039063e+01
   3.4277470e+06   3.7841797e+01
   3.4520500e+06   4.3518066e+01
   3.4520620e+06   4.6813965e+01
   3.4521180e+06   4.6630859e+01
   3.4541840e+06   5.5908203e+01
   3.4541990e+06   4.2480469e+01
   3.4542410e+06   4.3762207e+01
   3.4542540e+06   3.9245605e+01
   3.4542770e+06   3.9123535e+01
   3.4543120e+06   3.8696289e+01
   3.4544130e+06   4.6081543e+01
   3.4544830e+06   4.0649414e+01
   3.4545270e+06   4.0344238e+01
   3.4545380e+06   4.1442871e+01
   3.4545750e+06   4.0405273e+01
   3.4546440e+06   4.3090820e+01
   3.4547770e+06   3.7414551e+01
   3.5261070e+06   3.8574219e+01
   3.5261650e+06   4.3518066e+01
   3.5495540e+06   5.3222656e+01
   3.5495910e+06   4.8156738e+01
   3.5496690e+06   6.0668945e+01
   3.5497280e+06   3.7414551e+01
   3.5497440e+06   4.5837402e+01
   3.5497800e+06   4.5776367e+01
   3.5498930e+06   4.0954590e+01
   3.5533600e+06   4.2785645e+01
   3.5533840e+06   4.3640137e+01
   3.5534200e+06   4.6691895e+01
   3.5535420e+06   4.2663574e+01
   3.5535650e+06   3.8085938e+01
   3.5536430e+06   3.8085938e+01
   3.5756140e+06   4.3701172e+01
   3.5756680e+06   3.9978027e+01
   3.5757270e+06   3.8574219e+01
   3.5758720e+06   3.8208008e+01
   3.5877640e+06   4.3151855e+01
   3.5877950e+06   4.1381836e+01
   3.5879430e+06   3.8024902e+01
   3.5879950e+06   3.9306641e+01
   3.6026150e+06   4.3334961e+01
   3.6026820e+06   4.4738770e+01
   3.6027130e+06   4.0527344e+01
   3.6040410e+06   3.8818359e+01
   3.6041480e+06   4.3334961e+01
   3.6041960e+06   5.5480957e+01
   3.6042280e+06   4.1564941e+01
   3.6042420e+06   3.9855957e+01
   3.6043090e+06   4.1137695e+01
   3.6043270e+06   4.0039063e+01
   3.6043850e+06   4.1503906e+01
   3.6045480e+06   3.9672852e+01
   3.6052130e+06   4.1687012e+01
   3.6063510e+06   3.8757324e+01
   3.6633290e+06   4.2724609e+01
   3.6648630e+06   3.8208008e+01
   3.6648870e+06   5.5175781e+01
   3.6649000e+06   3.8818359e+01
   3.6649490e+06   4.0954590e+01
   3.6649720e+06   4.0283203e+01
   3.6649960e+06   4.1625977e+01
   3.6650150e+06   3.7658691e+01
   3.6650990e+06   4.0893555e+01
   3.6939230e+06   3.8879395e+01
   3.6939570e+06   3.7597656e+01
   3.6939730e+06   3.9245605e+01
   3.6939970e+06   4.5471191e+01
   3.6940340e+06   3.9306641e+01
   3.6940520e+06   4.0283203e+01
   3.7108930e+06   3.8513184e+01
   3.7109440e+06   4.4006348e+01
   3.7110020e+06   4.7790527e+01
   3.7110640e+06   3.9855957e+01
   3.7348350e+06   4.3823242e+01
   3.7348720e+06   3.7719727e+01
   3.7516040e+06   5.4321289e+01
   3.7517170e+06   3.9245605e+01
   3.7577610e+06   3.9001465e+01
   3.7578200e+06   4.2358398e+01
   3.7579440e+06   4.6325684e+01
   3.7580410e+06   5.2062988e+01
   3.7580760e+06   3.8513184e+01
   3.7581580e+06   3.9489746e+01
   3.7596750e+06   3.8513184e+01
   3.7954290e+06   4.7058105e+01
   3.7959540e+06   4.8156738e+01
   3.7979200e+06   4.4799805e+01
   3.7979430e+06   5.1574707e+01
   3.7980220e+06   3.8940430e+01
   3.7980470e+06   4.1564941e+01
   3.7981160e+06   4.1748047e+01
   3.7981320e+06   3.7841797e+01
   3.7982110e+06   3.8696289e+01
   3.7982450e+06   3.9428711e+01
   3.8235730e+06   3.7597656e+01
   3.8236260e+06   4.3212891e+01
   3.8236970e+06   3.9367676e+01
   3.8237750e+06   4.6386719e+01
   3.8238670e+06   4.1015625e+01
   3.8240760e+06   3.8818359e+01
   3.8594480e+06   4.4555664e+01
   3.8594700e+06   4.4128418e+01
   3.8615350e+06   4.4433594e+01
   3.8615900e+06   4.3457031e+01
   3.8616250e+06   4.4006348e+01
   3.8616640e+06   3.9062500e+01
   3.8617260e+06   4.6447754e+01
   3.8617430e+06   3.9245605e+01
   3.8854930e+06   3.9062500e+01
   3.8960040e+06   4.1381836e+01
   3.8960430e+06   4.0588379e+01
   3.8961240e+06   5.0781250e+01
   3.8962390e+06   4.7180176e+01
   3.8963450e+06   4.9987793e+01
   3.8965750e+06   4.3457031e+01
   3.8965960e+06   4.6203613e+01
   3.9348480e+06   4.0527344e+01
   3.9367820e+06   3.8085938e+01
   3.9368090e+06   4.0222168e+01
   3.9368360e+06   3.8513184e+01
   3.9368770e+06   4.1320801e+01
   3.9369150e+06   4.2724609e+01
   3.9370350e+06   4.1198730e+01
   3.9370560e+06   4.0283203e+01
   3.9370950e+06   3.9978027e+01
   3.9372930e+06   3.9306641e+01
   3.9689200e+06   4.3457031e+01
   3.9699120e+06   3.7475586e+01
   3.9699540e+06   4.7241211e+01
   3.9700230e+06   3.8330078e+01
   3.9700670e+06   4.0466309e+01
   3.9701440e+06   3.9611816e+01
   3.9917450e+06   3.8574219e+01
   3.9918250e+06   3.7963867e+01
   3.9918480e+06   4.5654297e+01
   4.0174830e+06   4.5471191e+01
   4.0175970e+06   3.7658691e+01
   4.0176700e+06   4.9072266e+01
   4.0202470e+06   3.9001465e+01
   4.0202600e+06   4.9133301e+01
   4.0511710e+06   3.9123535e+01
   4.0512070e+06   3.8818359e+01
   4.0512390e+06   3.8085938e+01
   4.0512920e+06   4.4311523e+01
   4.0522050e+06   4.1748047e+01
   4.0556620e+06   3.8696289e+01
   4.0769110e+06   4.0954590e+01
   4.0883380e+06   3.9184570e+01
   4.0884090e+06   4.2724609e+01
   4.0886820e+06   4.2175293e+01
   4.0887720e+06   4.0344238e+01
   4.1179890e+06   3.9794922e+01
   4.1180170e+06   5.5419922e+01
   4.1180310e+06   4.8156738e+01
   4.1180580e+06   4.4738770e+01
   4.1180770e+06   3.7475586e+01
   4.1181350e+06   5.8532715e+01
   4.1181970e+06   4.9865723e+01
   4.1182570e+06   3.7597656e+01
   4.1182810e+06   4.4433594e+01
   4.1183230e+06   3.7414551e+01
   4.1183860e+06   4.4189453e+01
   4.1185480e+06   4.0771484e+01
   4.1739520e+06   4.2724609e+01
   4.1749490e+06   4.5104980e+01
   4.1749970e+06   6.0302734e+01
   4.1750580e+06   4.0832520e+01
   4.1751080e+06   4.0527344e+01
   4.1751400e+06   3.8208008e+01
   4.2066850e+06   3.8391113e+01
   4.2222320e+06   4.0222168e+01
   4.2222580e+06   3.9978027e+01
   4.2223430e+06   5.2856445e+01
   4.2223970e+06   3.7475586e+01
   4.2419160e+06   5.5114746e+01
   4.2419500e+06   4.0527344e+01
   4.2434850e+06   4.0161133e+01
   4.2449810e+06   3.7841797e+01
   4.2450060e+06   4.3151855e+01
   4.2452020e+06   5.1330566e+01
   4.2453010e+06   4.5227051e+01
   4.2854820e+06   3.9245605e+01
   4.2855110e+06   4.0527344e+01
   4.2855570e+06   3.7414551e+01
   4.2855720e+06   4.0832520e+01
   4.2858700e+06   3.7414551e+01
   4.3134900e+06   3.9733887e+01
   4.3135270e+06   4.8889160e+01
   4.3135770e+06   3.8391113e+01
   4.3136780e+06   4.4738770e+01
   4.3142940e+06   3.9611816e+01
   4.3420990e+06   4.0588379e+01
   4.3421440e+06   4.2053223e+01
   4.3437330e+06   3.8024902e+01
   4.3437640e+06   4.3395996e+01
   4.3438010e+06   5.2062988e+01
   4.3438160e+06   3.8574219e+01
   4.3439040e+06   4.1931152e+01
   4.3439300e+06   3.7780762e+01
   4.3749420e+06   4.3762207e+01
   4.3771030e+06   3.7780762e+01
   4.3807940e+06   3.9428711e+01
   4.3914200e+06   4.0222168e+01
   4.3914880e+06   4.3518066e+01
   4.3915260e+06   5.3222656e+01
   4.3915960e+06   3.9672852e+01
   4.3918600e+06   3.7658691e+01
   4.4044120e+06   3.7963867e+01
   4.4044330e+06   3.9611816e+01
   4.4167510e+06   4.0527344e+01
   4.4432650e+06   3.7658691e+01
   4.4440040e+06   4.3029785e+01
   4.4440430e+06   6.4880371e+01
   4.4440980e+06   3.9672852e+01
   4.4441220e+06   4.8095703e+01
   4.4441810e+06   4.2541504e+01
   4.4442100e+06   4.0405273e+01
   4.4442220e+06   4.0710449e+01
   4.4442440e+06   4.1503906e+01
   4.4442600e+06   5.0231934e+01
   4.4442770e+06   4.6752930e+01
   4.4443060e+06   4.5593262e+01
   4.4443500e+06   4.1503906e+01
   4.5087180e+06   3.7780762e+01
   4.5087760e+06   3.7597656e+01
   4.5257080e+06   3.7902832e+01
   4.5260130e+06   3.7780762e+01
   4.5362030e+06   3.8208008e+01
   4.5362540e+06   3.8085938e+01
   4.5363270e+06   3.9062500e+01
   4.5389320e+06   4.8522949e+01
   4.5389580e+06   4.2236328e+01
   4.5391170e+06   4.4006348e+01
   4.5612440e+06   4.1137695e+01
   4.5616460e+06   4.3640137e+01
   4.5827140e+06   4.7119141e+01
   4.5828120e+06   4.7607422e+01
   4.5828640e+06   5.0170898e+01
   4.5829570e+06   3.7963867e+01
   4.5829710e+06   4.0039063e+01
   4.5836530e+06   3.9978027e+01
   4.6111920e+06   4.1687012e+01
   4.6112240e+06   4.1564941e+01
   4.6219610e+06   4.0344238e+01
   4.6220550e+06   3.9184570e+01
   4.6220830e+06   4.2724609e+01
   4.6221490e+06   3.8513184e+01
   4.6221820e+06   3.9489746e+01
   4.6222970e+06   4.4433594e+01
   4.6692210e+06   3.9672852e+01
   4.6692400e+06   3.7536621e+01
   4.6855490e+06   4.2846680e+01
   4.6907230e+06   4.6569824e+01
   4.7118430e+06   4.0405273e+01
   4.7331610e+06   3.9489746e+01
   4.7332010e+06   3.8085938e+01
   4.7333210e+06   3.9978027e+01
   4.7346100e+06   3.8696289e+01
   4.7579200e+06   4.6630859e+01
   4.7579340e+06   3.7658691e+01
   4.7580610e+06   4.3212891e+01
   4.7624890e+06   4.0832520e+01
   4.7625120e+06   4.8706055e+01
   4.7625460e+06   4.0222168e+01
   4.7630950e+06   3.9062500e+01
   4.8070490e+06   4.4189453e+01
   4.8070650e+06   4.1992188e+01
   4.8071220e+06   3.8208008e+01
   4.8071760e+06   3.7597656e+01
   4.8071980e+06   3.7902832e+01
   4.8072560e+06   3.9123535e+01
   4.8078810e+06   3.8330078e+01
   4.8401040e+06   4.0405273e+01
   4.8402280e+06   3.8085938e+01
   4.8420820e+06   4.1076660e+01
   4.8887730e+06   4.8828125e+01
   4.8887930e+06   3.7597656e+01
   4.8888810e+06   4.7851563e+01
   4.8932430e+06   4.0771484e+01
   4.8933190e+06   5.3833008e+01
   4.8933520e+06   4.3334961e+01
   4.8933870e+06   4.1015625e+01
   4.8934580e+06   4.1259766e+01
   4.8937150e+06   4.0771484e+01
   4.8943830e+06   3.7780762e+01
   4.8965820e+06   3.9611816e+01
   4.9428560e+06   5.1879883e+01
   4.9430370e+06   3.9611816e+01
   4.9724240e+06   4.1931152e+01
   4.9725830e+06   4.6936035e+01
   4.9726100e+06   3.9001465e+01
   4.9745530e+06   4.2602539e+01
   5.0014150e+06   3.8269043e+01
   5.0015140e+06   3.7719727e+01
   5.0169670e+06   4.7485352e+01
   5.0213560e+06   4.1564941e+01
   5.0214110e+06   3.7841797e+01
   5.0214750e+06   3.9001465e+01
   5.0215350e+06   4.7363281e+01
   5.0216140e+06   3.7902832e+01
   5.0221860e+06   3.7414551e+01
   5.0879200e+06   4.4677734e+01
   5.0879450e+06   4.0100098e+01
   5.0879750e+06   4.1931152e+01
   5.0880000e+06   3.8635254e+01
   5.1378600e+06   3.7597656e+01
   5.1379710e+06   3.8024902e+01
   5.1659280e+06   4.4250488e+01
   5.1943980e+06   3.9062500e+01
   5.1944470e+06   3.9245605e+01
   5.1955850e+06   4.5532227e+01
   5.1956090e+06   3.7719727e+01
   5.2224860e+06   3.7658691e+01
   5.2227870e+06   4.1076660e+01
   5.2240920e+06   4.4921875e+01
   5.2241530e+06   3.7780762e+01
   5.2242400e+06   4.0161133e+01
   5.2788920e+06   5.0415039e+01
   5.2952640e+06   4.7241211e+01
   5.2953000e+06   5.0170898e+01
   5.2953510e+06   4.6264648e+01
   5.2954730e+06   4.0954590e+01
   5.3084910e+06   3.7841797e+01
   5.3085800e+06   3.9672852e+01
   5.3086220e+06   3.8391113e+01
   5.3156980e+06   4.6020508e+01
   5.3158270e+06   3.7597656e+01
   5.3159290e+06   3.9367676e+01
   5.3159510e+06   4.2907715e+01
   5.3336710e+06   4.2602539e+01
   5.3337040e+06   4.1748047e+01
   5.3672570e+06   4.0100098e+01
   5.3674120e+06   4.0893555e+01
   5.3958340e+06   3.9245605e+01
   5.3958620e+06   4.2236328e+01
   5.4205610e+06   4.0222168e+01
   5.4205940e+06   3.9306641e+01
   5.4206220e+06   4.0832520e+01
   5.4349490e+06   3.9489746e+01
   5.4541570e+06   3.9611816e+01
   5.4681640e+06   3.9855957e+01
   5.4681750e+06   4.4189453e+01
   5.4687420e+06   4.0161133e+01
   5.4688330e+06   3.8879395e+01
   5.5125190e+06   4.0649414e+01
   5.5126150e+06   4.1687012e+01
   5.5254040e+06   3.9123535e+01
   5.5254240e+06   3.9428711e+01
   5.5254780e+06   3.7658691e+01
   5.5506500e+06   4.8400879e+01
   5.5507190e+06   3.8452148e+01
   5.5577650e+06   4.2968750e+01
   5.5831070e+06   3.8208008e+01
   5.5831350e+06   4.4555664e+01
   5.5832810e+06   4.2175293e+01
   5.5833270e+06   4.1076660e+01
   5.5870480e+06   3.7597656e+01
   5.5870730e+06   3.9001465e+01
   5.6157630e+06   4.1198730e+01
   5.6160110e+06   3.8574219e+01
   5.6160860e+06   3.8818359e+01
   5.6161260e+06   4.1442871e+01
   5.6425950e+06   4.0100098e+01
   5.6426900e+06   3.7597656e+01
   5.6754260e+06   4.0649414e+01
   5.6896360e+06   4.1259766e+01
   5.7308060e+06   3.9489746e+01
   5.7548200e+06   4.0527344e+01
   5.7548850e+06   3.7780762e+01
   5.7598020e+06   4.0161133e+01
   5.7598770e+06   5.6762695e+01
   5.7787480e+06   3.8391113e+01
   5.7788910e+06   4.0771484e+01
   5.7789870e+06   3.7780762e+01
   5.7965790e+06   4.2724609e+01
   5.7977410e+06   4.1809082e+01
   5.7978140e+06   4.5654297e+01
   5.7978390e+06   4.2114258e+01
   5.7979050e+06   3.8085938e+01
   5.7982990e+06   3.7597656e+01
   5.8620550e+06   4.0527344e+01
   5.8621350e+06   3.8269043e+01
   5.8647500e+06   4.2419434e+01
   5.8714810e+06   4.1442871e+01
   5.8716010e+06   4.0649414e+01
   5.9032840e+06   4.1198730e+01
   5.9033520e+06   4.0527344e+01
   5.9226060e+06   3.9489746e+01
   5.9226480e+06   4.2419434e+01
   5.9227070e+06   4.0771484e+01
   5.9227940e+06   3.7536621e+01
   5.9745370e+06   4.2297363e+01
   5.9745660e+06   4.1870117e+01
   5.9750050e+06   3.8269043e+01
   5.9751900e+06   3.8269043e+01
   5.9752410e+06   3.9184570e+01
   6.0346310e+06   3.7719727e+01
   6.0441970e+06   4.5043945e+01
   6.0442380e+06   3.8391113e+01
   6.0442490e+06   4.2785645e+01
   6.0442810e+06   3.8330078e+01
   6.0627680e+06   3.8269043e+01
   6.0629110e+06   3.8085938e+01
   6.0739830e+06   3.7902832e+01
   6.0946900e+06   3.7841797e+01
   6.0947150e+06   5.2551270e+01
   6.0947380e+06   4.1320801e+01
   6.0948070e+06   3.9306641e+01
   6.0948530e+06   3.9428711e+01
   6.0948780e+06   3.8879395e+01
   6.0949660e+06   3.8208008e+01
   6.0950810e+06   4.0588379e+01
   6.1489840e+06   4.9682617e+01
   6.1490050e+06   4.7058105e+01
   6.1491430e+06   3.9489746e+01
   6.1517750e+06   3.9184570e+01
   6.1887810e+06   3.7780762e+01
   6.1888800e+06   3.8452148e+01
   6.1965880e+06   3.8513184e+01
   6.2107450e+06   4.2907715e+01
   6.2109200e+06   4.1564941e+01
   6.2711900e+06   4.1870117e+01
   6.2849150e+06   4.2785645e+01
   6.2849560e+06   3.7475586e+01
   6.3228420e+06   4.4189453e+01
   6.3662760e+06   4.3945313e+01
   6.4079450e+06   5.1086426e+01
   6.4624180e+06   4.6142578e+01
   6.4625900e+06   3.8269043e+01
   6.4626860e+06   4.2358398e+01
   6.4905260e+06   4.3090820e+01
   6.4907730e+06   4.6813965e+01
   6.5141330e+06   4.5288086e+01
   6.5376460e+06   3.7658691e+01
   6.5377320e+06   3.7841797e+01
   6.5537660e+06   4.0283203e+01
   6.6066550e+06   5.1635742e+01
   6.6069190e+06   4.0222168e+01
   6.6085230e+06   4.1870117e+01
   6.6767930e+06   3.7536621e+01
   6.6945680e+06   4.2480469e+01
   6.7617750e+06   4.0466309e+01
   6.7618260e+06   4.2541504e+01
   6.7619220e+06   4.8583984e+01
   6.8067660e+06   3.9550781e+01
   6.8068210e+06   3.7475586e+01
   6.8068340e+06   4.2053223e+01
   6.8069390e+06   4.0954590e+01
   6.8077180e+06   3.9733887e+01
   6.8870560e+06   4.2297363e+01
   6.8871280e+06   4.0344238e+01
   6.8872860e+06   4.8828125e+01
   6.8874780e+06   3.7963867e+01
   6.9125520e+06   3.7475586e+01
   6.9126070e+06   3.7902832e+01
   6.9127160e+06   4.4067383e+01
   6.9128890e+06   4.0344238e+01
   6.9960570e+06   3.7536621e+01
   7.0219260e+06   4.7241211e+01
   7.0645880e+06   4.4799805e+01
   7.1219620e+06   3.8940430e+01
   7.1529890e+06   3.8513184e+01
   7.1795440e+06   3.9306641e+01
   7.1795750e+06   4.1442871e+01
   7.2064030e+06   3.9916992e+01
   7.2076930e+06   4.2297363e+01
   7.2078510e+06   3.9489746e+01
   7.2949530e+06   4.0344238e+01
   7.2950500e+06   3.7841797e+01
   7.3144940e+06   4.1931152e+01
   7.3356740e+06   4.3334961e+01
   7.3356920e+06   4.1625977e+01
   7.3358660e+06   3.8085938e+01
   7.3827510e+06   3.9123535e+01
   7.3827640e+06   4.6203613e+01
   7.3828180e+06   4.0588379e+01
   7.3852000e+06   3.8940430e+01
   7.3857470e+06   3.8696289e+01
   7.4189520e+06   3.8574219e+01
   7.4698610e+06   4.1381836e+01
   7.4901030e+06   3.8635254e+01
   7.5120790e+06   4.1748047e+01
   7.5134830e+06   3.7780762e+01
   7.5355610e+06   4.1564941e+01
   7.5356900e+06   4.5959473e+01
   7.5362700e+06   3.9611816e+01
   7.5379040e+06   3.7597656e+01
   7.6334030e+06   3.9978027e+01
   7.6334290e+06   4.4311523e+01
   7.6639000e+06   4.5471191e+01
   7.6639120e+06   3.9367676e+01
   7.6650840e+06   4.1320801e+01
   7.6934160e+06   4.0161133e+01
   7.6935040e+06   4.6203613e+01
   7.6935500e+06   4.1015625e+01
   7.6936220e+06   3.8696289e+01
   7.6937880e+06   3.8879395e+01
   7.7319770e+06   4.8400879e+01
   7.7319870e+06   4.1137695e+01
   7.7713590e+06   4.4311523e+01
   7.7732140e+06   3.8330078e+01
   7.7732380e+06   4.2175293e+01
   7.7733150e+06   4.7485352e+01
   7.7734140e+06   4.2480469e+01
   7.8645260e+06   3.9978027e+01
   7.8768610e+06   5.3344727e+01
   7.8768960e+06   4.2602539e+01
   7.8770000e+06   3.8940430e+01
   7.9152170e+06   4.2724609e+01
   7.9153580e+06   4.2358398e+01
   7.9155560e+06   3.8940430e+01
   7.9161920e+06   3.9245605e+01
   7.9857640e+06   3.7414551e+01
   7.9858660e+06   3.9855957e+01
   8.0060650e+06   3.7475586e+01
   8.0073760e+06   3.8818359e+01
   8.0075290e+06   4.0222168e+01
   8.0368270e+06   3.7536621e+01
   8.0379760e+06   4.5471191e+01
   8.0381650e+06   4.1748047e+01
   8.0886230e+06   3.9733887e+01
   8.1142960e+06   3.8696289e+01
   8.1352770e+06   3.9428711e+01
   8.1378500e+06   3.8696289e+01
   8.1379010e+06   4.4982910e+01
   8.1379390e+06   4.2602539e+01
   8.1379710e+06   4.9499512e+01
   8.2023680e+06   4.5776367e+01
   8.2275100e+06   3.7902832e+01
   8.2299370e+06   4.2175293e+01
   8.2306540e+06   4.1381836e+01
   8.2777200e+06   3.9794922e+01
   8.2777720e+06   3.7414551e+01
   8.2777820e+06   3.9306641e+01
   8.3229220e+06   4.0649414e+01
   8.3229520e+06   4.3273926e+01
   8.3654120e+06   3.7719727e+01
   8.3903400e+06   4.1992188e+01
   8.4082030e+06   3.9306641e+01
   8.4095370e+06   3.9733887e+01
   8.4095910e+06   4.1931152e+01
   8.4627280e+06   4.1625977e+01
   8.4662690e+06   4.1259766e+01
   8.4857690e+06   4.0283203e+01
   8.4870590e+06   4.3029785e+01
   8.5095800e+06   3.8757324e+01
   8.5096290e+06   3.7536621e+01
   8.5156850e+06   4.4006348e+01
   8.5371620e+06   4.0588379e+01
   8.5574900e+06   4.4250488e+01
   8.5779740e+06   3.7536621e+01
   8.6177330e+06   4.1503906e+01
   8.6218850e+06   5.3161621e+01
   8.6219170e+06   3.9428711e+01
   8.6590020e+06   5.3344727e+01
   8.6782590e+06   4.2236328e+01
   8.7022510e+06   4.5837402e+01
   8.7024150e+06   3.8513184e+01
   8.7024620e+06   3.8269043e+01
   8.7678230e+06   4.1748047e+01
   8.8221790e+06   4.3701172e+01
   8.8243350e+06   5.9204102e+01
   8.8249860e+06   4.3640137e+01
   8.8538670e+06   4.1503906e+01
   8.8637420e+06   3.8574219e+01
   8.8643240e+06   3.7658691e+01
   8.9168740e+06   4.0039063e+01
   8.9196150e+06   4.0466309e+01
   8.9197890e+06   4.3212891e+01
   8.9198750e+06   3.7475586e+01
   8.9198930e+06   3.9184570e+01
   8.9840270e+06   3.7414551e+01
   8.9841400e+06   3.9611816e+01
   8.9842690e+06   3.9489746e+01
   9.0123070e+06   4.0893555e+01
   9.0150140e+06   3.8146973e+01
   9.0151130e+06   4.1015625e+01
   9.0380240e+06   4.1809082e+01
   9.0381820e+06   3.7658691e+01
   9.0518050e+06   3.8085938e+01
   9.0971400e+06   3.9367676e+01
   9.0973650e+06   3.7963867e+01
   9.0974600e+06   3.8391113e+01
   9.1172860e+06   4.1809082e+01
   9.1173720e+06   4.1076660e+01
   9.1174130e+06   3.9123535e+01
   9.1729150e+06   3.7963867e+01
   9.1730080e+06   4.2541504e+01
   9.1739210e+06   3.9550781e+01
   9.1973050e+06   4.3395996e+01
   9.1973340e+06   3.9306641e+01
   9.1973740e+06   3.7475586e+01
   9.2477930e+06   3.8269043e+01
   9.2478280e+06   3.7902832e+01
   9.2478770e+06   3.8269043e+01
   9.2479040e+06   3.9123535e+01
   9.2479380e+06   4.7729492e+01
   9.2481140e+06   3.7536621e+01
   9.2484740e+06   3.7475586e+01
   9.2711190e+06   3.8085938e+01
   9.2800100e+06   3.8146973e+01
   9.2907350e+06   4.3395996e+01
   9.2920080e+06   3.9489746e+01
   9.2920970e+06   4.7851563e+01
   9.3099180e+06   3.7536621e+01
   9.3282260e+06   4.3090820e+01
   9.3424840e+06   3.8146973e+01
   9.3426220e+06   3.7536621e+01
   9.3440280e+06   3.7475586e+01
   9.3794060e+06   4.0832520e+01
   9.3795350e+06   3.9428711e+01
   9.4052500e+06   4.9743652e+01
   9.4258820e+06   4.0039063e+01
   9.4408070e+06   4.0283203e+01
   9.4622190e+06   4.4738770e+01
   9.4658330e+06   4.0039063e+01
   9.4659880e+06   4.0649414e+01
   9.4967130e+06   3.7475586e+01
   9.4968340e+06   4.1687012e+01
   9.5191030e+06   3.7597656e+01
   9.5356170e+06   4.1442871e+01
   9.5523560e+06   4.1809082e+01
   9.5525050e+06   3.9367676e+01
   9.5525750e+06   4.4616699e+01
   9.5770820e+06   3.7780762e+01
   9.5772660e+06   3.8513184e+01
   9.5773040e+06   4.1076660e+01
   9.6166730e+06   4.0344238e+01
   9.6167830e+06   3.8574219e+01
   9.6169030e+06   3.7536621e+01
   9.6415830e+06   4.1625977e+01
   9.6416890e+06   3.9916992e+01
   9.6417420e+06   4.0893555e+01
   9.6420090e+06   3.7597656e+01
   9.7117040e+06   4.0039063e+01
   9.7198350e+06   3.7963867e+01
   9.7200840e+06   3.7658691e+01
   9.7845920e+06   3.9062500e+01
   9.7853740e+06   3.9855957e+01
   9.8076410e+06   3.7841797e+01
   9.8322340e+06   3.7719727e+01
   9.8335290e+06   3.8269043e+01
   9.8884160e+06   3.9062500e+01
   9.8884560e+06   4.1625977e+01
   9.8885140e+06   3.9978027e+01
   9.8891680e+06   3.9916992e+01
   9.9154340e+06   3.8452148e+01
   9.9400480e+06   3.8452148e+01
   9.9476600e+06   4.0710449e+01
   9.9476730e+06   4.3334961e+01
   9.9478930e+06   3.7414551e+01
   9.9479470e+06   3.9245605e+01
   9.9479860e+06   4.2968750e+01
   9.9682680e+06   4.3579102e+01
   9.9683180e+06   3.8085938e+01
   9.9685500e+06   3.7597656e+01
   9.9686670e+06   3.7841797e+01
   9.9690770e+06   3.9367676e+01
   1.0032380e+07   4.0832520e+01
   1.0053516e+07   4.0954590e+01
   1.0058126e+07   3.9123535e+01
   1.0091852e+07   4.6020508e+01
   1.0108612e+07   3.9611816e+01
   1.0108673e+07   4.3273926e+01
   1.0127483e+07   4.0954590e+01
   1.0127559e+07   4.6875000e+01
   1.0127596e+07   3.8513184e+01
   1.0127995e+07   3.8696289e+01
   1.0160271e+07   3.7414551e+01
   1.0162520e+07   3.7658691e+01
   1.0162584e+07   4.4616699e+01
   1.0162780e+07   3.8635254e+01
   1.0201133e+07   3.8879395e+01
   1.0217524e+07   3.8940430e+01
   1.0217600e+07   4.0893555e+01
   1.0256770e+07   3.8330078e+01
   1.0267441e+07   3.7475586e+01
   1.0276543e+07   4.5837402e+01
   1.0299595e+07   4.2419434e+01
   1.0318353e+07   3.9123535e+01
   1.0332091e+07   4.9804688e+01
   1.0332252e+07   4.1320801e+01
   1.0332424e+07   3.7597656e+01
   1.0372949e+07   4.8339844e+01
   1.0373172e+07   4.1809082e+01
   1.0388543e+07   4.0771484e+01
   1.0388606e+07   3.8574219e+01
   1.0388684e+07   3.9855957e+01
   1.0388828e+07   3.8330078e+01
   1.0389109e+07   4.1687012e+01
   1.0389260e+07   3.9672852e+01
   1.0433721e+07   3.8330078e+01
   1.0454753e+07   3.7597656e+01
   1.0461266e+07   3.9916992e+01
   1.0461310e+07   3.9367676e+01
   1.0485255e+07   4.0466309e+01
   1.0501463e+07   4.0222168e+01
   1.0501488e+07   4.9316406e+01
   1.0501850e+07   4.1137695e+01
   1.0526485e+07   4.3457031e+01
   1.0526509e+07   3.7536621e+01
   1.0526570e+07   4.3334961e+01
   1.0568767e+07   4.1320801e+01
   1.0569023e+07   3.8452148e+01
   1.0569439e+07   4.2785645e+01
   1.0617364e+07   3.9550781e+01
   1.0653263e+07   4.0710449e+01
   1.0653409e+07   3.7841797e+01
   1.0700980e+07   4.5166016e+01
   1.0701691e+07   4.2175293e+01
   1.0803613e+07   3.7841797e+01
   1.0803885e+07   3.9611816e+01
   1.0819649e+07   4.1015625e+01
   1.0819695e+07   4.4311523e+01
   1.0819779e+07   4.1137695e+01
   1.0819877e+07   4.3151855e+01
   1.0863251e+07   3.7597656e+01
   1.0881202e+07   3.9062500e+01
   1.0903889e+07   4.0344238e+01
   1.0903924e+07   4.2968750e+01
   1.0977540e+07   3.9062500e+01
   1.0977660e+07   4.0588379e+01
   1.1037728e+07   3.8818359e+01
   1.1056828e+07   3.9184570e+01
   1.1057108e+07   4.0039063e+01
   1.1078661e+07   4.1381836e+01
   1.1079129e+07   3.8391113e+01
   1.1130902e+07   3.8391113e+01
   1.1155684e+07   3.9306641e+01
   1.1162449e+07   4.4372559e+01
   1.1162614e+07   3.8024902e+01
   1.1213405e+07   4.1503906e+01
   1.1262368e+07   4.2968750e+01
   1.1296193e+07   3.8208008e+01
   1.1354331e+07   3.8208008e+01
   1.1354420e+07   3.8635254e+01
   1.1458489e+07   3.8452148e+01
   1.1458596e+07   3.9855957e+01
   1.1490252e+07   4.3762207e+01
   1.1532522e+07   3.9855957e+01
   1.1582935e+07   3.9611816e+01
   1.1608197e+07   3.9306641e+01
   1.1655832e+07   4.0832520e+01
   1.1712572e+07   4.9865723e+01
   1.1755662e+07   3.9123535e+01
   1.1808923e+07   4.0588379e+01
   1.1820382e+07   4.0466309e+01
   1.1820580e+07   4.5166016e+01
   1.1891316e+07   4.0161133e+01
