   1.1999000e+07   0.0000000e+00
   3.1390000e+04   5.1513672e+01
   3.1461000e+04   4.9987793e+01
   3.1611000e+04   5.0842285e+01
   3.1634000e+04   5.0415039e+01
   3.1764000e+04   5.1635742e+01
   3.1871000e+04   5.3833008e+01
   3.1917000e+04   5.5297852e+01
   3.2232000e+04   5.1513672e+01
   1.1375500e+05   5.3527832e+01
   1.1389000e+05   5.0476074e+01
   1.1394800e+05   5.5847168e+01
   1.1403200e+05   6.1950684e+01
   1.1419800e+05   6.9946289e+01
   1.4313600e+05   5.4077148e+01
   1.4316000e+05   5.1391602e+01
   1.4323600e+05   5.2673340e+01
   1.4331900e+05   5.0903320e+01
   1.4341700e+05   4.9987793e+01
   1.6824000e+05   6.4392090e+01
   1.6832000e+05   5.5786133e+01
   1.6835900e+05   5.2734375e+01
   1.6840200e+05   5.0781250e+01
   1.6853700e+05   5.3833008e+01
   1.6878800e+05   5.1391602e+01
   1.6892000e+05   6.0607910e+01
   1.6948300e+05   5.1330566e+01
   1.7215700e+05   5.2856445e+01
   2.0722300e+05   8.8439941e+01
   2.2623500e+05   5.0781250e+01
   2.2646000e+05   5.1269531e+01
   2.5704900e+05   5.7556152e+01
   2.5740800e+05   5.9692383e+01
   2.5766500e+05   6.1706543e+01
   2.5778500e+05   5.7861328e+01
   2.5810400e+05   6.3598633e+01
   2.9181100e+05   5.2795410e+01
   2.9187000e+05   6.2561035e+01
   2.9191000e+05   6.0607910e+01
   2.9197200e+05   6.8176270e+01
   2.9199500e+05   7.4218750e+01
   2.9204700e+05   5.1696777e+01
   2.9211700e+05   5.0292969e+01
   2.9218100e+05   6.3049316e+01
   2.9226100e+05   5.5297852e+01
   3.4873200e+05   5.6640625e+01
   3.4881000e+05   6.4636230e+01
   3.7069600e+05   4.9987793e+01
   3.7081000e+05   6.2133789e+01
   3.7086600e+05   5.3405762e+01
   3.7114000e+05   5.7495117e+01
   3.9899900e+05   5.0903320e+01
   4.1727500e+05   6.1706543e+01
   4.1735400e+05   6.1645508e+01
   4.1744400e+05   5.0170898e+01
   4.1748900e+05   5.9570313e+01
   4.1750800e+05   5.1879883e+01
   4.1756000e+05   5.4626465e+01
   4.1784100e+05   5.2856445e+01
   4.1803600e+05   5.2062988e+01
   4.1859700e+05   5.3222656e+01
   4.5308500e+05   5.3283691e+01
   4.8409400e+05   5.2490234e+01
   5.0642700e+05   6.1401367e+01
   5.0652000e+05   5.0354004e+01
   5.1783400e+05   5.1696777e+01
   5.1794300e+05   5.5114746e+01
   5.1798900e+05   5.0415039e+01
   5.1804800e+05   5.8837891e+01
   5.1822400e+05   5.3833008e+01
   5.1827500e+05   5.0659180e+01
   5.1838900e+05   5.0231934e+01
   5.7464000e+05   5.2124023e+01
   5.9772000e+05   7.4951172e+01
   5.9785900e+05   6.8603516e+01
   5.9791800e+05   5.9631348e+01
   5.9825800e+05   6.2438965e+01
   6.2283600e+05   5.2124023e+01
   6.2287500e+05   5.8227539e+01
   6.2290900e+05   5.3710938e+01
   6.2295800e+05   7.3486328e+01
   6.2300400e+05   5.8593750e+01
   6.2304100e+05   5.1086426e+01
   6.2322400e+05   5.8593750e+01
   6.6579200e+05   5.5603027e+01
   6.6613700e+05   5.7006836e+01
   6.6616700e+05   4.9987793e+01
   6.6624000e+05   5.0720215e+01
   6.6638400e+05   5.0048828e+01
   6.6748300e+05   5.1696777e+01
   7.1041500e+05   5.3466797e+01
   7.3286500e+05   6.1523438e+01
   7.3310800e+05   6.4941406e+01
   7.3323600e+05   5.0781250e+01
   7.5006300e+05   5.4016113e+01
   7.5010400e+05   6.6284180e+01
   7.5015100e+05   7.3059082e+01
   7.5025600e+05   7.5500488e+01
   7.5027700e+05   5.6518555e+01
   7.5030800e+05   5.3161621e+01
   7.5042600e+05   5.4687500e+01
   7.5045600e+05   5.0842285e+01
   7.5178300e+05   5.1879883e+01
   7.5183200e+05   5.1696777e+01
   8.3286200e+05   5.3344727e+01
   8.3409400e+05   5.3039551e+01
   8.3415100e+05   5.0415039e+01
   8.7962700e+05   5.7983398e+01
   9.0182200e+05   5.4016113e+01
   9.0189800e+05   5.7067871e+01
   9.0203900e+05   5.0659180e+01
   9.0228200e+05   5.3649902e+01
   9.3355300e+05   5.3833008e+01
   9.3372000e+05   6.2805176e+01
   9.3375400e+05   5.7006836e+01
   9.3379800e+05   7.2326660e+01
   9.3387500e+05   7.8430176e+01
   9.3398600e+05   5.4626465e+01
   9.3401500e+05   6.5734863e+01
   9.3600700e+05   5.2795410e+01
   1.0496480e+06   5.0903320e+01
   1.0497990e+06   5.5541992e+01
   1.0498730e+06   5.6274414e+01
   1.0499290e+06   5.2429199e+01
   1.0771420e+06   5.0048828e+01
   1.0774320e+06   6.2194824e+01
   1.0775630e+06   5.2368164e+01
   1.0775740e+06   5.2612305e+01
   1.0776230e+06   5.5053711e+01
   1.0778650e+06   5.2001953e+01
   1.0905670e+06   5.1025391e+01
   1.0907750e+06   5.1696777e+01
   1.0908460e+06   5.3222656e+01
   1.1117370e+06   5.7250977e+01
   1.1118060e+06   7.5988770e+01
   1.1118230e+06   6.5246582e+01
   1.1118560e+06   5.4199219e+01
   1.1119830e+06   5.5725098e+01
   1.1120020e+06   5.8959961e+01
   1.1120600e+06   6.5734863e+01
   1.1120710e+06   5.4626465e+01
   1.2399750e+06   5.7312012e+01
   1.2401320e+06   5.9387207e+01
   1.2614450e+06   5.0964355e+01
   1.2615430e+06   5.4626465e+01
   1.2615670e+06   5.5969238e+01
   1.2616160e+06   5.0720215e+01
   1.2616640e+06   6.2072754e+01
   1.2617650e+06   5.8471680e+01
   1.2619080e+06   5.0537109e+01
   1.2620030e+06   5.2734375e+01
   1.2620460e+06   5.0292969e+01
   1.2622130e+06   5.2062988e+01
   1.2626930e+06   5.1452637e+01
   1.3527290e+06   5.6213379e+01
   1.3652860e+06   5.5786133e+01
   1.3943680e+06   5.2185059e+01
   1.3945480e+06   5.0964355e+01
   1.3946000e+06   5.3527832e+01
   1.3946890e+06   5.5358887e+01
   1.3948240e+06   5.0903320e+01
   1.3948400e+06   5.4016113e+01
   1.4706190e+06   5.2673340e+01
   1.4888130e+06   5.4260254e+01
   1.4890300e+06   5.5847168e+01
   1.4990810e+06   5.0109863e+01
   1.5176550e+06   5.1025391e+01
   1.5178040e+06   5.7739258e+01
   1.5445740e+06   6.4575195e+01
   1.5446600e+06   5.0537109e+01
   1.5446910e+06   5.0720215e+01
   1.5447220e+06   5.0537109e+01
   1.5448750e+06   5.0720215e+01
   1.5448910e+06   5.7373047e+01
   1.5956920e+06   5.1940918e+01
   1.5957710e+06   5.1391602e+01
   1.6245910e+06   5.6762695e+01
   1.6246420e+06   6.5856934e+01
   1.6246650e+06   6.4819336e+01
   1.6247580e+06   5.4565430e+01
   1.6248050e+06   5.7128906e+01
   1.6614150e+06   5.0598145e+01
   1.6614740e+06   5.7800293e+01
   1.6615770e+06   5.2612305e+01
   1.6616540e+06   5.1147461e+01
   1.6617620e+06   5.5786133e+01
   1.6618080e+06   6.0729980e+01
   1.6619410e+06   5.4077148e+01
   1.6619760e+06   5.3344727e+01
   1.7423550e+06   5.6396484e+01
   1.7425310e+06   5.2612305e+01
   1.7581390e+06   6.0485840e+01
   1.7847990e+06   5.1940918e+01
   1.7851390e+06   5.0231934e+01
   1.8038370e+06   5.1513672e+01
   1.8332260e+06   6.1340332e+01
   1.8335270e+06   5.6274414e+01
   1.8336490e+06   5.0109863e+01
   1.8336910e+06   5.0170898e+01
   1.8338770e+06   5.3405762e+01
   1.9167470e+06   5.5297852e+01
   1.9167740e+06   5.2490234e+01
   1.9167980e+06   5.2551270e+01
   1.9178150e+06   5.5114746e+01
   1.9447350e+06   5.4199219e+01
   1.9448820e+06   5.5480957e+01
   1.9449420e+06   5.0476074e+01
   1.9695910e+06   6.7749023e+01
   1.9698180e+06   5.7800293e+01
   1.9859630e+06   5.4931641e+01
   2.0227300e+06   6.4514160e+01
   2.0227910e+06   5.2978516e+01
   2.0229510e+06   5.2795410e+01
   2.0434080e+06   7.5134277e+01
   2.0434590e+06   5.1086426e+01
   2.0801660e+06   5.2490234e+01
   2.0803120e+06   5.4565430e+01
   2.0803460e+06   5.2001953e+01
   2.0803700e+06   6.0363770e+01
   2.0806560e+06   5.1452637e+01
   2.1017690e+06   5.0720215e+01
   2.1026650e+06   6.3598633e+01
   2.1027440e+06   5.2551270e+01
   2.1028570e+06   5.3588867e+01
   2.1282470e+06   5.9448242e+01
   2.1283200e+06   5.8898926e+01
   2.1284100e+06   5.5603027e+01
   2.1493960e+06   5.2307129e+01
   2.1494470e+06   5.0415039e+01
   2.1495180e+06   7.0678711e+01
   2.1495490e+06   5.1513672e+01
   2.1495640e+06   5.7617188e+01
   2.1498940e+06   5.6640625e+01
   2.2249950e+06   5.5114746e+01
   2.2486720e+06   5.2978516e+01
   2.2487990e+06   5.5664063e+01
   2.2594840e+06   5.1025391e+01
   2.2609270e+06   5.0292969e+01
   2.2844860e+06   5.1269531e+01
   2.2850680e+06   5.7006836e+01
   2.3115490e+06   5.0964355e+01
   2.3127020e+06   5.0292969e+01
   2.3128600e+06   5.3588867e+01
   2.3129550e+06   5.1147461e+01
   2.3130280e+06   5.0048828e+01
   2.3132200e+06   5.0415039e+01
   2.3442450e+06   5.4565430e+01
   2.3683970e+06   5.5908203e+01
   2.3936350e+06   6.2438965e+01
   2.3936590e+06   5.0476074e+01
   2.3938330e+06   5.3344727e+01
   2.3939420e+06   5.6945801e+01
   2.3940260e+06   5.2246094e+01
   2.3940420e+06   5.0354004e+01
   2.3941190e+06   5.0903320e+01
   2.3943830e+06   5.1574707e+01
   2.4319740e+06   5.3833008e+01
   2.4320920e+06   5.8166504e+01
   2.4629220e+06   5.1330566e+01
   2.4954200e+06   5.1025391e+01
   2.4954570e+06   5.9020996e+01
   2.4955050e+06   5.6457520e+01
   2.4955910e+06   6.5124512e+01
   2.5393920e+06   5.6701660e+01
   2.5647400e+06   5.0476074e+01
   2.5897150e+06   5.1513672e+01
   2.6151650e+06   5.0354004e+01
   2.6152110e+06   5.9692383e+01
   2.6152280e+06   5.1879883e+01
   2.6152730e+06   5.8593750e+01
   2.6153300e+06   5.0659180e+01
   2.6154150e+06   5.4199219e+01
   2.6400990e+06   5.3405762e+01
   2.6645940e+06   5.3283691e+01
   2.6820820e+06   5.0781250e+01
   2.6859400e+06   5.2490234e+01
   2.6860060e+06   5.0598145e+01
   2.6860190e+06   5.1635742e+01
   2.6861420e+06   5.4748535e+01
   2.6862210e+06   6.5612793e+01
   2.6862430e+06   5.4260254e+01
   2.6863700e+06   5.2551270e+01
   2.6865080e+06   6.1096191e+01
   2.7566730e+06   6.0058594e+01
   2.7727430e+06   6.9152832e+01
   2.7945450e+06   5.3588867e+01
   2.7948520e+06   6.1889648e+01
   2.8318190e+06   5.0476074e+01
   2.8318850e+06   5.8959961e+01
   2.8319490e+06   6.3354492e+01
   2.8320080e+06   5.3771973e+01
   2.8321260e+06   6.0668945e+01
   2.8321640e+06   5.4809570e+01
   2.8325270e+06   5.8227539e+01
   2.8885620e+06   5.4992676e+01
   2.9099920e+06   5.5053711e+01
   2.9461180e+06   5.3039551e+01
   2.9462000e+06   6.1157227e+01
   2.9462810e+06   5.5541992e+01
   2.9462970e+06   5.7922363e+01
   2.9482130e+06   5.2185059e+01
   2.9740210e+06   5.0292969e+01
   2.9740680e+06   5.2062988e+01
   2.9852100e+06   5.0231934e+01
   2.9852530e+06   6.6772461e+01
   2.9856480e+06   5.0415039e+01
   2.9857860e+06   5.1574707e+01
   3.0317780e+06   5.6091309e+01
   3.0318120e+06   5.6579590e+01
   3.0318560e+06   5.3955078e+01
   3.0319670e+06   5.6091309e+01
   3.0555060e+06   5.0903320e+01
   3.0555430e+06   7.1289063e+01
   3.0832750e+06   6.6833496e+01
   3.0835710e+06   5.3833008e+01
   3.1109140e+06   6.0363770e+01
   3.1111550e+06   5.7067871e+01
   3.1311410e+06   5.1391602e+01
   3.1312180e+06   6.0180664e+01
   3.1313180e+06   6.2316895e+01
   3.1314780e+06   6.0058594e+01
   3.1315170e+06   5.3894043e+01
   3.1568550e+06   5.5847168e+01
   3.1570370e+06   5.2856445e+01
   3.1865630e+06   6.1218262e+01
   3.1866980e+06   5.1940918e+01
   3.1867440e+06   5.5053711e+01
   3.2109340e+06   5.1330566e+01
   3.2111880e+06   5.3649902e+01
   3.2125790e+06   5.1269531e+01
   3.2439790e+06   5.2001953e+01
   3.2690940e+06   5.2856445e+01
   3.2829280e+06   5.5908203e+01
   3.2829610e+06   5.3588867e+01
   3.2830100e+06   6.5368652e+01
   3.2830270e+06   6.0607910e+01
   3.2831110e+06   5.2673340e+01
   3.2835730e+06   5.0170898e+01
   3.2995650e+06   5.7373047e+01
   3.2996730e+06   5.7373047e+01
   3.2997100e+06   5.3405762e+01
   3.2998280e+06   5.4443359e+01
   3.2999540e+06   5.5847168e+01
   3.3521680e+06   5.4809570e+01
   3.3523690e+06   5.0109863e+01
   3.3568290e+06   5.0354004e+01
   3.3745960e+06   5.0354004e+01
   3.3885850e+06   5.0048828e+01
   3.3887240e+06   5.5053711e+01
   3.3890410e+06   5.0170898e+01
   3.4056940e+06   5.0537109e+01
   3.4225190e+06   5.9326172e+01
   3.4225830e+06   6.0668945e+01
   3.4226010e+06   5.8837891e+01
   3.4226880e+06   5.8349609e+01
   3.4253600e+06   5.1879883e+01
   3.4272080e+06   6.2438965e+01
   3.4273070e+06   5.0842285e+01
   3.4273500e+06   5.7739258e+01
   3.4275080e+06   5.2612305e+01
   3.4276630e+06   5.2978516e+01
   3.4277220e+06   5.0903320e+01
   3.4520050e+06   5.6152344e+01
   3.4520720e+06   5.1818848e+01
   3.4544560e+06   5.5541992e+01
   3.4545300e+06   5.1391602e+01
   3.4546200e+06   6.1523438e+01
   3.5494600e+06   5.2795410e+01
   3.5495260e+06   5.0292969e+01
   3.5496310e+06   5.0476074e+01
   3.5754110e+06   5.2307129e+01
   3.5754680e+06   5.2490234e+01
   3.5754920e+06   5.8288574e+01
   3.5755360e+06   6.2500000e+01
   3.5756060e+06   5.2124023e+01
   3.5756980e+06   6.3598633e+01
   3.5757850e+06   6.3842773e+01
   3.6039500e+06   5.3588867e+01
   3.6040850e+06   5.8044434e+01
   3.6041210e+06   5.3222656e+01
   3.6041480e+06   5.3283691e+01
   3.6042010e+06   6.9396973e+01
   3.6042180e+06   5.6823730e+01
   3.6042570e+06   5.5419922e+01
   3.6042920e+06   5.4687500e+01
   3.6043710e+06   5.2490234e+01
   3.6053130e+06   5.4931641e+01
   3.6651190e+06   5.0903320e+01
   3.6896130e+06   6.9641113e+01
   3.7107060e+06   5.9814453e+01
   3.7107500e+06   6.1035156e+01
   3.7107610e+06   5.8593750e+01
   3.7107950e+06   5.9082031e+01
   3.7108920e+06   5.6457520e+01
   3.7109780e+06   5.3588867e+01
   3.7517610e+06   5.2124023e+01
   3.7578870e+06   7.4951172e+01
   3.7580050e+06   5.5664063e+01
   3.7596290e+06   5.0659180e+01
   3.7979170e+06   5.5419922e+01
   3.7980330e+06   5.7250977e+01
   3.7981190e+06   5.3100586e+01
   3.8236300e+06   5.4077148e+01
   3.8238160e+06   5.3649902e+01
   3.8594400e+06   5.1330566e+01
   3.8595760e+06   7.3913574e+01
   3.8597600e+06   5.7434082e+01
   3.8959620e+06   5.0415039e+01
   3.8961730e+06   5.1025391e+01
   3.8963760e+06   5.5786133e+01
   3.8964410e+06   5.1269531e+01
   3.9340110e+06   5.4931641e+01
   3.9348240e+06   6.1828613e+01
   3.9369260e+06   5.4687500e+01
   3.9369510e+06   5.8898926e+01
   3.9369700e+06   5.3405762e+01
   3.9371020e+06   5.1757813e+01
   3.9700570e+06   5.0781250e+01
   3.9918350e+06   6.2438965e+01
   4.0174670e+06   5.4016113e+01
   4.0175260e+06   5.3710938e+01
   4.0511890e+06   7.5073242e+01
   4.0512480e+06   5.6213379e+01
   4.0522750e+06   5.6457520e+01
   4.1179960e+06   6.5429688e+01
   4.1180100e+06   5.3649902e+01
   4.1180280e+06   6.5002441e+01
   4.1180460e+06   5.2490234e+01
   4.1181450e+06   5.9326172e+01
   4.1181890e+06   5.1452637e+01
   4.1182430e+06   5.9509277e+01
   4.2067090e+06   5.4382324e+01
   4.2222410e+06   5.6152344e+01
   4.2418240e+06   5.5358887e+01
   4.2418720e+06   5.2001953e+01
   4.2419770e+06   5.1696777e+01
   4.2450950e+06   5.3100586e+01
   4.2452090e+06   5.5908203e+01
   4.2662070e+06   5.1391602e+01
   4.2663800e+06   5.0659180e+01
   4.2856220e+06   5.1025391e+01
   4.2856960e+06   5.2124023e+01
   4.2857880e+06   6.2194824e+01
   4.2858740e+06   5.1452637e+01
   4.3059480e+06   5.0720215e+01
   4.3133780e+06   5.1391602e+01
   4.3134120e+06   5.1452637e+01
   4.3134560e+06   5.2124023e+01
   4.3134880e+06   5.7617188e+01
   4.3138980e+06   6.0058594e+01
   4.3439050e+06   5.8532715e+01
   4.3749330e+06   5.4077148e+01
   4.3914660e+06   6.7932129e+01
   4.3916270e+06   6.5368652e+01
   4.3919070e+06   5.4382324e+01
   4.4044940e+06   6.0668945e+01
   4.4045770e+06   5.0659180e+01
   4.4168120e+06   5.9509277e+01
   4.4432340e+06   6.4941406e+01
   4.4439640e+06   6.2683105e+01
   4.4440290e+06   5.5114746e+01
   4.4440400e+06   5.0476074e+01
   4.4441190e+06   6.0974121e+01
   4.4441850e+06   5.5480957e+01
   4.4442150e+06   5.2856445e+01
   4.4442640e+06   5.5786133e+01
   4.4460480e+06   5.1269531e+01
   4.4814210e+06   5.0842285e+01
   4.5058060e+06   5.8349609e+01
   4.5059310e+06   5.2429199e+01
   4.5066970e+06   5.0476074e+01
   4.5231580e+06   5.5480957e+01
   4.5360630e+06   5.7678223e+01
   4.5361000e+06   6.6833496e+01
   4.5361530e+06   5.6396484e+01
   4.5361730e+06   6.3415527e+01
   4.5362020e+06   5.0292969e+01
   4.5362490e+06   5.2429199e+01
   4.5391110e+06   5.4016113e+01
   4.5616980e+06   6.3354492e+01
   4.5617680e+06   5.6091309e+01
   4.5826180e+06   6.1279297e+01
   4.5827430e+06   5.1391602e+01
   4.5827770e+06   6.5612793e+01
   4.5829680e+06   6.2316895e+01
   4.5829890e+06   5.2001953e+01
   4.6221160e+06   5.9020996e+01
   4.6221870e+06   5.3710938e+01
   4.6223830e+06   6.9519043e+01
   4.6670100e+06   6.0180664e+01
   4.6693750e+06   5.1635742e+01
   4.6905140e+06   6.1584473e+01
   4.7119530e+06   7.9467773e+01
   4.7120310e+06   6.0668945e+01
   4.7121030e+06   5.4565430e+01
   4.7154440e+06   5.8532715e+01
   4.7155840e+06   5.2612305e+01
   4.7330700e+06   5.0659180e+01
   4.7331090e+06   5.5053711e+01
   4.7331420e+06   6.4880371e+01
   4.7332630e+06   5.4321289e+01
   4.7334350e+06   5.0659180e+01
   4.7577670e+06   5.4992676e+01
   4.7578140e+06   5.2185059e+01
   4.7578640e+06   5.8410645e+01
   4.7579070e+06   5.5053711e+01
   4.7580000e+06   6.0424805e+01
   4.7580420e+06   5.7922363e+01
   4.7580570e+06   5.2856445e+01
   4.7941090e+06   5.3100586e+01
   4.8071130e+06   5.7983398e+01
   4.8072000e+06   5.0903320e+01
   4.8072200e+06   5.0598145e+01
   4.8072490e+06   6.2988281e+01
   4.8073110e+06   5.0476074e+01
   4.8935120e+06   5.2062988e+01
   4.9389840e+06   5.3710938e+01
   4.9428730e+06   5.5603027e+01
   4.9429040e+06   6.0729980e+01
   4.9723570e+06   5.5297852e+01
   4.9723930e+06   5.7922363e+01
   4.9725450e+06   5.8288574e+01
   4.9726070e+06   5.3161621e+01
   4.9726270e+06   5.1757813e+01
   4.9744600e+06   5.0048828e+01
   5.0012950e+06   7.1044922e+01
   5.0214320e+06   6.8542480e+01
   5.0215470e+06   5.2185059e+01
   5.0216060e+06   5.6152344e+01
   5.0216330e+06   6.1157227e+01
   5.0217040e+06   5.2917480e+01
   5.0219830e+06   5.2490234e+01
   5.0599140e+06   5.6152344e+01
   5.0616530e+06   5.3405762e+01
   5.0877860e+06   6.3171387e+01
   5.0878930e+06   5.1635742e+01
   5.0879670e+06   5.2612305e+01
   5.0880140e+06   5.2307129e+01
   5.0880880e+06   5.1147461e+01
   5.0881710e+06   5.3771973e+01
   5.0882010e+06   5.3283691e+01
   5.1365710e+06   5.1330566e+01
   5.1377210e+06   5.2062988e+01
   5.1377430e+06   5.3222656e+01
   5.1377950e+06   6.5063477e+01
   5.1378390e+06   5.6091309e+01
   5.1379230e+06   6.8420410e+01
   5.1943580e+06   5.2124023e+01
   5.1944740e+06   6.4697266e+01
   5.1945040e+06   5.3527832e+01
   5.2242040e+06   5.3100586e+01
   5.2242610e+06   6.9763184e+01
   5.2242830e+06   5.6762695e+01
   5.2243630e+06   5.6030273e+01
   5.2244090e+06   6.8725586e+01
   5.2246770e+06   5.6030273e+01
   5.2262870e+06   5.0842285e+01
   5.3159680e+06   5.0170898e+01
   5.3189960e+06   5.2124023e+01
   5.3337510e+06   5.1574707e+01
   5.3338970e+06   5.1574707e+01
   5.3957660e+06   5.0537109e+01
   5.3958900e+06   5.2978516e+01
   5.3961690e+06   4.9987793e+01
   5.4208010e+06   4.9987793e+01
   5.4360860e+06   5.7434082e+01
   5.4680190e+06   5.1513672e+01
   5.4680730e+06   5.9082031e+01
   5.4681230e+06   7.7331543e+01
   5.4681540e+06   6.9335938e+01
   5.4682100e+06   6.2927246e+01
   5.4682400e+06   5.0903320e+01
   5.4682800e+06   5.1818848e+01
   5.4683430e+06   6.1035156e+01
   5.4684710e+06   5.9204102e+01
   5.4691470e+06   6.3537598e+01
   5.4703090e+06   5.1757813e+01
   5.4703210e+06   5.0598145e+01
   5.5830970e+06   5.7128906e+01
   5.5831260e+06   6.9519043e+01
   5.5831590e+06   5.7800293e+01
   5.6105740e+06   5.6091309e+01
   5.6158390e+06   5.1696777e+01
   5.6160620e+06   5.3344727e+01
   5.6161080e+06   5.0598145e+01
   5.6161280e+06   5.1818848e+01
   5.6163480e+06   5.1208496e+01
   5.6425800e+06   5.1330566e+01
   5.6709920e+06   5.2734375e+01
   5.6710470e+06   5.5664063e+01
   5.6712680e+06   5.1025391e+01
   5.6753730e+06   6.6833496e+01
   5.6898950e+06   5.3161621e+01
   5.7080240e+06   5.0964355e+01
   5.7294410e+06   5.0109863e+01
   5.7307920e+06   5.0415039e+01
   5.7547590e+06   5.7922363e+01
   5.7548330e+06   5.9204102e+01
   5.7548850e+06   5.0659180e+01
   5.7549260e+06   5.4504395e+01
   5.7786010e+06   5.2001953e+01
   5.7788260e+06   6.1523438e+01
   5.7789120e+06   6.3354492e+01
   5.7964250e+06   6.6711426e+01
   5.7965370e+06   5.3405762e+01
   5.7965810e+06   6.3232422e+01
   5.7967860e+06   5.8715820e+01
   5.7979280e+06   5.5603027e+01
   5.7979920e+06   5.9631348e+01
   5.8618920e+06   5.8410645e+01
   5.8620040e+06   5.6152344e+01
   5.8715340e+06   5.4321289e+01
   5.8715750e+06   5.9692383e+01
   5.8716650e+06   5.0720215e+01
   5.8717170e+06   5.3466797e+01
   5.9215690e+06   5.0842285e+01
   5.9542420e+06   5.2124023e+01
   5.9746000e+06   6.8786621e+01
   5.9747670e+06   5.4565430e+01
   5.9748640e+06   5.0903320e+01
   6.0629090e+06   5.7067871e+01
   6.0738970e+06   5.9448242e+01
   6.0739750e+06   5.1452637e+01
   6.0740390e+06   5.0659180e+01
   6.0741970e+06   5.1696777e+01
   6.0949030e+06   5.1391602e+01
   6.0949730e+06   5.0476074e+01
   6.0950030e+06   5.2856445e+01
   6.0950400e+06   5.2734375e+01
   6.0950580e+06   5.2429199e+01
   6.0952100e+06   5.6579590e+01
   6.1122430e+06   5.0964355e+01
   6.1297460e+06   6.4697266e+01
   6.1298020e+06   5.9143066e+01
   6.1299790e+06   5.5847168e+01
   6.1489990e+06   5.1879883e+01
   6.1490170e+06   7.7026367e+01
   6.1491580e+06   5.1513672e+01
   6.1493450e+06   5.5297852e+01
   6.1493930e+06   5.1086426e+01
   6.1496270e+06   5.7006836e+01
   6.1499160e+06   5.2551270e+01
   6.1889940e+06   5.4382324e+01
   6.1891220e+06   5.4870605e+01
   6.1968040e+06   5.0659180e+01
   6.2107930e+06   5.5847168e+01
   6.2108650e+06   5.1269531e+01
   6.2108940e+06   6.6284180e+01
   6.2109800e+06   5.1025391e+01
   6.2110320e+06   5.1574707e+01
   6.2111110e+06   5.2001953e+01
   6.2112370e+06   5.5358887e+01
   6.2113490e+06   5.1147461e+01
   6.2113850e+06   5.1696777e+01
   6.2849780e+06   5.0476074e+01
   6.2997110e+06   5.9753418e+01
   6.2997410e+06   6.5612793e+01
   6.3227720e+06   6.1035156e+01
   6.3229470e+06   6.0546875e+01
   6.3439060e+06   5.2124023e+01
   6.3439990e+06   5.6579590e+01
   6.3660730e+06   5.1452637e+01
   6.3661740e+06   6.5124512e+01
   6.3662100e+06   5.6152344e+01
   6.3662350e+06   5.0170898e+01
   6.3663040e+06   5.9387207e+01
   6.3891950e+06   5.4199219e+01
   6.3892480e+06   6.2194824e+01
   6.3893560e+06   5.3894043e+01
   6.4078000e+06   6.2500000e+01
   6.4078500e+06   5.4199219e+01
   6.4078800e+06   5.2612305e+01
   6.4079150e+06   5.0170898e+01
   6.4079390e+06   5.8593750e+01
   6.4085610e+06   5.2124023e+01
   6.4625780e+06   5.6518555e+01
   6.4626540e+06   5.7922363e+01
   6.4626910e+06   6.2255859e+01
   6.4627330e+06   5.2307129e+01
   6.4907420e+06   6.1157227e+01
   6.5141350e+06   5.1086426e+01
   6.5141720e+06   5.6884766e+01
   6.5153710e+06   5.1330566e+01
   6.5375720e+06   5.0231934e+01
   6.5376420e+06   5.1574707e+01
   6.5412070e+06   5.2307129e+01
   6.5538590e+06   6.6467285e+01
   6.5538940e+06   5.2734375e+01
   6.5540620e+06   5.2795410e+01
   6.5801820e+06   5.6762695e+01
   6.5801980e+06   5.3344727e+01
   6.5802380e+06   5.6640625e+01
   6.6068700e+06   5.2551270e+01
   6.6083800e+06   5.9875488e+01
   6.6084470e+06   5.6640625e+01
   6.6084780e+06   5.1879883e+01
   6.6085620e+06   5.6396484e+01
   6.6085860e+06   5.7312012e+01
   6.6086190e+06   5.2246094e+01
   6.6086450e+06   5.2429199e+01
   6.6086970e+06   5.2429199e+01
   6.6087330e+06   6.0791016e+01
   6.6089380e+06   5.0354004e+01
   6.6091060e+06   5.7189941e+01
   6.6096140e+06   4.9987793e+01
   6.6761950e+06   5.3894043e+01
   6.6763110e+06   6.3537598e+01
   6.6764020e+06   5.9326172e+01
   6.6764970e+06   5.3955078e+01
   6.6775680e+06   5.1940918e+01
   6.7034110e+06   5.3222656e+01
   6.7034460e+06   6.4880371e+01
   6.7177040e+06   5.1452637e+01
   6.7178170e+06   5.2246094e+01
   6.7348200e+06   5.3222656e+01
   6.7348970e+06   5.2612305e+01
   6.7349200e+06   5.2490234e+01
   6.7349790e+06   6.0852051e+01
   6.7618230e+06   6.0607910e+01
   6.7618400e+06   5.1452637e+01
   6.7618730e+06   7.1960449e+01
   6.7619520e+06   6.0607910e+01
   6.7619880e+06   5.0476074e+01
   6.7620580e+06   5.0903320e+01
   6.7622390e+06   6.0180664e+01
   6.8067340e+06   6.5124512e+01
   6.8068270e+06   5.8715820e+01
   6.8068470e+06   5.5786133e+01
   6.8068790e+06   5.2734375e+01
   6.8403020e+06   5.0903320e+01
   6.8403940e+06   5.0537109e+01
   6.8404560e+06   5.7983398e+01
   6.8404950e+06   4.9987793e+01
   6.8645310e+06   5.6884766e+01
   6.8871130e+06   5.6396484e+01
   6.8871580e+06   5.7250977e+01
   6.8871990e+06   5.4321289e+01
   6.9125560e+06   5.4138184e+01
   6.9126140e+06   6.1279297e+01
   6.9126770e+06   5.7128906e+01
   6.9127150e+06   5.6640625e+01
   6.9127250e+06   5.7800293e+01
   6.9127500e+06   5.6884766e+01
   6.9127960e+06   7.1777344e+01
   6.9129380e+06   5.7983398e+01
   6.9129900e+06   5.1940918e+01
   6.9782740e+06   5.0170898e+01
   7.0143140e+06   5.6457520e+01
   7.0450050e+06   5.4504395e+01
   7.0662470e+06   5.6335449e+01
   7.0663140e+06   6.3537598e+01
   7.0664150e+06   6.8786621e+01
   7.0664720e+06   5.0048828e+01
   7.0666270e+06   5.2307129e+01
   7.0670390e+06   5.0109863e+01
   7.0675280e+06   5.0231934e+01
   7.1203350e+06   5.1208496e+01
   7.1795340e+06   5.2978516e+01
   7.2076750e+06   5.4870605e+01
   7.2076880e+06   6.0302734e+01
   7.2077430e+06   5.3100586e+01
   7.2077750e+06   6.0424805e+01
   7.2078040e+06   6.6040039e+01
   7.2081000e+06   5.4321289e+01
   7.2082930e+06   5.1635742e+01
   7.2728230e+06   5.9387207e+01
   7.2950040e+06   6.0424805e+01
   7.2950540e+06   5.3833008e+01
   7.3355760e+06   6.3232422e+01
   7.3356340e+06   6.0180664e+01
   7.3356710e+06   5.9265137e+01
   7.3357510e+06   5.4687500e+01
   7.3357760e+06   5.0659180e+01
   7.3358190e+06   5.5969238e+01
   7.3605610e+06   5.7250977e+01
   7.3605830e+06   5.7312012e+01
   7.3606210e+06   5.1879883e+01
   7.3606900e+06   5.2185059e+01
   7.3850210e+06   5.0109863e+01
   7.3850770e+06   5.2490234e+01
   7.3851830e+06   6.8298340e+01
   7.3852920e+06   5.7373047e+01
   7.3854360e+06   5.3588867e+01
   7.3856200e+06   5.5114746e+01
   7.4697670e+06   5.3405762e+01
   7.4904080e+06   5.6274414e+01
   7.4904540e+06   5.1757813e+01
   7.4904800e+06   5.1574707e+01
   7.5118750e+06   5.6274414e+01
   7.5120970e+06   5.4931641e+01
   7.5135390e+06   5.2795410e+01
   7.5355740e+06   5.2917480e+01
   7.5356280e+06   4.9987793e+01
   7.5357200e+06   5.7312012e+01
   7.5360780e+06   5.4809570e+01
   7.5361220e+06   5.0048828e+01
   7.5362570e+06   5.0109863e+01
   7.5363190e+06   5.8593750e+01
   7.5614130e+06   5.6945801e+01
   7.5840070e+06   5.3466797e+01
   7.5908340e+06   5.5725098e+01
   7.5939510e+06   5.0354004e+01
   7.6047020e+06   6.4147949e+01
   7.6047610e+06   5.1208496e+01
   7.6315220e+06   5.3405762e+01
   7.6637670e+06   5.4565430e+01
   7.6638360e+06   6.4514160e+01
   7.6640280e+06   6.1340332e+01
   7.6933840e+06   5.5053711e+01
   7.6936250e+06   6.5734863e+01
   7.6944110e+06   5.8288574e+01
   7.7298760e+06   5.5786133e+01
   7.7319310e+06   5.8105469e+01
   7.7321060e+06   5.2795410e+01
   7.7321510e+06   6.7199707e+01
   7.7321990e+06   5.3771973e+01
   7.7323130e+06   5.2490234e+01
   7.7733560e+06   5.3344727e+01
   7.7733750e+06   6.1706543e+01
   7.7734320e+06   5.0842285e+01
   7.7734640e+06   5.4077148e+01
   7.7735250e+06   5.5297852e+01
   7.7735420e+06   5.6701660e+01
   7.7736230e+06   5.9997559e+01
   7.8178830e+06   5.1513672e+01
   7.8377130e+06   4.9987793e+01
   7.8767660e+06   7.0373535e+01
   7.8769020e+06   5.5908203e+01
   7.8769890e+06   5.4809570e+01
   7.8770380e+06   5.3466797e+01
   7.8771340e+06   5.1025391e+01
   7.8771860e+06   5.0781250e+01
   7.8778050e+06   5.5419922e+01
   7.9135480e+06   5.1452637e+01
   7.9151470e+06   5.7495117e+01
   7.9151620e+06   5.5419922e+01
   7.9151900e+06   5.1330566e+01
   7.9152550e+06   5.3222656e+01
   7.9153130e+06   6.2438965e+01
   7.9154210e+06   5.2307129e+01
   7.9162580e+06   5.4687500e+01
   7.9549600e+06   6.0668945e+01
   8.0073690e+06   5.0292969e+01
   8.0380470e+06   6.5368652e+01
   8.0381890e+06   6.2194824e+01
   8.0382190e+06   5.0415039e+01
   8.0382590e+06   5.6335449e+01
   8.0382710e+06   5.3588867e+01
   8.0885070e+06   6.1279297e+01
   8.0885900e+06   6.0729980e+01
   8.0886080e+06   5.5358887e+01
   8.0886370e+06   5.0598145e+01
   8.0941370e+06   5.8532715e+01
   8.0941700e+06   5.6518555e+01
   8.0942250e+06   5.9753418e+01
   8.0942710e+06   5.4016113e+01
   8.1141320e+06   6.8298340e+01
   8.1379820e+06   5.8837891e+01
   8.1380270e+06   5.4931641e+01
   8.1381290e+06   5.2612305e+01
   8.1382450e+06   5.6640625e+01
   8.1384520e+06   5.0842285e+01
   8.2007680e+06   5.4931641e+01
   8.2008640e+06   5.1452637e+01
   8.2269660e+06   5.2490234e+01
   8.2298480e+06   6.0424805e+01
   8.2299090e+06   5.3833008e+01
   8.2299450e+06   5.7006836e+01
   8.2301540e+06   5.2673340e+01
   8.2302840e+06   5.1513672e+01
   8.2313110e+06   5.2612305e+01
   8.2778190e+06   5.5114746e+01
   8.2988970e+06   5.0109863e+01
   8.3653070e+06   5.5908203e+01
   8.3655150e+06   6.1340332e+01
   8.3901250e+06   5.3955078e+01
   8.3901930e+06   5.9509277e+01
   8.3903670e+06   5.0292969e+01
   8.4093870e+06   5.7556152e+01
   8.4094330e+06   5.5541992e+01
   8.4094570e+06   6.7260742e+01
   8.4426530e+06   6.2744141e+01
   8.4426680e+06   6.6528320e+01
   8.4426930e+06   5.0415039e+01
   8.4869330e+06   5.6152344e+01
   8.4869430e+06   5.4260254e+01
   8.4870070e+06   6.2744141e+01
   8.4870420e+06   5.9326172e+01
   8.4870550e+06   5.1086426e+01
   8.4871540e+06   5.2673340e+01
   8.4871690e+06   6.5612793e+01
   8.5154660e+06   5.2490234e+01
   8.5155100e+06   5.0842285e+01
   8.5155880e+06   5.1025391e+01
   8.5352680e+06   5.0781250e+01
   8.5353630e+06   4.9987793e+01
   8.5563060e+06   5.8593750e+01
   8.5565060e+06   5.5908203e+01
   8.5576350e+06   5.2673340e+01
   8.5750240e+06   5.1391602e+01
   8.5781170e+06   5.0292969e+01
   8.5805680e+06   5.5175781e+01
   8.6589320e+06   5.6945801e+01
   8.6589910e+06   5.7556152e+01
   8.6590250e+06   6.4819336e+01
   8.6781470e+06   5.3405762e+01
   8.7023080e+06   6.7749023e+01
   8.7023730e+06   5.0415039e+01
   8.7031270e+06   5.6518555e+01
   8.7032000e+06   5.2307129e+01
   8.7368040e+06   5.0048828e+01
   8.7676940e+06   5.4443359e+01
   8.7678660e+06   5.6335449e+01
   8.8137250e+06   5.0231934e+01
   8.8246270e+06   5.1391602e+01
   8.8249790e+06   5.7312012e+01
   8.8250430e+06   5.0109863e+01
   8.8256810e+06   5.3100586e+01
   8.8435780e+06   6.5429688e+01
   8.8634870e+06   5.0659180e+01
   8.8635190e+06   5.5297852e+01
   8.8635950e+06   5.1025391e+01
   8.8636790e+06   5.0659180e+01
   8.8637490e+06   5.0964355e+01
   8.8638190e+06   5.3955078e+01
   8.8639590e+06   5.1696777e+01
   8.9195610e+06   5.3955078e+01
   8.9198140e+06   5.1147461e+01
   8.9584410e+06   5.0415039e+01
   8.9585900e+06   6.2500000e+01
   8.9842370e+06   5.8837891e+01
   8.9844640e+06   7.0861816e+01
   9.0122790e+06   5.1452637e+01
   9.0123470e+06   5.4748535e+01
   9.0153330e+06   6.0791016e+01
   9.0379480e+06   5.8227539e+01
   9.0380060e+06   5.7434082e+01
   9.0381180e+06   5.0720215e+01
   9.0955240e+06   5.0659180e+01
   9.0973740e+06   5.3405762e+01
   9.0975340e+06   5.4504395e+01
   9.1172800e+06   5.1330566e+01
   9.1173860e+06   5.5786133e+01
   9.1430600e+06   5.0354004e+01
   9.1433740e+06   5.5053711e+01
   9.1728540e+06   5.3405762e+01
   9.1729890e+06   5.4443359e+01
   9.1730660e+06   5.1452637e+01
   9.2180740e+06   5.7922363e+01
   9.2181240e+06   5.4016113e+01
   9.2182090e+06   5.4565430e+01
   9.2479650e+06   5.5114746e+01
   9.2480960e+06   5.6091309e+01
   9.2709120e+06   5.6213379e+01
   9.2709850e+06   5.3039551e+01
   9.2710090e+06   5.7800293e+01
   9.2710250e+06   5.2734375e+01
   9.2711610e+06   5.4809570e+01
   9.2790010e+06   5.2856445e+01
   9.2906500e+06   5.0048828e+01
   9.2906970e+06   7.4157715e+01
   9.2909390e+06   6.0424805e+01
   9.2919890e+06   5.9692383e+01
   9.3291390e+06   5.1574707e+01
   9.3291670e+06   5.4992676e+01
   9.3425740e+06   5.9997559e+01
   9.3428460e+06   5.8044434e+01
   9.3795680e+06   5.1513672e+01
   9.3797930e+06   5.2673340e+01
   9.3798880e+06   5.0903320e+01
   9.3799000e+06   5.4626465e+01
   9.3803620e+06   5.0354004e+01
   9.3817470e+06   5.0415039e+01
   9.4009770e+06   5.0964355e+01
   9.4259500e+06   5.6030273e+01
   9.4261600e+06   5.5847168e+01
   9.4967390e+06   5.6640625e+01
   9.4968660e+06   5.4748535e+01
   9.5106580e+06   5.1269531e+01
   9.5185700e+06   5.1940918e+01
   9.5188340e+06   5.0170898e+01
   9.5190490e+06   5.0720215e+01
   9.5354880e+06   5.1757813e+01
   9.5527660e+06   5.0476074e+01
   9.5772260e+06   5.2307129e+01
   9.5772670e+06   5.9509277e+01
   9.6055200e+06   5.0781250e+01
   9.6167030e+06   4.9987793e+01
   9.6169650e+06   5.2368164e+01
   9.6414140e+06   5.5114746e+01
   9.6415380e+06   6.0546875e+01
   9.6415580e+06   5.0354004e+01
   9.6416020e+06   5.5786133e+01
   9.6416370e+06   5.4138184e+01
   9.6416700e+06   5.2246094e+01
   9.6417710e+06   5.3466797e+01
   9.6418540e+06   5.2734375e+01
   9.6419200e+06   5.2062988e+01
   9.7198640e+06   5.2673340e+01
   9.7199300e+06   5.1940918e+01
   9.7358890e+06   6.5246582e+01
   9.7569170e+06   5.8898926e+01
   9.7570390e+06   5.0781250e+01
   9.7852670e+06   5.4687500e+01
   9.7853370e+06   5.3466797e+01
   9.8074280e+06   5.1147461e+01
   9.8074410e+06   4.9987793e+01
   9.8571820e+06   5.5053711e+01
   9.8574740e+06   5.3466797e+01
   9.8577580e+06   5.3894043e+01
   9.8736420e+06   5.2551270e+01
   9.8884110e+06   5.8410645e+01
   9.8885040e+06   6.6101074e+01
   9.8885370e+06   6.2683105e+01
   9.8886550e+06   5.2856445e+01
   9.8886700e+06   5.2978516e+01
   9.8895270e+06   5.1147461e+01
   9.9293970e+06   5.0354004e+01
   9.9475730e+06   5.0048828e+01
   9.9681740e+06   5.0781250e+01
   9.9683530e+06   5.4687500e+01
   9.9684640e+06   5.1696777e+01
   9.9689820e+06   5.2978516e+01
   1.0032627e+07   5.1879883e+01
   1.0064544e+07   5.1330566e+01
   1.0079369e+07   6.3476562e+01
   1.0091544e+07   5.0292969e+01
   1.0091562e+07   5.0903320e+01
   1.0091611e+07   6.1035156e+01
   1.0091690e+07   5.6457520e+01
   1.0091744e+07   5.0415039e+01
   1.0093130e+07   6.0974121e+01
   1.0107161e+07   5.9326172e+01
   1.0107892e+07   5.2978516e+01
   1.0127356e+07   5.6640625e+01
   1.0127392e+07   5.6335449e+01
   1.0127422e+07   5.4504395e+01
   1.0127507e+07   5.4931641e+01
   1.0127520e+07   6.6223145e+01
   1.0127564e+07   5.4016113e+01
   1.0127592e+07   6.2500000e+01
   1.0127638e+07   5.2307129e+01
   1.0127669e+07   6.7321777e+01
   1.0162313e+07   5.6457520e+01
   1.0162418e+07   5.6274414e+01
   1.0162450e+07   5.3283691e+01
   1.0162744e+07   6.6467285e+01
   1.0162973e+07   5.2001953e+01
   1.0220988e+07   5.9204102e+01
   1.0256618e+07   5.3894043e+01
   1.0256631e+07   6.6040039e+01
   1.0256739e+07   5.7373047e+01
   1.0256800e+07   5.9631348e+01
   1.0276847e+07   5.0537109e+01
   1.0299851e+07   5.2795410e+01
   1.0332415e+07   5.0292969e+01
   1.0332469e+07   5.1086426e+01
   1.0332485e+07   5.4382324e+01
   1.0354276e+07   5.1208496e+01
   1.0372951e+07   5.0964355e+01
   1.0373041e+07   5.1940918e+01
   1.0373123e+07   7.4462891e+01
   1.0373194e+07   5.9448242e+01
   1.0388710e+07   5.1452637e+01
   1.0388734e+07   5.5969238e+01
   1.0388765e+07   5.8837891e+01
   1.0388951e+07   5.1330566e+01
   1.0389125e+07   5.3588867e+01
   1.0389188e+07   5.6335449e+01
   1.0389260e+07   5.1025391e+01
   1.0501608e+07   6.2133789e+01
   1.0501745e+07   7.3730469e+01
   1.0501783e+07   5.0231934e+01
   1.0501816e+07   6.1645508e+01
   1.0502378e+07   5.0476074e+01
   1.0523676e+07   5.0415039e+01
   1.0526651e+07   5.4809570e+01
   1.0527770e+07   5.7678223e+01
   1.0527867e+07   7.0983887e+01
   1.0527877e+07   5.9509277e+01
   1.0568645e+07   5.3100586e+01
   1.0568713e+07   5.4748535e+01
   1.0568798e+07   5.6274414e+01
   1.0568843e+07   5.0720215e+01
   1.0568876e+07   5.7495117e+01
   1.0569071e+07   5.2001953e+01
   1.0569116e+07   6.1889648e+01
   1.0569246e+07   5.0537109e+01
   1.0569462e+07   5.0781250e+01
   1.0570746e+07   5.0231934e+01
   1.0602339e+07   5.6701660e+01
   1.0653211e+07   5.0354004e+01
   1.0653239e+07   5.2307129e+01
   1.0653304e+07   6.2194824e+01
   1.0653345e+07   5.0048828e+01
   1.0653396e+07   4.9987793e+01
   1.0701738e+07   5.5847168e+01
   1.0701857e+07   6.0974121e+01
   1.0727233e+07   5.4992676e+01
   1.0748036e+07   5.2490234e+01
   1.0819612e+07   5.1391602e+01
   1.0819634e+07   6.3720703e+01
   1.0819730e+07   5.4260254e+01
   1.0845756e+07   5.4626465e+01
   1.0863156e+07   5.2124023e+01
   1.0863314e+07   5.5603027e+01
   1.0881077e+07   6.2500000e+01
   1.0881135e+07   6.2500000e+01
   1.0901831e+07   5.8288574e+01
   1.0915603e+07   5.2185059e+01
   1.0915702e+07   5.5541992e+01
   1.0915823e+07   5.1940918e+01
   1.0916581e+07   5.4992676e+01
   1.1017533e+07   5.9143066e+01
   1.1017605e+07   5.8410645e+01
   1.1037588e+07   5.3466797e+01
   1.1037618e+07   5.4992676e+01
   1.1037664e+07   7.3059082e+01
   1.1037710e+07   5.3344727e+01
   1.1037758e+07   5.1208496e+01
   1.1037777e+07   5.6457520e+01
   1.1056830e+07   8.1176758e+01
   1.1056879e+07   5.2368164e+01
   1.1056939e+07   5.7067871e+01
   1.1057116e+07   5.6457520e+01
   1.1057935e+07   5.4870605e+01
   1.1078493e+07   5.3527832e+01
   1.1078569e+07   6.8786621e+01
   1.1078606e+07   5.8654785e+01
   1.1078688e+07   6.5979004e+01
   1.1078703e+07   5.4809570e+01
   1.1078731e+07   5.3161621e+01
   1.1078778e+07   5.5725098e+01
   1.1079199e+07   5.0781250e+01
   1.1079920e+07   5.1147461e+01
   1.1185432e+07   5.2978516e+01
   1.1185487e+07   5.0537109e+01
   1.1213513e+07   6.1828613e+01
   1.1213573e+07   6.1950684e+01
   1.1213639e+07   5.1879883e+01
   1.1213672e+07   5.6518555e+01
   1.1224794e+07   5.1574707e+01
   1.1246209e+07   5.3466797e+01
   1.1262225e+07   5.1513672e+01
   1.1262312e+07   5.8959961e+01
   1.1284595e+07   5.9143066e+01
   1.1284839e+07   5.6945801e+01
   1.1324098e+07   5.1269531e+01
   1.1339010e+07   5.0842285e+01
   1.1339207e+07   6.0546875e+01
   1.1339522e+07   5.7678223e+01
   1.1353812e+07   5.2673340e+01
   1.1353910e+07   6.4758301e+01
   1.1353946e+07   5.0048828e+01
   1.1354205e+07   5.1330566e+01
   1.1354349e+07   5.4504395e+01
   1.1354618e+07   5.0170898e+01
   1.1425620e+07   5.8471680e+01
   1.1425638e+07   6.8847656e+01
   1.1425716e+07   5.4931641e+01
   1.1425798e+07   6.3415527e+01
   1.1532251e+07   5.0170898e+01
   1.1532382e+07   5.7189941e+01
   1.1582582e+07   5.2429199e+01
   1.1582677e+07   5.3100586e+01
   1.1608179e+07   6.0913086e+01
   1.1608379e+07   5.8471680e+01
   1.1631292e+07   5.2551270e+01
   1.1652414e+07   5.0109863e+01
   1.1652641e+07   5.2368164e+01
   1.1676993e+07   5.0292969e+01
   1.1712627e+07   5.6030273e+01
   1.1712818e+07   6.0363770e+01
   1.1712884e+07   5.4016113e+01
   1.1713053e+07   5.4565430e+01
   1.1713222e+07   5.8288574e+01
   1.1713245e+07   5.6884766e+01
   1.1753070e+07   5.2978516e+01
   1.1776883e+07   5.7678223e+01
   1.1776953e+07   5.2978516e+01
   1.1777017e+07   5.6091309e+01
   1.1807496e+07   5.1818848e+01
   1.1820569e+07   5.3588867e+01
   1.1841893e+07   5.6823730e+01
   1.1861133e+07   5.5175781e+01
   1.1861181e+07   5.0598145e+01
   1.1870771e+07   5.2368164e+01
   1.1872818e+07   5.3283691e+01
   1.1885760e+07   5.7556152e+01
   1.1891372e+07   6.2744141e+01
   1.1891411e+07   5.8593750e+01
   1.1891454e+07   6.1035156e+01
   1.1891489e+07   5.3161621e+01
   1.1891630e+07   5.3649902e+01
   1.1891679e+07   5.2124023e+01
   1.1891758e+07   5.0292969e+01
   1.1891879e+07   5.4016113e+01
   1.1974961e+07   5.1269531e+01
   1.1981721e+07   6.3171387e+01
