   1.1999000e+07   0.0000000e+00
   3.1288000e+04   6.7871094e+01
   3.1456000e+04   5.2795410e+01
   3.1637000e+04   5.9875488e+01
   3.1652000e+04   5.9448242e+01
   3.1684000e+04   4.9865723e+01
   1.4349300e+05   5.2001953e+01
   1.6853500e+05   6.2866211e+01
   1.6865400e+05   5.1574707e+01
   1.6886100e+05   5.8288574e+01
   1.6892500e+05   5.1391602e+01
   1.6912500e+05   5.2429199e+01
   2.0722300e+05   9.0576172e+01
   2.5742500e+05   4.9865723e+01
   2.5772200e+05   5.3771973e+01
   2.9181300e+05   5.2001953e+01
   2.9187000e+05   5.6640625e+01
   2.9192100e+05   6.5185547e+01
   2.9195100e+05   5.8776855e+01
   2.9204100e+05   5.0842285e+01
   2.9217600e+05   4.9926758e+01
   2.9222800e+05   5.2917480e+01
   2.9230900e+05   5.2795410e+01
   3.4859600e+05   5.2429199e+01
   3.4863000e+05   5.0781250e+01
   3.7102000e+05   5.7067871e+01
   4.1753700e+05   4.9743652e+01
   4.1755300e+05   5.3222656e+01
   4.1762800e+05   6.2805176e+01
   4.1766800e+05   5.0964355e+01
   4.1776100e+05   5.2795410e+01
   4.1779900e+05   4.9804688e+01
   4.1788600e+05   5.2856445e+01
   4.8050400e+05   5.2001953e+01
   5.1844200e+05   5.1269531e+01
   5.1849800e+05   5.0659180e+01
   5.7461500e+05   4.9926758e+01
   5.9772100e+05   5.1147461e+01
   6.2279700e+05   4.9804688e+01
   6.2326900e+05   5.0842285e+01
   6.4810700e+05   5.2246094e+01
   6.6618800e+05   5.0659180e+01
   6.6758500e+05   5.0048828e+01
   7.1040300e+05   5.1879883e+01
   7.3295600e+05   5.5786133e+01
   7.5064600e+05   5.0109863e+01
   8.3416000e+05   5.1513672e+01
   8.3420500e+05   5.0415039e+01
   8.5821600e+05   5.2673340e+01
   8.7945400e+05   5.4260254e+01
   8.7951200e+05   5.2673340e+01
   8.7959400e+05   5.0842285e+01
   9.0184600e+05   6.3415527e+01
   9.3354300e+05   5.0048828e+01
   9.3374400e+05   5.4931641e+01
   9.3378100e+05   5.0292969e+01
   9.3380600e+05   5.0415039e+01
   9.3383000e+05   5.2917480e+01
   9.3395100e+05   5.1147461e+01
   9.3408800e+05   5.1269531e+01
   1.0498120e+06   5.3710938e+01
   1.0775010e+06   5.7861328e+01
   1.0776590e+06   5.6091309e+01
   1.0905470e+06   4.9865723e+01
   1.0906350e+06   5.3222656e+01
   1.1117690e+06   5.1025391e+01
   1.1121260e+06   5.7312012e+01
   1.1123820e+06   5.0231934e+01
   1.2397400e+06   5.5053711e+01
   1.2399170e+06   5.4504395e+01
   1.2619410e+06   4.9926758e+01
   1.2626690e+06   5.0720215e+01
   1.2632120e+06   5.4016113e+01
   1.3526630e+06   5.0109863e+01
   1.3653540e+06   5.4138184e+01
   1.3944010e+06   5.4199219e+01
   1.3946410e+06   5.0231934e+01
   1.3950000e+06   5.2917480e+01
   1.5446530e+06   5.5358887e+01
   1.5971990e+06   5.5114746e+01
   1.5973570e+06   5.2429199e+01
   1.6616190e+06   5.1818848e+01
   1.6618990e+06   5.4504395e+01
   1.6629500e+06   5.0659180e+01
   1.7581250e+06   5.0964355e+01
   1.7581430e+06   6.1889648e+01
   1.7849160e+06   5.0415039e+01
   1.8040680e+06   5.0659180e+01
   1.8332350e+06   5.7495117e+01
   1.8333750e+06   4.9865723e+01
   1.8350780e+06   5.4199219e+01
   1.9168270e+06   4.9987793e+01
   1.9449800e+06   5.2978516e+01
   1.9695660e+06   5.3710938e+01
   2.0801480e+06   5.8166504e+01
   2.1018400e+06   6.7565918e+01
   2.1281840e+06   5.0598145e+01
   2.1282330e+06   5.3833008e+01
   2.1282710e+06   5.0354004e+01
   2.1283420e+06   6.0241699e+01
   2.1284190e+06   6.6711426e+01
   2.1493870e+06   5.6091309e+01
   2.1494350e+06   5.1086426e+01
   2.1496680e+06   5.4992676e+01
   2.2579840e+06   5.1696777e+01
   2.3114010e+06   5.1330566e+01
   2.3128950e+06   5.2124023e+01
   2.3130860e+06   5.6518555e+01
   2.3936210e+06   5.5053711e+01
   2.3937240e+06   5.6091309e+01
   2.3940760e+06   5.8593750e+01
   2.4745320e+06   5.5541992e+01
   2.4953190e+06   5.2368164e+01
   2.4954260e+06   5.3222656e+01
   2.4954410e+06   5.8044434e+01
   2.4956130e+06   5.0781250e+01
   2.4958910e+06   5.1696777e+01
   2.6152470e+06   5.2429199e+01
   2.6154190e+06   5.2551270e+01
   2.6155850e+06   5.7739258e+01
   2.6402220e+06   5.1818848e+01
   2.6860730e+06   5.1147461e+01
   2.6861110e+06   4.9926758e+01
   2.6861610e+06   5.0048828e+01
   2.7947010e+06   4.9804688e+01
   2.7948350e+06   4.9804688e+01
   2.8318830e+06   5.5114746e+01
   2.9461650e+06   6.2988281e+01
   2.9481090e+06   5.1025391e+01
   2.9483040e+06   5.2551270e+01
   2.9858060e+06   5.0354004e+01
   2.9858930e+06   5.6457520e+01
   3.0554990e+06   5.7800293e+01
   3.0555650e+06   5.9143066e+01
   3.1570200e+06   5.2612305e+01
   3.1570590e+06   5.6884766e+01
   3.1866200e+06   5.2307129e+01
   3.2119760e+06   5.1696777e+01
   3.2129120e+06   5.1330566e+01
   3.2831020e+06   5.2490234e+01
   3.2831900e+06   5.1391602e+01
   3.2997210e+06   5.4016113e+01
   3.3000320e+06   5.6396484e+01
   3.3745420e+06   5.6579590e+01
   3.3888320e+06   5.4931641e+01
   3.4056110e+06   6.1584473e+01
   3.4273030e+06   5.0170898e+01
   3.4518780e+06   5.2917480e+01
   3.4519110e+06   5.0598145e+01
   3.4520330e+06   5.2978516e+01
   3.4544750e+06   5.0842285e+01
   3.5494320e+06   5.8715820e+01
   3.5494630e+06   5.6884766e+01
   3.5755320e+06   5.1940918e+01
   3.5755620e+06   6.7199707e+01
   3.6026000e+06   5.4504395e+01
   3.6042810e+06   5.7739258e+01
   3.6044470e+06   5.1208496e+01
   3.7109850e+06   5.1391602e+01
   3.8237310e+06   5.6640625e+01
   3.8594120e+06   5.2001953e+01
   3.8595730e+06   6.0363770e+01
   3.8964130e+06   5.2001953e+01
   3.8968010e+06   5.2368164e+01
   3.9699780e+06   5.6396484e+01
   3.9700010e+06   5.4748535e+01
   3.9917760e+06   4.9926758e+01
   4.0513130e+06   5.1513672e+01
   4.1181060e+06   5.4016113e+01
   4.1181740e+06   5.1696777e+01
   4.1183900e+06   5.4870605e+01
   4.2221890e+06   5.0415039e+01
   4.2417670e+06   5.0903320e+01
   4.2417890e+06   5.6762695e+01
   4.2419620e+06   5.2795410e+01
   4.2661880e+06   5.1086426e+01
   4.3134070e+06   5.0598145e+01
   4.3135700e+06   5.7800293e+01
   4.3136190e+06   5.1879883e+01
   4.3420960e+06   5.2673340e+01
   4.3912450e+06   5.6945801e+01
   4.3912990e+06   5.4260254e+01
   4.3914110e+06   5.6213379e+01
   4.3915770e+06   5.0781250e+01
   4.4045060e+06   5.6823730e+01
   4.4045300e+06   5.1147461e+01
   4.4441080e+06   6.0302734e+01
   4.4441290e+06   5.1208496e+01
   4.4445410e+06   5.1086426e+01
   4.5362190e+06   4.9987793e+01
   4.5615720e+06   5.5725098e+01
   4.5826050e+06   5.0537109e+01
   4.5827250e+06   5.0964355e+01
   4.6111360e+06   5.0292969e+01
   4.6219500e+06   5.5175781e+01
   4.6220740e+06   5.1391602e+01
   4.6225860e+06   5.6152344e+01
   4.6692340e+06   5.3039551e+01
   4.7119510e+06   5.2062988e+01
   4.7119830e+06   5.0292969e+01
   4.7331440e+06   5.3344727e+01
   4.7578220e+06   5.2551270e+01
   4.7579700e+06   5.0781250e+01
   4.7625910e+06   5.5725098e+01
   4.7627850e+06   5.1696777e+01
   4.7941310e+06   5.5419922e+01
   4.8070760e+06   5.4260254e+01
   4.8071100e+06   5.4870605e+01
   4.8071380e+06   5.0109863e+01
   4.8074710e+06   5.1879883e+01
   4.8654830e+06   5.0842285e+01
   4.8933500e+06   5.8593750e+01
   4.9428610e+06   6.0852051e+01
   4.9429130e+06   5.5908203e+01
   4.9430210e+06   5.0109863e+01
   4.9723570e+06   4.9804688e+01
   5.0877650e+06   5.0720215e+01
   5.0878920e+06   5.9570313e+01
   5.1378060e+06   6.2500000e+01
   5.1379280e+06   5.1330566e+01
   5.1380250e+06   5.0964355e+01
   5.2241140e+06   6.4331055e+01
   5.2242350e+06   6.3049316e+01
   5.3336750e+06   5.2185059e+01
   5.3336960e+06   4.9987793e+01
   5.3337120e+06   5.2612305e+01
   5.3337970e+06   5.1330566e+01
   5.3673580e+06   5.1818848e+01
   5.3958040e+06   5.5603027e+01
   5.3958900e+06   5.5786133e+01
   5.4542950e+06   5.6823730e+01
   5.4543880e+06   5.2856445e+01
   5.4680790e+06   4.9987793e+01
   5.4682260e+06   5.1696777e+01
   5.4683750e+06   5.1330566e+01
   5.4684230e+06   5.1269531e+01
   5.4685800e+06   5.6579590e+01
   5.4686030e+06   5.1879883e+01
   5.4686900e+06   5.2062988e+01
   5.5625320e+06   5.0781250e+01
   5.6106840e+06   5.3405762e+01
   5.6158510e+06   5.5908203e+01
   5.6159200e+06   6.0791016e+01
   5.6425010e+06   5.8898926e+01
   5.6427080e+06   5.6091309e+01
   5.6709750e+06   5.1757813e+01
   5.6710810e+06   4.9987793e+01
   5.6753420e+06   5.0659180e+01
   5.7546960e+06   4.9743652e+01
   5.7979190e+06   5.8410645e+01
   5.7980060e+06   5.6518555e+01
   5.8714850e+06   5.1269531e+01
   5.8715460e+06   5.0781250e+01
   5.8717940e+06   5.0720215e+01
   5.9540360e+06   5.4199219e+01
   5.9733340e+06   5.1879883e+01
   5.9744290e+06   5.6274414e+01
   5.9747180e+06   4.9926758e+01
   5.9747850e+06   5.2307129e+01
   5.9748410e+06   5.8288574e+01
   6.1806640e+06   5.0415039e+01
   6.2107650e+06   5.0781250e+01
   6.2108140e+06   5.1574707e+01
   6.2109380e+06   5.3588867e+01
   6.3229340e+06   5.5236816e+01
   6.3438800e+06   5.8288574e+01
   6.3660800e+06   5.1574707e+01
   6.3661170e+06   5.1391602e+01
   6.3662200e+06   7.3120117e+01
   6.3890200e+06   5.0170898e+01
   6.3891290e+06   5.4931641e+01
   6.3891940e+06   5.7189941e+01
   6.4078280e+06   5.6884766e+01
   6.4624970e+06   5.5236816e+01
   6.4905660e+06   5.0964355e+01
   6.5139940e+06   5.3161621e+01
   6.5537470e+06   5.4931641e+01
   6.6085190e+06   5.2917480e+01
   6.6085380e+06   5.6823730e+01
   6.6085740e+06   4.9926758e+01
   6.6946530e+06   5.0354004e+01
   6.7349020e+06   5.4321289e+01
   6.7350680e+06   5.1208496e+01
   6.7618260e+06   5.8837891e+01
   6.7619780e+06   5.1513672e+01
   6.8643100e+06   5.5908203e+01
   6.9127530e+06   5.2612305e+01
   6.9127770e+06   5.4138184e+01
   6.9127920e+06   5.2429199e+01
   6.9128950e+06   5.1086426e+01
   6.9129440e+06   5.6945801e+01
   6.9130010e+06   5.2001953e+01
   6.9132010e+06   5.0598145e+01
   7.0662840e+06   5.4321289e+01
   7.0663230e+06   5.5908203e+01
   7.0665460e+06   5.9814453e+01
   7.0667060e+06   5.1269531e+01
   7.1202240e+06   5.0903320e+01
   7.2076520e+06   5.1513672e+01
   7.2077990e+06   5.2551270e+01
   7.2078440e+06   5.2429199e+01
   7.2081420e+06   5.5053711e+01
   7.2083960e+06   5.0231934e+01
   7.2728650e+06   5.9326172e+01
   7.3142580e+06   5.3710938e+01
   7.3143780e+06   6.1828613e+01
   7.3357110e+06   5.2734375e+01
   7.3358740e+06   5.3894043e+01
   7.3850280e+06   5.4016113e+01
   7.3850710e+06   5.2429199e+01
   7.3852090e+06   5.0659180e+01
   7.4690610e+06   5.5297852e+01
   7.5120540e+06   4.9926758e+01
   7.5355510e+06   4.9743652e+01
   7.5356230e+06   5.1513672e+01
   7.5357000e+06   5.1757813e+01
   7.5357230e+06   5.0231934e+01
   7.5357720e+06   4.9743652e+01
   7.5358900e+06   5.0964355e+01
   7.5613950e+06   5.0781250e+01
   7.6638400e+06   5.3039551e+01
   7.6640710e+06   5.3283691e+01
   7.6935900e+06   5.0964355e+01
   7.6936760e+06   5.3039551e+01
   7.6937080e+06   6.2805176e+01
   7.7194310e+06   5.4687500e+01
   7.7234110e+06   5.0781250e+01
   7.7298080e+06   5.0781250e+01
   7.7321690e+06   5.1208496e+01
   7.7323070e+06   5.3222656e+01
   7.7733590e+06   5.0292969e+01
   7.7733830e+06   5.4748535e+01
   7.8767530e+06   6.7321777e+01
   7.8770000e+06   5.7189941e+01
   7.9151240e+06   4.9804688e+01
   7.9151470e+06   6.1645508e+01
   7.9151930e+06   5.8288574e+01
   7.9152550e+06   5.9143066e+01
   7.9152960e+06   5.0231934e+01
   7.9153890e+06   5.0170898e+01
   7.9154500e+06   5.5175781e+01
   7.9155190e+06   5.0964355e+01
   7.9157890e+06   5.0781250e+01
   8.0366010e+06   5.3039551e+01
   8.0381620e+06   6.0913086e+01
   8.0616100e+06   5.3161621e+01
   8.0885310e+06   5.4077148e+01
   8.0941370e+06   5.3100586e+01
   8.0941740e+06   6.0363770e+01
   8.0941890e+06   6.3476563e+01
   8.1380030e+06   6.0485840e+01
   8.1381020e+06   5.2917480e+01
   8.1381490e+06   5.3955078e+01
   8.2008350e+06   5.0476074e+01
   8.2009110e+06   4.9804688e+01
   8.2023590e+06   5.0292969e+01
   8.2298010e+06   5.8776855e+01
   8.2298210e+06   5.8593750e+01
   8.2302570e+06   4.9865723e+01
   8.3208620e+06   5.3771973e+01
   8.3902190e+06   5.4016113e+01
   8.4093990e+06   7.1411133e+01
   8.4096180e+06   5.0476074e+01
   8.4425150e+06   5.0781250e+01
   8.4426180e+06   5.4504395e+01
   8.4426680e+06   5.1635742e+01
   8.4869490e+06   5.8837891e+01
   8.5155740e+06   5.2673340e+01
   8.5352680e+06   5.5541992e+01
   8.5562300e+06   5.1025391e+01
   8.5802840e+06   5.0048828e+01
   8.6588450e+06   5.0964355e+01
   8.6589390e+06   5.3771973e+01
   8.6590170e+06   5.4931641e+01
   8.7025120e+06   5.5114746e+01
   8.9585290e+06   5.4809570e+01
   9.2479280e+06   5.3527832e+01
   9.2905780e+06   5.1635742e+01
   9.2907080e+06   5.0903320e+01
   9.2918910e+06   5.0659180e+01
   9.3424150e+06   5.3283691e+01
   9.3424660e+06   5.7861328e+01
   9.3425030e+06   5.2612305e+01
   9.3425720e+06   5.0170898e+01
   9.3426610e+06   5.0781250e+01
   9.4659120e+06   5.6640625e+01
   9.4801830e+06   5.3466797e+01
   9.5771280e+06   5.0415039e+01
   9.5774100e+06   5.5725098e+01
   9.6167490e+06   5.8898926e+01
   9.6169230e+06   4.9987793e+01
   9.6399510e+06   7.2082520e+01
   9.6417540e+06   4.9865723e+01
   9.7198600e+06   5.6762695e+01
   9.8885250e+06   5.0476074e+01
   9.8897800e+06   4.9743652e+01
   9.9682300e+06   5.0598145e+01
   9.9682540e+06   5.8349609e+01
   9.9682930e+06   4.9804688e+01
   9.9683390e+06   5.0903320e+01
   9.9683580e+06   5.2978516e+01
   9.9684840e+06   5.1696777e+01
   9.9685150e+06   4.9926758e+01
   1.0127401e+07   5.4016113e+01
   1.0127885e+07   5.4870605e+01
   1.0162356e+07   5.7617188e+01
   1.0299777e+07   5.9326172e+01
   1.0332289e+07   5.0170898e+01
   1.0332331e+07   5.3100586e+01
   1.0332409e+07   5.1757813e+01
   1.0332468e+07   5.3466797e+01
   1.0354326e+07   4.9926758e+01
   1.0388558e+07   5.8288574e+01
   1.0388938e+07   5.2062988e+01
   1.0461266e+07   5.1574707e+01
   1.0501743e+07   7.5317383e+01
   1.0501770e+07   5.3649902e+01
   1.0527784e+07   5.7250977e+01
   1.0568816e+07   6.2744141e+01
   1.0569044e+07   5.7556152e+01
   1.0569083e+07   5.1269531e+01
   1.0569169e+07   5.5603027e+01
   1.0569239e+07   4.9865723e+01
   1.0630830e+07   5.4321289e+01
   1.0748157e+07   5.6335449e+01
   1.0748233e+07   5.5969238e+01
   1.0819718e+07   6.4453125e+01
   1.0863081e+07   5.7067871e+01
   1.0863148e+07   6.5612793e+01
   1.0881114e+07   5.0170898e+01
   1.0915488e+07   5.6518555e+01
   1.0915690e+07   5.4077148e+01
   1.0915707e+07   5.3222656e+01
   1.0915743e+07   5.1208496e+01
   1.0915809e+07   6.1096191e+01
   1.1056836e+07   5.3283691e+01
   1.1056865e+07   5.3039551e+01
   1.1078688e+07   4.9987793e+01
   1.1078711e+07   5.1818848e+01
   1.1078924e+07   5.2124023e+01
   1.1079841e+07   5.0170898e+01
   1.1246242e+07   5.9020996e+01
   1.1296155e+07   5.5541992e+01
   1.1425586e+07   5.0598145e+01
   1.1425688e+07   5.6091309e+01
   1.1425895e+07   4.9865723e+01
   1.1527240e+07   5.8105469e+01
   1.1532304e+07   5.1147461e+01
   1.1559576e+07   5.2124023e+01
   1.1587793e+07   5.0537109e+01
   1.1608047e+07   5.0537109e+01
   1.1631348e+07   5.0842285e+01
   1.1712787e+07   5.0781250e+01
   1.1776634e+07   5.3466797e+01
   1.1776935e+07   5.9265137e+01
   1.1777069e+07   5.0170898e+01
   1.1777745e+07   5.3161621e+01
   1.1820608e+07   5.0598145e+01
   1.1872768e+07   5.1025391e+01
   1.1872872e+07   4.9743652e+01
   1.1891344e+07   5.2490234e+01
   1.1891406e+07   5.7556152e+01
   1.1891487e+07   5.7556152e+01
   1.1891636e+07   5.0720215e+01
