   1.1999000e+07   0.0000000e+00
   3.4740600e+05   6.1889648e+01
   3.8871500e+05   6.0461426e+01
   4.2977700e+05   5.9509277e+01
   4.2992200e+05   6.0461426e+01
   5.4648500e+05   6.0461426e+01
   5.9098000e+05   5.9985352e+01
   5.9115000e+05   5.8795166e+01
   6.2243800e+05   6.1175537e+01
   7.3807700e+05   5.8081055e+01
   1.2840520e+06   5.8319092e+01
   1.2841640e+06   6.2365723e+01
   1.3451860e+06   5.7128906e+01
   1.7480720e+06   5.9033203e+01
   1.8872270e+06   5.9985352e+01
   1.9207340e+06   6.0461426e+01
   2.0724030e+06   5.8081055e+01
   2.0945630e+06   6.7364502e+01
   2.5172940e+06   6.6650391e+01
   2.6136180e+06   5.7604980e+01
   2.6391260e+06   6.3555908e+01
   2.6597840e+06   6.3793945e+01
   2.6598910e+06   5.7843018e+01
   2.7645970e+06   6.5460205e+01
   2.7824310e+06   6.0937500e+01
   2.8766200e+06   5.9033203e+01
   2.9850370e+06   6.4746094e+01
   3.2044610e+06   5.9509277e+01
   4.1273250e+06   6.3555908e+01
   4.1447920e+06   5.8557129e+01
   4.1449090e+06   6.0937500e+01
   4.1618450e+06   5.7604980e+01
   4.2106060e+06   6.1651611e+01
   4.3079160e+06   6.1889648e+01
   4.3079760e+06   5.7843018e+01
   5.0520320e+06   5.8795166e+01
   6.4173650e+06   5.8319092e+01
   6.5048270e+06   6.1889648e+01
   6.6763710e+06   5.7366943e+01
   7.0952600e+06   6.0461426e+01
   7.0952800e+06   5.9985352e+01
   7.1152110e+06   6.6174316e+01
   7.3450470e+06   5.7843018e+01
   7.3720500e+06   6.0699463e+01
   7.4897700e+06   6.2603760e+01
   8.7257260e+06   5.8081055e+01
   8.7392910e+06   6.1413574e+01
   9.7310060e+06   5.7366943e+01
   1.0461767e+07   6.1413574e+01
   1.0495564e+07   6.0461426e+01
   1.0736858e+07   5.7366943e+01
   1.1632680e+07   5.9985352e+01
