   1.1998000e+07   0.0000000e+00
   2.8200000e+03   3.8085938e+01
   7.9962000e+04   3.6419678e+01
   8.0051000e+04   3.0468750e+01
   8.0136000e+04   3.1896973e+01
   8.0329000e+04   2.7850342e+01
   8.0872000e+04   3.0230713e+01
   1.0248800e+05   4.1180420e+01
   1.0368400e+05   3.4753418e+01
   1.0774100e+05   3.6895752e+01
   1.0795900e+05   2.5231934e+01
   1.0849200e+05   2.4279785e+01
   1.0928200e+05   3.1182861e+01
   1.0974300e+05   3.3563232e+01
   1.3633600e+05   2.7850342e+01
   1.3830500e+05   2.8802490e+01
   1.3832100e+05   3.5467529e+01
   1.3839700e+05   2.8088379e+01
   1.3849900e+05   2.5708008e+01
   1.3858600e+05   2.7136230e+01
   1.3866600e+05   2.6898193e+01
   1.3873200e+05   2.4993896e+01
   1.3893800e+05   2.4755859e+01
   1.3900200e+05   2.4517822e+01
   1.3943000e+05   2.7850342e+01
   1.3986200e+05   2.5708008e+01
   1.4079000e+05   2.7850342e+01
   1.9042900e+05   3.5943604e+01
   1.9052100e+05   4.1656494e+01
   1.9081200e+05   3.4277344e+01
   2.1053800e+05   3.7847900e+01
   2.1195800e+05   3.5467529e+01
   2.2953100e+05   3.0706787e+01
   2.2957300e+05   3.1658936e+01
   2.3008000e+05   4.1180420e+01
   2.3223500e+05   3.3563232e+01
   2.3266000e+05   3.5467529e+01
   2.3278600e+05   2.9754639e+01
   2.3431800e+05   3.2849121e+01
   2.3439300e+05   2.4755859e+01
   2.3452900e+05   2.5231934e+01
   2.3829000e+05   2.9278564e+01
   2.3834500e+05   2.4041748e+01
   2.3851300e+05   2.4993896e+01
   2.3865500e+05   2.9278564e+01
   2.3943900e+05   2.6184082e+01
   2.4769400e+05   3.5229492e+01
   2.4781600e+05   3.1182861e+01
   2.6202100e+05   4.5703125e+01
   2.6207500e+05   2.4993896e+01
   2.6309100e+05   2.4755859e+01
   2.6341100e+05   2.4279785e+01
   2.8481600e+05   3.7609863e+01
   2.8488600e+05   3.3325195e+01
   2.8497800e+05   2.9278564e+01
   2.8532000e+05   2.5469971e+01
   2.8574300e+05   2.9516602e+01
   2.8589900e+05   2.9992676e+01
   2.8633800e+05   3.0230713e+01
   2.8649000e+05   2.8802490e+01
   2.9086300e+05   3.3087158e+01
   2.9091100e+05   2.6898193e+01
   2.9187100e+05   2.5231934e+01
   2.9265800e+05   2.7612305e+01
   2.9296100e+05   2.4517822e+01
   2.9337100e+05   2.9754639e+01
   2.9356300e+05   2.4755859e+01
   3.6753700e+05   3.7847900e+01
   3.6778900e+05   3.3563232e+01
   3.8758100e+05   4.8559570e+01
   3.8764300e+05   2.6660156e+01
   3.8774400e+05   2.8088379e+01
   3.8786400e+05   3.0468750e+01
   3.8807500e+05   2.9278564e+01
   4.0454500e+05   4.6655273e+01
   4.0456500e+05   2.6660156e+01
   4.0459800e+05   2.6898193e+01
   4.0464600e+05   2.8564453e+01
   4.0518000e+05   2.4041748e+01
   4.0519000e+05   2.4279785e+01
   4.0533200e+05   2.4279785e+01
   4.0550800e+05   2.9516602e+01
   4.0653200e+05   2.4517822e+01
   4.0761300e+05   2.4755859e+01
   4.5542200e+05   4.3322754e+01
   4.7855800e+05   3.0468750e+01
   4.7867500e+05   2.9516602e+01
   4.7884600e+05   3.0468750e+01
   4.7952200e+05   3.4991455e+01
   5.0134300e+05   2.7136230e+01
   5.0140300e+05   3.2373047e+01
   5.0146600e+05   2.6898193e+01
   5.0149000e+05   2.5708008e+01
   5.0157500e+05   3.3087158e+01
   5.0164400e+05   2.4755859e+01
   5.0170700e+05   2.5469971e+01
   5.0184400e+05   2.5231934e+01
   5.0206800e+05   2.5946045e+01
   5.0251100e+05   2.7136230e+01
   5.0285500e+05   2.4279785e+01
   5.0304700e+05   2.6898193e+01
   5.0331900e+05   2.4993896e+01
   5.0340400e+05   2.4755859e+01
   5.0343500e+05   2.4755859e+01
   5.0375800e+05   2.7136230e+01
   5.0396900e+05   2.8564453e+01
   5.0858500e+05   2.9754639e+01
   5.7422100e+05   3.7133789e+01
   5.7519100e+05   2.5708008e+01
   5.9382300e+05   4.7845459e+01
   5.9387500e+05   2.4517822e+01
   5.9392800e+05   2.6184082e+01
   5.9394200e+05   2.7136230e+01
   5.9401800e+05   3.0468750e+01
   5.9457600e+05   2.4279785e+01
   5.9461200e+05   2.8326416e+01
   5.9489600e+05   2.6660156e+01
   5.9494600e+05   3.0230713e+01
   5.9508800e+05   2.9516602e+01
   5.9536600e+05   2.8564453e+01
   5.9662400e+05   2.4279785e+01
   5.9689800e+05   2.4517822e+01
   5.9771100e+05   2.5708008e+01
   6.6208200e+05   4.1180420e+01
   6.6217900e+05   3.8800049e+01
   6.6235500e+05   3.0944824e+01
   6.6268000e+05   3.7371826e+01
   6.6328000e+05   3.1658936e+01
   6.8297800e+05   3.4039307e+01
   6.8314000e+05   2.9278564e+01
   6.8366600e+05   2.9516602e+01
   6.8382600e+05   2.5946045e+01
   6.8396700e+05   2.5469971e+01
   7.0258400e+05   4.0228271e+01
   7.0261700e+05   2.5708008e+01
   7.0266500e+05   2.6184082e+01
   7.0269300e+05   2.6898193e+01
   7.0278700e+05   2.6422119e+01
   7.0284500e+05   2.8326416e+01
   7.0298000e+05   2.5946045e+01
   7.0309900e+05   2.6422119e+01
   7.0335900e+05   2.7136230e+01
   7.0397800e+05   2.4517822e+01
   7.0408700e+05   2.4279785e+01
   7.0431200e+05   2.4279785e+01
   7.0444900e+05   2.7136230e+01
   7.0466100e+05   2.4517822e+01
   7.0482600e+05   3.5467529e+01
   7.0500800e+05   2.9754639e+01
   7.0530800e+05   2.4279785e+01
   7.0570400e+05   2.8326416e+01
   7.0574800e+05   3.2135010e+01
   7.0596000e+05   2.9278564e+01
   7.0692900e+05   2.4993896e+01
   7.0733800e+05   2.9992676e+01
   7.0856300e+05   2.4517822e+01
   7.7511400e+05   3.1896973e+01
   7.7524400e+05   3.0468750e+01
   7.9359200e+05   4.1894531e+01
   7.9362000e+05   2.6422119e+01
   7.9368400e+05   2.8564453e+01
   7.9413900e+05   2.9278564e+01
   8.1334000e+05   3.8562012e+01
   8.1343300e+05   3.3563232e+01
   8.1484300e+05   2.6184082e+01
   8.1485400e+05   3.0944824e+01
   8.1491400e+05   3.3325195e+01
   8.1493400e+05   2.5469971e+01
   8.1496100e+05   2.4993896e+01
   8.1497700e+05   2.6422119e+01
   8.1511700e+05   2.4279785e+01
   8.1556900e+05   3.0468750e+01
   8.1570200e+05   2.4517822e+01
   8.1622400e+05   2.5469971e+01
   8.1639700e+05   2.7850342e+01
   8.1675500e+05   2.5231934e+01
   8.3675400e+05   3.4753418e+01
   8.3688200e+05   3.4277344e+01
   8.3695300e+05   2.4993896e+01
   8.3700500e+05   3.3801270e+01
   8.5161800e+05   3.3563232e+01
   8.6118300e+05   3.2135010e+01
   8.6123300e+05   3.9038086e+01
   8.6130400e+05   2.6184082e+01
   8.6136200e+05   3.1182861e+01
   8.6145700e+05   2.5469971e+01
   8.6158000e+05   2.8088379e+01
   8.6173500e+05   2.7850342e+01
   8.6188200e+05   2.4041748e+01
   8.6194600e+05   2.4279785e+01
   8.6250700e+05   4.1656494e+01
   8.6287200e+05   3.2373047e+01
   8.6305300e+05   2.6660156e+01
   8.6323800e+05   2.4517822e+01
   8.6359400e+05   2.8326416e+01
   8.6424600e+05   3.5705566e+01
   9.0516000e+05   3.7371826e+01
   9.0531300e+05   3.0706787e+01
   9.3529400e+05   3.6181641e+01
   9.3553000e+05   4.4036865e+01
   9.3996400e+05   3.7847900e+01
   9.4002500e+05   2.6422119e+01
   9.4009200e+05   2.4041748e+01
   9.4012700e+05   2.4279785e+01
   9.4028700e+05   3.1182861e+01
   9.4076300e+05   2.9754639e+01
   9.4084200e+05   2.7374268e+01
   9.4117500e+05   2.4279785e+01
   9.4185600e+05   2.4517822e+01
   9.4200900e+05   2.5946045e+01
   9.6283300e+05   4.5941162e+01
   9.6307200e+05   3.9038086e+01
   9.6587100e+05   3.8800049e+01
   9.6594000e+05   2.9992676e+01
   9.6618700e+05   3.0230713e+01
   9.6633300e+05   3.6657715e+01
   9.6653500e+05   2.4755859e+01
   9.6666300e+05   2.9040527e+01
   9.6691900e+05   3.6181641e+01
   9.6719400e+05   2.9278564e+01
   9.6764400e+05   2.4755859e+01
   9.6809600e+05   2.4755859e+01
   9.9061400e+05   3.5229492e+01
   9.9072400e+05   3.6657715e+01
   1.0346490e+06   3.7133789e+01
   1.0347390e+06   4.5703125e+01
   1.0348850e+06   2.5469971e+01
   1.0349430e+06   3.6419678e+01
   1.0351280e+06   3.2135010e+01
   1.0359160e+06   2.7850342e+01
   1.0400500e+06   3.5467529e+01
   1.0400980e+06   2.7136230e+01
   1.0401770e+06   2.8326416e+01
   1.0622880e+06   3.7609863e+01
   1.0623300e+06   2.8802490e+01
   1.0623850e+06   2.6898193e+01
   1.0625010e+06   2.6898193e+01
   1.0626260e+06   2.8802490e+01
   1.0627570e+06   2.7612305e+01
   1.0632110e+06   2.7850342e+01
   1.0633110e+06   2.9516602e+01
   1.0634950e+06   2.6184082e+01
   1.0640570e+06   2.4755859e+01
   1.0777800e+06   3.5467529e+01
   1.0778330e+06   3.4277344e+01
   1.0778820e+06   2.4279785e+01
   1.0779300e+06   2.5231934e+01
   1.0780400e+06   2.9754639e+01
   1.0781430e+06   2.7850342e+01
   1.0786750e+06   3.2373047e+01
   1.1043480e+06   2.9278564e+01
   1.1045230e+06   2.8802490e+01
   1.1047070e+06   3.0230713e+01
   1.1205130e+06   4.2846680e+01
   1.1205890e+06   3.2373047e+01
   1.1206690e+06   2.9278564e+01
   1.1208070e+06   2.9040527e+01
   1.1215520e+06   2.9992676e+01
   1.1345480e+06   2.8326416e+01
   1.1346120e+06   3.6419678e+01
   1.1346780e+06   2.7136230e+01
   1.1347440e+06   2.5469971e+01
   1.1351500e+06   2.6660156e+01
   1.1356210e+06   2.9278564e+01
   1.1357920e+06   2.8802490e+01
   1.1521660e+06   3.1896973e+01
   1.1522220e+06   2.6660156e+01
   1.1523370e+06   3.0230713e+01
   1.1525140e+06   2.4517822e+01
   1.1529650e+06   3.2373047e+01
   1.1536610e+06   4.1656494e+01
   1.1539300e+06   2.4755859e+01
   1.1540040e+06   2.4279785e+01
   1.1547530e+06   2.8088379e+01
   1.1551110e+06   2.5946045e+01
   1.1989120e+06   3.8562012e+01
   1.1989740e+06   2.9754639e+01
   1.1990980e+06   2.9754639e+01
   1.1993440e+06   2.6898193e+01
   1.2161300e+06   2.6660156e+01
   1.2161770e+06   2.6184082e+01
   1.2162210e+06   3.5705566e+01
   1.2162740e+06   3.6657715e+01
   1.2163350e+06   2.5231934e+01
   1.2167080e+06   2.9516602e+01
   1.2171530e+06   2.8802490e+01
   1.2402020e+06   3.8562012e+01
   1.2402620e+06   2.7136230e+01
   1.2404140e+06   3.2849121e+01
   1.2408340e+06   3.4039307e+01
   1.2409590e+06   3.0468750e+01
   1.2410270e+06   2.4755859e+01
   1.2413280e+06   2.8564453e+01
   1.2739010e+06   3.7609863e+01
   1.2739660e+06   3.0230713e+01
   1.2741090e+06   2.8802490e+01
   1.2748200e+06   3.3087158e+01
   1.2750040e+06   2.7612305e+01
   1.2752580e+06   3.1658936e+01
   1.2768380e+06   3.6419678e+01
   1.2768760e+06   2.8326416e+01
   1.2769090e+06   2.4993896e+01
   1.2775780e+06   3.3087158e+01
   1.2779600e+06   2.6422119e+01
   1.2889290e+06   4.2370605e+01
   1.2904630e+06   3.6657715e+01
   1.2904820e+06   2.7850342e+01
   1.2905330e+06   3.0230713e+01
   1.2905920e+06   2.5708008e+01
   1.2913000e+06   2.9516602e+01
   1.2913840e+06   2.6184082e+01
   1.2915290e+06   2.8564453e+01
   1.3146340e+06   3.8085938e+01
   1.3227740e+06   4.1418457e+01
   1.3228380e+06   2.7136230e+01
   1.3229120e+06   2.7136230e+01
   1.3230550e+06   2.9040527e+01
   1.3231610e+06   2.6184082e+01
   1.3235270e+06   3.2373047e+01
   1.3237740e+06   2.7374268e+01
   1.3239250e+06   2.4755859e+01
   1.3245170e+06   2.6184082e+01
   1.3664620e+06   4.5227051e+01
   1.3665660e+06   3.1182861e+01
   1.3666740e+06   2.6422119e+01
   1.3668420e+06   2.8564453e+01
   1.3676040e+06   3.5229492e+01
   1.3676900e+06   2.7374268e+01
   1.3677480e+06   2.4517822e+01
   1.3681860e+06   2.6184082e+01
   1.3685140e+06   2.5231934e+01
   1.3686920e+06   3.0468750e+01
   1.3698470e+06   2.4517822e+01
   1.4068660e+06   3.7371826e+01
   1.4277580e+06   3.8562012e+01
   1.4278400e+06   3.2849121e+01
   1.4279030e+06   2.9040527e+01
   1.4282650e+06   2.8326416e+01
   1.4287760e+06   2.5946045e+01
   1.4291650e+06   3.0944824e+01
   1.4754880e+06   4.5941162e+01
   1.4755540e+06   2.8802490e+01
   1.4757710e+06   2.4041748e+01
   1.4758600e+06   2.4755859e+01
   1.4763550e+06   2.7612305e+01
   1.4764210e+06   2.5708008e+01
   1.4766080e+06   3.2849121e+01
   1.4770010e+06   2.8564453e+01
   1.4776740e+06   3.1182861e+01
   1.4777680e+06   2.5231934e+01
   1.4786610e+06   2.6422119e+01
   1.4790090e+06   2.7850342e+01
   1.4852730e+06   4.1894531e+01
   1.4853470e+06   3.4039307e+01
   1.4854600e+06   3.6657715e+01
   1.4855730e+06   2.4279785e+01
   1.4858440e+06   2.7136230e+01
   1.4860300e+06   2.6898193e+01
   1.4865690e+06   3.1420898e+01
   1.4869260e+06   2.4279785e+01
   1.4879650e+06   2.9040527e+01
   1.4880950e+06   2.6898193e+01
   1.4881890e+06   2.5231934e+01
   1.4887270e+06   2.5708008e+01
   1.4930360e+06   2.8088379e+01
   1.5898640e+06   4.1656494e+01
   1.5899400e+06   2.8802490e+01
   1.5902320e+06   2.4517822e+01
   1.5903750e+06   2.9278564e+01
   1.5909710e+06   3.0706787e+01
   1.6178120e+06   3.1182861e+01
   1.6179690e+06   3.2135010e+01
   1.6190720e+06   2.4755859e+01
   1.6191200e+06   3.3087158e+01
   1.6191790e+06   2.6422119e+01
   1.6193470e+06   2.4755859e+01
   1.6198550e+06   2.6184082e+01
   1.6204330e+06   2.7374268e+01
   1.6396530e+06   3.9038086e+01
   1.6397370e+06   2.6184082e+01
   1.6400390e+06   3.7371826e+01
   1.6402280e+06   2.4993896e+01
   1.6416990e+06   3.8800049e+01
   1.6417550e+06   2.8802490e+01
   1.6418620e+06   2.6660156e+01
   1.6420690e+06   2.4041748e+01
   1.6426220e+06   2.4755859e+01
   1.6429180e+06   2.5708008e+01
   1.6432180e+06   2.6660156e+01
   1.6434470e+06   2.5708008e+01
   1.6448390e+06   2.4041748e+01
   1.7387390e+06   3.5943604e+01
   1.7388350e+06   3.3801270e+01
   1.7388770e+06   2.8326416e+01
   1.7389130e+06   3.1420898e+01
   1.7597610e+06   3.5467529e+01
   1.7598550e+06   3.8085938e+01
   1.7600750e+06   3.0468750e+01
   1.7603980e+06   3.7609863e+01
   1.7606230e+06   3.2849121e+01
   1.7608960e+06   3.0706787e+01
   1.7612770e+06   3.3563232e+01
   1.7616900e+06   2.5469971e+01
   1.7620650e+06   2.5469971e+01
   1.7624280e+06   2.9278564e+01
   1.8155410e+06   3.4991455e+01
   1.8339310e+06   4.2608643e+01
   1.8340550e+06   3.5467529e+01
   1.8397750e+06   3.4753418e+01
   1.8399620e+06   3.0468750e+01
   1.8465910e+06   3.3563232e+01
   1.8466670e+06   3.2373047e+01
   1.8467460e+06   2.5231934e+01
   1.8468960e+06   2.6422119e+01
   1.8477020e+06   2.9754639e+01
   1.8479620e+06   3.6657715e+01
   1.8563730e+06   3.4753418e+01
   1.8679540e+06   4.2846680e+01
   1.8680470e+06   3.3325195e+01
   1.8681720e+06   2.5231934e+01
   1.8682310e+06   2.8088379e+01
   1.8691170e+06   3.1658936e+01
   1.8691380e+06   2.4993896e+01
   1.8701240e+06   2.4755859e+01
   1.8702700e+06   2.4755859e+01
   1.8704500e+06   2.4279785e+01
   1.8706070e+06   2.8802490e+01
   1.8708580e+06   2.4755859e+01
   1.8722240e+06   3.2611084e+01
   1.9113250e+06   3.9514160e+01
   1.9318850e+06   3.0230713e+01
   1.9319950e+06   2.9278564e+01
   1.9320860e+06   3.2611084e+01
   1.9321680e+06   2.6422119e+01
   1.9522250e+06   3.3801270e+01
   1.9546510e+06   3.3087158e+01
   1.9547080e+06   3.6657715e+01
   1.9548040e+06   2.7136230e+01
   1.9552330e+06   2.4041748e+01
   1.9556080e+06   3.7371826e+01
   1.9646820e+06   2.4517822e+01
   1.9836780e+06   3.9038086e+01
   1.9837340e+06   3.4039307e+01
   1.9842260e+06   3.9038086e+01
   2.0092620e+06   3.4277344e+01
   2.0126300e+06   2.9040527e+01
   2.0126810e+06   3.5705566e+01
   2.0134880e+06   3.3563232e+01
   2.0147330e+06   2.7612305e+01
   2.0461350e+06   3.5467529e+01
   2.0586210e+06   4.0942383e+01
   2.0587410e+06   3.4753418e+01
   2.0594250e+06   3.1658936e+01
   2.0595360e+06   3.0706787e+01
   2.0596420e+06   2.8088379e+01
   2.0598130e+06   2.4993896e+01
   2.0610310e+06   2.5469971e+01
   2.0822420e+06   3.7133789e+01
   2.0823570e+06   3.5467529e+01
   2.1043560e+06   3.8800049e+01
   2.1044180e+06   3.2611084e+01
   2.1045470e+06   2.5231934e+01
   2.1046700e+06   2.5231934e+01
   2.1053350e+06   4.2846680e+01
   2.1054210e+06   2.6422119e+01
   2.1056940e+06   2.4041748e+01
   2.1058230e+06   2.4041748e+01
   2.1065390e+06   2.5946045e+01
   2.1244300e+06   4.8321533e+01
   2.1246080e+06   3.3563232e+01
   2.1514140e+06   3.7133789e+01
   2.1515440e+06   3.5943604e+01
   2.2139010e+06   3.7133789e+01
   2.2140300e+06   3.5943604e+01
   2.2144550e+06   3.1420898e+01
   2.2239370e+06   3.0230713e+01
   2.2240290e+06   3.7133789e+01
   2.2241320e+06   2.7136230e+01
   2.2323750e+06   2.9516602e+01
   2.2324280e+06   2.8088379e+01
   2.2324840e+06   2.6660156e+01
   2.2325780e+06   2.8088379e+01
   2.2328940e+06   2.4993896e+01
   2.2333200e+06   2.8802490e+01
   2.2338820e+06   3.3801270e+01
   2.2340150e+06   2.7374268e+01
   2.2453550e+06   3.6181641e+01
   2.2460150e+06   3.6657715e+01
   2.2475960e+06   3.9038086e+01
   2.2476940e+06   2.8564453e+01
   2.2477620e+06   2.6184082e+01
   2.2480360e+06   2.9278564e+01
   2.2484800e+06   2.9040527e+01
   2.2490220e+06   2.4041748e+01
   2.2497280e+06   2.5231934e+01
   2.2759950e+06   3.4753418e+01
   2.2986010e+06   4.6893311e+01
   2.2986680e+06   3.7609863e+01
   2.2987350e+06   2.7612305e+01
   2.2988530e+06   2.5231934e+01
   2.2991700e+06   2.8802490e+01
   2.2994540e+06   2.7374268e+01
   2.2996680e+06   2.7136230e+01
   2.2999470e+06   3.3563232e+01
   2.3001840e+06   3.7371826e+01
   2.3008510e+06   3.3325195e+01
   2.3009160e+06   2.6184082e+01
   2.3012730e+06   2.7850342e+01
   2.3022290e+06   2.4279785e+01
   2.3040290e+06   2.4755859e+01
   2.3318460e+06   4.2608643e+01
   2.3318730e+06   2.4993896e+01
   2.3319020e+06   3.7371826e+01
   2.3319220e+06   2.7136230e+01
   2.3319690e+06   2.7374268e+01
   2.3321680e+06   3.7609863e+01
   2.3324740e+06   2.4279785e+01
   2.3325210e+06   2.7850342e+01
   2.3328610e+06   3.2849121e+01
   2.3330680e+06   3.8323975e+01
   2.3651180e+06   2.5708008e+01
   2.3652920e+06   3.0468750e+01
   2.3732850e+06   4.9035645e+01
   2.3733480e+06   2.8326416e+01
   2.3734130e+06   2.7136230e+01
   2.3735780e+06   2.4279785e+01
   2.4172490e+06   3.8323975e+01
   2.4194290e+06   4.8797607e+01
   2.4195170e+06   3.1182861e+01
   2.4196240e+06   3.5467529e+01
   2.4197520e+06   2.6184082e+01
   2.4198820e+06   2.9754639e+01
   2.4200150e+06   2.6660156e+01
   2.4200560e+06   2.6898193e+01
   2.4201130e+06   2.4755859e+01
   2.4205580e+06   2.8326416e+01
   2.4208260e+06   2.9754639e+01
   2.4209580e+06   2.7136230e+01
   2.4214750e+06   3.1420898e+01
   2.4495820e+06   4.7369385e+01
   2.4496320e+06   2.4755859e+01
   2.4496830e+06   2.7612305e+01
   2.4497200e+06   2.6184082e+01
   2.4498290e+06   2.7612305e+01
   2.4498440e+06   3.1896973e+01
   2.4500920e+06   2.8088379e+01
   2.4504270e+06   4.2370605e+01
   2.4507270e+06   2.4755859e+01
   2.4512790e+06   2.8088379e+01
   2.4517780e+06   3.1420898e+01
   2.5275400e+06   3.9752197e+01
   2.5276620e+06   3.1658936e+01
   2.5280630e+06   3.0706787e+01
   2.5281380e+06   3.3801270e+01
   2.5282410e+06   2.9992676e+01
   2.5288570e+06   3.4991455e+01
   2.5431230e+06   4.4036865e+01
   2.5432120e+06   2.9754639e+01
   2.5433260e+06   2.5231934e+01
   2.5438610e+06   2.4755859e+01
   2.5452120e+06   4.2132568e+01
   2.5452630e+06   2.7136230e+01
   2.5453500e+06   2.5708008e+01
   2.5457510e+06   3.2611084e+01
   2.5460110e+06   2.6898193e+01
   2.5643410e+06   3.2135010e+01
   2.5644660e+06   3.6181641e+01
   2.5794390e+06   3.7847900e+01
   2.5796160e+06   3.6895752e+01
   2.5943220e+06   3.8800049e+01
   2.5944010e+06   2.7612305e+01
   2.5945790e+06   3.1896973e+01
   2.5947680e+06   4.2132568e+01
   2.5953400e+06   2.6660156e+01
   2.5966260e+06   3.2135010e+01
   2.5967250e+06   2.4755859e+01
   2.5968550e+06   2.5708008e+01
   2.5972320e+06   2.6898193e+01
   2.6207760e+06   3.9752197e+01
   2.6208020e+06   2.5231934e+01
   2.6208370e+06   2.7136230e+01
   2.6208870e+06   3.0706787e+01
   2.6210480e+06   2.4993896e+01
   2.6213140e+06   3.0230713e+01
   2.6218830e+06   2.7612305e+01
   2.6224450e+06   2.4279785e+01
   2.6232240e+06   3.6895752e+01
   2.6243350e+06   2.4517822e+01
   2.6512840e+06   4.1656494e+01
   2.6521590e+06   3.6895752e+01
   2.6522590e+06   2.6898193e+01
   2.6522890e+06   3.2849121e+01
   2.6757730e+06   4.6893311e+01
   2.6758300e+06   2.8088379e+01
   2.6759970e+06   2.7374268e+01
   2.6761220e+06   2.9992676e+01
   2.6763120e+06   3.2373047e+01
   2.6765120e+06   2.4517822e+01
   2.6767620e+06   3.6657715e+01
   2.6775270e+06   3.1420898e+01
   2.6776000e+06   2.6184082e+01
   2.7066380e+06   3.9276123e+01
   2.7067080e+06   2.9754639e+01
   2.7069020e+06   3.1658936e+01
   2.7071770e+06   3.5943604e+01
   2.7072610e+06   2.4517822e+01
   2.7073640e+06   3.1896973e+01
   2.7075490e+06   2.4517822e+01
   2.7077590e+06   2.5708008e+01
   2.7080180e+06   3.4039307e+01
   2.7360420e+06   3.3801270e+01
   2.7421670e+06   3.9276123e+01
   2.7423910e+06   3.8562012e+01
   2.7475510e+06   3.9038086e+01
   2.7477560e+06   2.7374268e+01
   2.7478930e+06   2.4993896e+01
   2.7485290e+06   2.5469971e+01
   2.7486870e+06   2.8802490e+01
   2.7489120e+06   2.5231934e+01
   2.7493740e+06   2.9278564e+01
   2.7494970e+06   2.4279785e+01
   2.7496750e+06   3.1896973e+01
   2.7499670e+06   2.6422119e+01
   2.7893000e+06   3.9038086e+01
   2.7893830e+06   3.3087158e+01
   2.7894880e+06   2.8088379e+01
   2.7895080e+06   2.4041748e+01
   2.7897860e+06   3.4515381e+01
   2.7900580e+06   3.4753418e+01
   2.8138440e+06   3.9514160e+01
   2.8139080e+06   3.0468750e+01
   2.8139450e+06   2.4279785e+01
   2.8139740e+06   2.5469971e+01
   2.8526610e+06   3.9038086e+01
   2.8532060e+06   3.7371826e+01
   2.8681970e+06   3.7609863e+01
   2.8682460e+06   4.2132568e+01
   2.8683130e+06   3.1420898e+01
   2.8684470e+06   2.5708008e+01
   2.8685920e+06   2.5231934e+01
   2.8888910e+06   4.6417236e+01
   2.8889370e+06   3.0468750e+01
   2.8889490e+06   3.6181641e+01
   2.8890720e+06   2.4755859e+01
   2.8891030e+06   3.2849121e+01
   2.8896610e+06   2.8326416e+01
   2.8903480e+06   2.9040527e+01
   2.8905380e+06   2.7612305e+01
   2.8908010e+06   2.6184082e+01
   2.8914110e+06   2.9754639e+01
   2.8931170e+06   2.5231934e+01
   2.9225080e+06   3.3801270e+01
   2.9471560e+06   2.9754639e+01
   2.9649620e+06   3.4515381e+01
   2.9649850e+06   2.4993896e+01
   2.9650270e+06   2.9516602e+01
   2.9650890e+06   2.6184082e+01
   2.9652600e+06   2.4517822e+01
   2.9655750e+06   2.4279785e+01
   2.9660060e+06   2.8088379e+01
   2.9663170e+06   3.2135010e+01
   2.9813860e+06   3.8562012e+01
   2.9815200e+06   2.9754639e+01
   2.9820940e+06   3.0468750e+01
   3.0126460e+06   2.9992676e+01
   3.0127280e+06   4.6179199e+01
   3.0127850e+06   3.1896973e+01
   3.0132670e+06   2.7850342e+01
   3.0134830e+06   3.0706787e+01
   3.0134990e+06   2.4279785e+01
   3.0136340e+06   2.5708008e+01
   3.0141570e+06   2.5708008e+01
   3.0144860e+06   3.4277344e+01
   3.0146830e+06   3.5467529e+01
   3.0402530e+06   2.5231934e+01
   3.0402960e+06   4.4274902e+01
   3.0403560e+06   3.3325195e+01
   3.0404190e+06   3.1182861e+01
   3.0404890e+06   3.0230713e+01
   3.0405680e+06   2.8802490e+01
   3.0410250e+06   2.7850342e+01
   3.0412660e+06   2.4279785e+01
   3.0416340e+06   2.6422119e+01
   3.0458060e+06   2.4279785e+01
   3.1017870e+06   3.0706787e+01
   3.1018390e+06   2.5231934e+01
   3.1019220e+06   3.2849121e+01
   3.1020490e+06   2.5469971e+01
   3.1021880e+06   3.4753418e+01
   3.1026690e+06   3.6657715e+01
   3.1028440e+06   3.1658936e+01
   3.1286400e+06   3.2135010e+01
   3.1287340e+06   3.4039307e+01
   3.1287940e+06   2.8802490e+01
   3.1289190e+06   2.4279785e+01
   3.1490520e+06   3.8085938e+01
   3.1650660e+06   4.3798828e+01
   3.1651410e+06   3.5467529e+01
   3.1652170e+06   2.5469971e+01
   3.1653800e+06   2.6660156e+01
   3.1655330e+06   3.8323975e+01
   3.1658400e+06   2.4041748e+01
   3.1660870e+06   2.9040527e+01
   3.1664050e+06   2.4041748e+01
   3.1905440e+06   3.2849121e+01
   3.1906460e+06   3.5943604e+01
   3.1907880e+06   2.9992676e+01
   3.1910770e+06   3.1420898e+01
   3.1912710e+06   2.8802490e+01
   3.2158310e+06   3.8085938e+01
   3.2158940e+06   3.1182861e+01
   3.2162310e+06   2.7612305e+01
   3.2404540e+06   4.7845459e+01
   3.2405040e+06   3.4991455e+01
   3.2405530e+06   3.5229492e+01
   3.2406110e+06   2.6422119e+01
   3.2406300e+06   2.6898193e+01
   3.2408270e+06   2.6422119e+01
   3.2409200e+06   2.4993896e+01
   3.2410870e+06   2.5231934e+01
   3.2451680e+06   2.4279785e+01
   3.3396700e+06   4.0704346e+01
   3.3399880e+06   3.9514160e+01
   3.3604910e+06   4.1656494e+01
   3.3606100e+06   3.1658936e+01
   3.3751120e+06   4.4989014e+01
   3.3755360e+06   3.7133789e+01
   3.3777160e+06   3.3801270e+01
   3.3778360e+06   3.0468750e+01
   3.3799480e+06   3.7133789e+01
   3.3800130e+06   3.2849121e+01
   3.3801450e+06   2.4517822e+01
   3.3802120e+06   2.6660156e+01
   3.3803040e+06   2.5231934e+01
   3.3807240e+06   2.5231934e+01
   3.3809270e+06   2.7136230e+01
   3.3812070e+06   2.5469971e+01
   3.3814180e+06   2.5469971e+01
   3.3819350e+06   3.3801270e+01
   3.4024670e+06   3.6657715e+01
   3.4165870e+06   3.8323975e+01
   3.4413690e+06   3.7847900e+01
   3.4414370e+06   3.9752197e+01
   3.4414880e+06   3.1182861e+01
   3.4416460e+06   2.8088379e+01
   3.4419440e+06   2.7612305e+01
   3.4419950e+06   2.4041748e+01
   3.4421160e+06   3.2373047e+01
   3.4423330e+06   2.7850342e+01
   3.4822790e+06   3.8800049e+01
   3.4823410e+06   2.5469971e+01
   3.4824230e+06   3.0706787e+01
   3.5017710e+06   3.8800049e+01
   3.5176510e+06   2.4041748e+01
   3.5176840e+06   3.2135010e+01
   3.5187860e+06   4.1656494e+01
   3.5188540e+06   2.7850342e+01
   3.5196400e+06   2.9754639e+01
   3.5199830e+06   3.4991455e+01
   3.5205650e+06   3.5943604e+01
   3.5206310e+06   2.5231934e+01
   3.5207040e+06   2.4279785e+01
   3.5207270e+06   2.4517822e+01
   3.5210300e+06   2.5469971e+01
   3.5213380e+06   2.4041748e+01
   3.5219310e+06   2.8564453e+01
   3.5228190e+06   2.9278564e+01
   3.5420940e+06   2.4755859e+01
   3.5607780e+06   3.3325195e+01
   3.5608540e+06   2.7374268e+01
   3.5609740e+06   2.7374268e+01
   3.5889900e+06   3.1896973e+01
   3.5892190e+06   2.6184082e+01
   3.6059580e+06   3.8323975e+01
   3.6064070e+06   3.8323975e+01
   3.6064740e+06   2.6184082e+01
   3.6066730e+06   2.4041748e+01
   3.6069480e+06   3.1896973e+01
   3.6073760e+06   3.1182861e+01
   3.6077590e+06   3.0706787e+01
   3.6080570e+06   2.5231934e+01
   3.6335260e+06   3.9038086e+01
   3.6335790e+06   3.6181641e+01
   3.6336300e+06   2.7136230e+01
   3.6336500e+06   2.5946045e+01
   3.6336870e+06   2.4279785e+01
   3.6338170e+06   2.4041748e+01
   3.6340420e+06   4.0942383e+01
   3.6341550e+06   2.5231934e+01
   3.6343140e+06   2.4993896e+01
   3.6344980e+06   2.9754639e+01
   3.6345270e+06   2.8326416e+01
   3.6347670e+06   2.9040527e+01
   3.6351490e+06   2.5946045e+01
   3.6359070e+06   2.4279785e+01
   3.6559440e+06   4.1418457e+01
   3.6883810e+06   4.3560791e+01
   3.6884340e+06   3.8323975e+01
   3.6887740e+06   2.5469971e+01
   3.6889440e+06   2.4041748e+01
   3.6891170e+06   2.8564453e+01
   3.6891390e+06   2.4993896e+01
   3.6892890e+06   2.9754639e+01
   3.6894960e+06   2.6898193e+01
   3.6903710e+06   2.7374268e+01
   3.6911740e+06   2.4993896e+01
   3.7223470e+06   4.8797607e+01
   3.7224770e+06   3.7609863e+01
   3.7224990e+06   2.5469971e+01
   3.7225300e+06   2.4755859e+01
   3.7225930e+06   2.4041748e+01
   3.7228020e+06   2.5231934e+01
   3.7229130e+06   2.4041748e+01
   3.7229470e+06   3.1658936e+01
   3.7232640e+06   2.7612305e+01
   3.7234880e+06   2.9516602e+01
   3.7239900e+06   2.4755859e+01
   3.7549050e+06   3.1658936e+01
   3.7825270e+06   3.8562012e+01
   3.7825950e+06   3.0230713e+01
   3.7828080e+06   3.0706787e+01
   3.7835050e+06   3.9038086e+01
   3.7985740e+06   3.7371826e+01
   3.7986890e+06   3.4039307e+01
   3.7994360e+06   3.4753418e+01
   3.7999210e+06   3.3563232e+01
   3.7999710e+06   3.3563232e+01
   3.8001310e+06   2.7136230e+01
   3.8003250e+06   3.3325195e+01
   3.8079750e+06   3.1658936e+01
   3.8080210e+06   3.1182861e+01
   3.8080760e+06   2.7850342e+01
   3.8094060e+06   2.9516602e+01
   3.8097290e+06   2.5469971e+01
   3.8114770e+06   2.4755859e+01
   3.8647420e+06   4.8559570e+01
   3.8845040e+06   2.5946045e+01
   3.8949940e+06   2.9992676e+01
   3.8952200e+06   3.1182861e+01
   3.9080930e+06   2.4517822e+01
   3.9081270e+06   2.6422119e+01
   3.9081480e+06   2.7374268e+01
   3.9081620e+06   3.5705566e+01
   3.9082430e+06   3.3325195e+01
   3.9087750e+06   2.9516602e+01
   3.9196850e+06   3.2611084e+01
   3.9197120e+06   3.3087158e+01
   3.9197440e+06   2.8564453e+01
   3.9197900e+06   2.5708008e+01
   3.9198730e+06   2.4279785e+01
   3.9199900e+06   3.0230713e+01
   3.9201770e+06   2.7374268e+01
   3.9204810e+06   2.4041748e+01
   3.9207650e+06   2.6898193e+01
   3.9208920e+06   2.4755859e+01
   3.9216330e+06   2.4755859e+01
   3.9994960e+06   3.6181641e+01
   4.0192180e+06   4.1894531e+01
   4.0192940e+06   2.7612305e+01
   4.0193840e+06   2.6184082e+01
   4.0198550e+06   2.7612305e+01
   4.0352010e+06   2.9040527e+01
   4.0352530e+06   3.2611084e+01
   4.0353600e+06   2.5708008e+01
   4.0354040e+06   2.4993896e+01
   4.0355640e+06   2.4041748e+01
   4.0358050e+06   3.0230713e+01
   4.0384410e+06   2.4755859e+01
   4.0834370e+06   2.7374268e+01
   4.0834960e+06   4.0704346e+01
   4.0835600e+06   2.6898193e+01
   4.0836340e+06   3.2373047e+01
   4.0836570e+06   2.4517822e+01
   4.0837520e+06   2.6184082e+01
   4.1070030e+06   3.8562012e+01
   4.1075100e+06   3.4039307e+01
   4.1076140e+06   2.8564453e+01
   4.1078420e+06   2.7374268e+01
   4.1084620e+06   3.2135010e+01
   4.1262810e+06   3.5467529e+01
   4.1263360e+06   3.4991455e+01
   4.1264180e+06   2.4993896e+01
   4.1271150e+06   3.7609863e+01
   4.1271400e+06   2.4041748e+01
   4.1498100e+06   3.7609863e+01
   4.1499470e+06   3.6181641e+01
   4.1505240e+06   3.5943604e+01
   4.1510050e+06   4.1418457e+01
   4.1512280e+06   3.0230713e+01
   4.1716590e+06   3.0706787e+01
   4.1717590e+06   3.3325195e+01
   4.1723160e+06   3.6657715e+01
   4.1723520e+06   2.5946045e+01
   4.1724340e+06   2.7136230e+01
   4.1727320e+06   3.0230713e+01
   4.1912060e+06   3.7133789e+01
   4.1917300e+06   3.7609863e+01
   4.1919300e+06   3.0706787e+01
   4.1933420e+06   3.1420898e+01
   4.1934730e+06   3.4039307e+01
   4.1940460e+06   3.0944824e+01
   4.1948670e+06   3.5943604e+01
   4.2134630e+06   4.8321533e+01
   4.2135750e+06   3.1896973e+01
   4.2136460e+06   2.4041748e+01
   4.2140390e+06   2.5231934e+01
   4.2142640e+06   3.1182861e+01
   4.2143940e+06   2.5469971e+01
   4.2361940e+06   5.2844238e+01
   4.2362470e+06   2.9516602e+01
   4.2363980e+06   2.5469971e+01
   4.2364190e+06   2.7850342e+01
   4.2365650e+06   2.9516602e+01
   4.2367980e+06   3.4991455e+01
   4.2369550e+06   3.0706787e+01
   4.2558790e+06   3.9038086e+01
   4.2567380e+06   3.5229492e+01
   4.2568050e+06   2.8802490e+01
   4.2570230e+06   3.5943604e+01
   4.2713770e+06   4.4274902e+01
   4.2714400e+06   3.3801270e+01
   4.2715010e+06   3.2373047e+01
   4.2716320e+06   3.0468750e+01
   4.2717330e+06   2.5946045e+01
   4.2719760e+06   2.4993896e+01
   4.2720820e+06   2.9754639e+01
   4.2722310e+06   2.9040527e+01
   4.2723490e+06   2.7136230e+01
   4.2732470e+06   2.9040527e+01
   4.2737570e+06   2.4041748e+01
   4.2748600e+06   2.4755859e+01
   4.2752800e+06   2.5231934e+01
   4.3571080e+06   2.6660156e+01
   4.3727080e+06   3.8800049e+01
   4.3727760e+06   2.4755859e+01
   4.3738470e+06   4.1180420e+01
   4.3832120e+06   3.9990234e+01
   4.3876470e+06   2.5708008e+01
   4.3876610e+06   3.7609863e+01
   4.3877250e+06   3.9990234e+01
   4.3877600e+06   2.6184082e+01
   4.3877740e+06   3.0944824e+01
   4.3882120e+06   3.0944824e+01
   4.3884740e+06   3.6895752e+01
   4.3887620e+06   2.8088379e+01
   4.3894400e+06   2.6660156e+01
   4.4102870e+06   4.7607422e+01
   4.4103430e+06   3.2373047e+01
   4.4106180e+06   3.0706787e+01
   4.4110070e+06   2.8088379e+01
   4.4111520e+06   2.8802490e+01
   4.4117000e+06   3.0706787e+01
   4.4337470e+06   5.2368164e+01
   4.4338100e+06   2.8802490e+01
   4.4338920e+06   3.3563232e+01
   4.4339920e+06   2.6184082e+01
   4.4433870e+06   3.7133789e+01
   4.4434400e+06   3.1896973e+01
   4.4435070e+06   2.5946045e+01
   4.4435590e+06   2.6898193e+01
   4.4436680e+06   2.5231934e+01
   4.4437660e+06   2.5469971e+01
   4.4439210e+06   2.7136230e+01
   4.4446860e+06   3.2373047e+01
   4.4455860e+06   3.5467529e+01
   4.4658880e+06   4.2846680e+01
   4.4871620e+06   3.9514160e+01
   4.4872260e+06   4.3084717e+01
   4.4873950e+06   2.7374268e+01
   4.4878440e+06   2.7374268e+01
   4.5084340e+06   3.9514160e+01
   4.5084990e+06   3.0944824e+01
   4.5086520e+06   2.4041748e+01
   4.5089260e+06   2.7374268e+01
   4.5224490e+06   3.7133789e+01
   4.5225040e+06   3.7133789e+01
   4.5225610e+06   2.6422119e+01
   4.5226350e+06   2.8326416e+01
   4.5229610e+06   2.5946045e+01
   4.5234040e+06   3.3087158e+01
   4.5238260e+06   3.2373047e+01
   4.5454830e+06   4.1656494e+01
   4.5455440e+06   2.8564453e+01
   4.5463320e+06   4.3084717e+01
   4.5463880e+06   2.5946045e+01
   4.5464550e+06   2.6184082e+01
   4.5466850e+06   2.5946045e+01
   4.5472250e+06   3.1658936e+01
   4.5475750e+06   2.8088379e+01
   4.5547780e+06   4.1656494e+01
   4.5548310e+06   2.7850342e+01
   4.5554570e+06   3.1658936e+01
   4.5556650e+06   2.7850342e+01
   4.5564540e+06   2.8326416e+01
   4.5775340e+06   3.5705566e+01
   4.5776320e+06   3.4753418e+01
   4.5778600e+06   2.9754639e+01
   4.5783360e+06   2.8088379e+01
   4.5784740e+06   2.7612305e+01
   4.5787440e+06   2.4755859e+01
   4.5979370e+06   3.5467529e+01
   4.5980090e+06   2.7136230e+01
   4.5991190e+06   3.4039307e+01
   4.6125100e+06   3.9276123e+01
   4.6126340e+06   3.1658936e+01
   4.6131120e+06   3.1182861e+01
   4.6332680e+06   2.9992676e+01
   4.6333190e+06   3.6419678e+01
   4.6333690e+06   2.4755859e+01
   4.6335140e+06   2.5231934e+01
   4.6336320e+06   2.5708008e+01
   4.6341540e+06   3.8085938e+01
   4.6343060e+06   2.4279785e+01
   4.6346960e+06   2.8326416e+01
   4.6350640e+06   2.9754639e+01
   4.6908340e+06   3.4277344e+01
   4.6908870e+06   3.5467529e+01
   4.6909610e+06   3.8562012e+01
   4.6910790e+06   3.5229492e+01
   4.6912430e+06   2.8802490e+01
   4.6915630e+06   2.4755859e+01
   4.6919400e+06   3.1420898e+01
   4.6924020e+06   3.2611084e+01
   4.7288860e+06   3.3801270e+01
   4.7453170e+06   3.7609863e+01
   4.7640070e+06   3.6657715e+01
   4.7640630e+06   3.0230713e+01
   4.7645010e+06   3.2373047e+01
   4.7649110e+06   3.3087158e+01
   4.7860810e+06   4.0228271e+01
   4.7861400e+06   3.2849121e+01
   4.7862190e+06   2.4755859e+01
   4.7875360e+06   3.4515381e+01
   4.8007240e+06   3.5467529e+01
   4.8007850e+06   2.8088379e+01
   4.8009030e+06   3.0468750e+01
   4.8014990e+06   3.4515381e+01
   4.8235290e+06   3.7609863e+01
   4.8236580e+06   2.8088379e+01
   4.8241740e+06   4.2370605e+01
   4.8242330e+06   2.4041748e+01
   4.8242470e+06   2.9516602e+01
   4.8243720e+06   2.4279785e+01
   4.8251930e+06   2.7374268e+01
   4.8889420e+06   3.8800049e+01
   4.8890160e+06   3.4753418e+01
   4.8897170e+06   2.4993896e+01
   4.8897320e+06   4.5227051e+01
   4.8897990e+06   3.1182861e+01
   4.8898790e+06   2.6898193e+01
   4.8900420e+06   3.6181641e+01
   4.9039570e+06   2.4517822e+01
   4.9040310e+06   3.4515381e+01
   4.9041090e+06   3.2135010e+01
   4.9043060e+06   4.2608643e+01
   4.9044910e+06   2.5231934e+01
   4.9047650e+06   2.4993896e+01
   4.9053820e+06   3.2611084e+01
   4.9060160e+06   2.4517822e+01
   4.9158790e+06   2.8326416e+01
   4.9159400e+06   4.2370605e+01
   4.9159990e+06   3.1182861e+01
   4.9160460e+06   2.4517822e+01
   4.9163700e+06   2.7136230e+01
   4.9167090e+06   2.4517822e+01
   4.9364640e+06   4.4750977e+01
   4.9367370e+06   2.8802490e+01
   4.9613060e+06   4.3084717e+01
   4.9618580e+06   3.8562012e+01
   4.9619810e+06   3.3087158e+01
   4.9620810e+06   2.8564453e+01
   4.9852290e+06   3.7609863e+01
   4.9872980e+06   3.3563232e+01
   5.0114460e+06   3.3087158e+01
   5.0115570e+06   3.6895752e+01
   5.0120220e+06   3.6419678e+01
   5.0121370e+06   3.2135010e+01
   5.0122760e+06   3.1182861e+01
   5.0127230e+06   2.9754639e+01
   5.0274250e+06   3.4991455e+01
   5.0274850e+06   3.3801270e+01
   5.0297760e+06   4.0228271e+01
   5.0298790e+06   3.0230713e+01
   5.0469270e+06   4.1418457e+01
   5.0469800e+06   3.2611084e+01
   5.0470780e+06   2.6422119e+01
   5.0475230e+06   2.4279785e+01
   5.0477310e+06   2.9754639e+01
   5.0710220e+06   3.9514160e+01
   5.0711110e+06   3.9752197e+01
   5.0712670e+06   2.8088379e+01
   5.0719940e+06   3.0944824e+01
   5.0933710e+06   3.6657715e+01
   5.0935420e+06   4.2132568e+01
   5.1343620e+06   4.6893311e+01
   5.1346130e+06   4.0466309e+01
   5.1349110e+06   2.9278564e+01
   5.1430830e+06   4.1180420e+01
   5.1432130e+06   2.9992676e+01
   5.1437590e+06   2.9754639e+01
   5.1442780e+06   3.3801270e+01
   5.1443310e+06   3.2373047e+01
   5.1443620e+06   2.5946045e+01
   5.1443950e+06   2.7374268e+01
   5.1449180e+06   2.7612305e+01
   5.1456870e+06   2.4279785e+01
   5.1843380e+06   3.8323975e+01
   5.1844060e+06   3.4753418e+01
   5.2259880e+06   3.4753418e+01
   5.2449750e+06   3.2849121e+01
   5.2588480e+06   2.4755859e+01
   5.2618340e+06   4.2608643e+01
   5.2619080e+06   2.9516602e+01
   5.2619680e+06   2.8088379e+01
   5.2620460e+06   2.5469971e+01
   5.2623280e+06   3.2373047e+01
   5.2849520e+06   3.2611084e+01
   5.3063270e+06   3.8800049e+01
   5.3075160e+06   3.5943604e+01
   5.3492660e+06   3.7847900e+01
   5.3493470e+06   3.0468750e+01
   5.3493980e+06   3.0706787e+01
   5.3494940e+06   2.6898193e+01
   5.3496310e+06   2.6660156e+01
   5.3499790e+06   2.6184082e+01
   5.3511150e+06   2.5946045e+01
   5.4270990e+06   3.7371826e+01
   5.4734540e+06   3.6895752e+01
   5.5180850e+06   3.4991455e+01
   5.5228370e+06   3.8800049e+01
   5.5228910e+06   3.0468750e+01
   5.5229120e+06   2.4517822e+01
   5.5229460e+06   2.4993896e+01
   5.5229830e+06   2.4517822e+01
   5.5234150e+06   2.4755859e+01
   5.5237270e+06   2.4279785e+01
   5.5238040e+06   2.4041748e+01
   5.6150490e+06   3.1658936e+01
   5.6151850e+06   3.0230713e+01
   5.6154190e+06   2.4755859e+01
   5.6358610e+06   3.2611084e+01
   5.6534890e+06   4.1418457e+01
   5.6535750e+06   3.3325195e+01
   5.6537660e+06   3.0944824e+01
   5.6540480e+06   2.4279785e+01
   5.6541630e+06   2.9992676e+01
   5.6543710e+06   3.6657715e+01
   5.6585460e+06   2.6898193e+01
   5.6603020e+06   2.5231934e+01
   5.6698700e+06   3.9514160e+01
   5.6918310e+06   3.1182861e+01
   5.6918720e+06   2.5708008e+01
   5.6918930e+06   2.4041748e+01
   5.6919340e+06   2.4041748e+01
   5.6920560e+06   3.4039307e+01
   5.6921970e+06   2.4279785e+01
   5.6924100e+06   2.6184082e+01
   5.6931080e+06   2.7850342e+01
   5.7670390e+06   4.2132568e+01
   5.7670990e+06   3.4753418e+01
   5.7672470e+06   2.4993896e+01
   5.7674340e+06   3.1182861e+01
   5.7675720e+06   3.0706787e+01
   5.8036290e+06   3.7371826e+01
   5.8037180e+06   3.3325195e+01
   5.8046140e+06   2.4755859e+01
   5.8270880e+06   4.4512939e+01
   5.8272320e+06   3.7609863e+01
   5.8446440e+06   4.4750977e+01
   5.8446910e+06   3.3325195e+01
   5.8447180e+06   2.4279785e+01
   5.8447460e+06   3.1182861e+01
   5.8449060e+06   2.8326416e+01
   5.8452410e+06   2.6422119e+01
   5.8676740e+06   3.9990234e+01
   5.8868840e+06   4.6655273e+01
   5.8869930e+06   3.6181641e+01
   5.8870940e+06   2.8564453e+01
   5.8875420e+06   3.8562012e+01
   5.8886960e+06   3.0706787e+01
   5.9114420e+06   3.4753418e+01
   5.9115060e+06   3.9276123e+01
   5.9117630e+06   3.2849121e+01
   5.9120180e+06   2.8088379e+01
   5.9152310e+06   3.5467529e+01
   5.9153370e+06   3.5943604e+01
   5.9272340e+06   2.9278564e+01
   5.9375090e+06   3.4753418e+01
   5.9375640e+06   2.4993896e+01
   5.9379080e+06   2.9040527e+01
   5.9393070e+06   2.6184082e+01
   5.9581020e+06   2.9754639e+01
   5.9821300e+06   3.4753418e+01
   5.9822610e+06   3.1658936e+01
   5.9829000e+06   3.4991455e+01
   5.9829700e+06   2.4517822e+01
   6.0156600e+06   4.5941162e+01
   6.0157220e+06   2.9278564e+01
   6.0161850e+06   2.6898193e+01
   6.0163820e+06   2.7850342e+01
   6.0165870e+06   2.7136230e+01
   6.0173530e+06   2.9992676e+01
   6.0410870e+06   4.6179199e+01
   6.0412210e+06   3.9752197e+01
   6.0413240e+06   2.5946045e+01
   6.0419330e+06   3.3325195e+01
   6.0574360e+06   2.9040527e+01
   6.0575210e+06   3.8323975e+01
   6.0599310e+06   3.3563232e+01
   6.0772850e+06   4.1418457e+01
   6.0781570e+06   4.1894531e+01
   6.0782650e+06   3.7133789e+01
   6.0785030e+06   2.7374268e+01
   6.0887970e+06   4.0466309e+01
   6.0888580e+06   3.0706787e+01
   6.0889060e+06   3.1896973e+01
   6.0891480e+06   2.5469971e+01
   6.0895650e+06   2.7850342e+01
   6.0899680e+06   2.4041748e+01
   6.0904990e+06   2.9992676e+01
   6.0919360e+06   2.6184082e+01
   6.1134560e+06   3.7609863e+01
   6.1321840e+06   3.9276123e+01
   6.1449720e+06   2.8564453e+01
   6.1450220e+06   2.9516602e+01
   6.1450810e+06   2.5231934e+01
   6.1451770e+06   2.6422119e+01
   6.1453150e+06   2.5708008e+01
   6.1454790e+06   2.4755859e+01
   6.1455150e+06   2.8326416e+01
   6.1455260e+06   2.5708008e+01
   6.1456680e+06   2.9754639e+01
   6.1459240e+06   3.1896973e+01
   6.1460390e+06   2.7612305e+01
   6.1462320e+06   2.4993896e+01
   6.1464970e+06   2.7136230e+01
   6.1467090e+06   3.0944824e+01
   6.1470040e+06   2.4517822e+01
   6.1921370e+06   3.7133789e+01
   6.1921960e+06   3.9038086e+01
   6.2010110e+06   3.4039307e+01
   6.2010730e+06   3.8562012e+01
   6.2012010e+06   2.4755859e+01
   6.2014340e+06   2.7374268e+01
   6.2025920e+06   2.9754639e+01
   6.2027710e+06   2.4517822e+01
   6.2029980e+06   3.1896973e+01
   6.2035220e+06   2.4279785e+01
   6.2045780e+06   2.6422119e+01
   6.2585720e+06   3.9514160e+01
   6.2801670e+06   3.1658936e+01
   6.2936110e+06   3.7133789e+01
   6.2936680e+06   2.7850342e+01
   6.2937220e+06   2.5708008e+01
   6.2937680e+06   2.7374268e+01
   6.2941400e+06   2.7374268e+01
   6.2942800e+06   3.2849121e+01
   6.2943980e+06   2.9992676e+01
   6.3025150e+06   2.8088379e+01
   6.3025300e+06   2.7136230e+01
   6.3026730e+06   2.5469971e+01
   6.3026920e+06   2.4041748e+01
   6.3028960e+06   2.4517822e+01
   6.3426790e+06   3.3563232e+01
   6.3508770e+06   3.0468750e+01
   6.3509370e+06   3.3325195e+01
   6.3510090e+06   2.9754639e+01
   6.3510960e+06   2.5469971e+01
   6.3513320e+06   3.1658936e+01
   6.3521270e+06   3.8323975e+01
   6.4028140e+06   2.7850342e+01
   6.4029300e+06   2.6660156e+01
   6.4246670e+06   3.8562012e+01
   6.4247410e+06   3.5705566e+01
   6.4248480e+06   2.8564453e+01
   6.4444210e+06   4.5465088e+01
   6.4444620e+06   2.5946045e+01
   6.4444780e+06   2.8564453e+01
   6.4445320e+06   2.4517822e+01
   6.4449820e+06   2.8088379e+01
   6.4451360e+06   2.6422119e+01
   6.4453970e+06   3.0468750e+01
   6.4923840e+06   3.4515381e+01
   6.4930100e+06   3.1658936e+01
   6.4930800e+06   3.2611084e+01
   6.4932760e+06   2.5469971e+01
   6.5177170e+06   3.9276123e+01
   6.5177730e+06   2.7136230e+01
   6.5180750e+06   3.1658936e+01
   6.5187170e+06   3.3325195e+01
   6.5188270e+06   3.3563232e+01
   6.5393520e+06   3.2135010e+01
   6.5425530e+06   4.2370605e+01
   6.5425830e+06   2.4279785e+01
   6.5426090e+06   3.5943604e+01
   6.5426200e+06   2.6898193e+01
   6.5426830e+06   2.9516602e+01
   6.5432230e+06   3.0706787e+01
   6.5433550e+06   3.0468750e+01
   6.5914500e+06   3.9752197e+01
   6.5915790e+06   4.0704346e+01
   6.6118550e+06   3.9990234e+01
   6.6120150e+06   2.9516602e+01
   6.6125940e+06   3.6181641e+01
   6.6276510e+06   4.8321533e+01
   6.6277640e+06   3.6181641e+01
   6.6283630e+06   3.7847900e+01
   6.6287660e+06   2.8802490e+01
   6.6450580e+06   3.9990234e+01
   6.6451380e+06   3.2373047e+01
   6.6453160e+06   3.2135010e+01
   6.6458580e+06   3.0230713e+01
   6.6461630e+06   3.1182861e+01
   6.6704440e+06   4.2846680e+01
   6.6877930e+06   4.6417236e+01
   6.7030140e+06   3.2373047e+01
   6.7031910e+06   3.9514160e+01
   6.7415350e+06   3.7371826e+01
   6.7609030e+06   3.4039307e+01
   6.7614530e+06   3.4991455e+01
   6.7809790e+06   4.3322754e+01
   6.7811760e+06   3.4515381e+01
   6.8001030e+06   3.7133789e+01
   6.8211050e+06   3.7847900e+01
   6.8217010e+06   3.4753418e+01
   6.8532620e+06   5.3796387e+01
   6.8912820e+06   4.0942383e+01
   6.9026600e+06   3.7371826e+01
   6.9028690e+06   3.2373047e+01
   6.9031790e+06   3.4039307e+01
   6.9032700e+06   3.1182861e+01
   6.9238900e+06   2.5708008e+01
   6.9452490e+06   4.4989014e+01
   6.9978200e+06   3.3325195e+01
   6.9979510e+06   3.3563232e+01
   6.9990320e+06   3.7609863e+01
   6.9991340e+06   2.8564453e+01
   7.0001420e+06   3.2135010e+01
   7.0003960e+06   3.4991455e+01
   7.0223160e+06   4.3322754e+01
   7.0224310e+06   3.5229492e+01
   7.0225170e+06   2.6898193e+01
   7.0363710e+06   4.2608643e+01
   7.0680510e+06   4.2370605e+01
   7.0892080e+06   3.8085938e+01
   7.0892860e+06   3.5467529e+01
   7.0925940e+06   4.0228271e+01
   7.0926560e+06   2.4279785e+01
   7.0932770e+06   2.4993896e+01
   7.0934760e+06   2.9754639e+01
   7.0937720e+06   2.9040527e+01
   7.0940410e+06   2.6184082e+01
   7.0943880e+06   2.6184082e+01
   7.0948870e+06   2.7850342e+01
   7.1836940e+06   4.4512939e+01
   7.1843320e+06   3.6657715e+01
   7.1844050e+06   2.5708008e+01
   7.1845010e+06   3.6419678e+01
   7.2083330e+06   3.4991455e+01
   7.2280110e+06   3.7847900e+01
   7.2281220e+06   3.6419678e+01
   7.2297300e+06   4.8559570e+01
   7.2300550e+06   2.7850342e+01
   7.2477200e+06   4.1418457e+01
   7.2479070e+06   3.4277344e+01
   7.2836980e+06   3.6657715e+01
   7.3067540e+06   3.6419678e+01
   7.3068420e+06   2.9516602e+01
   7.3068930e+06   2.4993896e+01
   7.3072300e+06   3.3801270e+01
   7.3075780e+06   3.2849121e+01
   7.3094570e+06   2.4279785e+01
   7.3556250e+06   4.3084717e+01
   7.3919830e+06   3.3563232e+01
   7.3921590e+06   3.7371826e+01
   7.4178340e+06   4.4036865e+01
   7.4180570e+06   3.4991455e+01
   7.4358440e+06   3.8323975e+01
   7.4359990e+06   3.6419678e+01
   7.4361520e+06   2.7374268e+01
   7.4552320e+06   3.9752197e+01
   7.4746050e+06   3.9276123e+01
   7.5124450e+06   3.9276123e+01
   7.5125470e+06   3.1182861e+01
   7.5126390e+06   2.8564453e+01
   7.5127090e+06   2.4517822e+01
   7.5129890e+06   3.0706787e+01
   7.5132580e+06   2.9516602e+01
   7.6735990e+06   3.9990234e+01
   7.6849910e+06   3.5229492e+01
   7.6850480e+06   2.4517822e+01
   7.6851880e+06   2.5469971e+01
   7.6853720e+06   2.6422119e+01
   7.6855860e+06   2.5708008e+01
   7.6857580e+06   3.0468750e+01
   7.6874580e+06   2.4993896e+01
   7.8036850e+06   4.6179199e+01
   7.8259630e+06   3.2611084e+01
   7.8845940e+06   3.7609863e+01
   7.8851600e+06   3.1420898e+01
   7.8854480e+06   4.0228271e+01
   7.8864490e+06   2.5946045e+01
   7.9498770e+06   3.7847900e+01
   7.9817310e+06   3.1182861e+01
   7.9818850e+06   3.8085938e+01
   8.0914540e+06   4.7369385e+01
   8.0915160e+06   4.7131348e+01
   8.0916290e+06   2.4755859e+01
   8.0923190e+06   2.5231934e+01
   8.1938800e+06   3.6181641e+01
   8.2259020e+06   3.4277344e+01
   8.2260070e+06   3.3325195e+01
   8.2261480e+06   3.0230713e+01
   8.2264630e+06   3.7371826e+01
   8.2573320e+06   4.1656494e+01
   8.2736280e+06   2.5469971e+01
   8.2736940e+06   3.1658936e+01
   8.2737460e+06   2.7374268e+01
   8.2737770e+06   2.4755859e+01
   8.2738190e+06   2.9516602e+01
   8.2738690e+06   2.4993896e+01
   8.2740360e+06   2.4755859e+01
   8.2741930e+06   2.6898193e+01
   8.2743330e+06   2.4517822e+01
   8.2744540e+06   2.7136230e+01
   8.2745800e+06   2.6422119e+01
   8.2748860e+06   2.5708008e+01
   8.2758420e+06   2.7136230e+01
   8.2765490e+06   2.4517822e+01
   8.3287320e+06   3.7371826e+01
   8.3288070e+06   2.6660156e+01
   8.3290750e+06   2.9516602e+01
   8.3455210e+06   3.4991455e+01
   8.3603660e+06   3.2373047e+01
   8.3603990e+06   4.4036865e+01
   8.3604850e+06   3.2373047e+01
   8.3605790e+06   2.9992676e+01
   8.3606340e+06   2.4279785e+01
   8.3607260e+06   2.8564453e+01
   8.3929350e+06   4.5465088e+01
   8.3930570e+06   2.8326416e+01
   8.4033710e+06   4.3560791e+01
   8.4034300e+06   3.2611084e+01
   8.4037060e+06   2.7612305e+01
   8.4038700e+06   2.4041748e+01
   8.4039800e+06   3.4039307e+01
   8.4043680e+06   2.4041748e+01
   8.4586690e+06   4.3798828e+01
   8.4587270e+06   3.3801270e+01
   8.4587920e+06   2.5469971e+01
   8.4717900e+06   4.3560791e+01
   8.4724140e+06   3.4039307e+01
   8.4853490e+06   3.0706787e+01
   8.5000220e+06   4.6655273e+01
   8.5000810e+06   3.4277344e+01
   8.5001500e+06   2.4755859e+01
   8.5002580e+06   2.4517822e+01
   8.5003840e+06   2.5469971e+01
   8.5005250e+06   3.3087158e+01
   8.5191920e+06   3.1658936e+01
   8.5559810e+06   4.1894531e+01
   8.5559920e+06   2.9278564e+01
   8.5560310e+06   2.4755859e+01
   8.5564180e+06   3.0230713e+01
   8.5566060e+06   2.9992676e+01
   8.5933740e+06   3.9514160e+01
   8.5934600e+06   3.8800049e+01
   8.5935340e+06   3.1182861e+01
   8.5938200e+06   3.0706787e+01
   8.6320840e+06   3.1896973e+01
   8.6374330e+06   4.5227051e+01
   8.6374480e+06   2.5469971e+01
   8.6374860e+06   3.4039307e+01
   8.6375180e+06   2.6184082e+01
   8.6375430e+06   2.8564453e+01
   8.6376070e+06   2.5708008e+01
   8.6376960e+06   2.5469971e+01
   8.6378310e+06   3.1420898e+01
   8.6379290e+06   3.3801270e+01
   8.6383280e+06   2.4517822e+01
   8.6384520e+06   2.8088379e+01
   8.6388050e+06   2.7612305e+01
   8.6391340e+06   2.4755859e+01
   8.6393250e+06   2.4517822e+01
   8.7221250e+06   3.7371826e+01
   8.7222120e+06   3.9990234e+01
   8.7222920e+06   3.3801270e+01
   8.7224430e+06   3.3563232e+01
   8.7227390e+06   3.1658936e+01
   8.7232270e+06   3.6657715e+01
   8.7365570e+06   3.1658936e+01
   8.7366960e+06   3.1420898e+01
   8.7368950e+06   3.7133789e+01
   8.7527220e+06   4.3798828e+01
   8.7529900e+06   3.3325195e+01
   8.7692870e+06   3.5467529e+01
   8.7740060e+06   4.1656494e+01
   8.7741900e+06   3.0706787e+01
   8.7759190e+06   2.4041748e+01
   8.7759760e+06   2.8564453e+01
   8.7760270e+06   2.7136230e+01
   8.7760910e+06   2.7850342e+01
   8.7766340e+06   2.7612305e+01
   8.7767960e+06   2.6184082e+01
   8.8340620e+06   3.8800049e+01
   8.8503860e+06   3.4277344e+01
   8.8504330e+06   3.4753418e+01
   8.8508980e+06   2.4517822e+01
   8.8515290e+06   2.4041748e+01
   8.8638460e+06   4.0466309e+01
   8.8715490e+06   2.9516602e+01
   8.8884350e+06   2.9040527e+01
   8.8885460e+06   3.4991455e+01
   8.9051750e+06   3.2849121e+01
   8.9176530e+06   3.3563232e+01
   8.9197970e+06   3.4753418e+01
   8.9249980e+06   3.5943604e+01
   8.9250220e+06   2.5946045e+01
   8.9250640e+06   2.8088379e+01
   8.9251810e+06   2.4279785e+01
   8.9253770e+06   3.1182861e+01
   8.9258120e+06   3.4753418e+01
   8.9260000e+06   2.7612305e+01
   8.9263920e+06   3.4039307e+01
   8.9818870e+06   3.7133789e+01
   8.9946940e+06   3.5229492e+01
   8.9948390e+06   3.2135010e+01
   9.0198730e+06   3.9038086e+01
   9.0199340e+06   3.1658936e+01
   9.0200230e+06   2.6184082e+01
   9.0201500e+06   2.7136230e+01
   9.0202780e+06   2.8326416e+01
   9.0203890e+06   2.4517822e+01
   9.0206910e+06   2.4279785e+01
   9.0209690e+06   2.9278564e+01
   9.0574760e+06   3.4991455e+01
   9.0575140e+06   2.6898193e+01
   9.0575420e+06   3.1420898e+01
   9.0577740e+06   2.4993896e+01
   9.1208560e+06   4.8083496e+01
   9.1209280e+06   4.8321533e+01
   9.1209780e+06   3.1896973e+01
   9.1210540e+06   2.4279785e+01
   9.1211510e+06   2.4755859e+01
   9.1215140e+06   2.9516602e+01
   9.1217550e+06   2.8802490e+01
   9.1223120e+06   2.9040527e+01
   9.1649840e+06   3.7133789e+01
   9.1650640e+06   3.6181641e+01
   9.1651760e+06   2.7612305e+01
   9.1656550e+06   2.8802490e+01
   9.1669910e+06   3.3325195e+01
   9.1982590e+06   3.6657715e+01
   9.1983530e+06   2.9040527e+01
   9.1985170e+06   2.7374268e+01
   9.2204990e+06   2.5231934e+01
   9.2205180e+06   3.6895752e+01
   9.2205860e+06   3.4515381e+01
   9.2208070e+06   2.6898193e+01
   9.2212200e+06   3.0706787e+01
   9.2221440e+06   2.9516602e+01
   9.2422630e+06   3.3563232e+01
   9.2423750e+06   3.0468750e+01
   9.2424750e+06   2.7850342e+01
   9.2426700e+06   2.4517822e+01
   9.2431930e+06   2.6898193e+01
   9.2593580e+06   2.9992676e+01
   9.2594670e+06   3.1420898e+01
   9.2711430e+06   4.2132568e+01
   9.2712350e+06   2.5708008e+01
   9.2837350e+06   2.7612305e+01
   9.3034370e+06   2.5231934e+01
   9.3034600e+06   4.2132568e+01
   9.3035790e+06   2.9278564e+01
   9.3036810e+06   3.2135010e+01
   9.3037960e+06   2.4993896e+01
   9.3041130e+06   2.8326416e+01
   9.3514710e+06   3.8323975e+01
   9.3515400e+06   4.0228271e+01
   9.3516060e+06   2.7612305e+01
   9.3519380e+06   2.9516602e+01
   9.3522720e+06   2.9754639e+01
   9.3525450e+06   3.1896973e+01
   9.4188630e+06   2.4755859e+01
   9.4188770e+06   3.0944824e+01
   9.4189470e+06   3.4277344e+01
   9.4195430e+06   3.2849121e+01
   9.4198420e+06   3.0706787e+01
   9.4499970e+06   2.4755859e+01
   9.4955490e+06   3.4753418e+01
   9.5766390e+06   3.2611084e+01
   9.6063060e+06   3.3563232e+01
   9.6724770e+06   3.3563232e+01
   9.6732540e+06   3.6419678e+01
   9.7985030e+06   3.5467529e+01
   9.7987880e+06   2.4755859e+01
   9.7989260e+06   2.4279785e+01
   9.7992100e+06   3.9990234e+01
   9.8334710e+06   3.2849121e+01
   9.9002240e+06   2.7136230e+01
   9.9004510e+06   3.4039307e+01
   9.9663650e+06   2.7136230e+01
   9.9664070e+06   2.4517822e+01
   9.9664270e+06   3.7133789e+01
   9.9665050e+06   2.4517822e+01
   9.9667040e+06   2.4755859e+01
   9.9671200e+06   2.7374268e+01
   9.9673500e+06   2.5946045e+01
   9.9675120e+06   2.6184082e+01
   9.9682180e+06   2.7612305e+01
   9.9685480e+06   2.7612305e+01
   1.0095212e+07   4.3560791e+01
   1.0095289e+07   3.1420898e+01
   1.0095367e+07   3.7609863e+01
   1.0095481e+07   2.5469971e+01
   1.0095809e+07   3.2135010e+01
   1.0096182e+07   2.4517822e+01
   1.0096344e+07   2.4993896e+01
   1.0173316e+07   3.9514160e+01
   1.0189117e+07   3.8085938e+01
   1.0189167e+07   3.0468750e+01
   1.0189224e+07   2.4041748e+01
   1.0189286e+07   3.3087158e+01
   1.0189588e+07   3.5229492e+01
   1.0258503e+07   4.3084717e+01
   1.0279730e+07   3.5705566e+01
   1.0279816e+07   3.7371826e+01
   1.0280363e+07   3.0944824e+01
   1.0325020e+07   4.2132568e+01
   1.0325079e+07   3.4039307e+01
   1.0325216e+07   3.5943604e+01
   1.0325718e+07   3.4039307e+01
   1.0397756e+07   2.4041748e+01
   1.0461214e+07   4.2846680e+01
   1.0889095e+07   4.2608643e+01
   1.0981347e+07   3.4991455e+01
   1.1008352e+07   3.9752197e+01
   1.1008412e+07   4.7845459e+01
   1.1008484e+07   2.7850342e+01
   1.1008593e+07   2.9754639e+01
   1.1136324e+07   3.2135010e+01
   1.1268292e+07   3.4753418e+01
   1.1268361e+07   2.8326416e+01
   1.1268621e+07   3.4515381e+01
   1.1374174e+07   3.5229492e+01
   1.1374239e+07   2.9754639e+01
   1.1374552e+07   3.0706787e+01
   1.1374730e+07   2.5469971e+01
   1.1374945e+07   2.5469971e+01
   1.1375111e+07   4.2132568e+01
   1.1375554e+07   2.8802490e+01
   1.1375713e+07   2.4517822e+01
   1.1375936e+07   2.7374268e+01
   1.1376220e+07   3.0230713e+01
   1.1503451e+07   3.3087158e+01
   1.1503539e+07   3.2849121e+01
   1.1503609e+07   3.0230713e+01
   1.1503719e+07   2.5231934e+01
   1.1504651e+07   2.5469971e+01
   1.1505198e+07   2.5708008e+01
   1.1627536e+07   3.4039307e+01
   1.1679489e+07   2.4279785e+01
   1.1679513e+07   3.0706787e+01
   1.1679573e+07   3.1658936e+01
   1.1679808e+07   2.6422119e+01
   1.1679940e+07   2.6184082e+01
   1.1680286e+07   2.7374268e+01
   1.1680803e+07   2.6898193e+01
   1.1682156e+07   2.8088379e+01
   1.1749100e+07   2.8802490e+01
   1.1749142e+07   3.8562012e+01
   1.1749224e+07   2.7850342e+01
   1.1780213e+07   3.5705566e+01
   1.1780354e+07   2.7850342e+01
   1.1780638e+07   3.4515381e+01
   1.1798035e+07   3.0230713e+01
   1.1839141e+07   3.7371826e+01
   1.1839231e+07   3.4277344e+01
   1.1846746e+07   3.5467529e+01
   1.1846844e+07   2.9754639e+01
   1.1846981e+07   2.7136230e+01
   1.1847448e+07   3.1896973e+01
   1.1891157e+07   3.1420898e+01
   1.1895706e+07   2.9040527e+01
   1.1895784e+07   3.0230713e+01
   1.1916158e+07   2.9992676e+01
   1.1924644e+07   3.4515381e+01
   1.1924782e+07   2.8564453e+01
   1.1936956e+07   3.6657715e+01
   1.1937029e+07   3.7847900e+01
   1.1937739e+07   3.2373047e+01
   1.1943573e+07   4.3084717e+01
   1.1973027e+07   3.5467529e+01
