   1.1998000e+07   0.0000000e+00
   4.0090000e+03   3.3087158e+01
   1.0870200e+05   3.9990234e+01
   1.4053100e+05   4.2132568e+01
   1.4101600e+05   4.6179199e+01
   1.4152200e+05   3.2611084e+01
   1.4192000e+05   3.1420898e+01
   1.4236200e+05   3.5943604e+01
   1.4255900e+05   2.9040527e+01
   1.4270900e+05   2.6660156e+01
   1.4287800e+05   3.1658936e+01
   1.4356600e+05   2.5469971e+01
   1.4730300e+05   2.5708008e+01
   2.9082000e+05   2.7612305e+01
   2.9200900e+05   4.6179199e+01
   2.9268600e+05   4.4036865e+01
   2.9312600e+05   3.2135010e+01
   2.9363600e+05   3.5467529e+01
   2.9565100e+05   3.6895752e+01
   2.9590000e+05   2.7374268e+01
   2.9616900e+05   2.7136230e+01
   2.9641200e+05   2.5469971e+01
   2.9656900e+05   3.0468750e+01
   2.9673100e+05   2.7850342e+01
   2.9697200e+05   2.5946045e+01
   2.9718000e+05   2.8802490e+01
   2.9736200e+05   2.6422119e+01
   2.9755200e+05   2.4755859e+01
   2.9775900e+05   2.5231934e+01
   2.9796400e+05   2.6184082e+01
   2.9835400e+05   2.5231934e+01
   2.9918800e+05   2.7374268e+01
   5.0307600e+05   4.2846680e+01
   5.0428400e+05   4.3084717e+01
   5.0501500e+05   3.9752197e+01
   5.0591900e+05   4.5227051e+01
   5.9732100e+05   4.4512939e+01
   5.9758200e+05   3.5705566e+01
   5.9787200e+05   3.9038086e+01
   5.9829900e+05   3.4753418e+01
   5.9862100e+05   3.3325195e+01
   5.9887800e+05   2.8088379e+01
   5.9915400e+05   3.9752197e+01
   5.9938900e+05   2.4993896e+01
   5.9953000e+05   3.6895752e+01
   6.0008300e+05   2.6422119e+01
   6.0040200e+05   2.7612305e+01
   7.0268700e+05   2.7136230e+01
   7.0623200e+05   3.0944824e+01
   7.0648200e+05   3.3087158e+01
   7.0731000e+05   3.6657715e+01
   7.0759800e+05   3.3801270e+01
   7.0781400e+05   3.4277344e+01
   7.0806200e+05   3.1658936e+01
   7.0831100e+05   2.9992676e+01
   7.0878300e+05   3.1658936e+01
   7.0971900e+05   2.4755859e+01
   7.1044600e+05   3.5229492e+01
   8.1558600e+05   3.6657715e+01
   8.1581500e+05   4.0466309e+01
   8.1609900e+05   2.9992676e+01
   8.1656200e+05   3.4039307e+01
   8.1675800e+05   4.1894531e+01
   8.1714500e+05   2.8326416e+01
   8.1756800e+05   3.0706787e+01
   8.1791900e+05   3.1420898e+01
   8.6132700e+05   2.9278564e+01
   8.6319300e+05   4.6655273e+01
   9.0631700e+05   4.2370605e+01
   9.6690500e+05   4.4989014e+01
   9.6800300e+05   4.6655273e+01
   9.6853200e+05   4.5465088e+01
   9.6882500e+05   3.2611084e+01
   9.6917700e+05   3.3325195e+01
   9.6948700e+05   3.7847900e+01
   9.6999600e+05   2.5708008e+01
   9.7055400e+05   3.7609863e+01
   9.7083600e+05   3.1182861e+01
   9.7113600e+05   2.7374268e+01
   9.7147600e+05   2.4993896e+01
   9.7168200e+05   2.9754639e+01
   9.7203100e+05   2.6184082e+01
   9.9116600e+05   3.0230713e+01
   1.0788640e+06   4.3560791e+01
   1.1542800e+06   4.4036865e+01
   1.1546310e+06   4.0704346e+01
   1.1550730e+06   4.1180420e+01
   1.2178840e+06   4.5703125e+01
   1.2182110e+06   3.4277344e+01
   1.2184500e+06   3.5705566e+01
   1.2186770e+06   3.5229492e+01
   1.2191990e+06   3.2849121e+01
   1.2412680e+06   3.6657715e+01
   1.2426920e+06   3.7371826e+01
   1.2781050e+06   3.0944824e+01
   1.3243630e+06   4.4274902e+01
   1.3245820e+06   4.0704346e+01
   1.3251840e+06   2.9040527e+01
   1.3895940e+06   3.5943604e+01
   1.4754470e+06   2.5231934e+01
   1.4880160e+06   2.8326416e+01
   1.4881230e+06   2.6184082e+01
   1.4883290e+06   4.5703125e+01
   1.4885980e+06   3.2373047e+01
   1.4896530e+06   3.3563232e+01
   1.4903250e+06   3.2611084e+01
   1.4906960e+06   3.3325195e+01
   1.4912140e+06   3.7847900e+01
   1.4915550e+06   3.0706787e+01
   1.4920110e+06   3.1420898e+01
   1.4922470e+06   2.9992676e+01
   1.4924000e+06   2.6898193e+01
   1.4927140e+06   2.4755859e+01
   1.4931210e+06   3.0230713e+01
   1.4936080e+06   2.5231934e+01
   1.4937610e+06   2.4993896e+01
   1.6418810e+06   2.5469971e+01
   1.8691130e+06   2.5708008e+01
   1.8691790e+06   2.5946045e+01
   1.8705910e+06   4.8083496e+01
   1.8711610e+06   3.6895752e+01
   1.8718720e+06   2.7136230e+01
   1.8723410e+06   3.4991455e+01
   2.0608020e+06   2.6184082e+01
   2.1062520e+06   4.7131348e+01
   2.1250580e+06   2.7374268e+01
   2.1260290e+06   4.3322754e+01
   2.1281710e+06   3.9990234e+01
   2.2492590e+06   2.7374268e+01
   2.2499660e+06   3.9752197e+01
   2.3327540e+06   4.9511719e+01
   2.3334320e+06   3.1420898e+01
   2.3336500e+06   4.5227051e+01
   2.3344710e+06   2.9992676e+01
   2.3346200e+06   3.5943604e+01
   2.3353840e+06   3.1182861e+01
   2.3357120e+06   3.1420898e+01
   2.3364920e+06   3.0706787e+01
   2.4496090e+06   2.5231934e+01
   2.4499600e+06   4.2370605e+01
   2.4511970e+06   3.9038086e+01
   2.4513550e+06   4.3798828e+01
   2.4514730e+06   3.4277344e+01
   2.4518250e+06   2.9516602e+01
   2.4521090e+06   2.4993896e+01
   2.4523120e+06   3.3563232e+01
   2.4525510e+06   2.9278564e+01
   2.4528370e+06   3.0706787e+01
   2.4530450e+06   3.1658936e+01
   2.4532850e+06   2.8326416e+01
   2.4534310e+06   2.7136230e+01
   2.7893120e+06   2.8326416e+01
   2.7907790e+06   4.1180420e+01
   2.7924460e+06   3.7609863e+01
   2.8147440e+06   3.1420898e+01
   2.8153260e+06   4.2608643e+01
   2.8158680e+06   4.3322754e+01
   2.8161720e+06   3.2135010e+01
   2.8167090e+06   2.8802490e+01
   2.8179770e+06   3.1896973e+01
   3.0414730e+06   3.0230713e+01
   3.1040380e+06   3.7133789e+01
   3.2412920e+06   4.1894531e+01
   3.2444630e+06   4.4274902e+01
   3.2446200e+06   3.4039307e+01
   3.2450280e+06   3.8085938e+01
   3.2451680e+06   2.7850342e+01
   3.2453010e+06   2.5469971e+01
   3.2457430e+06   2.6898193e+01
   3.2461820e+06   2.4993896e+01
   3.2464900e+06   2.8564453e+01
   3.2467950e+06   2.7136230e+01
   3.2476780e+06   2.5231934e+01
   3.2479060e+06   2.7612305e+01
   3.6893160e+06   4.6655273e+01
   3.7239820e+06   3.7133789e+01
   3.7246700e+06   3.0468750e+01
   3.7253950e+06   3.3563232e+01
   3.7264470e+06   3.2611084e+01
   3.9105410e+06   3.9990234e+01
   3.9197180e+06   2.6184082e+01
   3.9211580e+06   5.2844238e+01
   3.9216890e+06   3.4515381e+01
   3.9221400e+06   3.3087158e+01
   3.9225760e+06   3.9038086e+01
   3.9235120e+06   3.4753418e+01
   3.9236850e+06   2.6898193e+01
   3.9238250e+06   2.5231934e+01
   3.9241150e+06   3.3087158e+01
   3.9243250e+06   2.5946045e+01
   3.9258640e+06   2.5469971e+01
   3.9262100e+06   2.5946045e+01
   3.9264090e+06   2.6184082e+01
   4.2152380e+06   4.2846680e+01
   4.2573090e+06   4.4274902e+01
   4.2714420e+06   2.4755859e+01
   4.2718980e+06   5.0225830e+01
   4.2720010e+06   3.1182861e+01
   4.2724350e+06   4.0942383e+01
   4.2728740e+06   3.0944824e+01
   4.2733460e+06   3.7609863e+01
   4.2738320e+06   2.9278564e+01
   4.2740180e+06   3.8800049e+01
   4.2742660e+06   3.3801270e+01
   4.2744890e+06   3.0230713e+01
   4.2751110e+06   2.9992676e+01
   4.2754410e+06   2.5946045e+01
   4.5553700e+06   4.0466309e+01
   4.6915290e+06   3.7847900e+01
   4.6941160e+06   4.3322754e+01
   4.7292910e+06   3.2373047e+01
   4.7297760e+06   4.2608643e+01
   4.8022100e+06   3.5229492e+01
   4.9163310e+06   4.3798828e+01
   4.9167130e+06   4.6655273e+01
   4.9170980e+06   3.2135010e+01
   4.9182230e+06   3.7609863e+01
   4.9197370e+06   3.4753418e+01
   5.0136460e+06   2.8088379e+01
   5.0941590e+06   4.1180420e+01
   5.1356730e+06   5.0701904e+01
   5.1360990e+06   3.1420898e+01
   5.1447360e+06   3.3563232e+01
   5.1450130e+06   3.7371826e+01
   5.1849390e+06   3.6657715e+01
   5.2634170e+06   3.2611084e+01
   5.5229260e+06   2.5708008e+01
   5.5231270e+06   4.6655273e+01
   5.5232260e+06   4.7131348e+01
   5.5233350e+06   3.6181641e+01
   5.5239420e+06   3.4277344e+01
   5.5244380e+06   3.2135010e+01
   5.5245640e+06   2.5469971e+01
   5.5248240e+06   3.2373047e+01
   5.5250110e+06   3.3087158e+01
   5.5252300e+06   3.0468750e+01
   5.5257930e+06   2.5231934e+01
   5.6918950e+06   2.4993896e+01
   5.6934820e+06   4.9511719e+01
   5.6944910e+06   2.9040527e+01
   5.6948430e+06   2.9040527e+01
   5.6951000e+06   3.7133789e+01
   5.6956000e+06   3.8085938e+01
   5.6961620e+06   3.9752197e+01
   5.8457510e+06   2.7850342e+01
   5.8684860e+06   3.2373047e+01
   6.0166430e+06   4.5465088e+01
   6.0183340e+06   3.5943604e+01
   6.0195260e+06   3.2849121e+01
   6.0421440e+06   3.4753418e+01
   6.0586820e+06   3.2849121e+01
   6.0789070e+06   4.1418457e+01
   6.0794390e+06   3.9038086e+01
   6.0898570e+06   3.5943604e+01
   6.0908230e+06   3.9990234e+01
   6.0912950e+06   3.2135010e+01
   6.0917080e+06   3.4753418e+01
   6.1142450e+06   4.0942383e+01
   6.1146550e+06   3.5705566e+01
   6.1149930e+06   2.7850342e+01
   6.1153080e+06   3.7133789e+01
   6.1156760e+06   3.9990234e+01
   6.1161820e+06   2.9992676e+01
   6.1164980e+06   2.9040527e+01
   6.1168340e+06   3.3087158e+01
   6.1175510e+06   2.8802490e+01
   6.1336300e+06   3.4991455e+01
   6.1450120e+06   2.6184082e+01
   6.1454810e+06   3.9990234e+01
   6.1456380e+06   3.5467529e+01
   6.1463130e+06   3.0230713e+01
   6.1468760e+06   2.9278564e+01
   6.1473080e+06   3.1896973e+01
   6.1478500e+06   3.6895752e+01
   6.1483840e+06   2.5708008e+01
   6.1487560e+06   3.1420898e+01
   6.1504130e+06   2.7136230e+01
   6.1509760e+06   2.7136230e+01
   6.1926760e+06   3.1182861e+01
   6.2024000e+06   4.2846680e+01
   6.2025680e+06   4.0704346e+01
   6.2030310e+06   3.2849121e+01
   6.2032060e+06   3.3087158e+01
   6.2033880e+06   3.5943604e+01
   6.2037150e+06   2.7850342e+01
   6.2040000e+06   2.6898193e+01
   6.2043110e+06   3.0468750e+01
   6.2048550e+06   2.8088379e+01
   6.2050820e+06   2.6898193e+01
   6.2054010e+06   2.4993896e+01
   6.2058250e+06   2.4755859e+01
   6.2082190e+06   2.5469971e+01
   6.3039010e+06   4.1894531e+01
   6.3045640e+06   3.6181641e+01
   6.3050600e+06   3.0468750e+01
   6.3055520e+06   3.4991455e+01
   6.3059030e+06   3.1658936e+01
   6.3068050e+06   3.5229492e+01
   6.3531730e+06   3.9514160e+01
   6.3534300e+06   4.2370605e+01
   6.3536750e+06   4.1180420e+01
   6.3540440e+06   2.7850342e+01
   6.3544410e+06   3.2611084e+01
   6.3548650e+06   3.4515381e+01
   6.3554060e+06   2.5946045e+01
   6.3563100e+06   3.1182861e+01
   6.7819470e+06   4.3560791e+01
   6.8540440e+06   4.3560791e+01
   7.0785620e+06   3.2849121e+01
   7.0806500e+06   3.3087158e+01
   7.0900910e+06   2.8326416e+01
   7.0928820e+06   2.9754639e+01
   7.0932470e+06   3.0944824e+01
   7.0935080e+06   3.7609863e+01
   7.0962490e+06   3.7609863e+01
   7.0968110e+06   4.0704346e+01
   7.0971010e+06   3.7371826e+01
   7.0982250e+06   3.0706787e+01
   7.0989660e+06   2.9992676e+01
   7.3075110e+06   4.5227051e+01
   7.3078570e+06   2.5469971e+01
   7.5130130e+06   2.7612305e+01
   7.5132440e+06   3.7609863e+01
   7.6755450e+06   3.3087158e+01
   7.6852770e+06   3.4039307e+01
   7.6855040e+06   4.0466309e+01
   7.6857840e+06   3.5943604e+01
   7.7005380e+06   3.6657715e+01
   7.7582840e+06   3.6657715e+01
   7.9504470e+06   4.1894531e+01
   7.9837220e+06   4.4512939e+01
   8.0917620e+06   4.2370605e+01
   8.0919020e+06   3.8085938e+01
   8.0920230e+06   3.6419678e+01
   8.0922460e+06   3.5705566e+01
   8.0923730e+06   2.6660156e+01
   8.0925130e+06   2.9992676e+01
   8.0926700e+06   3.2611084e+01
   8.0929250e+06   2.4755859e+01
   8.0937680e+06   3.2135010e+01
   8.0948230e+06   2.5469971e+01
   8.1073140e+06   2.4993896e+01
   8.1077100e+06   3.0944824e+01
   8.1089130e+06   3.0468750e+01
   8.1097660e+06   2.6660156e+01
   8.2758350e+06   3.5705566e+01
   8.2773050e+06   3.3801270e+01
   8.2777390e+06   2.6184082e+01
   8.2783980e+06   3.0230713e+01
   8.4037700e+06   3.4039307e+01
   8.4040690e+06   3.5705566e+01
   8.4045520e+06   4.1418457e+01
   8.4050480e+06   3.2611084e+01
   8.4055160e+06   3.3087158e+01
   8.4057620e+06   3.1658936e+01
   8.4060270e+06   2.9278564e+01
   8.4066080e+06   2.8088379e+01
   8.4070380e+06   2.7136230e+01
   8.4074360e+06   2.4755859e+01
   8.4077250e+06   2.5469971e+01
   8.4080220e+06   2.6660156e+01
   8.4088510e+06   2.9754639e+01
   8.4869000e+06   3.2373047e+01
   8.5568680e+06   4.1656494e+01
   8.5941510e+06   3.8562012e+01
   8.6377280e+06   3.9752197e+01
   8.6380150e+06   4.3084717e+01
   8.6382300e+06   2.8326416e+01
   8.6394330e+06   3.2373047e+01
   8.6396990e+06   3.4039307e+01
   8.6403620e+06   2.7136230e+01
   8.6408330e+06   3.4277344e+01
   8.6412260e+06   3.1420898e+01
   8.6418440e+06   2.6422119e+01
   8.6421080e+06   3.1420898e+01
   8.6423240e+06   2.6660156e+01
   8.6430670e+06   2.6184082e+01
   8.6432920e+06   2.5469971e+01
   8.6438780e+06   2.5231934e+01
   8.6545810e+06   2.5946045e+01
   8.6552310e+06   3.6657715e+01
   8.6556150e+06   2.6660156e+01
   8.6559750e+06   3.2611084e+01
   8.8719030e+06   3.6657715e+01
   8.8889940e+06   4.4750977e+01
   8.9257300e+06   3.3801270e+01
   8.9261720e+06   3.2849121e+01
   8.9481230e+06   4.0942383e+01
   9.0217500e+06   3.8562012e+01
   9.0582560e+06   3.1896973e+01
   9.0585630e+06   4.8083496e+01
   9.0590900e+06   3.4039307e+01
   9.1217720e+06   4.2132568e+01
   9.1230060e+06   2.9754639e+01
   9.1238760e+06   4.0466309e+01
   9.1276750e+06   2.5708008e+01
   9.1653980e+06   3.9514160e+01
   9.1658280e+06   3.4753418e+01
   9.1661250e+06   4.1894531e+01
   9.1664350e+06   3.8562012e+01
   9.1669680e+06   2.8802490e+01
   9.1672850e+06   4.0228271e+01
   9.1675320e+06   2.8802490e+01
   9.1678570e+06   2.9516602e+01
   9.1682810e+06   3.0468750e+01
   9.1686870e+06   2.7612305e+01
   9.1690950e+06   2.7612305e+01
   9.1699320e+06   2.8802490e+01
   9.1985790e+06   3.9276123e+01
   9.1991290e+06   3.8800049e+01
   9.1995880e+06   3.5943604e+01
   9.2211890e+06   4.4036865e+01
   9.2219740e+06   3.0468750e+01
   9.2223880e+06   2.9278564e+01
   9.2430830e+06   3.2611084e+01
   9.2719240e+06   4.1894531e+01
   9.2855890e+06   3.7847900e+01
   9.3519770e+06   3.4039307e+01
   9.3525010e+06   3.0230713e+01
   9.3528950e+06   2.5231934e+01
   9.3707480e+06   3.2611084e+01
   9.3722800e+06   3.4991455e+01
   9.4194720e+06   2.9516602e+01
   9.4197510e+06   3.7371826e+01
   9.4200860e+06   3.4039307e+01
   9.4203480e+06   3.3563232e+01
   9.4511380e+06   3.5229492e+01
   9.4967700e+06   4.1894531e+01
   9.5080360e+06   3.5943604e+01
   9.5085270e+06   3.9514160e+01
   9.5249880e+06   3.7371826e+01
   9.5260110e+06   2.9040527e+01
   9.5377680e+06   3.1896973e+01
   9.5388180e+06   3.3325195e+01
   9.5782070e+06   3.0706787e+01
   9.5896240e+06   3.9276123e+01
   9.6726260e+06   4.7607422e+01
   9.6731460e+06   3.3325195e+01
   9.7105880e+06   3.9990234e+01
   9.7375810e+06   3.7133789e+01
   9.7380890e+06   3.6657715e+01
   9.7730070e+06   3.9038086e+01
   9.7734790e+06   3.4515381e+01
   9.7739060e+06   3.4277344e+01
   9.7741540e+06   3.8562012e+01
   9.7996360e+06   4.1180420e+01
   9.8000960e+06   2.8564453e+01
   9.9005490e+06   3.2849121e+01
   9.9008450e+06   3.1182861e+01
   9.9011270e+06   2.6898193e+01
   9.9677570e+06   2.8802490e+01
   9.9700760e+06   3.1658936e+01
   9.9711790e+06   2.6898193e+01
   9.9727460e+06   2.7374268e+01
   9.9731610e+06   3.0468750e+01
   1.0014674e+07   4.0466309e+01
   1.0097594e+07   4.3322754e+01
   1.0098893e+07   3.5467529e+01
   1.0102237e+07   3.6419678e+01
   1.0129273e+07   3.6657715e+01
   1.0228741e+07   3.2611084e+01
   1.0230292e+07   3.1896973e+01
   1.0231045e+07   3.2373047e+01
   1.0231929e+07   3.6895752e+01
   1.0326188e+07   3.1182861e+01
   1.0367806e+07   4.1894531e+01
   1.0416849e+07   2.5469971e+01
   1.0417456e+07   3.5467529e+01
   1.0419398e+07   3.5943604e+01
   1.0433936e+07   3.6419678e+01
   1.0449467e+07   3.4991455e+01
   1.0489641e+07   3.3563232e+01
   1.0502904e+07   4.3322754e+01
   1.0534000e+07   3.0944824e+01
   1.0535036e+07   3.4753418e+01
   1.0536695e+07   2.7374268e+01
   1.0549088e+07   2.9516602e+01
   1.0550037e+07   3.3563232e+01
   1.0550266e+07   2.8326416e+01
   1.0550598e+07   4.3322754e+01
   1.0551228e+07   3.4277344e+01
   1.0551922e+07   3.0468750e+01
   1.0552459e+07   2.5708008e+01
   1.0553076e+07   2.9278564e+01
   1.0553453e+07   3.2373047e+01
   1.0553984e+07   3.0468750e+01
   1.0554665e+07   2.8326416e+01
   1.0554899e+07   2.5231934e+01
   1.0555174e+07   2.9278564e+01
   1.0555456e+07   2.5946045e+01
   1.0556080e+07   2.6660156e+01
   1.0580817e+07   3.6895752e+01
   1.0581586e+07   2.7374268e+01
   1.0705443e+07   4.1180420e+01
   1.0731066e+07   3.2849121e+01
   1.0732123e+07   3.7133789e+01
   1.0732981e+07   3.4515381e+01
   1.0788063e+07   2.9040527e+01
   1.0888489e+07   3.3325195e+01
   1.0888815e+07   4.4750977e+01
   1.0889176e+07   2.7374268e+01
   1.0889975e+07   2.9754639e+01
   1.0890581e+07   2.5231934e+01
   1.0905325e+07   3.7609863e+01
   1.0905785e+07   3.9038086e+01
   1.0906337e+07   3.6895752e+01
   1.0906812e+07   3.7609863e+01
   1.0907432e+07   3.0468750e+01
   1.0908948e+07   2.8088379e+01
   1.0909990e+07   2.5231934e+01
   1.0910860e+07   2.7850342e+01
   1.0938863e+07   4.2132568e+01
   1.0939832e+07   3.9514160e+01
   1.0981726e+07   3.8323975e+01
   1.0982311e+07   3.6419678e+01
   1.0982715e+07   3.9514160e+01
   1.1008589e+07   3.7847900e+01
   1.1008822e+07   4.8559570e+01
   1.1066235e+07   4.3322754e+01
   1.1135638e+07   3.6657715e+01
   1.1136696e+07   3.4277344e+01
   1.1137068e+07   2.9278564e+01
   1.1138517e+07   3.1896973e+01
   1.1139856e+07   3.7133789e+01
   1.1140869e+07   2.7612305e+01
   1.1141361e+07   3.2611084e+01
   1.1141824e+07   3.1420898e+01
   1.1143515e+07   2.9754639e+01
   1.1144005e+07   2.9754639e+01
   1.1144717e+07   2.9516602e+01
   1.1145467e+07   2.9992676e+01
   1.1208907e+07   3.1658936e+01
   1.1211153e+07   3.5229492e+01
   1.1211884e+07   2.8326416e+01
   1.1268555e+07   3.0944824e+01
   1.1268734e+07   3.3325195e+01
   1.1268867e+07   3.3325195e+01
   1.1269059e+07   3.7847900e+01
   1.1269233e+07   3.7133789e+01
   1.1269389e+07   2.7136230e+01
   1.1309278e+07   2.7850342e+01
   1.1309872e+07   2.6660156e+01
   1.1367964e+07   3.1182861e+01
   1.1368987e+07   2.9516602e+01
   1.1374387e+07   2.4993896e+01
   1.1374888e+07   4.3322754e+01
   1.1375097e+07   3.1420898e+01
   1.1375349e+07   3.6419678e+01
   1.1375513e+07   2.9992676e+01
   1.1375793e+07   3.4277344e+01
   1.1376712e+07   2.8564453e+01
   1.1377287e+07   2.7850342e+01
   1.1378038e+07   2.6422119e+01
   1.1378318e+07   2.4755859e+01
   1.1378810e+07   2.5708008e+01
   1.1379047e+07   2.5708008e+01
   1.1380873e+07   2.5946045e+01
   1.1395134e+07   3.2135010e+01
   1.1395892e+07   2.7136230e+01
   1.1396476e+07   3.4991455e+01
   1.1397389e+07   2.6184082e+01
   1.1430933e+07   3.5943604e+01
   1.1556594e+07   3.3563232e+01
   1.1571678e+07   4.4274902e+01
   1.1680081e+07   4.4274902e+01
   1.1680200e+07   2.9754639e+01
   1.1680388e+07   3.1182861e+01
   1.1680572e+07   3.6657715e+01
   1.1680854e+07   3.3087158e+01
   1.1682251e+07   3.2135010e+01
   1.1682430e+07   3.0468750e+01
   1.1682629e+07   2.9278564e+01
   1.1683155e+07   2.7612305e+01
   1.1683529e+07   2.5231934e+01
   1.1683767e+07   2.9754639e+01
   1.1684307e+07   2.5708008e+01
   1.1688744e+07   2.4993896e+01
   1.1694207e+07   2.5231934e+01
   1.1695223e+07   2.8802490e+01
   1.1695670e+07   2.7374268e+01
   1.1695882e+07   2.7850342e+01
   1.1696087e+07   2.4993896e+01
   1.1698444e+07   2.6660156e+01
   1.1698792e+07   2.5469971e+01
