   1.1999000e+07   0.0000000e+00
   1.0419340e+06   5.6457520e+01
   1.3913140e+06   3.8208008e+01
   1.5956940e+06   4.0100098e+01
   1.8796160e+06   3.9855957e+01
   1.9740920e+06   4.2480469e+01
   2.8876240e+06   4.0893555e+01
   3.0125960e+06   3.9794922e+01
   3.4753520e+06   4.1198730e+01
   3.7379870e+06   4.0161133e+01
   3.7380610e+06   4.7363281e+01
   3.7381170e+06   4.3640137e+01
   3.7385030e+06   4.9316406e+01
   3.7387560e+06   4.2907715e+01
   3.8524600e+06   3.8879395e+01
   3.8526750e+06   4.2785645e+01
   3.8532600e+06   4.5349121e+01
   3.8843220e+06   6.8481445e+01
   3.8951710e+06   4.8767090e+01
   3.8958330e+06   3.9855957e+01
   3.8963810e+06   3.8757324e+01
   3.8966470e+06   4.0832520e+01
   3.8968720e+06   4.3640137e+01
   3.8974220e+06   4.3273926e+01
   3.8981740e+06   3.8330078e+01
   3.9075980e+06   4.7180176e+01
   3.9201280e+06   3.8208008e+01
   3.9202380e+06   5.7861328e+01
   3.9203530e+06   4.3212891e+01
   3.9204960e+06   3.9611816e+01
   3.9207620e+06   5.1147461e+01
   3.9210650e+06   4.2663574e+01
   3.9325030e+06   5.8837891e+01
   3.9325740e+06   3.9367676e+01
   3.9450540e+06   5.7739258e+01
   3.9454680e+06   3.9672852e+01
   3.9542660e+06   5.8349609e+01
   3.9554350e+06   4.0161133e+01
   3.9639730e+06   4.3945313e+01
   3.9639850e+06   3.9794922e+01
   3.9640470e+06   5.3100586e+01
   3.9663550e+06   3.8696289e+01
   3.9673590e+06   3.9245605e+01
   3.9682780e+06   3.9306641e+01
   3.9761010e+06   4.1931152e+01
   3.9774100e+06   3.8330078e+01
   3.9777350e+06   3.9916992e+01
   3.9866890e+06   4.8034668e+01
   3.9876940e+06   4.0161133e+01
   3.9972200e+06   6.3598633e+01
   3.9972390e+06   4.0100098e+01
   3.9972950e+06   3.9550781e+01
   4.0084350e+06   6.1157227e+01
   4.0084980e+06   3.8818359e+01
   4.0181280e+06   5.7556152e+01
   4.0181490e+06   4.4738770e+01
   4.0181710e+06   4.7058105e+01
   4.0197540e+06   4.1198730e+01
   4.0284970e+06   5.4992676e+01
   4.0318830e+06   4.0466309e+01
   4.0392550e+06   4.4860840e+01
   4.0431060e+06   4.7058105e+01
   4.0519190e+06   4.0710449e+01
   4.0539090e+06   4.2846680e+01
   4.0563310e+06   4.8156738e+01
   4.0563770e+06   3.9794922e+01
   4.0657730e+06   5.3039551e+01
   4.0658010e+06   4.7790527e+01
   4.0679620e+06   3.8635254e+01
   4.0791990e+06   7.0556641e+01
   4.0792100e+06   4.3762207e+01
   4.0801310e+06   3.8330078e+01
   4.0829690e+06   4.9865723e+01
   4.0833260e+06   4.1748047e+01
   4.0929030e+06   5.7678223e+01
   4.0929350e+06   4.2358398e+01
   4.1033630e+06   5.3161621e+01
   4.1050270e+06   4.2968750e+01
   4.1067920e+06   4.4067383e+01
   4.1160780e+06   5.9997559e+01
   4.1169580e+06   3.8330078e+01
   4.1173980e+06   3.8574219e+01
   4.1180230e+06   4.2480469e+01
   4.1195040e+06   4.0039063e+01
   4.1297500e+06   4.3395996e+01
   4.1297690e+06   4.3640137e+01
   4.1297990e+06   3.9123535e+01
   4.1310800e+06   3.8391113e+01
   4.1316950e+06   4.4128418e+01
   4.1420390e+06   5.9020996e+01
   4.1468350e+06   5.8227539e+01
   4.1587070e+06   5.4321289e+01
   4.1629880e+06   4.4433594e+01
   4.1726890e+06   5.3833008e+01
   4.1733750e+06   4.0832520e+01
   4.1765930e+06   5.1757813e+01
   4.1863800e+06   4.9438477e+01
   4.1876200e+06   4.2236328e+01
   4.1911070e+06   5.5419922e+01
   4.2014410e+06   6.0302734e+01
   4.2014630e+06   4.8950195e+01
   4.2127750e+06   6.7382813e+01
   4.2238980e+06   6.3598633e+01
   4.2239200e+06   4.4433594e+01
   4.2240130e+06   3.9245605e+01
   4.2249200e+06   4.0649414e+01
   4.2378800e+06   6.1157227e+01
   4.2506710e+06   4.6081543e+01
   4.2507290e+06   3.8574219e+01
   4.2536230e+06   5.5969238e+01
   4.2655710e+06   4.6630859e+01
   4.2816220e+06   5.6335449e+01
   4.2933700e+06   5.0781250e+01
   4.2934330e+06   3.8940430e+01
   4.2937280e+06   4.0100098e+01
   4.3060260e+06   4.8950195e+01
   4.3186020e+06   6.5612793e+01
   4.3187150e+06   5.0048828e+01
   4.3312760e+06   6.0668945e+01
   4.3438720e+06   5.8776855e+01
   4.3699920e+06   4.1137695e+01
   4.4077180e+06   3.9550781e+01
   6.9423450e+06   3.9306641e+01
   7.7444400e+06   4.0222168e+01
   7.8724210e+06   3.9184570e+01
   1.0407207e+07   4.0893555e+01
   1.1215431e+07   3.8757324e+01
   1.1241890e+07   4.0344238e+01
   1.1318083e+07   3.8696289e+01
   1.1341516e+07   3.9550781e+01
   1.1397485e+07   4.2968750e+01
   1.1458234e+07   5.0842285e+01
   1.1466489e+07   5.0170898e+01
   1.1473936e+07   5.1635742e+01
   1.1474025e+07   3.8940430e+01
   1.1481802e+07   4.3701172e+01
   1.1481888e+07   5.4565430e+01
   1.1481984e+07   4.9804688e+01
   1.1490007e+07   5.7128906e+01
   1.1490118e+07   4.2846680e+01
   1.1490244e+07   3.9123535e+01
   1.1499131e+07   4.1992188e+01
   1.1499244e+07   3.9123535e+01
   1.1506333e+07   7.4096680e+01
   1.1506934e+07   4.0100098e+01
   1.1513436e+07   4.6752930e+01
   1.1513590e+07   3.9550781e+01
   1.1513958e+07   3.9184570e+01
   1.1520736e+07   5.4748535e+01
   1.1520794e+07   4.1442871e+01
   1.1521977e+07   3.9123535e+01
   1.1528455e+07   5.9326172e+01
   1.1528547e+07   4.6630859e+01
   1.1535448e+07   5.5175781e+01
   1.1535579e+07   4.0710449e+01
   1.1536522e+07   3.9062500e+01
   1.1543458e+07   5.3588867e+01
   1.1549401e+07   4.9743652e+01
   1.1549422e+07   4.1015625e+01
   1.1549460e+07   3.9367676e+01
   1.1555358e+07   6.6589355e+01
   1.1555430e+07   3.8452148e+01
   1.1556347e+07   4.3823242e+01
   1.1561428e+07   5.3283691e+01
   1.1561490e+07   4.1931152e+01
   1.1567873e+07   5.0292969e+01
   1.1574402e+07   5.1635742e+01
   1.1574416e+07   5.3833008e+01
   1.1580974e+07   5.0048828e+01
   1.1587683e+07   4.7241211e+01
   1.1587745e+07   4.1259766e+01
   1.1594279e+07   4.9987793e+01
   1.1595145e+07   3.9367676e+01
   1.1600990e+07   4.6997070e+01
   1.1607508e+07   4.2236328e+01
   1.1607567e+07   4.1870117e+01
   1.1613456e+07   5.6762695e+01
   1.1620177e+07   5.4626465e+01
   1.1620224e+07   4.0466309e+01
   1.1621178e+07   3.8818359e+01
   1.1625215e+07   4.0832520e+01
   1.1630256e+07   4.5104980e+01
   1.1630351e+07   4.8278809e+01
   1.1636476e+07   6.3781738e+01
   1.1642700e+07   4.7302246e+01
   1.1648187e+07   4.4677734e+01
   1.1654736e+07   4.5593262e+01
   1.1654760e+07   4.0283203e+01
   1.1660872e+07   5.8471680e+01
   1.1666230e+07   4.5349121e+01
   1.1672189e+07   5.1879883e+01
   1.1678864e+07   4.7180176e+01
   1.1679589e+07   4.3945313e+01
   1.1684491e+07   5.3833008e+01
   1.1690006e+07   4.7180176e+01
   1.1695175e+07   4.8278809e+01
   1.1700435e+07   5.3039551e+01
   1.1706794e+07   4.2846680e+01
   1.1706847e+07   5.0781250e+01
   1.1712898e+07   4.7912598e+01
   1.1719429e+07   5.6945801e+01
   1.1719478e+07   4.5227051e+01
   1.1725339e+07   4.9072266e+01
   1.1725418e+07   4.2175293e+01
   1.1731965e+07   5.7800293e+01
   1.1738006e+07   4.9499512e+01
   1.1738096e+07   3.9001465e+01
   1.1743731e+07   4.1259766e+01
   1.1749154e+07   5.6518555e+01
   1.1754816e+07   6.1645508e+01
   1.1760707e+07   5.4077148e+01
   1.1760759e+07   4.0649414e+01
   1.1766890e+07   5.1025391e+01
   1.1772800e+07   6.4575195e+01
   1.1772847e+07   5.0598145e+01
   1.1778674e+07   5.4748535e+01
   1.1784978e+07   5.4016113e+01
   1.1785034e+07   4.0100098e+01
   1.1790777e+07   5.6091309e+01
   1.1796329e+07   4.5288086e+01
   1.1796447e+07   3.9550781e+01
   1.1803135e+07   4.4006348e+01
   1.1803224e+07   3.9367676e+01
   1.1809695e+07   6.0607910e+01
   1.1809724e+07   4.1564941e+01
   1.1809749e+07   4.1564941e+01
   1.1815561e+07   5.3588867e+01
   1.1815624e+07   4.4921875e+01
   1.1821694e+07   5.0720215e+01
   1.1821851e+07   4.9499512e+01
   1.1828340e+07   6.0668945e+01
   1.1828413e+07   4.9011230e+01
   1.1834949e+07   3.9733887e+01
   1.1834959e+07   3.8635254e+01
   1.1835011e+07   4.0283203e+01
   1.1841501e+07   5.1696777e+01
   1.1848172e+07   4.1625977e+01
   1.1854583e+07   5.0964355e+01
   1.1854615e+07   4.0161133e+01
   1.1854662e+07   3.9855957e+01
   1.1860769e+07   4.7851563e+01
   1.1867212e+07   5.5358887e+01
   1.1867296e+07   4.0283203e+01
   1.1872717e+07   4.3823242e+01
   1.1879485e+07   5.0598145e+01
   1.1879691e+07   4.6325684e+01
   1.1886088e+07   5.6335449e+01
   1.1886102e+07   4.0954590e+01
   1.1892663e+07   5.2551270e+01
   1.1899181e+07   4.7058105e+01
   1.1905932e+07   4.6447754e+01
   1.1906001e+07   4.6508789e+01
   1.1913047e+07   4.4921875e+01
   1.1913191e+07   4.0466309e+01
   1.1920130e+07   5.0048828e+01
   1.1926920e+07   5.3955078e+01
   1.1933990e+07   5.3039551e+01
   1.1941144e+07   4.6508789e+01
   1.1948369e+07   5.6762695e+01
   1.1955351e+07   5.8288574e+01
   1.1969315e+07   4.6325684e+01
   1.1984099e+07   4.7546387e+01
