   1.1999000e+07   0.0000000e+00
   8.3631000e+05   5.8898926e+01
   1.1459770e+06   6.2988281e+01
   1.4631120e+06   5.3100586e+01
   1.8799900e+06   5.2368164e+01
   2.8876450e+06   5.5969238e+01
   2.9665860e+06   5.2551270e+01
   3.0298950e+06   5.4931641e+01
   3.0573740e+06   5.6579590e+01
   3.0574620e+06   5.8654785e+01
   3.7379690e+06   5.6030273e+01
   3.8523910e+06   5.9936523e+01
   3.8841830e+06   5.4138184e+01
   3.8842480e+06   6.3537598e+01
   3.9324670e+06   5.7312012e+01
   3.9760410e+06   5.2978516e+01
   3.9972570e+06   5.8288574e+01
   4.0181660e+06   5.2185059e+01
   4.0519420e+06   5.7617188e+01
   4.0658130e+06   5.9509277e+01
   4.0929130e+06   7.5988770e+01
   4.1033470e+06   5.2734375e+01
   4.1033590e+06   5.2551270e+01
   4.1297280e+06   5.4321289e+01
   4.1297630e+06   5.6945801e+01
   4.1420250e+06   5.2978516e+01
   4.1420530e+06   5.4199219e+01
   4.1586840e+06   5.4260254e+01
   4.1863660e+06   5.4809570e+01
   4.2239040e+06   5.4138184e+01
   4.2378830e+06   5.2978516e+01
   4.2506420e+06   5.3100586e+01
   4.2933430e+06   6.2133789e+01
   4.3578450e+06   5.3833008e+01
   4.3827650e+06   5.6457520e+01
   7.4172380e+06   5.2917480e+01
   8.5934340e+06   5.2429199e+01
   1.1333322e+07   5.4931641e+01
   1.1561447e+07   6.1584473e+01
   1.1567889e+07   6.3293457e+01
   1.1580982e+07   5.2795410e+01
   1.1607537e+07   5.4382324e+01
   1.1654743e+07   5.3588867e+01
   1.1660943e+07   5.3405762e+01
   1.1666256e+07   5.3466797e+01
   1.1772797e+07   5.5541992e+01
   1.1848162e+07   5.3771973e+01
   1.1860720e+07   5.4626465e+01
