   1.1999000e+07   0.0000000e+00
   6.5000000e+02   3.9306641e+01
   2.9120000e+03   4.5349121e+01
   2.5845000e+04   3.7231445e+01
   3.0566000e+04   4.1137695e+01
   3.0699000e+04   5.6518555e+01
   6.1145000e+04   4.2419434e+01
   6.1238000e+04   6.1950684e+01
   6.2360000e+04   5.7861328e+01
   6.2478000e+04   4.5898438e+01
   6.2525000e+04   6.6101074e+01
   6.2549000e+04   5.8898926e+01
   6.2636000e+04   5.1574707e+01
   6.2658000e+04   4.1076660e+01
   7.5643000e+04   3.9062500e+01
   8.3342000e+04   4.1259766e+01
   8.9934000e+04   4.1015625e+01
   9.0476000e+04   5.4382324e+01
   9.5598000e+04   4.1870117e+01
   9.9883000e+04   3.9306641e+01
   1.0255700e+05   3.8330078e+01
   1.1493700e+05   3.9428711e+01
   1.3778500e+05   3.9184570e+01
   1.3781200e+05   4.6813965e+01
   1.3783400e+05   4.3640137e+01
   1.3827300e+05   4.8583984e+01
   1.3833800e+05   5.3833008e+01
   1.3844900e+05   4.2785645e+01
   1.3876500e+05   4.4189453e+01
   1.4669400e+05   5.2795410e+01
   1.4935900e+05   3.8879395e+01
   1.4958900e+05   6.1279297e+01
   1.6945300e+05   3.7414551e+01
   1.7852100e+05   4.6081543e+01
   2.1896700e+05   4.8034668e+01
   2.1980100e+05   4.6325684e+01
   2.1990400e+05   3.9916992e+01
   2.1992600e+05   6.0485840e+01
   2.4166300e+05   6.5002441e+01
   2.6947400e+05   4.1931152e+01
   2.6966500e+05   5.6762695e+01
   2.7043900e+05   3.8696289e+01
   2.7048700e+05   6.2072754e+01
   2.7060200e+05   3.7292480e+01
   2.8770500e+05   3.8085938e+01
   2.9221100e+05   4.2724609e+01
   2.9412400e+05   4.1381836e+01
   3.0724500e+05   4.0832520e+01
   3.0894600e+05   5.2917480e+01
   3.0911400e+05   3.7475586e+01
   3.0921100e+05   4.3945313e+01
   3.3623300e+05   3.7658691e+01
   3.3793500e+05   4.3395996e+01
   3.3800900e+05   4.9133301e+01
   3.4852100e+05   4.4433594e+01
   3.4865600e+05   4.7363281e+01
   3.7324800e+05   5.2612305e+01
   3.7360900e+05   4.7973633e+01
   3.7381000e+05   4.7424316e+01
   3.9959800e+05   4.5227051e+01
   4.0337000e+05   5.4138184e+01
   4.0749100e+05   4.4372559e+01
   4.5360700e+05   5.4016113e+01
   4.5392500e+05   3.9855957e+01
   4.6964100e+05   4.5471191e+01
   4.9261900e+05   4.6752930e+01
   5.0404000e+05   4.2663574e+01
   5.0773500e+05   5.2856445e+01
   5.1295400e+05   4.9621582e+01
   5.2159000e+05   4.2358398e+01
   5.2162900e+05   5.6884766e+01
   5.2171300e+05   4.5898438e+01
   5.2252400e+05   4.3395996e+01
   5.2266600e+05   5.9997559e+01
   5.3766400e+05   3.9184570e+01
   5.4183800e+05   4.7546387e+01
   5.5118700e+05   4.1320801e+01
   5.6587300e+05   3.8940430e+01
   5.7209100e+05   5.1879883e+01
   5.7210300e+05   4.0527344e+01
   5.8606800e+05   5.1147461e+01
   5.8615400e+05   3.8818359e+01
   5.8677200e+05   3.7719727e+01
   5.8699900e+05   4.2968750e+01
   5.8705400e+05   4.4982910e+01
   5.8710000e+05   4.1320801e+01
   5.8867200e+05   3.8024902e+01
   5.8869300e+05   4.1992188e+01
   5.8995500e+05   4.8156738e+01
   6.1311800e+05   4.3212891e+01
   6.1824600e+05   3.9184570e+01
   6.2037200e+05   3.7719727e+01
   6.2935500e+05   3.9184570e+01
   6.4712100e+05   3.8330078e+01
   6.5280200e+05   4.0893555e+01
   6.7025300e+05   4.6142578e+01
   6.7114400e+05   4.5166016e+01
   6.7225400e+05   5.4138184e+01
   6.7229100e+05   4.4799805e+01
   6.7231800e+05   4.2663574e+01
   6.7241100e+05   5.2307129e+01
   6.7260400e+05   4.0222168e+01
   7.0527300e+05   5.5541992e+01
   7.1218200e+05   4.8278809e+01
   7.2817900e+05   5.8044434e+01
   7.4342500e+05   4.9926758e+01
   7.5637500e+05   4.0039063e+01
   7.6442400e+05   4.3029785e+01
   7.7588900e+05   3.9733887e+01
   7.9075600e+05   4.7119141e+01
   7.9845100e+05   3.8513184e+01
   7.9854300e+05   5.3100586e+01
   7.9863500e+05   4.9438477e+01
   7.9865700e+05   3.7658691e+01
   7.9930000e+05   4.1381836e+01
   7.9935200e+05   5.3894043e+01
   7.9948000e+05   4.6081543e+01
   8.1098400e+05   4.2907715e+01
   8.2825900e+05   4.4128418e+01
   8.3004300e+05   3.8513184e+01
   8.3325100e+05   3.7109375e+01
   8.3537700e+05   4.4372559e+01
   8.3621500e+05   4.5227051e+01
   8.3632600e+05   7.9040527e+01
   8.3635600e+05   5.8776855e+01
   8.3647600e+05   4.2785645e+01
   8.3672000e+05   4.0954590e+01
   8.3689200e+05   4.3212891e+01
   8.4331100e+05   4.1687012e+01
   8.4947000e+05   3.9978027e+01
   8.6493000e+05   4.4799805e+01
   8.6841700e+05   4.4799805e+01
   8.9986000e+05   4.7546387e+01
   9.0561900e+05   5.1818848e+01
   9.0956200e+05   4.4494629e+01
   9.2158000e+05   3.9306641e+01
   9.2170100e+05   5.4748535e+01
   9.2234600e+05   4.8217773e+01
   9.2237600e+05   3.9001465e+01
   9.2242100e+05   4.7424316e+01
   9.2271700e+05   4.5654297e+01
   9.3277400e+05   4.0649414e+01
   9.4410800e+05   3.7353516e+01
   9.4932300e+05   4.3273926e+01
   9.5356100e+05   5.2062988e+01
   9.5767000e+05   4.0222168e+01
   9.6820000e+05   3.7353516e+01
   9.7867500e+05   4.4433594e+01
   9.7956200e+05   5.7128906e+01
   9.9898600e+05   5.9509277e+01
   9.9911800e+05   4.0283203e+01
   9.9913400e+05   4.2541504e+01
   9.9970800e+05   6.9213867e+01
   9.9978500e+05   3.8696289e+01
   1.0069290e+06   5.0048828e+01
   1.0070380e+06   3.8879395e+01
   1.0114350e+06   4.3457031e+01
   1.0159040e+06   3.8940430e+01
   1.0572730e+06   4.8156738e+01
   1.0765740e+06   4.2907715e+01
   1.0962510e+06   4.1931152e+01
   1.1083600e+06   4.7729492e+01
   1.1144090e+06   4.3884277e+01
   1.1456590e+06   5.4687500e+01
   1.1459240e+06   4.6020508e+01
   1.1459720e+06   3.8085938e+01
   1.1461200e+06   3.9978027e+01
   1.1462740e+06   4.3823242e+01
   1.1464270e+06   4.5410156e+01
   1.1466330e+06   3.9428711e+01
   1.1466820e+06   4.5043945e+01
   1.1467320e+06   4.9499512e+01
   1.1597690e+06   4.3457031e+01
   1.1666770e+06   4.1503906e+01
   1.1687780e+06   4.1015625e+01
   1.1763480e+06   5.5480957e+01
   1.2283010e+06   5.7128906e+01
   1.2523920e+06   4.5043945e+01
   1.2744870e+06   4.4982910e+01
   1.2819760e+06   4.5349121e+01
   1.2908990e+06   5.0659180e+01
   1.2933180e+06   5.3405762e+01
   1.2999360e+06   4.7241211e+01
   1.2999970e+06   4.9804688e+01
   1.3000700e+06   3.7597656e+01
   1.3003970e+06   3.9489746e+01
   1.3004430e+06   5.5358887e+01
   1.3005820e+06   4.5166016e+01
   1.3006170e+06   4.2297363e+01
   1.3179520e+06   4.6264648e+01
   1.3205210e+06   3.8452148e+01
   1.3249740e+06   4.2724609e+01
   1.3319750e+06   4.4982910e+01
   1.3366690e+06   5.2612305e+01
   1.3403640e+06   3.7231445e+01
   1.3555610e+06   3.8635254e+01
   1.3660690e+06   4.7790527e+01
   1.3825420e+06   3.8635254e+01
   1.3910580e+06   4.3457031e+01
   1.3915270e+06   5.7006836e+01
   1.3919650e+06   3.7902832e+01
   1.3921010e+06   5.6884766e+01
   1.4008490e+06   4.1687012e+01
   1.4049970e+06   4.5776367e+01
   1.4258090e+06   4.1076660e+01
   1.4441740e+06   4.0771484e+01
   1.4484170e+06   4.0588379e+01
   1.4818840e+06   4.1870117e+01
   1.4860550e+06   3.7963867e+01
   1.4936320e+06   4.5654297e+01
   1.5001090e+06   4.7058105e+01
   1.5091570e+06   4.1748047e+01
   1.5141110e+06   3.8574219e+01
   1.5288950e+06   3.8757324e+01
   1.5467990e+06   4.8767090e+01
   1.5561500e+06   4.0161133e+01
   1.5603420e+06   4.1381836e+01
   1.5651250e+06   4.1931152e+01
   1.5791370e+06   4.1442871e+01
   1.5948120e+06   4.5471191e+01
   1.5956570e+06   4.6691895e+01
   1.5957200e+06   5.3527832e+01
   1.5958570e+06   4.6936035e+01
   1.5966220e+06   4.5410156e+01
   1.5966760e+06   5.6152344e+01
   1.6088900e+06   4.2785645e+01
   1.6391470e+06   3.7292480e+01
   1.6691280e+06   4.7729492e+01
   1.6863800e+06   3.8024902e+01
   1.6864970e+06   5.8227539e+01
   1.6873090e+06   4.9377441e+01
   1.6879180e+06   3.7170410e+01
   1.6879720e+06   4.7790527e+01
   1.6969130e+06   4.1259766e+01
   1.6969550e+06   5.8044434e+01
   1.7117230e+06   5.4260254e+01
   1.7161790e+06   4.7485352e+01
   1.7220780e+06   4.1320801e+01
   1.7233980e+06   4.4372559e+01
   1.7282670e+06   3.9733887e+01
   1.7322140e+06   5.5236816e+01
   1.7452540e+06   4.9133301e+01
   1.7548830e+06   4.1992188e+01
   1.7585750e+06   5.8044434e+01
   1.7617710e+06   3.9550781e+01
   1.7654750e+06   4.1137695e+01
   1.7698830e+06   5.2917480e+01
   1.7810960e+06   6.1462402e+01
   1.7816880e+06   4.3212891e+01
   1.7817040e+06   5.1208496e+01
   1.7821980e+06   3.9367676e+01
   1.7904760e+06   3.7292480e+01
   1.7957960e+06   3.8879395e+01
   1.8121040e+06   3.7475586e+01
   1.8302240e+06   3.7353516e+01
   1.8372350e+06   4.4189453e+01
   1.8409890e+06   4.2785645e+01
   1.8471550e+06   3.7597656e+01
   1.8799260e+06   3.9245605e+01
   1.8799570e+06   4.1809082e+01
   1.8799800e+06   6.6162109e+01
   1.8800060e+06   3.7231445e+01
   1.8800420e+06   3.7231445e+01
   1.8800750e+06   6.2438965e+01
   1.8973680e+06   3.7902832e+01
   1.8978610e+06   4.7912598e+01
   1.9123640e+06   4.1748047e+01
   1.9184750e+06   4.3701172e+01
   1.9218450e+06   3.9367676e+01
   1.9219070e+06   3.7658691e+01
   1.9418310e+06   4.0466309e+01
   1.9738890e+06   6.2683105e+01
   1.9744370e+06   4.2968750e+01
   1.9744990e+06   5.3771973e+01
   1.9746210e+06   5.7861328e+01
   1.9747440e+06   3.8269043e+01
   1.9750110e+06   3.8269043e+01
   1.9750240e+06   4.4616699e+01
   2.0067590e+06   6.1889648e+01
   2.0073040e+06   3.7292480e+01
   2.0079020e+06   3.8940430e+01
   2.0082970e+06   4.3457031e+01
   2.0083290e+06   6.4819336e+01
   2.0083770e+06   3.8391113e+01
   2.0084150e+06   5.3283691e+01
   2.0419730e+06   4.6203613e+01
   2.0631180e+06   4.2968750e+01
   2.0711770e+06   4.7363281e+01
   2.0930450e+06   4.5593262e+01
   2.0995290e+06   4.1137695e+01
   2.1132010e+06   3.7475586e+01
   2.1241640e+06   4.1687012e+01
   2.1494710e+06   4.5104980e+01
   2.1587810e+06   4.3701172e+01
   2.1619400e+06   3.8085938e+01
   2.1751280e+06   4.3457031e+01
   2.2025490e+06   4.5349121e+01
   2.2059550e+06   4.6997070e+01
   2.2129080e+06   3.9672852e+01
   2.2133130e+06   5.3588867e+01
   2.2134410e+06   4.9255371e+01
   2.2389750e+06   4.5104980e+01
   2.2609630e+06   4.3212891e+01
   2.2664880e+06   3.9916992e+01
   2.2695990e+06   4.0893555e+01
   2.3006670e+06   3.9123535e+01
   2.3007620e+06   5.5419922e+01
   2.3012910e+06   3.8879395e+01
   2.3015960e+06   4.5898438e+01
   2.3211500e+06   4.3090820e+01
   2.3236230e+06   3.8208008e+01
   2.3261610e+06   4.1137695e+01
   2.3378270e+06   4.5166016e+01
   2.3380640e+06   4.6752930e+01
   2.3387080e+06   5.3405762e+01
   2.3390740e+06   3.9794922e+01
   2.3391080e+06   6.7199707e+01
   2.3533360e+06   3.9489746e+01
   2.3671940e+06   4.1320801e+01
   2.3705050e+06   3.9062500e+01
   2.3783380e+06   3.9123535e+01
   2.3828370e+06   3.9733887e+01
   2.3849990e+06   7.1533203e+01
   2.3860030e+06   3.8391113e+01
   2.3861610e+06   4.1931152e+01
   2.4035730e+06   4.7180176e+01
   2.4098960e+06   3.8330078e+01
   2.4107040e+06   4.0161133e+01
   2.4357900e+06   3.9001465e+01
   2.4459060e+06   3.9611816e+01
   2.4630280e+06   4.0527344e+01
   2.5048140e+06   4.4738770e+01
   2.5050020e+06   6.0424805e+01
   2.5064510e+06   7.3303223e+01
   2.5079890e+06   5.2062988e+01
   2.5080000e+06   4.7058105e+01
   2.5264510e+06   3.7109375e+01
   2.5524330e+06   4.0161133e+01
   2.5819340e+06   4.6081543e+01
   2.5827070e+06   4.4189453e+01
   2.5893660e+06   4.1381836e+01
   2.6132730e+06   5.2490234e+01
   2.6236250e+06   5.7739258e+01
   2.6385380e+06   5.8654785e+01
   2.6423410e+06   5.5175781e+01
   2.6423800e+06   4.0527344e+01
   2.6424030e+06   3.8330078e+01
   2.6424220e+06   3.8696289e+01
   2.6426410e+06   4.4311523e+01
   2.6427210e+06   3.7292480e+01
   2.6431920e+06   5.6091309e+01
   2.6575540e+06   3.8696289e+01
   2.6648560e+06   3.7719727e+01
   2.6673190e+06   3.7902832e+01
   2.6777080e+06   3.8696289e+01
   2.6823360e+06   4.0100098e+01
   2.6930220e+06   5.0292969e+01
   2.6937410e+06   3.9123535e+01
   2.7278340e+06   3.9184570e+01
   2.7383690e+06   4.3701172e+01
   2.7392960e+06   4.1870117e+01
   2.7393140e+06   4.3945313e+01
   2.7398020e+06   4.0832520e+01
   2.7398400e+06   5.0048828e+01
   2.7402540e+06   4.2968750e+01
   2.7490740e+06   4.7363281e+01
   2.7664830e+06   4.4311523e+01
   2.8249940e+06   4.1870117e+01
   2.8449020e+06   3.9001465e+01
   2.8452650e+06   3.8757324e+01
   2.8875680e+06   4.8156738e+01
   2.8875930e+06   3.9672852e+01
   2.8876150e+06   6.5246582e+01
   2.8876670e+06   4.4006348e+01
   2.8877020e+06   3.7109375e+01
   2.8877540e+06   5.0476074e+01
   2.8878250e+06   4.2114258e+01
   2.8878350e+06   4.1564941e+01
   2.8878730e+06   3.7719727e+01
   2.8907340e+06   3.8635254e+01
   2.9016800e+06   4.0588379e+01
   2.9049490e+06   5.6457520e+01
   2.9067750e+06   5.5969238e+01
   2.9291560e+06   5.5786133e+01
   2.9369020e+06   4.3823242e+01
   2.9395100e+06   4.3640137e+01
   2.9395900e+06   3.8818359e+01
   2.9459270e+06   5.7495117e+01
   2.9809590e+06   5.9143066e+01
   2.9880610e+06   5.7434082e+01
   2.9889740e+06   5.4565430e+01
   2.9954320e+06   5.4565430e+01
   3.0040550e+06   5.5419922e+01
   3.0044120e+06   5.1330566e+01
   3.0122740e+06   4.5043945e+01
   3.0124140e+06   4.5471191e+01
   3.0125420e+06   4.5349121e+01
   3.0125620e+06   5.4748535e+01
   3.0125860e+06   3.7902832e+01
   3.0126520e+06   5.5725098e+01
   3.0209430e+06   5.9814453e+01
   3.0210040e+06   4.3945313e+01
   3.0210370e+06   4.5349121e+01
   3.0212810e+06   5.3344727e+01
   3.0215440e+06   4.1870117e+01
   3.0297520e+06   5.4565430e+01
   3.0297990e+06   4.2541504e+01
   3.0298530e+06   4.0100098e+01
   3.0388200e+06   4.5043945e+01
   3.0388850e+06   5.5480957e+01
   3.0389830e+06   4.3823242e+01
   3.0393780e+06   4.3884277e+01
   3.0398570e+06   6.2622070e+01
   3.0483210e+06   5.9265137e+01
   3.0483500e+06   4.0588379e+01
   3.0485570e+06   4.9926758e+01
   3.0490160e+06   4.9621582e+01
   3.0491870e+06   3.7658691e+01
   3.0571960e+06   5.8959961e+01
   3.0572660e+06   4.7302246e+01
   3.0574230e+06   3.7658691e+01
   3.0575080e+06   3.8513184e+01
   3.0668790e+06   6.4819336e+01
   3.0670610e+06   5.3161621e+01
   3.0674240e+06   4.8217773e+01
   3.0676400e+06   4.2846680e+01
   3.0767790e+06   4.5043945e+01
   3.0768230e+06   4.0588379e+01
   3.0768670e+06   4.0100098e+01
   3.0769020e+06   4.2663574e+01
   3.0771290e+06   4.1381836e+01
   3.0872050e+06   6.4880371e+01
   3.0873840e+06   5.1391602e+01
   3.0878380e+06   4.3151855e+01
   3.0882050e+06   4.9438477e+01
   3.0974000e+06   5.6945801e+01
   3.0977820e+06   4.2358398e+01
   3.0978590e+06   5.5114746e+01
   3.0981040e+06   3.7414551e+01
   3.1066590e+06   5.5297852e+01
   3.1068160e+06   4.9316406e+01
   3.1162620e+06   5.2917480e+01
   3.1166680e+06   4.7180176e+01
   3.1169040e+06   3.9550781e+01
   3.1173510e+06   3.8513184e+01
   3.1266130e+06   4.5349121e+01
   3.1269240e+06   5.1635742e+01
   3.1272570e+06   4.8461914e+01
   3.1363580e+06   4.6569824e+01
   3.1367960e+06   4.2846680e+01
   3.1370190e+06   4.3212891e+01
   3.1474240e+06   4.1503906e+01
   3.1476790e+06   4.4738770e+01
   3.1482520e+06   4.4738770e+01
   3.1570720e+06   5.6457520e+01
   3.1572130e+06   6.7993164e+01
   3.1680520e+06   4.4189453e+01
   3.1682860e+06   4.7058105e+01
   3.1782000e+06   4.4372559e+01
   3.1795830e+06   4.3151855e+01
   3.1886340e+06   5.7250977e+01
   3.1963740e+06   3.9550781e+01
   3.2090600e+06   5.1696777e+01
   3.2093180e+06   4.7058105e+01
   3.2205250e+06   4.9499512e+01
   3.2444160e+06   5.8654785e+01
   3.2455730e+06   4.8461914e+01
   3.2633860e+06   4.5593262e+01
   3.2658260e+06   4.2968750e+01
   3.2708710e+06   4.1687012e+01
   3.2759830e+06   4.9682617e+01
   3.2761310e+06   4.5166016e+01
   3.2891970e+06   4.0100098e+01
   3.2923310e+06   4.6691895e+01
   3.3023320e+06   4.8583984e+01
   3.3284590e+06   4.4494629e+01
   3.3530050e+06   4.9194336e+01
   3.3532100e+06   5.8227539e+01
   3.3540360e+06   4.0039063e+01
   3.3687540e+06   4.7363281e+01
   3.3770510e+06   4.3762207e+01
   3.4079130e+06   4.2846680e+01
   3.4219110e+06   4.8278809e+01
   3.4267950e+06   3.9123535e+01
   3.4268350e+06   5.8654785e+01
   3.4274170e+06   4.0222168e+01
   3.4282280e+06   3.8024902e+01
   3.4405690e+06   4.9194336e+01
   3.4465980e+06   5.0170898e+01
   3.4751410e+06   5.2246094e+01
   3.4757810e+06   3.9550781e+01
   3.4757970e+06   3.9001465e+01
   3.4758560e+06   4.2785645e+01
   3.4763940e+06   5.7800293e+01
   3.4765320e+06   4.2175293e+01
   3.4913290e+06   4.4921875e+01
   3.4951900e+06   3.9245605e+01
   3.4988880e+06   3.7414551e+01
   3.4990570e+06   5.9204102e+01
   3.5003290e+06   3.7292480e+01
   3.5003750e+06   3.9733887e+01
   3.5004210e+06   5.0170898e+01
   3.5066650e+06   4.3273926e+01
   3.5244910e+06   4.1442871e+01
   3.5388980e+06   6.9458008e+01
   3.5448630e+06   4.0100098e+01
   3.5689170e+06   5.3466797e+01
   3.5691960e+06   4.1442871e+01
   3.5698630e+06   3.9367676e+01
   3.5699470e+06   5.6884766e+01
   3.5781310e+06   4.8950195e+01
   3.5817630e+06   4.0161133e+01
   3.5908200e+06   5.1696777e+01
   3.5976730e+06   4.0527344e+01
   3.6169340e+06   5.5908203e+01
   3.6169820e+06   4.0710449e+01
   3.6173620e+06   5.7006836e+01
   3.6174660e+06   5.6152344e+01
   3.6184200e+06   5.3100586e+01
   3.6248630e+06   4.5898438e+01
   3.6248840e+06   4.2663574e+01
   3.6609510e+06   4.4860840e+01
   3.6611150e+06   5.9448242e+01
   3.6611380e+06   3.8879395e+01
   3.6616780e+06   3.8452148e+01
   3.6618730e+06   5.3344727e+01
   3.6622120e+06   5.7495117e+01
   3.6622350e+06   4.1442871e+01
   3.6972650e+06   4.3029785e+01
   3.6987730e+06   4.1015625e+01
   3.7108820e+06   3.7963867e+01
   3.7367900e+06   4.0771484e+01
   3.7370040e+06   4.3762207e+01
   3.7378230e+06   5.5847168e+01
   3.7378640e+06   3.7841797e+01
   3.7379300e+06   4.6508789e+01
   3.7379500e+06   4.3029785e+01
   3.7379640e+06   4.9377441e+01
   3.7379900e+06   3.7841797e+01
   3.7380200e+06   8.2702637e+01
   3.7380870e+06   4.1748047e+01
   3.7381250e+06   3.8208008e+01
   3.7386320e+06   4.0283203e+01
   3.7390690e+06   3.8940430e+01
   3.7427560e+06   4.7851563e+01
   3.7428700e+06   4.4860840e+01
   3.7598040e+06   4.4494629e+01
   3.7635060e+06   4.5471191e+01
   3.7679450e+06   3.7170410e+01
   3.7683680e+06   5.8837891e+01
   3.7771780e+06   3.8269043e+01
   3.7917260e+06   6.0852051e+01
   3.7933740e+06   3.8452148e+01
   3.8009840e+06   3.7414551e+01
   3.8010760e+06   5.6640625e+01
   3.8090280e+06   3.9184570e+01
   3.8091050e+06   6.2438965e+01
   3.8178380e+06   5.3527832e+01
   3.8274860e+06   4.6569824e+01
   3.8276710e+06   4.1442871e+01
   3.8276870e+06   4.0893555e+01
   3.8277480e+06   4.0832520e+01
   3.8277600e+06   3.9855957e+01
   3.8277950e+06   3.8940430e+01
   3.8407570e+06   5.2246094e+01
   3.8408390e+06   5.5786133e+01
   3.8409450e+06   4.0649414e+01
   3.8409600e+06   4.0344238e+01
   3.8410200e+06   3.9794922e+01
   3.8410720e+06   3.7475586e+01
   3.8522590e+06   5.2429199e+01
   3.8522910e+06   3.9916992e+01
   3.8523090e+06   6.0302734e+01
   3.8523470e+06   7.2692871e+01
   3.8523710e+06   3.8879395e+01
   3.8523860e+06   5.0842285e+01
   3.8524270e+06   5.5114746e+01
   3.8524370e+06   4.8400879e+01
   3.8526320e+06   4.2419434e+01
   3.8652620e+06   3.8635254e+01
   3.8656440e+06   4.7546387e+01
   3.8656680e+06   4.5471191e+01
   3.8657260e+06   4.8828125e+01
   3.8659170e+06   3.9611816e+01
   3.8745230e+06   7.0861816e+01
   3.8745400e+06   5.0048828e+01
   3.8745780e+06   4.1015625e+01
   3.8746190e+06   4.1076660e+01
   3.8746670e+06   3.7719727e+01
   3.8747200e+06   4.0649414e+01
   3.8840900e+06   5.6457520e+01
   3.8841380e+06   4.2907715e+01
   3.8842090e+06   5.9997559e+01
   3.8842240e+06   3.9550781e+01
   3.8842790e+06   4.2785645e+01
   3.8950330e+06   7.6538086e+01
   3.8950640e+06   3.7780762e+01
   3.8950740e+06   6.2194824e+01
   3.8951220e+06   4.3945313e+01
   3.8951420e+06   3.9123535e+01
   3.8951830e+06   4.7302246e+01
   3.8952040e+06   3.7597656e+01
   3.8952370e+06   4.3212891e+01
   3.8953200e+06   3.7231445e+01
   3.8953590e+06   3.9367676e+01
   3.9074270e+06   8.4716797e+01
   3.9074670e+06   4.0710449e+01
   3.9075320e+06   4.9682617e+01
   3.9076000e+06   4.1259766e+01
   3.9076120e+06   4.6264648e+01
   3.9076890e+06   3.7231445e+01
   3.9200460e+06   5.1086426e+01
   3.9200870e+06   4.9560547e+01
   3.9201100e+06   4.9377441e+01
   3.9201350e+06   4.0100098e+01
   3.9201610e+06   4.1259766e+01
   3.9201780e+06   3.8757324e+01
   3.9202560e+06   4.1687012e+01
   3.9202970e+06   4.5776367e+01
   3.9203080e+06   4.4372559e+01
   3.9203220e+06   4.6325684e+01
   3.9211090e+06   4.2053223e+01
   3.9323190e+06   3.8513184e+01
   3.9323600e+06   4.5593262e+01
   3.9323900e+06   4.6325684e+01
   3.9324060e+06   4.3518066e+01
   3.9324370e+06   4.5837402e+01
   3.9324570e+06   3.7841797e+01
   3.9324880e+06   4.9804688e+01
   3.9325060e+06   5.3955078e+01
   3.9325200e+06   3.9794922e+01
   3.9325300e+06   4.9926758e+01
   3.9325850e+06   4.1381836e+01
   3.9326070e+06   3.8696289e+01
   3.9326430e+06   4.2175293e+01
   3.9326710e+06   3.9733887e+01
   3.9332590e+06   3.7658691e+01
   3.9334940e+06   3.7475586e+01
   3.9449910e+06   4.7180176e+01
   3.9450150e+06   6.7443848e+01
   3.9450410e+06   5.2124023e+01
   3.9450560e+06   4.9621582e+01
   3.9450710e+06   3.9611816e+01
   3.9451290e+06   3.9733887e+01
   3.9541620e+06   3.7414551e+01
   3.9541750e+06   6.0058594e+01
   3.9542240e+06   4.1076660e+01
   3.9542400e+06   4.3518066e+01
   3.9542810e+06   4.6447754e+01
   3.9543060e+06   4.4738770e+01
   3.9544180e+06   4.0710449e+01
   3.9638820e+06   4.4250488e+01
   3.9639220e+06   4.3640137e+01
   3.9639530e+06   6.3720703e+01
   3.9639660e+06   5.1147461e+01
   3.9639870e+06   5.4992676e+01
   3.9640120e+06   5.6701660e+01
   3.9640250e+06   3.7231445e+01
   3.9640450e+06   3.9916992e+01
   3.9640640e+06   3.9489746e+01
   3.9641240e+06   3.8513184e+01
   3.9759490e+06   3.7841797e+01
   3.9759920e+06   6.6772461e+01
   3.9760040e+06   5.3100586e+01
   3.9760270e+06   5.4321289e+01
   3.9760440e+06   4.3334961e+01
   3.9760580e+06   5.6701660e+01
   3.9760900e+06   3.9428711e+01
   3.9761020e+06   5.3527832e+01
   3.9761980e+06   4.7180176e+01
   3.9866410e+06   5.3710938e+01
   3.9866670e+06   6.2805176e+01
   3.9866850e+06   4.8339844e+01
   3.9867440e+06   4.2236328e+01
   3.9867620e+06   4.8095703e+01
   3.9868210e+06   4.8767090e+01
   3.9971820e+06   6.0913086e+01
   3.9971940e+06   6.0607910e+01
   3.9972180e+06   5.9020996e+01
   3.9972360e+06   5.6274414e+01
   3.9972550e+06   4.0466309e+01
   3.9973060e+06   3.7963867e+01
   3.9973910e+06   4.0405273e+01
   4.0084030e+06   5.2795410e+01
   4.0084200e+06   1.0009766e+02
   4.0084330e+06   5.6457520e+01
   4.0084480e+06   3.7475586e+01
   4.0084810e+06   4.3029785e+01
   4.0085100e+06   3.7780762e+01
   4.0085920e+06   3.7170410e+01
   4.0181000e+06   4.2785645e+01
   4.0181210e+06   4.8095703e+01
   4.0181380e+06   5.0231934e+01
   4.0181490e+06   3.9489746e+01
   4.0181820e+06   4.8950195e+01
   4.0182630e+06   3.9550781e+01
   4.0186640e+06   4.1381836e+01
   4.0284610e+06   5.1269531e+01
   4.0284790e+06   3.7231445e+01
   4.0285190e+06   5.0231934e+01
   4.0285490e+06   3.8635254e+01
   4.0285800e+06   4.6630859e+01
   4.0285920e+06   3.7902832e+01
   4.0317090e+06   4.3090820e+01
   4.0392350e+06   6.0668945e+01
   4.0392490e+06   4.4738770e+01
   4.0392690e+06   4.1870117e+01
   4.0393000e+06   5.1940918e+01
   4.0393300e+06   4.4494629e+01
   4.0430870e+06   3.9306641e+01
   4.0431670e+06   4.8767090e+01
   4.0518790e+06   3.8391113e+01
   4.0519080e+06   4.6081543e+01
   4.0519340e+06   3.7719727e+01
   4.0519590e+06   4.2663574e+01
   4.0519830e+06   4.6997070e+01
   4.0520600e+06   5.1391602e+01
   4.0520940e+06   3.9489746e+01
   4.0562930e+06   4.2480469e+01
   4.0563320e+06   6.7443848e+01
   4.0563450e+06   4.5349121e+01
   4.0563720e+06   4.2968750e+01
   4.0657390e+06   4.9987793e+01
   4.0657740e+06   6.7260742e+01
   4.0658270e+06   4.3945313e+01
   4.0658640e+06   4.0954590e+01
   4.0659090e+06   3.7414551e+01
   4.0791720e+06   4.7058105e+01
   4.0791890e+06   5.3222656e+01
   4.0792020e+06   6.1462402e+01
   4.0792220e+06   3.7170410e+01
   4.0792900e+06   4.0161133e+01
   4.0793170e+06   3.7536621e+01
   4.0829550e+06   3.9184570e+01
   4.0928910e+06   5.2917480e+01
   4.0929060e+06   9.0698242e+01
   4.0929310e+06   3.9733887e+01
   4.0929580e+06   5.3527832e+01
   4.0929770e+06   4.2907715e+01
   4.0929960e+06   3.9184570e+01
   4.0930480e+06   4.7058105e+01
   4.1033240e+06   4.1137695e+01
   4.1033380e+06   7.3486328e+01
   4.1033580e+06   4.8461914e+01
   4.1033910e+06   3.7170410e+01
   4.1034140e+06   6.2622070e+01
   4.1034550e+06   3.8879395e+01
   4.1042640e+06   4.0893555e+01
   4.1067150e+06   4.0527344e+01
   4.1067680e+06   3.9428711e+01
   4.1160520e+06   1.0394287e+02
   4.1160690e+06   5.8288574e+01
   4.1160960e+06   6.6284180e+01
   4.1161090e+06   5.7006836e+01
   4.1161590e+06   4.7851563e+01
   4.1297050e+06   4.4433594e+01
   4.1297180e+06   8.1787109e+01
   4.1297370e+06   5.8593750e+01
   4.1297650e+06   6.1462402e+01
   4.1297940e+06   4.8095703e+01
   4.1298170e+06   4.1564941e+01
   4.1298370e+06   4.0954590e+01
   4.1298820e+06   4.1625977e+01
   4.1419850e+06   3.9550781e+01
   4.1420230e+06   6.3049316e+01
   4.1420360e+06   4.6447754e+01
   4.1420730e+06   4.9987793e+01
   4.1420980e+06   4.4128418e+01
   4.1421250e+06   4.5715332e+01
   4.1467740e+06   4.3334961e+01
   4.1468250e+06   3.7231445e+01
   4.1468470e+06   5.6091309e+01
   4.1586740e+06   8.0627441e+01
   4.1586970e+06   5.5053711e+01
   4.1587280e+06   4.4494629e+01
   4.1587560e+06   4.6752930e+01
   4.1624720e+06   4.4250488e+01
   4.1726530e+06   3.7536621e+01
   4.1726730e+06   5.2734375e+01
   4.1726850e+06   5.0720215e+01
   4.1727220e+06   5.4748535e+01
   4.1727910e+06   4.1137695e+01
   4.1728200e+06   4.9011230e+01
   4.1728330e+06   3.8879395e+01
   4.1746170e+06   4.5410156e+01
   4.1863440e+06   7.0129395e+01
   4.1863640e+06   5.7922363e+01
   4.1863950e+06   5.4687500e+01
   4.1864120e+06   6.2072754e+01
   4.1864900e+06   3.8696289e+01
   4.1910340e+06   4.0405273e+01
   4.2013870e+06   4.0405273e+01
   4.2013980e+06   5.2734375e+01
   4.2014130e+06   3.7170410e+01
   4.2014370e+06   8.2580566e+01
   4.2014590e+06   3.8452148e+01
   4.2014840e+06   4.0283203e+01
   4.2127160e+06   3.8757324e+01
   4.2127290e+06   5.4992676e+01
   4.2127420e+06   5.5236816e+01
   4.2127550e+06   4.0344238e+01
   4.2127720e+06   4.6630859e+01
   4.2128110e+06   5.3588867e+01
   4.2238630e+06   4.6997070e+01
   4.2238740e+06   6.5307617e+01
   4.2239200e+06   4.9621582e+01
   4.2239620e+06   3.7536621e+01
   4.2240230e+06   4.3884277e+01
   4.2247260e+06   3.7414551e+01
   4.2378260e+06   4.5043945e+01
   4.2378420e+06   7.4279785e+01
   4.2378560e+06   6.0852051e+01
   4.2378830e+06   7.1655273e+01
   4.2379180e+06   3.8085938e+01
   4.2379730e+06   4.7119141e+01
   4.2506240e+06   3.7780762e+01
   4.2506400e+06   4.3945313e+01
   4.2506650e+06   7.1716309e+01
   4.2506930e+06   5.1025391e+01
   4.2507090e+06   4.2114258e+01
   4.2507210e+06   4.3823242e+01
   4.2507680e+06   4.0283203e+01
   4.2508120e+06   3.8330078e+01
   4.2655240e+06   4.1564941e+01
   4.2655440e+06   5.4260254e+01
   4.2655580e+06   4.1320801e+01
   4.2655780e+06   4.8583984e+01
   4.2656000e+06   4.9499512e+01
   4.2656600e+06   5.4870605e+01
   4.2815680e+06   5.9509277e+01
   4.2815920e+06   4.6386719e+01
   4.2816030e+06   6.6345215e+01
   4.2816360e+06   4.2236328e+01
   4.2816630e+06   6.6650391e+01
   4.2817140e+06   4.3762207e+01
   4.2817350e+06   3.8146973e+01
   4.2933310e+06   5.0170898e+01
   4.2933440e+06   6.2011719e+01
   4.2933580e+06   4.4860840e+01
   4.2934240e+06   4.3273926e+01
   4.2934510e+06   3.9428711e+01
   4.2943210e+06   3.7963867e+01
   4.3059610e+06   5.2307129e+01
   4.3059860e+06   5.3588867e+01
   4.3060030e+06   3.7475586e+01
   4.3060500e+06   4.3334961e+01
   4.3060600e+06   5.4321289e+01
   4.3060770e+06   4.0100098e+01
   4.3060900e+06   4.4494629e+01
   4.3185310e+06   6.4453125e+01
   4.3185590e+06   4.1870117e+01
   4.3185770e+06   4.7607422e+01
   4.3186020e+06   3.8635254e+01
   4.3186210e+06   4.3518066e+01
   4.3187380e+06   5.0659180e+01
   4.3311510e+06   4.9499512e+01
   4.3311990e+06   4.8950195e+01
   4.3312490e+06   3.7414551e+01
   4.3437560e+06   4.5349121e+01
   4.3437910e+06   4.9133301e+01
   4.3438040e+06   5.2124023e+01
   4.3438280e+06   5.1025391e+01
   4.3438500e+06   4.3334961e+01
   4.3438680e+06   3.9245605e+01
   4.3438850e+06   4.0649414e+01
   4.3577550e+06   7.6965332e+01
   4.3577800e+06   4.4799805e+01
   4.3578050e+06   6.5368652e+01
   4.3578210e+06   3.8085938e+01
   4.3579090e+06   4.1748047e+01
   4.3698990e+06   5.6640625e+01
   4.3699540e+06   4.4189453e+01
   4.3699710e+06   4.3640137e+01
   4.3699910e+06   4.5410156e+01
   4.3705280e+06   5.3466797e+01
   4.3826370e+06   6.1645508e+01
   4.3826550e+06   3.7719727e+01
   4.3827460e+06   3.9611816e+01
   4.3951420e+06   6.6162109e+01
   4.3952420e+06   3.8513184e+01
   4.3956250e+06   4.3762207e+01
   4.4076090e+06   6.0791016e+01
   4.4078530e+06   4.6569824e+01
   4.4201690e+06   6.3781738e+01
   4.4334740e+06   4.5593262e+01
   4.5396540e+06   3.7170410e+01
   4.5422630e+06   3.7231445e+01
   4.5484750e+06   3.7414551e+01
   4.5531490e+06   3.9306641e+01
   4.5754780e+06   4.3273926e+01
   4.5903850e+06   3.7109375e+01
   4.5926230e+06   3.7841797e+01
   4.6002560e+06   3.8146973e+01
   4.6151600e+06   3.9550781e+01
   4.6215290e+06   3.8452148e+01
   4.6280570e+06   3.7414551e+01
   4.6329520e+06   3.9611816e+01
   4.6360590e+06   3.7963867e+01
   4.6384910e+06   4.1259766e+01
   4.6468330e+06   3.8818359e+01
   4.6595280e+06   3.8330078e+01
   4.6727560e+06   3.9672852e+01
   4.6871000e+06   4.0344238e+01
   4.6981590e+06   4.3151855e+01
   4.7239960e+06   3.8574219e+01
   4.8063610e+06   3.8757324e+01
   4.8094760e+06   4.2785645e+01
   4.8218500e+06   4.6203613e+01
   4.8255480e+06   4.1870117e+01
   4.8512020e+06   3.9245605e+01
   4.8588780e+06   4.0222168e+01
   4.8703050e+06   3.7414551e+01
   4.8960660e+06   4.0283203e+01
   4.9002670e+06   3.9123535e+01
   4.9076060e+06   3.8146973e+01
   4.9091600e+06   4.1198730e+01
   4.9162840e+06   3.8879395e+01
   4.9220310e+06   3.8208008e+01
   4.9287610e+06   4.5410156e+01
   4.9343940e+06   3.7963867e+01
   4.9457580e+06   4.3762207e+01
   4.9586420e+06   3.7292480e+01
   4.9750930e+06   4.1748047e+01
   4.9772760e+06   3.7353516e+01
   4.9776110e+06   3.9611816e+01
   4.9776490e+06   5.0903320e+01
   4.9884220e+06   3.7963867e+01
   5.0038510e+06   3.8757324e+01
   5.0099850e+06   4.3518066e+01
   5.0321770e+06   4.1320801e+01
   5.0429210e+06   4.0039063e+01
   5.0464370e+06   3.8513184e+01
   5.0548370e+06   4.3395996e+01
   5.0608580e+06   3.9428711e+01
   5.0631560e+06   3.7902832e+01
   5.0656030e+06   4.3823242e+01
   5.0758600e+06   3.7292480e+01
   5.0912300e+06   4.0710449e+01
   5.1097630e+06   3.7109375e+01
   5.1399000e+06   3.9306641e+01
   5.1423680e+06   3.7292480e+01
   5.1462810e+06   5.3649902e+01
   5.1466950e+06   4.7546387e+01
   5.1548700e+06   3.7292480e+01
   5.1583060e+06   5.0476074e+01
   5.1619430e+06   4.5715332e+01
   5.1683940e+06   4.0649414e+01
   5.1735980e+06   3.9489746e+01
   5.2134020e+06   3.7536621e+01
   5.2445040e+06   4.0222168e+01
   5.2463280e+06   4.6752930e+01
   5.2944720e+06   4.2358398e+01
   5.2956680e+06   6.3110352e+01
   5.2961820e+06   3.8024902e+01
   5.3050760e+06   4.0466309e+01
   5.3604860e+06   4.1198730e+01
   5.4028010e+06   3.9001465e+01
   5.4053130e+06   3.7536621e+01
   5.4222260e+06   4.0222168e+01
   5.4310110e+06   4.1381836e+01
   5.4589720e+06   3.9123535e+01
   5.4616680e+06   4.2663574e+01
   5.4867620e+06   4.8889160e+01
   5.4878530e+06   5.6030273e+01
   5.4880360e+06   6.3476563e+01
   5.4964040e+06   4.4128418e+01
   5.5138620e+06   4.1687012e+01
   5.5289070e+06   4.5898438e+01
   5.5558690e+06   5.2185059e+01
   5.5586780e+06   3.8696289e+01
   5.5819300e+06   3.7292480e+01
   5.5836600e+06   4.3457031e+01
   5.5837110e+06   3.8635254e+01
   5.5837500e+06   4.5104980e+01
   5.5858010e+06   4.6142578e+01
   5.5912360e+06   5.3344727e+01
   5.6264970e+06   5.6335449e+01
   5.6366130e+06   4.5227051e+01
   5.6491090e+06   5.2795410e+01
   5.6571270e+06   3.7292480e+01
   5.6731320e+06   3.7658691e+01
   5.6755670e+06   3.8330078e+01
   5.6844860e+06   3.8208008e+01
   5.6872230e+06   4.2175293e+01
   5.7003520e+06   4.0100098e+01
   5.7043550e+06   5.7495117e+01
   5.7048000e+06   4.3457031e+01
   5.7092600e+06   4.2297363e+01
   5.7219340e+06   4.0954590e+01
   5.7245950e+06   4.2602539e+01
   5.7295420e+06   3.9489746e+01
   5.7357640e+06   4.0771484e+01
   5.7481520e+06   5.6335449e+01
   5.7540370e+06   3.8940430e+01
   5.7604280e+06   4.0100098e+01
   5.7669550e+06   3.8452148e+01
   5.7766130e+06   4.2114258e+01
   5.7820330e+06   5.1635742e+01
   5.7832950e+06   4.8889160e+01
   5.7947630e+06   3.8208008e+01
   5.7975680e+06   4.5532227e+01
   5.8145020e+06   3.7414551e+01
   5.8417930e+06   3.8757324e+01
   5.8608900e+06   4.0161133e+01
   5.8815540e+06   4.4250488e+01
   5.8936100e+06   3.7719727e+01
   5.9028890e+06   4.0405273e+01
   5.9097400e+06   3.8391113e+01
   5.9338040e+06   4.3823242e+01
   5.9362060e+06   4.1137695e+01
   5.9368620e+06   3.8574219e+01
   5.9368830e+06   5.9997559e+01
   5.9384170e+06   4.8828125e+01
   5.9454040e+06   3.8208008e+01
   5.9511320e+06   3.9062500e+01
   5.9562820e+06   3.9062500e+01
   5.9798750e+06   4.0893555e+01
   5.9825520e+06   3.9550781e+01
   6.0235770e+06   3.8879395e+01
   6.0270650e+06   3.8574219e+01
   6.0307960e+06   4.5532227e+01
   6.0629830e+06   4.0832520e+01
   6.0667030e+06   3.8635254e+01
   6.0747610e+06   3.7719727e+01
   6.0823270e+06   5.1940918e+01
   6.0836230e+06   3.7719727e+01
   6.0839040e+06   3.9123535e+01
   6.0839230e+06   3.7658691e+01
   6.1058960e+06   4.6264648e+01
   6.1241530e+06   3.9489746e+01
   6.1301240e+06   3.7719727e+01
   6.1364030e+06   4.1259766e+01
   6.1418590e+06   4.4372559e+01
   6.1708740e+06   3.7841797e+01
   6.1783850e+06   3.8330078e+01
   6.1863230e+06   3.9611816e+01
   6.2030350e+06   3.9123535e+01
   6.2416650e+06   5.0842285e+01
   6.2526120e+06   3.7536621e+01
   6.2546540e+06   3.8269043e+01
   6.2803470e+06   3.9794922e+01
   6.3080060e+06   3.9184570e+01
   6.3328210e+06   4.4067383e+01
   6.3389530e+06   4.2846680e+01
   6.3474030e+06   3.8879395e+01
   6.3760170e+06   5.6274414e+01
   6.4047950e+06   3.8757324e+01
   6.4300520e+06   4.3273926e+01
   6.4453090e+06   3.8879395e+01
   6.4542880e+06   4.3457031e+01
   6.4962950e+06   4.4311523e+01
   6.5033840e+06   3.8269043e+01
   6.5214940e+06   4.0100098e+01
   6.5317250e+06   4.1320801e+01
   6.5335720e+06   5.6762695e+01
   6.5337930e+06   6.2683105e+01
   6.5338100e+06   4.4799805e+01
   6.5411020e+06   5.5114746e+01
   6.5674350e+06   3.9428711e+01
   6.5705500e+06   4.8461914e+01
   6.5901450e+06   5.3283691e+01
   6.5951330e+06   3.8391113e+01
   6.6141850e+06   3.7719727e+01
   6.6207970e+06   3.7963867e+01
   6.6525630e+06   3.8085938e+01
   6.6891040e+06   3.7719727e+01
   6.7036960e+06   3.8208008e+01
   6.7457890e+06   4.4555664e+01
   6.7514540e+06   4.0893555e+01
   6.7730810e+06   3.9367676e+01
   6.7775040e+06   3.8879395e+01
   6.7792090e+06   4.3701172e+01
   6.7910660e+06   3.7292480e+01
   6.8065190e+06   3.7597656e+01
   6.8253830e+06   3.9489746e+01
   6.8300450e+06   3.8635254e+01
   6.8301590e+06   5.1635742e+01
   6.8426090e+06   5.1208496e+01
   6.8434560e+06   4.3762207e+01
   6.8799310e+06   4.2602539e+01
   6.8822960e+06   3.9672852e+01
   6.8924370e+06   3.7902832e+01
   6.9144250e+06   4.1015625e+01
   6.9325430e+06   3.8940430e+01
   6.9373730e+06   3.8940430e+01
   6.9422270e+06   3.9672852e+01
   6.9422570e+06   5.3039551e+01
   6.9422980e+06   4.2724609e+01
   6.9428840e+06   4.2297363e+01
   6.9429080e+06   4.8217773e+01
   6.9490630e+06   4.0771484e+01
   6.9518550e+06   4.3762207e+01
   6.9527380e+06   3.9306641e+01
   6.9627430e+06   3.9306641e+01
   6.9920710e+06   4.6936035e+01
   6.9920930e+06   6.2744141e+01
   7.0061900e+06   3.7414551e+01
   7.0466480e+06   4.1015625e+01
   7.0670610e+06   4.4067383e+01
   7.0676650e+06   3.8208008e+01
   7.0682350e+06   4.4616699e+01
   7.0682660e+06   7.5988770e+01
   7.0683070e+06   4.3762207e+01
   7.0690040e+06   3.7292480e+01
   7.0952910e+06   5.3588867e+01
   7.0991450e+06   4.3212891e+01
   7.1019280e+06   5.7800293e+01
   7.1097720e+06   4.7241211e+01
   7.1102320e+06   5.2246094e+01
   7.1113310e+06   3.7963867e+01
   7.1450580e+06   4.0466309e+01
   7.1489280e+06   4.1198730e+01
   7.1524500e+06   5.4077148e+01
   7.1526450e+06   5.3527832e+01
   7.1531150e+06   4.3579102e+01
   7.1544020e+06   3.7536621e+01
   7.1544300e+06   5.8349609e+01
   7.1549170e+06   4.5410156e+01
   7.1550660e+06   4.2663574e+01
   7.1619340e+06   3.7292480e+01
   7.1731560e+06   4.4372559e+01
   7.1740250e+06   4.7790527e+01
   7.1754400e+06   3.7231445e+01
   7.1787150e+06   3.9184570e+01
   7.1830440e+06   5.0964355e+01
   7.2031330e+06   5.6091309e+01
   7.2160230e+06   4.5166016e+01
   7.2187570e+06   4.1442871e+01
   7.2332850e+06   4.2236328e+01
   7.2781570e+06   3.7963867e+01
   7.2805840e+06   4.6325684e+01
   7.2918510e+06   5.1391602e+01
   7.3032820e+06   4.4982910e+01
   7.3154870e+06   3.8818359e+01
   7.3318460e+06   3.7292480e+01
   7.3320620e+06   5.6152344e+01
   7.3321040e+06   3.9428711e+01
   7.3438370e+06   3.7780762e+01
   7.3477420e+06   4.1564941e+01
   7.3652880e+06   4.0527344e+01
   7.3752250e+06   4.0771484e+01
   7.3848550e+06   4.1137695e+01
   7.4043810e+06   4.0283203e+01
   7.4107840e+06   3.9184570e+01
   7.4171720e+06   3.7597656e+01
   7.4174940e+06   5.8349609e+01
   7.4273590e+06   3.7841797e+01
   7.4490170e+06   4.0710449e+01
   7.4536150e+06   4.0954590e+01
   7.4655700e+06   4.7058105e+01
   7.4891180e+06   4.0893555e+01
   7.5038470e+06   4.2358398e+01
   7.5330330e+06   4.1748047e+01
   7.5468410e+06   3.8879395e+01
   7.5477490e+06   5.5114746e+01
   7.5623980e+06   4.3762207e+01
   7.5725270e+06   3.8940430e+01
   7.5907180e+06   4.4860840e+01
   7.5916710e+06   6.1340332e+01
   7.5920050e+06   3.8146973e+01
   7.5920160e+06   4.8278809e+01
   7.5922830e+06   3.8269043e+01
   7.5923860e+06   3.7780762e+01
   7.6003790e+06   3.8879395e+01
   7.6421050e+06   4.4433594e+01
   7.6422010e+06   3.7353516e+01
   7.6427660e+06   4.0588379e+01
   7.6428240e+06   5.0659180e+01
   7.6428940e+06   4.9133301e+01
   7.6493220e+06   3.8696289e+01
   7.6610600e+06   4.1870117e+01
   7.6654860e+06   3.7231445e+01
   7.6719840e+06   3.7780762e+01
   7.6742130e+06   4.5227051e+01
   7.6749130e+06   4.7058105e+01
   7.6752540e+06   3.7475586e+01
   7.6754870e+06   3.9367676e+01
   7.6816100e+06   3.9184570e+01
   7.6838580e+06   4.0222168e+01
   7.6860690e+06   3.8330078e+01
   7.6958040e+06   4.8339844e+01
   7.7253250e+06   3.7475586e+01
   7.7433710e+06   3.8085938e+01
   7.8432780e+06   3.9855957e+01
   7.8799190e+06   3.8269043e+01
   7.8894570e+06   4.8400879e+01
   7.9044700e+06   3.9367676e+01
   7.9209310e+06   4.4006348e+01
   7.9323400e+06   3.7231445e+01
   7.9390350e+06   4.2846680e+01
   7.9490820e+06   3.9733887e+01
   7.9686030e+06   3.7963867e+01
   7.9698110e+06   4.2419434e+01
   7.9751300e+06   4.0466309e+01
   8.0066490e+06   4.0466309e+01
   8.0281530e+06   4.2541504e+01
   8.0332340e+06   4.1748047e+01
   8.0348090e+06   3.7475586e+01
   8.1028500e+06   3.8452148e+01
   8.1102350e+06   4.0893555e+01
   8.1840560e+06   4.7668457e+01
   8.2005450e+06   3.8696289e+01
   8.2206310e+06   3.8940430e+01
   8.2225740e+06   4.1442871e+01
   8.2539490e+06   4.4067383e+01
   8.2632480e+06   4.5104980e+01
   8.2983510e+06   3.8757324e+01
   8.3089500e+06   5.0842285e+01
   8.3642910e+06   4.1748047e+01
   8.3700330e+06   4.0222168e+01
   8.3774350e+06   4.2358398e+01
   8.3866620e+06   3.7841797e+01
   8.4050510e+06   4.4250488e+01
   8.4447660e+06   4.2602539e+01
   8.4521310e+06   4.4128418e+01
   8.4711350e+06   4.6752930e+01
   8.5118550e+06   3.8452148e+01
   8.5481490e+06   4.4250488e+01
   8.5628580e+06   4.0893555e+01
   8.5641070e+06   4.2175293e+01
   8.5722370e+06   4.5104980e+01
   8.6074580e+06   3.8452148e+01
   8.6651730e+06   3.7109375e+01
   8.6886310e+06   3.9123535e+01
   8.7092190e+06   4.1931152e+01
   8.7608370e+06   4.0405273e+01
   8.7627920e+06   4.1625977e+01
   8.7692210e+06   3.7109375e+01
   8.8020100e+06   4.0710449e+01
   8.8206780e+06   4.4250488e+01
   8.8391550e+06   4.1992188e+01
   8.8479350e+06   3.9245605e+01
   8.8906830e+06   3.7841797e+01
   8.9125530e+06   3.8330078e+01
   8.9192650e+06   4.6875000e+01
   8.9306350e+06   4.1992188e+01
   8.9449940e+06   3.7780762e+01
   8.9782470e+06   4.0893555e+01
   8.9936320e+06   4.0100098e+01
   9.0056150e+06   4.0832520e+01
   9.0072460e+06   4.3029785e+01
   9.0333950e+06   3.8757324e+01
   9.0414400e+06   4.2236328e+01
   9.0719010e+06   3.8574219e+01
   9.0918820e+06   3.7170410e+01
   9.1112620e+06   4.1015625e+01
   9.1162550e+06   4.5837402e+01
   9.1218850e+06   3.8757324e+01
   9.1279140e+06   4.4067383e+01
   9.1542310e+06   4.1931152e+01
   9.1825910e+06   4.0588379e+01
   9.1886930e+06   3.8452148e+01
   9.2039710e+06   4.2053223e+01
   9.2061680e+06   4.5227051e+01
   9.2124960e+06   3.8818359e+01
   9.2473140e+06   4.1870117e+01
   9.2588840e+06   4.4860840e+01
   9.3175170e+06   4.2785645e+01
   9.3268810e+06   3.7597656e+01
   9.3553380e+06   3.7597656e+01
   9.3655550e+06   4.2236328e+01
   9.3709860e+06   3.8085938e+01
   9.3906740e+06   3.8330078e+01
   9.4240160e+06   4.0161133e+01
   9.4468660e+06   3.7414551e+01
   9.4471070e+06   3.9428711e+01
   9.4481630e+06   4.6813965e+01
   9.4830900e+06   4.0283203e+01
   9.5028390e+06   3.9001465e+01
   9.5214640e+06   3.7719727e+01
   9.5375890e+06   4.0039063e+01
   9.5399530e+06   3.7109375e+01
   9.5447310e+06   5.9631348e+01
   9.5507050e+06   3.9428711e+01
   9.5744270e+06   3.7475586e+01
   9.6358560e+06   4.2785645e+01
   9.6838770e+06   4.7058105e+01
   9.7054500e+06   4.3701172e+01
   9.7165090e+06   4.0771484e+01
   9.7292110e+06   3.8513184e+01
   9.7324910e+06   4.1748047e+01
   9.7622960e+06   3.7109375e+01
   9.7717080e+06   3.7902832e+01
   9.7823850e+06   4.0344238e+01
   9.8324280e+06   4.2602539e+01
   9.8645740e+06   3.7780762e+01
   9.8688780e+06   3.8269043e+01
   9.8701080e+06   3.7536621e+01
   9.8775370e+06   4.4616699e+01
   9.8858480e+06   4.1320801e+01
   9.9205630e+06   4.6264648e+01
   9.9232430e+06   4.1931152e+01
   9.9325240e+06   3.8146973e+01
   9.9495450e+06   4.1198730e+01
   9.9621240e+06   3.7109375e+01
   9.9755920e+06   3.7536621e+01
   9.9798850e+06   3.7536621e+01
   1.0005686e+07   4.4616699e+01
   1.0007534e+07   4.3823242e+01
   1.0046152e+07   5.2429199e+01
   1.0060883e+07   3.8391113e+01
   1.0067386e+07   4.4189453e+01
   1.0071291e+07   4.2114258e+01
   1.0087796e+07   3.7963867e+01
   1.0119315e+07   4.1809082e+01
   1.0145280e+07   3.9123535e+01
   1.0191740e+07   3.7170410e+01
   1.0275111e+07   3.8208008e+01
   1.0308099e+07   3.8330078e+01
   1.0367002e+07   3.9978027e+01
   1.0367019e+07   3.7902832e+01
   1.0377387e+07   4.3212891e+01
   1.0419135e+07   5.1513672e+01
   1.0426601e+07   3.7963867e+01
   1.0466497e+07   3.9489746e+01
   1.0478096e+07   3.8208008e+01
   1.0498966e+07   4.5043945e+01
   1.0523897e+07   4.3823242e+01
   1.0559660e+07   3.8940430e+01
   1.0579188e+07   3.7780762e+01
   1.0587940e+07   3.8513184e+01
   1.0611878e+07   3.7231445e+01
   1.0617326e+07   3.8940430e+01
   1.0621184e+07   3.8818359e+01
   1.0638734e+07   3.8391113e+01
   1.0661842e+07   4.2724609e+01
   1.0669448e+07   4.3457031e+01
   1.0677832e+07   4.1137695e+01
   1.0688805e+07   3.8879395e+01
   1.0766985e+07   3.9123535e+01
   1.0767230e+07   4.7241211e+01
   1.0793256e+07   3.8085938e+01
   1.0796199e+07   3.7719727e+01
   1.0803048e+07   3.9245605e+01
   1.0814278e+07   4.2663574e+01
   1.0820803e+07   3.9489746e+01
   1.0839983e+07   3.9428711e+01
   1.0859539e+07   3.9978027e+01
   1.0889908e+07   3.7597656e+01
   1.0899649e+07   4.8706055e+01
   1.0909761e+07   3.7353516e+01
   1.0929291e+07   3.9550781e+01
   1.0949244e+07   3.8635254e+01
   1.0984983e+07   3.8391113e+01
   1.0993527e+07   4.4921875e+01
   1.0996303e+07   4.0832520e+01
   1.1004466e+07   4.0649414e+01
   1.1019759e+07   3.9672852e+01
   1.1038567e+07   4.1809082e+01
   1.1041264e+07   3.8696289e+01
   1.1059832e+07   3.9855957e+01
   1.1078407e+07   3.8085938e+01
   1.1088265e+07   5.6701660e+01
   1.1089027e+07   3.8208008e+01
   1.1097345e+07   3.7231445e+01
   1.1106521e+07   3.8208008e+01
   1.1106816e+07   3.7475586e+01
   1.1134462e+07   5.5786133e+01
   1.1134488e+07   4.0710449e+01
   1.1143573e+07   4.3762207e+01
   1.1143727e+07   3.7841797e+01
   1.1143805e+07   3.8024902e+01
   1.1153392e+07   3.8146973e+01
   1.1161918e+07   4.0161133e+01
   1.1188764e+07   3.9367676e+01
   1.1188795e+07   4.1687012e+01
   1.1188898e+07   4.3579102e+01
   1.1198332e+07   5.0292969e+01
   1.1215228e+07   5.3771973e+01
   1.1215492e+07   4.8095703e+01
   1.1232984e+07   6.3842773e+01
   1.1233099e+07   4.0039063e+01
   1.1241820e+07   4.6569824e+01
   1.1250383e+07   3.8452148e+01
   1.1250405e+07   5.5297852e+01
   1.1259229e+07   5.6762695e+01
   1.1259335e+07   5.6396484e+01
   1.1268002e+07   5.9265137e+01
   1.1268183e+07   4.2480469e+01
   1.1275920e+07   3.8757324e+01
   1.1275968e+07   5.6335449e+01
   1.1276272e+07   4.8645020e+01
   1.1284546e+07   6.2927246e+01
   1.1284641e+07   3.9672852e+01
   1.1284715e+07   4.6691895e+01
   1.1292823e+07   4.9194336e+01
   1.1292941e+07   5.0781250e+01
   1.1301263e+07   5.6091309e+01
   1.1301457e+07   3.8330078e+01
   1.1309180e+07   5.5175781e+01
   1.1309245e+07   5.0659180e+01
   1.1309300e+07   6.1218262e+01
   1.1309371e+07   4.6508789e+01
   1.1317941e+07   7.5073242e+01
   1.1318034e+07   3.9733887e+01
   1.1318050e+07   3.9245605e+01
   1.1318116e+07   4.1259766e+01
   1.1325685e+07   5.4321289e+01
   1.1326276e+07   5.6274414e+01
   1.1333181e+07   3.9978027e+01
   1.1333317e+07   4.6203613e+01
   1.1333416e+07   4.2846680e+01
   1.1333465e+07   4.2541504e+01
   1.1341382e+07   5.3161621e+01
   1.1341522e+07   3.8940430e+01
   1.1341553e+07   4.1809082e+01
   1.1349700e+07   5.5786133e+01
   1.1349855e+07   5.7800293e+01
   1.1349906e+07   4.1931152e+01
   1.1349997e+07   4.1503906e+01
   1.1357590e+07   5.7617188e+01
   1.1357689e+07   4.4250488e+01
   1.1357745e+07   3.9855957e+01
   1.1357767e+07   4.0954590e+01
   1.1357786e+07   4.4372559e+01
   1.1358100e+07   4.1015625e+01
   1.1365882e+07   5.1818848e+01
   1.1365930e+07   4.8156738e+01
   1.1365947e+07   6.6772461e+01
   1.1366014e+07   3.9978027e+01
   1.1366039e+07   3.7231445e+01
   1.1366073e+07   3.7414551e+01
   1.1373128e+07   5.4504395e+01
   1.1373143e+07   4.4616699e+01
   1.1373227e+07   5.0170898e+01
   1.1373303e+07   4.6875000e+01
   1.1373381e+07   4.1992188e+01
   1.1381081e+07   6.6528320e+01
   1.1381150e+07   4.6447754e+01
   1.1381289e+07   4.3151855e+01
   1.1381313e+07   3.9245605e+01
   1.1381353e+07   5.2978516e+01
   1.1381896e+07   3.7902832e+01
   1.1389382e+07   5.1757813e+01
   1.1389459e+07   5.7800293e+01
   1.1389508e+07   4.1503906e+01
   1.1389623e+07   3.9794922e+01
   1.1389637e+07   4.2175293e+01
   1.1389847e+07   4.2358398e+01
   1.1397374e+07   5.1330566e+01
   1.1397416e+07   3.7902832e+01
   1.1397447e+07   4.0832520e+01
   1.1397622e+07   4.4738770e+01
   1.1397947e+07   3.8513184e+01
   1.1406174e+07   5.1513672e+01
   1.1406356e+07   3.9855957e+01
   1.1406549e+07   4.3823242e+01
   1.1406728e+07   3.9489746e+01
   1.1413142e+07   5.0720215e+01
   1.1413201e+07   3.7231445e+01
   1.1413229e+07   3.7902832e+01
   1.1413335e+07   3.7231445e+01
   1.1413350e+07   4.4311523e+01
   1.1414256e+07   3.9245605e+01
   1.1419654e+07   4.8522949e+01
   1.1419887e+07   3.8635254e+01
   1.1426835e+07   4.6997070e+01
   1.1426893e+07   3.7536621e+01
   1.1427018e+07   3.7414551e+01
   1.1427054e+07   3.9611816e+01
   1.1434923e+07   5.5908203e+01
   1.1434971e+07   4.7363281e+01
   1.1434984e+07   3.9184570e+01
   1.1435025e+07   3.9672852e+01
   1.1435048e+07   4.1442871e+01
   1.1435101e+07   6.1767578e+01
   1.1443367e+07   5.6518555e+01
   1.1443423e+07   5.8532715e+01
   1.1443486e+07   4.9743652e+01
   1.1443502e+07   3.7658691e+01
   1.1443551e+07   3.9367676e+01
   1.1443632e+07   4.2480469e+01
   1.1450371e+07   6.5856934e+01
   1.1450447e+07   4.4189453e+01
   1.1450569e+07   3.8635254e+01
   1.1457850e+07   4.1076660e+01
   1.1457965e+07   3.9062500e+01
   1.1457991e+07   4.2114258e+01
   1.1458022e+07   3.8513184e+01
   1.1458096e+07   4.1137695e+01
   1.1458132e+07   5.7983398e+01
   1.1466189e+07   6.0852051e+01
   1.1466294e+07   5.1330566e+01
   1.1466326e+07   4.2541504e+01
   1.1466423e+07   5.0903320e+01
   1.1473721e+07   5.3649902e+01
   1.1473764e+07   5.2001953e+01
   1.1473784e+07   5.9082031e+01
   1.1473836e+07   3.8696289e+01
   1.1473877e+07   4.2907715e+01
   1.1473911e+07   3.9916992e+01
   1.1481690e+07   4.0893555e+01
   1.1481743e+07   4.1503906e+01
   1.1481766e+07   5.1452637e+01
   1.1481793e+07   4.0100098e+01
   1.1481827e+07   4.2358398e+01
   1.1481853e+07   3.9123535e+01
   1.1481889e+07   3.8391113e+01
   1.1489784e+07   5.9509277e+01
   1.1489829e+07   4.4921875e+01
   1.1489871e+07   4.3701172e+01
   1.1489915e+07   3.9245605e+01
   1.1489938e+07   4.9255371e+01
   1.1490004e+07   3.7780762e+01
   1.1490132e+07   3.7841797e+01
   1.1490187e+07   4.0527344e+01
   1.1498936e+07   4.7058105e+01
   1.1498955e+07   5.1635742e+01
   1.1499007e+07   3.7902832e+01
   1.1499038e+07   3.7414551e+01
   1.1499065e+07   3.9367676e+01
   1.1499095e+07   5.3344727e+01
   1.1499125e+07   4.6081543e+01
   1.1506179e+07   4.1992188e+01
   1.1506209e+07   4.2907715e+01
   1.1506299e+07   3.8940430e+01
   1.1506334e+07   4.0161133e+01
   1.1506394e+07   4.0527344e+01
   1.1513334e+07   5.0048828e+01
   1.1513379e+07   4.8339844e+01
   1.1513408e+07   4.6813965e+01
   1.1513438e+07   3.8513184e+01
   1.1513468e+07   4.1137695e+01
   1.1513479e+07   5.0048828e+01
   1.1513558e+07   4.1198730e+01
   1.1520622e+07   3.7902832e+01
   1.1520667e+07   4.6569824e+01
   1.1520696e+07   4.6386719e+01
   1.1520751e+07   4.2724609e+01
   1.1520777e+07   6.1584473e+01
   1.1528340e+07   4.7424316e+01
   1.1528429e+07   4.7790527e+01
   1.1535371e+07   4.2175293e+01
   1.1535421e+07   5.5969238e+01
   1.1535437e+07   4.3273926e+01
   1.1535447e+07   4.9011230e+01
   1.1535475e+07   3.8269043e+01
   1.1535502e+07   3.8574219e+01
   1.1535544e+07   3.9184570e+01
   1.1543343e+07   4.9682617e+01
   1.1543410e+07   5.1147461e+01
   1.1543421e+07   5.3344727e+01
   1.1543438e+07   3.9611816e+01
   1.1543503e+07   6.0058594e+01
   1.1543549e+07   4.3701172e+01
   1.1543607e+07   3.7231445e+01
   1.1549295e+07   5.1269531e+01
   1.1549337e+07   3.7536621e+01
   1.1549369e+07   4.0405273e+01
   1.1549399e+07   4.1015625e+01
   1.1549417e+07   4.1320801e+01
   1.1549468e+07   3.8513184e+01
   1.1555268e+07   4.8461914e+01
   1.1555316e+07   5.4199219e+01
   1.1555335e+07   4.3884277e+01
   1.1555361e+07   3.9611816e+01
   1.1555453e+07   4.2114258e+01
   1.1561348e+07   4.8339844e+01
   1.1561405e+07   5.3100586e+01
   1.1561417e+07   5.2612305e+01
   1.1561431e+07   3.9794922e+01
   1.1561459e+07   5.4626465e+01
   1.1561478e+07   3.8269043e+01
   1.1561498e+07   4.9926758e+01
   1.1561552e+07   4.0527344e+01
   1.1567783e+07   3.9123535e+01
   1.1567837e+07   5.6091309e+01
   1.1567854e+07   4.5715332e+01
   1.1567929e+07   4.9011230e+01
   1.1567960e+07   4.1259766e+01
   1.1568000e+07   4.8278809e+01
   1.1574339e+07   3.9611816e+01
   1.1574357e+07   3.8513184e+01
   1.1574384e+07   5.5053711e+01
   1.1574395e+07   5.6335449e+01
   1.1574428e+07   4.4677734e+01
   1.1574445e+07   3.8146973e+01
   1.1574470e+07   4.2724609e+01
   1.1580903e+07   3.8818359e+01
   1.1580948e+07   4.1076660e+01
   1.1580963e+07   5.1269531e+01
   1.1580986e+07   4.8645020e+01
   1.1581137e+07   3.9123535e+01
   1.1587617e+07   4.4494629e+01
   1.1587655e+07   5.6274414e+01
   1.1587674e+07   3.7109375e+01
   1.1587697e+07   3.7719727e+01
   1.1587713e+07   4.5471191e+01
   1.1587742e+07   4.9621582e+01
   1.1587818e+07   4.2358398e+01
   1.1594210e+07   4.4128418e+01
   1.1594222e+07   4.0283203e+01
   1.1594243e+07   5.4199219e+01
   1.1594254e+07   3.8879395e+01
   1.1594289e+07   4.4677734e+01
   1.1594331e+07   4.1503906e+01
   1.1600927e+07   4.0100098e+01
   1.1600954e+07   4.2297363e+01
   1.1600980e+07   4.9804688e+01
   1.1601003e+07   3.8085938e+01
   1.1601032e+07   5.8227539e+01
   1.1601086e+07   4.5471191e+01
   1.1607444e+07   4.3334961e+01
   1.1607491e+07   3.9978027e+01
   1.1607505e+07   4.1137695e+01
   1.1607518e+07   4.3884277e+01
   1.1607558e+07   5.6640625e+01
   1.1607599e+07   4.0283203e+01
   1.1607641e+07   4.4982910e+01
   1.1607656e+07   4.0466309e+01
   1.1613411e+07   4.3457031e+01
   1.1613474e+07   6.6284180e+01
   1.1613484e+07   4.5410156e+01
   1.1613543e+07   5.2856445e+01
   1.1620136e+07   3.7780762e+01
   1.1620155e+07   4.1809082e+01
   1.1620181e+07   5.8654785e+01
   1.1620201e+07   4.9499512e+01
   1.1620221e+07   4.9804688e+01
   1.1625143e+07   3.7780762e+01
   1.1625181e+07   4.4433594e+01
   1.1625215e+07   4.7729492e+01
   1.1630074e+07   3.7414551e+01
   1.1630230e+07   4.8889160e+01
   1.1630253e+07   4.1198730e+01
   1.1630300e+07   3.8757324e+01
   1.1630338e+07   4.2663574e+01
   1.1630354e+07   4.4006348e+01
   1.1636448e+07   4.3273926e+01
   1.1636466e+07   4.2724609e+01
   1.1636487e+07   4.1076660e+01
   1.1636499e+07   3.8635254e+01
   1.1636525e+07   4.8217773e+01
   1.1636560e+07   4.4494629e+01
   1.1636672e+07   3.7780762e+01
   1.1642653e+07   4.6081543e+01
   1.1642696e+07   7.7819824e+01
   1.1642709e+07   3.8452148e+01
   1.1642723e+07   3.9062500e+01
   1.1642763e+07   5.7800293e+01
   1.1648113e+07   3.7475586e+01
   1.1648168e+07   3.9733887e+01
   1.1648191e+07   4.3518066e+01
   1.1648203e+07   6.3781738e+01
   1.1648269e+07   4.1931152e+01
   1.1648285e+07   4.1442871e+01
   1.1648416e+07   3.7170410e+01
   1.1654686e+07   4.6203613e+01
   1.1654724e+07   4.4311523e+01
   1.1654746e+07   7.2387695e+01
   1.1654777e+07   4.2114258e+01
   1.1654811e+07   4.0100098e+01
   1.1660832e+07   4.1992188e+01
   1.1660874e+07   5.8654785e+01
   1.1660889e+07   4.6508789e+01
   1.1660908e+07   4.1198730e+01
   1.1660989e+07   4.8583984e+01
   1.1661075e+07   4.1931152e+01
   1.1666174e+07   4.5471191e+01
   1.1666233e+07   3.7170410e+01
   1.1666251e+07   4.5471191e+01
   1.1666266e+07   4.2480469e+01
   1.1666332e+07   4.5349121e+01
   1.1672191e+07   4.6569824e+01
   1.1672211e+07   4.4372559e+01
   1.1672265e+07   4.4677734e+01
   1.1678826e+07   4.3518066e+01
   1.1678846e+07   6.4514160e+01
   1.1678867e+07   4.0832520e+01
   1.1678886e+07   4.0771484e+01
   1.1678902e+07   4.6508789e+01
   1.1678970e+07   3.8391113e+01
   1.1684437e+07   3.7231445e+01
   1.1684460e+07   3.8513184e+01
   1.1684476e+07   4.9926758e+01
   1.1684491e+07   3.7658691e+01
   1.1684523e+07   4.4128418e+01
   1.1684552e+07   3.8757324e+01
   1.1684587e+07   3.9184570e+01
   1.1689966e+07   4.7302246e+01
   1.1690008e+07   7.5683594e+01
   1.1690025e+07   5.4260254e+01
   1.1690087e+07   3.9916992e+01
   1.1690098e+07   3.8208008e+01
   1.1695131e+07   4.6020508e+01
   1.1695160e+07   4.0100098e+01
   1.1695196e+07   5.7434082e+01
   1.1695230e+07   3.8757324e+01
   1.1695308e+07   4.1992188e+01
   1.1700427e+07   4.0466309e+01
   1.1700454e+07   4.3640137e+01
   1.1700483e+07   3.9672852e+01
   1.1700559e+07   4.5043945e+01
   1.1706735e+07   4.0344238e+01
   1.1706777e+07   3.8635254e+01
   1.1706790e+07   6.3659668e+01
   1.1706809e+07   6.4697266e+01
   1.1712869e+07   4.8095703e+01
   1.1712881e+07   4.3579102e+01
   1.1712912e+07   4.9438477e+01
   1.1712931e+07   4.5593262e+01
   1.1719379e+07   4.2114258e+01
   1.1719406e+07   3.9611816e+01
   1.1719427e+07   5.4199219e+01
   1.1719455e+07   4.1381836e+01
   1.1719470e+07   4.4067383e+01
   1.1719490e+07   3.8879395e+01
   1.1725298e+07   4.5715332e+01
   1.1725334e+07   4.3090820e+01
   1.1725374e+07   4.9072266e+01
   1.1731937e+07   4.6447754e+01
   1.1732007e+07   3.8696289e+01
   1.1732042e+07   3.8269043e+01
   1.1732102e+07   3.8940430e+01
   1.1737943e+07   4.8156738e+01
   1.1738014e+07   4.1870117e+01
   1.1738040e+07   4.3457031e+01
   1.1743720e+07   5.0842285e+01
   1.1743787e+07   3.8574219e+01
   1.1743869e+07   4.0649414e+01
   1.1749100e+07   3.8818359e+01
   1.1749120e+07   3.7231445e+01
   1.1749148e+07   4.9255371e+01
   1.1749165e+07   4.0222168e+01
   1.1749191e+07   4.1198730e+01
   1.1749227e+07   4.0954590e+01
   1.1754766e+07   4.3945313e+01
   1.1754783e+07   4.2358398e+01
   1.1754810e+07   6.0119629e+01
   1.1754848e+07   5.2551270e+01
   1.1760661e+07   3.8269043e+01
   1.1760679e+07   4.3640137e+01
   1.1760700e+07   3.7414551e+01
   1.1760802e+07   4.3151855e+01
   1.1766838e+07   4.0466309e+01
   1.1766874e+07   6.4453125e+01
   1.1766891e+07   4.1931152e+01
   1.1766922e+07   4.0710449e+01
   1.1772749e+07   4.0039063e+01
   1.1772764e+07   6.3598633e+01
   1.1772798e+07   4.1442871e+01
   1.1772816e+07   4.0039063e+01
   1.1778630e+07   4.0527344e+01
   1.1778662e+07   7.3364258e+01
   1.1778672e+07   5.6518555e+01
   1.1778724e+07   5.1696777e+01
   1.1778763e+07   5.8410645e+01
   1.1778775e+07   4.7058105e+01
   1.1784924e+07   3.9672852e+01
   1.1784936e+07   4.2480469e+01
   1.1784962e+07   5.4809570e+01
   1.1785031e+07   4.7546387e+01
   1.1790717e+07   4.0954590e+01
   1.1790742e+07   5.9692383e+01
   1.1790755e+07   5.2185059e+01
   1.1790800e+07   3.7536621e+01
   1.1790814e+07   3.8879395e+01
   1.1790859e+07   5.1635742e+01
   1.1796286e+07   4.7302246e+01
   1.1796317e+07   5.7861328e+01
   1.1796370e+07   3.9306641e+01
   1.1796411e+07   4.1076660e+01
   1.1803050e+07   4.4921875e+01
   1.1803105e+07   3.8574219e+01
   1.1803153e+07   4.6813965e+01
   1.1809638e+07   3.7597656e+01
   1.1809665e+07   4.5104980e+01
   1.1809682e+07   4.6264648e+01
   1.1809702e+07   4.7607422e+01
   1.1809726e+07   6.2316895e+01
   1.1809793e+07   3.7170410e+01
   1.1815509e+07   4.6081543e+01
   1.1815535e+07   6.2255859e+01
   1.1815548e+07   7.1472168e+01
   1.1815561e+07   4.0832520e+01
   1.1815594e+07   4.5104980e+01
   1.1815625e+07   3.9916992e+01
   1.1815649e+07   4.1137695e+01
   1.1821627e+07   4.1687012e+01
   1.1821689e+07   4.6813965e+01
   1.1821738e+07   3.9672852e+01
   1.1828276e+07   5.0720215e+01
   1.1828306e+07   3.8879395e+01
   1.1828323e+07   6.2255859e+01
   1.1828382e+07   5.0537109e+01
   1.1834923e+07   5.4382324e+01
   1.1834944e+07   5.7495117e+01
   1.1834976e+07   4.2663574e+01
   1.1834996e+07   4.0649414e+01
   1.1835074e+07   4.1198730e+01
   1.1841457e+07   4.1687012e+01
   1.1841477e+07   4.7668457e+01
   1.1841508e+07   5.7006836e+01
   1.1841531e+07   4.8889160e+01
   1.1841549e+07   4.0161133e+01
   1.1841652e+07   4.2297363e+01
   1.1848120e+07   6.4453125e+01
   1.1848143e+07   6.5307617e+01
   1.1848154e+07   3.8391113e+01
   1.1854538e+07   5.2368164e+01
   1.1854557e+07   5.7250977e+01
   1.1854577e+07   4.5349121e+01
   1.1860691e+07   5.8776855e+01
   1.1860731e+07   7.0190430e+01
   1.1860751e+07   3.9001465e+01
   1.1860797e+07   3.7780762e+01
   1.1860849e+07   4.5349121e+01
   1.1867144e+07   4.5166016e+01
   1.1867172e+07   4.9987793e+01
   1.1867205e+07   3.7170410e+01
   1.1867237e+07   4.1625977e+01
   1.1872312e+07   5.1391602e+01
   1.1879312e+07   5.5847168e+01
   1.1879402e+07   5.0720215e+01
   1.1886010e+07   3.9245605e+01
   1.1886044e+07   4.3518066e+01
   1.1886057e+07   3.8085938e+01
   1.1892594e+07   3.9001465e+01
   1.1892614e+07   4.4006348e+01
   1.1892633e+07   4.6203613e+01
   1.1892735e+07   4.9804688e+01
   1.1892754e+07   4.0283203e+01
   1.1899096e+07   3.9001465e+01
   1.1899115e+07   4.6936035e+01
   1.1899148e+07   4.4677734e+01
   1.1899274e+07   4.1625977e+01
   1.1905889e+07   4.4250488e+01
   1.1905977e+07   3.7658691e+01
   1.1912957e+07   5.6762695e+01
   1.1912972e+07   4.0649414e+01
   1.1912998e+07   3.7719727e+01
   1.1913020e+07   5.5053711e+01
   1.1913042e+07   3.7719727e+01
   1.1920039e+07   5.5236816e+01
   1.1920071e+07   3.7597656e+01
   1.1920103e+07   4.2114258e+01
   1.1926825e+07   4.0466309e+01
   1.1926872e+07   5.0903320e+01
   1.1926885e+07   4.0771484e+01
   1.1926976e+07   3.7536621e+01
   1.1933897e+07   5.3894043e+01
   1.1933974e+07   3.8024902e+01
   1.1941052e+07   6.6772461e+01
   1.1941085e+07   5.0476074e+01
   1.1941117e+07   4.9316406e+01
   1.1948272e+07   4.0344238e+01
   1.1948287e+07   3.8757324e+01
   1.1948309e+07   5.1391602e+01
   1.1948331e+07   4.6569824e+01
   1.1955248e+07   5.2062988e+01
   1.1955283e+07   3.7719727e+01
   1.1955305e+07   5.2978516e+01
   1.1955355e+07   3.7780762e+01
   1.1962109e+07   4.4189453e+01
   1.1962151e+07   3.9489746e+01
   1.1969199e+07   5.0048828e+01
   1.1969240e+07   4.6447754e+01
   1.1969314e+07   3.7902832e+01
   1.1969337e+07   4.5776367e+01
   1.1976449e+07   4.1381836e+01
   1.1976511e+07   4.1198730e+01
   1.1976529e+07   4.5654297e+01
   1.1976619e+07   3.8757324e+01
   1.1983969e+07   5.2490234e+01
   1.1983994e+07   3.8574219e+01
   1.1984011e+07   4.3334961e+01
   1.1984031e+07   4.3029785e+01
   1.1991406e+07   4.7912598e+01
   1.1991434e+07   3.9794922e+01
   1.1991469e+07   4.2846680e+01
   1.1991592e+07   3.7597656e+01
   1.1998888e+07   5.1452637e+01
   1.1998947e+07   5.2246094e+01
   1.1998964e+07   4.4006348e+01
