   1.1999000e+07   0.0000000e+00
   6.1611000e+04   8.2885742e+01
   6.2491000e+04   3.4423828e+01
   6.2564000e+04   3.6865234e+01
   6.2575000e+04   3.6804199e+01
   6.2611000e+04   3.9184570e+01
   6.2639000e+04   1.1529541e+02
   6.2672000e+04   3.8330078e+01
   6.2777000e+04   4.6630859e+01
   6.2805000e+04   8.2031250e+01
   6.3029000e+04   4.0710449e+01
   8.8309000e+04   9.6862793e+01
   1.3767100e+05   4.3640137e+01
   1.3769600e+05   3.5095215e+01
   1.3778800e+05   3.6987305e+01
   1.3799400e+05   1.0449219e+02
   1.3818300e+05   7.8979492e+01
   1.3839600e+05   7.5805664e+01
   2.0003400e+05   9.2346191e+01
   2.1816000e+05   9.7412109e+01
   2.1818000e+05   3.6254883e+01
   2.1989400e+05   4.0588379e+01
   2.2005200e+05   3.5644531e+01
   2.2018100e+05   4.4982910e+01
   2.2025700e+05   9.0576172e+01
   2.6920100e+05   3.4973145e+01
   2.6981800e+05   1.0559082e+02
   2.7042000e+05   3.8024902e+01
   2.7046900e+05   3.6315918e+01
   2.7050600e+05   5.0109863e+01
   2.7052000e+05   3.8879395e+01
   2.7056200e+05   4.6630859e+01
   2.7058000e+05   3.5278320e+01
   2.7064400e+05   8.8256836e+01
   2.7084000e+05   5.7556152e+01
   3.0901500e+05   3.8452148e+01
   3.0945100e+05   8.6425781e+01
   3.0954200e+05   3.4240723e+01
   3.0979300e+05   5.7373047e+01
   3.2733500e+05   9.1003418e+01
   3.3816000e+05   9.9365234e+01
   3.3839100e+05   8.2885742e+01
   3.3918800e+05   8.8439941e+01
   3.7344500e+05   1.0913086e+02
   3.7363700e+05   9.3627930e+01
   3.7396400e+05   6.0058594e+01
   4.6995000e+05   9.9609375e+01
   4.9287700e+05   1.0174561e+02
   5.0789800e+05   8.2458496e+01
   5.2110300e+05   3.4912109e+01
   5.2111700e+05   3.7048340e+01
   5.2196600e+05   1.1187744e+02
   5.2232900e+05   7.4279785e+01
   5.2263400e+05   5.6823730e+01
   5.3936600e+05   3.5949707e+01
   5.4036800e+05   9.1186523e+01
   5.8631900e+05   8.6059570e+01
   5.8651000e+05   8.8989258e+01
   5.8682000e+05   6.4941406e+01
   5.8708900e+05   5.7250977e+01
   5.8740600e+05   5.4504395e+01
   5.8854200e+05   3.4973145e+01
   6.0900900e+05   3.9733887e+01
   6.4924800e+05   1.0437012e+02
   6.7107300e+05   9.9609375e+01
   6.7143700e+05   7.8430176e+01
   6.7204700e+05   3.9550781e+01
   6.7218700e+05   3.4667969e+01
   6.7224300e+05   3.9672852e+01
   6.7230400e+05   3.7902832e+01
   6.7242400e+05   9.3566895e+01
   7.9864100e+05   9.2956543e+01
   7.9899700e+05   8.0871582e+01
   7.9945500e+05   8.6914063e+01
   7.9955200e+05   3.9184570e+01
   7.9972100e+05   5.9326172e+01
   8.3627100e+05   3.6071777e+01
   8.3645700e+05   1.1486816e+02
   8.3647100e+05   3.4301758e+01
   8.3661600e+05   7.5866699e+01
   8.3670800e+05   3.6987305e+01
   8.3683600e+05   4.0588379e+01
   8.3720400e+05   6.1401367e+01
   9.2178800e+05   9.6252441e+01
   9.2191000e+05   8.7585449e+01
   9.2214200e+05   7.8247070e+01
   9.2218800e+05   3.9855957e+01
   9.2248200e+05   6.2438965e+01
   9.2299900e+05   5.0781250e+01
   9.3625200e+05   3.4545898e+01
   9.8092600e+05   3.8146973e+01
   9.9911800e+05   3.5522461e+01
   9.9929500e+05   1.0913086e+02
   9.9991700e+05   3.4545898e+01
   1.0003360e+06   8.3557129e+01
   1.0569450e+06   3.6071777e+01
   1.0724090e+06   1.0717773e+02
   1.0724240e+06   3.6010742e+01
   1.0902410e+06   1.0028076e+02
   1.0902550e+06   3.4912109e+01
   1.1459930e+06   3.8330078e+01
   1.1460700e+06   3.8208008e+01
   1.1460930e+06   1.1846924e+02
   1.1461600e+06   3.4545898e+01
   1.1462160e+06   3.4606934e+01
   1.1463280e+06   6.9213867e+01
   1.1464850e+06   5.8105469e+01
   1.1466390e+06   3.4912109e+01
   1.1466810e+06   3.6132813e+01
   1.1469120e+06   4.9560547e+01
   1.2320540e+06   1.1181641e+02
   1.2525190e+06   9.2041016e+01
   1.2821520e+06   1.1090088e+02
   1.2821650e+06   3.5278320e+01
   1.2827640e+06   8.5937500e+01
   1.2829770e+06   7.1533203e+01
   1.3001110e+06   1.0058594e+02
   1.3001270e+06   3.5705566e+01
   1.3003890e+06   7.6538086e+01
   1.3006660e+06   5.3161621e+01
   1.3370920e+06   6.9335938e+01
   1.3659230e+06   3.7780762e+01
   1.3661330e+06   1.0638428e+02
   1.4054020e+06   8.5266113e+01
   1.4370860e+06   8.1481934e+01
   1.4371000e+06   3.5644531e+01
   1.4446050e+06   9.9304199e+01
   1.5045120e+06   1.1206055e+02
   1.5499360e+06   7.6782227e+01
   1.5602960e+06   8.9538574e+01
   1.5676790e+06   1.0174561e+02
   1.5946770e+06   8.8989258e+01
   1.5949190e+06   3.6865234e+01
   1.5949610e+06   9.1918945e+01
   1.5952170e+06   6.6589355e+01
   1.5956930e+06   6.8603516e+01
   1.5961290e+06   5.4016113e+01
   1.5974810e+06   3.4545898e+01
   1.6871800e+06   3.6865234e+01
   1.6873310e+06   9.8937988e+01
   1.6875300e+06   7.6110840e+01
   1.6875860e+06   3.6193848e+01
   1.6877590e+06   7.5012207e+01
   1.6880440e+06   7.7087402e+01
   1.6884570e+06   6.6528320e+01
   1.7237210e+06   8.4350586e+01
   1.7588710e+06   1.1047363e+02
   1.7689760e+06   3.5888672e+01
   1.7693500e+06   1.0150146e+02
   1.7808840e+06   3.5095215e+01
   1.7811280e+06   1.0614014e+02
   1.7815350e+06   9.9548340e+01
   1.7817450e+06   7.1899414e+01
   1.7820010e+06   5.6396484e+01
   1.7824840e+06   5.7739258e+01
   1.8237370e+06   9.7106934e+01
   1.8684170e+06   7.5195313e+01
   1.8792480e+06   3.6804199e+01
   1.8799020e+06   4.9194336e+01
   1.8799290e+06   4.5837402e+01
   1.8799500e+06   4.1809082e+01
   1.8799780e+06   6.2316895e+01
   1.8800060e+06   4.0527344e+01
   1.8800440e+06   4.2968750e+01
   1.8800830e+06   1.1218262e+02
   1.8802000e+06   3.4301758e+01
   1.8802430e+06   9.0515137e+01
   1.8804430e+06   4.7424316e+01
   1.9226150e+06   9.7778320e+01
   1.9637440e+06   1.0894775e+02
   1.9741960e+06   9.6740723e+01
   1.9745770e+06   6.2561035e+01
   1.9749760e+06   6.9702148e+01
   1.9916670e+06   3.6987305e+01
   2.0073910e+06   9.0026855e+01
   2.0074110e+06   3.4912109e+01
   2.0078370e+06   9.4909668e+01
   2.0080970e+06   3.4729004e+01
   2.0083660e+06   6.1035156e+01
   2.0083840e+06   3.4301758e+01
   2.0084910e+06   4.1198730e+01
   2.0085260e+06   8.8989258e+01
   2.0891090e+06   1.1151123e+02
   2.1120580e+06   1.1883545e+02
   2.1120710e+06   3.8024902e+01
   2.1219630e+06   9.5031738e+01
   2.1490730e+06   4.0283203e+01
   2.1492980e+06   9.1796875e+01
   2.1621520e+06   9.9731445e+01
   2.1835640e+06   7.3730469e+01
   2.1873400e+06   8.1665039e+01
   2.2129070e+06   8.2336426e+01
   2.2129230e+06   3.5827637e+01
   2.2133900e+06   7.0617676e+01
   2.2134870e+06   3.5217285e+01
   2.2135100e+06   3.6560059e+01
   2.2136120e+06   7.0556641e+01
   2.2139540e+06   6.0791016e+01
   2.2141470e+06   3.9306641e+01
   2.2610690e+06   8.9965820e+01
   2.3017480e+06   3.5095215e+01
   2.3017850e+06   1.0803223e+02
   2.3021670e+06   9.7534180e+01
   2.3130640e+06   9.5458984e+01
   2.3135760e+06   6.6589355e+01
   2.3274170e+06   9.3811035e+01
   2.3381290e+06   9.7351074e+01
   2.3383230e+06   5.9143066e+01
   2.3386480e+06   8.2580566e+01
   2.3390740e+06   6.2683105e+01
   2.3471710e+06   6.6406250e+01
   2.3860540e+06   3.8330078e+01
   2.3860720e+06   4.1625977e+01
   2.3861290e+06   4.7546387e+01
   2.3861470e+06   3.7170410e+01
   2.3864970e+06   1.1206055e+02
   2.4455580e+06   3.4545898e+01
   2.4463830e+06   7.4157715e+01
   2.4603640e+06   9.5092773e+01
   2.4841240e+06   8.0993652e+01
   2.4845510e+06   7.9040527e+01
   2.4852970e+06   8.8134766e+01
   2.4948840e+06   3.7719727e+01
   2.5050900e+06   1.0705566e+02
   2.5052950e+06   1.0394287e+02
   2.5055680e+06   6.3720703e+01
   2.5058740e+06   5.7373047e+01
   2.5079240e+06   3.4362793e+01
   2.5508650e+06   3.8513184e+01
   2.5823800e+06   9.1674805e+01
   2.5836930e+06   8.1970215e+01
   2.6423760e+06   3.6315918e+01
   2.6425750e+06   3.6254883e+01
   2.6426280e+06   3.6010742e+01
   2.6427030e+06   1.3385010e+02
   2.6429670e+06   1.0601807e+02
   2.6431760e+06   3.4362793e+01
   2.6432390e+06   8.8928223e+01
   2.6841350e+06   9.5581055e+01
   2.6945380e+06   9.2407227e+01
   2.7078360e+06   1.0058594e+02
   2.7091510e+06   7.2631836e+01
   2.7395950e+06   8.3496094e+01
   2.7398300e+06   9.7778320e+01
   2.7401230e+06   6.3049316e+01
   2.8259280e+06   3.8269043e+01
   2.8452450e+06   3.5461426e+01
   2.8455310e+06   1.0467529e+02
   2.8692760e+06   1.0369873e+02
   2.8866830e+06   1.0321045e+02
   2.8875200e+06   3.5766602e+01
   2.8875520e+06   4.1992188e+01
   2.8875630e+06   4.1198730e+01
   2.8876210e+06   3.5461426e+01
   2.8876370e+06   1.2829590e+02
   2.8876860e+06   3.7780762e+01
   2.8877090e+06   4.3762207e+01
   2.8877300e+06   5.8532715e+01
   2.8877440e+06   4.3945313e+01
   2.8887120e+06   4.0161133e+01
   2.9665370e+06   3.5461426e+01
   2.9667740e+06   3.9367676e+01
   2.9737130e+06   4.0039063e+01
   2.9956010e+06   3.4423828e+01
   2.9957340e+06   3.5461426e+01
   2.9958330e+06   3.6376953e+01
   3.0039180e+06   3.5461426e+01
   3.0040420e+06   3.5095215e+01
   3.0125010e+06   3.4912109e+01
   3.0125200e+06   4.2114258e+01
   3.0126030e+06   3.5278320e+01
   3.0127410e+06   3.6132813e+01
   3.0208830e+06   3.5278320e+01
   3.0209540e+06   3.8574219e+01
   3.0210550e+06   3.5217285e+01
   3.0297720e+06   3.6010742e+01
   3.0298200e+06   3.6010742e+01
   3.0298610e+06   4.4921875e+01
   3.0299100e+06   3.8879395e+01
   3.0299270e+06   3.7475586e+01
   3.0299840e+06   3.6010742e+01
   3.0389970e+06   3.8879395e+01
   3.0482890e+06   3.8879395e+01
   3.0483690e+06   4.2724609e+01
   3.0483970e+06   3.5644531e+01
   3.0572890e+06   4.7363281e+01
   3.0573010e+06   4.5898438e+01
   3.0573470e+06   3.5400391e+01
   3.0573670e+06   4.6630859e+01
   3.0574730e+06   4.2053223e+01
   3.0577110e+06   3.4301758e+01
   3.0669850e+06   3.6193848e+01
   3.0767640e+06   3.6804199e+01
   3.0767940e+06   3.5827637e+01
   3.0768110e+06   3.6987305e+01
   3.0768270e+06   3.4240723e+01
   3.0768750e+06   3.6987305e+01
   3.0769260e+06   3.4790039e+01
   3.0771180e+06   1.0406494e+02
   3.0873000e+06   4.4006348e+01
   3.0976260e+06   3.8574219e+01
   3.0976360e+06   3.5095215e+01
   3.0976850e+06   4.2419434e+01
   3.1066480e+06   3.4301758e+01
   3.1067460e+06   3.6865234e+01
   3.1067660e+06   5.4626465e+01
   3.1068430e+06   3.8085938e+01
   3.1164930e+06   4.2846680e+01
   3.1165650e+06   3.5400391e+01
   3.1166340e+06   3.4606934e+01
   3.1267790e+06   3.4790039e+01
   3.1268390e+06   3.6193848e+01
   3.1269140e+06   3.5095215e+01
   3.1370610e+06   3.5156250e+01
   3.1372220e+06   3.7597656e+01
   3.1374020e+06   1.1511230e+02
   3.1374160e+06   3.4851074e+01
   3.1473190e+06   3.7963867e+01
   3.1474710e+06   3.6499023e+01
   3.1570210e+06   3.5705566e+01
   3.1570840e+06   4.5898438e+01
   3.1571160e+06   3.4423828e+01
   3.1572400e+06   3.4729004e+01
   3.1574890e+06   8.3862305e+01
   3.2004620e+06   3.7780762e+01
   3.2089060e+06   3.9367676e+01
   3.2089230e+06   4.5776367e+01
   3.2089730e+06   4.6203613e+01
   3.2090120e+06   3.7353516e+01
   3.2091440e+06   9.0759277e+01
   3.2093640e+06   7.2692871e+01
   3.2375550e+06   8.0139160e+01
   3.2449700e+06   4.5654297e+01
   3.2450890e+06   3.4790039e+01
   3.2451170e+06   3.4484863e+01
   3.2453350e+06   1.0040283e+02
   3.2454940e+06   8.3129883e+01
   3.3022380e+06   4.1259766e+01
   3.3023400e+06   4.2663574e+01
   3.3024080e+06   8.6914063e+01
   3.3025990e+06   7.5622559e+01
   3.3157040e+06   9.3566895e+01
   3.3534290e+06   9.6191406e+01
   3.3542750e+06   7.8796387e+01
   3.3687450e+06   3.6743164e+01
   3.3687860e+06   9.9426270e+01
   3.3690580e+06   4.5043945e+01
   3.4043660e+06   9.9670410e+01
   3.4270250e+06   7.6660156e+01
   3.4273690e+06   7.8857422e+01
   3.4467800e+06   8.2580566e+01
   3.4751610e+06   3.8574219e+01
   3.4752620e+06   4.4738770e+01
   3.4752760e+06   4.2663574e+01
   3.4755730e+06   1.0778809e+02
   3.4758270e+06   3.4301758e+01
   3.4759060e+06   9.5520020e+01
   3.4992630e+06   8.3007813e+01
   3.4997240e+06   9.4970703e+01
   3.5005090e+06   3.7719727e+01
   3.5524680e+06   9.5214844e+01
   3.5688060e+06   1.0174561e+02
   3.5692820e+06   9.4787598e+01
   3.5700640e+06   7.4157715e+01
   3.6032060e+06   1.0168457e+02
   3.6168310e+06   3.6682129e+01
   3.6168460e+06   4.1809082e+01
   3.6169700e+06   8.5754395e+01
   3.6172230e+06   7.8125000e+01
   3.6172460e+06   3.5827637e+01
   3.6172780e+06   3.7109375e+01
   3.6175320e+06   3.6743164e+01
   3.6176720e+06   6.4819336e+01
   3.6613820e+06   1.0644531e+02
   3.6618040e+06   1.0070801e+02
   3.6621470e+06   6.8481445e+01
   3.6621980e+06   4.2846680e+01
   3.6926360e+06   8.4411621e+01
   3.7104180e+06   3.6010742e+01
   3.7106590e+06   8.1298828e+01
   3.7106720e+06   4.0954590e+01
   3.7109160e+06   8.2214355e+01
   3.7379300e+06   3.6621094e+01
   3.7379640e+06   4.2480469e+01
   3.7379800e+06   4.0832520e+01
   3.7380070e+06   1.3537598e+02
   3.7380230e+06   5.4321289e+01
   3.7380740e+06   3.4790039e+01
   3.7380860e+06   5.3649902e+01
   3.7381000e+06   3.5949707e+01
   3.7408370e+06   3.5827637e+01
   3.7775550e+06   3.6499023e+01
   3.8008430e+06   4.2541504e+01
   3.8091520e+06   4.1748047e+01
   3.8092610e+06   3.6193848e+01
   3.8194600e+06   3.7292480e+01
   3.8276980e+06   4.0771484e+01
   3.8277080e+06   3.6743164e+01
   3.8277340e+06   3.6132813e+01
   3.8277840e+06   4.0710449e+01
   3.8277970e+06   6.2744141e+01
   3.8278280e+06   3.4729004e+01
   3.8279890e+06   9.7106934e+01
   3.8280280e+06   3.7963867e+01
   3.8408870e+06   3.9306641e+01
   3.8409240e+06   6.0607910e+01
   3.8410440e+06   3.4240723e+01
   3.8410860e+06   3.4362793e+01
   3.8411130e+06   4.6264648e+01
   3.8411580e+06   1.1126709e+02
   3.8415100e+06   3.4729004e+01
   3.8523290e+06   3.5522461e+01
   3.8523400e+06   4.1137695e+01
   3.8523710e+06   3.4606934e+01
   3.8524220e+06   4.2968750e+01
   3.8524360e+06   3.8818359e+01
   3.8524580e+06   1.1901855e+02
   3.8524990e+06   4.6997070e+01
   3.8525740e+06   4.1076660e+01
   3.8525910e+06   4.7912598e+01
   3.8528020e+06   3.4545898e+01
   3.8530490e+06   3.4606934e+01
   3.8533040e+06   3.5278320e+01
   3.8535310e+06   4.7119141e+01
   3.8542630e+06   4.3273926e+01
   3.8657250e+06   3.8940430e+01
   3.8744690e+06   3.4301758e+01
   3.8745510e+06   3.7658691e+01
   3.8746340e+06   3.9428711e+01
   3.8747690e+06   4.2358398e+01
   3.8841470e+06   3.5949707e+01
   3.8842310e+06   3.4912109e+01
   3.8842990e+06   4.3457031e+01
   3.8844350e+06   4.5471191e+01
   3.8950600e+06   4.6508789e+01
   3.8951010e+06   3.4423828e+01
   3.8951170e+06   4.3945313e+01
   3.8951420e+06   3.7963867e+01
   3.8951570e+06   3.8757324e+01
   3.8951670e+06   3.6376953e+01
   3.8951930e+06   3.7353516e+01
   3.8952500e+06   3.8818359e+01
   3.8952910e+06   8.4533691e+01
   3.8953210e+06   4.2175293e+01
   3.8954760e+06   7.1838379e+01
   3.8955240e+06   3.6071777e+01
   3.8957780e+06   4.9438477e+01
   3.8986070e+06   3.5888672e+01
   3.9074770e+06   3.5827637e+01
   3.9074890e+06   4.6813965e+01
   3.9075180e+06   3.4545898e+01
   3.9075340e+06   4.2053223e+01
   3.9075830e+06   8.8500977e+01
   3.9076160e+06   3.5827637e+01
   3.9076560e+06   4.5898438e+01
   3.9077260e+06   4.0161133e+01
   3.9077380e+06   5.8105469e+01
   3.9080370e+06   3.5339355e+01
   3.9201070e+06   4.4128418e+01
   3.9201200e+06   4.2114258e+01
   3.9201570e+06   3.8879395e+01
   3.9201880e+06   4.0954590e+01
   3.9202070e+06   4.2419434e+01
   3.9203340e+06   5.2368164e+01
   3.9324090e+06   3.4484863e+01
   3.9324330e+06   4.7302246e+01
   3.9324430e+06   4.3945313e+01
   3.9325220e+06   1.0833740e+02
   3.9325360e+06   7.2509766e+01
   3.9325890e+06   3.7536621e+01
   3.9326380e+06   7.0251465e+01
   3.9331740e+06   4.4067383e+01
   3.9337360e+06   3.4484863e+01
   3.9450230e+06   4.0893555e+01
   3.9450970e+06   3.7780762e+01
   3.9451370e+06   3.9184570e+01
   3.9452020e+06   3.4667969e+01
   3.9455150e+06   3.6560059e+01
   3.9542170e+06   3.4423828e+01
   3.9542270e+06   3.5217285e+01
   3.9542370e+06   4.9682617e+01
   3.9542630e+06   4.6752930e+01
   3.9543200e+06   7.4401855e+01
   3.9543460e+06   4.4311523e+01
   3.9543690e+06   3.7658691e+01
   3.9544160e+06   5.0109863e+01
   3.9545570e+06   3.5644531e+01
   3.9639210e+06   4.4433594e+01
   3.9639530e+06   3.6682129e+01
   3.9639760e+06   5.7678223e+01
   3.9639890e+06   3.4606934e+01
   3.9640170e+06   5.7922363e+01
   3.9640410e+06   4.6508789e+01
   3.9640870e+06   7.7514648e+01
   3.9641010e+06   3.5339355e+01
   3.9641300e+06   3.4851074e+01
   3.9641460e+06   4.5654297e+01
   3.9642030e+06   3.5156250e+01
   3.9642410e+06   5.5297852e+01
   3.9645490e+06   3.5339355e+01
   3.9648110e+06   4.0649414e+01
   3.9760160e+06   4.4067383e+01
   3.9760510e+06   4.2297363e+01
   3.9760840e+06   4.5104980e+01
   3.9760980e+06   3.7353516e+01
   3.9761390e+06   8.9233398e+01
   3.9761510e+06   3.5522461e+01
   3.9761860e+06   3.7170410e+01
   3.9763210e+06   4.3457031e+01
   3.9866850e+06   3.8208008e+01
   3.9867080e+06   5.5603027e+01
   3.9867190e+06   5.1330566e+01
   3.9867410e+06   3.9245605e+01
   3.9867740e+06   9.9487305e+01
   3.9867900e+06   3.4240723e+01
   3.9868090e+06   3.5156250e+01
   3.9869400e+06   5.6945801e+01
   3.9972370e+06   5.0048828e+01
   3.9972600e+06   4.9072266e+01
   3.9972720e+06   3.4362793e+01
   3.9972850e+06   4.8095703e+01
   3.9973060e+06   3.4545898e+01
   3.9973320e+06   1.0144043e+02
   3.9973440e+06   3.8269043e+01
   3.9973960e+06   4.2663574e+01
   3.9974710e+06   5.7800293e+01
   3.9980530e+06   3.4301758e+01
   4.0084420e+06   5.2124023e+01
   4.0084560e+06   4.6508789e+01
   4.0084960e+06   3.6926270e+01
   4.0085250e+06   4.4860840e+01
   4.0085350e+06   7.0983887e+01
   4.0085470e+06   3.4423828e+01
   4.0086370e+06   3.5949707e+01
   4.0086700e+06   3.5888672e+01
   4.0090430e+06   3.8879395e+01
   4.0181720e+06   3.9245605e+01
   4.0181840e+06   3.4545898e+01
   4.0182120e+06   4.3334961e+01
   4.0182440e+06   7.3730469e+01
   4.0182710e+06   3.7292480e+01
   4.0182990e+06   4.6569824e+01
   4.0183360e+06   4.0405273e+01
   4.0183540e+06   4.2785645e+01
   4.0184320e+06   3.6193848e+01
   4.0184940e+06   4.0222168e+01
   4.0193210e+06   3.6193848e+01
   4.0285130e+06   4.8461914e+01
   4.0285260e+06   3.5156250e+01
   4.0285630e+06   3.6682129e+01
   4.0286140e+06   6.6955566e+01
   4.0286330e+06   4.5288086e+01
   4.0286620e+06   3.5644531e+01
   4.0286770e+06   4.1748047e+01
   4.0287600e+06   5.2734375e+01
   4.0392570e+06   3.6315918e+01
   4.0392790e+06   3.5461426e+01
   4.0392940e+06   4.0771484e+01
   4.0393270e+06   4.0466309e+01
   4.0393420e+06   3.9428711e+01
   4.0393640e+06   9.1735840e+01
   4.0393780e+06   3.7353516e+01
   4.0395020e+06   3.7231445e+01
   4.0395160e+06   3.5156250e+01
   4.0403540e+06   3.8024902e+01
   4.0432410e+06   3.7414551e+01
   4.0519270e+06   3.5156250e+01
   4.0519370e+06   5.6701660e+01
   4.0519550e+06   4.3212891e+01
   4.0519660e+06   4.3884277e+01
   4.0519920e+06   4.4677734e+01
   4.0520230e+06   7.7392578e+01
   4.0520340e+06   4.2724609e+01
   4.0520840e+06   3.6499023e+01
   4.0521040e+06   3.7231445e+01
   4.0521510e+06   5.5725098e+01
   4.0521650e+06   3.9550781e+01
   4.0526030e+06   3.9428711e+01
   4.0527510e+06   4.5837402e+01
   4.0547520e+06   3.7780762e+01
   4.0564890e+06   3.6682129e+01
   4.0658110e+06   3.6743164e+01
   4.0658320e+06   4.0222168e+01
   4.0658720e+06   4.2541504e+01
   4.0658920e+06   9.3078613e+01
   4.0660320e+06   4.5654297e+01
   4.0668620e+06   3.7902832e+01
   4.0790260e+06   3.6499023e+01
   4.0790750e+06   4.8645020e+01
   4.0790940e+06   4.7851563e+01
   4.0791630e+06   4.5654297e+01
   4.0791780e+06   9.4238281e+01
   4.0792260e+06   3.4729004e+01
   4.0792360e+06   4.2663574e+01
   4.0793470e+06   5.9631348e+01
   4.0797330e+06   3.8574219e+01
   4.0927670e+06   4.2602539e+01
   4.0928020e+06   4.4372559e+01
   4.0928140e+06   3.9611816e+01
   4.0928820e+06   7.3120117e+01
   4.0929540e+06   4.0039063e+01
   4.0930450e+06   5.4565430e+01
   4.0933240e+06   3.4851074e+01
   4.0935260e+06   3.4240723e+01
   4.1032150e+06   3.8757324e+01
   4.1032330e+06   4.9194336e+01
   4.1032710e+06   3.4423828e+01
   4.1033230e+06   9.2102051e+01
   4.1033510e+06   3.6987305e+01
   4.1033790e+06   4.6447754e+01
   4.1034600e+06   5.1208496e+01
   4.1159650e+06   3.4362793e+01
   4.1160080e+06   3.8208008e+01
   4.1160630e+06   3.7536621e+01
   4.1161030e+06   6.8969727e+01
   4.1162300e+06   4.9926758e+01
   4.1165970e+06   3.4973145e+01
   4.1198170e+06   3.8330078e+01
   4.1296460e+06   3.9611816e+01
   4.1296680e+06   3.9062500e+01
   4.1297310e+06   3.7963867e+01
   4.1297510e+06   9.4482422e+01
   4.1297610e+06   3.6804199e+01
   4.1297980e+06   4.1137695e+01
   4.1298140e+06   4.0344238e+01
   4.1298880e+06   5.6030273e+01
   4.1301100e+06   4.1809082e+01
   4.1418840e+06   4.1015625e+01
   4.1419070e+06   4.2724609e+01
   4.1419180e+06   3.8269043e+01
   4.1419400e+06   5.4260254e+01
   4.1419670e+06   3.7963867e+01
   4.1420010e+06   3.5156250e+01
   4.1420120e+06   3.4912109e+01
   4.1420250e+06   3.8513184e+01
   4.1420390e+06   1.0101318e+02
   4.1420520e+06   4.3701172e+01
   4.1421610e+06   4.0771484e+01
   4.1421930e+06   5.8166504e+01
   4.1425110e+06   3.4301758e+01
   4.1469270e+06   3.6865234e+01
   4.1469840e+06   3.7780762e+01
   4.1470020e+06   3.8757324e+01
   4.1470490e+06   7.2143555e+01
   4.1585420e+06   3.4545898e+01
   4.1585690e+06   4.0832520e+01
   4.1586030e+06   3.4484863e+01
   4.1586430e+06   3.6010742e+01
   4.1586580e+06   3.5095215e+01
   4.1586910e+06   3.7414551e+01
   4.1587170e+06   9.5520020e+01
   4.1587290e+06   5.1269531e+01
   4.1587730e+06   3.8696289e+01
   4.1587920e+06   3.6193848e+01
   4.1588670e+06   4.2663574e+01
   4.1591030e+06   3.9123535e+01
   4.1594450e+06   3.5217285e+01
   4.1725700e+06   3.5400391e+01
   4.1725850e+06   3.6010742e+01
   4.1726040e+06   4.1503906e+01
   4.1726300e+06   3.8818359e+01
   4.1726740e+06   3.8391113e+01
   4.1726850e+06   3.7719727e+01
   4.1727200e+06   8.9721680e+01
   4.1727550e+06   3.6499023e+01
   4.1728000e+06   3.6743164e+01
   4.1728660e+06   5.2001953e+01
   4.1862320e+06   3.8940430e+01
   4.1862450e+06   3.5217285e+01
   4.1862710e+06   3.7292480e+01
   4.1863090e+06   3.7841797e+01
   4.1863440e+06   4.0588379e+01
   4.1863560e+06   9.8449707e+01
   4.1863730e+06   4.9072266e+01
   4.1864130e+06   3.9306641e+01
   4.1865100e+06   3.9855957e+01
   4.1867010e+06   4.5959473e+01
   4.1910720e+06   3.7780762e+01
   4.1911090e+06   3.9123535e+01
   4.2012720e+06   4.7485352e+01
   4.2012940e+06   4.7119141e+01
   4.2013240e+06   4.6264648e+01
   4.2013380e+06   3.7170410e+01
   4.2013680e+06   3.4484863e+01
   4.2014290e+06   7.1411133e+01
   4.2014620e+06   4.4250488e+01
   4.2016060e+06   6.4575195e+01
   4.2126050e+06   3.7170410e+01
   4.2126470e+06   4.2724609e+01
   4.2126710e+06   3.7414551e+01
   4.2127130e+06   3.5095215e+01
   4.2127270e+06   3.5827637e+01
   4.2127640e+06   1.1950684e+02
   4.2127770e+06   5.8410645e+01
   4.2128420e+06   3.4790039e+01
   4.2128940e+06   3.8513184e+01
   4.2129070e+06   8.2153320e+01
   4.2132460e+06   4.5043945e+01
   4.2237040e+06   3.5095215e+01
   4.2237410e+06   5.2246094e+01
   4.2237560e+06   3.6071777e+01
   4.2237980e+06   3.5583496e+01
   4.2238130e+06   3.9184570e+01
   4.2238380e+06   3.5339355e+01
   4.2238620e+06   9.2224121e+01
   4.2239000e+06   3.4851074e+01
   4.2239380e+06   3.9001465e+01
   4.2240270e+06   5.4931641e+01
   4.2243100e+06   4.1137695e+01
   4.2270740e+06   3.6743164e+01
   4.2270850e+06   3.7597656e+01
   4.2377350e+06   3.6254883e+01
   4.2377640e+06   4.0893555e+01
   4.2377800e+06   4.4921875e+01
   4.2378450e+06   4.6203613e+01
   4.2378560e+06   4.5776367e+01
   4.2378810e+06   6.8481445e+01
   4.2379090e+06   3.5644531e+01
   4.2380540e+06   5.9448242e+01
   4.2383200e+06   3.4545898e+01
   4.2505210e+06   3.5278320e+01
   4.2505540e+06   4.2724609e+01
   4.2505920e+06   3.9184570e+01
   4.2506120e+06   4.0222168e+01
   4.2506920e+06   8.6425781e+01
   4.2507870e+06   3.6254883e+01
   4.2508520e+06   6.5795898e+01
   4.2536200e+06   3.4667969e+01
   4.2536410e+06   3.6560059e+01
   4.2537500e+06   3.6987305e+01
   4.2654170e+06   3.7780762e+01
   4.2654360e+06   3.5888672e+01
   4.2654770e+06   3.7353516e+01
   4.2655500e+06   3.8391113e+01
   4.2655680e+06   8.2397461e+01
   4.2657690e+06   5.6945801e+01
   4.2704040e+06   7.0129395e+01
   4.2814540e+06   3.5827637e+01
   4.2815340e+06   3.9611816e+01
   4.2815610e+06   3.5705566e+01
   4.2816040e+06   3.4729004e+01
   4.2816480e+06   7.7270508e+01
   4.2816980e+06   3.6132813e+01
   4.2818780e+06   5.8410645e+01
   4.2932850e+06   4.4555664e+01
   4.2932960e+06   3.7902832e+01
   4.2933140e+06   4.4372559e+01
   4.2933730e+06   3.5095215e+01
   4.2933990e+06   9.6252441e+01
   4.2934120e+06   4.3395996e+01
   4.2934320e+06   3.8818359e+01
   4.2935610e+06   7.0922852e+01
   4.3058200e+06   3.4729004e+01
   4.3058500e+06   3.5705566e+01
   4.3058770e+06   4.0588379e+01
   4.3059110e+06   3.8269043e+01
   4.3059640e+06   3.7902832e+01
   4.3060260e+06   3.6254883e+01
   4.3061110e+06   7.4890137e+01
   4.3061490e+06   3.9794922e+01
   4.3184480e+06   3.5705566e+01
   4.3185580e+06   3.6804199e+01
   4.3186010e+06   3.4545898e+01
   4.3186500e+06   8.9111328e+01
   4.3186750e+06   4.1076660e+01
   4.3189280e+06   6.1157227e+01
   4.3312050e+06   3.6010742e+01
   4.3312330e+06   3.4545898e+01
   4.3312530e+06   4.6081543e+01
   4.3312780e+06   3.8024902e+01
   4.3313520e+06   4.7790527e+01
   4.3313700e+06   9.1735840e+01
   4.3436570e+06   4.1809082e+01
   4.3436930e+06   3.6865234e+01
   4.3437770e+06   3.5278320e+01
   4.3437940e+06   4.5410156e+01
   4.3438690e+06   8.6608887e+01
   4.3438810e+06   3.4729004e+01
   4.3439580e+06   3.8146973e+01
   4.3578130e+06   3.4301758e+01
   4.3579310e+06   4.0222168e+01
   4.3698620e+06   3.5278320e+01
   4.3699280e+06   3.6682129e+01
   4.3700000e+06   3.7841797e+01
   4.3700620e+06   3.5583496e+01
   4.3824460e+06   3.6499023e+01
   4.3826590e+06   3.4667969e+01
   4.3952260e+06   4.3701172e+01
   4.3952580e+06   4.0710449e+01
   4.4076970e+06   3.9550781e+01
   4.9766620e+06   8.2702637e+01
   4.9772960e+06   8.7402344e+01
   4.9776460e+06   7.9772949e+01
   4.9779020e+06   5.3588867e+01
   4.9782080e+06   5.4321289e+01
   5.0353130e+06   8.8378906e+01
   5.1468050e+06   3.6132813e+01
   5.2345330e+06   8.7463379e+01
   5.2797420e+06   1.0644531e+02
   5.2955050e+06   1.1059570e+02
   5.2958730e+06   7.7514648e+01
   5.2961250e+06   7.8063965e+01
   5.2963430e+06   4.5959473e+01
   5.3898490e+06   9.8388672e+01
   5.4345590e+06   8.3068848e+01
   5.4560920e+06   1.0229492e+02
   5.4687920e+06   9.9853516e+01
   5.4855290e+06   8.2763672e+01
   5.4861810e+06   8.8500977e+01
   5.4878110e+06   4.3640137e+01
   5.4879710e+06   3.6621094e+01
   5.5140830e+06   8.6791992e+01
   5.5420340e+06   9.8815918e+01
   5.5438620e+06   8.8195801e+01
   5.5551650e+06   8.0200195e+01
   5.5824590e+06   9.7595215e+01
   5.5827330e+06   4.1625977e+01
   5.5829720e+06   8.0261230e+01
   5.5832510e+06   6.7687988e+01
   5.6656410e+06   7.8430176e+01
   5.7190350e+06   7.5622559e+01
   5.7469890e+06   9.1613770e+01
   5.7483760e+06   7.4890137e+01
   5.7669530e+06   8.6853027e+01
   5.7957980e+06   9.2712402e+01
   5.8016430e+06   9.8022461e+01
   5.8114730e+06   3.5583496e+01
   5.8118250e+06   9.0270996e+01
   5.8123310e+06   7.8430176e+01
   5.8405400e+06   8.0505371e+01
   5.8408830e+06   4.7607422e+01
   5.8411540e+06   6.8115234e+01
   5.8960560e+06   8.9965820e+01
   5.9369630e+06   8.6364746e+01
   5.9393940e+06   9.0942383e+01
   5.9782000e+06   8.2702637e+01
   5.9839490e+06   1.0406494e+02
   6.0440120e+06   7.9223633e+01
   6.0713890e+06   8.5693359e+01
   6.0836660e+06   1.0217285e+02
   6.0838890e+06   4.2968750e+01
   6.0839210e+06   9.6679688e+01
   6.0841490e+06   3.7536621e+01
   6.0842310e+06   6.8237305e+01
   6.0847150e+06   7.2265625e+01
   6.0964430e+06   8.8684082e+01
   6.1057590e+06   7.1105957e+01
   6.2645880e+06   1.0461426e+02
   6.2806790e+06   7.8857422e+01
   6.2932270e+06   8.8867188e+01
   6.2976320e+06   8.6181641e+01
   6.2995340e+06   7.3669434e+01
   6.3071340e+06   8.1604004e+01
   6.3136640e+06   8.5021973e+01
   6.3401590e+06   9.7351074e+01
   6.3406870e+06   7.4645996e+01
   6.3619770e+06   9.9853516e+01
   6.3619920e+06   3.7841797e+01
   6.3657380e+06   8.5449219e+01
   6.3727420e+06   7.8308105e+01
   6.3739450e+06   3.4790039e+01
   6.4163860e+06   9.5703125e+01
   6.4471670e+06   7.4584961e+01
   6.4560100e+06   8.3068848e+01
   6.4571950e+06   9.0637207e+01
   6.4668230e+06   7.0190430e+01
   6.4795720e+06   7.8430176e+01
   6.4805460e+06   9.1979980e+01
   6.4971080e+06   9.7412109e+01
   6.5194200e+06   9.3383789e+01
   6.5326250e+06   8.9294434e+01
   6.5328380e+06   7.1777344e+01
   6.5330580e+06   6.2316895e+01
   6.5333540e+06   3.5705566e+01
   6.5707280e+06   8.6914063e+01
   6.5921460e+06   9.6435547e+01
   6.5968120e+06   8.9538574e+01
   6.6201200e+06   9.0026855e+01
   6.6303920e+06   8.9782715e+01
   6.6442740e+06   1.0333252e+02
   6.6733210e+06   1.0754395e+02
   6.7126070e+06   1.0052490e+02
   6.7259290e+06   8.4716797e+01
   6.7594550e+06   1.0131836e+02
   6.7659420e+06   9.5642090e+01
   6.8004590e+06   9.9609375e+01
   6.8050060e+06   8.4228516e+01
   6.8202250e+06   9.6313477e+01
   6.8473250e+06   8.4106445e+01
   6.8898610e+06   8.9416504e+01
   6.8978300e+06   7.6782227e+01
   6.9271680e+06   4.0100098e+01
   6.9414780e+06   3.7292480e+01
   6.9428710e+06   4.8339844e+01
   6.9428990e+06   5.0476074e+01
   6.9429260e+06   3.9306641e+01
   6.9429440e+06   4.4311523e+01
   6.9429650e+06   9.5397949e+01
   6.9429890e+06   3.6071777e+01
   6.9430520e+06   4.3395996e+01
   6.9430860e+06   5.3527832e+01
   6.9431670e+06   3.4240723e+01
   6.9432110e+06   3.4240723e+01
   6.9433450e+06   4.1442871e+01
   6.9439090e+06   3.6499023e+01
   6.9440290e+06   4.3029785e+01
   6.9448530e+06   4.7424316e+01
   6.9454090e+06   4.7729492e+01
   6.9457400e+06   3.5827637e+01
   6.9939380e+06   3.4362793e+01
   7.0676520e+06   3.4851074e+01
   7.1539200e+06   9.5520020e+01
   7.2732630e+06   1.0705566e+02
   7.2784680e+06   7.2998047e+01
   7.2916290e+06   8.4838867e+01
   7.2916450e+06   3.6437988e+01
   7.3725580e+06   8.1542969e+01
   7.4113360e+06   8.8378906e+01
   7.4260170e+06   9.3933105e+01
   7.4264300e+06   7.7392578e+01
   7.4898840e+06   7.6782227e+01
   7.5416920e+06   8.4472656e+01
   7.5550650e+06   8.9965820e+01
   7.5685420e+06   9.8815918e+01
   7.5695110e+06   6.6101074e+01
   7.5922520e+06   8.6181641e+01
   7.5924830e+06   7.8430176e+01
   7.6123540e+06   1.0107422e+02
   7.6423580e+06   9.9487305e+01
   7.6428450e+06   3.8452148e+01
   7.6429790e+06   7.1166992e+01
   7.6741520e+06   3.7719727e+01
   7.6742140e+06   4.0222168e+01
   7.6744840e+06   8.5754395e+01
   7.6751720e+06   7.7636719e+01
   7.6753000e+06   3.7170410e+01
   7.6755330e+06   5.5358887e+01
   7.6760880e+06   6.6162109e+01
   7.7437240e+06   3.5034180e+01
   7.7850900e+06   9.2468262e+01
   7.8306770e+06   9.7351074e+01
   7.8337130e+06   3.5400391e+01
   7.8432640e+06   9.6679688e+01
   7.8669910e+06   8.9965820e+01
   7.8720990e+06   3.9611816e+01
   7.8728800e+06   8.0505371e+01
   7.8990010e+06   9.2773437e+01
   7.9010810e+06   9.4421387e+01
   7.9119290e+06   8.1359863e+01
   7.9389290e+06   1.0443115e+02
   7.9687050e+06   9.8266602e+01
   7.9693810e+06   8.3923340e+01
   8.0333350e+06   9.7473145e+01
   8.0555870e+06   8.4411621e+01
   8.1097710e+06   1.0400391e+02
   8.1297180e+06   9.2895508e+01
   8.1606750e+06   9.5703125e+01
   8.1606910e+06   3.7963867e+01
   8.1610240e+06   7.1166992e+01
   8.1612110e+06   3.7353516e+01
   8.1613150e+06   6.2866211e+01
   8.2347690e+06   8.5083008e+01
   8.2528450e+06   9.1186523e+01
   8.2757610e+06   9.6008301e+01
   8.3082210e+06   8.7341309e+01
   8.3087080e+06   4.0344238e+01
   8.3091440e+06   8.0200195e+01
   8.3274800e+06   7.4157715e+01
   8.3558580e+06   9.1369629e+01
   8.3906810e+06   8.1420898e+01
   8.4059830e+06   9.8571777e+01
   8.4066230e+06   8.8928223e+01
   8.4302100e+06   8.8256836e+01
   8.4711090e+06   9.8999023e+01
   8.4716480e+06   7.8247070e+01
   8.4720000e+06   7.6721191e+01
   8.4726670e+06   6.3354492e+01
   8.4938670e+06   8.5083008e+01
   8.5348370e+06   8.3251953e+01
   8.5971410e+06   1.0095215e+02
   8.6035650e+06   7.6843262e+01
   8.6449770e+06   8.1359863e+01
   8.6533030e+06   8.9660645e+01
   8.6533920e+06   3.5888672e+01
   8.6537520e+06   8.7768555e+01
   8.6542920e+06   6.9030762e+01
   8.6627940e+06   7.6477051e+01
   8.6697630e+06   8.8073730e+01
   8.7133280e+06   8.3251953e+01
   8.7139710e+06   8.3740234e+01
   8.7390760e+06   8.8928223e+01
   8.7390910e+06   3.8269043e+01
   8.7468220e+06   7.7758789e+01
   8.7556440e+06   6.6467285e+01
   8.7560850e+06   8.7402344e+01
   8.7576960e+06   7.1960449e+01
   8.7834310e+06   7.9956055e+01
   8.7877860e+06   7.3669434e+01
   8.7898190e+06   7.9223633e+01
   8.8152040e+06   9.4665527e+01
   8.8152200e+06   3.4240723e+01
   8.8331310e+06   8.7402344e+01
   8.8454850e+06   7.1044922e+01
   8.8534630e+06   8.7280273e+01
   8.8735560e+06   9.0515137e+01
   8.8893710e+06   8.4899902e+01
   8.8997640e+06   8.9721680e+01
   8.9076260e+06   9.3811035e+01
   8.9168310e+06   8.0627441e+01
   8.9251530e+06   7.3181152e+01
   8.9258150e+06   8.4655762e+01
   8.9354870e+06   7.3059082e+01
   8.9437320e+06   9.2102051e+01
   8.9528730e+06   7.6354980e+01
   8.9626160e+06   7.6721191e+01
   8.9635870e+06   7.8247070e+01
   8.9767200e+06   7.0007324e+01
   8.9808520e+06   7.0495605e+01
   9.0072870e+06   7.3730469e+01
   9.0156820e+06   9.4848633e+01
   9.0252090e+06   3.7902832e+01
   9.0253630e+06   8.7280273e+01
   9.0258160e+06   9.6557617e+01
   9.0265250e+06   7.2265625e+01
   9.0530230e+06   9.1064453e+01
   9.0563040e+06   8.0566406e+01
   9.0753510e+06   8.3923340e+01
   9.0766510e+06   8.2336426e+01
   9.0847810e+06   8.5327148e+01
   9.0852450e+06   7.4157715e+01
   9.0856380e+06   5.1879883e+01
   9.0951490e+06   8.4167480e+01
   9.1065290e+06   8.3007813e+01
   9.1065460e+06   3.4973145e+01
   9.1087850e+06   7.9711914e+01
   9.1165450e+06   7.5073242e+01
   9.1269030e+06   8.6303711e+01
   9.1359380e+06   8.3007813e+01
   9.1459620e+06   9.2407227e+01
   9.1476380e+06   7.0556641e+01
   9.1499290e+06   6.1767578e+01
   9.1577990e+06   7.5622559e+01
   9.1690940e+06   9.6618652e+01
   9.1699390e+06   5.7495117e+01
   9.1789610e+06   6.8847656e+01
   9.1980250e+06   7.6416016e+01
   9.2064390e+06   9.3627930e+01
   9.2157670e+06   9.0515137e+01
   9.2246070e+06   7.5134277e+01
   9.2354060e+06   9.0698242e+01
   9.2363640e+06   6.7382813e+01
   9.2469490e+06   7.3486328e+01
   9.2480830e+06   8.2275391e+01
   9.2588970e+06   9.3078613e+01
   9.2668970e+06   6.4575195e+01
   9.2773160e+06   7.5073242e+01
   9.2865350e+06   7.9467773e+01
   9.2936580e+06   7.2814941e+01
   9.2965340e+06   7.2814941e+01
   9.3132310e+06   8.6303711e+01
   9.3310160e+06   9.3872070e+01
   9.3423970e+06   9.0820313e+01
   9.3494370e+06   7.3181152e+01
   9.3589040e+06   8.2580566e+01
   9.3591680e+06   6.3903809e+01
   9.3595690e+06   5.3894043e+01
   9.3774500e+06   8.7646484e+01
   9.3863110e+06   8.3129883e+01
   9.3937210e+06   9.3139648e+01
   9.3951010e+06   8.8623047e+01
   9.3954590e+06   6.9641113e+01
   9.3959460e+06   6.2316895e+01
   9.4153760e+06   8.2763672e+01
   9.4196920e+06   7.6843262e+01
   9.4277320e+06   6.7749023e+01
   9.4288780e+06   8.2824707e+01
   9.4374130e+06   7.9650879e+01
   9.4465020e+06   6.9213867e+01
   9.4471330e+06   5.4626465e+01
   9.4475290e+06   5.1513672e+01
   9.4483200e+06   5.7006836e+01
   9.4683090e+06   7.2387695e+01
   9.4780370e+06   7.9528809e+01
   9.4788550e+06   5.9875488e+01
   9.4960500e+06   8.8134766e+01
   9.5086280e+06   5.7739258e+01
   9.5149530e+06   6.9763184e+01
   9.5154180e+06   6.0852051e+01
   9.5262480e+06   4.1259766e+01
   9.5264510e+06   8.2092285e+01
   9.5442810e+06   6.3049316e+01
   9.5453720e+06   7.6843262e+01
   9.5616220e+06   9.4482422e+01
   9.5628560e+06   7.8247070e+01
   9.5692980e+06   6.7565918e+01
   9.5791940e+06   7.8369141e+01
   9.5795580e+06   7.4829102e+01
   9.5799270e+06   4.9316406e+01
   9.5892540e+06   8.1481934e+01
   9.5964780e+06   7.7941895e+01
   9.5964930e+06   3.4729004e+01
   9.6045720e+06   7.5012207e+01
   9.6049880e+06   6.8664551e+01
   9.6146000e+06   4.2236328e+01
   9.6226320e+06   6.5551758e+01
   9.6315170e+06   3.4362793e+01
   9.6396320e+06   8.0566406e+01
   9.6402980e+06   7.9101563e+01
   9.6498590e+06   6.8908691e+01
   9.6659030e+06   7.7392578e+01
   9.6753310e+06   8.7402344e+01
   9.6828020e+06   6.8603516e+01
   9.6838250e+06   7.5317383e+01
   9.7009680e+06   7.1289063e+01
   9.7070240e+06   7.9589844e+01
   9.7156650e+06   6.2927246e+01
   9.7161290e+06   6.4575195e+01
   9.7241670e+06   6.8176270e+01
   9.7315380e+06   8.7402344e+01
   9.7519050e+06   8.3679199e+01
   9.7612220e+06   7.9406738e+01
   9.7617410e+06   8.2336426e+01
   9.7623300e+06   5.1635742e+01
   9.7708520e+06   3.4545898e+01
   9.7708920e+06   8.9294434e+01
   9.7710670e+06   3.5095215e+01
   9.7717250e+06   6.7260742e+01
   9.7817270e+06   6.6894531e+01
   9.7984750e+06   6.5307617e+01
   9.8008060e+06   6.8359375e+01
   9.8086340e+06   9.8449707e+01
   9.8167850e+06   4.1076660e+01
   9.8171210e+06   7.5195313e+01
   9.8268310e+06   7.6171875e+01
   9.8357360e+06   9.1857910e+01
   9.8361720e+06   6.9519043e+01
   9.8575400e+06   8.9904785e+01
   9.8580010e+06   8.0078125e+01
   9.8583540e+06   7.1044922e+01
   9.8704760e+06   6.8054199e+01
   9.8786520e+06   6.1462402e+01
   9.8792150e+06   6.2194824e+01
   9.8970010e+06   8.3862305e+01
   9.9027700e+06   3.5705566e+01
   9.9030640e+06   8.3923340e+01
   9.9036840e+06   6.8786621e+01
   9.9234050e+06   7.2204590e+01
   9.9319450e+06   8.3923340e+01
   9.9430590e+06   7.4584961e+01
   9.9564880e+06   8.6059570e+01
   9.9678010e+06   7.6904297e+01
   9.9688060e+06   7.3181152e+01
   9.9793380e+06   7.9589844e+01
   9.9799930e+06   8.9782715e+01
   9.9883130e+06   7.0678711e+01
   9.9979950e+06   7.9162598e+01
   1.0006419e+07   4.0954590e+01
   1.0006622e+07   8.5205078e+01
   1.0007075e+07   7.9589844e+01
   1.0017216e+07   7.5195313e+01
   1.0017575e+07   6.1950684e+01
   1.0028081e+07   6.7443848e+01
   1.0036286e+07   7.0617676e+01
   1.0045516e+07   6.3720703e+01
   1.0046709e+07   6.2805176e+01
   1.0063101e+07   6.6528320e+01
   1.0070844e+07   8.0017090e+01
   1.0080845e+07   8.2946777e+01
   1.0091569e+07   7.4768066e+01
   1.0092615e+07   6.2011719e+01
   1.0101505e+07   6.8298340e+01
   1.0120342e+07   9.5825195e+01
   1.0126332e+07   8.6181641e+01
   1.0127417e+07   7.3364258e+01
   1.0127805e+07   6.6833496e+01
   1.0132973e+07   5.8349609e+01
   1.0136989e+07   6.3659668e+01
   1.0145073e+07   6.6345215e+01
   1.0154934e+07   6.2927246e+01
   1.0155493e+07   5.4382324e+01
   1.0163755e+07   7.0983887e+01
   1.0164546e+07   3.4667969e+01
   1.0179510e+07   3.4301758e+01
   1.0179637e+07   7.9406738e+01
   1.0179890e+07   6.6955566e+01
   1.0201845e+07   9.6008301e+01
   1.0210744e+07   8.9172363e+01
   1.0211234e+07   6.8969727e+01
   1.0220207e+07   3.4973145e+01
   1.0220518e+07   7.2204590e+01
   1.0221231e+07   6.5979004e+01
   1.0229519e+07   7.6965332e+01
   1.0238644e+07   7.5134277e+01
   1.0247075e+07   8.5205078e+01
   1.0256409e+07   9.0270996e+01
   1.0265838e+07   7.3669434e+01
   1.0274721e+07   3.8391113e+01
   1.0275073e+07   7.0068359e+01
   1.0282558e+07   7.6660156e+01
   1.0282999e+07   6.7321777e+01
   1.0284133e+07   6.4453125e+01
   1.0294372e+07   7.7392578e+01
   1.0295091e+07   6.7993164e+01
   1.0302815e+07   7.8247070e+01
   1.0311457e+07   7.8308105e+01
   1.0319862e+07   6.8420410e+01
   1.0328758e+07   7.8918457e+01
   1.0338059e+07   8.4960938e+01
   1.0338996e+07   7.7148438e+01
   1.0347884e+07   6.8969727e+01
   1.0349785e+07   7.6721191e+01
   1.0357701e+07   7.5866699e+01
   1.0366957e+07   4.6752930e+01
   1.0367062e+07   6.5917969e+01
   1.0367583e+07   5.5541992e+01
   1.0378844e+07   7.8125000e+01
   1.0378859e+07   3.6499023e+01
   1.0389547e+07   6.3781738e+01
   1.0395999e+07   7.3303223e+01
   1.0397151e+07   7.1228027e+01
   1.0407083e+07   8.0078125e+01
   1.0417706e+07   8.4960938e+01
   1.0418049e+07   5.9570313e+01
   1.0418374e+07   5.1635742e+01
   1.0419034e+07   4.9682617e+01
   1.0429527e+07   6.2622070e+01
   1.0437787e+07   3.6865234e+01
   1.0438110e+07   6.5124512e+01
   1.0443093e+07   6.4147949e+01
   1.0448190e+07   6.4147949e+01
   1.0448827e+07   5.5358887e+01
   1.0458025e+07   5.8166504e+01
   1.0468692e+07   7.6904297e+01
   1.0470778e+07   6.3964844e+01
   1.0477914e+07   8.4289551e+01
   1.0478353e+07   6.8969727e+01
   1.0479088e+07   6.3293457e+01
   1.0488529e+07   6.3903809e+01
   1.0497878e+07   3.6926270e+01
   1.0497889e+07   4.2602539e+01
   1.0498088e+07   7.5866699e+01
   1.0498544e+07   6.0668945e+01
   1.0507087e+07   8.0139160e+01
   1.0516013e+07   5.9936523e+01
   1.0516557e+07   5.6335449e+01
   1.0517334e+07   5.6701660e+01
   1.0533405e+07   6.3537598e+01
   1.0533418e+07   3.5217285e+01
   1.0533739e+07   6.2011719e+01
   1.0534283e+07   5.0292969e+01
   1.0543302e+07   3.5705566e+01
   1.0544055e+07   6.3659668e+01
   1.0552377e+07   6.2805176e+01
   1.0553307e+07   7.4523926e+01
   1.0561411e+07   8.7646484e+01
   1.0562100e+07   6.3476563e+01
   1.0570071e+07   7.7880859e+01
   1.0578626e+07   8.1787109e+01
   1.0579169e+07   6.1279297e+01
   1.0590575e+07   6.2316895e+01
   1.0590999e+07   6.9824219e+01
   1.0591577e+07   5.5541992e+01
   1.0600270e+07   6.4514160e+01
   1.0601010e+07   5.3283691e+01
   1.0611002e+07   7.6171875e+01
   1.0611696e+07   5.2124023e+01
   1.0620767e+07   7.6538086e+01
   1.0621220e+07   5.3405762e+01
   1.0621996e+07   5.5603027e+01
   1.0632345e+07   4.7851563e+01
   1.0633068e+07   6.8420410e+01
   1.0641560e+07   7.9956055e+01
   1.0642296e+07   7.3181152e+01
   1.0651573e+07   6.3720703e+01
   1.0652138e+07   6.1401367e+01
   1.0660287e+07   3.5827637e+01
   1.0660319e+07   4.1870117e+01
   1.0660500e+07   9.0270996e+01
   1.0661029e+07   7.0495605e+01
   1.0669541e+07   7.7819824e+01
   1.0670362e+07   6.5795898e+01
   1.0680055e+07   3.4545898e+01
   1.0680146e+07   6.4758301e+01
   1.0680690e+07   6.0363770e+01
   1.0688604e+07   3.5339355e+01
   1.0688661e+07   3.4790039e+01
   1.0688883e+07   6.1889648e+01
   1.0689859e+07   7.5866699e+01
   1.0698468e+07   7.0800781e+01
   1.0708400e+07   3.5705566e+01
   1.0708484e+07   3.6621094e+01
   1.0708734e+07   8.0200195e+01
   1.0709124e+07   5.3649902e+01
   1.0719229e+07   8.0871582e+01
   1.0719800e+07   5.7678223e+01
   1.0727586e+07   8.0200195e+01
   1.0727701e+07   3.5339355e+01
   1.0727966e+07   5.3771973e+01
   1.0728502e+07   6.1340332e+01
   1.0738757e+07   6.7687988e+01
   1.0747414e+07   5.5114746e+01
   1.0747830e+07   6.8054199e+01
   1.0748175e+07   6.2683105e+01
   1.0757502e+07   7.1472168e+01
   1.0757813e+07   5.7434082e+01
   1.0758622e+07   5.2673340e+01
   1.0767090e+07   3.5522461e+01
   1.0767194e+07   6.0913086e+01
   1.0767495e+07   4.8278809e+01
   1.0768056e+07   5.2734375e+01
   1.0777192e+07   6.2316895e+01
   1.0786227e+07   6.7382813e+01
   1.0795180e+07   6.0546875e+01
   1.0795551e+07   6.8603516e+01
   1.0796144e+07   5.0231934e+01
   1.0805539e+07   7.9956055e+01
   1.0806476e+07   7.4584961e+01
   1.0814213e+07   3.9245605e+01
   1.0814367e+07   7.8491211e+01
   1.0814938e+07   6.1523438e+01
   1.0824559e+07   8.4167480e+01
   1.0825714e+07   5.9997559e+01
   1.0832582e+07   8.3374023e+01
   1.0833448e+07   5.5847168e+01
   1.0842920e+07   7.5805664e+01
   1.0851697e+07   6.9396973e+01
   1.0859412e+07   3.6071777e+01
   1.0859643e+07   8.3312988e+01
   1.0859654e+07   3.5461426e+01
   1.0860477e+07   5.6701660e+01
   1.0869703e+07   6.9274902e+01
   1.0870124e+07   7.0739746e+01
   1.0870760e+07   5.1208496e+01
   1.0879979e+07   5.6457520e+01
   1.0880619e+07   5.8166504e+01
   1.0881333e+07   5.6518555e+01
   1.0890251e+07   7.8857422e+01
   1.0899668e+07   3.9367676e+01
   1.0899717e+07   7.8918457e+01
   1.0900041e+07   4.2236328e+01
   1.0900726e+07   5.9631348e+01
   1.0919439e+07   3.7048340e+01
   1.0919673e+07   7.9406738e+01
   1.0920051e+07   6.5002441e+01
   1.0920523e+07   7.0800781e+01
   1.0929539e+07   7.0190430e+01
   1.0929873e+07   3.9062500e+01
   1.0930084e+07   6.0729980e+01
   1.0939095e+07   7.6232910e+01
   1.0939603e+07   5.0903320e+01
   1.0947799e+07   7.7392578e+01
   1.0957846e+07   6.9946289e+01
   1.0958277e+07   6.6894531e+01
   1.0966488e+07   7.8002930e+01
   1.0966806e+07   6.5368652e+01
   1.0976074e+07   4.4067383e+01
   1.0976317e+07   7.5866699e+01
   1.0985104e+07   3.4667969e+01
   1.0985248e+07   3.5766602e+01
   1.0985267e+07   7.0983887e+01
   1.0985307e+07   3.4301758e+01
   1.0985563e+07   6.1767578e+01
   1.0986258e+07   5.9265137e+01
   1.0995751e+07   6.4880371e+01
   1.1004832e+07   6.9091797e+01
   1.1005383e+07   6.9946289e+01
   1.1013579e+07   6.6894531e+01
   1.1013974e+07   5.3344727e+01
   1.1022129e+07   8.4167480e+01
   1.1022609e+07   5.7922363e+01
   1.1031412e+07   3.5949707e+01
   1.1031544e+07   8.6242676e+01
   1.1031762e+07   4.2114258e+01
   1.1032116e+07   5.0048828e+01
   1.1032696e+07   4.1809082e+01
   1.1041367e+07   4.2480469e+01
   1.1042862e+07   6.9824219e+01
   1.1050587e+07   3.7475586e+01
   1.1050829e+07   3.8879395e+01
   1.1050840e+07   7.2875977e+01
   1.1051509e+07   5.6518555e+01
   1.1052080e+07   5.3161621e+01
   1.1059603e+07   3.6010742e+01
   1.1059954e+07   7.5317383e+01
   1.1059987e+07   3.5522461e+01
   1.1068988e+07   8.5937500e+01
   1.1069486e+07   5.4260254e+01
   1.1077826e+07   3.5461426e+01
   1.1078150e+07   6.1767578e+01
   1.1078670e+07   6.2072754e+01
   1.1079263e+07   4.6752930e+01
   1.1089068e+07   4.9255371e+01
   1.1097304e+07   4.4860840e+01
   1.1097449e+07   8.1909180e+01
   1.1097907e+07   5.5114746e+01
   1.1106690e+07   5.5969238e+01
   1.1106818e+07   7.4035645e+01
   1.1106833e+07   4.8095703e+01
   1.1107212e+07   5.3100586e+01
   1.1107707e+07   5.7067871e+01
   1.1116896e+07   7.3059082e+01
   1.1117733e+07   5.9509277e+01
   1.1125679e+07   4.6264648e+01
   1.1126561e+07   5.9509277e+01
   1.1134596e+07   7.9284668e+01
   1.1143742e+07   3.8513184e+01
   1.1143803e+07   8.0993652e+01
   1.1144075e+07   6.4941406e+01
   1.1144748e+07   5.2246094e+01
   1.1153412e+07   7.0739746e+01
   1.1153466e+07   3.5095215e+01
   1.1153717e+07   6.5368652e+01
   1.1162060e+07   8.9416504e+01
   1.1162387e+07   5.4992676e+01
   1.1171628e+07   6.3293457e+01
   1.1179731e+07   3.5034180e+01
   1.1179855e+07   7.6599121e+01
   1.1180226e+07   6.3415527e+01
   1.1188838e+07   3.6743164e+01
   1.1188862e+07   4.3457031e+01
   1.1188929e+07   7.9833984e+01
   1.1189041e+07   3.4667969e+01
   1.1189189e+07   4.8461914e+01
   1.1198351e+07   3.6560059e+01
   1.1198697e+07   6.3049316e+01
   1.1207026e+07   7.7819824e+01
   1.1207448e+07   5.9936523e+01
   1.1215330e+07   3.6621094e+01
   1.1215418e+07   3.6193848e+01
   1.1215534e+07   3.8879395e+01
   1.1215556e+07   7.0556641e+01
   1.1216094e+07   4.7912598e+01
   1.1224804e+07   7.8369141e+01
   1.1225375e+07   5.1635742e+01
   1.1233284e+07   6.5490723e+01
   1.1233870e+07   5.7861328e+01
   1.1241884e+07   4.0466309e+01
   1.1241959e+07   6.0485840e+01
   1.1241982e+07   4.6447754e+01
   1.1242309e+07   5.0292969e+01
   1.1250519e+07   3.5766602e+01
   1.1250594e+07   7.8857422e+01
   1.1250885e+07   5.3161621e+01
   1.1251477e+07   4.3945313e+01
   1.1259470e+07   7.4218750e+01
   1.1259737e+07   5.7800293e+01
   1.1268343e+07   6.0302734e+01
   1.1275895e+07   3.9978027e+01
   1.1276868e+07   5.6701660e+01
   1.1284682e+07   4.2236328e+01
   1.1284711e+07   3.8085938e+01
   1.1284756e+07   9.1491699e+01
   1.1285039e+07   5.5969238e+01
   1.1292961e+07   4.3273926e+01
   1.1293022e+07   6.7749023e+01
   1.1293044e+07   3.5827637e+01
   1.1301459e+07   6.7626953e+01
   1.1301839e+07   4.1015625e+01
   1.1309390e+07   3.6621094e+01
   1.1309493e+07   6.5551758e+01
   1.1309508e+07   3.7414551e+01
   1.1309522e+07   3.6071777e+01
   1.1309795e+07   4.7485352e+01
   1.1318030e+07   3.6010742e+01
   1.1318135e+07   3.8696289e+01
   1.1318222e+07   7.7148438e+01
   1.1325738e+07   3.6804199e+01
   1.1325879e+07   6.6345215e+01
   1.1326348e+07   5.9326172e+01
   1.1333185e+07   3.5400391e+01
   1.1333452e+07   3.6682129e+01
   1.1333511e+07   3.5034180e+01
   1.1333552e+07   7.2875977e+01
   1.1341494e+07   3.4790039e+01
   1.1341581e+07   3.7048340e+01
   1.1341596e+07   3.9855957e+01
   1.1341713e+07   3.4484863e+01
   1.1342000e+07   5.4504395e+01
   1.1349919e+07   3.4545898e+01
   1.1349952e+07   3.6010742e+01
   1.1350132e+07   6.2500000e+01
   1.1357722e+07   3.6560059e+01
   1.1357852e+07   7.4218750e+01
   1.1358120e+07   5.3283691e+01
   1.1364330e+07   6.4086914e+01
   1.1365819e+07   3.6865234e+01
   1.1366038e+07   3.5461426e+01
   1.1366188e+07   7.8308105e+01
   1.1366205e+07   3.8574219e+01
   1.1373301e+07   3.5339355e+01
   1.1373462e+07   6.2866211e+01
   1.1381264e+07   3.4851074e+01
   1.1381337e+07   7.3425293e+01
   1.1381439e+07   3.8269043e+01
   1.1381528e+07   5.6579590e+01
   1.1381585e+07   4.0710449e+01
   1.1389587e+07   3.7780762e+01
   1.1389852e+07   6.0668945e+01
   1.1397424e+07   3.4973145e+01
   1.1397486e+07   4.4494629e+01
   1.1397594e+07   9.0698242e+01
   1.1397622e+07   3.5461426e+01
   1.1397654e+07   3.4362793e+01
   1.1397739e+07   3.6560059e+01
   1.1397776e+07   5.2917480e+01
   1.1397786e+07   3.5888672e+01
   1.1400475e+07   4.6997070e+01
   1.1413177e+07   3.5522461e+01
   1.1413314e+07   3.5095215e+01
   1.1413328e+07   4.2541504e+01
   1.1413514e+07   3.5095215e+01
   1.1413638e+07   3.8208008e+01
   1.1419660e+07   3.6987305e+01
   1.1419867e+07   3.4790039e+01
   1.1426996e+07   3.4606934e+01
   1.1427072e+07   5.3100586e+01
   1.1427105e+07   8.4655762e+01
   1.1427349e+07   4.1381836e+01
   1.1427493e+07   3.5156250e+01
   1.1430774e+07   4.9621582e+01
   1.1435017e+07   3.7658691e+01
   1.1435149e+07   7.2937012e+01
   1.1435359e+07   4.7973633e+01
   1.1435624e+07   3.8208008e+01
   1.1443495e+07   4.5776367e+01
   1.1443506e+07   3.6315918e+01
   1.1443614e+07   4.0344238e+01
   1.1443684e+07   3.9062500e+01
   1.1443713e+07   7.2509766e+01
   1.1444071e+07   3.9245605e+01
   1.1450457e+07   3.4301758e+01
   1.1450538e+07   3.7780762e+01
   1.1450650e+07   8.3129883e+01
   1.1450680e+07   4.4372559e+01
   1.1450731e+07   3.8024902e+01
   1.1450856e+07   4.4616699e+01
   1.1458016e+07   3.6682129e+01
   1.1458090e+07   3.8940430e+01
   1.1458109e+07   3.7719727e+01
   1.1458306e+07   3.4423828e+01
   1.1458403e+07   3.8635254e+01
   1.1458531e+07   3.8940430e+01
   1.1466326e+07   3.4545898e+01
   1.1466410e+07   3.6132813e+01
   1.1466461e+07   7.3181152e+01
   1.1466515e+07   3.8146973e+01
   1.1466669e+07   4.8950195e+01
   1.1473796e+07   3.4851074e+01
   1.1473948e+07   6.2744141e+01
   1.1474002e+07   4.2724609e+01
   1.1474036e+07   3.4606934e+01
   1.1474117e+07   4.1687012e+01
   1.1481861e+07   3.6071777e+01
   1.1481883e+07   6.4453125e+01
   1.1481978e+07   3.6865234e+01
   1.1482107e+07   3.7902832e+01
   1.1482163e+07   4.0100098e+01
   1.1489933e+07   3.5095215e+01
   1.1489955e+07   3.7048340e+01
   1.1490006e+07   7.3730469e+01
   1.1490047e+07   3.6804199e+01
   1.1490107e+07   4.5104980e+01
   1.1499040e+07   3.8574219e+01
   1.1499129e+07   4.1076660e+01
   1.1499501e+07   4.4860840e+01
   1.1506341e+07   4.7790527e+01
   1.1506402e+07   4.7790527e+01
   1.1506637e+07   3.8085938e+01
   1.1513369e+07   4.0405273e+01
   1.1513386e+07   3.5461426e+01
   1.1513410e+07   3.6132813e+01
   1.1513499e+07   4.8706055e+01
   1.1513703e+07   3.5339355e+01
   1.1520448e+07   4.0344238e+01
   1.1520645e+07   3.7780762e+01
   1.1520748e+07   6.8786621e+01
   1.1520759e+07   4.1381836e+01
   1.1520817e+07   3.6010742e+01
   1.1520838e+07   3.5156250e+01
   1.1528419e+07   4.1503906e+01
   1.1528525e+07   3.6437988e+01
   1.1528549e+07   7.8063965e+01
   1.1528592e+07   4.1198730e+01
   1.1528757e+07   3.9733887e+01
   1.1535439e+07   3.6437988e+01
   1.1535521e+07   3.8024902e+01
   1.1535532e+07   6.1218262e+01
   1.1543369e+07   3.4912109e+01
   1.1543557e+07   4.0771484e+01
   1.1543588e+07   4.3457031e+01
   1.1549433e+07   4.0466309e+01
   1.1549605e+07   3.7231445e+01
   1.1555392e+07   6.4147949e+01
   1.1561342e+07   3.9733887e+01
   1.1561414e+07   3.6987305e+01
   1.1561427e+07   4.0588379e+01
   1.1561465e+07   4.4799805e+01
   1.1567742e+07   3.9062500e+01
   1.1567813e+07   4.1992188e+01
   1.1567896e+07   3.8574219e+01
   1.1567910e+07   3.9428711e+01
   1.1567990e+07   3.4851074e+01
   1.1574499e+07   3.4667969e+01
   1.1580907e+07   4.3762207e+01
   1.1580977e+07   4.7790527e+01
   1.1581002e+07   3.7292480e+01
   1.1581089e+07   3.5156250e+01
   1.1581198e+07   3.4851074e+01
   1.1587661e+07   3.6804199e+01
   1.1587743e+07   5.5297852e+01
   1.1587804e+07   3.7231445e+01
   1.1587973e+07   3.8513184e+01
   1.1594304e+07   3.6193848e+01
   1.1594318e+07   6.1523438e+01
   1.1594528e+07   4.1625977e+01
   1.1600695e+07   3.9306641e+01
   1.1600900e+07   3.6437988e+01
   1.1600997e+07   5.6091309e+01
   1.1601007e+07   3.6437988e+01
   1.1601072e+07   4.2114258e+01
   1.1607586e+07   3.8391113e+01
   1.1607618e+07   3.6254883e+01
   1.1607634e+07   4.3273926e+01
   1.1607762e+07   3.4545898e+01
   1.1613425e+07   3.7902832e+01
   1.1613459e+07   3.6010742e+01
   1.1613478e+07   4.3029785e+01
   1.1613559e+07   3.7170410e+01
   1.1613683e+07   3.9733887e+01
   1.1620092e+07   3.9794922e+01
   1.1620184e+07   5.5175781e+01
   1.1625374e+07   5.2307129e+01
   1.1625392e+07   3.9611816e+01
   1.1625425e+07   4.6752930e+01
   1.1625446e+07   6.2500000e+01
   1.1630417e+07   4.1992188e+01
   1.1630474e+07   4.1320801e+01
   1.1630505e+07   5.0354004e+01
   1.1636448e+07   3.7597656e+01
   1.1636471e+07   3.8696289e+01
   1.1636520e+07   4.1015625e+01
   1.1636537e+07   3.6437988e+01
   1.1636569e+07   4.7180176e+01
   1.1636717e+07   3.5522461e+01
   1.1642599e+07   4.4311523e+01
   1.1642621e+07   3.4423828e+01
   1.1642692e+07   5.0598145e+01
   1.1648305e+07   3.9245605e+01
   1.1648317e+07   4.3457031e+01
   1.1648375e+07   3.7048340e+01
   1.1648388e+07   4.5166016e+01
   1.1654647e+07   4.6508789e+01
   1.1654693e+07   3.4790039e+01
   1.1654711e+07   4.0283203e+01
   1.1654735e+07   3.4240723e+01
   1.1654780e+07   3.6193848e+01
   1.1660813e+07   3.5217285e+01
   1.1660848e+07   3.9489746e+01
   1.1660888e+07   3.6621094e+01
   1.1660909e+07   5.4016113e+01
   1.1660959e+07   4.1198730e+01
   1.1661009e+07   3.4790039e+01
   1.1666182e+07   4.6020508e+01
   1.1666199e+07   4.0283203e+01
   1.1666214e+07   4.2480469e+01
   1.1666251e+07   6.4208984e+01
   1.1666343e+07   3.4362793e+01
   1.1672364e+07   3.8818359e+01
   1.1672384e+07   4.0710449e+01
   1.1672426e+07   5.2551270e+01
   1.1672442e+07   3.9367676e+01
   1.1678691e+07   4.4250488e+01
   1.1678754e+07   4.2785645e+01
   1.1678821e+07   5.0659180e+01
   1.1678840e+07   3.7902832e+01
   1.1684365e+07   4.7180176e+01
   1.1684475e+07   3.4423828e+01
   1.1684519e+07   3.4240723e+01
   1.1689965e+07   3.9916992e+01
   1.1690003e+07   3.5827637e+01
   1.1690074e+07   5.3344727e+01
   1.1690092e+07   3.9306641e+01
   1.1695340e+07   3.6437988e+01
   1.1695442e+07   4.6630859e+01
   1.1695463e+07   4.7180176e+01
   1.1700606e+07   4.2602539e+01
   1.1700648e+07   3.6071777e+01
   1.1700713e+07   5.6762695e+01
   1.1700731e+07   3.5400391e+01
   1.1706713e+07   3.6010742e+01
   1.1706758e+07   3.8269043e+01
   1.1706831e+07   5.5725098e+01
   1.1706861e+07   3.6376953e+01
   1.1712682e+07   3.6743164e+01
   1.1712758e+07   3.8818359e+01
   1.1712773e+07   3.4667969e+01
   1.1712811e+07   3.7109375e+01
   1.1712844e+07   5.0170898e+01
   1.1719299e+07   3.6010742e+01
   1.1719399e+07   6.5979004e+01
   1.1725518e+07   4.5104980e+01
   1.1725536e+07   4.1992187e+01
   1.1725592e+07   4.8156738e+01
   1.1725613e+07   4.0283203e+01
   1.1731952e+07   3.4851074e+01
   1.1731979e+07   3.6987305e+01
   1.1732002e+07   4.0283203e+01
   1.1732095e+07   7.3364258e+01
   1.1732116e+07   3.6071777e+01
   1.1738139e+07   3.8879395e+01
   1.1738183e+07   3.9489746e+01
   1.1738216e+07   5.6762695e+01
   1.1743917e+07   3.5888672e+01
   1.1743941e+07   5.6091309e+01
   1.1743978e+07   3.6315918e+01
   1.1744000e+07   5.2856445e+01
   1.1744022e+07   3.8818359e+01
   1.1744050e+07   3.6743164e+01
   1.1749293e+07   3.4240723e+01
   1.1749331e+07   3.4240723e+01
   1.1749347e+07   3.6865234e+01
   1.1749374e+07   4.5410156e+01
   1.1749391e+07   3.6621094e+01
   1.1749418e+07   3.5888672e+01
   1.1754749e+07   3.5644531e+01
   1.1754780e+07   3.5339355e+01
   1.1755063e+07   3.4423828e+01
   1.1760635e+07   7.2265625e+01
   1.1766715e+07   3.8391113e+01
   1.1766818e+07   4.1015625e+01
   1.1766835e+07   3.9184570e+01
   1.1766877e+07   3.8085938e+01
   1.1772601e+07   3.8452148e+01
   1.1772624e+07   3.5766602e+01
   1.1772651e+07   4.8095703e+01
   1.1772667e+07   3.7841797e+01
   1.1772704e+07   3.7231445e+01
   1.1772724e+07   7.6965332e+01
   1.1778469e+07   3.4667969e+01
   1.1778499e+07   3.7841797e+01
   1.1778544e+07   3.4667969e+01
   1.1778598e+07   5.5236816e+01
   1.1784782e+07   3.9428711e+01
   1.1784802e+07   3.6560059e+01
   1.1784853e+07   3.5766602e+01
   1.1784927e+07   6.3171387e+01
   1.1790571e+07   4.9926758e+01
   1.1790693e+07   6.0791016e+01
   1.1790821e+07   3.4423828e+01
   1.1796512e+07   4.2663574e+01
   1.1796583e+07   7.5317383e+01
   1.1796672e+07   3.6926270e+01
   1.1803075e+07   3.5949707e+01
   1.1803135e+07   3.7963867e+01
   1.1803171e+07   6.1889648e+01
   1.1803227e+07   3.6254883e+01
   1.1809509e+07   4.3273926e+01
   1.1809611e+07   5.8410645e+01
   1.1809632e+07   3.5583496e+01
   1.1815352e+07   3.8574219e+01
   1.1815394e+07   4.8828125e+01
   1.1815468e+07   4.7851563e+01
   1.1815478e+07   4.0527344e+01
   1.1821700e+07   3.4545898e+01
   1.1821724e+07   4.3151855e+01
   1.1821756e+07   4.1137695e+01
   1.1821820e+07   6.0363770e+01
   1.1828101e+07   3.5461426e+01
   1.1828137e+07   3.5461426e+01
   1.1828158e+07   4.0466309e+01
   1.1828252e+07   6.6833496e+01
   1.1828268e+07   4.4677734e+01
   1.1828494e+07   3.4729004e+01
   1.1834855e+07   6.4636230e+01
   1.1841393e+07   4.3945313e+01
   1.1841469e+07   5.7556152e+01
   1.1841488e+07   3.5949707e+01
   1.1847944e+07   3.4851074e+01
   1.1847993e+07   4.4799805e+01
   1.1848004e+07   3.6987305e+01
   1.1848080e+07   5.7922363e+01
   1.1848150e+07   3.6560059e+01
   1.1854403e+07   4.0893555e+01
   1.1854425e+07   3.6865234e+01
   1.1854470e+07   3.6987305e+01
   1.1854569e+07   5.5664063e+01
   1.1854662e+07   3.4851074e+01
   1.1860534e+07   3.5827637e+01
   1.1860566e+07   3.7963867e+01
   1.1860576e+07   3.8024902e+01
   1.1860672e+07   4.7607422e+01
   1.1860897e+07   4.3457031e+01
   1.1866972e+07   3.5705566e+01
   1.1867032e+07   3.5949707e+01
   1.1867097e+07   6.3171387e+01
   1.1867158e+07   3.6804199e+01
   1.1867334e+07   3.8879395e+01
   1.1872566e+07   3.8085938e+01
   1.1872588e+07   4.4189453e+01
   1.1872628e+07   4.2236328e+01
   1.1872685e+07   6.6772461e+01
   1.1872712e+07   3.9733887e+01
   1.1872883e+07   3.7536621e+01
   1.1879416e+07   3.9978027e+01
   1.1879444e+07   3.7292480e+01
   1.1879486e+07   3.9733887e+01
   1.1879534e+07   7.6354980e+01
   1.1879717e+07   3.8818359e+01
   1.1885854e+07   3.4851074e+01
   1.1885928e+07   3.4606934e+01
   1.1885985e+07   4.5837402e+01
   1.1885998e+07   5.3527832e+01
   1.1886228e+07   3.4667969e+01
   1.1892458e+07   4.1076660e+01
   1.1892504e+07   4.1992188e+01
   1.1892552e+07   4.6508789e+01
   1.1892571e+07   4.5410156e+01
   1.1892620e+07   3.8208008e+01
   1.1892734e+07   3.5339355e+01
   1.1898982e+07   4.9377441e+01
   1.1899027e+07   3.6132813e+01
   1.1899094e+07   5.5114746e+01
   1.1905726e+07   3.6071777e+01
   1.1905758e+07   4.1931152e+01
   1.1905837e+07   5.2185059e+01
   1.1906091e+07   4.3029785e+01
   1.1912902e+07   4.4067383e+01
   1.1912952e+07   5.7495117e+01
   1.1913030e+07   4.0527344e+01
   1.1913189e+07   3.6987305e+01
   1.1919895e+07   3.5583496e+01
   1.1919962e+07   4.2907715e+01
   1.1920052e+07   6.7199707e+01
   1.1920271e+07   3.7719727e+01
   1.1926733e+07   3.7292480e+01
   1.1926765e+07   3.4484863e+01
   1.1926814e+07   4.9926758e+01
   1.1926831e+07   3.4729004e+01
   1.1927078e+07   3.6193848e+01
   1.1927090e+07   4.0649414e+01
   1.1933737e+07   3.6132813e+01
   1.1933747e+07   3.8330078e+01
   1.1933774e+07   3.8024902e+01
   1.1933814e+07   3.6987305e+01
   1.1933836e+07   3.4606934e+01
   1.1933880e+07   7.3547363e+01
   1.1934040e+07   3.4912109e+01
   1.1940876e+07   3.4851074e+01
   1.1940911e+07   3.6071777e+01
   1.1940971e+07   4.1015625e+01
   1.1941054e+07   5.1940918e+01
   1.1948083e+07   3.7963867e+01
   1.1948180e+07   3.9978027e+01
   1.1948279e+07   6.9458008e+01
   1.1948581e+07   3.9306641e+01
   1.1955106e+07   3.4240723e+01
   1.1955117e+07   4.7729492e+01
   1.1955170e+07   3.5644531e+01
   1.1955240e+07   7.2143555e+01
   1.1961964e+07   4.1503906e+01
   1.1962190e+07   4.0527344e+01
   1.1962457e+07   4.0283203e+01
   1.1962516e+07   3.4423828e+01
   1.1969142e+07   3.5095215e+01
   1.1969218e+07   6.6833496e+01
   1.1976345e+07   3.8085938e+01
   1.1976411e+07   3.5095215e+01
   1.1976486e+07   4.1503906e+01
   1.1976516e+07   3.7353516e+01
   1.1976758e+07   4.0710449e+01
   1.1983917e+07   3.6926270e+01
   1.1984150e+07   3.9245605e+01
   1.1991458e+07   6.0607910e+01
   1.1998741e+07   3.8391113e+01
   1.1998759e+07   3.4729004e+01
   1.1998820e+07   4.6264648e+01
   1.1998917e+07   6.0180664e+01
   1.1998941e+07   3.6682129e+01
