   1.1999000e+07   0.0000000e+00
   4.1252000e+04   4.0405273e+01
   7.9107000e+04   4.0344238e+01
   7.9177000e+04   3.8696289e+01
   1.1831400e+05   4.1748047e+01
   1.5193500e+05   3.8879395e+01
   1.8212300e+05   3.8391113e+01
   2.2498500e+05   3.8696289e+01
   2.4640700e+05   3.9733887e+01
   2.5954600e+05   3.8513184e+01
   2.5961700e+05   3.8330078e+01
   3.3167900e+05   3.7780762e+01
   4.1522400e+05   3.8085938e+01
   4.1527800e+05   3.8818359e+01
   4.6054900e+05   4.0283203e+01
   4.7411500e+05   4.0222168e+01
   4.9180100e+05   3.9428711e+01
   4.9191500e+05   3.8513184e+01
   5.6178300e+05   3.8879395e+01
   6.3067400e+05   3.8208008e+01
   6.3077800e+05   3.9001465e+01
   6.3100100e+05   3.8635254e+01
   6.6537800e+05   3.8269043e+01
   6.6545500e+05   4.0527344e+01
   6.6565500e+05   3.9367676e+01
   6.6571100e+05   3.7658691e+01
   6.6760500e+05   3.7597656e+01
   7.2441400e+05   4.6569824e+01
   7.5666900e+05   3.6987305e+01
   7.5697600e+05   4.0954590e+01
   7.9498400e+05   4.4006348e+01
   8.2462800e+05   3.8696289e+01
   8.2467600e+05   4.1320801e+01
   8.8691000e+05   4.1015625e+01
   9.4586100e+05   3.7414551e+01
   1.0294210e+06   3.9489746e+01
   1.0626650e+06   4.4677734e+01
   1.0627510e+06   3.8269043e+01
   1.0988720e+06   4.2358398e+01
   1.0989500e+06   4.0039063e+01
   1.1261270e+06   3.7170410e+01
   1.1573820e+06   3.9062500e+01
   1.2071880e+06   3.8879395e+01
   1.2262310e+06   4.0405273e+01
   1.2263060e+06   4.4738770e+01
   1.2755760e+06   3.9123535e+01
   1.3086770e+06   4.8889160e+01
   1.3699790e+06   3.8818359e+01
   1.3700650e+06   4.2785645e+01
   1.3704380e+06   3.7414551e+01
   1.4185950e+06   3.9916992e+01
   1.4470810e+06   4.2419434e+01
   1.4472570e+06   3.7048340e+01
   1.4475180e+06   3.8208008e+01
   1.5020750e+06   4.3884277e+01
   1.5021850e+06   4.8522949e+01
   1.5021960e+06   4.3884277e+01
   1.5022530e+06   4.1259766e+01
   1.5347440e+06   4.0283203e+01
   1.5348230e+06   5.8593750e+01
   1.5360550e+06   3.7109375e+01
   1.5364550e+06   3.9550781e+01
   1.5748030e+06   4.0344238e+01
   1.5981230e+06   3.8452148e+01
   1.5988810e+06   3.8146973e+01
   1.6276150e+06   3.7353516e+01
   1.6819650e+06   4.0710449e+01
   1.7086580e+06   3.7109375e+01
   1.7451870e+06   3.7231445e+01
   1.8112710e+06   4.4128418e+01
   1.8560510e+06   4.2053223e+01
   1.8569310e+06   3.7536621e+01
   1.8885140e+06   3.8269043e+01
   1.8888900e+06   4.0527344e+01
   1.9315860e+06   4.0832520e+01
   1.9316180e+06   3.9123535e+01
   1.9732530e+06   4.0466309e+01
   2.0003360e+06   3.7536621e+01
   2.0471010e+06   3.7109375e+01
   2.0471320e+06   3.6987305e+01
   2.0909690e+06   4.4860840e+01
   2.0910260e+06   3.8146973e+01
   2.0914580e+06   3.8757324e+01
   2.1297520e+06   3.9978027e+01
   2.1298720e+06   4.2114258e+01
   2.1300810e+06   3.8085938e+01
   2.1752430e+06   3.7353516e+01
   2.2408890e+06   4.2846680e+01
   2.2411090e+06   3.8635254e+01
   2.2850730e+06   3.8208008e+01
   2.3292740e+06   3.7048340e+01
   2.3671450e+06   4.8583984e+01
   2.4090040e+06   4.0405273e+01
   2.4427500e+06   4.0527344e+01
   2.4756060e+06   3.9794922e+01
   2.4759760e+06   3.7902832e+01
   2.5026680e+06   4.6386719e+01
   2.5031800e+06   3.7231445e+01
   2.5247230e+06   3.9001465e+01
   2.5583560e+06   4.5898438e+01
   2.5946280e+06   3.7658691e+01
   2.7115500e+06   4.5410156e+01
   2.7541650e+06   3.8757324e+01
   2.7543040e+06   4.2602539e+01
   2.7543490e+06   4.3273926e+01
   2.7544540e+06   3.7475586e+01
   2.8139630e+06   4.5776367e+01
   2.8142580e+06   4.1931152e+01
   2.8166260e+06   3.9062500e+01
   2.8167570e+06   5.5725098e+01
   2.8829950e+06   3.9611816e+01
   2.8832790e+06   3.9001465e+01
   2.9754870e+06   3.7048340e+01
   2.9757500e+06   3.7597656e+01
   3.0569800e+06   4.2602539e+01
   3.1199600e+06   4.1137695e+01
   3.1200090e+06   4.9621582e+01
   3.1559480e+06   3.8146973e+01
   3.1560170e+06   3.9550781e+01
   3.1782540e+06   3.7170410e+01
   3.1969840e+06   3.8757324e+01
   3.2757820e+06   3.9489746e+01
   3.2758920e+06   3.7475586e+01
   3.3260510e+06   3.8635254e+01
   3.3261970e+06   4.5043945e+01
   3.3262650e+06   3.8513184e+01
   3.3263060e+06   3.7475586e+01
   3.3263300e+06   3.9428711e+01
   3.3263580e+06   3.7292480e+01
   3.3899990e+06   3.9001465e+01
   3.3901010e+06   3.7170410e+01
   3.4097020e+06   3.7597656e+01
   3.4393010e+06   4.5898438e+01
   3.4832380e+06   3.7963867e+01
   3.5089800e+06   4.8889160e+01
   3.5357820e+06   3.9428711e+01
   3.5380570e+06   4.0893555e+01
   3.5849880e+06   3.9123535e+01
   3.5850720e+06   3.7048340e+01
   3.6127660e+06   3.7658691e+01
   3.6794120e+06   3.7231445e+01
   3.6824950e+06   4.0039063e+01
   3.7274360e+06   4.3518066e+01
   3.7474870e+06   4.1320801e+01
   3.7475320e+06   4.3395996e+01
   3.8319850e+06   4.1320801e+01
   3.8541280e+06   3.8696289e+01
   3.8543300e+06   3.8635254e+01
   3.8834020e+06   3.8391113e+01
   3.9575530e+06   3.7292480e+01
   3.9733790e+06   4.1992188e+01
   4.0294280e+06   3.7963867e+01
   4.0419380e+06   3.9428711e+01
   4.0420600e+06   3.7292480e+01
   4.0421520e+06   3.9489746e+01
   4.0836170e+06   3.9550781e+01
   4.1730900e+06   3.9001465e+01
   4.2279460e+06   3.7048340e+01
   4.2282890e+06   3.7902832e+01
   4.2727280e+06   3.9611816e+01
   4.3106070e+06   3.8330078e+01
   4.3231710e+06   3.6926270e+01
   4.3576070e+06   3.9733887e+01
   4.3576530e+06   4.0039063e+01
   4.3579940e+06   4.5104980e+01
   4.3983550e+06   4.0954590e+01
   4.3984370e+06   4.0649414e+01
   4.4359690e+06   4.4311523e+01
   4.4794510e+06   4.1687012e+01
   4.5070680e+06   3.8452148e+01
   4.5071940e+06   3.9367676e+01
   4.5554580e+06   3.8330078e+01
   4.5976250e+06   4.1076660e+01
   4.6376670e+06   4.6936035e+01
   4.6377840e+06   4.0527344e+01
   4.6378770e+06   3.9855957e+01
   4.6380000e+06   4.0893555e+01
   4.6692950e+06   3.7353516e+01
   4.7092050e+06   3.9672852e+01
   4.8164920e+06   4.5715332e+01
   4.8563400e+06   3.7048340e+01
   4.8647740e+06   4.1625977e+01
   4.9004350e+06   3.8024902e+01
   4.9008490e+06   3.7719727e+01
   4.9402630e+06   4.1442871e+01
   4.9649110e+06   4.2419434e+01
   4.9649840e+06   4.2114258e+01
   4.9650830e+06   3.7231445e+01
   4.9651070e+06   3.8696289e+01
   5.0149810e+06   3.7170410e+01
   5.0150800e+06   3.8879395e+01
   5.0567640e+06   4.3884277e+01
   5.0769430e+06   4.0954590e+01
   5.0772730e+06   4.0100098e+01
   5.1283430e+06   4.1137695e+01
   5.1529540e+06   3.7475586e+01
   5.2049060e+06   4.3334961e+01
   5.2588360e+06   4.6691895e+01
   5.2615770e+06   3.9123535e+01
   5.2616230e+06   4.0283203e+01
   5.3047600e+06   4.0954590e+01
   5.3048410e+06   3.8391113e+01
   5.3387930e+06   4.5471191e+01
   5.3389270e+06   4.5959473e+01
   5.3659110e+06   3.8696289e+01
   5.3940670e+06   4.2663574e+01
   5.3952700e+06   3.8208008e+01
   5.3955090e+06   3.8635254e+01
   5.4205190e+06   4.5410156e+01
   5.4369190e+06   4.1687012e+01
   5.4369450e+06   4.6936035e+01
   5.4842620e+06   4.3395996e+01
   5.4843170e+06   3.8208008e+01
   5.5176410e+06   3.7231445e+01
   5.5176860e+06   3.9367676e+01
   5.5655430e+06   3.8391113e+01
   5.5656170e+06   3.8757324e+01
   5.6688710e+06   3.7902832e+01
   5.7147650e+06   3.9489746e+01
   5.7390300e+06   3.8208008e+01
   5.7540190e+06   3.7048340e+01
   5.7769650e+06   3.7658691e+01
   5.7781600e+06   3.9733887e+01
   5.8078260e+06   3.8452148e+01
   5.8078710e+06   4.2419434e+01
   5.8079660e+06   3.7048340e+01
   5.8439750e+06   3.8513184e+01
   5.9414870e+06   3.7414551e+01
   5.9415440e+06   3.7658691e+01
   5.9416820e+06   3.8391113e+01
   5.9417920e+06   4.3945313e+01
   5.9418550e+06   3.8085938e+01
   6.0042810e+06   4.1748047e+01
   6.0228640e+06   3.8024902e+01
   6.0512900e+06   3.8818359e+01
   6.0514080e+06   4.3395996e+01
   6.0519850e+06   3.7536621e+01
   6.1198440e+06   3.9062500e+01
   6.2011670e+06   3.8574219e+01
   6.2029770e+06   4.2053223e+01
   6.2212970e+06   3.7780762e+01
   6.2214590e+06   4.2663574e+01
   6.2811230e+06   3.7048340e+01
   6.2811500e+06   3.7292480e+01
   6.3206150e+06   3.7475586e+01
   6.3440600e+06   3.8330078e+01
   6.3965250e+06   3.9428711e+01
   6.4175820e+06   3.7841797e+01
   6.4176940e+06   4.0161133e+01
   6.4178100e+06   3.8146973e+01
   6.4178380e+06   3.8146973e+01
   6.4736900e+06   4.4067383e+01
   6.5234390e+06   4.2358398e+01
   6.5234620e+06   4.2236328e+01
   6.5811180e+06   3.7292480e+01
   6.6632350e+06   3.7780762e+01
   6.6633750e+06   4.0588379e+01
   6.7009880e+06   4.2419434e+01
   6.7013480e+06   4.7729492e+01
   6.7457570e+06   4.1198730e+01
   6.8216500e+06   3.9733887e+01
   6.8414940e+06   4.1809082e+01
   6.9063150e+06   3.7719727e+01
   6.9723360e+06   4.0100098e+01
   6.9723610e+06   3.7109375e+01
   7.0610220e+06   3.9184570e+01
   7.0982440e+06   4.2541504e+01
   7.0987360e+06   3.9550781e+01
   7.1409500e+06   3.8635254e+01
   7.1409710e+06   3.6926270e+01
   7.1991880e+06   4.1687012e+01
   7.2253970e+06   3.8085938e+01
   7.2254080e+06   3.7841797e+01
   7.2254440e+06   4.4921875e+01
   7.2256930e+06   4.2724609e+01
   7.2711340e+06   4.5593262e+01
   7.3242470e+06   3.8085938e+01
   7.3242980e+06   3.8574219e+01
   7.3812300e+06   4.2236328e+01
   7.3812600e+06   3.9184570e+01
   7.4169190e+06   3.8818359e+01
   7.4169800e+06   4.0100098e+01
   7.4170790e+06   3.8940430e+01
   7.4436340e+06   3.7475586e+01
   7.4438380e+06   3.8818359e+01
   7.4681230e+06   3.7292480e+01
   7.4683290e+06   3.9611816e+01
   7.4684110e+06   4.1687012e+01
   7.4973070e+06   3.8574219e+01
   7.4974430e+06   4.3212891e+01
   7.5190300e+06   4.6875000e+01
   7.5190600e+06   4.0344238e+01
   7.5190970e+06   3.8269043e+01
   7.5758340e+06   4.0588379e+01
   7.5759140e+06   3.9489746e+01
   7.5763600e+06   3.8391113e+01
   7.6348030e+06   4.6203613e+01
   7.6349540e+06   3.8940430e+01
   7.6350810e+06   3.7536621e+01
   7.6603730e+06   4.0161133e+01
   7.6805740e+06   3.7414551e+01
   7.7015710e+06   4.1625977e+01
   7.7016120e+06   3.7475586e+01
   7.7017680e+06   3.9062500e+01
   7.7363820e+06   3.7109375e+01
   7.7363940e+06   3.7475586e+01
   7.7366000e+06   4.2419434e+01
   7.7821590e+06   4.1992187e+01
   7.8100080e+06   3.7231445e+01
   7.8365780e+06   4.2846680e+01
   7.8365990e+06   3.8635254e+01
   7.8840110e+06   4.3823242e+01
   7.8840490e+06   4.1381836e+01
   7.9091930e+06   4.1931152e+01
   7.9092500e+06   3.7231445e+01
   7.9731250e+06   5.4992676e+01
   8.0050910e+06   3.8024902e+01
   8.0424280e+06   4.3457031e+01
   8.1002750e+06   3.8146973e+01
   8.1155920e+06   4.0100098e+01
   8.1409030e+06   4.8950195e+01
   8.1409790e+06   4.5166016e+01
   8.1962800e+06   4.6447754e+01
   8.2187650e+06   5.1086426e+01
   8.2190870e+06   4.1748047e+01
   8.2191080e+06   3.7536621e+01
   8.3483100e+06   3.9123535e+01
   8.3675530e+06   3.7963867e+01
   8.3679300e+06   4.2846680e+01
   8.3694150e+06   3.9672852e+01
   8.3694490e+06   3.7170410e+01
   8.3695120e+06   4.1076660e+01
   8.4172720e+06   3.8513184e+01
   8.4174580e+06   4.0344238e+01
   8.4174760e+06   4.2236328e+01
   8.4182880e+06   3.8818359e+01
   8.4873000e+06   4.7790527e+01
   8.5798350e+06   3.7719727e+01
   8.6507420e+06   3.8574219e+01
   8.7843580e+06   3.9672852e+01
   8.7962550e+06   3.7780762e+01
   8.8128460e+06   4.0100098e+01
   8.8128970e+06   3.7902832e+01
   8.8513640e+06   3.8391113e+01
   8.8655400e+06   3.8208008e+01
   8.9203330e+06   4.0344238e+01
   8.9204160e+06   3.7536621e+01
   8.9539860e+06   4.1015625e+01
   8.9889130e+06   4.0222168e+01
   9.0106150e+06   4.2114258e+01
   9.0614990e+06   3.8818359e+01
   9.1337750e+06   3.7597656e+01
   9.1339410e+06   3.8635254e+01
   9.1593720e+06   4.2053223e+01
   9.1594230e+06   3.9855957e+01
   9.1595350e+06   3.7597656e+01
   9.2276590e+06   3.9001465e+01
   9.3032110e+06   4.3457031e+01
   9.3034870e+06   4.4982910e+01
   9.3578410e+06   3.8024902e+01
   9.4180950e+06   4.2236328e+01
   9.4346580e+06   3.8879395e+01
   9.4349530e+06   4.0954590e+01
   9.4350200e+06   3.7658691e+01
   9.4662290e+06   4.1870117e+01
   9.4662930e+06   3.7780762e+01
   9.4794450e+06   4.4616699e+01
   9.4796030e+06   3.8940430e+01
   9.4917730e+06   3.9855957e+01
   9.4920600e+06   3.8269043e+01
   9.5435120e+06   3.9550781e+01
   9.5435950e+06   3.8146973e+01
   9.5436960e+06   3.8269043e+01
   9.5573630e+06   3.9855957e+01
   9.5946940e+06   3.7841797e+01
   9.6593460e+06   3.7841797e+01
   9.7263690e+06   3.9062500e+01
   9.9060240e+06   4.0527344e+01
   9.9230490e+06   3.7048340e+01
   9.9428140e+06   3.8146973e+01
   1.0077093e+07   3.9367676e+01
   1.0110969e+07   4.7790527e+01
   1.0190127e+07   3.8269043e+01
   1.0218178e+07   3.8269043e+01
   1.0261807e+07   4.6997070e+01
   1.0261983e+07   3.7231445e+01
   1.0290207e+07   3.8085938e+01
   1.0290719e+07   4.3457031e+01
   1.0346749e+07   4.2663574e+01
   1.0377544e+07   3.9062500e+01
   1.0391487e+07   3.8146973e+01
   1.0460750e+07   3.7719727e+01
   1.0487257e+07   3.8208008e+01
   1.0487294e+07   3.8940430e+01
   1.0531537e+07   3.9062500e+01
   1.0531683e+07   4.3762207e+01
   1.0531727e+07   3.7353516e+01
   1.0563321e+07   3.8696289e+01
   1.0584519e+07   3.8208008e+01
   1.0603186e+07   4.1564941e+01
   1.0603270e+07   3.8757324e+01
   1.0620605e+07   3.7719727e+01
   1.0671440e+07   4.0710449e+01
   1.0689351e+07   4.1748047e+01
   1.0722143e+07   3.7231445e+01
   1.0722502e+07   4.1381836e+01
   1.0758208e+07   4.1320801e+01
   1.0810053e+07   4.0649414e+01
   1.0810246e+07   4.1931152e+01
   1.0868904e+07   3.7658691e+01
   1.0886379e+07   4.9682617e+01
   1.0907012e+07   3.8085938e+01
   1.0907083e+07   4.6081543e+01
   1.1002725e+07   3.8574219e+01
   1.1030914e+07   3.7475586e+01
   1.1070788e+07   3.7109375e+01
   1.1070869e+07   4.4555664e+01
   1.1145948e+07   3.9855957e+01
   1.1146045e+07   3.7048340e+01
   1.1146191e+07   3.8635254e+01
   1.1202541e+07   4.0283203e+01
   1.1255325e+07   3.8269043e+01
   1.1286527e+07   3.9306641e+01
   1.1287058e+07   3.7963867e+01
   1.1333801e+07   4.4555664e+01
   1.1360851e+07   4.5471191e+01
   1.1400586e+07   4.4799805e+01
   1.1415485e+07   4.2480469e+01
   1.1430137e+07   3.7109375e+01
   1.1446812e+07   3.7170410e+01
   1.1539549e+07   3.8757324e+01
   1.1542774e+07   3.8330078e+01
   1.1656004e+07   3.8696289e+01
   1.1770765e+07   3.8146973e+01
   1.1830211e+07   4.4616699e+01
   1.1894640e+07   3.6987305e+01
   1.1894795e+07   4.2114258e+01
   1.1923296e+07   3.8513184e+01
   1.1923324e+07   5.1635742e+01
   1.1923378e+07   3.8391113e+01
   1.1923443e+07   3.6987305e+01
   1.1950815e+07   4.5654297e+01
   1.1950988e+07   3.9550781e+01
   1.1979245e+07   3.8879395e+01
   1.1995648e+07   4.0954590e+01
   1.1995744e+07   4.0466309e+01
   1.1995788e+07   3.8879395e+01
