   1.1999000e+07   0.0000000e+00
   1.4143000e+04   2.7160645e+01
   1.4691000e+04   2.3986816e+01
   1.5112000e+04   4.4372559e+01
   1.5549000e+04   2.5085449e+01
   1.5883000e+04   3.0639648e+01
   4.0438000e+04   2.3864746e+01
   4.1089000e+04   2.8137207e+01
   4.1208000e+04   2.6428223e+01
   4.1474000e+04   3.3081055e+01
   4.1594000e+04   2.3315430e+01
   4.1619000e+04   3.2226563e+01
   7.9371000e+04   2.7954102e+01
   7.9598000e+04   2.9846191e+01
   7.9620000e+04   2.3315430e+01
   7.9701000e+04   2.4475098e+01
   7.9825000e+04   2.8381348e+01
   7.9888000e+04   2.5146484e+01
   8.0101000e+04   2.5329590e+01
   1.1812600e+05   2.4291992e+01
   1.1843700e+05   4.1076660e+01
   1.1858500e+05   3.0761719e+01
   1.1881900e+05   2.3559570e+01
   1.5232800e+05   2.6977539e+01
   1.5253600e+05   2.5329590e+01
   1.5264700e+05   2.9663086e+01
   1.5267200e+05   2.8991699e+01
   1.5269700e+05   2.5634766e+01
   1.5282300e+05   2.4291992e+01
   1.5288900e+05   2.3559570e+01
   1.5306700e+05   2.8198242e+01
   1.8232400e+05   2.3864746e+01
   1.8258000e+05   3.2104492e+01
   1.8279400e+05   2.3742676e+01
   2.2426200e+05   2.3803711e+01
   2.2492300e+05   2.3986816e+01
   2.2526400e+05   2.4353027e+01
   2.2531500e+05   3.2043457e+01
   2.2534900e+05   2.5024414e+01
   2.2557300e+05   2.4780273e+01
   2.5948200e+05   2.3803711e+01
   2.5955100e+05   3.0578613e+01
   2.5965600e+05   2.7221680e+01
   2.5979800e+05   3.6376953e+01
   2.5991800e+05   2.3803711e+01
   2.5998400e+05   3.1799316e+01
   3.0515400e+05   2.7587891e+01
   3.0531500e+05   3.3813477e+01
   3.0536400e+05   2.4963379e+01
   3.0548100e+05   3.1005859e+01
   3.3178600e+05   3.6437988e+01
   3.3185100e+05   2.4169922e+01
   3.7327800e+05   2.6855469e+01
   3.7378000e+05   2.5817871e+01
   3.7392000e+05   3.0212402e+01
   3.7416800e+05   2.7038574e+01
   3.7429400e+05   2.3315430e+01
   4.1513200e+05   2.6794434e+01
   4.1541600e+05   2.6062012e+01
   4.1551900e+05   2.3864746e+01
   4.1555200e+05   2.5512695e+01
   4.1566400e+05   2.5207520e+01
   4.1725300e+05   2.3681641e+01
   4.6189200e+05   4.8522949e+01
   4.6216300e+05   2.3559570e+01
   4.6247800e+05   3.1372070e+01
   4.6259000e+05   2.3620605e+01
   4.6279600e+05   3.0334473e+01
   4.9166300e+05   2.5268555e+01
   4.9210100e+05   3.3508301e+01
   4.9230100e+05   2.9479980e+01
   5.3276600e+05   2.4230957e+01
   5.3347000e+05   2.3498535e+01
   5.3349800e+05   4.2419434e+01
   5.3365600e+05   2.9235840e+01
   5.3368400e+05   3.3813477e+01
   5.3377900e+05   2.6977539e+01
   5.6178300e+05   2.6184082e+01
   5.6202200e+05   2.3681641e+01
   5.6205100e+05   3.3142090e+01
   5.6215600e+05   3.1860352e+01
   5.6218700e+05   2.7160645e+01
   5.6222900e+05   2.5695801e+01
   5.6225200e+05   2.5024414e+01
   5.6241100e+05   3.2043457e+01
   5.9829100e+05   2.3437500e+01
   5.9956000e+05   2.4169922e+01
   5.9982000e+05   2.6611328e+01
   6.0944100e+05   2.9602051e+01
   6.3101200e+05   4.0710449e+01
   6.3116500e+05   2.3437500e+01
   6.6498100e+05   2.4414063e+01
   6.6531900e+05   2.3620605e+01
   6.6560300e+05   2.6428223e+01
   6.6563600e+05   2.8137207e+01
   6.6577800e+05   2.7160645e+01
   7.0429100e+05   3.1066895e+01
   7.0453400e+05   2.8259277e+01
   7.2470500e+05   3.8452148e+01
   7.2476700e+05   2.5024414e+01
   7.2485500e+05   2.9052734e+01
   7.2491100e+05   2.4841309e+01
   7.2498100e+05   2.6794434e+01
   7.5645400e+05   2.5634766e+01
   7.5652600e+05   2.7526855e+01
   7.5697900e+05   3.4667969e+01
   7.5708300e+05   2.3742676e+01
   7.5722200e+05   2.9785156e+01
   7.5732200e+05   2.3986816e+01
   7.9404200e+05   2.4230957e+01
   7.9505300e+05   2.7954102e+01
   7.9531700e+05   2.5390625e+01
   7.9546800e+05   4.0344238e+01
   7.9553500e+05   2.7343750e+01
   7.9556500e+05   2.3559570e+01
   7.9568700e+05   2.4719238e+01
   8.2468200e+05   2.7465820e+01
   8.2477800e+05   2.9113770e+01
   8.2500600e+05   3.2165527e+01
   8.2515800e+05   2.7709961e+01
   8.6139500e+05   2.3620605e+01
   8.6198500e+05   2.6550293e+01
   8.6216700e+05   3.6804199e+01
   8.6249900e+05   4.0161133e+01
   8.8703700e+05   2.4230957e+01
   8.8745400e+05   2.5756836e+01
   8.8766500e+05   2.3986816e+01
   8.8783800e+05   2.4414063e+01
   9.1708700e+05   3.2348633e+01
   9.1745700e+05   3.1860352e+01
   9.1777500e+05   2.7526855e+01
   9.6258300e+05   2.8442383e+01
   9.6301400e+05   4.2602539e+01
   9.6334000e+05   2.6489258e+01
   9.7801900e+05   2.5817871e+01
   1.0090910e+06   2.5268555e+01
   1.0295280e+06   2.4902344e+01
   1.0299020e+06   3.2836914e+01
   1.0299900e+06   3.1677246e+01
   1.0301100e+06   3.2775879e+01
   1.0304520e+06   2.4658203e+01
   1.0629130e+06   2.5146484e+01
   1.0632410e+06   3.7536621e+01
   1.0632630e+06   2.3986816e+01
   1.0634330e+06   3.3203125e+01
   1.0989820e+06   2.3437500e+01
   1.0990270e+06   2.3437500e+01
   1.0992930e+06   3.2104492e+01
   1.0994530e+06   3.0151367e+01
   1.0994960e+06   2.4902344e+01
   1.0995190e+06   2.9052734e+01
   1.1265290e+06   2.5451660e+01
   1.1269320e+06   3.3569336e+01
   1.1269540e+06   2.3376465e+01
   1.1273670e+06   2.6428223e+01
   1.1275930e+06   2.4719238e+01
   1.1276610e+06   2.4047852e+01
   1.1576470e+06   2.5268555e+01
   1.1582540e+06   3.0151367e+01
   1.1586280e+06   3.0944824e+01
   1.1587980e+06   2.5512695e+01
   1.1826570e+06   2.3620605e+01
   1.1826860e+06   2.3376465e+01
   1.1828730e+06   2.8259277e+01
   1.1835730e+06   3.2104492e+01
   1.2080890e+06   2.5573730e+01
   1.2265410e+06   2.5146484e+01
   1.2267320e+06   2.3376465e+01
   1.2268270e+06   2.4475098e+01
   1.2268640e+06   3.6132813e+01
   1.2269620e+06   2.3803711e+01
   1.2270780e+06   2.4719238e+01
   1.2756000e+06   2.3437500e+01
   1.2764540e+06   3.2043457e+01
   1.2769310e+06   2.7954102e+01
   1.2773510e+06   2.7282715e+01
   1.3087100e+06   2.4841309e+01
   1.3090320e+06   4.2297363e+01
   1.3091280e+06   2.4841309e+01
   1.3092410e+06   3.4179688e+01
   1.3092940e+06   2.3986816e+01
   1.3456600e+06   2.6123047e+01
   1.3459040e+06   2.3376465e+01
   1.3459370e+06   3.7719727e+01
   1.3461240e+06   2.5878906e+01
   1.3461690e+06   2.3986816e+01
   1.3703710e+06   3.4362793e+01
   1.3705530e+06   2.6489258e+01
   1.3707900e+06   3.0578613e+01
   1.3709700e+06   2.4597168e+01
   1.3711860e+06   2.8137207e+01
   1.3712560e+06   2.4780273e+01
   1.3937960e+06   2.4902344e+01
   1.3939480e+06   2.7221680e+01
   1.3945100e+06   4.0710449e+01
   1.3947540e+06   3.2104492e+01
   1.3951860e+06   2.8137207e+01
   1.4194750e+06   2.9785156e+01
   1.4195030e+06   2.4597168e+01
   1.4197490e+06   2.9968262e+01
   1.4476600e+06   4.3212891e+01
   1.4478570e+06   2.7404785e+01
   1.4772630e+06   2.3315430e+01
   1.4774930e+06   2.3620605e+01
   1.5019410e+06   2.5085449e+01
   1.5022410e+06   2.7709961e+01
   1.5023880e+06   4.1198730e+01
   1.5025730e+06   2.9479980e+01
   1.5350090e+06   2.4841309e+01
   1.5352810e+06   4.0039063e+01
   1.5353400e+06   2.4536133e+01
   1.5354340e+06   3.2043457e+01
   1.5354660e+06   3.0090332e+01
   1.5355620e+06   3.4729004e+01
   1.5358030e+06   2.5939941e+01
   1.5749150e+06   2.6550293e+01
   1.5749500e+06   2.3681641e+01
   1.5987650e+06   3.7231445e+01
   1.5989170e+06   2.3742676e+01
   1.6268780e+06   2.4536133e+01
   1.6277750e+06   3.2104492e+01
   1.6279030e+06   2.4536133e+01
   1.6281290e+06   3.2043457e+01
   1.6286680e+06   2.5878906e+01
   1.6549920e+06   2.5024414e+01
   1.6562400e+06   2.4108887e+01
   1.6567890e+06   2.8991699e+01
   1.6569150e+06   2.6611328e+01
   1.6570860e+06   2.6611328e+01
   1.6828450e+06   2.6916504e+01
   1.6828720e+06   3.3508301e+01
   1.6831470e+06   2.4963379e+01
   1.6831920e+06   2.9357910e+01
   1.7090100e+06   2.3986816e+01
   1.7090220e+06   3.7719727e+01
   1.7096030e+06   2.6855469e+01
   1.7615140e+06   2.3498535e+01
   1.7638020e+06   2.4230957e+01
   1.7666350e+06   2.4169922e+01
   1.7670100e+06   4.1320801e+01
   1.7672130e+06   2.6550293e+01
   1.7674930e+06   2.5878906e+01
   1.7679190e+06   2.7038574e+01
   1.8274130e+06   2.7221680e+01
   1.8278330e+06   3.7048340e+01
   1.8279980e+06   2.4169922e+01
   1.8280400e+06   2.8442383e+01
   1.8555740e+06   2.4658203e+01
   1.8566090e+06   2.8564453e+01
   1.8804780e+06   2.3742676e+01
   1.8890100e+06   2.4475098e+01
   1.8893780e+06   2.7770996e+01
   1.8895950e+06   2.7770996e+01
   1.8911610e+06   2.3681641e+01
   1.9580930e+06   2.3437500e+01
   1.9729840e+06   2.3498535e+01
   1.9733490e+06   4.0588379e+01
   2.0008570e+06   2.8991699e+01
   2.0009170e+06   2.4841309e+01
   2.0011310e+06   2.4108887e+01
   2.0013990e+06   2.6000977e+01
   2.0473460e+06   2.7893066e+01
   2.0473920e+06   3.3081055e+01
   2.0475450e+06   2.9479980e+01
   2.0475680e+06   2.4841309e+01
   2.0476920e+06   2.6184082e+01
   2.0477450e+06   2.4719238e+01
   2.0478340e+06   2.4169922e+01
   2.0911730e+06   4.0466309e+01
   2.0912740e+06   2.6550293e+01
   2.0913920e+06   2.4230957e+01
   2.0915470e+06   2.3620605e+01
   2.0918450e+06   2.4719238e+01
   2.0919100e+06   2.4597168e+01
   2.1295830e+06   2.7038574e+01
   2.1300090e+06   2.3498535e+01
   2.1300390e+06   2.5451660e+01
   2.1300840e+06   2.5390625e+01
   2.1302180e+06   2.6794434e+01
   2.1304410e+06   2.5390625e+01
   2.1312050e+06   2.4963379e+01
   2.1749370e+06   2.3376465e+01
   2.1752240e+06   2.7832031e+01
   2.1753140e+06   3.0700684e+01
   2.1753640e+06   2.3437500e+01
   2.1756460e+06   2.4108887e+01
   2.1757110e+06   2.5268555e+01
   2.2139100e+06   2.4841309e+01
   2.2408700e+06   2.4719238e+01
   2.2412930e+06   2.6062012e+01
   2.2413170e+06   4.3090820e+01
   2.2414360e+06   2.5756836e+01
   2.2415140e+06   2.5634766e+01
   2.2415450e+06   2.6123047e+01
   2.2415750e+06   2.6611328e+01
   2.2856950e+06   2.3620605e+01
   2.2857220e+06   3.0090332e+01
   2.2859840e+06   2.3803711e+01
   2.2860810e+06   2.4658203e+01
   2.2861150e+06   2.6306152e+01
   2.3289550e+06   2.4780273e+01
   2.3298590e+06   2.6123047e+01
   2.3300430e+06   2.3559570e+01
   2.3302250e+06   2.5085449e+01
   2.3302740e+06   2.7343750e+01
   2.3302980e+06   2.5146484e+01
   2.3675350e+06   2.3559570e+01
   2.3675470e+06   4.5959473e+01
   2.3676340e+06   2.8869629e+01
   2.3677490e+06   3.1860352e+01
   2.4074540e+06   2.3742676e+01
   2.4426990e+06   2.4597168e+01
   2.4754080e+06   2.8686523e+01
   2.4757000e+06   2.5207520e+01
   2.4757420e+06   3.2958984e+01
   2.4758280e+06   2.4963379e+01
   2.4758940e+06   2.9113770e+01
   2.4759820e+06   2.6977539e+01
   2.5035180e+06   2.4719238e+01
   2.5044850e+06   3.3264160e+01
   2.5247690e+06   2.4169922e+01
   2.5250000e+06   3.1433105e+01
   2.5251390e+06   2.4414063e+01
   2.5251740e+06   2.8564453e+01
   2.5582830e+06   2.8808594e+01
   2.5584760e+06   2.3803711e+01
   2.5588960e+06   2.3986816e+01
   2.5589280e+06   2.4475098e+01
   2.5590440e+06   4.1870117e+01
   2.5591850e+06   2.8381348e+01
   2.5594380e+06   2.4902344e+01
   2.5594600e+06   2.4780273e+01
   2.5946730e+06   2.4169922e+01
   2.6128920e+06   2.3559570e+01
   2.6129200e+06   2.3559570e+01
   2.6132620e+06   2.8015137e+01
   2.6133630e+06   2.8686523e+01
   2.6134470e+06   2.3803711e+01
   2.6134740e+06   2.6916504e+01
   2.6135640e+06   2.6489258e+01
   2.6563770e+06   3.7719727e+01
   2.6565770e+06   3.6682129e+01
   2.6568980e+06   2.3681641e+01
   2.6811060e+06   3.3203125e+01
   2.6811880e+06   2.4475098e+01
   2.6812310e+06   2.5146484e+01
   2.6812880e+06   2.8991699e+01
   2.6813180e+06   3.0151367e+01
   2.6815300e+06   2.9785156e+01
   2.6816900e+06   2.9479980e+01
   2.7117910e+06   2.3437500e+01
   2.7124240e+06   2.5024414e+01
   2.7504570e+06   2.8198242e+01
   2.7510200e+06   2.4414063e+01
   2.7519400e+06   3.5461426e+01
   2.7523110e+06   3.3264160e+01
   2.7524960e+06   2.4536133e+01
   2.7528670e+06   3.1066895e+01
   2.7897670e+06   2.6672363e+01
   2.7899420e+06   2.3742676e+01
   2.7901520e+06   3.6193848e+01
   2.7904100e+06   3.9367676e+01
   2.7905570e+06   3.3325195e+01
   2.7906150e+06   2.5939941e+01
   2.7908660e+06   2.5878906e+01
   2.8155130e+06   2.3498535e+01
   2.8175620e+06   3.2226563e+01
   2.8177210e+06   2.5146484e+01
   2.8179540e+06   2.4169922e+01
   2.8597120e+06   2.3803711e+01
   2.8598550e+06   2.5817871e+01
   2.8601240e+06   2.8381348e+01
   2.8604950e+06   2.3803711e+01
   2.8606430e+06   3.5583496e+01
   2.8833850e+06   2.3742676e+01
   2.8836720e+06   3.9733887e+01
   2.8837330e+06   2.8076172e+01
   2.8838490e+06   2.3620605e+01
   2.9176900e+06   2.6062012e+01
   2.9184450e+06   2.5085449e+01
   2.9422310e+06   2.4780273e+01
   2.9422650e+06   2.3620605e+01
   2.9423080e+06   2.4108887e+01
   2.9425060e+06   3.4729004e+01
   2.9426450e+06   2.4841309e+01
   2.9426900e+06   2.7526855e+01
   2.9759910e+06   2.4536133e+01
   2.9761650e+06   2.4963379e+01
   2.9763120e+06   2.7160645e+01
   2.9763700e+06   2.4658203e+01
   2.9765030e+06   2.7038574e+01
   2.9765280e+06   2.4536133e+01
   2.9766580e+06   2.6672363e+01
   2.9767350e+06   2.4597168e+01
   2.9767500e+06   2.4353027e+01
   2.9780250e+06   2.3864746e+01
   3.0094140e+06   2.3376465e+01
   3.0095650e+06   3.0761719e+01
   3.0127050e+06   2.6611328e+01
   3.0127610e+06   2.5268555e+01
   3.0129280e+06   2.4536133e+01
   3.0141580e+06   2.6428223e+01
   3.0572550e+06   2.5146484e+01
   3.0577860e+06   3.3447266e+01
   3.0579490e+06   2.4475098e+01
   3.1201760e+06   2.6184082e+01
   3.1204390e+06   3.3203125e+01
   3.1206540e+06   2.7587891e+01
   3.1208010e+06   2.5878906e+01
   3.1546050e+06   2.3742676e+01
   3.1549550e+06   2.4658203e+01
   3.1556590e+06   2.3681641e+01
   3.1562010e+06   2.5329590e+01
   3.1964910e+06   2.5512695e+01
   3.1974240e+06   2.8442383e+01
   3.1974660e+06   2.3803711e+01
   3.1975210e+06   2.4047852e+01
   3.1976130e+06   2.4658203e+01
   3.1977430e+06   2.3315430e+01
   3.2255650e+06   2.4719238e+01
   3.2279570e+06   2.3681641e+01
   3.2358540e+06   3.9245605e+01
   3.2360350e+06   2.6245117e+01
   3.2363360e+06   2.9174805e+01
   3.2709370e+06   2.3620605e+01
   3.2767970e+06   2.3437500e+01
   3.2770460e+06   2.9541016e+01
   3.2770670e+06   2.6855469e+01
   3.2771360e+06   2.4108887e+01
   3.2772010e+06   2.3559570e+01
   3.2772750e+06   2.5817871e+01
   3.3263090e+06   2.6611328e+01
   3.3265190e+06   2.4536133e+01
   3.3265610e+06   3.9184570e+01
   3.3266240e+06   2.5085449e+01
   3.3266890e+06   2.3315430e+01
   3.3267250e+06   2.6672363e+01
   3.3615370e+06   2.3437500e+01
   3.3905140e+06   2.9418945e+01
   3.3906730e+06   4.0100098e+01
   3.3907000e+06   2.5695801e+01
   3.3907630e+06   3.1188965e+01
   3.3908030e+06   2.8198242e+01
   3.3908240e+06   2.6794434e+01
   3.4091340e+06   2.3559570e+01
   3.4395080e+06   2.8564453e+01
   3.4398330e+06   2.9724121e+01
   3.4400080e+06   2.6855469e+01
   3.4402910e+06   2.6306152e+01
   3.4415300e+06   2.4841309e+01
   3.4841710e+06   2.3925781e+01
   3.4844940e+06   2.4719238e+01
   3.4846800e+06   2.5329590e+01
   3.5341740e+06   2.3925781e+01
   3.5671920e+06   2.4963379e+01
   3.5849700e+06   2.3681641e+01
   3.5851110e+06   2.7221680e+01
   3.5852690e+06   2.4230957e+01
   3.5852860e+06   2.8991699e+01
   3.5853590e+06   3.3386230e+01
   3.5854360e+06   2.4047852e+01
   3.5865310e+06   2.5939941e+01
   3.6122140e+06   2.4841309e+01
   3.6137080e+06   2.3315430e+01
   3.6140190e+06   2.5024414e+01
   3.6471420e+06   2.3315430e+01
   3.6479750e+06   2.8137207e+01
   3.6480050e+06   2.4475098e+01
   3.6481440e+06   2.4414063e+01
   3.6481640e+06   3.5644531e+01
   3.6483670e+06   2.5268555e+01
   3.6483940e+06   2.4047852e+01
   3.6798310e+06   2.3986816e+01
   3.6804680e+06   2.5634766e+01
   3.7284020e+06   2.6184082e+01
   3.7481480e+06   2.4475098e+01
   3.7482100e+06   4.2724609e+01
   3.7483290e+06   2.8198242e+01
   3.7832020e+06   2.7526855e+01
   3.8173260e+06   2.6367188e+01
   3.8316590e+06   2.6916504e+01
   3.8549620e+06   4.9804688e+01
   3.8550930e+06   2.5634766e+01
   3.8843640e+06   3.7109375e+01
   3.8845760e+06   3.3325195e+01
   3.8846400e+06   2.4780273e+01
   3.8848080e+06   2.5329590e+01
   3.8849750e+06   2.5695801e+01
   3.9188040e+06   2.7465820e+01
   3.9188500e+06   2.4719238e+01
   3.9195210e+06   2.6062012e+01
   3.9198000e+06   2.3559570e+01
   3.9734820e+06   2.3498535e+01
   3.9735470e+06   2.6245117e+01
   3.9736150e+06   2.9663086e+01
   3.9736390e+06   2.3803711e+01
   3.9737410e+06   2.5512695e+01
   3.9738940e+06   2.4291992e+01
   4.0035830e+06   2.5817871e+01
   4.0039670e+06   2.3376465e+01
   4.0290830e+06   2.6245117e+01
   4.0431850e+06   3.0822754e+01
   4.0432240e+06   3.7902832e+01
   4.0840230e+06   2.9418945e+01
   4.0841250e+06   2.6184082e+01
   4.0842620e+06   2.4230957e+01
   4.0843080e+06   2.6672363e+01
   4.0844210e+06   2.7709961e+01
   4.0845030e+06   2.5207520e+01
   4.0846750e+06   2.3376465e+01
   4.0849180e+06   2.3315430e+01
   4.1201250e+06   2.3620605e+01
   4.1231090e+06   2.4230957e+01
   4.1231440e+06   4.1076660e+01
   4.1232930e+06   2.8503418e+01
   4.1235520e+06   2.7221680e+01
   4.1235860e+06   2.3376465e+01
   4.1859380e+06   2.5390625e+01
   4.1859710e+06   2.4169922e+01
   4.1863620e+06   3.2531738e+01
   4.1863930e+06   2.5695801e+01
   4.1866540e+06   2.6184082e+01
   4.2070260e+06   2.4047852e+01
   4.2279160e+06   2.4902344e+01
   4.2288620e+06   2.3864746e+01
   4.2289300e+06   2.5878906e+01
   4.2289790e+06   3.5644531e+01
   4.2290660e+06   2.4169922e+01
   4.2291510e+06   2.8015137e+01
   4.2703420e+06   2.3803711e+01
   4.2722660e+06   2.3620605e+01
   4.2730600e+06   4.0893555e+01
   4.2732740e+06   3.0456543e+01
   4.2733440e+06   2.3986816e+01
   4.2734490e+06   2.3803711e+01
   4.2734770e+06   3.1677246e+01
   4.2736170e+06   2.3681641e+01
   4.3237770e+06   2.4475098e+01
   4.3240530e+06   2.3376465e+01
   4.3242060e+06   4.0588379e+01
   4.3245150e+06   2.4841309e+01
   4.3245400e+06   2.5146484e+01
   4.3245920e+06   2.3742676e+01
   4.3251320e+06   2.4047852e+01
   4.3578790e+06   2.5268555e+01
   4.3579900e+06   2.5085449e+01
   4.3580500e+06   2.5573730e+01
   4.3581630e+06   3.9794922e+01
   4.3581780e+06   2.3925781e+01
   4.3583620e+06   3.4240723e+01
   4.3584400e+06   3.2348633e+01
   4.3957280e+06   2.6367188e+01
   4.3965460e+06   2.4963379e+01
   4.3990700e+06   2.3864746e+01
   4.3998900e+06   2.4658203e+01
   4.4005070e+06   2.3437500e+01
   4.4011470e+06   2.5878906e+01
   4.4359540e+06   2.8198242e+01
   4.4362330e+06   3.0212402e+01
   4.4365090e+06   3.1555176e+01
   4.4804810e+06   2.5878906e+01
   4.4806100e+06   2.5085449e+01
   4.4808860e+06   3.1494141e+01
   4.4811090e+06   2.9418945e+01
   4.5075530e+06   2.3437500e+01
   4.5081170e+06   3.2592773e+01
   4.5085790e+06   3.3691406e+01
   4.5086770e+06   2.4291992e+01
   4.5087800e+06   2.3803711e+01
   4.5527460e+06   2.5939941e+01
   4.5555570e+06   3.0456543e+01
   4.5556030e+06   2.3559570e+01
   4.5558040e+06   3.2836914e+01
   4.5559690e+06   2.6000977e+01
   4.5963840e+06   2.6062012e+01
   4.5969570e+06   2.4047852e+01
   4.5975150e+06   4.8706055e+01
   4.5976540e+06   2.3986816e+01
   4.5976810e+06   2.5573730e+01
   4.5977230e+06   2.4902344e+01
   4.6379100e+06   2.3864746e+01
   4.6381510e+06   3.2348633e+01
   4.6382430e+06   2.3498535e+01
   4.6382650e+06   2.5939941e+01
   4.6383550e+06   3.1188965e+01
   4.6388110e+06   2.4353027e+01
   4.6694070e+06   2.3742676e+01
   4.6696080e+06   3.0578613e+01
   4.6696270e+06   2.4414063e+01
   4.6698460e+06   2.5451660e+01
   4.6699050e+06   3.0029297e+01
   4.6700210e+06   2.3315430e+01
   4.6700470e+06   3.1860352e+01
   4.6701000e+06   2.4597168e+01
   4.6701760e+06   2.7160645e+01
   4.6702610e+06   2.5939941e+01
   4.6702950e+06   2.3864746e+01
   4.7095680e+06   2.5939941e+01
   4.7097370e+06   3.1188965e+01
   4.7097500e+06   2.5085449e+01
   4.7099670e+06   2.3803711e+01
   4.7100190e+06   2.8564453e+01
   4.7373700e+06   2.6916504e+01
   4.7375520e+06   2.4536133e+01
   4.7378900e+06   2.4475098e+01
   4.7379130e+06   2.6000977e+01
   4.7381270e+06   2.3620605e+01
   4.7381960e+06   2.9846191e+01
   4.7382450e+06   2.3803711e+01
   4.7383100e+06   2.5451660e+01
   4.7660970e+06   3.6865234e+01
   4.7662960e+06   2.3315430e+01
   4.7664180e+06   2.3498535e+01
   4.7664800e+06   2.3498535e+01
   4.7667260e+06   2.3620605e+01
   4.8389370e+06   2.4658203e+01
   4.8398420e+06   3.0456543e+01
   4.8398520e+06   5.0292969e+01
   4.8399880e+06   2.7160645e+01
   4.8401260e+06   2.4353027e+01
   4.8651690e+06   3.3813477e+01
   4.8654450e+06   2.3803711e+01
   4.8654930e+06   2.5451660e+01
   4.9008440e+06   2.4841309e+01
   4.9011810e+06   3.0090332e+01
   4.9013090e+06   2.3742676e+01
   4.9013340e+06   3.0578613e+01
   4.9013700e+06   2.6245117e+01
   4.9014010e+06   2.4475098e+01
   4.9014590e+06   2.8381348e+01
   4.9406620e+06   2.8869629e+01
   4.9406760e+06   2.3925781e+01
   4.9409380e+06   2.4230957e+01
   4.9410570e+06   2.8564453e+01
   4.9411840e+06   2.4902344e+01
   4.9413470e+06   2.3803711e+01
   4.9414310e+06   2.4475098e+01
   4.9652070e+06   2.5024414e+01
   4.9657540e+06   2.8015137e+01
   4.9658290e+06   2.5085449e+01
   4.9658790e+06   2.4108887e+01
   4.9660890e+06   2.6367188e+01
   5.0121100e+06   2.4658203e+01
   5.0125290e+06   2.9235840e+01
   5.0128120e+06   2.5146484e+01
   5.0131090e+06   2.4597168e+01
   5.0570790e+06   2.3315430e+01
   5.0776740e+06   4.7485352e+01
   5.0777090e+06   2.5817871e+01
   5.0777250e+06   2.6123047e+01
   5.0777530e+06   2.3315430e+01
   5.0778260e+06   2.6000977e+01
   5.1119410e+06   2.5329590e+01
   5.1119750e+06   2.4597168e+01
   5.1122010e+06   2.8259277e+01
   5.1285830e+06   2.3559570e+01
   5.1288520e+06   2.3742676e+01
   5.1293590e+06   3.3447266e+01
   5.1294350e+06   2.8320313e+01
   5.1295870e+06   2.4963379e+01
   5.1296140e+06   2.9846191e+01
   5.1297790e+06   2.9541016e+01
   5.1535110e+06   2.3498535e+01
   5.2028290e+06   2.5756836e+01
   5.2055380e+06   2.6611328e+01
   5.2063940e+06   2.7709961e+01
   5.2064230e+06   2.3986816e+01
   5.2068780e+06   3.1372070e+01
   5.2073280e+06   2.8747559e+01
   5.2591940e+06   2.3986816e+01
   5.3049170e+06   2.6062012e+01
   5.3052800e+06   2.6550293e+01
   5.3053330e+06   3.5949707e+01
   5.3053490e+06   3.3630371e+01
   5.3054620e+06   2.5878906e+01
   5.3398390e+06   2.7587891e+01
   5.3398840e+06   2.3559570e+01
   5.3399540e+06   2.8015137e+01
   5.3400830e+06   3.4545898e+01
   5.3401960e+06   2.3864746e+01
   5.3403810e+06   2.3376465e+01
   5.3957960e+06   2.4963379e+01
   5.3960810e+06   2.9724121e+01
   5.3961150e+06   3.1860352e+01
   5.3963100e+06   2.7587891e+01
   5.3964010e+06   2.5085449e+01
   5.4347700e+06   2.4169922e+01
   5.4383090e+06   2.3315430e+01
   5.5179250e+06   2.5085449e+01
   5.5180670e+06   4.3273926e+01
   5.5181500e+06   2.4902344e+01
   5.5183060e+06   2.7343750e+01
   5.5657650e+06   2.6672363e+01
   5.5658450e+06   2.6794434e+01
   5.5660000e+06   2.8625488e+01
   5.5660550e+06   3.5644531e+01
   5.5661620e+06   2.6184082e+01
   5.5661760e+06   2.4047852e+01
   5.5662710e+06   2.8503418e+01
   5.5663470e+06   2.7648926e+01
   5.6238960e+06   2.7099609e+01
   5.6250040e+06   2.3559570e+01
   5.6252960e+06   2.3925781e+01
   5.6254600e+06   3.2104492e+01
   5.6255380e+06   4.1076660e+01
   5.6258850e+06   3.1738281e+01
   5.6262870e+06   2.4780273e+01
   5.6678930e+06   2.3620605e+01
   5.6692070e+06   2.3559570e+01
   5.6692830e+06   3.9001465e+01
   5.6694180e+06   2.5085449e+01
   5.6694520e+06   3.6499023e+01
   5.6695340e+06   2.3376465e+01
   5.6696200e+06   2.5695801e+01
   5.6696760e+06   3.2592773e+01
   5.7149920e+06   2.3315430e+01
   5.7150820e+06   2.6367188e+01
   5.7151170e+06   2.9785156e+01
   5.7166770e+06   2.7770996e+01
   5.7517330e+06   2.4658203e+01
   5.7542360e+06   2.4108887e+01
   5.7771300e+06   3.0578613e+01
   5.7771990e+06   3.5949707e+01
   5.7773380e+06   2.3864746e+01
   5.8074640e+06   2.3681641e+01
   5.8078860e+06   2.6367188e+01
   5.8079330e+06   2.6611328e+01
   5.8080590e+06   2.3925781e+01
   5.8081430e+06   2.8991699e+01
   5.8081980e+06   2.8381348e+01
   5.8082620e+06   2.4902344e+01
   5.8431070e+06   2.5207520e+01
   5.8433040e+06   2.6062012e+01
   5.8435910e+06   3.8269043e+01
   5.8437530e+06   2.8808594e+01
   5.8437750e+06   2.9052734e+01
   5.8437960e+06   2.4963379e+01
   5.8438560e+06   2.7526855e+01
   5.8689630e+06   2.4414063e+01
   5.8690480e+06   2.3803711e+01
   5.8691680e+06   2.8442383e+01
   5.8694380e+06   3.7597656e+01
   5.8696580e+06   2.5939941e+01
   5.9047820e+06   2.3925781e+01
   5.9416520e+06   2.7587891e+01
   5.9418790e+06   3.3752441e+01
   5.9418910e+06   2.7893066e+01
   5.9419780e+06   2.9174805e+01
   5.9420030e+06   2.3925781e+01
   5.9434180e+06   2.7221680e+01
   5.9817610e+06   3.0700684e+01
   5.9819270e+06   2.8076172e+01
   5.9819480e+06   2.8259277e+01
   6.0026020e+06   2.3864746e+01
   6.0228420e+06   2.5695801e+01
   6.0233480e+06   2.5085449e+01
   6.0519170e+06   2.7832031e+01
   6.0519710e+06   3.3081055e+01
   6.0519840e+06   2.5634766e+01
   6.0520800e+06   2.3437500e+01
   6.0825740e+06   2.3559570e+01
   6.0830120e+06   2.6672363e+01
   6.0830560e+06   4.0832520e+01
   6.0832430e+06   2.7832031e+01
   6.0835850e+06   2.8930664e+01
   6.0842860e+06   2.8686523e+01
   6.1199170e+06   3.5339355e+01
   6.1200510e+06   2.3315430e+01
   6.1202690e+06   3.4606934e+01
   6.1204030e+06   2.4719238e+01
   6.1204350e+06   2.4963379e+01
   6.1631730e+06   2.3864746e+01
   6.1640820e+06   3.4790039e+01
   6.1643370e+06   2.9907227e+01
   6.1832060e+06   2.4658203e+01
   6.1835500e+06   2.3315430e+01
   6.1837310e+06   2.4230957e+01
   6.2215230e+06   2.3986816e+01
   6.2217180e+06   3.9794922e+01
   6.2218140e+06   2.3986816e+01
   6.2218430e+06   2.9174805e+01
   6.2220820e+06   2.6550293e+01
   6.2490310e+06   2.5817871e+01
   6.2524820e+06   2.6733398e+01
   6.2528090e+06   4.1015625e+01
   6.2528490e+06   2.6306152e+01
   6.2528890e+06   2.5817871e+01
   6.2532200e+06   2.4719238e+01
   6.3209060e+06   2.4963379e+01
   6.3214780e+06   2.3498535e+01
   6.3439440e+06   2.3437500e+01
   6.3441820e+06   2.3742676e+01
   6.3442660e+06   3.4973145e+01
   6.3442800e+06   2.3925781e+01
   6.3443430e+06   2.3986816e+01
   6.3445690e+06   2.4047852e+01
   6.3756180e+06   2.3315430e+01
   6.3761260e+06   2.4291992e+01
   6.3762650e+06   2.3681641e+01
   6.4183110e+06   2.4841309e+01
   6.4183560e+06   3.8696289e+01
   6.4184800e+06   2.4536133e+01
   6.4196180e+06   2.8442383e+01
   6.4726640e+06   2.3437500e+01
   6.4731240e+06   2.4536133e+01
   6.4737560e+06   2.4047852e+01
   6.4740630e+06   3.5339355e+01
   6.4742590e+06   2.4230957e+01
   6.4745950e+06   2.3437500e+01
   6.5235480e+06   2.4230957e+01
   6.5238230e+06   2.9907227e+01
   6.5239150e+06   2.3742676e+01
   6.5239740e+06   2.4414063e+01
   6.5257830e+06   3.1188965e+01
   6.5813600e+06   2.5146484e+01
   6.5814990e+06   2.3437500e+01
   6.5817240e+06   4.1748047e+01
   6.5818020e+06   2.6000977e+01
   6.5819020e+06   3.1188965e+01
   6.5819810e+06   2.5268555e+01
   6.6067570e+06   2.3864746e+01
   6.6067990e+06   2.9235840e+01
   6.6068100e+06   2.9235840e+01
   6.6069520e+06   2.6794434e+01
   6.6069650e+06   3.0883789e+01
   6.6086530e+06   2.6428223e+01
   6.6389500e+06   2.7160645e+01
   6.6391920e+06   2.4719238e+01
   6.6631340e+06   2.4536133e+01
   6.6633920e+06   2.7770996e+01
   6.6634930e+06   2.3986816e+01
   6.6635780e+06   2.7770996e+01
   6.6636120e+06   2.7832031e+01
   6.6636450e+06   2.6000977e+01
   6.7011070e+06   2.3620605e+01
   6.7014720e+06   4.1625977e+01
   6.7015950e+06   2.5268555e+01
   6.7018080e+06   2.3315430e+01
   6.7027400e+06   2.3803711e+01
   6.7432450e+06   2.4658203e+01
   6.7439270e+06   2.4169922e+01
   6.7468740e+06   3.4484863e+01
   6.7470460e+06   2.4169922e+01
   6.7470810e+06   2.5756836e+01
   6.7967440e+06   2.8625488e+01
   6.7970360e+06   4.0405273e+01
   6.7971260e+06   2.5024414e+01
   6.7971870e+06   2.8625488e+01
   6.7972800e+06   2.4353027e+01
   6.7973310e+06   2.4658203e+01
   6.8419690e+06   2.4902344e+01
   6.8420800e+06   2.4780273e+01
   6.8421550e+06   2.5695801e+01
   6.8423290e+06   2.7404785e+01
   6.8854190e+06   2.5146484e+01
   6.8870870e+06   2.4414063e+01
   6.8874650e+06   3.8391113e+01
   6.8876030e+06   2.7099609e+01
   6.8876500e+06   3.0944824e+01
   6.8878030e+06   2.4902344e+01
   6.9320360e+06   2.5085449e+01
   6.9734070e+06   2.7526855e+01
   6.9735840e+06   3.0761719e+01
   6.9736160e+06   2.7099609e+01
   7.0288870e+06   2.7465820e+01
   7.0290530e+06   2.7893066e+01
   7.0291460e+06   2.4230957e+01
   7.0292090e+06   2.6977539e+01
   7.0714310e+06   2.3620605e+01
   7.0991000e+06   2.4475098e+01
   7.0991390e+06   3.9245605e+01
   7.0991680e+06   2.3864746e+01
   7.0993150e+06   2.8381348e+01
   7.0993980e+06   2.6000977e+01
   7.1425240e+06   2.6977539e+01
   7.1425810e+06   2.4230957e+01
   7.1427740e+06   2.4047852e+01
   7.2258790e+06   2.3620605e+01
   7.2261370e+06   3.3996582e+01
   7.2262470e+06   2.7404785e+01
   7.2548350e+06   2.5817871e+01
   7.2968550e+06   2.4841309e+01
   7.2973790e+06   2.3315430e+01
   7.2978630e+06   3.1005859e+01
   7.2979230e+06   2.3559570e+01
   7.2980230e+06   2.5329590e+01
   7.2980730e+06   2.3986816e+01
   7.2982440e+06   2.8686523e+01
   7.3249500e+06   4.2846680e+01
   7.3249610e+06   2.7099609e+01
   7.3249820e+06   2.3620605e+01
   7.3251060e+06   2.3498535e+01
   7.3251260e+06   2.8442383e+01
   7.3252230e+06   2.4597168e+01
   7.3264860e+06   2.3742676e+01
   7.3514030e+06   2.3620605e+01
   7.3815000e+06   3.3264160e+01
   7.3816590e+06   3.3142090e+01
   7.3816710e+06   2.7893066e+01
   7.4172500e+06   3.3813477e+01
   7.4173950e+06   3.1372070e+01
   7.4175660e+06   2.7038574e+01
   7.4175980e+06   2.9846191e+01
   7.4681920e+06   2.5390625e+01
   7.4687370e+06   3.2470703e+01
   7.4687520e+06   2.7465820e+01
   7.4688830e+06   2.9541016e+01
   7.4700620e+06   2.3742676e+01
   7.4976320e+06   2.5939941e+01
   7.4980370e+06   2.3437500e+01
   7.4982840e+06   2.6306152e+01
   7.4986210e+06   2.7099609e+01
   7.4996860e+06   2.4353027e+01
   7.5200390e+06   2.4597168e+01
   7.5203280e+06   2.4353027e+01
   7.5537800e+06   2.9235840e+01
   7.5537910e+06   2.3986816e+01
   7.5541900e+06   3.7109375e+01
   7.5542450e+06   2.3986816e+01
   7.5543690e+06   2.8625488e+01
   7.5544050e+06   3.1005859e+01
   7.5544340e+06   2.3315430e+01
   7.5549670e+06   2.4963379e+01
   7.5757930e+06   2.7221680e+01
   7.5760360e+06   2.4108887e+01
   7.5760740e+06   2.4780273e+01
   7.5762040e+06   2.3498535e+01
   7.5765300e+06   2.9418945e+01
   7.5766690e+06   2.7954102e+01
   7.5770080e+06   2.4230957e+01
   7.6080300e+06   2.7893066e+01
   7.6082370e+06   3.7414551e+01
   7.6082690e+06   2.4963379e+01
   7.6083720e+06   2.5085449e+01
   7.6083820e+06   3.4790039e+01
   7.6084090e+06   2.8381348e+01
   7.6085300e+06   2.5878906e+01
   7.6086040e+06   2.6123047e+01
   7.6352760e+06   2.5512695e+01
   7.6356770e+06   2.3803711e+01
   7.6358190e+06   2.7709961e+01
   7.6358730e+06   2.4536133e+01
   7.6359620e+06   2.3315430e+01
   7.6360090e+06   2.3620605e+01
   7.6360390e+06   2.5024414e+01
   7.6605870e+06   2.4841309e+01
   7.6607740e+06   2.3315430e+01
   7.6608650e+06   2.4902344e+01
   7.6610360e+06   2.9846191e+01
   7.6612100e+06   2.3681641e+01
   7.6818480e+06   2.4230957e+01
   7.6825900e+06   3.7353516e+01
   7.6828780e+06   2.7832031e+01
   7.7020560e+06   3.2958984e+01
   7.7020920e+06   2.4963379e+01
   7.7023290e+06   3.0944824e+01
   7.7023400e+06   2.6428223e+01
   7.7370210e+06   2.5024414e+01
   7.7370680e+06   3.6376953e+01
   7.7371260e+06   2.4719238e+01
   7.7373580e+06   2.3315430e+01
   7.8109130e+06   2.3498535e+01
   7.8112950e+06   2.8564453e+01
   7.8114610e+06   2.5024414e+01
   7.8123790e+06   2.4475098e+01
   7.8366950e+06   2.3437500e+01
   7.8376320e+06   2.8259277e+01
   7.8379900e+06   3.1738281e+01
   7.8848830e+06   3.3752441e+01
   7.8850520e+06   2.3925781e+01
   7.8850690e+06   2.8625488e+01
   7.8852370e+06   2.3498535e+01
   7.9112670e+06   2.3559570e+01
   7.9116870e+06   2.6550293e+01
   7.9123960e+06   2.9479980e+01
   7.9126230e+06   2.8686523e+01
   7.9131260e+06   2.5756836e+01
   7.9407320e+06   2.3864746e+01
   7.9412270e+06   3.5400391e+01
   7.9413140e+06   2.8320313e+01
   7.9414340e+06   2.4108887e+01
   7.9415610e+06   2.5512695e+01
   7.9416090e+06   2.5024414e+01
   7.9416600e+06   2.4108887e+01
   7.9738880e+06   2.6672363e+01
   7.9744290e+06   2.7221680e+01
   7.9746730e+06   3.0212402e+01
   8.0059700e+06   2.5146484e+01
   8.0059970e+06   2.4047852e+01
   8.0063810e+06   2.4291992e+01
   8.0064290e+06   2.5451660e+01
   8.0065480e+06   2.6916504e+01
   8.0077930e+06   2.4291992e+01
   8.0427220e+06   2.3986816e+01
   8.0428970e+06   2.3681641e+01
   8.0431200e+06   2.4963379e+01
   8.0432220e+06   2.3498535e+01
   8.1160280e+06   2.3742676e+01
   8.1162510e+06   2.6794434e+01
   8.1163330e+06   2.4536133e+01
   8.1163580e+06   2.9479980e+01
   8.1166730e+06   2.5146484e+01
   8.1413760e+06   2.7648926e+01
   8.1414780e+06   2.5817871e+01
   8.1419600e+06   3.5522461e+01
   8.1421200e+06   2.8137207e+01
   8.1423340e+06   2.4353027e+01
   8.1741070e+06   2.8686523e+01
   8.1963320e+06   2.5268555e+01
   8.1965110e+06   2.9663086e+01
   8.1965510e+06   2.6062012e+01
   8.1968180e+06   4.6569824e+01
   8.1969730e+06   3.0151367e+01
   8.2193710e+06   2.6550293e+01
   8.2198280e+06   2.3864746e+01
   8.2200200e+06   2.4963379e+01
   8.2208500e+06   2.3986816e+01
   8.2487310e+06   2.3681641e+01
   8.2490790e+06   2.8625488e+01
   8.2492020e+06   2.6489258e+01
   8.2493290e+06   2.9541016e+01
   8.2494990e+06   2.8869629e+01
   8.2707260e+06   2.6611328e+01
   8.2711280e+06   2.3925781e+01
   8.2713480e+06   4.3151855e+01
   8.2715640e+06   2.6977539e+01
   8.2718330e+06   2.3437500e+01
   8.2992990e+06   4.5959473e+01
   8.2995440e+06   2.3315430e+01
   8.2997660e+06   2.5573730e+01
   8.3489890e+06   2.3681641e+01
   8.3492380e+06   2.4902344e+01
   8.3492530e+06   3.5888672e+01
   8.3492860e+06   2.4902344e+01
   8.3494200e+06   2.7282715e+01
   8.4180380e+06   4.8522949e+01
   8.4632850e+06   3.0517578e+01
   8.4637360e+06   2.9296875e+01
   8.4637660e+06   2.6672363e+01
   8.5152370e+06   2.5695801e+01
   8.5156870e+06   3.6437988e+01
   8.5158810e+06   2.3864746e+01
   8.5804920e+06   2.3681641e+01
   8.5809510e+06   4.8950195e+01
   8.5811380e+06   2.4841309e+01
   8.6520330e+06   2.6000977e+01
   8.6537610e+06   2.4414063e+01
   8.6538320e+06   2.4353027e+01
   8.6538970e+06   3.8513184e+01
   8.6540120e+06   2.3986816e+01
   8.6540490e+06   2.6794434e+01
   8.6542550e+06   2.3315430e+01
   8.6845700e+06   2.4291992e+01
   8.7832810e+06   2.6184082e+01
   8.8128040e+06   2.4902344e+01
   8.8129270e+06   2.4597168e+01
   8.8130910e+06   4.8828125e+01
   8.8131140e+06   2.3620605e+01
   8.8131340e+06   2.9907227e+01
   8.8131720e+06   2.5695801e+01
   8.8133000e+06   2.4169922e+01
   8.8657590e+06   2.4108887e+01
   8.8660540e+06   2.4475098e+01
   8.8662440e+06   2.4291992e+01
   8.8663510e+06   2.3315430e+01
   8.8664730e+06   2.4963379e+01
   8.8928590e+06   2.3864746e+01
   8.9207780e+06   2.4108887e+01
   8.9209730e+06   3.0212402e+01
   8.9210720e+06   2.4536133e+01
   8.9211040e+06   2.5085449e+01
   8.9212770e+06   2.3864746e+01
   8.9543620e+06   2.6000977e+01
   8.9545650e+06   3.1311035e+01
   8.9892300e+06   2.9052734e+01
   8.9893210e+06   2.4719238e+01
   8.9893750e+06   3.1372070e+01
   8.9894870e+06   2.4291992e+01
   8.9896450e+06   2.3376465e+01
   9.0110410e+06   2.8442383e+01
   9.0113480e+06   3.2531738e+01
   9.0114790e+06   2.4230957e+01
   9.0118460e+06   2.4108887e+01
   9.0467760e+06   2.3742676e+01
   9.0475100e+06   2.8747559e+01
   9.0478360e+06   2.4719238e+01
   9.0854870e+06   2.7038574e+01
   9.0855900e+06   3.3081055e+01
   9.1165910e+06   2.3315430e+01
   9.1168500e+06   2.4597168e+01
   9.1168930e+06   3.3081055e+01
   9.1170240e+06   2.3803711e+01
   9.1171120e+06   2.4536133e+01
   9.1171880e+06   2.4597168e+01
   9.1187090e+06   2.4597168e+01
   9.1350580e+06   2.3315430e+01
   9.1599200e+06   2.9846191e+01
   9.1601010e+06   2.7343750e+01
   9.1606500e+06   2.3986816e+01
   9.1949910e+06   2.9724121e+01
   9.1951080e+06   2.8808594e+01
   9.1951430e+06   2.6672363e+01
   9.1952590e+06   3.0761719e+01
   9.1953770e+06   2.5573730e+01
   9.1954600e+06   2.4291992e+01
   9.2280680e+06   3.4606934e+01
   9.2280870e+06   2.8808594e+01
   9.2282380e+06   2.4597168e+01
   9.2283430e+06   2.3803711e+01
   9.2497500e+06   3.9794922e+01
   9.2499200e+06   2.8442383e+01
   9.2500310e+06   2.7160645e+01
   9.2821800e+06   2.4536133e+01
   9.2823240e+06   3.3813477e+01
   9.3030930e+06   2.4841309e+01
   9.3031650e+06   2.5878906e+01
   9.3033530e+06   2.6367188e+01
   9.3034350e+06   2.6184082e+01
   9.3034640e+06   2.3925781e+01
   9.3034940e+06   3.8391113e+01
   9.3036360e+06   2.3620605e+01
   9.3037360e+06   2.6062012e+01
   9.3038230e+06   2.4108887e+01
   9.3336350e+06   2.9052734e+01
   9.3336670e+06   2.6367188e+01
   9.3578390e+06   2.5512695e+01
   9.3581000e+06   2.4963379e+01
   9.3581870e+06   2.8442383e+01
   9.3582790e+06   2.8076172e+01
   9.3587180e+06   2.3498535e+01
   9.3590540e+06   2.3498535e+01
   9.3815080e+06   2.3681641e+01
   9.3816540e+06   2.3498535e+01
   9.3818540e+06   3.8085938e+01
   9.3819320e+06   2.4414063e+01
   9.3819650e+06   2.4536133e+01
   9.3820680e+06   2.7404785e+01
   9.3822750e+06   2.6000977e+01
   9.3823770e+06   2.6184082e+01
   9.4004700e+06   2.5512695e+01
   9.4004830e+06   2.4414063e+01
   9.4007290e+06   2.6123047e+01
   9.4009420e+06   2.7282715e+01
   9.4180370e+06   2.5268555e+01
   9.4185530e+06   3.2592773e+01
   9.4188260e+06   3.2043457e+01
   9.4345490e+06   2.3498535e+01
   9.4346780e+06   2.4108887e+01
   9.4346920e+06   2.4108887e+01
   9.4349510e+06   2.3803711e+01
   9.4351630e+06   2.4475098e+01
   9.4354460e+06   3.7109375e+01
   9.4360950e+06   2.5390625e+01
   9.4512880e+06   2.4169922e+01
   9.4513920e+06   3.1616211e+01
   9.4517370e+06   2.4597168e+01
   9.4519910e+06   2.8869629e+01
   9.4524590e+06   2.3742676e+01
   9.4668200e+06   3.0639648e+01
   9.4794140e+06   2.7221680e+01
   9.5056030e+06   2.4047852e+01
   9.5064050e+06   2.6794434e+01
   9.5185290e+06   2.4108887e+01
   9.5298270e+06   2.3681641e+01
   9.5306820e+06   2.5634766e+01
   9.5575600e+06   2.3986816e+01
   9.5720460e+06   2.5146484e+01
   9.5829700e+06   2.3864746e+01
   9.6073010e+06   2.5634766e+01
   9.6208030e+06   3.0639648e+01
   9.6210750e+06   2.4719238e+01
   9.6382890e+06   2.8137207e+01
   9.6392810e+06   3.3752441e+01
   9.6798670e+06   2.3437500e+01
   9.6800200e+06   2.3559570e+01
   9.6936250e+06   2.3620605e+01
   9.7852960e+06   2.9479980e+01
   9.7853360e+06   2.9907227e+01
   9.7853550e+06   3.9611816e+01
   9.7853760e+06   2.4108887e+01
   9.7854480e+06   2.6184082e+01
   9.7854710e+06   2.5146484e+01
   9.8429190e+06   2.9541016e+01
   9.8429460e+06   2.6672363e+01
   9.8429710e+06   2.3559570e+01
   9.8430020e+06   3.8024902e+01
   9.8430700e+06   2.4658203e+01
   9.9673650e+06   2.6916504e+01
   9.9674830e+06   2.4597168e+01
   9.9675190e+06   3.1860352e+01
   9.9683960e+06   2.3803711e+01
   1.0017258e+07   2.4475098e+01
   1.0035056e+07   2.3742676e+01
   1.0035086e+07   2.4291992e+01
   1.0035155e+07   3.7780762e+01
   1.0035167e+07   3.8208008e+01
   1.0035285e+07   2.4475098e+01
   1.0078013e+07   2.4536133e+01
   1.0078214e+07   2.3498535e+01
   1.0078296e+07   2.4291992e+01
   1.0078533e+07   2.6062012e+01
   1.0155472e+07   2.8869629e+01
   1.0155539e+07   2.7648926e+01
   1.0155635e+07   2.6367188e+01
   1.0155695e+07   2.4291992e+01
   1.0155804e+07   2.7832031e+01
   1.0180549e+07   2.3620605e+01
   1.0198258e+07   2.4047852e+01
   1.0199614e+07   2.3803711e+01
   1.0200985e+07   2.6855469e+01
   1.0201081e+07   4.0222168e+01
   1.0201143e+07   2.3437500e+01
   1.0201219e+07   2.9663086e+01
   1.0233048e+07   2.5390625e+01
   1.0235795e+07   2.4963379e+01
   1.0235855e+07   2.3925781e+01
   1.0235903e+07   2.3742676e+01
   1.0236046e+07   2.3315430e+01
   1.0236078e+07   2.8991699e+01
   1.0236099e+07   3.3325195e+01
   1.0265068e+07   2.3437500e+01
   1.0265284e+07   3.3264160e+01
   1.0265318e+07   4.4006348e+01
   1.0265343e+07   2.5939941e+01
   1.0265402e+07   2.4047852e+01
   1.0265477e+07   2.5573730e+01
   1.0347876e+07   2.7832031e+01
   1.0347950e+07   3.0944824e+01
   1.0347970e+07   2.6123047e+01
   1.0348125e+07   2.4414063e+01
   1.0348189e+07   2.4658203e+01
   1.0348594e+07   2.5146484e+01
   1.0391837e+07   2.5756836e+01
   1.0391979e+07   2.5329590e+01
   1.0392016e+07   3.7475586e+01
   1.0392047e+07   2.6977539e+01
   1.0392170e+07   3.1494141e+01
   1.0428302e+07   2.3437500e+01
   1.0428837e+07   2.8442383e+01
   1.0429039e+07   2.3376465e+01
   1.0461615e+07   2.3498535e+01
   1.0461712e+07   2.9907227e+01
   1.0462023e+07   2.8198242e+01
   1.0462187e+07   2.6000977e+01
   1.0487966e+07   2.4780273e+01
   1.0488038e+07   3.8085938e+01
   1.0488113e+07   2.3315430e+01
   1.0488281e+07   2.6611328e+01
   1.0531602e+07   2.3437500e+01
   1.0531843e+07   3.2348633e+01
   1.0531883e+07   2.4108887e+01
   1.0531925e+07   2.4291992e+01
   1.0531999e+07   3.2348633e+01
   1.0563485e+07   2.4047852e+01
   1.0563565e+07   3.4057617e+01
   1.0563584e+07   2.8503418e+01
   1.0563728e+07   2.5878906e+01
   1.0563847e+07   2.3864746e+01
   1.0564713e+07   2.7893066e+01
   1.0584748e+07   2.5390625e+01
   1.0585307e+07   2.9052734e+01
   1.0585352e+07   2.4719238e+01
   1.0585505e+07   2.7221680e+01
   1.0603526e+07   2.4719238e+01
   1.0603750e+07   3.9672852e+01
   1.0603891e+07   2.4597168e+01
   1.0603942e+07   2.4902344e+01
   1.0621547e+07   2.5085449e+01
   1.0621745e+07   2.7160645e+01
   1.0638263e+07   2.6428223e+01
   1.0638731e+07   3.0700684e+01
   1.0655302e+07   2.6489258e+01
   1.0655820e+07   3.0700684e+01
   1.0672115e+07   2.4841309e+01
   1.0672281e+07   4.4250488e+01
   1.0672475e+07   2.3498535e+01
   1.0672506e+07   2.5756836e+01
   1.0672655e+07   2.3986816e+01
   1.0689524e+07   2.5939941e+01
   1.0689857e+07   4.2968750e+01
   1.0690149e+07   2.9785156e+01
   1.0706877e+07   3.4118652e+01
   1.0707559e+07   2.6672363e+01
   1.0722520e+07   2.3376465e+01
   1.0723260e+07   2.8259277e+01
   1.0723325e+07   2.3925781e+01
   1.0723592e+07   2.4414063e+01
   1.0723955e+07   3.3691406e+01
   1.0740118e+07   2.7648926e+01
   1.0740320e+07   2.3315430e+01
   1.0758727e+07   2.4353027e+01
   1.0758898e+07   2.4230957e+01
   1.0758977e+07   2.6611328e+01
   1.0759031e+07   2.7404785e+01
   1.0759076e+07   2.4719238e+01
   1.0759318e+07   2.4658203e+01
   1.0777940e+07   2.5024414e+01
   1.0778962e+07   3.3386230e+01
   1.0779448e+07   2.7038574e+01
   1.0793057e+07   2.4536133e+01
   1.0793514e+07   2.3498535e+01
   1.0810085e+07   2.4597168e+01
   1.0824944e+07   2.3986816e+01
   1.0870139e+07   2.3315430e+01
   1.0907762e+07   4.0893555e+01
   1.0907798e+07   2.7282715e+01
   1.0907876e+07   2.8930664e+01
   1.0908099e+07   2.3559570e+01
   1.0938345e+07   2.4047852e+01
   1.0939209e+07   3.0822754e+01
   1.0939487e+07   2.5207520e+01
   1.0953749e+07   2.4353027e+01
   1.0954051e+07   3.1066895e+01
   1.0954096e+07   2.8625488e+01
   1.0954207e+07   2.6977539e+01
   1.0954324e+07   2.4597168e+01
   1.0954373e+07   2.4414063e+01
   1.0987476e+07   2.4414063e+01
   1.0987701e+07   3.4118652e+01
   1.0987900e+07   3.2531738e+01
   1.0988052e+07   2.3925781e+01
   1.1016259e+07   2.6062012e+01
   1.1016369e+07   2.4963379e+01
   1.1046775e+07   2.3376465e+01
   1.1071002e+07   2.8869629e+01
   1.1071372e+07   3.7841797e+01
   1.1071434e+07   3.0273438e+01
   1.1071481e+07   2.4902344e+01
   1.1071522e+07   2.7160645e+01
   1.1115392e+07   2.3437500e+01
   1.1116154e+07   3.3325195e+01
   1.1116378e+07   2.5878906e+01
   1.1116390e+07   2.5512695e+01
   1.1146522e+07   2.3742676e+01
   1.1146779e+07   2.3742676e+01
   1.1146811e+07   2.6062012e+01
   1.1146987e+07   2.5878906e+01
   1.1147257e+07   2.4291992e+01
   1.1188419e+07   2.3620605e+01
   1.1202801e+07   2.5817871e+01
   1.1203049e+07   3.8085938e+01
   1.1204572e+07   2.4353027e+01
   1.1223347e+07   2.7954102e+01
   1.1255603e+07   2.5451660e+01
   1.1255637e+07   3.2836914e+01
   1.1255725e+07   2.6672363e+01
   1.1255817e+07   3.6254883e+01
   1.1256044e+07   2.4902344e+01
   1.1286861e+07   2.5634766e+01
   1.1303112e+07   2.5085449e+01
   1.1303183e+07   3.1616211e+01
   1.1303415e+07   2.5939941e+01
   1.1303503e+07   2.4902344e+01
   1.1303915e+07   2.5451660e+01
   1.1303990e+07   2.3498535e+01
   1.1334271e+07   2.3559570e+01
   1.1334590e+07   2.3315430e+01
   1.1334658e+07   3.0639648e+01
   1.1334885e+07   2.5024414e+01
   1.1335017e+07   2.3376465e+01
   1.1335181e+07   2.3681641e+01
   1.1386522e+07   2.8198242e+01
   1.1388014e+07   3.1127930e+01
   1.1388056e+07   2.6855469e+01
   1.1388095e+07   3.5949707e+01
   1.1388232e+07   2.6672363e+01
   1.1388271e+07   2.3803711e+01
   1.1388432e+07   2.5207520e+01
   1.1388602e+07   2.7221680e+01
   1.1453529e+07   2.4475098e+01
   1.1453633e+07   2.7709961e+01
   1.1453722e+07   2.4780273e+01
   1.1496599e+07   2.4536133e+01
   1.1496633e+07   3.6193848e+01
   1.1496755e+07   2.4169922e+01
   1.1496778e+07   2.7648926e+01
   1.1496921e+07   2.3437500e+01
   1.1543589e+07   3.8024902e+01
   1.1543604e+07   2.5756836e+01
   1.1543723e+07   2.6855469e+01
   1.1543807e+07   2.3864746e+01
   1.1614070e+07   2.6306152e+01
   1.1614133e+07   2.9724121e+01
   1.1614194e+07   2.3742676e+01
   1.1614254e+07   2.4658203e+01
   1.1614331e+07   2.7160645e+01
   1.1614393e+07   2.5329590e+01
   1.1697265e+07   3.2531738e+01
   1.1697375e+07   2.4169922e+01
   1.1697396e+07   2.7160645e+01
   1.1735163e+07   2.3498535e+01
   1.1752128e+07   2.4414063e+01
   1.1809392e+07   2.6306152e+01
   1.1809455e+07   2.9602051e+01
   1.1809493e+07   2.8259277e+01
   1.1809509e+07   2.4414063e+01
   1.1809586e+07   2.6489258e+01
   1.1809662e+07   2.5634766e+01
   1.1865082e+07   2.7954102e+01
   1.1865307e+07   2.4047852e+01
   1.1865386e+07   2.3437500e+01
   1.1865560e+07   2.5756836e+01
   1.1895202e+07   2.9052734e+01
   1.1895321e+07   3.2775879e+01
   1.1895421e+07   2.4536133e+01
   1.1895475e+07   2.4841309e+01
   1.1924024e+07   2.4902344e+01
   1.1924142e+07   2.5634766e+01
   1.1924401e+07   2.3559570e+01
   1.1951084e+07   2.3986816e+01
   1.1951340e+07   2.3742676e+01
   1.1951382e+07   3.2775879e+01
   1.1951636e+07   2.4475098e+01
   1.1980214e+07   2.3498535e+01
   1.1980789e+07   2.5878906e+01
   1.1996081e+07   2.6184082e+01
   1.1996193e+07   2.3559570e+01
   1.1996317e+07   2.6062012e+01
   1.1996399e+07   2.4963379e+01
   1.1996453e+07   3.3874512e+01
   1.1996550e+07   2.4963379e+01
   1.1996625e+07   2.7648926e+01
