   1.1999000e+07   0.0000000e+00
   7.7650000e+03   4.7607422e+01
   7.8000000e+03   4.1656494e+01
   7.8720000e+03   3.4991455e+01
   7.8980000e+03   3.4039307e+01
   8.1590000e+03   3.7609863e+01
   2.6342000e+04   3.2135010e+01
   3.3250000e+04   3.2135010e+01
   3.3747000e+04   3.9752197e+01
   3.3824000e+04   3.9038086e+01
   3.4085000e+04   3.3801270e+01
   5.5074000e+04   3.9276123e+01
   6.1932000e+04   4.9273682e+01
   6.1955000e+04   4.6655273e+01
   6.1967000e+04   3.5229492e+01
   6.1996000e+04   4.4989014e+01
   6.2006000e+04   4.4989014e+01
   6.2038000e+04   4.9035645e+01
   6.2057000e+04   5.8081055e+01
   6.2080000e+04   3.8562012e+01
   6.2097000e+04   4.4750977e+01
   6.2114000e+04   4.4512939e+01
   6.2133000e+04   4.0466309e+01
   6.2155000e+04   4.6417236e+01
   6.2178000e+04   4.3322754e+01
   6.2210000e+04   3.7371826e+01
   6.2242000e+04   3.6181641e+01
   6.2273000e+04   3.6657715e+01
   6.2296000e+04   3.4277344e+01
   6.2315000e+04   3.2611084e+01
   6.2381000e+04   3.2849121e+01
   6.2401000e+04   3.3563232e+01
   6.2429000e+04   4.1656494e+01
   6.2580000e+04   3.4277344e+01
   6.2884000e+04   3.3325195e+01
   6.2900000e+04   3.4753418e+01
   6.3486000e+04   3.4753418e+01
   6.3828000e+04   3.9038086e+01
   7.0217000e+04   3.2611084e+01
   8.5281000e+04   3.4277344e+01
   8.6700000e+04   3.3801270e+01
   8.7114000e+04   3.2611084e+01
   8.9155000e+04   3.1896973e+01
   9.0970000e+04   3.5229492e+01
   9.8283000e+04   3.4277344e+01
   1.0336700e+05   3.2135010e+01
   1.1691500e+05   3.6419678e+01
   1.2041400e+05   4.4750977e+01
   1.3104600e+05   3.8562012e+01
   1.3338700e+05   3.2373047e+01
   1.3343800e+05   3.5467529e+01
   1.3351800e+05   3.2135010e+01
   1.4603200e+05   4.5941162e+01
   1.4645300e+05   4.4274902e+01
   1.4682300e+05   3.2849121e+01
   1.6081100e+05   3.3087158e+01
   1.6090500e+05   3.6657715e+01
   1.6101600e+05   3.2849121e+01
   1.6104400e+05   4.0704346e+01
   1.6109000e+05   3.4039307e+01
   1.6112200e+05   3.2135010e+01
   1.6113500e+05   3.3325195e+01
   1.6149300e+05   3.2373047e+01
   1.8212000e+05   3.3087158e+01
   1.8225300e+05   3.9514160e+01
   1.8226300e+05   3.6895752e+01
   1.8228900e+05   4.4274902e+01
   1.8233400e+05   3.5943604e+01
   1.8235800e+05   3.9276123e+01
   1.8241200e+05   3.2611084e+01
   1.8244800e+05   5.1892090e+01
   1.8248100e+05   3.2373047e+01
   1.8252700e+05   3.4515381e+01
   1.8255200e+05   3.3087158e+01
   1.8318600e+05   3.6657715e+01
   1.8324600e+05   3.3563232e+01
   2.0708200e+05   5.1177979e+01
   2.0711000e+05   3.5229492e+01
   2.0726400e+05   3.9514160e+01
   2.0731500e+05   3.6895752e+01
   2.0734900e+05   3.9276123e+01
   2.0739900e+05   3.5467529e+01
   2.0743200e+05   4.9987793e+01
   2.0744500e+05   4.4989014e+01
   2.0746800e+05   3.4277344e+01
   2.0750300e+05   3.2135010e+01
   2.0752700e+05   3.3801270e+01
   2.0753700e+05   3.8562012e+01
   2.0756200e+05   3.6895752e+01
   2.0760200e+05   4.3322754e+01
   2.0762400e+05   3.9990234e+01
   2.0774300e+05   3.2849121e+01
   2.0801500e+05   3.2135010e+01
   2.3322500e+05   3.4991455e+01
   2.3390000e+05   3.2135010e+01
   2.3398800e+05   3.2135010e+01
   2.3415100e+05   3.4515381e+01
   2.5577200e+05   4.2132568e+01
   2.5588600e+05   4.9987793e+01
   2.5596900e+05   3.6895752e+01
   2.5598600e+05   3.1896973e+01
   2.5602800e+05   3.9752197e+01
   2.5606700e+05   3.6181641e+01
   2.5608300e+05   4.7369385e+01
   2.5611900e+05   3.8085937e+01
   2.5612900e+05   3.3563232e+01
   2.5616900e+05   3.4991455e+01
   2.5620700e+05   3.4277344e+01
   2.5623200e+05   4.3084717e+01
   2.5626500e+05   3.6181641e+01
   2.5628200e+05   3.7609863e+01
   2.5629600e+05   3.5705566e+01
   2.5637700e+05   4.3084717e+01
   2.5639700e+05   3.2373047e+01
   2.5647700e+05   3.4277344e+01
   2.5659100e+05   3.2135010e+01
   2.5672700e+05   3.6657715e+01
   2.5686500e+05   3.2849121e+01
   2.5697100e+05   3.6419678e+01
   2.5726200e+05   3.6895752e+01
   2.5760700e+05   3.5229492e+01
   2.5779300e+05   3.2373047e+01
   2.6375500e+05   3.2611084e+01
   2.7981500e+05   3.1896973e+01
   2.8404100e+05   3.4753418e+01
   2.8460400e+05   3.3801270e+01
   2.8577600e+05   3.7371826e+01
   2.9234500e+05   3.2135010e+01
   2.9771900e+05   3.1896973e+01
   2.9778300e+05   5.3796387e+01
   2.9799900e+05   3.4039307e+01
   2.9806200e+05   3.6657715e+01
   3.1160800e+05   5.4034424e+01
   3.1170400e+05   3.3087158e+01
   3.1182400e+05   3.4753418e+01
   3.1186100e+05   3.5467529e+01
   3.1187800e+05   3.7847900e+01
   3.2977900e+05   3.1896973e+01
   3.2979100e+05   3.2135010e+01
   3.2981700e+05   3.7847900e+01
   3.2985100e+05   3.7371826e+01
   3.2987400e+05   3.8562012e+01
   3.2989700e+05   3.7609863e+01
   3.2990800e+05   3.3325195e+01
   3.2998700e+05   6.0699463e+01
   3.3002300e+05   3.9752197e+01
   3.3010900e+05   3.2611084e+01
   3.3013100e+05   5.1892090e+01
   3.3014400e+05   3.9514160e+01
   3.3017100e+05   3.3563232e+01
   3.3018800e+05   3.6657715e+01
   3.3020900e+05   5.9271240e+01
   3.3024600e+05   3.7371826e+01
   3.3025700e+05   3.2373047e+01
   3.3027000e+05   3.4039307e+01
   3.3031500e+05   4.4750977e+01
   3.3032900e+05   3.2849121e+01
   3.3040200e+05   3.6657715e+01
   3.3042200e+05   3.3801270e+01
   3.3056300e+05   3.3325195e+01
   3.3071200e+05   3.2135010e+01
   3.3105000e+05   3.5229492e+01
   3.3133400e+05   3.4515381e+01
   3.3620800e+05   3.2135010e+01
   3.5435100e+05   3.2849121e+01
   3.5445900e+05   3.1896973e+01
   3.5763700e+05   3.2611084e+01
   3.6691800e+05   3.4515381e+01
   3.6695600e+05   4.0466309e+01
   3.6702600e+05   3.9038086e+01
   3.6707900e+05   3.6657715e+01
   3.6710800e+05   3.5705566e+01
   3.6720300e+05   3.9514160e+01
   3.6721900e+05   5.0701904e+01
   3.8324800e+05   3.4991455e+01
   3.8349200e+05   3.4039307e+01
   3.8356100e+05   3.3087158e+01
   3.8366400e+05   3.4277344e+01
   3.8372200e+05   3.3325195e+01
   3.9962800e+05   3.2849121e+01
   3.9964300e+05   3.5229492e+01
   3.9971100e+05   3.2611084e+01
   3.9977500e+05   3.7133789e+01
   3.9978800e+05   4.0466309e+01
   3.9985200e+05   3.6181641e+01
   3.9988100e+05   3.3087158e+01
   3.9989800e+05   5.0463867e+01
   3.9991300e+05   5.0463867e+01
   3.9993800e+05   6.6174316e+01
   3.9995700e+05   3.4753418e+01
   3.9998300e+05   3.4039307e+01
   4.0001600e+05   3.6181641e+01
   4.0004200e+05   3.2611084e+01
   4.0007000e+05   4.4036865e+01
   4.0009400e+05   3.9752197e+01
   4.0012000e+05   3.4515381e+01
   4.0017300e+05   3.2373047e+01
   4.0024300e+05   4.5465088e+01
   4.0027400e+05   3.5467529e+01
   4.0043000e+05   4.1656494e+01
   4.2490100e+05   3.3087158e+01
   4.2511200e+05   3.7133789e+01
   4.2529600e+05   4.1656494e+01
   4.4063700e+05   3.4277344e+01
   4.4068900e+05   3.8562012e+01
   4.4071800e+05   3.8800049e+01
   4.4076300e+05   5.0463867e+01
   4.4077600e+05   5.0463867e+01
   4.4081000e+05   4.3560791e+01
   4.4082700e+05   4.6417236e+01
   4.4084900e+05   6.3317871e+01
   4.4086900e+05   3.6419678e+01
   4.4089100e+05   3.5943604e+01
   4.4093300e+05   4.3084717e+01
   4.4095300e+05   4.1894531e+01
   4.4100600e+05   3.3563232e+01
   4.4104000e+05   3.9038086e+01
   4.4111500e+05   3.7133789e+01
   4.4113400e+05   3.7847900e+01
   4.4115800e+05   4.3084717e+01
   4.4117600e+05   3.4753418e+01
   4.4140000e+05   3.2849121e+01
   4.4144100e+05   3.4039307e+01
   4.4153300e+05   4.1656494e+01
   4.4431200e+05   3.2611084e+01
   4.6570700e+05   3.4753418e+01
   4.6630100e+05   3.4277344e+01
   4.7185700e+05   3.2373047e+01
   4.7962900e+05   3.6895752e+01
   4.9205700e+05   3.5229492e+01
   4.9207200e+05   3.6419678e+01
   4.9247500e+05   3.1896973e+01
   5.0471000e+05   3.2373047e+01
   5.0478300e+05   4.4036865e+01
   5.0485300e+05   3.4515381e+01
   5.0487400e+05   3.2611084e+01
   5.0494100e+05   3.3563232e+01
   5.0496200e+05   3.2373047e+01
   5.0499000e+05   4.1418457e+01
   5.0518300e+05   3.6657715e+01
   5.0522200e+05   5.3082275e+01
   5.0530600e+05   3.5229492e+01
   5.0564800e+05   3.2135010e+01
   5.2151900e+05   3.3325195e+01
   5.2154200e+05   4.0466309e+01
   5.2165800e+05   3.8800049e+01
   5.2170500e+05   3.4753418e+01
   5.2181900e+05   3.4277344e+01
   5.2185500e+05   3.3563232e+01
   5.2192800e+05   3.2373047e+01
   5.2194800e+05   4.2846680e+01
   5.2200400e+05   3.9038086e+01
   5.2202500e+05   3.3325195e+01
   5.2205200e+05   3.7371826e+01
   5.2206700e+05   3.7371826e+01
   5.4320400e+05   4.8083496e+01
   5.4328000e+05   3.9038086e+01
   5.4335800e+05   3.6181641e+01
   5.4348100e+05   4.4274902e+01
   5.4352800e+05   3.7371826e+01
   5.4355900e+05   5.5462646e+01
   5.4357800e+05   3.6181641e+01
   5.4358800e+05   4.4512939e+01
   5.4366600e+05   3.4277344e+01
   5.4369000e+05   3.5943604e+01
   5.4373500e+05   3.8085938e+01
   5.6795100e+05   3.1896973e+01
   5.6801500e+05   3.6657715e+01
   5.6832300e+05   3.4277344e+01
   5.6925900e+05   3.3563232e+01
   5.8840200e+05   3.7609863e+01
   5.8843700e+05   4.0704346e+01
   5.8847500e+05   3.5467529e+01
   5.8850400e+05   4.0466309e+01
   5.8851500e+05   3.1896973e+01
   5.8855500e+05   3.7847900e+01
   5.8858500e+05   3.4753418e+01
   5.8861000e+05   5.2368164e+01
   5.8863500e+05   4.1894531e+01
   5.8866400e+05   3.2135010e+01
   5.8867700e+05   4.9749756e+01
   5.8870100e+05   4.9035645e+01
   5.8872200e+05   4.1418457e+01
   5.8878500e+05   3.5229492e+01
   5.8882400e+05   3.3325195e+01
   5.8883600e+05   4.4274902e+01
   5.8886900e+05   3.7847900e+01
   5.8895300e+05   3.3563232e+01
   5.8897800e+05   3.3087158e+01
   5.8905800e+05   3.1896973e+01
   5.8910100e+05   3.3801270e+01
   5.8924100e+05   3.3325195e+01
   6.2217800e+05   3.2611084e+01
   6.2326900e+05   4.9511719e+01
   6.2330000e+05   3.3087158e+01
   6.2339800e+05   3.3563232e+01
   6.2344100e+05   3.2135010e+01
   6.2346000e+05   3.6181641e+01
   6.2348700e+05   4.3084717e+01
   6.2351100e+05   4.0466309e+01
   6.2356800e+05   3.6895752e+01
   6.2360600e+05   3.5467529e+01
   6.2370900e+05   3.2611084e+01
   6.2381600e+05   3.2373047e+01
   6.2387400e+05   3.2373047e+01
   6.5068800e+05   3.8085938e+01
   6.5127700e+05   3.8562012e+01
   6.6360400e+05   3.8085938e+01
   6.6363000e+05   6.9982910e+01
   6.6376500e+05   3.3087158e+01
   6.6387200e+05   5.4510498e+01
   6.6395600e+05   3.7847900e+01
   6.6398400e+05   3.8323975e+01
   6.6415100e+05   3.1896973e+01
   6.6421200e+05   3.4277344e+01
   6.8312100e+05   3.1896973e+01
   6.8318000e+05   3.4277344e+01
   6.8346200e+05   3.4753418e+01
   6.9044800e+05   3.2135010e+01
   6.9046700e+05   4.4274902e+01
   6.9290900e+05   4.7607422e+01
   6.9293300e+05   3.6419678e+01
   6.9299500e+05   3.2373047e+01
   6.9301400e+05   4.3322754e+01
   6.9307900e+05   3.7371826e+01
   6.9314300e+05   4.2846680e+01
   6.9316300e+05   3.3563232e+01
   6.9317900e+05   4.0942383e+01
   6.9320300e+05   4.4036865e+01
   6.9322000e+05   4.6893311e+01
   6.9323100e+05   4.9749756e+01
   6.9326700e+05   3.9514160e+01
   6.9328600e+05   4.4036865e+01
   6.9331800e+05   3.4039307e+01
   6.9339700e+05   3.2135010e+01
   7.1256400e+05   3.5943604e+01
   7.4862100e+05   3.5943604e+01
   7.4864900e+05   3.4753418e+01
   7.4999800e+05   3.3563232e+01
   7.5003700e+05   3.3087158e+01
   7.5005400e+05   3.5943604e+01
   7.5012000e+05   3.7847900e+01
   7.5017000e+05   3.2135010e+01
   7.5019000e+05   4.2608643e+01
   7.5030300e+05   3.3087158e+01
   7.8302100e+05   5.3082275e+01
   7.8309400e+05   3.3325195e+01
   7.8310500e+05   5.6176758e+01
   7.8316500e+05   3.2611084e+01
   7.8320700e+05   3.3563232e+01
   7.8326500e+05   3.9514160e+01
   7.8330300e+05   3.6419678e+01
   8.0184900e+05   5.3558350e+01
   8.0195000e+05   3.6181641e+01
   8.0207900e+05   3.4515381e+01
   8.0699700e+05   3.6895752e+01
   8.0705300e+05   3.5467529e+01
   8.0716600e+05   3.2373047e+01
   8.0720900e+05   4.6893311e+01
   8.1729800e+05   3.2135010e+01
   8.1732500e+05   3.6657715e+01
   8.1733500e+05   5.5462646e+01
   8.1742900e+05   3.2135010e+01
   8.1746800e+05   3.2373047e+01
   8.1757900e+05   3.5467529e+01
   8.1769500e+05   3.3563232e+01
   8.3868200e+05   3.4515381e+01
   8.3876500e+05   5.7366943e+01
   8.3880000e+05   3.3087158e+01
   8.3882800e+05   4.7607422e+01
   8.3884800e+05   3.3087158e+01
   8.3894300e+05   3.5943604e+01
   8.3898400e+05   3.4991455e+01
   8.3908000e+05   3.2135010e+01
   8.3925800e+05   3.4991455e+01
   8.4664800e+05   3.4039307e+01
   8.6252700e+05   3.8800049e+01
   8.6275300e+05   3.2373047e+01
   8.6285800e+05   3.2373047e+01
   8.6763400e+05   3.5705566e+01
   8.8165600e+05   3.3325195e+01
   8.8168000e+05   4.1180420e+01
   8.8172400e+05   3.5467529e+01
   8.8175500e+05   3.8800049e+01
   8.8178800e+05   3.9038086e+01
   8.8180900e+05   4.6417236e+01
   8.8182500e+05   3.4753418e+01
   8.8187500e+05   3.8800049e+01
   8.8190300e+05   4.9987793e+01
   8.8200900e+05   3.5229492e+01
   8.8202900e+05   3.6181641e+01
   8.8207100e+05   3.2135010e+01
   9.2623500e+05   4.1894531e+01
   9.2626300e+05   3.5705566e+01
   9.2877200e+05   3.8562012e+01
   9.2878400e+05   4.0466309e+01
   9.2880500e+05   3.6657715e+01
   9.2882200e+05   3.4039307e+01
   9.2884000e+05   4.1656494e+01
   9.2886500e+05   3.9276123e+01
   9.2891700e+05   3.4753418e+01
   9.2896400e+05   3.9990234e+01
   9.2899600e+05   3.2849121e+01
   9.2908200e+05   3.8562012e+01
   9.5578400e+05   4.9749756e+01
   9.5580100e+05   4.4036865e+01
   9.5581300e+05   3.7371826e+01
   9.5582900e+05   3.4991455e+01
   9.5585700e+05   3.7133789e+01
   9.5591700e+05   3.4277344e+01
   9.5594200e+05   3.5705566e+01
   9.5597400e+05   4.1180420e+01
   9.5606800e+05   3.2373047e+01
   9.7683600e+05   3.6419678e+01
   9.7692900e+05   3.5705566e+01
   9.8768600e+05   3.4991455e+01
   9.9136400e+05   3.9038086e+01
   1.0049390e+06   3.2373047e+01
   1.0054620e+06   3.4753418e+01
   1.0054840e+06   3.2135010e+01
   1.0055100e+06   3.8085938e+01
   1.0055220e+06   4.6893311e+01
   1.0055540e+06   3.6419678e+01
   1.0056030e+06   3.3563232e+01
   1.0056610e+06   3.4515381e+01
   1.0056920e+06   3.4753418e+01
   1.0058080e+06   3.5705566e+01
   1.0058920e+06   3.3087158e+01
   1.0399020e+06   3.4039307e+01
   1.0399290e+06   4.1894531e+01
   1.0399690e+06   3.5705566e+01
   1.0399900e+06   4.1656494e+01
   1.0400250e+06   4.0942383e+01
   1.0400990e+06   3.3563232e+01
   1.0401340e+06   3.8800049e+01
   1.0401650e+06   3.4753418e+01
   1.0402170e+06   3.3325195e+01
   1.0403190e+06   4.0228271e+01
   1.0403390e+06   3.4277344e+01
   1.0404590e+06   3.1896973e+01
   1.0701030e+06   3.7847900e+01
   1.0701260e+06   3.4515381e+01
   1.0701370e+06   5.0701904e+01
   1.0701690e+06   4.2132568e+01
   1.0702080e+06   4.0704346e+01
   1.0702380e+06   3.2849121e+01
   1.0702740e+06   3.8085937e+01
   1.0703220e+06   3.1896973e+01
   1.0703410e+06   3.1896973e+01
   1.0704570e+06   4.2370605e+01
   1.0705530e+06   3.3325195e+01
   1.1018630e+06   3.8085938e+01
   1.1031370e+06   3.5705566e+01
   1.1032680e+06   3.1896973e+01
   1.1139080e+06   3.6895752e+01
   1.1188280e+06   3.8085937e+01
   1.1236040e+06   3.3563232e+01
   1.1333020e+06   4.5703125e+01
   1.1333250e+06   3.1896973e+01
   1.1333430e+06   3.8085938e+01
   1.1333770e+06   4.5465088e+01
   1.1333970e+06   5.1892090e+01
   1.1334280e+06   3.8085938e+01
   1.1334410e+06   3.5705566e+01
   1.1335020e+06   3.5229492e+01
   1.1336060e+06   3.2135010e+01
   1.1336370e+06   3.3563232e+01
   1.1337810e+06   3.1896973e+01
   1.1339660e+06   3.1896973e+01
   1.1339810e+06   3.6419678e+01
   1.1555890e+06   3.4277344e+01
   1.1590490e+06   3.2611084e+01
   1.1667990e+06   3.4991455e+01
   1.1877970e+06   3.2849121e+01
   1.1898120e+06   3.6657715e+01
   1.1955930e+06   3.2611084e+01
   1.2003220e+06   3.4277344e+01
   1.2061630e+06   4.7845459e+01
   1.2062180e+06   3.7371826e+01
   1.2062290e+06   5.6176758e+01
   1.2062910e+06   3.7609863e+01
   1.2063220e+06   3.2849121e+01
   1.2064030e+06   3.3563232e+01
   1.2405650e+06   4.7131348e+01
   1.2406060e+06   3.4039307e+01
   1.2406680e+06   3.6657715e+01
   1.2406920e+06   3.9514160e+01
   1.2407330e+06   4.0704346e+01
   1.2570280e+06   3.2373047e+01
   1.2597760e+06   4.9749756e+01
   1.2655930e+06   4.2608643e+01
   1.2656980e+06   3.8323975e+01
   1.2706100e+06   3.4277344e+01
   1.2706380e+06   5.9271240e+01
   1.2706690e+06   3.3087158e+01
   1.2706880e+06   3.9276123e+01
   1.2707080e+06   3.2611084e+01
   1.2707530e+06   4.9035645e+01
   1.2707640e+06   3.3325195e+01
   1.2707850e+06   3.2611084e+01
   1.2708050e+06   5.2368164e+01
   1.2708280e+06   5.3082275e+01
   1.2708390e+06   4.7369385e+01
   1.2708930e+06   4.1894531e+01
   1.2709220e+06   3.4991455e+01
   1.2709330e+06   4.0466309e+01
   1.2709630e+06   3.2611084e+01
   1.2709900e+06   4.4274902e+01
   1.2710080e+06   3.2611084e+01
   1.2710290e+06   3.1896973e+01
   1.2710700e+06   3.1896973e+01
   1.2711250e+06   3.4515381e+01
   1.2712230e+06   3.3325195e+01
   1.2712560e+06   3.3087158e+01
   1.2712890e+06   3.4277344e+01
   1.2714650e+06   3.6895752e+01
   1.2717350e+06   4.0228271e+01
   1.2901620e+06   3.7847900e+01
   1.2962600e+06   3.9752197e+01
   1.3028600e+06   3.4277344e+01
   1.3035060e+06   3.1896973e+01
   1.3060830e+06   4.5703125e+01
   1.3061330e+06   3.2849121e+01
   1.3061540e+06   4.8321533e+01
   1.3062310e+06   3.3563232e+01
   1.3196290e+06   3.3325195e+01
   1.3197390e+06   3.5229492e+01
   1.3198180e+06   3.3801270e+01
   1.3288120e+06   4.4989014e+01
   1.3315590e+06   3.5943604e+01
   1.3315750e+06   5.1892090e+01
   1.3316060e+06   3.7371826e+01
   1.3316350e+06   3.2849121e+01
   1.3316460e+06   3.4515381e+01
   1.3316620e+06   3.4277344e+01
   1.3316940e+06   3.6181641e+01
   1.3317130e+06   3.4039307e+01
   1.3317370e+06   3.2611084e+01
   1.3317540e+06   3.2135010e+01
   1.3317840e+06   3.7609863e+01
   1.3318100e+06   3.4991455e+01
   1.3318240e+06   3.4039307e+01
   1.3509510e+06   3.1896973e+01
   1.3529180e+06   5.5700684e+01
   1.3529330e+06   4.3798828e+01
   1.3529430e+06   3.4753418e+01
   1.3530110e+06   3.3325195e+01
   1.3530590e+06   3.7133789e+01
   1.3531540e+06   3.2611084e+01
   1.3624900e+06   5.5224609e+01
   1.3753090e+06   3.3563232e+01
   1.3753540e+06   3.1896973e+01
   1.3756580e+06   3.4515381e+01
   1.3993880e+06   6.1175537e+01
   1.3995530e+06   3.2611084e+01
   1.3996060e+06   3.7371826e+01
   1.4262850e+06   4.5703125e+01
   1.4263100e+06   3.6895752e+01
   1.4263560e+06   4.1894531e+01
   1.4263920e+06   3.6657715e+01
   1.4264360e+06   3.2611084e+01
   1.4264960e+06   3.3563232e+01
   1.4265140e+06   3.2373047e+01
   1.4265690e+06   3.2611084e+01
   1.4266140e+06   3.5705566e+01
   1.4266290e+06   3.9990234e+01
   1.4266510e+06   3.7609863e+01
   1.4267310e+06   3.5467529e+01
   1.4444180e+06   3.1896973e+01
   1.4620130e+06   3.8085938e+01
   1.4620670e+06   3.6657715e+01
   1.4621300e+06   3.5467529e+01
   1.4625690e+06   3.3563232e+01
   1.4830300e+06   4.0942383e+01
   1.4830700e+06   4.4274902e+01
   1.4831040e+06   3.1896973e+01
   1.4831370e+06   3.2373047e+01
   1.4831560e+06   3.4277344e+01
   1.4831660e+06   3.3801270e+01
   1.4832070e+06   3.7133789e+01
   1.4833570e+06   3.7847900e+01
   1.4835500e+06   3.5229492e+01
   1.4835620e+06   3.3563232e+01
   1.5102850e+06   4.1418457e+01
   1.5149020e+06   4.2846680e+01
   1.5149660e+06   3.4991455e+01
   1.5150070e+06   4.3322754e+01
   1.5151200e+06   3.4039307e+01
   1.5151430e+06   3.9990234e+01
   1.5151530e+06   3.3801270e+01
   1.5152580e+06   3.5467529e+01
   1.5396190e+06   4.5465088e+01
   1.5396410e+06   3.4515381e+01
   1.5396590e+06   3.9752197e+01
   1.5397320e+06   4.4036865e+01
   1.5397650e+06   4.7607422e+01
   1.5398290e+06   3.5943604e+01
   1.5398670e+06   3.3087158e+01
   1.5399000e+06   4.8797607e+01
   1.5399260e+06   3.5229492e+01
   1.5399900e+06   3.1896973e+01
   1.5400530e+06   4.0942383e+01
   1.5401070e+06   3.1896973e+01
   1.5401170e+06   3.3801270e+01
   1.5401420e+06   3.2611084e+01
   1.5402470e+06   3.4753418e+01
   1.5683990e+06   3.5229492e+01
   1.5684240e+06   3.9752197e+01
   1.5684440e+06   3.6657715e+01
   1.5684820e+06   3.1896973e+01
   1.5684990e+06   3.7847900e+01
   1.5685250e+06   3.4991455e+01
   1.5686130e+06   3.5705566e+01
   1.5686240e+06   3.4515381e+01
   1.5686620e+06   3.2611084e+01
   1.5686850e+06   3.8323975e+01
   1.5934110e+06   4.7845459e+01
   1.5934290e+06   3.6657715e+01
   1.5934660e+06   3.8085938e+01
   1.5934890e+06   3.4039307e+01
   1.5935140e+06   3.3325195e+01
   1.5935490e+06   3.5943604e+01
   1.5936030e+06   3.3325195e+01
   1.5936430e+06   3.9514160e+01
   1.5936820e+06   3.1896973e+01
   1.5938100e+06   4.3798828e+01
   1.5939170e+06   3.5943604e+01
   1.6093780e+06   3.2135010e+01
   1.6144670e+06   3.3801270e+01
   1.6146670e+06   3.7371826e+01
   1.6146970e+06   3.2373047e+01
   1.6147080e+06   3.9514160e+01
   1.6147420e+06   3.4277344e+01
   1.6147530e+06   4.4036865e+01
   1.6147950e+06   3.8562012e+01
   1.6148440e+06   4.5465088e+01
   1.6149220e+06   3.9276123e+01
   1.6149590e+06   3.9038086e+01
   1.6149760e+06   3.3801270e+01
   1.6150340e+06   4.1894531e+01
   1.6150620e+06   3.2135010e+01
   1.6151360e+06   3.5467529e+01
   1.6152530e+06   3.3563232e+01
   1.6154800e+06   3.2135010e+01
   1.6394420e+06   3.3325195e+01
   1.6394550e+06   3.3563232e+01
   1.6395530e+06   3.7371826e+01
   1.6395760e+06   3.8085938e+01
   1.6395880e+06   3.3801270e+01
   1.6591850e+06   3.7609863e+01
   1.6592120e+06   3.3087158e+01
   1.6592310e+06   3.7609863e+01
   1.6592620e+06   4.8559570e+01
   1.6593040e+06   4.5465088e+01
   1.6593450e+06   4.8321533e+01
   1.6593660e+06   3.5467529e+01
   1.6594060e+06   3.3801270e+01
   1.6594200e+06   3.3325195e+01
   1.6594430e+06   3.5229492e+01
   1.6594640e+06   3.9514160e+01
   1.6594860e+06   3.2135010e+01
   1.6595070e+06   4.5465088e+01
   1.6595280e+06   3.9752197e+01
   1.6596070e+06   3.3087158e+01
   1.6596400e+06   3.6181641e+01
   1.6597450e+06   3.7133789e+01
   1.6598250e+06   3.4515381e+01
   1.6600520e+06   3.6657715e+01
   1.6602640e+06   3.1896973e+01
   1.6604770e+06   3.1896973e+01
   1.6605110e+06   3.1896973e+01
   1.6607820e+06   3.3563232e+01
   1.6618300e+06   3.1896973e+01
   1.6823700e+06   3.1896973e+01
   1.6861030e+06   3.9990234e+01
   1.6863410e+06   3.4277344e+01
   1.6867380e+06   3.4277344e+01
   1.6907590e+06   3.1896973e+01
   1.6968850e+06   3.7371826e+01
   1.7000740e+06   3.4515381e+01
   1.7166150e+06   3.3801270e+01
   1.7299620e+06   5.5700684e+01
   1.7398940e+06   3.2611084e+01
   1.7399960e+06   3.9276123e+01
   1.7401100e+06   3.6419678e+01
   1.7401380e+06   3.3325195e+01
   1.7454440e+06   3.4991455e+01
   1.7495250e+06   3.8800049e+01
   1.7496120e+06   3.8800049e+01
   1.7569390e+06   4.1894531e+01
   1.7569670e+06   3.8800049e+01
   1.7569820e+06   5.4748535e+01
   1.7570040e+06   5.1177979e+01
   1.7570190e+06   3.2849121e+01
   1.7570440e+06   3.5467529e+01
   1.7570700e+06   3.5705566e+01
   1.7571150e+06   4.9273682e+01
   1.7571260e+06   4.0704346e+01
   1.7571630e+06   4.5703125e+01
   1.7572080e+06   3.4753418e+01
   1.7572320e+06   5.2368164e+01
   1.7572480e+06   3.5467529e+01
   1.7572730e+06   3.5229492e+01
   1.7573030e+06   4.7131348e+01
   1.7573170e+06   3.9752197e+01
   1.7573680e+06   4.2846680e+01
   1.7573950e+06   3.4753418e+01
   1.7574090e+06   4.0466309e+01
   1.7579720e+06   3.4039307e+01
   1.7809650e+06   4.4036865e+01
   1.7811890e+06   3.3087158e+01
   1.7955600e+06   4.0704346e+01
   1.7957860e+06   3.7371826e+01
   1.8033220e+06   4.2846680e+01
   1.8033590e+06   3.5943604e+01
   1.8033920e+06   5.4034424e+01
   1.8034400e+06   3.4515381e+01
   1.8034540e+06   4.3084717e+01
   1.8034870e+06   5.6890869e+01
   1.8035060e+06   4.3084717e+01
   1.8035210e+06   4.0228271e+01
   1.8035490e+06   3.5705566e+01
   1.8035800e+06   3.1896973e+01
   1.8036110e+06   4.6417236e+01
   1.8036220e+06   3.5705566e+01
   1.8036700e+06   3.3563232e+01
   1.8036940e+06   3.9276123e+01
   1.8037310e+06   3.5467529e+01
   1.8037740e+06   3.2849121e+01
   1.8037860e+06   5.1416016e+01
   1.8038390e+06   4.8559570e+01
   1.8038600e+06   3.6895752e+01
   1.8039020e+06   3.4991455e+01
   1.8040290e+06   3.6657715e+01
   1.8041320e+06   3.3563232e+01
   1.8041540e+06   3.3801270e+01
   1.8046070e+06   3.3325195e+01
   1.8047190e+06   4.1656494e+01
   1.8091380e+06   3.4039307e+01
   1.8102550e+06   3.2373047e+01
   1.8236090e+06   3.2611084e+01
   1.8243720e+06   3.3801270e+01
   1.8248360e+06   3.2135010e+01
   1.8394420e+06   3.5467529e+01
   1.8527080e+06   3.2373047e+01
   1.8675790e+06   3.5705566e+01
   1.8715660e+06   3.3325195e+01
   1.8715850e+06   4.9511719e+01
   1.8717170e+06   3.2611084e+01
   1.8717340e+06   3.2373047e+01
   1.8717730e+06   3.4039307e+01
   1.8842600e+06   4.3798828e+01
   1.8934290e+06   3.5467529e+01
   1.8934590e+06   3.1896973e+01
   1.8934730e+06   4.6417236e+01
   1.8935010e+06   4.0704346e+01
   1.8935250e+06   3.5467529e+01
   1.8935570e+06   3.7133789e+01
   1.8935870e+06   3.8800049e+01
   1.8936120e+06   3.4753418e+01
   1.8936220e+06   3.2849121e+01
   1.8936390e+06   3.7847900e+01
   1.8936780e+06   3.9276123e+01
   1.8936900e+06   3.4039307e+01
   1.8937170e+06   3.2135010e+01
   1.8937420e+06   4.0704346e+01
   1.8937530e+06   3.9752197e+01
   1.8937860e+06   3.7371826e+01
   1.8938180e+06   3.4039307e+01
   1.8938410e+06   3.3801270e+01
   1.8939050e+06   4.0704346e+01
   1.8939350e+06   3.9038086e+01
   1.8940330e+06   3.8562012e+01
   1.8941720e+06   3.6657715e+01
   1.8942430e+06   3.3801270e+01
   1.8942630e+06   3.6419678e+01
   1.8942900e+06   3.6419678e+01
   1.8943890e+06   3.1896973e+01
   1.8950160e+06   3.2849121e+01
   1.9206290e+06   3.2135010e+01
   1.9209080e+06   3.1896973e+01
   1.9308670e+06   3.2373047e+01
   1.9323370e+06   3.4039307e+01
   1.9323740e+06   3.8085938e+01
   1.9437260e+06   3.3801270e+01
   1.9437390e+06   3.6181641e+01
   1.9438060e+06   3.3087158e+01
   1.9532170e+06   3.3087158e+01
   1.9532270e+06   3.3325195e+01
   1.9533170e+06   3.2135010e+01
   1.9533910e+06   3.7847900e+01
   1.9534400e+06   3.4515381e+01
   1.9534890e+06   3.4753418e+01
   1.9535080e+06   3.2135010e+01
   1.9721990e+06   3.3801270e+01
   1.9727810e+06   3.4515381e+01
   1.9728010e+06   3.7133789e+01
   1.9728230e+06   3.5467529e+01
   1.9729440e+06   3.7133789e+01
   1.9730010e+06   3.4039307e+01
   1.9730260e+06   4.0942383e+01
   1.9730520e+06   3.4039307e+01
   1.9730750e+06   4.1894531e+01
   1.9731070e+06   3.2611084e+01
   1.9731720e+06   3.2849121e+01
   1.9732040e+06   4.3084717e+01
   1.9733650e+06   3.8800049e+01
   1.9734670e+06   3.2135010e+01
   1.9736010e+06   3.5943604e+01
   2.0005980e+06   6.0461426e+01
   2.0006110e+06   3.1896973e+01
   2.0006550e+06   3.6419678e+01
   2.0006840e+06   3.1896973e+01
   2.0007340e+06   3.6419678e+01
   2.0008340e+06   3.6657715e+01
   2.0009260e+06   3.9038086e+01
   2.0009440e+06   4.9511719e+01
   2.0375330e+06   3.2135010e+01
   2.0375700e+06   4.4036865e+01
   2.0377050e+06   3.4277344e+01
   2.0377220e+06   3.6419678e+01
   2.0377880e+06   3.4515381e+01
   2.0378110e+06   3.9514160e+01
   2.0378430e+06   3.3563232e+01
   2.0379180e+06   3.1896973e+01
   2.0379400e+06   4.6655273e+01
   2.0601840e+06   3.4277344e+01
   2.0605050e+06   4.1656494e+01
   2.0634550e+06   3.3087158e+01
   2.0649870e+06   3.1896973e+01
   2.0689220e+06   3.7371826e+01
   2.0689480e+06   3.3563232e+01
   2.0689920e+06   3.5229492e+01
   2.0690280e+06   3.2135010e+01
   2.0690640e+06   3.5943604e+01
   2.0690920e+06   4.9987793e+01
   2.0691210e+06   4.5227051e+01
   2.0691480e+06   3.3563232e+01
   2.0691610e+06   3.3801270e+01
   2.0691840e+06   4.0466309e+01
   2.0692380e+06   3.9990234e+01
   2.0692650e+06   3.1896973e+01
   2.0693430e+06   4.8797607e+01
   2.0694010e+06   3.3801270e+01
   2.0695410e+06   3.1896973e+01
   2.0697510e+06   3.4277344e+01
   2.0699010e+06   3.3325195e+01
   2.0970870e+06   3.1896973e+01
   2.0977570e+06   3.2135010e+01
   2.1099480e+06   4.8083496e+01
   2.1101300e+06   4.6655273e+01
   2.1103750e+06   3.2135010e+01
   2.1221590e+06   5.3558350e+01
   2.1222000e+06   3.3563232e+01
   2.1301880e+06   4.0466309e+01
   2.1302160e+06   3.8800049e+01
   2.1302780e+06   3.5467529e+01
   2.1302890e+06   4.6179199e+01
   2.1303280e+06   3.4753418e+01
   2.1303570e+06   3.5229492e+01
   2.1303860e+06   4.5227051e+01
   2.1303990e+06   5.2130127e+01
   2.1304380e+06   3.1896973e+01
   2.1304690e+06   3.8562012e+01
   2.1305090e+06   4.8797607e+01
   2.1305450e+06   3.7609863e+01
   2.1305740e+06   3.2373047e+01
   2.1306830e+06   3.4039307e+01
   2.1308000e+06   3.3801270e+01
   2.1308340e+06   3.2373047e+01
   2.1309820e+06   3.6181641e+01
   2.1589620e+06   3.3801270e+01
   2.1591240e+06   3.8085938e+01
   2.1670840e+06   4.5941162e+01
   2.1671270e+06   3.8562012e+01
   2.1786100e+06   4.1180420e+01
   2.1868850e+06   4.7131348e+01
   2.1869140e+06   4.0704346e+01
   2.1869940e+06   3.3325195e+01
   2.1870250e+06   3.6181641e+01
   2.1871160e+06   4.5465088e+01
   2.1872390e+06   3.5467529e+01
   2.1872850e+06   3.4515381e+01
   2.2051200e+06   3.4515381e+01
   2.2051340e+06   4.0942383e+01
   2.2151950e+06   3.1896973e+01
   2.2154490e+06   3.2611084e+01
   2.2349520e+06   3.8085938e+01
   2.2350150e+06   3.5943604e+01
   2.2470730e+06   4.0942383e+01
   2.2470860e+06   3.6181641e+01
   2.2471200e+06   3.2135010e+01
   2.2471470e+06   4.8559570e+01
   2.2471610e+06   4.4036865e+01
   2.2471950e+06   3.3325195e+01
   2.2472340e+06   3.4039307e+01
   2.2473160e+06   3.1896973e+01
   2.2473340e+06   4.3322754e+01
   2.2473470e+06   3.7609863e+01
   2.2473840e+06   3.5467529e+01
   2.2474010e+06   3.7847900e+01
   2.2474750e+06   3.3325195e+01
   2.2476540e+06   3.2135010e+01
   2.2899450e+06   4.5227051e+01
   2.2899740e+06   4.2132568e+01
   2.2900170e+06   3.2373047e+01
   2.2900400e+06   3.8085938e+01
   2.2900830e+06   4.9749756e+01
   2.2901040e+06   4.8797607e+01
   2.2901210e+06   4.8083496e+01
   2.2901530e+06   4.0466309e+01
   2.2901840e+06   6.2603760e+01
   2.2901950e+06   3.1896973e+01
   2.2902230e+06   3.3563232e+01
   2.2902700e+06   5.3558350e+01
   2.2902820e+06   4.9273682e+01
   2.3141160e+06   3.6181641e+01
   2.3141380e+06   5.7128906e+01
   2.3141800e+06   3.6419678e+01
   2.3142280e+06   3.4753418e+01
   2.3143210e+06   4.5703125e+01
   2.3143790e+06   4.1894531e+01
   2.3145000e+06   3.5229492e+01
   2.3145460e+06   3.2611084e+01
   2.3147920e+06   3.3087158e+01
   2.3310960e+06   3.2135010e+01
   2.3340220e+06   3.3325195e+01
   2.3403390e+06   4.2370605e+01
   2.3403780e+06   3.2135010e+01
   2.3404570e+06   3.6895752e+01
   2.3405040e+06   3.2849121e+01
   2.3405310e+06   3.4753418e+01
   2.3406020e+06   3.2611084e+01
   2.3406130e+06   3.7133789e+01
   2.3407780e+06   5.1416016e+01
   2.3605910e+06   3.4039307e+01
   2.3685870e+06   4.3322754e+01
   2.3686620e+06   3.6181641e+01
   2.3689590e+06   3.1896973e+01
   2.3815450e+06   3.1896973e+01
   2.3815590e+06   4.1418457e+01
   2.3815800e+06   3.2373047e+01
   2.3816180e+06   3.7371826e+01
   2.3816760e+06   3.5229492e+01
   2.3817250e+06   3.8562012e+01
   2.3817770e+06   4.3322754e+01
   2.3818090e+06   4.3560791e+01
   2.3818240e+06   3.2135010e+01
   2.3818450e+06   4.8559570e+01
   2.3819350e+06   3.4515381e+01
   2.3819700e+06   3.4515381e+01
   2.3819990e+06   3.2611084e+01
   2.3821460e+06   3.4039307e+01
   2.3823330e+06   3.2849121e+01
   2.4131710e+06   3.9990234e+01
   2.4249400e+06   3.9038086e+01
   2.4250050e+06   4.0228271e+01
   2.4415550e+06   3.3563232e+01
   2.4430090e+06   4.0228271e+01
   2.4551640e+06   4.8321533e+01
   2.4551970e+06   3.4039307e+01
   2.4552210e+06   4.0704346e+01
   2.4552700e+06   3.6895752e+01
   2.4554140e+06   3.2135010e+01
   2.4554660e+06   3.5467529e+01
   2.4683980e+06   3.6895752e+01
   2.4684500e+06   3.2373047e+01
   2.4685750e+06   3.3563232e+01
   2.4686450e+06   3.2135010e+01
   2.4686850e+06   3.2373047e+01
   2.4687430e+06   3.4039307e+01
   2.4687860e+06   3.2373047e+01
   2.4889240e+06   3.3325195e+01
   2.4889420e+06   3.1896973e+01
   2.4889800e+06   4.0466309e+01
   2.4890020e+06   3.5467529e+01
   2.4965710e+06   3.4753418e+01
   2.4970570e+06   4.6417236e+01
   2.5052520e+06   3.8562012e+01
   2.5053890e+06   3.9038086e+01
   2.5054440e+06   3.5467529e+01
   2.5054620e+06   3.4753418e+01
   2.5055480e+06   3.2849121e+01
   2.5189640e+06   4.0466309e+01
   2.5348490e+06   3.4039307e+01
   2.5349020e+06   3.6419678e+01
   2.5351170e+06   3.2611084e+01
   2.5428600e+06   4.6893311e+01
   2.5429180e+06   3.2373047e+01
   2.5431810e+06   3.7133789e+01
   2.5571010e+06   3.2373047e+01
   2.5664980e+06   5.9033203e+01
   2.5665370e+06   3.6895752e+01
   2.5674200e+06   3.8562012e+01
   2.5674640e+06   3.4039307e+01
   2.5675000e+06   3.6419678e+01
   2.5676010e+06   3.5705566e+01
   2.5676530e+06   3.2373047e+01
   2.5810930e+06   3.2373047e+01
   2.5829220e+06   3.3801270e+01
   2.5838710e+06   4.1180420e+01
   2.5916010e+06   4.4036865e+01
   2.5936930e+06   3.2611084e+01
   2.5937250e+06   4.2608643e+01
   2.5937540e+06   3.4277344e+01
   2.5937950e+06   3.1896973e+01
   2.5938660e+06   3.9990234e+01
   2.6068050e+06   3.9276123e+01
   2.6068380e+06   3.2849121e+01
   2.6068620e+06   3.4039307e+01
   2.6069420e+06   3.4277344e+01
   2.6232250e+06   4.4750977e+01
   2.6232460e+06   4.7845459e+01
   2.6232800e+06   3.3801270e+01
   2.6232930e+06   3.8562012e+01
   2.6233140e+06   4.0704346e+01
   2.6233400e+06   4.1418457e+01
   2.6233930e+06   4.3084717e+01
   2.6234240e+06   3.6657715e+01
   2.6234530e+06   5.2606201e+01
   2.6234690e+06   3.9038086e+01
   2.6234960e+06   4.3798828e+01
   2.6235190e+06   5.3082275e+01
   2.6235790e+06   3.2611084e+01
   2.6236050e+06   4.2846680e+01
   2.6237010e+06   3.9752197e+01
   2.6237180e+06   3.8800049e+01
   2.6237540e+06   3.3563232e+01
   2.6239500e+06   3.1896973e+01
   2.6240620e+06   3.3801270e+01
   2.6242520e+06   3.2849121e+01
   2.6473650e+06   3.4753418e+01
   2.6521250e+06   3.7133789e+01
   2.6670080e+06   4.6179199e+01
   2.6754240e+06   4.3084717e+01
   2.6759320e+06   3.5229492e+01
   2.6759970e+06   4.6179199e+01
   2.6761020e+06   3.3563232e+01
   2.6762420e+06   3.5229492e+01
   2.6900350e+06   3.4277344e+01
   2.6901280e+06   3.6895752e+01
   2.6978280e+06   4.2370605e+01
   2.6978600e+06   4.1180420e+01
   2.6979400e+06   3.3325195e+01
   2.7053860e+06   3.7371826e+01
   2.7093290e+06   3.2611084e+01
   2.7104280e+06   5.2844238e+01
   2.7105520e+06   3.2135010e+01
   2.7167310e+06   3.3801270e+01
   2.7191000e+06   3.5705566e+01
   2.7191310e+06   3.2611084e+01
   2.7192270e+06   3.9276123e+01
   2.7192500e+06   3.4277344e+01
   2.7192880e+06   3.2849121e+01
   2.7319620e+06   5.4272461e+01
   2.7321170e+06   3.1896973e+01
   2.7429780e+06   3.9990234e+01
   2.7457830e+06   3.4515381e+01
   2.7458380e+06   4.7369385e+01
   2.7458920e+06   3.6657715e+01
   2.7459210e+06   3.1896973e+01
   2.7459440e+06   3.5943604e+01
   2.7459710e+06   3.4277344e+01
   2.7460470e+06   3.4277344e+01
   2.7461020e+06   4.4036865e+01
   2.7461600e+06   3.6895752e+01
   2.7462160e+06   3.2849121e+01
   2.7762610e+06   4.3322754e+01
   2.7763060e+06   3.7371826e+01
   2.7763220e+06   3.1896973e+01
   2.7764140e+06   3.3087158e+01
   2.7764600e+06   3.1896973e+01
   2.7927470e+06   3.6657715e+01
   2.7935790e+06   5.5700684e+01
   2.7936290e+06   4.2370605e+01
   2.7936710e+06   3.2611084e+01
   2.8070340e+06   3.4991455e+01
   2.8071010e+06   3.2373047e+01
   2.8071560e+06   4.1656494e+01
   2.8215040e+06   3.2373047e+01
   2.8216680e+06   5.5224609e+01
   2.8216970e+06   3.6895752e+01
   2.8340120e+06   4.3798828e+01
   2.8341020e+06   3.2849121e+01
   2.8405460e+06   3.2849121e+01
   2.8405670e+06   4.1656494e+01
   2.8406060e+06   4.8559570e+01
   2.8406580e+06   3.3325195e+01
   2.8583370e+06   3.7371826e+01
   2.8583710e+06   3.3563232e+01
   2.8583980e+06   4.8559570e+01
   2.8584560e+06   4.1180420e+01
   2.8585490e+06   3.4039307e+01
   2.8586030e+06   3.3801270e+01
   2.8586150e+06   4.0704346e+01
   2.8790420e+06   3.7609863e+01
   2.8815480e+06   3.6657715e+01
   2.8816080e+06   3.4039307e+01
   2.8824580e+06   3.2135010e+01
   2.8831820e+06   3.6895752e+01
   2.8837030e+06   3.2373047e+01
   2.8837590e+06   4.4750977e+01
   2.8837740e+06   5.0939941e+01
   2.8837960e+06   3.3563232e+01
   2.8838070e+06   4.9749756e+01
   2.8838220e+06   4.2608643e+01
   2.8838430e+06   3.2611084e+01
   2.8838760e+06   3.1896973e+01
   2.8839390e+06   4.0228271e+01
   2.8840010e+06   4.0466309e+01
   2.8840370e+06   4.7369385e+01
   2.8840580e+06   3.6181641e+01
   2.8840780e+06   3.2611084e+01
   2.8841030e+06   3.5943604e+01
   2.8841830e+06   3.1896973e+01
   2.9055110e+06   3.3325195e+01
   2.9182360e+06   3.2611084e+01
   2.9183500e+06   3.5467529e+01
   2.9320800e+06   4.0466309e+01
   2.9321230e+06   3.4039307e+01
   2.9321430e+06   3.4991455e+01
   2.9322250e+06   3.3801270e+01
   2.9325030e+06   3.8800049e+01
   2.9326000e+06   3.3087158e+01
   2.9507150e+06   3.4039307e+01
   2.9507370e+06   3.8562012e+01
   2.9507930e+06   3.2135010e+01
   2.9602980e+06   3.5705566e+01
   2.9603450e+06   4.5227051e+01
   2.9603820e+06   3.1896973e+01
   2.9606200e+06   3.2611084e+01
   2.9723150e+06   3.7609863e+01
   2.9733340e+06   3.2611084e+01
   2.9734100e+06   3.3563232e+01
   2.9734330e+06   3.8323975e+01
   2.9734960e+06   3.6895752e+01
   2.9735130e+06   4.1656494e+01
   2.9735360e+06   3.4515381e+01
   2.9735710e+06   3.2849121e+01
   2.9736080e+06   5.0939941e+01
   2.9736540e+06   3.9276123e+01
   2.9736810e+06   4.4512939e+01
   2.9737810e+06   3.2373047e+01
   2.9914770e+06   3.2849121e+01
   3.0024140e+06   4.2370605e+01
   3.0027140e+06   3.3563232e+01
   3.0032500e+06   4.0942383e+01
   3.0033390e+06   3.6181641e+01
   3.0034450e+06   3.9752197e+01
   3.0034670e+06   4.0228271e+01
   3.0034810e+06   3.2611084e+01
   3.0036080e+06   3.4991455e+01
   3.0275910e+06   4.0942383e+01
   3.0292500e+06   3.2135010e+01
   3.0292680e+06   3.1896973e+01
   3.0292930e+06   3.7609863e+01
   3.0293680e+06   3.2849121e+01
   3.0293850e+06   3.6657715e+01
   3.0295020e+06   4.1180420e+01
   3.0296090e+06   3.2135010e+01
   3.0527780e+06   3.5467529e+01
   3.0640440e+06   5.9747314e+01
   3.0640730e+06   3.6181641e+01
   3.0640910e+06   3.8562012e+01
   3.0641490e+06   3.4039307e+01
   3.0642100e+06   3.1896973e+01
   3.0642540e+06   3.4039307e+01
   3.0643590e+06   4.4989014e+01
   3.0644980e+06   3.2849121e+01
   3.0892650e+06   3.6419678e+01
   3.0894500e+06   3.2135010e+01
   3.0895230e+06   5.4510498e+01
   3.0896030e+06   4.1180420e+01
   3.0896470e+06   3.2611084e+01
   3.0897240e+06   3.2373047e+01
   3.1038450e+06   3.4515381e+01
   3.1079840e+06   3.5467529e+01
   3.1125420e+06   4.6655273e+01
   3.1125640e+06   3.3563232e+01
   3.1125810e+06   3.2611084e+01
   3.1127200e+06   3.5467529e+01
   3.1305170e+06   3.5229492e+01
   3.1307390e+06   3.5705566e+01
   3.1308640e+06   4.0228271e+01
   3.1309400e+06   3.9990234e+01
   3.1309640e+06   3.2849121e+01
   3.1453230e+06   3.8085938e+01
   3.1555630e+06   3.3801270e+01
   3.1653420e+06   4.3084717e+01
   3.1653630e+06   5.1654053e+01
   3.1653940e+06   3.2135010e+01
   3.1654250e+06   3.3325195e+01
   3.1747920e+06   4.3560791e+01
   3.1754360e+06   3.5705566e+01
   3.1754940e+06   3.4277344e+01
   3.1755120e+06   3.4991455e+01
   3.1755430e+06   3.5943604e+01
   3.1757470e+06   3.6181641e+01
   3.1758450e+06   3.3801270e+01
   3.1930130e+06   3.2373047e+01
   3.2140100e+06   3.4753418e+01
   3.2150360e+06   3.5229492e+01
   3.2152690e+06   4.4274902e+01
   3.2181600e+06   3.4039307e+01
   3.2188840e+06   3.2849121e+01
   3.2217290e+06   3.4039307e+01
   3.2363700e+06   3.2849121e+01
   3.2364080e+06   4.0228271e+01
   3.2458370e+06   3.3087158e+01
   3.2458750e+06   4.3084717e+01
   3.2475450e+06   3.4753418e+01
   3.2506390e+06   3.6181641e+01
   3.2506550e+06   3.8562012e+01
   3.2507090e+06   3.8085938e+01
   3.2507340e+06   5.8319092e+01
   3.2507480e+06   3.2373047e+01
   3.2507830e+06   3.5229492e+01
   3.2508030e+06   4.4989014e+01
   3.2508330e+06   3.8085937e+01
   3.2508550e+06   5.0701904e+01
   3.2508860e+06   3.1896973e+01
   3.2509090e+06   4.3798828e+01
   3.2509240e+06   3.6657715e+01
   3.2509470e+06   3.9990234e+01
   3.2509690e+06   3.3325195e+01
   3.2509900e+06   3.5705566e+01
   3.2510070e+06   3.8323975e+01
   3.2510250e+06   3.4277344e+01
   3.2510440e+06   3.5229492e+01
   3.2511350e+06   3.5467529e+01
   3.2511900e+06   3.6419678e+01
   3.2512340e+06   4.0466309e+01
   3.2588440e+06   3.3087158e+01
   3.2602750e+06   3.3325195e+01
   3.2651670e+06   3.2849121e+01
   3.2716000e+06   3.4753418e+01
   3.2722180e+06   3.4277344e+01
   3.2731090e+06   3.5229492e+01
   3.2797050e+06   3.2135010e+01
   3.2865820e+06   3.4039307e+01
   3.3025990e+06   3.4277344e+01
   3.3027640e+06   4.6655273e+01
   3.3045780e+06   3.4277344e+01
   3.3045920e+06   3.8562012e+01
   3.3207630e+06   3.4039307e+01
   3.3308030e+06   3.3087158e+01
   3.3357860e+06   3.7371826e+01
   3.3358030e+06   3.4991455e+01
   3.3358400e+06   3.3087158e+01
   3.3358910e+06   3.4039307e+01
   3.3447200e+06   3.5705566e+01
   3.3473560e+06   3.2373047e+01
   3.3474190e+06   3.4277344e+01
   3.3475720e+06   3.4277344e+01
   3.3593730e+06   3.3325195e+01
   3.3622070e+06   5.3796387e+01
   3.3673700e+06   3.8800049e+01
   3.3682380e+06   3.2849121e+01
   3.3683440e+06   3.9038086e+01
   3.3683970e+06   3.4039307e+01
   3.3684420e+06   4.4512939e+01
   3.3685540e+06   3.7371826e+01
   3.3810010e+06   3.6181641e+01
   3.3812000e+06   5.0701904e+01
   3.3812610e+06   3.2135010e+01
   3.3813230e+06   3.5467529e+01
   3.3856270e+06   4.2608643e+01
   3.3856680e+06   3.4515381e+01
   3.3857210e+06   3.2849121e+01
   3.3857600e+06   3.4277344e+01
   3.3857770e+06   3.6657715e+01
   3.3857910e+06   6.0223389e+01
   3.3858040e+06   3.3563232e+01
   3.3858430e+06   3.2135010e+01
   3.3859110e+06   3.9038086e+01
   3.3859270e+06   4.8797607e+01
   3.3859480e+06   3.8800049e+01
   3.3859830e+06   4.4274902e+01
   3.3860320e+06   3.2135010e+01
   3.4075240e+06   3.4991455e+01
   3.4108090e+06   3.6419678e+01
   3.4255440e+06   4.4750977e+01
   3.4256080e+06   3.6181641e+01
   3.4301150e+06   4.0466309e+01
   3.4301390e+06   4.2132568e+01
   3.4301520e+06   4.7131348e+01
   3.4301900e+06   4.3084717e+01
   3.4302080e+06   3.6895752e+01
   3.4302240e+06   3.8800049e+01
   3.4302340e+06   4.0942383e+01
   3.4302600e+06   3.6895752e+01
   3.4302720e+06   3.8323975e+01
   3.4302850e+06   3.2611084e+01
   3.4303300e+06   3.5229492e+01
   3.4303500e+06   4.1894531e+01
   3.4303780e+06   3.6895752e+01
   3.4303950e+06   3.5943604e+01
   3.4304140e+06   3.3325195e+01
   3.4304260e+06   3.4039307e+01
   3.4304970e+06   4.2132568e+01
   3.4305130e+06   3.7133789e+01
   3.4305350e+06   3.4991455e+01
   3.4305600e+06   3.2135010e+01
   3.4305930e+06   3.9514160e+01
   3.4307000e+06   3.3325195e+01
   3.4308080e+06   3.3563232e+01
   3.4314480e+06   3.4753418e+01
   3.4387570e+06   3.2373047e+01
   3.4598630e+06   3.5229492e+01
   3.4649890e+06   3.4277344e+01
   3.4659930e+06   4.0228271e+01
   3.4671290e+06   3.2849121e+01
   3.4791620e+06   3.3325195e+01
   3.4839070e+06   3.5705566e+01
   3.4932420e+06   3.5467529e+01
   3.5013220e+06   4.4274902e+01
   3.5021590e+06   3.3563232e+01
   3.5080910e+06   3.2849121e+01
   3.5157260e+06   3.6181641e+01
   3.5187090e+06   3.3087158e+01
   3.5190850e+06   3.4515381e+01
   3.5193760e+06   4.3322754e+01
   3.5230650e+06   4.3560791e+01
   3.5230950e+06   3.7847900e+01
   3.5231220e+06   3.4277344e+01
   3.5231600e+06   3.5467529e+01
   3.5231770e+06   3.7371826e+01
   3.5232120e+06   4.3798828e+01
   3.5232230e+06   3.9752197e+01
   3.5232790e+06   3.7609863e+01
   3.5232910e+06   3.6419678e+01
   3.5233220e+06   3.5943604e+01
   3.5233500e+06   3.7609863e+01
   3.5233790e+06   4.0228271e+01
   3.5234090e+06   4.1180420e+01
   3.5234590e+06   4.4036865e+01
   3.5234960e+06   3.4039307e+01
   3.5235110e+06   3.8562012e+01
   3.5235410e+06   3.3325195e+01
   3.5236150e+06   3.8085938e+01
   3.5236770e+06   3.2135010e+01
   3.5238390e+06   3.5705566e+01
   3.5239890e+06   3.3563232e+01
   3.5241670e+06   3.3801270e+01
   3.5243320e+06   3.4753418e+01
   3.5245580e+06   3.6419678e+01
   3.5294760e+06   4.1180420e+01
   3.5341550e+06   3.4515381e+01
   3.5500230e+06   3.2373047e+01
   3.5696780e+06   3.4515381e+01
   3.5697030e+06   3.5229492e+01
   3.5699940e+06   3.3563232e+01
   3.5775150e+06   3.8562012e+01
   3.5782370e+06   6.6412354e+01
   3.5782590e+06   3.5467529e+01
   3.5782850e+06   5.0701904e+01
   3.5783140e+06   3.2611084e+01
   3.5783390e+06   4.6179199e+01
   3.5783500e+06   5.6176758e+01
   3.5784050e+06   3.2373047e+01
   3.5784220e+06   3.9276123e+01
   3.5784380e+06   3.2849121e+01
   3.5784540e+06   3.7847900e+01
   3.5785040e+06   3.5943604e+01
   3.5785520e+06   3.9514160e+01
   3.5786470e+06   3.6419678e+01
   3.5978410e+06   3.7133789e+01
   3.6078630e+06   3.7133789e+01
   3.6079480e+06   3.5705566e+01
   3.6162420e+06   3.1896973e+01
   3.6165170e+06   3.2373047e+01
   3.6165770e+06   3.7133789e+01
   3.6255670e+06   3.3087158e+01
   3.6263260e+06   3.8562012e+01
   3.6264120e+06   3.8323975e+01
   3.6342700e+06   3.2611084e+01
   3.6364630e+06   3.2611084e+01
   3.6364890e+06   3.2849121e+01
   3.6365280e+06   5.2844238e+01
   3.6366040e+06   3.4039307e+01
   3.6366370e+06   3.4515381e+01
   3.6367460e+06   3.3801270e+01
   3.6577680e+06   3.2373047e+01
   3.6593060e+06   3.3801270e+01
   3.6593410e+06   3.2135010e+01
   3.6594700e+06   3.8562012e+01
   3.6595360e+06   3.8562012e+01
   3.6700620e+06   3.5705566e+01
   3.6708790e+06   4.1180420e+01
   3.6714520e+06   3.1896973e+01
   3.6778750e+06   3.6657715e+01
   3.6779930e+06   3.4991455e+01
   3.6780070e+06   4.6179199e+01
   3.6780200e+06   3.4277344e+01
   3.6850450e+06   3.8085937e+01
   3.6850730e+06   3.6895752e+01
   3.6850860e+06   3.8800049e+01
   3.6851360e+06   5.2844238e+01
   3.6851590e+06   4.0466309e+01
   3.6851960e+06   4.0704346e+01
   3.6852120e+06   3.4515381e+01
   3.6852800e+06   3.2373047e+01
   3.6853080e+06   3.7609863e+01
   3.6854010e+06   3.2611084e+01
   3.6854200e+06   3.4515381e+01
   3.6854870e+06   3.2135010e+01
   3.6855240e+06   4.5465088e+01
   3.7188000e+06   3.2849121e+01
   3.7188710e+06   4.7845459e+01
   3.7191710e+06   3.1896973e+01
   3.7204340e+06   3.4515381e+01
   3.7205330e+06   3.3563232e+01
   3.7205730e+06   3.4515381e+01
   3.7205940e+06   3.3801270e+01
   3.7206910e+06   3.5705566e+01
   3.7207090e+06   3.6657715e+01
   3.7207480e+06   4.0942383e+01
   3.7208140e+06   3.2373047e+01
   3.7208400e+06   4.4274902e+01
   3.7208790e+06   4.5465088e+01
   3.7293690e+06   5.6414795e+01
   3.7294010e+06   4.6893311e+01
   3.7294200e+06   4.8321533e+01
   3.7294490e+06   4.8559570e+01
   3.7294820e+06   3.4753418e+01
   3.7295110e+06   3.9514160e+01
   3.7295420e+06   3.8085937e+01
   3.7295540e+06   3.7133789e+01
   3.7295730e+06   4.5703125e+01
   3.7295850e+06   3.2611084e+01
   3.7296020e+06   3.6181641e+01
   3.7296130e+06   4.6655273e+01
   3.7296460e+06   3.8323975e+01
   3.7296750e+06   3.7133789e+01
   3.7297500e+06   3.2849121e+01
   3.7297920e+06   3.5229492e+01
   3.7298920e+06   3.3563232e+01
   3.7300230e+06   3.2373047e+01
   3.7302420e+06   3.4277344e+01
   3.7313580e+06   3.1896973e+01
   3.7336630e+06   3.2611084e+01
   3.7507270e+06   3.5943604e+01
   3.7516900e+06   3.4515381e+01
   3.7661230e+06   3.6895752e+01
   3.7675110e+06   3.4039307e+01
   3.7737090e+06   3.3801270e+01
   3.7745350e+06   4.2846680e+01
   3.7745910e+06   3.2135010e+01
   3.7865090e+06   3.6895752e+01
   3.7865270e+06   3.4753418e+01
   3.7981540e+06   5.2844238e+01
   3.7982120e+06   3.3801270e+01
   3.8081350e+06   3.4753418e+01
   3.8085620e+06   3.5705566e+01
   3.8085880e+06   4.5227051e+01
   3.8086710e+06   3.4753418e+01
   3.8086830e+06   4.5703125e+01
   3.8158320e+06   3.5229492e+01
   3.8158460e+06   3.5705566e+01
   3.8158570e+06   3.6419678e+01
   3.8158890e+06   3.3325195e+01
   3.8159310e+06   3.4039307e+01
   3.8159460e+06   4.4036865e+01
   3.8159710e+06   4.7369385e+01
   3.8160030e+06   3.5467529e+01
   3.8160230e+06   3.4991455e+01
   3.8160570e+06   3.7847900e+01
   3.8160980e+06   3.3563232e+01
   3.8161660e+06   3.2849121e+01
   3.8473740e+06   4.3560791e+01
   3.8634930e+06   3.6895752e+01
   3.8635360e+06   3.6895752e+01
   3.8787240e+06   3.3801270e+01
   3.8788540e+06   3.2373047e+01
   3.8788720e+06   3.9038086e+01
   3.8814060e+06   3.3325195e+01
   3.8863450e+06   4.3560791e+01
   3.8863560e+06   3.7133789e+01
   3.8863830e+06   3.7371826e+01
   3.8864070e+06   3.3325195e+01
   3.8864510e+06   3.5467529e+01
   3.8864640e+06   3.2611084e+01
   3.8865550e+06   3.2611084e+01
   3.8865760e+06   3.6657715e+01
   3.8866210e+06   5.1654053e+01
   3.9011020e+06   3.3801270e+01
   3.9021070e+06   3.9276123e+01
   3.9075210e+06   4.1180420e+01
   3.9141540e+06   3.3087158e+01
   3.9141740e+06   3.3325195e+01
   3.9144090e+06   3.1896973e+01
   3.9239620e+06   3.2135010e+01
   3.9239870e+06   3.5229492e+01
   3.9240550e+06   3.4753418e+01
   3.9251460e+06   3.5229492e+01
   3.9251760e+06   4.6655273e+01
   3.9252040e+06   3.2135010e+01
   3.9252240e+06   3.4039307e+01
   3.9252370e+06   3.7133789e+01
   3.9252700e+06   3.3087158e+01
   3.9253070e+06   3.2373047e+01
   3.9253200e+06   4.4989014e+01
   3.9254110e+06   3.2611084e+01
   3.9485630e+06   3.6657715e+01
   3.9485970e+06   3.2849121e+01
   3.9486600e+06   3.4991455e+01
   3.9503240e+06   3.2373047e+01
   3.9511060e+06   3.2849121e+01
   3.9511300e+06   3.5705566e+01
   3.9514480e+06   4.1418457e+01
   3.9525360e+06   3.4039307e+01
   3.9525710e+06   3.8323975e+01
   3.9527040e+06   4.0942383e+01
   3.9527220e+06   3.1896973e+01
   3.9527430e+06   3.7133789e+01
   3.9527690e+06   3.6895752e+01
   3.9528680e+06   3.3563232e+01
   3.9579440e+06   3.4753418e+01
   3.9590890e+06   5.0939941e+01
   3.9591380e+06   3.6181641e+01
   3.9800080e+06   4.0466309e+01
   3.9800460e+06   3.6419678e+01
   3.9800950e+06   3.4753418e+01
   3.9801670e+06   4.0704346e+01
   3.9801870e+06   4.4036865e+01
   3.9802200e+06   3.2373047e+01
   3.9802940e+06   4.9511719e+01
   3.9804660e+06   3.7371826e+01
   4.0136700e+06   3.7133789e+01
   4.0138850e+06   4.1656494e+01
   4.0139840e+06   3.2135010e+01
   4.0141690e+06   3.5943604e+01
   4.0175840e+06   3.9990234e+01
   4.0176150e+06   3.2611084e+01
   4.0176940e+06   3.3087158e+01
   4.0196960e+06   3.8800049e+01
   4.0197340e+06   5.2368164e+01
   4.0197470e+06   5.3796387e+01
   4.0197630e+06   3.5705566e+01
   4.0197820e+06   4.2846680e+01
   4.0198040e+06   4.8559570e+01
   4.0198480e+06   3.5229492e+01
   4.0198630e+06   5.1654053e+01
   4.0199070e+06   3.3325195e+01
   4.0199570e+06   3.3563232e+01
   4.0199810e+06   3.4753418e+01
   4.0199930e+06   3.5705566e+01
   4.0200030e+06   4.1180420e+01
   4.0200370e+06   4.2608643e+01
   4.0202930e+06   3.3087158e+01
   4.0417930e+06   3.9038086e+01
   4.0421910e+06   3.3801270e+01
   4.0454630e+06   3.2135010e+01
   4.0522530e+06   4.7131348e+01
   4.0534570e+06   4.0466309e+01
   4.0534860e+06   6.1651611e+01
   4.0535500e+06   4.5227051e+01
   4.0535760e+06   3.2373047e+01
   4.0600000e+06   3.3325195e+01
   4.0617160e+06   3.2611084e+01
   4.0793990e+06   3.1896973e+01
   4.0799790e+06   4.0466309e+01
   4.0801090e+06   3.6657715e+01
   4.0805400e+06   3.8562012e+01
   4.0808090e+06   3.2849121e+01
   4.0813310e+06   3.2135010e+01
   4.0880800e+06   3.4039307e+01
   4.0991770e+06   3.3087158e+01
   4.0994060e+06   3.4039307e+01
   4.0994840e+06   3.8085938e+01
   4.1012720e+06   3.3325195e+01
   4.1016670e+06   3.5705566e+01
   4.1162860e+06   3.2135010e+01
   4.1177880e+06   3.2373047e+01
   4.1283880e+06   4.1180420e+01
   4.1291320e+06   4.1656494e+01
   4.1305760e+06   3.6419678e+01
   4.1306370e+06   4.2370605e+01
   4.1484660e+06   3.4515381e+01
   4.1485560e+06   3.8085938e+01
   4.1492780e+06   3.7609863e+01
   4.1493680e+06   3.1896973e+01
   4.1497720e+06   3.1896973e+01
   4.1505150e+06   3.2611084e+01
   4.1507650e+06   4.5227051e+01
   4.1542290e+06   3.1896973e+01
   4.1633500e+06   3.2373047e+01
   4.1655640e+06   3.6895752e+01
   4.1655890e+06   3.4991455e+01
   4.1661280e+06   3.3563232e+01
   4.1664790e+06   3.2849121e+01
   4.1666480e+06   3.4515381e+01
   4.1895120e+06   5.7843018e+01
   4.1904730e+06   3.3325195e+01
   4.1919610e+06   3.4039307e+01
   4.1919830e+06   3.7133789e+01
   4.1920490e+06   3.3325195e+01
   4.1924910e+06   3.2135010e+01
   4.1925520e+06   3.3563232e+01
   4.1925900e+06   3.3087158e+01
   4.1926170e+06   5.3320313e+01
   4.2206490e+06   3.7371826e+01
   4.2209540e+06   3.4277344e+01
   4.2224260e+06   3.7371826e+01
   4.2224710e+06   4.2370605e+01
   4.2225090e+06   3.3325195e+01
   4.2225580e+06   3.4277344e+01
   4.2309470e+06   3.6181641e+01
   4.2333310e+06   3.3563232e+01
   4.2343970e+06   3.3563232e+01
   4.2356520e+06   3.6657715e+01
   4.2436570e+06   3.6181641e+01
   4.2463800e+06   3.3563232e+01
   4.2544290e+06   4.6417236e+01
   4.2545680e+06   4.5703125e+01
   4.2545980e+06   5.4748535e+01
   4.2546910e+06   3.6419678e+01
   4.2547040e+06   3.5705566e+01
   4.2547300e+06   3.4277344e+01
   4.2549530e+06   3.2135010e+01
   4.2704460e+06   3.5467529e+01
   4.2707450e+06   3.9990234e+01
   4.2843060e+06   3.4039307e+01
   4.2854270e+06   3.2135010e+01
   4.2855820e+06   3.3563232e+01
   4.2860400e+06   4.4512939e+01
   4.2860760e+06   3.9038086e+01
   4.2861480e+06   3.2611084e+01
   4.2861770e+06   4.9273682e+01
   4.2861900e+06   3.2611084e+01
   4.2862070e+06   4.3798828e+01
   4.2862940e+06   4.4512939e+01
   4.2864750e+06   3.3087158e+01
   4.3072340e+06   3.4753418e+01
   4.3095970e+06   3.4039307e+01
   4.3100410e+06   3.3563232e+01
   4.3101950e+06   3.1896973e+01
   4.3204310e+06   3.6657715e+01
   4.3205930e+06   3.3087158e+01
   4.3222080e+06   3.6895752e+01
   4.3334280e+06   3.6419678e+01
   4.3338480e+06   3.9038086e+01
   4.3350410e+06   3.6419678e+01
   4.3350960e+06   3.5229492e+01
   4.3351750e+06   3.3325195e+01
   4.3498710e+06   3.2611084e+01
   4.3509610e+06   3.3087158e+01
   4.3627830e+06   3.7133789e+01
   4.3636780e+06   4.8559570e+01
   4.3758060e+06   4.8559570e+01
   4.3759670e+06   3.2373047e+01
   4.3792520e+06   3.6419678e+01
   4.3872240e+06   3.9990234e+01
   4.3875310e+06   4.4036865e+01
   4.3875780e+06   3.4991455e+01
   4.3879240e+06   3.2373047e+01
   4.3880530e+06   4.1656494e+01
   4.3880810e+06   3.7847900e+01
   4.4031070e+06   4.1894531e+01
   4.4031590e+06   3.2135010e+01
   4.4036760e+06   3.2611084e+01
   4.4037080e+06   5.4986572e+01
   4.4277820e+06   3.7847900e+01
   4.4288120e+06   3.4991455e+01
   4.4289430e+06   3.4991455e+01
   4.4289610e+06   3.9038086e+01
   4.4290110e+06   3.3563232e+01
   4.4376210e+06   3.4277344e+01
   4.4425060e+06   4.3560791e+01
   4.4533520e+06   3.4991455e+01
   4.4630410e+06   4.4036865e+01
   4.4667900e+06   3.8562012e+01
   4.4669330e+06   3.1896973e+01
   4.4677770e+06   3.7371826e+01
   4.4808980e+06   3.4277344e+01
   4.4858490e+06   3.1896973e+01
   4.4858760e+06   6.9506836e+01
   4.4858950e+06   3.8562012e+01
   4.4859140e+06   3.6181641e+01
   4.4859620e+06   3.3325195e+01
   4.4990490e+06   4.0704346e+01
   4.5048570e+06   3.3563232e+01
   4.5094880e+06   3.5467529e+01
   4.5095080e+06   3.8800049e+01
   4.5095440e+06   3.3563232e+01
   4.5095850e+06   3.9990234e+01
   4.5185180e+06   3.4991455e+01
   4.5186740e+06   3.9276123e+01
   4.5193400e+06   3.2135010e+01
   4.5194570e+06   4.6179199e+01
   4.5437960e+06   3.6419678e+01
   4.5442360e+06   3.8562012e+01
   4.5442980e+06   3.4039307e+01
   4.5606620e+06   3.9514160e+01
   4.5613850e+06   3.3087158e+01
   4.5614180e+06   3.3563232e+01
   4.5737040e+06   4.1418457e+01
   4.5841290e+06   5.5462646e+01
   4.5841890e+06   3.3563232e+01
   4.5926130e+06   3.5229492e+01
   4.5926300e+06   3.6657715e+01
   4.5926420e+06   4.0704346e+01
   4.5926610e+06   3.5943604e+01
   4.5926910e+06   5.5224609e+01
   4.5927270e+06   3.4991455e+01
   4.5927460e+06   5.3320313e+01
   4.5927750e+06   3.9276123e+01
   4.5927940e+06   3.4277344e+01
   4.5928130e+06   4.1894531e+01
   4.5928370e+06   3.8800049e+01
   4.5928600e+06   3.4753418e+01
   4.5928760e+06   3.6419678e+01
   4.5928940e+06   4.0942383e+01
   4.5929190e+06   3.4753418e+01
   4.5929400e+06   3.5229492e+01
   4.5929660e+06   3.5467529e+01
   4.5930420e+06   3.4277344e+01
   4.5931990e+06   3.5943604e+01
   4.6167190e+06   3.2135010e+01
   4.6416380e+06   3.2135010e+01
   4.6425690e+06   3.9514160e+01
   4.6532670e+06   3.5229492e+01
   4.6534080e+06   3.5943604e+01
   4.6593180e+06   3.2611084e+01
   4.6657420e+06   4.5227051e+01
   4.6657620e+06   3.6895752e+01
   4.6657920e+06   3.6419678e+01
   4.6949890e+06   3.2373047e+01
   4.6976850e+06   3.9752197e+01
   4.6983150e+06   4.2846680e+01
   4.7158730e+06   3.1896973e+01
   4.7173280e+06   4.5465088e+01
   4.7173400e+06   3.6895752e+01
   4.7336500e+06   4.0704346e+01
   4.7369740e+06   4.4036865e+01
   4.7372060e+06   3.4515381e+01
   4.7372620e+06   3.3563232e+01
   4.7441360e+06   4.0228271e+01
   4.7441780e+06   3.6657715e+01
   4.7442180e+06   3.6657715e+01
   4.7541640e+06   3.4753418e+01
   4.7541780e+06   3.7133789e+01
   4.7542280e+06   3.4991455e+01
   4.7542520e+06   3.5705566e+01
   4.7890160e+06   4.6655273e+01
   4.8006950e+06   3.2135010e+01
   4.8007250e+06   3.4991455e+01
   4.8007450e+06   3.8085938e+01
   4.8096960e+06   3.6895752e+01
   4.8127460e+06   3.5943604e+01
   4.8178740e+06   3.3801270e+01
   4.8222530e+06   3.2611084e+01
   4.8319110e+06   3.8800049e+01
   4.8319490e+06   3.7133789e+01
   4.8360300e+06   3.2135010e+01
   4.8642080e+06   3.2135010e+01
   4.8654260e+06   3.2849121e+01
   4.8724410e+06   4.2846680e+01
   4.8819720e+06   3.4515381e+01
   4.8820850e+06   3.3325195e+01
   4.9170530e+06   3.6895752e+01
   4.9259840e+06   3.3087158e+01
   4.9320300e+06   3.5467529e+01
   4.9328330e+06   3.3325195e+01
   4.9329050e+06   3.7609863e+01
   4.9413790e+06   3.1896973e+01
   4.9413990e+06   3.4753418e+01
   4.9414350e+06   5.0701904e+01
   4.9414530e+06   3.3563232e+01
   4.9414730e+06   3.2373047e+01
   4.9527790e+06   3.6181641e+01
   4.9528510e+06   4.3322754e+01
   4.9596760e+06   3.3087158e+01
   4.9630800e+06   3.3563232e+01
   4.9785460e+06   3.6419678e+01
   4.9939230e+06   3.4277344e+01
   4.9980990e+06   3.5229492e+01
   4.9981420e+06   3.8562012e+01
   4.9981900e+06   3.5229492e+01
   4.9982040e+06   3.6419678e+01
   4.9982280e+06   3.5943604e+01
   4.9982740e+06   3.2611084e+01
   4.9983430e+06   3.8085938e+01
   4.9984550e+06   3.2849121e+01
   5.0223180e+06   3.5943604e+01
   5.0361160e+06   4.0704346e+01
   5.0361340e+06   3.3325195e+01
   5.0440540e+06   3.2849121e+01
   5.0466290e+06   3.4991455e+01
   5.0558870e+06   3.5943604e+01
   5.0559470e+06   3.3325195e+01
   5.0559800e+06   4.5465088e+01
   5.0560060e+06   3.5229492e+01
   5.0560160e+06   3.6657715e+01
   5.0672130e+06   3.5467529e+01
   5.0702950e+06   5.0463867e+01
   5.0759670e+06   3.9276123e+01
   5.0816400e+06   3.2611084e+01
   5.0823450e+06   4.0942383e+01
   5.0824070e+06   3.3087158e+01
   5.0968140e+06   4.5465088e+01
   5.0975540e+06   3.5229492e+01
   5.0975810e+06   3.9514160e+01
   5.0975940e+06   3.8085938e+01
   5.1116980e+06   3.5467529e+01
   5.1117260e+06   3.9514160e+01
   5.1200960e+06   5.6414795e+01
   5.1201350e+06   3.9276123e+01
   5.1201490e+06   3.8562012e+01
   5.1202190e+06   5.1892090e+01
   5.1202650e+06   3.8562012e+01
   5.1202870e+06   3.4515381e+01
   5.1214440e+06   3.2373047e+01
   5.1369570e+06   3.5705566e+01
   5.1395290e+06   3.5705566e+01
   5.1496330e+06   3.3087158e+01
   5.1504680e+06   3.5229492e+01
   5.1728690e+06   3.3325195e+01
   5.1783880e+06   5.2606201e+01
   5.1920510e+06   3.5229492e+01
   5.1957820e+06   3.2135010e+01
   5.1982670e+06   3.3325195e+01
   5.2183730e+06   3.3087158e+01
   5.2204480e+06   3.2611084e+01
   5.2290870e+06   3.1896973e+01
   5.2302490e+06   3.8323975e+01
   5.2304460e+06   3.2135010e+01
   5.2315360e+06   3.3563232e+01
   5.2316160e+06   3.1896973e+01
   5.2333870e+06   3.4039307e+01
   5.2399170e+06   3.2135010e+01
   5.2539890e+06   3.2373047e+01
   5.2546540e+06   3.5229492e+01
   5.2546850e+06   3.7847900e+01
   5.2788790e+06   3.5229492e+01
   5.2788980e+06   3.3563232e+01
   5.2789260e+06   3.7371826e+01
   5.2789660e+06   5.1654053e+01
   5.2790350e+06   4.0704346e+01
   5.2791440e+06   3.2611084e+01
   5.2923650e+06   4.2846680e+01
   5.3142240e+06   4.2132568e+01
   5.3142710e+06   3.3087158e+01
   5.3231060e+06   4.9987793e+01
   5.3248210e+06   3.8800049e+01
   5.3364940e+06   3.5467529e+01
   5.3412380e+06   3.2849121e+01
   5.3495680e+06   3.9276123e+01
   5.3595530e+06   3.9038086e+01
   5.3635150e+06   3.2849121e+01
   5.3650670e+06   4.0466309e+01
   5.3856870e+06   4.9035645e+01
   5.3857620e+06   3.1896973e+01
   5.3858110e+06   3.4277344e+01
   5.3865660e+06   3.1896973e+01
   5.4094680e+06   3.5705566e+01
   5.4184450e+06   3.5705566e+01
   5.4383670e+06   3.3325195e+01
   5.4384080e+06   3.1896973e+01
   5.4642510e+06   3.9514160e+01
   5.4794380e+06   3.2373047e+01
   5.4794870e+06   3.3087158e+01
   5.4839430e+06   3.3087158e+01
   5.4860490e+06   3.3801270e+01
   5.4911480e+06   3.2135010e+01
   5.4970530e+06   3.3801270e+01
   5.4977510e+06   4.5465088e+01
   5.5122500e+06   3.4039307e+01
   5.5122890e+06   3.9752197e+01
   5.5195310e+06   3.2849121e+01
   5.5195560e+06   3.3087158e+01
   5.5196230e+06   3.4039307e+01
   5.5292720e+06   4.3084717e+01
   5.5292820e+06   3.8562012e+01
   5.5369580e+06   3.4753418e+01
   5.5388630e+06   3.4515381e+01
   5.5443430e+06   3.8562012e+01
   5.5443760e+06   3.4753418e+01
   5.5611240e+06   3.2135010e+01
   5.5687840e+06   4.2132568e+01
   5.5689050e+06   3.2849121e+01
   5.5690980e+06   3.8323975e+01
   5.5912740e+06   3.5705566e+01
   5.5913110e+06   3.2849121e+01
   5.6027110e+06   3.3087158e+01
   5.6096240e+06   3.2849121e+01
   5.6153370e+06   3.3801270e+01
   5.6159820e+06   3.5705566e+01
   5.6214290e+06   3.6895752e+01
   5.6246660e+06   3.2373047e+01
   5.6247630e+06   5.0701904e+01
   5.6248210e+06   4.1894531e+01
   5.6248330e+06   6.0937500e+01
   5.6248630e+06   3.2611084e+01
   5.6249250e+06   3.4039307e+01
   5.6250710e+06   3.3563232e+01
   5.6376420e+06   3.2849121e+01
   5.6455550e+06   3.4753418e+01
   5.6679280e+06   3.2135010e+01
   5.6697510e+06   4.0228271e+01
   5.6714880e+06   3.2373047e+01
   5.6741660e+06   3.4753418e+01
   5.6812040e+06   3.4039307e+01
   5.6812380e+06   3.7847900e+01
   5.6813630e+06   4.4274902e+01
   5.6813890e+06   3.4039307e+01
   5.6814210e+06   3.1896973e+01
   5.6814840e+06   4.2132568e+01
   5.6817500e+06   4.1418457e+01
   5.6956480e+06   3.1896973e+01
   5.7131060e+06   3.8800049e+01
   5.7132560e+06   3.8323975e+01
   5.7144040e+06   3.8800049e+01
   5.7192770e+06   3.4991455e+01
   5.7211330e+06   3.2611084e+01
   5.7269540e+06   3.1896973e+01
   5.7504450e+06   3.6419678e+01
   5.7505030e+06   3.1896973e+01
   5.7515720e+06   3.2373047e+01
   5.7630730e+06   3.1896973e+01
   5.7631050e+06   4.7131348e+01
   5.7747630e+06   3.2611084e+01
   5.7786860e+06   3.3087158e+01
   5.7898320e+06   3.3325195e+01
   5.7898640e+06   4.9987793e+01
   5.8021070e+06   3.5943604e+01
   5.8091730e+06   3.4277344e+01
   5.8092750e+06   3.7133789e+01
   5.8108410e+06   3.3801270e+01
   5.8149670e+06   3.8562012e+01
   5.8163330e+06   3.3801270e+01
   5.8290540e+06   3.6181641e+01
   5.8334550e+06   3.2849121e+01
   5.8477810e+06   3.4991455e+01
   5.8556660e+06   3.7133789e+01
   5.8569390e+06   3.8800049e+01
   5.8642700e+06   3.6657715e+01
   5.8676600e+06   3.7847900e+01
   5.8744740e+06   3.4753418e+01
   5.8811480e+06   3.1896973e+01
   5.8847380e+06   3.9038086e+01
   5.8854600e+06   3.3087158e+01
   5.9094640e+06   3.1896973e+01
   5.9172180e+06   3.1896973e+01
   5.9173070e+06   3.2849121e+01
   5.9269930e+06   4.2132568e+01
   5.9275980e+06   3.3325195e+01
   5.9406810e+06   3.7371826e+01
   5.9407090e+06   3.7609863e+01
   5.9413110e+06   3.8800049e+01
   5.9413470e+06   4.4750977e+01
   5.9414010e+06   3.4515381e+01
   5.9414870e+06   3.9514160e+01
   5.9415160e+06   3.6895752e+01
   5.9415470e+06   3.2135010e+01
   5.9644190e+06   3.2611084e+01
   5.9675280e+06   3.2135010e+01
   5.9745060e+06   3.2849121e+01
   5.9759860e+06   3.4515381e+01
   5.9919490e+06   4.0942383e+01
   5.9993830e+06   5.6176758e+01
   6.0091420e+06   3.3563232e+01
   6.0092900e+06   3.6181641e+01
   6.0229500e+06   4.6417236e+01
   6.0347650e+06   4.2132568e+01
   6.0373320e+06   3.4991455e+01
   6.0402750e+06   3.4039307e+01
   6.0407160e+06   3.2849121e+01
   6.0426420e+06   3.1896973e+01
   6.0598230e+06   3.7609863e+01
   6.0867100e+06   3.8800049e+01
   6.0867820e+06   3.2373047e+01
   6.0872090e+06   4.4989014e+01
   6.0942400e+06   3.8800049e+01
   6.0951670e+06   3.1896973e+01
   6.0966670e+06   3.4753418e+01
   6.1073100e+06   4.3322754e+01
   6.1085140e+06   3.1896973e+01
   6.1096290e+06   3.5943604e+01
   6.1096510e+06   3.2611084e+01
   6.1230240e+06   4.4750977e+01
   6.1427040e+06   3.2135010e+01
   6.1451390e+06   3.3801270e+01
   6.1528320e+06   3.3087158e+01
   6.1586230e+06   3.2849121e+01
   6.1587480e+06   3.4991455e+01
   6.1589160e+06   3.2849121e+01
   6.1671690e+06   4.1656494e+01
   6.1717610e+06   3.3325195e+01
   6.1752440e+06   3.7133789e+01
   6.1851750e+06   3.2849121e+01
   6.1852100e+06   3.4753418e+01
   6.1935050e+06   3.3325195e+01
   6.1935190e+06   3.7847900e+01
   6.1935290e+06   3.3325195e+01
   6.1943190e+06   4.2370605e+01
   6.2041760e+06   3.2373047e+01
   6.2206880e+06   4.1894531e+01
   6.2394950e+06   3.2135010e+01
   6.2419150e+06   3.3801270e+01
   6.2489760e+06   3.5467529e+01
   6.2593140e+06   3.7609863e+01
   6.2673330e+06   3.2611084e+01
   6.2724290e+06   3.4039307e+01
   6.2852090e+06   3.2611084e+01
   6.2852250e+06   3.5467529e+01
   6.2988270e+06   3.4991455e+01
   6.3027490e+06   3.5943604e+01
   6.3028760e+06   3.4991455e+01
   6.3132720e+06   3.6657715e+01
   6.3132990e+06   3.3801270e+01
   6.3163780e+06   3.8800049e+01
   6.3261080e+06   3.4039307e+01
   6.3283640e+06   3.4039307e+01
   6.3431260e+06   3.4753418e+01
   6.3432940e+06   5.1654053e+01
   6.3494420e+06   3.7847900e+01
   6.3494970e+06   3.2373047e+01
   6.3784300e+06   3.9038086e+01
   6.3784810e+06   3.7133789e+01
   6.3970730e+06   3.2135010e+01
   6.3995260e+06   3.5229492e+01
   6.4056460e+06   3.3563232e+01
   6.4056620e+06   3.9990234e+01
   6.4058380e+06   3.4753418e+01
   6.4219980e+06   3.7371826e+01
   6.4251710e+06   3.6419678e+01
   6.4303960e+06   4.0942383e+01
   6.4442920e+06   3.3325195e+01
   6.4445710e+06   5.0701904e+01
   6.4452660e+06   3.6181641e+01
   6.4754090e+06   3.9038086e+01
   6.5004940e+06   3.2611084e+01
   6.5110600e+06   3.3087158e+01
   6.5220870e+06   3.9752197e+01
   6.5326770e+06   3.8800049e+01
   6.5421490e+06   3.1896973e+01
   6.5429100e+06   3.6895752e+01
   6.5511970e+06   3.9276123e+01
   6.5512640e+06   3.8085938e+01
   6.5521340e+06   3.4991455e+01
   6.5613230e+06   4.1180420e+01
   6.5622860e+06   3.2135010e+01
   6.5864680e+06   3.2135010e+01
   6.6039140e+06   3.5943604e+01
   6.6158270e+06   3.4277344e+01
   6.6161490e+06   3.4991455e+01
   6.6163430e+06   3.5467529e+01
   6.6169560e+06   3.5943604e+01
   6.6170080e+06   3.7133789e+01
   6.6251590e+06   3.9038086e+01
   6.6301420e+06   3.5705566e+01
   6.6333310e+06   4.7131348e+01
   6.6333830e+06   3.4991455e+01
   6.6334250e+06   3.7847900e+01
   6.6334370e+06   3.3087158e+01
   6.6334810e+06   3.3801270e+01
   6.6409820e+06   3.3087158e+01
   6.6412840e+06   3.2373047e+01
   6.6493360e+06   3.2135010e+01
   6.6857070e+06   3.5943604e+01
   6.6965890e+06   3.4991455e+01
   6.7051620e+06   3.5943604e+01
   6.7196910e+06   3.2849121e+01
   6.7205970e+06   3.7133789e+01
   6.7419030e+06   3.8562012e+01
   6.7505220e+06   3.3087158e+01
   6.7513570e+06   3.9990234e+01
   6.7699150e+06   3.5943604e+01
   6.7709450e+06   3.2373047e+01
   6.7805820e+06   3.5467529e+01
   6.7813870e+06   3.3563232e+01
   6.7822720e+06   3.2135010e+01
   6.7872160e+06   4.9035645e+01
   6.7891710e+06   3.7609863e+01
   6.7892640e+06   3.2373047e+01
   6.7893220e+06   3.1896973e+01
   6.7893530e+06   3.2611084e+01
   6.8121500e+06   4.4036865e+01
   6.8282470e+06   3.4277344e+01
   6.8321000e+06   3.5467529e+01
   6.8321860e+06   3.9990234e+01
   6.8362600e+06   3.4039307e+01
   6.8395130e+06   4.5227051e+01
   6.8703330e+06   3.1896973e+01
   6.8845440e+06   3.9990234e+01
   6.8987180e+06   3.5467529e+01
   6.9071360e+06   3.3087158e+01
   6.9079180e+06   3.1896973e+01
   6.9278720e+06   3.3563232e+01
   6.9287210e+06   3.7371826e+01
   6.9299960e+06   3.3325195e+01
   6.9504710e+06   3.2611084e+01
   6.9609290e+06   3.4277344e+01
   6.9613740e+06   3.2373047e+01
   6.9720120e+06   3.5229492e+01
   6.9726050e+06   3.5229492e+01
   6.9947650e+06   3.5467529e+01
   7.0026950e+06   3.4991455e+01
   7.0029360e+06   3.6419678e+01
   7.0176380e+06   3.6657715e+01
   7.0308220e+06   4.1656494e+01
   7.0308740e+06   3.8323975e+01
   7.0309050e+06   3.8323975e+01
   7.0309280e+06   3.7609863e+01
   7.0309540e+06   3.8562012e+01
   7.0310410e+06   3.6657715e+01
   7.0310800e+06   4.9749756e+01
   7.0311210e+06   3.2135010e+01
   7.0312570e+06   3.8800049e+01
   7.0480920e+06   3.2373047e+01
   7.0494250e+06   3.6181641e+01
   7.0496250e+06   3.2373047e+01
   7.0631110e+06   3.5229492e+01
   7.0806980e+06   4.1656494e+01
   7.0817940e+06   3.7133789e+01
   7.0976430e+06   3.3087158e+01
   7.1092940e+06   3.7609863e+01
   7.1250230e+06   4.2846680e+01
   7.1346640e+06   4.1894531e+01
   7.1347940e+06   3.2135010e+01
   7.1350780e+06   3.9038086e+01
   7.1498170e+06   3.4277344e+01
   7.1550160e+06   3.2849121e+01
   7.1598430e+06   3.3563232e+01
   7.1673860e+06   5.0939941e+01
   7.1675070e+06   3.2373047e+01
   7.1683910e+06   3.2611084e+01
   7.1738330e+06   3.3801270e+01
   7.1833610e+06   3.3325195e+01
   7.1853430e+06   3.6657715e+01
   7.1940600e+06   3.5943604e+01
   7.1941230e+06   4.6893311e+01
   7.1948630e+06   4.1180420e+01
   7.1948980e+06   3.2611084e+01
   7.2082420e+06   3.3325195e+01
   7.2276370e+06   3.8800049e+01
   7.2306290e+06   3.2373047e+01
   7.2318330e+06   3.9038086e+01
   7.2327700e+06   3.5467529e+01
   7.2335650e+06   3.2611084e+01
   7.2342720e+06   3.4039307e+01
   7.2447300e+06   3.6419678e+01
   7.2454670e+06   3.2849121e+01
   7.2573680e+06   3.2373047e+01
   7.2586550e+06   4.2132568e+01
   7.2684870e+06   3.7133789e+01
   7.2693710e+06   3.5467529e+01
   7.2693810e+06   3.5467529e+01
   7.2809160e+06   3.3325195e+01
   7.2826050e+06   3.3325195e+01
   7.2999880e+06   3.4753418e+01
   7.3003500e+06   3.3563232e+01
   7.3078740e+06   4.4036865e+01
   7.3179610e+06   3.5229492e+01
   7.3291530e+06   3.3563232e+01
   7.3313060e+06   3.2849121e+01
   7.3318550e+06   3.2373047e+01
   7.3447060e+06   3.6181641e+01
   7.3448530e+06   3.2373047e+01
   7.3448910e+06   4.8559570e+01
   7.3568510e+06   3.9038086e+01
   7.3629180e+06   3.2373047e+01
   7.3655470e+06   3.5943604e+01
   7.3797650e+06   4.3560791e+01
   7.3812750e+06   3.7133789e+01
   7.3927300e+06   3.2611084e+01
   7.3938910e+06   3.4277344e+01
   7.3993120e+06   3.3087158e+01
   7.4007210e+06   3.3563232e+01
   7.4116610e+06   4.1894531e+01
   7.4240280e+06   4.0228271e+01
   7.4358260e+06   3.3801270e+01
   7.4360800e+06   4.1418457e+01
   7.4370550e+06   3.2611084e+01
   7.4649040e+06   3.4991455e+01
   7.4730810e+06   3.2611084e+01
   7.4738320e+06   3.3801270e+01
   7.4744800e+06   3.2135010e+01
   7.4857090e+06   3.4277344e+01
   7.4930960e+06   3.3563232e+01
   7.4933320e+06   4.5703125e+01
   7.4933560e+06   4.7607422e+01
   7.4934080e+06   3.4277344e+01
   7.4934260e+06   3.2373047e+01
   7.5101970e+06   4.3560791e+01
   7.5104890e+06   3.3563232e+01
   7.5203750e+06   3.2849121e+01
   7.5320400e+06   3.8323975e+01
   7.5550360e+06   3.1896973e+01
   7.5557720e+06   3.4039307e+01
   7.5564250e+06   3.1896973e+01
   7.5565200e+06   3.7847900e+01
   7.5645790e+06   3.2849121e+01
   7.5716050e+06   3.2611084e+01
   7.5771490e+06   3.4753418e+01
   7.5846390e+06   3.9038086e+01
   7.6064130e+06   3.2849121e+01
   7.6300490e+06   3.4277344e+01
   7.6301560e+06   3.4753418e+01
   7.6311130e+06   3.8323975e+01
   7.6384630e+06   3.5943604e+01
   7.6384990e+06   3.9752197e+01
   7.6583390e+06   4.2608643e+01
   7.6700110e+06   3.3801270e+01
   7.6794890e+06   4.0942383e+01
   7.6898590e+06   3.4039307e+01
   7.6898750e+06   3.5229492e+01
   7.6992450e+06   3.2611084e+01
   7.6993960e+06   3.2135010e+01
   7.7012780e+06   3.9990234e+01
   7.7452650e+06   3.3325195e+01
   7.7466300e+06   3.2373047e+01
   7.7466790e+06   3.1896973e+01
   7.7480020e+06   3.2849121e+01
   7.7486280e+06   3.2611084e+01
   7.7617480e+06   3.3087158e+01
   7.7731210e+06   3.9990234e+01
   7.7829310e+06   3.2135010e+01
   7.7904380e+06   3.2135010e+01
   7.7930440e+06   4.3560791e+01
   7.7932930e+06   4.3322754e+01
   7.7945970e+06   3.1896973e+01
   7.8118800e+06   4.2132568e+01
   7.8124670e+06   3.5705566e+01
   7.8134030e+06   3.3087158e+01
   7.8237280e+06   4.5703125e+01
   7.8339470e+06   3.3325195e+01
   7.8339720e+06   4.1656494e+01
   7.8459280e+06   3.8562012e+01
   7.8697510e+06   3.2849121e+01
   7.8711180e+06   3.2135010e+01
   7.8919690e+06   3.7847900e+01
   7.9002950e+06   3.3087158e+01
   7.9173590e+06   3.5467529e+01
   7.9265520e+06   3.3801270e+01
   7.9270040e+06   3.4515381e+01
   7.9357580e+06   3.4753418e+01
   7.9442110e+06   3.4039307e+01
   7.9450290e+06   3.3563232e+01
   7.9525030e+06   3.1896973e+01
   7.9537020e+06   3.2135010e+01
   7.9537210e+06   4.4036865e+01
   7.9741700e+06   4.3798828e+01
   7.9850680e+06   3.5943604e+01
   8.0004600e+06   4.7369385e+01
   8.0012780e+06   3.2373047e+01
   8.0097070e+06   3.8323975e+01
   8.0158370e+06   3.9038086e+01
   8.0159560e+06   3.4515381e+01
   8.0177740e+06   3.3087158e+01
   8.0270340e+06   4.4512939e+01
   8.0350990e+06   3.5467529e+01
   8.0461600e+06   3.1896973e+01
   8.0461940e+06   4.3322754e+01
   8.0462610e+06   3.2135010e+01
   8.0467540e+06   3.4515381e+01
   8.0557910e+06   3.3563232e+01
   8.0732310e+06   4.0942383e+01
   8.0796490e+06   3.4753418e+01
   8.0846870e+06   5.5700684e+01
   8.0896040e+06   3.6657715e+01
   8.0965130e+06   4.0704346e+01
   8.0972560e+06   3.4515381e+01
   8.1033470e+06   3.1896973e+01
   8.1034210e+06   3.3325195e+01
   8.1116080e+06   3.5705566e+01
   8.1156310e+06   3.7371826e+01
   8.1204440e+06   3.3563232e+01
   8.1211220e+06   3.3087158e+01
   8.1222310e+06   3.5705566e+01
   8.1339840e+06   4.4512939e+01
   8.1373330e+06   3.4991455e+01
   8.1504400e+06   3.6895752e+01
   8.1514060e+06   3.2611084e+01
   8.1515660e+06   3.2135010e+01
   8.1515890e+06   3.6181641e+01
   8.1607260e+06   3.4515381e+01
   8.1700410e+06   3.2849121e+01
   8.1705290e+06   3.6181641e+01
   8.1765040e+06   3.9990234e+01
   8.1901480e+06   3.2135010e+01
   8.1917000e+06   3.4277344e+01
   8.1918010e+06   4.5941162e+01
   8.2063890e+06   4.1894531e+01
   8.2130130e+06   3.3087158e+01
   8.2133980e+06   4.1894531e+01
   8.2182260e+06   3.4991455e+01
   8.2242560e+06   3.2135010e+01
   8.2350220e+06   3.7133789e+01
   8.2409190e+06   4.0466309e+01
   8.2514980e+06   3.6895752e+01
   8.2515360e+06   4.2370605e+01
   8.2645220e+06   3.3801270e+01
   8.2646150e+06   3.2135010e+01
   8.2812260e+06   3.3325195e+01
   8.2879860e+06   3.6895752e+01
   8.2891340e+06   3.3087158e+01
   8.2965700e+06   3.4039307e+01
   8.3091380e+06   3.7371826e+01
   8.3097820e+06   4.0228271e+01
   8.3252130e+06   3.2373047e+01
   8.3269910e+06   3.4753418e+01
   8.3293620e+06   3.2373047e+01
   8.3390740e+06   3.5467529e+01
   8.3466810e+06   3.1896973e+01
   8.3586800e+06   4.1418457e+01
   8.3594730e+06   3.7371826e+01
   8.3719030e+06   4.7369385e+01
   8.3782480e+06   3.8800049e+01
   8.3894400e+06   4.1180420e+01
   8.3894940e+06   3.5705566e+01
   8.3899980e+06   3.6657715e+01
   8.4082350e+06   3.2135010e+01
   8.4125210e+06   4.1418457e+01
   8.4203260e+06   3.2135010e+01
   8.4204040e+06   3.4991455e+01
   8.4290590e+06   3.4277344e+01
   8.4292170e+06   3.2611084e+01
   8.4374640e+06   3.3325195e+01
   8.4614970e+06   3.5467529e+01
   8.4698600e+06   3.3563232e+01
   8.4699210e+06   3.7371826e+01
   8.4914730e+06   4.5703125e+01
   8.4915230e+06   3.2849121e+01
   8.4915790e+06   3.2373047e+01
   8.5149480e+06   3.5229492e+01
   8.5164950e+06   3.9752197e+01
   8.5165210e+06   3.9752197e+01
   8.5234580e+06   3.5467529e+01
   8.5299470e+06   3.2135010e+01
   8.5342160e+06   3.7609863e+01
   8.5379730e+06   3.9990234e+01
   8.5470040e+06   3.2373047e+01
   8.5502400e+06   3.4753418e+01
   8.5512390e+06   4.7845459e+01
   8.5675430e+06   3.8085938e+01
   8.5724320e+06   3.8323975e+01
   8.5772940e+06   3.4991455e+01
   8.5933990e+06   4.4036865e+01
   8.6002510e+06   3.2135010e+01
   8.6070760e+06   4.4036865e+01
   8.6278270e+06   3.5705566e+01
   8.6460570e+06   3.7847900e+01
   8.6543940e+06   3.3801270e+01
   8.6623140e+06   3.2135010e+01
   8.6633640e+06   3.9514160e+01
   8.6702910e+06   3.3087158e+01
   8.6759690e+06   3.3563232e+01
   8.7035700e+06   3.3801270e+01
   8.7120340e+06   3.1896973e+01
   8.7154520e+06   3.1896973e+01
   8.7236630e+06   3.8323975e+01
   8.7320720e+06   3.4991455e+01
   8.7335830e+06   3.4991455e+01
   8.7512470e+06   3.4515381e+01
   8.7593000e+06   3.7133789e+01
   8.7601530e+06   3.7371826e+01
   8.7814920e+06   3.3801270e+01
   8.7886600e+06   4.5941162e+01
   8.7962640e+06   3.4515381e+01
   8.8060080e+06   3.1896973e+01
   8.8162090e+06   4.1656494e+01
   8.8185190e+06   3.4039307e+01
   8.8252120e+06   3.4039307e+01
   8.8366100e+06   3.8562012e+01
   8.8430320e+06   3.2373047e+01
   8.8443890e+06   3.3087158e+01
   8.8445310e+06   4.9987793e+01
   8.8517810e+06   3.3087158e+01
   8.8531490e+06   4.0704346e+01
   8.8608480e+06   3.4991455e+01
   8.8670550e+06   4.6417236e+01
   8.8756200e+06   4.0704346e+01
   8.8828940e+06   5.7604980e+01
   8.9013230e+06   3.4515381e+01
   8.9034590e+06   3.6657715e+01
   8.9165420e+06   3.8085938e+01
   8.9267610e+06   3.9990234e+01
   8.9290970e+06   3.7133789e+01
   8.9422460e+06   4.3084717e+01
   8.9469030e+06   3.1896973e+01
   8.9483460e+06   3.8562012e+01
   8.9510540e+06   3.7847900e+01
   8.9582800e+06   3.4753418e+01
   8.9685620e+06   3.8323975e+01
   8.9694940e+06   3.5705566e+01
   8.9711260e+06   3.2135010e+01
   8.9768290e+06   3.8562012e+01
   8.9771460e+06   3.4991455e+01
   8.9887090e+06   3.2849121e+01
   8.9965020e+06   3.5705566e+01
   9.0156920e+06   3.4991455e+01
   9.0229490e+06   3.4039307e+01
   9.0331970e+06   3.6181641e+01
   9.0395590e+06   3.4277344e+01
   9.0441600e+06   3.4277344e+01
   9.0442980e+06   3.6419678e+01
   9.0524760e+06   4.1894531e+01
   9.0536830e+06   3.3087158e+01
   9.0578940e+06   3.6895752e+01
   9.0659590e+06   3.5705566e+01
   9.0660420e+06   3.1896973e+01
   9.0826810e+06   3.4515381e+01
   9.0926890e+06   3.3801270e+01
   9.1007470e+06   3.5467529e+01
   9.1012950e+06   3.9514160e+01
   9.1013530e+06   3.2849121e+01
   9.1013910e+06   4.4989014e+01
   9.1177710e+06   5.5224609e+01
   9.1409170e+06   3.3087158e+01
   9.1482700e+06   4.0704346e+01
   9.1567510e+06   3.3087158e+01
   9.1580970e+06   4.8321533e+01
   9.1680490e+06   3.1896973e+01
   9.1681130e+06   3.2611084e+01
   9.1855810e+06   3.2849121e+01
   9.1873950e+06   4.1894531e+01
   9.1946940e+06   3.5705566e+01
   9.2024380e+06   3.7133789e+01
   9.2097460e+06   4.4036865e+01
   9.2190270e+06   3.2849121e+01
   9.2330690e+06   3.3563232e+01
   9.2332940e+06   3.3087158e+01
   9.2342100e+06   3.7609863e+01
   9.2432770e+06   3.2135010e+01
   9.2529360e+06   3.2849121e+01
   9.2530170e+06   3.7371826e+01
   9.2625470e+06   4.0942383e+01
   9.2756870e+06   5.9271240e+01
   9.2841940e+06   3.1896973e+01
   9.2842490e+06   4.3798828e+01
   9.3015950e+06   3.4753418e+01
   9.3024880e+06   3.2849121e+01
   9.3114330e+06   3.4991455e+01
   9.3265100e+06   3.5705566e+01
   9.3355220e+06   3.2611084e+01
   9.3357630e+06   3.2849121e+01
   9.3455970e+06   3.2611084e+01
   9.3456880e+06   3.4753418e+01
   9.3559190e+06   4.4512939e+01
   9.3656640e+06   3.1896973e+01
   9.3665830e+06   3.7847900e+01
   9.3758190e+06   3.6895752e+01
   9.3761170e+06   3.3801270e+01
   9.3844240e+06   3.2611084e+01
   9.3929860e+06   3.4039307e+01
   9.3938950e+06   4.1418457e+01
   9.4080790e+06   3.3801270e+01
   9.4137460e+06   3.4277344e+01
   9.4139530e+06   3.2135010e+01
   9.4275840e+06   3.4753418e+01
   9.4345050e+06   3.1896973e+01
   9.4533830e+06   3.2611084e+01
   9.4721830e+06   3.3087158e+01
   9.4723630e+06   3.2373047e+01
   9.4793710e+06   3.6419678e+01
   9.4981130e+06   4.4036865e+01
   9.4987430e+06   3.3325195e+01
   9.5096340e+06   3.4039307e+01
   9.5168190e+06   3.3563232e+01
   9.5177440e+06   4.3798828e+01
   9.5181620e+06   3.5705566e+01
   9.5276340e+06   3.4515381e+01
   9.5379240e+06   3.4753418e+01
   9.5449340e+06   3.2849121e+01
   9.5647090e+06   3.6657715e+01
   9.5731370e+06   3.8562012e+01
   9.5810890e+06   3.3563232e+01
   9.5824060e+06   4.0466309e+01
   9.5825480e+06   3.9276123e+01
   9.5906460e+06   3.4039307e+01
   9.6005360e+06   3.3087158e+01
   9.6146950e+06   3.4277344e+01
   9.6161430e+06   3.4753418e+01
   9.6324110e+06   3.5705566e+01
   9.6413420e+06   3.3563232e+01
   9.6615120e+06   3.3563232e+01
   9.6692640e+06   3.3563232e+01
   9.6712460e+06   3.4277344e+01
   9.6783300e+06   3.7133789e+01
   9.6786010e+06   3.1896973e+01
   9.6886710e+06   3.5467529e+01
   9.6969570e+06   3.3087158e+01
   9.6973640e+06   3.3801270e+01
   9.6976950e+06   4.7369385e+01
   9.7061970e+06   3.6895752e+01
   9.7067250e+06   3.6419678e+01
   9.7099180e+06   4.2846680e+01
   9.7104610e+06   3.2135010e+01
   9.7223750e+06   3.7133789e+01
   9.7235650e+06   3.1896973e+01
   9.7250810e+06   3.7133789e+01
   9.7401990e+06   3.1896973e+01
   9.7410390e+06   3.2135010e+01
   9.7410630e+06   3.2373047e+01
   9.7415740e+06   3.4277344e+01
   9.7494560e+06   3.2135010e+01
   9.7582180e+06   4.2846680e+01
   9.7671320e+06   3.4753418e+01
   9.7767080e+06   4.6655273e+01
   9.7767290e+06   3.2135010e+01
   9.8011610e+06   3.6181641e+01
   9.8182380e+06   3.4515381e+01
   9.8184890e+06   3.9276123e+01
   9.8186890e+06   3.4753418e+01
   9.8282290e+06   3.2135010e+01
   9.8286720e+06   3.6895752e+01
   9.8442540e+06   3.6657715e+01
   9.8475660e+06   3.3087158e+01
   9.8477650e+06   4.6417236e+01
   9.8571570e+06   3.4277344e+01
   9.8572240e+06   4.1894531e+01
   9.8662270e+06   4.6655273e+01
   9.8760030e+06   3.4753418e+01
   9.8768030e+06   3.5229492e+01
   9.8931150e+06   4.5227051e+01
   9.9189500e+06   3.3087158e+01
   9.9248490e+06   3.4753418e+01
   9.9388400e+06   3.5467529e+01
   9.9480010e+06   3.2849121e+01
   9.9489590e+06   3.8562012e+01
   9.9572390e+06   3.5943604e+01
   9.9736480e+06   3.3563232e+01
   9.9802050e+06   3.6419678e+01
   9.9876930e+06   3.3325195e+01
   9.9879710e+06   3.7609863e+01
   9.9965860e+06   3.8800049e+01
   9.9974330e+06   4.7607422e+01
   1.0006445e+07   3.4515381e+01
   1.0006573e+07   3.3325195e+01
   1.0006591e+07   3.4039307e+01
   1.0016420e+07   3.2611084e+01
   1.0024048e+07   4.7131348e+01
   1.0024634e+07   3.4039307e+01
   1.0025586e+07   4.0704346e+01
   1.0033837e+07   3.2373047e+01
   1.0035485e+07   3.7133789e+01
   1.0077478e+07   3.2135010e+01
   1.0085695e+07   3.2849121e+01
   1.0085859e+07   4.8797607e+01
   1.0093926e+07   3.9038086e+01
   1.0102257e+07   3.6419678e+01
   1.0102378e+07   3.8800049e+01
   1.0109913e+07   3.2373047e+01
   1.0110613e+07   3.4277344e+01
   1.0143342e+07   3.8323975e+01
   1.0153404e+07   3.2135010e+01
   1.0160201e+07   3.1896973e+01
   1.0168270e+07   3.4753418e+01
   1.0173847e+07   3.7609863e+01
   1.0183768e+07   3.1896973e+01
   1.0198832e+07   3.6895752e+01
   1.0199346e+07   4.3560791e+01
   1.0209887e+07   3.2849121e+01
   1.0215794e+07   3.3563232e+01
   1.0216196e+07   3.4039307e+01
   1.0228175e+07   4.0228271e+01
   1.0228634e+07   3.2849121e+01
   1.0233782e+07   3.2135010e+01
   1.0235044e+07   3.2135010e+01
   1.0236411e+07   3.2135010e+01
   1.0242574e+07   4.2608643e+01
   1.0259150e+07   3.2611084e+01
   1.0266569e+07   3.3801270e+01
   1.0266921e+07   3.8800049e+01
   1.0274209e+07   3.7133789e+01
   1.0274387e+07   3.8800049e+01
   1.0282843e+07   3.8800049e+01
   1.0290447e+07   3.5229492e+01
   1.0290986e+07   3.4277344e+01
   1.0299236e+07   4.5227051e+01
   1.0299429e+07   3.3087158e+01
   1.0318174e+07   3.4277344e+01
   1.0318797e+07   3.7133789e+01
   1.0326666e+07   4.0228271e+01
   1.0336108e+07   3.6419678e+01
   1.0342502e+07   3.5943604e+01
   1.0351832e+07   3.2135010e+01
   1.0355603e+07   3.5467529e+01
   1.0378450e+07   3.5943604e+01
   1.0383665e+07   3.5467529e+01
   1.0385631e+07   3.1896973e+01
   1.0394020e+07   3.4039307e+01
   1.0394575e+07   4.4274902e+01
   1.0399336e+07   3.4991455e+01
   1.0407769e+07   4.2370605e+01
   1.0408727e+07   3.4039307e+01
   1.0417713e+07   3.3325195e+01
   1.0430250e+07   3.2373047e+01
   1.0430886e+07   3.9038086e+01
   1.0451890e+07   3.4515381e+01
   1.0453455e+07   3.3325195e+01
   1.0453894e+07   3.2135010e+01
   1.0470478e+07   3.8085938e+01
   1.0477792e+07   3.2373047e+01
   1.0477889e+07   3.2611084e+01
   1.0478701e+07   4.3798828e+01
   1.0482964e+07   3.6181641e+01
   1.0496611e+07   3.2611084e+01
   1.0497030e+07   3.1896973e+01
   1.0503759e+07   3.9752197e+01
   1.0503987e+07   3.3563232e+01
   1.0515341e+07   3.9752197e+01
   1.0522530e+07   3.2849121e+01
   1.0530767e+07   3.3325195e+01
   1.0549973e+07   3.3563232e+01
   1.0550378e+07   4.1180420e+01
   1.0550429e+07   3.4277344e+01
   1.0558151e+07   3.2611084e+01
   1.0558192e+07   3.3801270e+01
   1.0565203e+07   3.4515381e+01
   1.0566337e+07   3.9038086e+01
   1.0589327e+07   4.7369385e+01
   1.0599790e+07   3.8323975e+01
   1.0608997e+07   4.4512939e+01
   1.0615540e+07   3.2135010e+01
   1.0623023e+07   3.2135010e+01
   1.0631596e+07   4.1180420e+01
   1.0639857e+07   4.8321533e+01
   1.0648979e+07   4.3560791e+01
   1.0659093e+07   3.2849121e+01
   1.0666599e+07   3.4991455e+01
   1.0667614e+07   4.9749756e+01
   1.0674587e+07   3.6895752e+01
   1.0681042e+07   3.6181641e+01
   1.0688833e+07   4.8321533e+01
   1.0689005e+07   3.2135010e+01
   1.0695924e+07   3.3563232e+01
   1.0702747e+07   3.3325195e+01
   1.0714094e+07   4.7369385e+01
   1.0714150e+07   3.7371826e+01
   1.0725142e+07   4.0466309e+01
   1.0725211e+07   3.6419678e+01
   1.0725447e+07   3.6419678e+01
   1.0735895e+07   3.3325195e+01
   1.0737683e+07   3.2373047e+01
   1.0751198e+07   3.2135010e+01
   1.0757422e+07   3.2135010e+01
   1.0758547e+07   3.2135010e+01
   1.0758798e+07   3.5943604e+01
   1.0774655e+07   3.1896973e+01
   1.0775129e+07   4.9987793e+01
   1.0776003e+07   3.3087158e+01
   1.0785098e+07   3.2135010e+01
   1.0790976e+07   3.2373047e+01
   1.0795687e+07   3.1896973e+01
   1.0803304e+07   3.5467529e+01
   1.0811937e+07   4.0466309e+01
   1.0819014e+07   3.4515381e+01
   1.0829741e+07   3.5943604e+01
   1.0836660e+07   3.8323975e+01
   1.0846953e+07   3.2849121e+01
   1.0847250e+07   3.4753418e+01
   1.0853852e+07   3.4277344e+01
   1.0855375e+07   4.0942383e+01
   1.0860486e+07   3.2849121e+01
   1.0861292e+07   3.3801270e+01
   1.0868106e+07   3.9990234e+01
   1.0882796e+07   3.3563232e+01
   1.0896827e+07   3.9514160e+01
   1.0904703e+07   5.7843018e+01
   1.0910606e+07   3.6657715e+01
   1.0911300e+07   3.4039307e+01
   1.0925264e+07   3.4991455e+01
   1.0933354e+07   3.5705566e+01
   1.0938666e+07   3.7847900e+01
   1.0941160e+07   3.5229492e+01
   1.0941402e+07   3.1896973e+01
   1.0960616e+07   3.4991455e+01
   1.0961172e+07   3.4515381e+01
   1.0981439e+07   3.5943604e+01
   1.0982146e+07   3.3087158e+01
   1.0988631e+07   4.1418457e+01
   1.0995473e+07   3.4039307e+01
   1.0995729e+07   3.3325195e+01
   1.0995765e+07   3.8562012e+01
   1.0996772e+07   3.2135010e+01
   1.1013647e+07   3.2135010e+01
   1.1025444e+07   3.8800049e+01
   1.1032000e+07   3.7133789e+01
   1.1045871e+07   3.2611084e+01
   1.1052264e+07   3.1896973e+01
   1.1054871e+07   3.2611084e+01
   1.1061552e+07   3.5705566e+01
   1.1063650e+07   3.2135010e+01
   1.1070789e+07   3.7133789e+01
   1.1077627e+07   3.2611084e+01
   1.1084457e+07   3.3563232e+01
   1.1085060e+07   3.4039307e+01
   1.1092122e+07   4.2132568e+01
   1.1108058e+07   3.3087158e+01
   1.1108339e+07   3.7133789e+01
   1.1125330e+07   3.9514160e+01
   1.1128708e+07   3.3801270e+01
   1.1128956e+07   4.7607422e+01
   1.1134487e+07   3.5943604e+01
   1.1140870e+07   3.6419678e+01
   1.1152588e+07   3.2611084e+01
   1.1152758e+07   4.6655273e+01
   1.1153323e+07   4.2370605e+01
   1.1159578e+07   3.7371826e+01
   1.1160219e+07   3.6657715e+01
   1.1161640e+07   3.2373047e+01
   1.1182059e+07   3.9038086e+01
   1.1191429e+07   3.3087158e+01
   1.1191441e+07   3.4515381e+01
   1.1191473e+07   3.4515381e+01
   1.1191680e+07   3.2611084e+01
   1.1202112e+07   3.4277344e+01
   1.1202778e+07   3.9276123e+01
   1.1210202e+07   3.5467529e+01
   1.1210635e+07   3.8562012e+01
   1.1218193e+07   3.5229492e+01
   1.1224186e+07   3.4277344e+01
   1.1224206e+07   4.5465088e+01
   1.1241388e+07   3.3563232e+01
   1.1247169e+07   3.3563232e+01
   1.1248503e+07   3.4277344e+01
   1.1261081e+07   3.5467529e+01
   1.1266702e+07   3.5229492e+01
   1.1266747e+07   4.2132568e+01
   1.1267067e+07   3.1896973e+01
   1.1267114e+07   3.2849121e+01
   1.1277323e+07   3.6657715e+01
   1.1277395e+07   3.3801270e+01
   1.1277466e+07   3.2373047e+01
   1.1292310e+07   3.5943604e+01
   1.1294398e+07   3.3325195e+01
   1.1310588e+07   3.2611084e+01
   1.1323988e+07   3.5943604e+01
   1.1328838e+07   3.3801270e+01
   1.1329403e+07   3.3801270e+01
   1.1336000e+07   3.2849121e+01
   1.1342419e+07   4.5465088e+01
   1.1347211e+07   3.6657715e+01
   1.1347279e+07   3.5229492e+01
   1.1355761e+07   4.0466309e+01
   1.1355779e+07   3.5943604e+01
   1.1355832e+07   3.6895752e+01
   1.1356214e+07   3.3325195e+01
   1.1364719e+07   4.3798828e+01
   1.1364775e+07   3.3325195e+01
   1.1364850e+07   3.2849121e+01
   1.1376573e+07   3.2135010e+01
   1.1381854e+07   4.1418457e+01
   1.1381927e+07   3.9276123e+01
   1.1382059e+07   3.5943604e+01
   1.1396788e+07   3.5705566e+01
   1.1401651e+07   3.2135010e+01
   1.1411289e+07   3.3325195e+01
   1.1418256e+07   3.8562012e+01
   1.1418557e+07   3.9752197e+01
   1.1426125e+07   3.2849121e+01
   1.1426314e+07   3.9038086e+01
   1.1434710e+07   3.2611084e+01
   1.1434755e+07   3.4515381e+01
   1.1441880e+07   3.2373047e+01
   1.1444225e+07   3.5229492e+01
   1.1451907e+07   3.3087158e+01
   1.1452099e+07   3.4277344e+01
   1.1452109e+07   3.9752197e+01
   1.1452199e+07   3.2373047e+01
   1.1452797e+07   3.3563232e+01
   1.1461614e+07   3.7133789e+01
   1.1461636e+07   3.9276123e+01
   1.1468708e+07   3.8562012e+01
   1.1468785e+07   4.1180420e+01
   1.1468880e+07   4.0228271e+01
   1.1468951e+07   3.2611084e+01
   1.1488755e+07   3.4039307e+01
   1.1496255e+07   3.5705566e+01
   1.1496388e+07   3.5705566e+01
   1.1503385e+07   4.0942383e+01
   1.1511533e+07   3.2611084e+01
   1.1511560e+07   4.5703125e+01
   1.1511928e+07   3.2849121e+01
   1.1511962e+07   3.2135010e+01
   1.1512189e+07   4.0466309e+01
   1.1522846e+07   3.3087158e+01
   1.1532095e+07   3.6657715e+01
   1.1532179e+07   3.8323975e+01
   1.1541475e+07   3.2849121e+01
   1.1550163e+07   3.1896973e+01
   1.1550200e+07   3.6895752e+01
   1.1558488e+07   3.2849121e+01
   1.1567108e+07   3.2373047e+01
   1.1567342e+07   3.4753418e+01
   1.1574543e+07   3.7371826e+01
   1.1574603e+07   3.2611084e+01
   1.1574694e+07   3.5705566e+01
   1.1585668e+07   4.4274902e+01
   1.1585914e+07   3.5467529e+01
   1.1595009e+07   3.5943604e+01
   1.1604982e+07   4.3560791e+01
   1.1613952e+07   3.2611084e+01
   1.1621753e+07   3.5705566e+01
   1.1621932e+07   3.2373047e+01
   1.1622730e+07   3.2611084e+01
   1.1627732e+07   3.4277344e+01
   1.1628434e+07   3.4039307e+01
   1.1628593e+07   3.9990234e+01
   1.1634323e+07   3.7371826e+01
   1.1634715e+07   3.4039307e+01
   1.1642390e+07   3.3563232e+01
   1.1657407e+07   3.3801270e+01
   1.1665014e+07   3.4991455e+01
   1.1688256e+07   4.4036865e+01
   1.1696433e+07   3.6181641e+01
   1.1705141e+07   3.4515381e+01
   1.1714961e+07   3.4039307e+01
   1.1722560e+07   3.4753418e+01
   1.1722833e+07   4.1180420e+01
   1.1738089e+07   3.9276123e+01
   1.1738143e+07   3.4753418e+01
   1.1738456e+07   3.6419678e+01
   1.1738480e+07   3.4753418e+01
   1.1738828e+07   3.2849121e+01
   1.1755098e+07   4.1418457e+01
   1.1761392e+07   3.3087158e+01
   1.1761711e+07   4.6655273e+01
   1.1780385e+07   3.4991455e+01
   1.1780602e+07   3.5705566e+01
   1.1798114e+07   3.3563232e+01
   1.1798344e+07   3.6181641e+01
   1.1798531e+07   3.2849121e+01
   1.1815299e+07   3.2849121e+01
   1.1815412e+07   3.6181641e+01
   1.1815533e+07   3.2373047e+01
   1.1815629e+07   3.4515381e+01
   1.1822639e+07   4.1418457e+01
   1.1830155e+07   3.4753418e+01
   1.1846365e+07   3.2135010e+01
   1.1846423e+07   3.3801270e+01
   1.1853484e+07   3.4039307e+01
   1.1853511e+07   4.3560791e+01
   1.1859858e+07   3.4991455e+01
   1.1860134e+07   3.2135010e+01
   1.1860159e+07   3.4991455e+01
   1.1860617e+07   3.2849121e+01
   1.1886041e+07   3.5229492e+01
   1.1894343e+07   3.9038086e+01
   1.1894632e+07   3.6895752e+01
   1.1902830e+07   4.0942383e+01
   1.1909224e+07   4.5703125e+01
   1.1916896e+07   3.2849121e+01
   1.1916990e+07   4.2132568e+01
   1.1924401e+07   4.1418457e+01
   1.1925021e+07   3.2135010e+01
   1.1933928e+07   3.9752197e+01
   1.1939878e+07   3.6895752e+01
   1.1947190e+07   3.1896973e+01
   1.1947509e+07   3.1896973e+01
   1.1947601e+07   3.3801270e+01
   1.1954897e+07   3.1896973e+01
   1.1955067e+07   3.3563232e+01
   1.1962693e+07   3.2373047e+01
   1.1962895e+07   3.7371826e+01
   1.1970520e+07   3.4991455e+01
   1.1970991e+07   3.7371826e+01
   1.1971240e+07   3.6657715e+01
   1.1989811e+07   4.5941162e+01
   1.1989864e+07   3.4039307e+01
