   1.1999000e+07   0.0000000e+00
   8.0900000e+03   4.5465088e+01
   8.1120000e+03   4.1180420e+01
   8.1510000e+03   4.2846680e+01
   8.1640000e+03   5.1416016e+01
   8.2260000e+03   4.0228271e+01
   8.3020000e+03   3.9514160e+01
   8.3260000e+03   4.2846680e+01
   8.3700000e+03   5.2368164e+01
   8.5230000e+03   4.5227051e+01
   9.2850000e+03   3.9276123e+01
   3.3856000e+04   4.8321533e+01
   3.3892000e+04   4.3084717e+01
   3.3970000e+04   3.9276123e+01
   3.4016000e+04   4.2846680e+01
   6.2059000e+04   4.2370605e+01
   6.2156000e+04   7.5219727e+01
   6.2190000e+04   4.7131348e+01
   6.2212000e+04   5.9747314e+01
   6.2312000e+04   4.9035645e+01
   6.2355000e+04   3.9514160e+01
   6.2402000e+04   4.0466309e+01
   6.2448000e+04   3.9514160e+01
   6.2491000e+04   3.9276123e+01
   6.3066000e+04   5.0463867e+01
   1.1994600e+05   4.2370605e+01
   1.3374500e+05   4.4036865e+01
   1.4668200e+05   4.1418457e+01
   1.4675600e+05   3.9038086e+01
   1.6116000e+05   4.2132568e+01
   1.6130300e+05   4.5227051e+01
   1.6137900e+05   4.0228271e+01
   1.8253500e+05   3.9514160e+01
   1.8260200e+05   4.0466309e+01
   2.0742400e+05   4.8321533e+01
   2.0747700e+05   4.6893311e+01
   2.0753400e+05   4.2608643e+01
   2.0762200e+05   5.0939941e+01
   2.0764500e+05   4.2608643e+01
   2.0766800e+05   4.1180420e+01
   2.0775000e+05   5.1177979e+01
   2.0786500e+05   3.9990234e+01
   2.3414800e+05   4.0704346e+01
   2.3426600e+05   3.9514160e+01
   2.3436500e+05   4.1656494e+01
   2.5610500e+05   4.0704346e+01
   2.5617000e+05   4.3798828e+01
   2.5625900e+05   4.1418457e+01
   2.5629600e+05   5.4748535e+01
   2.5634000e+05   4.8559570e+01
   2.5637000e+05   4.8559570e+01
   2.5640600e+05   4.1418457e+01
   2.5643100e+05   4.4989014e+01
   2.5655700e+05   4.4989014e+01
   2.5671900e+05   4.3084717e+01
   2.5686500e+05   3.9990234e+01
   2.5702500e+05   4.7131348e+01
   3.1196600e+05   5.1416016e+01
   3.1204900e+05   4.4512939e+01
   3.1225900e+05   4.2846680e+01
   3.2995100e+05   3.9514160e+01
   3.3000000e+05   4.8797607e+01
   3.3002200e+05   4.3084717e+01
   3.3004300e+05   4.1180420e+01
   3.3007700e+05   4.4750977e+01
   3.3011700e+05   4.2370605e+01
   3.3014100e+05   3.9514160e+01
   3.3017000e+05   4.3560791e+01
   3.3022400e+05   5.1654053e+01
   3.3025400e+05   3.9276123e+01
   3.3033900e+05   4.0466309e+01
   3.3046300e+05   4.5227051e+01
   3.3081500e+05   4.4036865e+01
   3.3084400e+05   4.2846680e+01
   3.6724000e+05   3.9514160e+01
   3.6725200e+05   4.5703125e+01
   3.6729300e+05   4.3322754e+01
   3.6734300e+05   4.2132568e+01
   3.8361600e+05   4.9273682e+01
   3.8372800e+05   4.4512939e+01
   3.9991600e+05   3.9752197e+01
   3.9995200e+05   5.2130127e+01
   3.9998500e+05   4.8559570e+01
   4.0002300e+05   5.7604980e+01
   4.0004300e+05   4.8083496e+01
   4.0013600e+05   4.4750977e+01
   4.0016000e+05   3.9990234e+01
   4.0019300e+05   4.1180420e+01
   4.0021100e+05   4.7131348e+01
   4.0025200e+05   3.9752197e+01
   4.0031400e+05   4.4274902e+01
   4.4086500e+05   5.7843018e+01
   4.4095400e+05   4.3084717e+01
   4.4107400e+05   4.2370605e+01
   4.4112000e+05   5.7128906e+01
   4.4114300e+05   4.4750977e+01
   4.4118500e+05   4.0942383e+01
   4.4120800e+05   4.6417236e+01
   4.4123500e+05   4.3798828e+01
   4.4127700e+05   5.0701904e+01
   4.4132300e+05   4.2132568e+01
   4.4134200e+05   3.9514160e+01
   4.4147400e+05   4.1418457e+01
   4.4157400e+05   3.9038086e+01
   4.4177700e+05   4.5227051e+01
   4.4183500e+05   4.3084717e+01
   4.4197300e+05   3.9038086e+01
   4.6350200e+05   4.0228271e+01
   5.0518900e+05   4.9273682e+01
   5.0522000e+05   4.6417236e+01
   5.0525300e+05   4.3322754e+01
   5.0531800e+05   4.4036865e+01
   5.0534200e+05   4.3084717e+01
   5.2186300e+05   4.1656494e+01
   5.2189200e+05   4.7369385e+01
   5.2194600e+05   3.9752197e+01
   5.2205500e+05   4.4274902e+01
   5.2229100e+05   5.2130127e+01
   5.4350100e+05   3.9514160e+01
   5.4353000e+05   4.5703125e+01
   5.4354100e+05   4.9035645e+01
   5.4358100e+05   4.9749756e+01
   5.4367600e+05   4.4036865e+01
   5.4370900e+05   3.9990234e+01
   5.4376100e+05   3.9514160e+01
   5.8868600e+05   4.8083496e+01
   5.8870300e+05   4.6417236e+01
   5.8873600e+05   4.3322754e+01
   5.8879800e+05   4.2846680e+01
   5.8882700e+05   8.9501953e+01
   5.8885400e+05   3.9990234e+01
   5.8888600e+05   5.5700684e+01
   5.8890400e+05   4.4036865e+01
   5.9040600e+05   4.0704346e+01
   6.2375400e+05   5.1892090e+01
   6.2386200e+05   4.2846680e+01
   6.2388200e+05   4.2370605e+01
   6.2392900e+05   4.1894531e+01
   6.6395200e+05   4.4750977e+01
   6.6401100e+05   4.1656494e+01
   6.6408400e+05   4.3084717e+01
   6.6416800e+05   4.4274902e+01
   6.8349600e+05   4.0228271e+01
   6.9325400e+05   4.5227051e+01
   6.9333500e+05   4.3322754e+01
   6.9347800e+05   4.4512939e+01
   6.9350900e+05   4.1418457e+01
   6.9364300e+05   4.4036865e+01
   7.5033300e+05   3.9752197e+01
   7.5037700e+05   3.9990234e+01
   7.5039000e+05   5.4034424e+01
   7.8346000e+05   3.9276123e+01
   8.1780600e+05   3.9038086e+01
   8.3910800e+05   5.0463867e+01
   8.8088200e+05   3.9514160e+01
   9.2909700e+05   4.6417236e+01
   9.5614800e+05   4.0942383e+01
   1.0062160e+06   3.9990234e+01
   1.0703980e+06   3.9752197e+01
   1.0704080e+06   4.5465088e+01
   1.1335750e+06   4.4274902e+01
   1.1335930e+06   6.3317871e+01
   1.1336210e+06   4.9511719e+01
   1.2065750e+06   4.0228271e+01
   1.2066670e+06   4.0704346e+01
   1.2070990e+06   4.0466309e+01
   1.2709850e+06   4.0942383e+01
   1.2709960e+06   4.3084717e+01
   1.2710480e+06   4.6179199e+01
   1.2710710e+06   4.2132568e+01
   1.3317560e+06   3.9276123e+01
   1.3317730e+06   4.8321533e+01
   1.3318260e+06   4.2846680e+01
   1.3319970e+06   4.3322754e+01
   1.3470190e+06   4.9987793e+01
   1.4268880e+06   4.5703125e+01
   1.4834700e+06   4.3084717e+01
   1.5156230e+06   4.5227051e+01
   1.5399460e+06   4.6893311e+01
   1.5399660e+06   3.9514160e+01
   1.5399870e+06   4.0228271e+01
   1.5400100e+06   4.0942383e+01
   1.5938660e+06   4.1656494e+01
   1.5943240e+06   3.9038086e+01
   1.6150140e+06   5.0701904e+01
   1.6150330e+06   6.2603760e+01
   1.6152000e+06   3.9752197e+01
   1.6594520e+06   4.1418457e+01
   1.6594680e+06   5.3082275e+01
   1.6594860e+06   4.6893311e+01
   1.6595010e+06   5.0939941e+01
   1.6595420e+06   4.4274902e+01
   1.6597400e+06   4.3560791e+01
   1.6597700e+06   5.1416016e+01
   1.7572150e+06   3.9752197e+01
   1.7572750e+06   4.3560791e+01
   1.7573080e+06   5.6890869e+01
   1.7574210e+06   4.0228271e+01
   1.7574840e+06   3.9752197e+01
   1.7575170e+06   4.2608643e+01
   1.8035780e+06   3.9038086e+01
   1.8036000e+06   4.9035645e+01
   1.8036300e+06   5.6176758e+01
   1.8036770e+06   3.9990234e+01
   1.8036940e+06   4.4274902e+01
   1.8037830e+06   4.5941162e+01
   1.8037980e+06   4.2132568e+01
   1.8038400e+06   4.4274902e+01
   1.8038940e+06   4.9035645e+01
   1.8039630e+06   4.7131348e+01
   1.8040910e+06   4.3798828e+01
   1.8049670e+06   4.1418457e+01
   1.8720500e+06   4.4750977e+01
   1.8936700e+06   4.1418457e+01
   1.8937440e+06   4.1180420e+01
   1.8937700e+06   5.9985352e+01
   1.8937890e+06   5.2606201e+01
   1.8938270e+06   5.2368164e+01
   1.8938580e+06   4.4989014e+01
   1.8939060e+06   4.0466309e+01
   1.8939630e+06   5.4748535e+01
   1.8940030e+06   4.3322754e+01
   1.9327790e+06   4.1656494e+01
   1.9537140e+06   4.0704346e+01
   1.9731170e+06   5.1654053e+01
   1.9731450e+06   4.3560791e+01
   1.9731930e+06   3.9752197e+01
   1.9732300e+06   4.0228271e+01
   1.9732560e+06   4.5465088e+01
   1.9732920e+06   4.1894531e+01
   1.9733700e+06   4.4274902e+01
   1.9734160e+06   3.9276123e+01
   1.9734630e+06   4.0704346e+01
   2.0009650e+06   4.4274902e+01
   2.0009960e+06   4.2846680e+01
   2.0378610e+06   4.4036865e+01
   2.0378850e+06   4.0942383e+01
   2.0379600e+06   4.4989014e+01
   2.0380510e+06   4.0704346e+01
   2.0692680e+06   4.5703125e+01
   2.0693190e+06   4.4512939e+01
   2.0693560e+06   4.4512939e+01
   2.0694600e+06   4.0466309e+01
   2.0696440e+06   4.4750977e+01
   2.0700270e+06   4.1418457e+01
   2.1102280e+06   4.0704346e+01
   2.1304140e+06   4.0228271e+01
   2.1304420e+06   5.9747314e+01
   2.1304710e+06   6.0937500e+01
   2.1305280e+06   4.3084717e+01
   2.1305410e+06   3.9038086e+01
   2.1306170e+06   4.0466309e+01
   2.1306710e+06   4.1418457e+01
   2.1307230e+06   4.1180420e+01
   2.1307380e+06   4.3560791e+01
   2.1873340e+06   4.2846680e+01
   2.1873740e+06   4.0228271e+01
   2.1873930e+06   3.9038086e+01
   2.2055510e+06   3.9752197e+01
   2.2473630e+06   4.2370605e+01
   2.2474210e+06   4.2846680e+01
   2.2475960e+06   3.9276123e+01
   2.3406730e+06   4.0704346e+01
   2.3407430e+06   4.0228271e+01
   2.3819360e+06   3.9752197e+01
   2.3824580e+06   4.0704346e+01
   2.4556370e+06   3.9990234e+01
   2.6235340e+06   3.9990234e+01
   2.6512900e+06   4.7607422e+01
   2.6513530e+06   4.3798828e+01
   2.6514050e+06   5.8081055e+01
   2.6514220e+06   4.5227051e+01
   2.8842010e+06   4.3322754e+01
   2.9189520e+06   4.1180420e+01
   3.0039220e+06   3.9276123e+01
   3.1307300e+06   4.2132568e+01
   3.1307660e+06   3.9514160e+01
   3.1308160e+06   4.4512939e+01
   3.1308410e+06   4.8321533e+01
   3.1308760e+06   4.5227051e+01
   3.1309840e+06   4.9273682e+01
   3.1758410e+06   4.0466309e+01
   3.1764010e+06   3.9514160e+01
   3.2510300e+06   3.9038086e+01
   3.2510680e+06   5.2130127e+01
   3.2511120e+06   4.9987793e+01
   3.2511660e+06   4.5465088e+01
   3.2512980e+06   4.0228271e+01
   3.2513400e+06   4.1894531e+01
   3.4304480e+06   4.2846680e+01
   3.4305820e+06   3.9752197e+01
   3.4306130e+06   3.9276123e+01
   3.5233890e+06   4.6179199e+01
   3.5234220e+06   5.0463867e+01
   3.5234420e+06   5.5700684e+01
   3.5235420e+06   4.9511719e+01
   3.5235740e+06   4.5227051e+01
   3.5236190e+06   4.0942383e+01
   3.5794170e+06   4.0466309e+01
   3.6853800e+06   4.6655273e+01
   3.6854830e+06   3.9752197e+01
   3.6855970e+06   4.0466309e+01
   3.6856380e+06   4.1180420e+01
   3.6856810e+06   3.9752197e+01
   3.6859500e+06   3.9990234e+01
   3.7205320e+06   3.9038086e+01
   3.7206300e+06   4.1894531e+01
   3.7297640e+06   3.9276123e+01
   3.7303300e+06   4.0704346e+01
   3.8160800e+06   4.9035645e+01
   3.8162830e+06   4.0228271e+01
   3.9477870e+06   3.9038086e+01
   4.0200540e+06   4.0942383e+01
   4.1307060e+06   4.2132568e+01
   4.5191240e+06   4.1180420e+01
   4.5191810e+06   4.1894531e+01
   4.5192620e+06   3.9038086e+01
   4.5192830e+06   4.2370605e+01
   4.5929460e+06   3.9038086e+01
   4.7532480e+06   3.9276123e+01
   4.9425820e+06   4.1418457e+01
   5.1003320e+06   3.9038086e+01
   5.4888350e+06   3.9514160e+01
   5.4979330e+06   4.3560791e+01
   5.8100660e+06   4.2608643e+01
   5.9414790e+06   3.9514160e+01
   5.9415360e+06   4.0704346e+01
   6.0093870e+06   4.2132568e+01
   6.0900710e+06   3.9990234e+01
   6.1381260e+06   3.9514160e+01
   6.1827520e+06   3.9276123e+01
   6.1945590e+06   4.0704346e+01
   6.2809460e+06   4.0228271e+01
   6.4064620e+06   4.2370605e+01
   6.4065240e+06   4.8797607e+01
   6.4066200e+06   4.2370605e+01
   6.5225710e+06   3.9990234e+01
   6.7240060e+06   4.3322754e+01
   6.8492870e+06   4.0228271e+01
   7.0301350e+06   3.9990234e+01
   7.0301660e+06   4.4274902e+01
   7.2088270e+06   3.9038086e+01
   7.2374240e+06   4.0228271e+01
   7.2557320e+06   3.9276123e+01
   7.4421550e+06   4.0228271e+01
   7.4422530e+06   4.2846680e+01
   7.4431910e+06   3.9276123e+01
   7.5767550e+06   4.3798828e+01
   7.8570540e+06   4.2608643e+01
   7.8704810e+06   4.9511719e+01
   7.9067040e+06   4.3322754e+01
   8.0208880e+06   4.0704346e+01
   8.1204360e+06   4.0466309e+01
   8.1205260e+06   4.2608643e+01
   8.4233120e+06   4.7369385e+01
   8.5571630e+06   3.9752197e+01
   8.6190840e+06   4.2132568e+01
   8.7510390e+06   4.2132568e+01
   8.8123090e+06   4.3322754e+01
   9.0328750e+06   4.2608643e+01
   9.0892290e+06   3.9514160e+01
   9.1850590e+06   4.0228271e+01
   9.2585320e+06   4.7845459e+01
   9.2586300e+06   4.2132568e+01
   9.2757840e+06   4.0466309e+01
   9.3133680e+06   4.4512939e+01
   9.4702260e+06   4.0466309e+01
   1.0033788e+07   4.0228271e+01
   1.0235819e+07   4.0942383e+01
   1.0250982e+07   4.6893311e+01
   1.0355540e+07   3.9514160e+01
   1.0399135e+07   3.9276123e+01
   1.0399192e+07   3.9276123e+01
   1.0413157e+07   3.9990234e+01
   1.0529658e+07   4.6179199e+01
   1.0529931e+07   4.4274902e+01
   1.0688727e+07   3.9514160e+01
   1.0757218e+07   4.1656494e+01
   1.0775021e+07   4.2846680e+01
   1.1088584e+07   4.3322754e+01
   1.1112665e+07   4.4274902e+01
   1.1117979e+07   4.6179199e+01
   1.1196622e+07   3.9514160e+01
   1.1345490e+07   3.9276123e+01
   1.1370371e+07   4.5703125e+01
   1.1494076e+07   4.3560791e+01
   1.1580529e+07   4.0704346e+01
   1.1580645e+07   4.2846680e+01
   1.1627107e+07   4.2608643e+01
   1.1684652e+07   4.4989014e+01
   1.1738050e+07   4.5941162e+01
   1.1760367e+07   3.9038086e+01
   1.1774962e+07   4.4750977e+01
   1.1798340e+07   3.9514160e+01
   1.1838395e+07   4.0466309e+01
   1.1849967e+07   4.2370605e+01
   1.1859045e+07   3.9276123e+01
   1.1890286e+07   4.2608643e+01
   1.1953504e+07   4.5227051e+01
   1.1994203e+07   3.9276123e+01
