   1.1999000e+07   0.0000000e+00
   2.0720000e+04   4.0942383e+01
   6.3903000e+04   4.0942383e+01
   8.0633000e+04   5.9985352e+01
   8.0673000e+04   4.1894531e+01
   8.0709000e+04   4.4036865e+01
   8.0736000e+04   4.2608643e+01
   8.0828000e+04   3.8562012e+01
   1.0364300e+05   4.6179199e+01
   1.0366300e+05   4.1656494e+01
   1.0370700e+05   3.9276123e+01
   1.0375000e+05   4.2608643e+01
   1.2271300e+05   4.1894531e+01
   1.2273500e+05   4.6417236e+01
   1.2276000e+05   4.3560791e+01
   1.2279200e+05   5.2368164e+01
   1.4361300e+05   4.1180420e+01
   1.4366000e+05   4.4036865e+01
   1.4370900e+05   4.0704346e+01
   1.5457400e+05   4.0228271e+01
   1.5471000e+05   4.2370605e+01
   1.6693000e+05   5.1654053e+01
   1.6696000e+05   4.4036865e+01
   1.6702600e+05   4.1418457e+01
   2.0233100e+05   4.5465088e+01
   2.0237400e+05   5.3796387e+01
   2.0240400e+05   3.8800049e+01
   2.0288200e+05   4.6893311e+01
   2.1665400e+05   4.2846680e+01
   2.1668500e+05   5.0939941e+01
   2.1671000e+05   5.4272461e+01
   2.3366800e+05   3.9276123e+01
   2.3370000e+05   6.0699463e+01
   2.3375000e+05   4.2132568e+01
   2.5113000e+05   4.5465088e+01
   2.5114800e+05   4.8083496e+01
   2.5117100e+05   3.9752197e+01
   2.5189200e+05   4.2132568e+01
   2.6917400e+05   3.9276123e+01
   2.6922200e+05   4.1894531e+01
   2.8570300e+05   4.4989014e+01
   2.8571500e+05   5.0463867e+01
   2.8573900e+05   3.9276123e+01
   2.9086400e+05   4.5227051e+01
   2.9982700e+05   3.8562012e+01
   2.9985200e+05   4.8083496e+01
   3.1282900e+05   4.8321533e+01
   3.1288000e+05   4.3322754e+01
   3.2568000e+05   3.9514160e+01
   3.2571800e+05   4.1418457e+01
   3.2575800e+05   4.2846680e+01
   3.4014300e+05   5.8795166e+01
   3.4017700e+05   4.2846680e+01
   3.4020800e+05   4.1656494e+01
   3.4024000e+05   4.6179199e+01
   3.4026700e+05   3.9276123e+01
   3.4029900e+05   4.0942383e+01
   3.4355600e+05   3.9514160e+01
   3.5677400e+05   4.2846680e+01
   3.5682200e+05   5.3320313e+01
   3.5685300e+05   4.0704346e+01
   3.6981300e+05   3.9990234e+01
   3.6985200e+05   4.9511719e+01
   3.6988700e+05   4.0228271e+01
   3.6993400e+05   4.1894531e+01
   3.8584400e+05   4.3084717e+01
   3.8586600e+05   4.8083496e+01
   3.8591300e+05   4.6417236e+01
   3.8598500e+05   3.9038086e+01
   3.8603300e+05   3.8562012e+01
   4.0305400e+05   4.5703125e+01
   4.0307000e+05   3.8562012e+01
   4.0310800e+05   4.1894531e+01
   4.1644900e+05   3.9038086e+01
   4.1650500e+05   5.7366943e+01
   4.1653200e+05   3.9276123e+01
   4.1660000e+05   4.8321533e+01
   4.3191300e+05   5.1654053e+01
   4.3193200e+05   4.0942383e+01
   4.3199900e+05   3.9276123e+01
   4.4801600e+05   4.3798828e+01
   4.4807800e+05   5.1892090e+01
   4.6409000e+05   4.5227051e+01
   4.6956000e+05   4.0942383e+01
   4.6958500e+05   4.1418457e+01
   4.6959700e+05   7.0458984e+01
   4.6962300e+05   6.0937500e+01
   4.6964100e+05   3.8800049e+01
   4.6967800e+05   4.1418457e+01
   4.6969000e+05   4.6417236e+01
   4.6974300e+05   4.0228271e+01
   4.6977300e+05   4.0466309e+01
   4.7056400e+05   4.9035645e+01
   4.7121700e+05   3.9038086e+01
   4.8872800e+05   4.7369385e+01
   5.0457100e+05   4.9511719e+01
   5.0460100e+05   3.9990234e+01
   5.2316500e+05   4.2132568e+01
   5.2363600e+05   4.2370605e+01
   5.2366800e+05   5.2130127e+01
   5.4176400e+05   5.2368164e+01
   5.4180800e+05   4.7845459e+01
   5.4189300e+05   4.3798828e+01
   5.4192000e+05   3.9514160e+01
   5.4450800e+05   3.9276123e+01
   5.4614000e+05   4.1656494e+01
   5.5992800e+05   4.4036865e+01
   5.5997400e+05   4.9987793e+01
   5.5999500e+05   5.5700684e+01
   5.6000500e+05   3.9514160e+01
   5.6004700e+05   4.0942383e+01
   5.6010400e+05   4.4036865e+01
   5.7791100e+05   5.1177979e+01
   5.7794800e+05   4.8797607e+01
   5.7801900e+05   5.0701904e+01
   5.9584100e+05   4.0704346e+01
   5.9586900e+05   4.2608643e+01
   5.9589500e+05   4.1418457e+01
   5.9592100e+05   4.5227051e+01
   5.9596600e+05   4.3084717e+01
   5.9603700e+05   3.9514160e+01
   5.9621100e+05   4.0466309e+01
   5.9631600e+05   4.0228271e+01
   5.9757600e+05   4.0942383e+01
   6.2295000e+05   4.0466309e+01
   6.2424100e+05   3.9276123e+01
   6.2546000e+05   3.9514160e+01
   6.4901300e+05   4.8083496e+01
   6.4904400e+05   4.7369385e+01
   6.4909300e+05   5.4272461e+01
   6.4910900e+05   4.0704346e+01
   6.4914400e+05   4.5465088e+01
   6.4955200e+05   4.5227051e+01
   6.8014500e+05   4.4036865e+01
   6.8056700e+05   4.6893311e+01
   6.8481400e+05   6.0699463e+01
   6.8484700e+05   4.6893311e+01
   6.8485800e+05   6.0937500e+01
   6.8491200e+05   3.9990234e+01
   6.9961100e+05   4.9749756e+01
   6.9964100e+05   3.8800049e+01
   6.9970500e+05   4.2370605e+01
   6.9972800e+05   4.5465088e+01
   6.9976700e+05   4.7131348e+01
   7.1895800e+05   4.4036865e+01
   7.1899300e+05   4.4989014e+01
   7.1903200e+05   4.3798828e+01
   7.1904500e+05   5.4986572e+01
   7.1912200e+05   3.8800049e+01
   7.3805400e+05   5.1654053e+01
   7.3811700e+05   4.0942383e+01
   7.5530100e+05   4.8083496e+01
   7.5533200e+05   6.4984131e+01
   7.5535500e+05   3.9752197e+01
   7.5538100e+05   4.1656494e+01
   7.5543200e+05   5.2606201e+01
   7.5556300e+05   3.9990234e+01
   7.5561100e+05   4.8321533e+01
   7.5595500e+05   3.9752197e+01
   7.5610400e+05   4.1180420e+01
   7.5615300e+05   4.0228271e+01
   7.9350000e+05   4.0704346e+01
   7.9357200e+05   4.4512939e+01
   8.1278100e+05   4.2370605e+01
   8.1285700e+05   4.6655273e+01
   8.1288100e+05   4.4750977e+01
   8.1290600e+05   4.0228271e+01
   8.1294400e+05   3.9514160e+01
   8.1308200e+05   5.4748535e+01
   8.1335600e+05   3.9752197e+01
   8.1356500e+05   4.7845459e+01
   8.4641600e+05   3.9514160e+01
   8.5618800e+05   5.4510498e+01
   8.5621600e+05   5.2844238e+01
   8.5623400e+05   4.9273682e+01
   8.5634700e+05   4.9749756e+01
   8.8288400e+05   4.0228271e+01
   8.9417900e+05   4.1894531e+01
   8.9423500e+05   3.9038086e+01
   8.9439200e+05   4.0704346e+01
   8.9456400e+05   3.9990234e+01
   9.2038000e+05   4.3798828e+01
   9.2436600e+05   4.4036865e+01
   9.2438200e+05   4.6655273e+01
   9.2441400e+05   3.9990234e+01
   9.2446100e+05   4.1656494e+01
   9.2451700e+05   4.8559570e+01
   9.4577600e+05   5.5462646e+01
   9.5440600e+05   4.7131348e+01
   9.5446100e+05   4.0228271e+01
   9.6849000e+05   3.8800049e+01
   9.6852700e+05   5.1177979e+01
   9.7953700e+05   5.2368164e+01
   9.7959300e+05   3.9038086e+01
   9.7989700e+05   4.3560791e+01
   9.9937900e+05   4.0704346e+01
   1.0122380e+06   4.7607422e+01
   1.0138460e+06   4.0942383e+01
   1.0184560e+06   4.0704346e+01
   1.0192040e+06   4.0704346e+01
   1.0192740e+06   4.9987793e+01
   1.0384370e+06   3.9752197e+01
   1.0393310e+06   4.2370605e+01
   1.0393580e+06   3.9038086e+01
   1.0510910e+06   4.3084717e+01
   1.0511210e+06   5.7128906e+01
   1.0511710e+06   4.4989014e+01
   1.0759850e+06   4.0704346e+01
   1.0760100e+06   3.8562012e+01
   1.0760670e+06   3.9990234e+01
   1.0882870e+06   4.0704346e+01
   1.0921680e+06   3.8800049e+01
   1.0922250e+06   3.9514160e+01
   1.0924750e+06   4.4989014e+01
   1.1148860e+06   3.9514160e+01
   1.1149830e+06   4.3084717e+01
   1.1155280e+06   3.9514160e+01
   1.1182410e+06   5.0463867e+01
   1.1182650e+06   4.0466309e+01
   1.1182810e+06   3.9990234e+01
   1.1338200e+06   3.9276123e+01
   1.1408660e+06   3.9038086e+01
   1.1459060e+06   3.8800049e+01
   1.1459450e+06   4.5703125e+01
   1.1459930e+06   4.5941162e+01
   1.1462600e+06   4.1894531e+01
   1.1575300e+06   4.1418457e+01
   1.1575570e+06   6.4746094e+01
   1.1575720e+06   3.8800049e+01
   1.1576030e+06   4.8083496e+01
   1.1576460e+06   4.2132568e+01
   1.1579620e+06   3.9514160e+01
   1.1582110e+06   4.2846680e+01
   1.1806730e+06   4.7607422e+01
   1.1806920e+06   4.2132568e+01
   1.1807400e+06   4.0704346e+01
   1.1886920e+06   4.8083496e+01
   1.1887260e+06   4.5941162e+01
   1.1887530e+06   4.1418457e+01
   1.1887990e+06   5.9033203e+01
   1.2035870e+06   3.9990234e+01
   1.2036130e+06   4.0228271e+01
   1.2041920e+06   3.9038086e+01
   1.2182850e+06   3.8562012e+01
   1.2269710e+06   4.0704346e+01
   1.2374000e+06   4.3798828e+01
   1.2374360e+06   4.5227051e+01
   1.2374550e+06   4.3560791e+01
   1.2374680e+06   3.9514160e+01
   1.2375470e+06   4.0942383e+01
   1.2376020e+06   3.9514160e+01
   1.2377770e+06   5.2368164e+01
   1.2379660e+06   3.9514160e+01
   1.2380940e+06   3.9752197e+01
   1.2611060e+06   3.9752197e+01
   1.2617180e+06   4.2846680e+01
   1.2652480e+06   4.0228271e+01
   1.2653440e+06   4.6893311e+01
   1.2654040e+06   4.3798828e+01
   1.2770930e+06   4.5465088e+01
   1.2771080e+06   4.4989014e+01
   1.2771300e+06   4.3560791e+01
   1.2771590e+06   6.4984131e+01
   1.2772200e+06   4.9273682e+01
   1.2772760e+06   5.3558350e+01
   1.2773160e+06   4.4512939e+01
   1.2774040e+06   3.9990234e+01
   1.2777710e+06   3.8562012e+01
   1.2779180e+06   4.4036865e+01
   1.3057420e+06   4.0942383e+01
   1.3063690e+06   4.0942383e+01
   1.3076410e+06   3.9752197e+01
   1.3103990e+06   3.8562012e+01
   1.3392470e+06   5.6414795e+01
   1.3673490e+06   5.1654053e+01
   1.3676470e+06   4.8559570e+01
   1.3822490e+06   4.1418457e+01
   1.3822660e+06   3.9038086e+01
   1.3823020e+06   4.6179199e+01
   1.3938810e+06   4.5227051e+01
   1.3939070e+06   3.9514160e+01
   1.3939200e+06   4.1180420e+01
   1.3939640e+06   4.0704346e+01
   1.4031610e+06   3.9752197e+01
   1.4053370e+06   5.4034424e+01
   1.4109170e+06   4.3560791e+01
   1.4109720e+06   4.2608643e+01
   1.4111620e+06   4.9987793e+01
   1.4320990e+06   5.2844238e+01
   1.4321540e+06   5.0225830e+01
   1.4321880e+06   3.8800049e+01
   1.4465460e+06   3.8800049e+01
   1.4466390e+06   3.9276123e+01
   1.4466920e+06   5.0939941e+01
   1.4467340e+06   3.9276123e+01
   1.4467480e+06   4.1180420e+01
   1.4468430e+06   3.9276123e+01
   1.4469400e+06   4.0942383e+01
   1.4650950e+06   4.2370605e+01
   1.4651300e+06   5.3558350e+01
   1.4651420e+06   4.4750977e+01
   1.4651660e+06   4.5941162e+01
   1.4652200e+06   5.8557129e+01
   1.4829160e+06   4.1656494e+01
   1.4829580e+06   6.6412354e+01
   1.4829740e+06   4.0942383e+01
   1.4830020e+06   4.5227051e+01
   1.4834520e+06   4.0942383e+01
   1.5002190e+06   3.9514160e+01
   1.5002520e+06   3.8800049e+01
   1.5004580e+06   3.9752197e+01
   1.5098970e+06   5.2368164e+01
   1.5099070e+06   5.2368164e+01
   1.5099240e+06   4.2132568e+01
   1.5099420e+06   4.1180420e+01
   1.5099600e+06   4.1418457e+01
   1.5100780e+06   4.0228271e+01
   1.5102190e+06   4.1180420e+01
   1.5254390e+06   4.9035645e+01
   1.5254970e+06   4.1418457e+01
   1.5255370e+06   3.9276123e+01
   1.5392370e+06   3.9038086e+01
   1.5392820e+06   4.9749756e+01
   1.5393230e+06   5.3082275e+01
   1.5393740e+06   4.2370605e+01
   1.5393940e+06   4.0704346e+01
   1.5394270e+06   3.9276123e+01
   1.5394740e+06   5.3796387e+01
   1.5395900e+06   4.0704346e+01
   1.5398620e+06   4.0228271e+01
   1.5578860e+06   4.0942383e+01
   1.5578990e+06   4.3322754e+01
   1.5579210e+06   4.8559570e+01
   1.5588190e+06   4.0466309e+01
   1.5714580e+06   4.2132568e+01
   1.5714790e+06   4.8321533e+01
   1.5848630e+06   5.0701904e+01
   1.5848740e+06   4.9511719e+01
   1.5849430e+06   4.3798828e+01
   1.5850960e+06   3.9038086e+01
   1.6016920e+06   4.2132568e+01
   1.6017250e+06   4.6179199e+01
   1.6017670e+06   4.8797607e+01
   1.6017980e+06   6.0937500e+01
   1.6018830e+06   4.5465088e+01
   1.6019410e+06   3.9276123e+01
   1.6020120e+06   3.9276123e+01
   1.6020530e+06   3.9276123e+01
   1.6479070e+06   3.9990234e+01
   1.6479310e+06   4.8559570e+01
   1.6479730e+06   4.2370605e+01
   1.6479900e+06   4.5227051e+01
   1.6480180e+06   3.9038086e+01
   1.6482250e+06   4.1894531e+01
   1.6485250e+06   4.2132568e+01
   1.6689000e+06   3.8562012e+01
   1.6759520e+06   3.8800049e+01
   1.6867060e+06   4.9987793e+01
   1.6867440e+06   4.6655273e+01
   1.6867680e+06   5.7128906e+01
   1.6867850e+06   5.4748535e+01
   1.6868100e+06   4.6417236e+01
   1.6869630e+06   4.9749756e+01
   1.6870960e+06   4.1894531e+01
   1.6871060e+06   4.0466309e+01
   1.7056250e+06   4.1894531e+01
   1.7056490e+06   4.1656494e+01
   1.7057360e+06   4.7369385e+01
   1.7057510e+06   4.7369385e+01
   1.7057980e+06   4.7131348e+01
   1.7061630e+06   4.1894531e+01
   1.7065520e+06   4.0704346e+01
   1.7374420e+06   6.0699463e+01
   1.7377990e+06   4.0704346e+01
   1.7567620e+06   4.7369385e+01
   1.7568100e+06   4.0228271e+01
   1.7568450e+06   4.0704346e+01
   1.7568920e+06   4.0466309e+01
   1.7674570e+06   3.9276123e+01
   1.7674810e+06   4.0704346e+01
   1.7675060e+06   4.5227051e+01
   1.7676500e+06   4.0466309e+01
   1.7678470e+06   5.2130127e+01
   1.7681500e+06   4.8083496e+01
   1.7856970e+06   4.3560791e+01
   1.7883410e+06   5.2606201e+01
   1.7981980e+06   4.4036865e+01
   1.7982080e+06   5.1416016e+01
   1.7982230e+06   4.7131348e+01
   1.7982520e+06   4.0704346e+01
   1.7982760e+06   4.1418457e+01
   1.7982930e+06   4.8083496e+01
   1.7983430e+06   3.9990234e+01
   1.7984550e+06   4.2846680e+01
   1.7985510e+06   4.2608643e+01
   1.8146640e+06   4.2846680e+01
   1.8146760e+06   4.8321533e+01
   1.8153460e+06   4.0466309e+01
   1.8265990e+06   4.0704346e+01
   1.8266790e+06   4.4750977e+01
   1.8267670e+06   3.9276123e+01
   1.8268110e+06   3.9038086e+01
   1.8268940e+06   4.1180420e+01
   1.8403880e+06   3.9038086e+01
   1.8404200e+06   4.1656494e+01
   1.8404990e+06   4.1894531e+01
   1.8556090e+06   6.1651611e+01
   1.8556640e+06   4.4274902e+01
   1.8558550e+06   3.9038086e+01
   1.8612980e+06   4.1418457e+01
   1.8613090e+06   3.8800049e+01
   1.8613550e+06   5.6652832e+01
   1.8613650e+06   4.2608643e+01
   1.8614020e+06   3.8800049e+01
   1.8616890e+06   4.0466309e+01
   1.8929110e+06   4.8083496e+01
   1.8929390e+06   4.0228271e+01
   1.8929790e+06   3.9752197e+01
   1.8930110e+06   4.0466309e+01
   1.8930350e+06   5.2368164e+01
   1.8930650e+06   3.9276123e+01
   1.9094300e+06   4.2846680e+01
   1.9094670e+06   3.8800049e+01
   1.9151610e+06   3.8562012e+01
   1.9151940e+06   5.7604980e+01
   1.9152220e+06   4.2608643e+01
   1.9152590e+06   4.4274902e+01
   1.9154650e+06   4.3560791e+01
   1.9156580e+06   3.8562012e+01
   1.9247500e+06   4.6417236e+01
   1.9247600e+06   4.4274902e+01
   1.9247940e+06   4.6893311e+01
   1.9248470e+06   4.1656494e+01
   1.9248750e+06   4.7369385e+01
   1.9249480e+06   4.1656494e+01
   1.9250640e+06   4.2608643e+01
   1.9574010e+06   4.0228271e+01
   1.9580150e+06   3.9276123e+01
   1.9682800e+06   3.8562012e+01
   1.9771230e+06   5.1177979e+01
   1.9771960e+06   4.5465088e+01
   1.9772790e+06   4.5941162e+01
   1.9778290e+06   3.8800049e+01
   1.9784900e+06   3.8562012e+01
   1.9950230e+06   4.1894531e+01
   1.9950780e+06   3.8562012e+01
   1.9951350e+06   4.0942383e+01
   2.0202070e+06   3.8562012e+01
   2.0202260e+06   4.2370605e+01
   2.0202520e+06   3.9990234e+01
   2.0202890e+06   4.1656494e+01
   2.0204440e+06   4.2846680e+01
   2.0205690e+06   4.0228271e+01
   2.0205960e+06   3.8800049e+01
   2.0337690e+06   4.6655273e+01
   2.0337880e+06   4.0228271e+01
   2.0338160e+06   3.9276123e+01
   2.0338770e+06   4.2846680e+01
   2.0356400e+06   3.9038086e+01
   2.0475440e+06   4.0704346e+01
   2.0645700e+06   4.2608643e+01
   2.0646100e+06   4.2132568e+01
   2.0710450e+06   3.8800049e+01
   2.0710790e+06   3.8800049e+01
   2.0711180e+06   4.3560791e+01
   2.0713130e+06   4.3084717e+01
   2.0720490e+06   3.9752197e+01
   2.0720590e+06   4.5703125e+01
   2.0732500e+06   4.4750977e+01
   2.0825530e+06   3.9038086e+01
   2.0825670e+06   3.8562012e+01
   2.0827080e+06   3.9038086e+01
   2.0828390e+06   4.0466309e+01
   2.0829430e+06   4.0228271e+01
   2.0829940e+06   5.1892090e+01
   2.0830070e+06   5.2606201e+01
   2.0830420e+06   5.7366943e+01
   2.0830860e+06   5.3320312e+01
   2.0831090e+06   4.8321533e+01
   2.0831430e+06   4.1894531e+01
   2.0832260e+06   4.8083496e+01
   2.0832980e+06   4.0466309e+01
   2.0838650e+06   4.1180420e+01
   2.0965150e+06   4.1894531e+01
   2.0965670e+06   4.0942383e+01
   2.0966160e+06   5.4510498e+01
   2.0966570e+06   5.6176758e+01
   2.0966960e+06   4.1180420e+01
   2.0967060e+06   4.3322754e+01
   2.0967380e+06   5.9033203e+01
   2.0967520e+06   4.6655273e+01
   2.0967920e+06   5.1177979e+01
   2.0968500e+06   4.0466309e+01
   2.0969270e+06   4.4512939e+01
   2.1054180e+06   4.4512939e+01
   2.1054370e+06   3.9752197e+01
   2.1054830e+06   4.5941162e+01
   2.1056220e+06   5.0225830e+01
   2.1056590e+06   4.3560791e+01
   2.1056710e+06   3.9990234e+01
   2.1057270e+06   4.1656494e+01
   2.1057940e+06   3.9514160e+01
   2.1059120e+06   4.0942383e+01
   2.1059880e+06   4.2370605e+01
   2.1060900e+06   3.8562012e+01
   2.1061420e+06   3.8562012e+01
   2.1272520e+06   4.3084717e+01
   2.1272830e+06   5.3558350e+01
   2.1273200e+06   3.9276123e+01
   2.1273490e+06   5.6176758e+01
   2.1273820e+06   4.6417236e+01
   2.1274000e+06   4.2608643e+01
   2.1274110e+06   5.1654053e+01
   2.1274500e+06   4.3322754e+01
   2.1274810e+06   4.1180420e+01
   2.1275110e+06   4.5465088e+01
   2.1276000e+06   4.6417236e+01
   2.1276270e+06   3.8562012e+01
   2.1277910e+06   4.9273682e+01
   2.1281660e+06   3.9752197e+01
   2.1419410e+06   5.6890869e+01
   2.1419520e+06   4.5703125e+01
   2.1419890e+06   5.0939941e+01
   2.1420190e+06   4.4750977e+01
   2.1420440e+06   3.9276123e+01
   2.1420800e+06   4.2608643e+01
   2.1421140e+06   4.9987793e+01
   2.1421500e+06   4.6655273e+01
   2.1421760e+06   4.1656494e+01
   2.1421890e+06   4.6893311e+01
   2.1422190e+06   3.9276123e+01
   2.1422550e+06   5.0939941e+01
   2.1422820e+06   3.9038086e+01
   2.1423040e+06   3.9514160e+01
   2.1424140e+06   4.8083496e+01
   2.1425000e+06   4.1418457e+01
   2.1567500e+06   4.9035645e+01
   2.1567680e+06   4.5703125e+01
   2.1569290e+06   4.0466309e+01
   2.1569740e+06   4.4989014e+01
   2.1569980e+06   4.4036865e+01
   2.1570270e+06   4.1894531e+01
   2.1570560e+06   4.8083496e+01
   2.1570840e+06   3.9752197e+01
   2.1571110e+06   4.2608643e+01
   2.1571460e+06   4.1180420e+01
   2.1572050e+06   4.0228271e+01
   2.1748310e+06   4.9987793e+01
   2.1748610e+06   4.1656494e+01
   2.1749310e+06   4.2132568e+01
   2.1749520e+06   4.2846680e+01
   2.1749800e+06   5.5462646e+01
   2.1750120e+06   4.1656494e+01
   2.1750270e+06   4.7131348e+01
   2.1750450e+06   4.0704346e+01
   2.1750650e+06   5.2130127e+01
   2.1751190e+06   4.5941162e+01
   2.1751550e+06   6.4984131e+01
   2.1751930e+06   4.2846680e+01
   2.1752060e+06   4.2846680e+01
   2.1752770e+06   3.9990234e+01
   2.1897810e+06   6.3793945e+01
   2.1897910e+06   3.9752197e+01
   2.1898690e+06   3.9990234e+01
   2.1898970e+06   3.9276123e+01
   2.1899500e+06   4.7607422e+01
   2.1899700e+06   4.0942383e+01
   2.1899860e+06   4.5227051e+01
   2.1900250e+06   5.6414795e+01
   2.1900390e+06   4.7131348e+01
   2.1901690e+06   3.9038086e+01
   2.1998960e+06   4.5227051e+01
   2.1999270e+06   4.0704346e+01
   2.1999600e+06   4.1894531e+01
   2.1999940e+06   5.3796387e+01
   2.2000410e+06   4.2370605e+01
   2.2000570e+06   4.0704346e+01
   2.2000970e+06   4.2370605e+01
   2.2001330e+06   4.2370605e+01
   2.2001720e+06   4.7845459e+01
   2.2002060e+06   4.1418457e+01
   2.2002330e+06   4.3084717e+01
   2.2002650e+06   4.3084717e+01
   2.2002900e+06   4.3322754e+01
   2.2003190e+06   4.6417236e+01
   2.2003450e+06   4.6655273e+01
   2.2003990e+06   4.0704346e+01
   2.2200680e+06   4.0466309e+01
   2.2201070e+06   3.8800049e+01
   2.2201280e+06   4.3322754e+01
   2.2201800e+06   4.5941162e+01
   2.2202130e+06   4.0466309e+01
   2.2202600e+06   3.9038086e+01
   2.2203240e+06   4.4274902e+01
   2.2203360e+06   3.9990234e+01
   2.2203640e+06   4.9511719e+01
   2.2204100e+06   4.0704346e+01
   2.2374540e+06   4.7607422e+01
   2.2374700e+06   4.4989014e+01
   2.2375020e+06   4.4989014e+01
   2.2375340e+06   3.9038086e+01
   2.2375630e+06   4.2846680e+01
   2.2376200e+06   4.7607422e+01
   2.2376690e+06   5.3082275e+01
   2.2376910e+06   3.8562012e+01
   2.2377190e+06   4.2370605e+01
   2.2377570e+06   4.0228271e+01
   2.2377830e+06   5.6890869e+01
   2.2378700e+06   4.2370605e+01
   2.2379020e+06   4.2608643e+01
   2.2637270e+06   3.9990234e+01
   2.2637720e+06   3.8562012e+01
   2.2637830e+06   4.3560791e+01
   2.2638360e+06   4.7369385e+01
   2.2638750e+06   4.1180420e+01
   2.2639100e+06   5.2130127e+01
   2.2639300e+06   4.5465088e+01
   2.2639620e+06   5.7843018e+01
   2.2639910e+06   4.5703125e+01
   2.2640180e+06   3.9276123e+01
   2.2641020e+06   5.3082275e+01
   2.2641550e+06   4.0228271e+01
   2.2641760e+06   4.0942383e+01
   2.2853970e+06   5.2130127e+01
   2.2856960e+06   4.6893311e+01
   2.2857950e+06   4.6179199e+01
   2.2859590e+06   3.9514160e+01
   2.2860260e+06   4.0942383e+01
   2.2863040e+06   4.0228271e+01
   2.3061420e+06   4.5941162e+01
   2.3061630e+06   3.9038086e+01
   2.3132130e+06   4.8083496e+01
   2.3132320e+06   3.9276123e+01
   2.3132520e+06   6.4270020e+01
   2.3133170e+06   5.2130127e+01
   2.3133350e+06   3.9276123e+01
   2.3134160e+06   3.9990234e+01
   2.3134690e+06   4.1894531e+01
   2.3135120e+06   4.2370605e+01
   2.3136700e+06   5.0463867e+01
   2.3137890e+06   3.9752197e+01
   2.3516810e+06   3.9752197e+01
   2.4097710e+06   4.9511719e+01
   2.4098220e+06   4.1894531e+01
   2.4098340e+06   4.0942383e+01
   2.4099150e+06   3.8562012e+01
   2.4100990e+06   3.9514160e+01
   2.4290950e+06   3.9038086e+01
   2.4291360e+06   4.0466309e+01
   2.4291530e+06   3.9990234e+01
   2.4292150e+06   3.9752197e+01
   2.4292680e+06   4.1180420e+01
   2.4294130e+06   5.0225830e+01
   2.4532020e+06   4.1656494e+01
   2.4532770e+06   4.6179199e+01
   2.4533440e+06   4.5465088e+01
   2.4533570e+06   4.2846680e+01
   2.4535140e+06   3.8562012e+01
   2.4535980e+06   4.1894531e+01
   2.4538230e+06   4.1894531e+01
   2.4811650e+06   4.1418457e+01
   2.4812040e+06   4.2846680e+01
   2.4813160e+06   4.2846680e+01
   2.4813480e+06   3.8562012e+01
   2.4815720e+06   3.8800049e+01
   2.5092380e+06   4.9987793e+01
   2.5092750e+06   3.9752197e+01
   2.5092930e+06   4.0466309e+01
   2.5093360e+06   4.5941162e+01
   2.5093960e+06   4.4989014e+01
   2.5644430e+06   4.0466309e+01
   2.5644660e+06   4.7131348e+01
   2.5645310e+06   4.0704346e+01
   2.5840360e+06   4.4036865e+01
   2.5840490e+06   4.2370605e+01
   2.5841260e+06   4.4512939e+01
   2.5842980e+06   4.0942383e+01
   2.5844020e+06   4.7131348e+01
   2.6057960e+06   4.7131348e+01
   2.6059840e+06   3.9752197e+01
   2.6070510e+06   4.0466309e+01
   2.6259190e+06   4.1180420e+01
   2.6265030e+06   3.9514160e+01
   2.6442280e+06   3.9276123e+01
   2.6466380e+06   4.3560791e+01
   2.6576940e+06   3.9276123e+01
   2.6577410e+06   4.6893311e+01
   2.6577740e+06   5.3082275e+01
   2.6582000e+06   4.2370605e+01
   2.6756520e+06   4.2132568e+01
   2.6762040e+06   3.9514160e+01
   2.6899300e+06   3.8800049e+01
   2.6899790e+06   3.8562012e+01
   2.7015130e+06   4.0942383e+01
   2.7015980e+06   3.9038086e+01
   2.7213180e+06   4.4989014e+01
   2.7214460e+06   4.3560791e+01
   2.7355590e+06   4.0228271e+01
   2.7465530e+06   4.2608643e+01
   2.7465920e+06   4.1894531e+01
   2.7628420e+06   4.1180420e+01
   2.7628770e+06   8.4741211e+01
   2.7629230e+06   4.5703125e+01
   2.7629760e+06   4.5941162e+01
   2.7801640e+06   3.9514160e+01
   2.7875850e+06   4.7131348e+01
   2.7973180e+06   4.4512939e+01
   2.7974750e+06   4.4036865e+01
   2.8089210e+06   4.2132568e+01
   2.8230610e+06   4.2370605e+01
   2.8231150e+06   3.9990234e+01
   2.8231250e+06   4.0228271e+01
   2.8231440e+06   5.6652832e+01
   2.8232120e+06   4.1418457e+01
   2.8234680e+06   4.6417236e+01
   2.8396560e+06   4.1656494e+01
   2.8397940e+06   6.1889648e+01
   2.8406830e+06   3.9276123e+01
   2.8510220e+06   4.6179199e+01
   2.8510340e+06   4.6417236e+01
   2.8510440e+06   4.6179199e+01
   2.8511000e+06   3.8562012e+01
   2.8511790e+06   4.5703125e+01
   2.8519580e+06   3.9990234e+01
   2.8662450e+06   4.1656494e+01
   2.8662690e+06   5.3320312e+01
   2.8663170e+06   4.8321533e+01
   2.8663510e+06   4.3798828e+01
   2.8663820e+06   4.3084717e+01
   2.8669620e+06   3.9276123e+01
   2.8857530e+06   3.9276123e+01
   2.8857770e+06   3.9514160e+01
   2.8858530e+06   4.2608643e+01
   2.8859500e+06   3.9276123e+01
   2.8863770e+06   4.1894531e+01
   2.9056620e+06   5.9033203e+01
   2.9206010e+06   3.9038086e+01
   2.9206220e+06   4.1656494e+01
   2.9206370e+06   5.2130127e+01
   2.9206810e+06   5.8795166e+01
   2.9207360e+06   4.1180420e+01
   2.9207860e+06   3.8800049e+01
   2.9208600e+06   4.1656494e+01
   2.9214280e+06   4.2846680e+01
   2.9219620e+06   4.7607422e+01
   2.9544150e+06   4.1656494e+01
   2.9560780e+06   4.2608643e+01
   2.9862970e+06   5.3082275e+01
   3.0018190e+06   3.9038086e+01
   3.0018600e+06   4.5941162e+01
   3.0163200e+06   4.9749756e+01
   3.0163770e+06   4.5941162e+01
   3.0164360e+06   4.0704346e+01
   3.0322350e+06   4.9273682e+01
   3.0451810e+06   3.9990234e+01
   3.0565920e+06   6.9268799e+01
   3.0566230e+06   4.0942383e+01
   3.0766890e+06   3.9990234e+01
   3.0767120e+06   3.9276123e+01
   3.0767590e+06   4.3084717e+01
   3.0768240e+06   4.0466309e+01
   3.0770960e+06   4.1418457e+01
   3.0775200e+06   4.4274902e+01
   3.0992490e+06   4.2370605e+01
   3.0992680e+06   4.2608643e+01
   3.0992830e+06   5.0939941e+01
   3.0993290e+06   3.8562012e+01
   3.0993660e+06   4.3084717e+01
   3.0994860e+06   4.3560791e+01
   3.1251910e+06   4.2370605e+01
   3.1252270e+06   5.0701904e+01
   3.1397200e+06   3.9276123e+01
   3.1493620e+06   6.1175537e+01
   3.1494020e+06   4.6179199e+01
   3.1494340e+06   4.3084717e+01
   3.1494960e+06   4.4750977e+01
   3.1495370e+06   5.0939941e+01
   3.1495490e+06   3.8562012e+01
   3.1496810e+06   4.0704346e+01
   3.1737520e+06   3.9038086e+01
   3.1738290e+06   4.8797607e+01
   3.1918380e+06   3.9038086e+01
   3.1918830e+06   4.7131348e+01
   3.1919270e+06   4.2370605e+01
   3.1919370e+06   4.4750977e+01
   3.1920280e+06   4.0942383e+01
   3.1923260e+06   4.0228271e+01
   3.2121790e+06   3.9990234e+01
   3.2244920e+06   3.9276123e+01
   3.2245660e+06   3.9514160e+01
   3.2368760e+06   6.3555908e+01
   3.2369010e+06   4.2846680e+01
   3.2507260e+06   5.0701904e+01
   3.2508050e+06   4.0942383e+01
   3.2508160e+06   4.0228271e+01
   3.2508710e+06   3.9514160e+01
   3.2824320e+06   4.2846680e+01
   3.2824610e+06   5.0463867e+01
   3.2825150e+06   4.8797607e+01
   3.2825880e+06   4.0466309e+01
   3.2826190e+06   4.1418457e+01
   3.2826510e+06   4.0942383e+01
   3.2826800e+06   4.1894531e+01
   3.2829910e+06   4.3560791e+01
   3.2838320e+06   4.0466309e+01
   3.3086040e+06   4.6179199e+01
   3.3086530e+06   4.4036865e+01
   3.3086810e+06   4.3560791e+01
   3.3087310e+06   4.1894531e+01
   3.3323120e+06   3.9038086e+01
   3.3483740e+06   3.9752197e+01
   3.3502080e+06   4.3084717e+01
   3.3703830e+06   4.3084717e+01
   3.3704130e+06   4.2132568e+01
   3.3749470e+06   4.5227051e+01
   3.3750010e+06   5.8319092e+01
   3.3750840e+06   4.3560791e+01
   3.3756640e+06   3.9514160e+01
   3.3913630e+06   4.1418457e+01
   3.3935730e+06   5.2606201e+01
   3.3935890e+06   4.8797607e+01
   3.3938010e+06   4.8083496e+01
   3.4208950e+06   4.3560791e+01
   3.4327180e+06   4.2608643e+01
   3.4327500e+06   4.2370605e+01
   3.4505720e+06   3.8562012e+01
   3.4597510e+06   4.8321533e+01
   3.4598060e+06   3.9752197e+01
   3.4773620e+06   3.9038086e+01
   3.4775010e+06   4.9273682e+01
   3.4790640e+06   4.3322754e+01
   3.4921920e+06   5.2844238e+01
   3.4922200e+06   3.9990234e+01
   3.4923160e+06   4.0704346e+01
   3.4923990e+06   3.9038086e+01
   3.4938050e+06   4.0228271e+01
   3.4950180e+06   4.3560791e+01
   3.5095550e+06   3.8800049e+01
   3.5095920e+06   6.4508057e+01
   3.5096140e+06   3.9276123e+01
   3.5096250e+06   3.9752197e+01
   3.5100580e+06   4.0466309e+01
   3.5235590e+06   3.8562012e+01
   3.5235830e+06   4.4750977e+01
   3.5236190e+06   4.0942383e+01
   3.5236890e+06   3.8562012e+01
   3.5237260e+06   5.3796387e+01
   3.5239140e+06   4.0704346e+01
   3.5688160e+06   4.3560791e+01
   3.5689960e+06   4.3798828e+01
   3.5949080e+06   3.9038086e+01
   3.5954010e+06   3.9752197e+01
   3.6034590e+06   4.5227051e+01
   3.6034970e+06   3.8562012e+01
   3.6035320e+06   3.8562012e+01
   3.6036110e+06   4.1180420e+01
   3.6036380e+06   5.5938721e+01
   3.6036770e+06   4.0942383e+01
   3.6037120e+06   4.6655273e+01
   3.6037800e+06   4.4750977e+01
   3.6038800e+06   4.1180420e+01
   3.6039050e+06   4.9035645e+01
   3.6039210e+06   5.3796387e+01
   3.6039540e+06   3.8562012e+01
   3.6040070e+06   4.6179199e+01
   3.6040350e+06   4.2132568e+01
   3.6043160e+06   4.1894531e+01
   3.6337690e+06   4.7369385e+01
   3.6337890e+06   4.0704346e+01
   3.6340510e+06   4.4274902e+01
   3.6456760e+06   4.4512939e+01
   3.6457090e+06   4.2132568e+01
   3.6457410e+06   3.8562012e+01
   3.6457610e+06   4.0704346e+01
   3.6458070e+06   3.9752197e+01
   3.6460040e+06   5.7128906e+01
   3.6460590e+06   4.7369385e+01
   3.6461080e+06   4.2846680e+01
   3.6461330e+06   4.9035645e+01
   3.6461850e+06   3.9276123e+01
   3.6462230e+06   4.6179199e+01
   3.6463850e+06   4.3084717e+01
   3.6712800e+06   4.3798828e+01
   3.6713250e+06   4.1180420e+01
   3.6714190e+06   5.5224609e+01
   3.6717210e+06   5.2368164e+01
   3.6720110e+06   4.2132568e+01
   3.6964870e+06   3.9276123e+01
   3.6965170e+06   5.6652832e+01
   3.6965350e+06   3.9514160e+01
   3.6965780e+06   4.0466309e+01
   3.6968440e+06   3.8562012e+01
   3.6968960e+06   3.9990234e+01
   3.6971890e+06   4.5465088e+01
   3.7258310e+06   4.1180420e+01
   3.7258740e+06   4.0228271e+01
   3.7259080e+06   3.9752197e+01
   3.7507890e+06   4.0704346e+01
   3.7508320e+06   4.1894531e+01
   3.7509000e+06   4.4036865e+01
   3.7514150e+06   3.8800049e+01
   3.7726190e+06   3.8800049e+01
   3.7958210e+06   4.7369385e+01
   3.7958840e+06   4.0466309e+01
   3.7960950e+06   3.9990234e+01
   3.7964340e+06   4.1656494e+01
   3.8071170e+06   4.8083496e+01
   3.8071420e+06   4.9511719e+01
   3.8071750e+06   4.2846680e+01
   3.8072070e+06   3.9752197e+01
   3.8072300e+06   4.8559570e+01
   3.8072960e+06   4.2846680e+01
   3.8074410e+06   3.9038086e+01
   3.8601540e+06   4.3560791e+01
   3.8601860e+06   3.9276123e+01
   3.8602140e+06   4.4750977e+01
   3.8809890e+06   4.5703125e+01
   3.9240560e+06   4.4750977e+01
   3.9240810e+06   4.1180420e+01
   3.9241270e+06   4.3322754e+01
   3.9243590e+06   3.9990234e+01
   3.9431380e+06   4.6893311e+01
   3.9559280e+06   3.8562012e+01
   3.9711110e+06   4.9273682e+01
   3.9718030e+06   4.3084717e+01
   3.9833510e+06   4.3322754e+01
   3.9833980e+06   3.8800049e+01
   3.9834900e+06   3.9038086e+01
   3.9835860e+06   4.1180420e+01
   3.9836250e+06   4.2370605e+01
   3.9836520e+06   4.2370605e+01
   3.9837100e+06   5.0701904e+01
   3.9837350e+06   3.9038086e+01
   3.9837810e+06   5.9033203e+01
   3.9838230e+06   4.1418457e+01
   3.9838510e+06   5.6176758e+01
   3.9838860e+06   4.1180420e+01
   3.9839310e+06   4.1656494e+01
   3.9937710e+06   5.3796387e+01
   3.9938620e+06   4.9273682e+01
   3.9940420e+06   4.0942383e+01
   3.9942040e+06   4.0704346e+01
   3.9943550e+06   3.9990234e+01
   3.9947710e+06   4.5703125e+01
   3.9952460e+06   3.9990234e+01
   4.0088710e+06   4.0704346e+01
   4.0089950e+06   4.6893311e+01
   4.0090800e+06   4.2608643e+01
   4.0091040e+06   5.1654053e+01
   4.0091610e+06   4.0942383e+01
   4.0092170e+06   3.9990234e+01
   4.0092850e+06   4.9273682e+01
   4.0093030e+06   4.1418457e+01
   4.0093580e+06   5.3082275e+01
   4.0094120e+06   4.4512939e+01
   4.0094300e+06   4.0704346e+01
   4.0095430e+06   4.4512939e+01
   4.0228070e+06   4.1180420e+01
   4.0230640e+06   4.0466309e+01
   4.0230940e+06   4.5227051e+01
   4.0231200e+06   5.7128906e+01
   4.0231970e+06   6.1889648e+01
   4.0232320e+06   4.5703125e+01
   4.0232800e+06   4.0942383e+01
   4.0233000e+06   3.9514160e+01
   4.0408520e+06   4.6179199e+01
   4.0409590e+06   3.9752197e+01
   4.0410320e+06   4.5703125e+01
   4.0411570e+06   3.9752197e+01
   4.0413940e+06   4.0942383e+01
   4.0509050e+06   4.2370605e+01
   4.0509460e+06   4.2132568e+01
   4.0510850e+06   4.9749756e+01
   4.0511190e+06   3.9038086e+01
   4.0516360e+06   3.9990234e+01
   4.0649870e+06   4.1180420e+01
   4.0651650e+06   4.0704346e+01
   4.0653990e+06   4.4036865e+01
   4.0658960e+06   3.9752197e+01
   4.0857880e+06   3.9514160e+01
   4.1134470e+06   3.8800049e+01
   4.1136730e+06   4.0228271e+01
   4.1137140e+06   4.1418457e+01
   4.1292460e+06   4.1418457e+01
   4.1294910e+06   4.4274902e+01
   4.1296930e+06   3.9752197e+01
   4.1380060e+06   3.8562012e+01
   4.1514000e+06   4.0228271e+01
   4.1515870e+06   4.8321533e+01
   4.1672890e+06   4.1894531e+01
   4.2454350e+06   4.2370605e+01
   4.2454600e+06   5.0463867e+01
   4.2457020e+06   4.0466309e+01
   4.2556290e+06   4.7607422e+01
   4.2784640e+06   4.1656494e+01
   4.2784930e+06   4.4750977e+01
   4.2787700e+06   3.9990234e+01
   4.2876540e+06   4.4512939e+01
   4.2877150e+06   3.9038086e+01
   4.2877300e+06   4.1656494e+01
   4.2980090e+06   4.0466309e+01
   4.2992050e+06   4.0228271e+01
   4.3003150e+06   3.9276123e+01
   4.3097570e+06   4.5227051e+01
   4.3098310e+06   4.3560791e+01
   4.3099520e+06   4.4274902e+01
   4.3100760e+06   4.4274902e+01
   4.3101470e+06   3.9276123e+01
   4.3246370e+06   4.0228271e+01
   4.3247120e+06   4.3798828e+01
   4.3251100e+06   4.8797607e+01
   4.3390170e+06   4.2370605e+01
   4.3391370e+06   4.2608643e+01
   4.3396450e+06   3.8562012e+01
   4.3398700e+06   3.9276123e+01
   4.3708890e+06   4.2132568e+01
   4.3740620e+06   4.6417236e+01
   4.3749670e+06   4.2132568e+01
   4.3782410e+06   3.9276123e+01
   4.3782810e+06   4.0228271e+01
   4.3783400e+06   4.2846680e+01
   4.3783860e+06   4.4036865e+01
   4.3880580e+06   5.5700684e+01
   4.3880690e+06   3.9038086e+01
   4.3880850e+06   3.9514160e+01
   4.3881280e+06   5.7366943e+01
   4.3882020e+06   3.9038086e+01
   4.3885600e+06   4.0228271e+01
   4.4258820e+06   4.8083496e+01
   4.4276370e+06   4.3798828e+01
   4.4332360e+06   3.9514160e+01
   4.4646040e+06   3.9038086e+01
   4.4681790e+06   5.6652832e+01
   4.4682510e+06   3.8800049e+01
   4.4853450e+06   4.6417236e+01
   4.4854330e+06   4.2132568e+01
   4.4858250e+06   4.8559570e+01
   4.5003580e+06   4.0704346e+01
   4.5084560e+06   4.3084717e+01
   4.5084790e+06   3.9990234e+01
   4.5085180e+06   3.9038086e+01
   4.5085340e+06   5.6414795e+01
   4.5085680e+06   4.3560791e+01
   4.5088810e+06   4.4512939e+01
   4.5097230e+06   3.8800049e+01
   4.5286460e+06   3.9514160e+01
   4.5287080e+06   4.0704346e+01
   4.5402590e+06   4.4512939e+01
   4.5403660e+06   3.8562012e+01
   4.5623830e+06   4.6417236e+01
   4.5631750e+06   4.1894531e+01
   4.5767410e+06   3.9038086e+01
   4.5767520e+06   3.9038086e+01
   4.5777690e+06   3.8800049e+01
   4.5924860e+06   5.9033203e+01
   4.6072490e+06   3.9752197e+01
   4.6072690e+06   4.7131348e+01
   4.6163270e+06   4.4512939e+01
   4.6163610e+06   4.4989014e+01
   4.6429050e+06   4.2370605e+01
   4.6429430e+06   3.9990234e+01
   4.6429650e+06   4.6893311e+01
   4.6429880e+06   4.3322754e+01
   4.6668700e+06   4.8083496e+01
   4.6668890e+06   4.0704346e+01
   4.6669140e+06   4.2608643e+01
   4.6669710e+06   4.3084717e+01
   4.6827450e+06   4.2846680e+01
   4.6827690e+06   4.1180420e+01
   4.6828200e+06   5.0225830e+01
   4.6829190e+06   3.9038086e+01
   4.6916670e+06   4.5227051e+01
   4.6917040e+06   5.6890869e+01
   4.7085840e+06   4.6179199e+01
   4.7219890e+06   4.5941162e+01
   4.7220280e+06   4.0942383e+01
   4.7220460e+06   3.8562012e+01
   4.7396320e+06   4.2846680e+01
   4.7450170e+06   4.6417236e+01
   4.7450400e+06   4.1180420e+01
   4.7451060e+06   4.1180420e+01
   4.7555770e+06   4.7131348e+01
   4.7556040e+06   4.4989014e+01
   4.7556220e+06   4.9987793e+01
   4.7557190e+06   4.2608643e+01
   4.7728370e+06   3.9514160e+01
   4.7787290e+06   3.9514160e+01
   4.7787790e+06   4.5703125e+01
   4.7791960e+06   4.4512939e+01
   4.7937970e+06   3.8562012e+01
   4.7938320e+06   5.2844238e+01
   4.7938870e+06   4.0466309e+01
   4.7939230e+06   5.1416016e+01
   4.7940020e+06   3.9990234e+01
   4.7940510e+06   5.6414795e+01
   4.7943450e+06   4.6655273e+01
   4.8108710e+06   4.9035645e+01
   4.8109730e+06   3.9990234e+01
   4.8110680e+06   4.7369385e+01
   4.8266470e+06   4.6179199e+01
   4.8266930e+06   4.8797607e+01
   4.8267620e+06   5.0225830e+01
   4.8268040e+06   3.9038086e+01
   4.8270100e+06   3.8562012e+01
   4.8544140e+06   4.0228271e+01
   4.8544560e+06   3.8562012e+01
   4.8544940e+06   4.1418457e+01
   4.8545380e+06   3.8800049e+01
   4.8546310e+06   3.8800049e+01
   4.8546690e+06   5.6414795e+01
   4.8546900e+06   3.9990234e+01
   4.8548110e+06   3.9990234e+01
   4.8880460e+06   4.1656494e+01
   4.8936420e+06   3.9990234e+01
   4.8938540e+06   4.0704346e+01
   4.9218310e+06   4.7845459e+01
   4.9419480e+06   4.4750977e+01
   4.9419610e+06   4.7131348e+01
   4.9420590e+06   4.8797607e+01
   4.9665090e+06   4.5227051e+01
   4.9665690e+06   4.4274902e+01
   4.9665940e+06   4.5941162e+01
   4.9820690e+06   4.5941162e+01
   4.9820920e+06   5.1892090e+01
   4.9821710e+06   4.6893311e+01
   4.9821900e+06   6.5222168e+01
   4.9822620e+06   5.0225830e+01
   4.9823700e+06   3.9752197e+01
   5.0087760e+06   4.7845459e+01
   5.0088400e+06   3.8800049e+01
   5.0102810e+06   4.1418457e+01
   5.0243960e+06   4.1656494e+01
   5.0244440e+06   5.1892090e+01
   5.0245640e+06   4.4274902e+01
   5.0248910e+06   3.8562012e+01
   5.0249620e+06   4.0704346e+01
   5.0511490e+06   4.1894531e+01
   5.0511620e+06   3.8800049e+01
   5.0519180e+06   4.0466309e+01
   5.0662710e+06   3.9752197e+01
   5.0663140e+06   4.2370605e+01
   5.0663270e+06   4.9273682e+01
   5.0664290e+06   5.0701904e+01
   5.0664600e+06   4.0466309e+01
   5.0880410e+06   4.3560791e+01
   5.0882450e+06   4.1180420e+01
   5.1032060e+06   3.9038086e+01
   5.1032280e+06   5.2130127e+01
   5.1032560e+06   3.9990234e+01
   5.1033300e+06   4.0942383e+01
   5.1036220e+06   3.9276123e+01
   5.1391950e+06   4.2846680e+01
   5.1392760e+06   4.9749756e+01
   5.1425320e+06   4.1894531e+01
   5.1531960e+06   4.6655273e+01
   5.1634570e+06   5.1654053e+01
   5.1641040e+06   3.9276123e+01
   5.1753390e+06   4.0704346e+01
   5.1827670e+06   4.4274902e+01
   5.1966700e+06   3.8562012e+01
   5.1972300e+06   3.9514160e+01
   5.2145790e+06   4.0942383e+01
   5.2146340e+06   4.1656494e+01
   5.2147240e+06   4.3560791e+01
   5.2288670e+06   3.9038086e+01
   5.2288990e+06   4.2132568e+01
   5.2289100e+06   4.9273682e+01
   5.2415720e+06   3.9990234e+01
   5.2415830e+06   5.2606201e+01
   5.2423320e+06   4.1180420e+01
   5.2529110e+06   4.1180420e+01
   5.2529250e+06   4.7845459e+01
   5.2531270e+06   3.9990234e+01
   5.2534490e+06   5.1416016e+01
   5.2652740e+06   4.1656494e+01
   5.2653000e+06   3.9514160e+01
   5.2775230e+06   5.2844238e+01
   5.2777070e+06   5.1416016e+01
   5.2779650e+06   4.0942383e+01
   5.2795180e+06   3.9752197e+01
   5.2818500e+06   4.4036865e+01
   5.2819100e+06   4.6655273e+01
   5.2990560e+06   3.9514160e+01
   5.2990710e+06   5.3796387e+01
   5.2990980e+06   3.8800049e+01
   5.2991190e+06   4.1418457e+01
   5.3219190e+06   4.4036865e+01
   5.3219620e+06   4.8321533e+01
   5.3220150e+06   4.2132568e+01
   5.3380510e+06   3.9514160e+01
   5.3381110e+06   6.4984131e+01
   5.3381300e+06   3.9276123e+01
   5.3381790e+06   3.8562012e+01
   5.3382010e+06   4.1180420e+01
   5.3529840e+06   4.8797607e+01
   5.3530940e+06   4.2608643e+01
   5.3666630e+06   3.9514160e+01
   5.3666970e+06   4.8559570e+01
   5.3672450e+06   4.1894531e+01
   5.3751060e+06   3.9990234e+01
   5.3751180e+06   4.7131348e+01
   5.3751580e+06   3.9038086e+01
   5.3751990e+06   5.0225830e+01
   5.3754570e+06   4.6655273e+01
   5.3904930e+06   5.0701904e+01
   5.3905620e+06   3.9752197e+01
   5.4035560e+06   4.4989014e+01
   5.4036020e+06   4.8797607e+01
   5.4036860e+06   5.2130127e+01
   5.4038860e+06   3.9990234e+01
   5.4040060e+06   3.9990234e+01
   5.4394080e+06   4.8559570e+01
   5.4513350e+06   3.8800049e+01
   5.4514020e+06   3.8562012e+01
   5.4522170e+06   3.8562012e+01
   5.4522640e+06   4.2370605e+01
   5.4660560e+06   3.9276123e+01
   5.4660840e+06   5.1654053e+01
   5.4691940e+06   3.9038086e+01
   5.4866930e+06   4.3798828e+01
   5.4867050e+06   3.9514160e+01
   5.4871080e+06   4.4989014e+01
   5.5067780e+06   3.8800049e+01
   5.5068040e+06   4.3084717e+01
   5.5068460e+06   4.0942383e+01
   5.5069180e+06   4.1894531e+01
   5.5070870e+06   3.9514160e+01
   5.5197810e+06   5.0939941e+01
   5.5198000e+06   4.4036865e+01
   5.5198660e+06   4.2370605e+01
   5.5199120e+06   4.8083496e+01
   5.5199330e+06   4.4036865e+01
   5.5200040e+06   3.9038086e+01
   5.5201620e+06   4.5703125e+01
   5.5201850e+06   4.1180420e+01
   5.5204310e+06   3.9752197e+01
   5.5355720e+06   4.4274902e+01
   5.5355920e+06   4.0704346e+01
   5.5358880e+06   4.5227051e+01
   5.5359120e+06   3.9514160e+01
   5.5359770e+06   4.0466309e+01
   5.5523470e+06   5.3796387e+01
   5.5523660e+06   4.4274902e+01
   5.5524300e+06   4.4274902e+01
   5.5524430e+06   4.9273682e+01
   5.5524590e+06   4.4512939e+01
   5.5525070e+06   4.4750977e+01
   5.5526900e+06   3.9752197e+01
   5.5528580e+06   4.3084717e+01
   5.5530090e+06   4.2132568e+01
   5.5831840e+06   4.4512939e+01
   5.5833010e+06   4.1180420e+01
   5.5834220e+06   4.1894531e+01
   5.5964710e+06   3.9514160e+01
   5.5967720e+06   4.5703125e+01
   5.5969810e+06   3.9752197e+01
   5.6142340e+06   3.9752197e+01
   5.6142500e+06   4.1180420e+01
   5.6142730e+06   4.3322754e+01
   5.6143510e+06   4.3322754e+01
   5.6150740e+06   3.9276123e+01
   5.6335670e+06   5.1654053e+01
   5.6336140e+06   4.4512939e+01
   5.6336280e+06   4.0704346e+01
   5.6336630e+06   3.9990234e+01
   5.6337980e+06   4.1180420e+01
   5.6547250e+06   3.8562012e+01
   5.6551740e+06   5.5700684e+01
   5.6803680e+06   3.9752197e+01
   5.7001280e+06   3.8800049e+01
   5.7157720e+06   4.0228271e+01
   5.7157930e+06   4.0704346e+01
   5.7158270e+06   5.3320313e+01
   5.7158420e+06   4.1894531e+01
   5.7158920e+06   3.9276123e+01
   5.7334620e+06   3.9276123e+01
   5.7481080e+06   5.4034424e+01
   5.7489990e+06   4.4750977e+01
   5.7500190e+06   3.9038086e+01
   5.7610290e+06   4.0704346e+01
   5.7707010e+06   4.0228271e+01
   5.7707420e+06   4.0466309e+01
   5.7707700e+06   4.0466309e+01
   5.7792490e+06   4.3560791e+01
   5.7793000e+06   4.2846680e+01
   5.7801500e+06   4.3560791e+01
   5.7908410e+06   4.7369385e+01
   5.7908550e+06   4.4512939e+01
   5.7908760e+06   5.4748535e+01
   5.7909030e+06   4.0704346e+01
   5.7909290e+06   4.5703125e+01
   5.7910560e+06   4.9511719e+01
   5.8351660e+06   3.8800049e+01
   5.8431080e+06   4.0704346e+01
   5.8431540e+06   5.5224609e+01
   5.8431920e+06   3.9276123e+01
   5.8432490e+06   4.1894531e+01
   5.8763470e+06   4.4036865e+01
   5.8763640e+06   3.8800049e+01
   5.8923850e+06   4.5465088e+01
   5.9000340e+06   3.9038086e+01
   5.9000770e+06   4.5465088e+01
   5.9012630e+06   4.2132568e+01
   5.9112840e+06   3.9276123e+01
   5.9276530e+06   4.3322754e+01
   5.9283070e+06   3.9276123e+01
   5.9427560e+06   3.8562012e+01
   5.9458390e+06   3.9038086e+01
   5.9543150e+06   4.1656494e+01
   5.9676850e+06   4.4512939e+01
   5.9778680e+06   5.1892090e+01
   5.9779440e+06   3.9514160e+01
   5.9866040e+06   4.2608643e+01
   5.9866590e+06   4.2608643e+01
   5.9870420e+06   4.0942383e+01
   6.0005690e+06   3.9514160e+01
   6.0005890e+06   4.2608643e+01
   6.0308100e+06   4.4036865e+01
   6.0313000e+06   3.9038086e+01
   6.0345720e+06   3.8562012e+01
   6.0345890e+06   4.5465088e+01
   6.0346150e+06   4.1180420e+01
   6.0346310e+06   4.3560791e+01
   6.0347560e+06   3.9990234e+01
   6.0349920e+06   4.0466309e+01
   6.0640510e+06   4.3798828e+01
   6.0640620e+06   4.4989014e+01
   6.0640830e+06   3.8562012e+01
   6.0641040e+06   6.4508057e+01
   6.0642160e+06   3.8562012e+01
   6.0741260e+06   4.3322754e+01
   6.0741620e+06   5.5224609e+01
   6.0864640e+06   3.9038086e+01
   6.0996610e+06   4.0942383e+01
   6.0996940e+06   4.1656494e+01
   6.0998080e+06   3.9514160e+01
   6.1008050e+06   3.9038086e+01
   6.1108220e+06   4.0942383e+01
   6.1109580e+06   4.3322754e+01
   6.1114880e+06   4.3798828e+01
   6.1256770e+06   3.9752197e+01
   6.1257100e+06   4.2608643e+01
   6.1257470e+06   5.2606201e+01
   6.1260340e+06   3.9038086e+01
   6.1420080e+06   3.8800049e+01
   6.1420850e+06   4.0942383e+01
   6.1421480e+06   3.9752197e+01
   6.1422560e+06   4.1418457e+01
   6.1653020e+06   4.0942383e+01
   6.1657320e+06   4.1418457e+01
   6.1765520e+06   4.9511719e+01
   6.1765750e+06   4.7369385e+01
   6.1765870e+06   4.2132568e+01
   6.1766210e+06   6.5698242e+01
   6.1766600e+06   4.7607422e+01
   6.1767060e+06   4.1656494e+01
   6.1769390e+06   5.9271240e+01
   6.1770050e+06   3.8562012e+01
   6.1770380e+06   4.1418457e+01
   6.1771090e+06   4.4989014e+01
   6.1771640e+06   4.5703125e+01
   6.1771870e+06   4.0942383e+01
   6.1772800e+06   3.9038086e+01
   6.1962220e+06   4.3084717e+01
   6.1973590e+06   4.3322754e+01
   6.1975130e+06   3.9038086e+01
   6.1976630e+06   4.2370605e+01
   6.1976800e+06   4.4989014e+01
   6.2081620e+06   4.0228271e+01
   6.2082370e+06   4.5465088e+01
   6.2086390e+06   3.9038086e+01
   6.2088140e+06   4.0228271e+01
   6.2210110e+06   4.0466309e+01
   6.2210400e+06   4.0228271e+01
   6.2211390e+06   3.9752197e+01
   6.2211530e+06   3.9276123e+01
   6.2335560e+06   5.0463867e+01
   6.2336110e+06   4.4512939e+01
   6.2337430e+06   4.4036865e+01
   6.2338460e+06   4.0228271e+01
   6.2510270e+06   5.3558350e+01
   6.2520430e+06   5.3558350e+01
   6.2603880e+06   4.4036865e+01
   6.2607540e+06   4.2846680e+01
   6.2702170e+06   4.1418457e+01
   6.2798380e+06   4.7607422e+01
   6.2798840e+06   5.2606201e+01
   6.2799070e+06   4.3798828e+01
   6.2800830e+06   3.9990234e+01
   6.2801510e+06   4.6655273e+01
   6.2801700e+06   4.2846680e+01
   6.2803580e+06   3.8562012e+01
   6.2806440e+06   3.8562012e+01
   6.2958020e+06   4.1418457e+01
   6.2958270e+06   4.9035645e+01
   6.2958420e+06   4.1180420e+01
   6.2958810e+06   4.7607422e+01
   6.2959380e+06   5.1892090e+01
   6.2959740e+06   4.0704346e+01
   6.2960600e+06   4.3322754e+01
   6.2961010e+06   3.9276123e+01
   6.2961520e+06   4.6655273e+01
   6.2962760e+06   4.7369385e+01
   6.2964480e+06   4.3798828e+01
   6.3149980e+06   4.1656494e+01
   6.3277830e+06   3.9514160e+01
   6.3278550e+06   5.1416016e+01
   6.3278670e+06   3.9514160e+01
   6.3280470e+06   4.7369385e+01
   6.3280870e+06   4.2132568e+01
   6.3434670e+06   3.8800049e+01
   6.3604270e+06   4.6179199e+01
   6.3606170e+06   3.8800049e+01
   6.3738950e+06   3.9990234e+01
   6.3746830e+06   4.5465088e+01
   6.3747190e+06   4.7131348e+01
   6.3811620e+06   4.1180420e+01
   6.3811830e+06   4.3084717e+01
   6.3811960e+06   6.4508057e+01
   6.3813060e+06   3.8800049e+01
   6.3814240e+06   4.1418457e+01
   6.3814930e+06   3.8562012e+01
   6.3815620e+06   4.0942383e+01
   6.3816520e+06   4.1180420e+01
   6.3816730e+06   4.0228271e+01
   6.4153450e+06   5.9033203e+01
   6.4155120e+06   3.9990234e+01
   6.4155660e+06   3.8800049e+01
   6.4156770e+06   4.9273682e+01
   6.4157110e+06   4.1656494e+01
   6.4158150e+06   4.3084717e+01
   6.4386480e+06   3.9990234e+01
   6.4387570e+06   5.1177979e+01
   6.4387920e+06   4.4036865e+01
   6.4388790e+06   3.8562012e+01
   6.4390580e+06   6.4746094e+01
   6.4602660e+06   5.5700684e+01
   6.4626230e+06   3.8800049e+01
   6.4877900e+06   4.0942383e+01
   6.4894060e+06   4.5941162e+01
   6.4894180e+06   5.2606201e+01
   6.4894410e+06   3.9752197e+01
   6.4894620e+06   4.6655273e+01
   6.4894950e+06   4.5941162e+01
   6.4899800e+06   4.4036865e+01
   6.5087540e+06   3.9514160e+01
   6.5087700e+06   4.7369385e+01
   6.5088040e+06   4.3560791e+01
   6.5088390e+06   4.0704346e+01
   6.5088540e+06   6.2127686e+01
   6.5088960e+06   4.1180420e+01
   6.5090030e+06   4.0228271e+01
   6.5090420e+06   3.8562012e+01
   6.5090870e+06   3.8562012e+01
   6.5093860e+06   4.5703125e+01
   6.5094870e+06   3.9276123e+01
   6.5095810e+06   4.4036865e+01
   6.5394450e+06   4.6893311e+01
   6.5396190e+06   3.9752197e+01
   6.5618970e+06   4.0228271e+01
   6.5622560e+06   4.8797607e+01
   6.5731590e+06   4.8559570e+01
   6.5732200e+06   4.3322754e+01
   6.5732600e+06   3.9752197e+01
   6.5734160e+06   5.0463867e+01
   6.5735760e+06   5.2130127e+01
   6.5877290e+06   5.7366943e+01
   6.5877680e+06   4.3560791e+01
   6.5878260e+06   4.1418457e+01
   6.5878930e+06   4.2132568e+01
   6.5879300e+06   4.8797607e+01
   6.5884110e+06   4.6893311e+01
   6.6090900e+06   3.9990234e+01
   6.6091300e+06   4.4274902e+01
   6.6091680e+06   4.3560791e+01
   6.6091990e+06   4.3084717e+01
   6.6092600e+06   3.9038086e+01
   6.6094520e+06   4.1656494e+01
   6.6094780e+06   4.3322754e+01
   6.6508840e+06   3.9752197e+01
   6.6660950e+06   4.3322754e+01
   6.6731700e+06   4.9511719e+01
   6.6732800e+06   4.3322754e+01
   6.6732970e+06   3.9514160e+01
   6.6735210e+06   4.2608643e+01
   6.6735460e+06   4.3798828e+01
   6.6736770e+06   5.0225830e+01
   6.6944570e+06   3.9752197e+01
   6.6944910e+06   5.5938721e+01
   6.6948330e+06   4.5227051e+01
   6.6949540e+06   4.1418457e+01
   6.7146680e+06   4.4750977e+01
   6.7178970e+06   4.1894531e+01
   6.7187620e+06   3.9038086e+01
   6.7344850e+06   5.0939941e+01
   6.7345070e+06   3.8562012e+01
   6.7567750e+06   4.7607422e+01
   6.7724090e+06   3.9990234e+01
   6.7835010e+06   4.3084717e+01
   6.7849850e+06   4.5941162e+01
   6.8066870e+06   4.9511719e+01
   6.8081400e+06   3.8562012e+01
   6.8083660e+06   4.5703125e+01
   6.8214520e+06   3.9990234e+01
   6.8230290e+06   4.4512939e+01
   6.8234220e+06   3.9990234e+01
   6.8315390e+06   4.1418457e+01
   6.8315790e+06   4.4750977e+01
   6.8316340e+06   4.4036865e+01
   6.8316740e+06   4.6179199e+01
   6.8476180e+06   3.9514160e+01
   6.8482870e+06   4.2608643e+01
   6.8556600e+06   3.9990234e+01
   6.8556740e+06   4.2370605e+01
   6.8557060e+06   5.6176758e+01
   6.8557820e+06   4.7845459e+01
   6.8791070e+06   4.2608643e+01
   6.8791240e+06   4.7369385e+01
   6.8791650e+06   5.1892090e+01
   6.8791870e+06   3.8800049e+01
   6.8926960e+06   4.2370605e+01
   6.8927120e+06   3.9038086e+01
   6.8932190e+06   4.3798828e+01
   6.8948320e+06   4.7845459e+01
   6.9135890e+06   3.9990234e+01
   6.9137660e+06   4.4274902e+01
   6.9241510e+06   4.2132568e+01
   6.9251340e+06   4.1894531e+01
   6.9252090e+06   4.2132568e+01
   6.9505890e+06   5.4034424e+01
   6.9507290e+06   4.0228271e+01
   6.9628650e+06   4.1180420e+01
   6.9628890e+06   5.4510498e+01
   6.9853940e+06   4.1180420e+01
   7.0019770e+06   4.3084717e+01
   7.0020040e+06   3.9990234e+01
   7.0020230e+06   3.8800049e+01
   7.0021390e+06   4.1656494e+01
   7.0023520e+06   4.6179199e+01
   7.0271780e+06   4.2608643e+01
   7.0272050e+06   5.1177979e+01
   7.0400550e+06   3.8562012e+01
   7.0506830e+06   3.9038086e+01
   7.0508100e+06   4.0228271e+01
   7.0664610e+06   5.3082275e+01
   7.0684460e+06   4.1180420e+01
   7.0694970e+06   3.9752197e+01
   7.0695560e+06   4.1418457e+01
   7.1037960e+06   3.9752197e+01
   7.1045160e+06   3.9276123e+01
   7.1045780e+06   4.2608643e+01
   7.1156310e+06   4.8559570e+01
   7.1156540e+06   5.4510498e+01
   7.1156750e+06   4.7845459e+01
   7.1157090e+06   5.1416016e+01
   7.1157690e+06   3.9038086e+01
   7.1157900e+06   4.3798828e+01
   7.1158250e+06   3.9514160e+01
   7.1158660e+06   4.1180420e+01
   7.1159010e+06   3.9514160e+01
   7.1159290e+06   4.6893311e+01
   7.1159660e+06   5.6176758e+01
   7.1159900e+06   5.7604980e+01
   7.1160140e+06   4.4274902e+01
   7.1160440e+06   5.3796387e+01
   7.1160700e+06   4.2608643e+01
   7.1346380e+06   4.6655273e+01
   7.1347120e+06   3.9276123e+01
   7.1347810e+06   6.0937500e+01
   7.1348020e+06   3.8800049e+01
   7.1348660e+06   5.6414795e+01
   7.1348870e+06   4.4036865e+01
   7.1349450e+06   4.1418457e+01
   7.1349750e+06   4.3084717e+01
   7.1350140e+06   4.0942383e+01
   7.1350900e+06   4.6179199e+01
   7.1555210e+06   4.3084717e+01
   7.1555780e+06   4.4512939e+01
   7.1556000e+06   4.3798828e+01
   7.1556440e+06   4.0704346e+01
   7.1557100e+06   4.0942383e+01
   7.1557320e+06   4.0228271e+01
   7.1558120e+06   3.9990234e+01
   7.1558260e+06   3.9276123e+01
   7.1558560e+06   4.6417236e+01
   7.1753600e+06   4.1656494e+01
   7.1753780e+06   4.5941162e+01
   7.1754020e+06   3.9990234e+01
   7.1754580e+06   4.4274902e+01
   7.1754730e+06   4.4036865e+01
   7.1754970e+06   4.0942383e+01
   7.1755400e+06   6.9030762e+01
   7.1755580e+06   4.2370605e+01
   7.1755890e+06   4.4512939e+01
   7.1756200e+06   4.5465088e+01
   7.1756720e+06   3.9514160e+01
   7.1757120e+06   4.9511719e+01
   7.1874400e+06   3.9990234e+01
   7.1874990e+06   4.6417236e+01
   7.1875350e+06   5.5700684e+01
   7.1875780e+06   4.0466309e+01
   7.1876190e+06   4.7845459e+01
   7.1876710e+06   4.9273682e+01
   7.1877370e+06   4.5465088e+01
   7.1877610e+06   4.7607422e+01
   7.1878150e+06   3.8562012e+01
   7.1878460e+06   4.1180420e+01
   7.1998590e+06   4.6179199e+01
   7.1999150e+06   4.4274902e+01
   7.1999270e+06   4.9749756e+01
   7.1999620e+06   4.2846680e+01
   7.1999920e+06   4.2846680e+01
   7.2000040e+06   4.2132568e+01
   7.2000400e+06   4.4036865e+01
   7.2000770e+06   4.7131348e+01
   7.2001100e+06   4.7369385e+01
   7.2001270e+06   4.0228271e+01
   7.2002070e+06   4.3084717e+01
   7.2002360e+06   4.6893311e+01
   7.2002760e+06   4.4989014e+01
   7.2092610e+06   4.1656494e+01
   7.2093090e+06   5.4986572e+01
   7.2093580e+06   4.1418457e+01
   7.2093980e+06   3.9038086e+01
   7.2094400e+06   4.6179199e+01
   7.2094920e+06   4.2132568e+01
   7.2095560e+06   3.8562012e+01
   7.2096620e+06   4.7369385e+01
   7.2227370e+06   6.3555908e+01
   7.2227730e+06   3.9990234e+01
   7.2229150e+06   4.5941162e+01
   7.2229390e+06   5.3558350e+01
   7.2364660e+06   4.9749756e+01
   7.2365270e+06   3.8800049e+01
   7.2365780e+06   4.0228271e+01
   7.2366050e+06   4.1418457e+01
   7.2366180e+06   5.6414795e+01
   7.2366580e+06   3.9276123e+01
   7.2366770e+06   4.4989014e+01
   7.2366990e+06   4.3084717e+01
   7.2367120e+06   4.2846680e+01
   7.2367400e+06   4.6893311e+01
   7.2368230e+06   4.4989014e+01
   7.2368580e+06   3.9514160e+01
   7.2480970e+06   4.3798828e+01
   7.2482030e+06   3.9990234e+01
   7.2482380e+06   3.8800049e+01
   7.2482860e+06   4.1180420e+01
   7.2483150e+06   3.9276123e+01
   7.2483470e+06   3.9514160e+01
   7.2483650e+06   4.8083496e+01
   7.2484280e+06   3.9990234e+01
   7.2484660e+06   4.1180420e+01
   7.2484990e+06   4.2846680e+01
   7.2651950e+06   4.1894531e+01
   7.2652450e+06   4.0942383e+01
   7.2654380e+06   4.9035645e+01
   7.2654970e+06   3.8800049e+01
   7.2655360e+06   4.0466309e+01
   7.2655720e+06   3.9514160e+01
   7.2751360e+06   3.9752197e+01
   7.2752950e+06   3.9990234e+01
   7.2753050e+06   4.1894531e+01
   7.2753690e+06   3.9276123e+01
   7.2753960e+06   4.6655273e+01
   7.2754520e+06   4.2370605e+01
   7.2755240e+06   4.0466309e+01
   7.2756070e+06   4.0466309e+01
   7.2756240e+06   4.2370605e+01
   7.2756920e+06   4.7131348e+01
   7.2936930e+06   4.1418457e+01
   7.2937230e+06   4.2608643e+01
   7.2937820e+06   4.4989014e+01
   7.2938710e+06   4.2132568e+01
   7.2938940e+06   3.9514160e+01
   7.2939740e+06   4.1894531e+01
   7.2940120e+06   4.5465088e+01
   7.2940370e+06   4.6417236e+01
   7.2941010e+06   3.8800049e+01
   7.2941440e+06   3.9038086e+01
   7.2941630e+06   4.3322754e+01
   7.2943150e+06   4.4274902e+01
   7.3073960e+06   3.9752197e+01
   7.3139860e+06   4.8321533e+01
   7.3140100e+06   6.0461426e+01
   7.3140620e+06   5.2844238e+01
   7.3140850e+06   4.0228271e+01
   7.3392080e+06   4.1656494e+01
   7.3393620e+06   3.9038086e+01
   7.3528470e+06   4.1894531e+01
   7.3529520e+06   3.9752197e+01
   7.3531350e+06   3.9038086e+01
   7.3750450e+06   4.7369385e+01
   7.3756310e+06   4.1894531e+01
   7.3838130e+06   4.0704346e+01
   7.3839300e+06   4.5941162e+01
   7.3840320e+06   4.2846680e+01
   7.4053740e+06   3.9038086e+01
   7.4272070e+06   3.9514160e+01
   7.4421110e+06   4.8083496e+01
   7.4421890e+06   4.4274902e+01
   7.4698520e+06   4.8083496e+01
   7.4846090e+06   3.9038086e+01
   7.4939220e+06   4.0466309e+01
   7.4939710e+06   3.9514160e+01
   7.4939910e+06   4.6417236e+01
   7.5119780e+06   4.6179199e+01
   7.5120320e+06   4.1180420e+01
   7.5121720e+06   3.9276123e+01
   7.5227240e+06   4.0228271e+01
   7.5228180e+06   5.2368164e+01
   7.5428630e+06   4.1656494e+01
   7.5428880e+06   4.0466309e+01
   7.5429050e+06   4.2370605e+01
   7.5429480e+06   3.9276123e+01
   7.5429630e+06   3.9752197e+01
   7.5430130e+06   3.8800049e+01
   7.5430340e+06   3.9514160e+01
   7.6124930e+06   4.8559570e+01
   7.6293240e+06   4.3798828e+01
   7.6470200e+06   5.0701904e+01
   7.6482910e+06   3.8562012e+01
   7.7006770e+06   3.9038086e+01
   7.7007070e+06   4.0228271e+01
   7.7007680e+06   3.8800049e+01
   7.7020500e+06   3.9752197e+01
   7.8090170e+06   4.6179199e+01
   7.8339630e+06   3.8562012e+01
   7.8346360e+06   3.9514160e+01
   7.8626570e+06   3.9038086e+01
   7.9758020e+06   4.3084717e+01
   7.9761230e+06   4.5703125e+01
   8.0353800e+06   3.9990234e+01
   8.0634850e+06   3.8800049e+01
   8.0646330e+06   4.0228271e+01
   8.0932070e+06   3.8800049e+01
   8.1634790e+06   4.8321533e+01
   8.1640060e+06   4.6893311e+01
   8.1721980e+06   3.8562012e+01
   8.1722630e+06   4.4989014e+01
   8.1722750e+06   3.8562012e+01
   8.1723110e+06   4.3560791e+01
   8.1723430e+06   4.9749756e+01
   8.1723780e+06   4.7607422e+01
   8.1723970e+06   4.1180420e+01
   8.1724360e+06   4.7369385e+01
   8.1724510e+06   4.8559570e+01
   8.1724790e+06   7.0697021e+01
   8.1724890e+06   4.5227051e+01
   8.1725620e+06   4.8083496e+01
   8.1725810e+06   3.8800049e+01
   8.1726280e+06   4.1656494e+01
   8.1726650e+06   4.5227051e+01
   8.1886610e+06   4.2132568e+01
   8.1887770e+06   5.5700684e+01
   8.1888020e+06   4.3560791e+01
   8.1888220e+06   5.5700684e+01
   8.1888620e+06   3.9038086e+01
   8.1888720e+06   4.2608643e+01
   8.1889020e+06   4.1894531e+01
   8.1889300e+06   5.0463867e+01
   8.1889850e+06   4.2608643e+01
   8.1890120e+06   4.5941162e+01
   8.2316010e+06   4.2132568e+01
   8.2316460e+06   4.9987793e+01
   8.2316820e+06   5.8557129e+01
   8.2316950e+06   5.4510498e+01
   8.2317360e+06   4.2608643e+01
   8.2317540e+06   6.7126465e+01
   8.2318010e+06   4.2608643e+01
   8.2318280e+06   4.5227051e+01
   8.2318410e+06   4.1418457e+01
   8.2318650e+06   4.0704346e+01
   8.2319070e+06   4.6417236e+01
   8.2319440e+06   3.9990234e+01
   8.2319600e+06   4.0466309e+01
   8.2324960e+06   4.0228271e+01
   8.2953500e+06   4.6417236e+01
   8.2955360e+06   4.6893311e+01
   8.2955690e+06   3.9990234e+01
   8.2955940e+06   4.0466309e+01
   8.2956230e+06   4.2132568e+01
   8.2956420e+06   6.8078613e+01
   8.2956560e+06   3.9752197e+01
   8.2956990e+06   4.4036865e+01
   8.2957340e+06   4.7845459e+01
   8.2957640e+06   4.1894531e+01
   8.2957790e+06   4.8797607e+01
   8.2958230e+06   4.9749756e+01
   8.2958530e+06   4.1656494e+01
   8.2959460e+06   3.9752197e+01
   8.3230460e+06   3.9990234e+01
   8.3230840e+06   4.8797607e+01
   8.3231320e+06   4.2132568e+01
   8.3231470e+06   3.8800049e+01
   8.3231700e+06   3.8800049e+01
   8.3232050e+06   4.0466309e+01
   8.3232520e+06   3.9276123e+01
   8.3232730e+06   5.0463867e+01
   8.3233060e+06   4.3322754e+01
   8.3233400e+06   5.4748535e+01
   8.3233530e+06   5.8081055e+01
   8.3233880e+06   3.9038086e+01
   8.3235140e+06   3.8562012e+01
   8.3469680e+06   3.9752197e+01
   8.3469810e+06   4.6179199e+01
   8.3469970e+06   3.9038086e+01
   8.3470670e+06   4.8559570e+01
   8.3470880e+06   4.8321533e+01
   8.3471580e+06   4.5941162e+01
   8.3471810e+06   4.4750977e+01
   8.3471930e+06   5.0225830e+01
   8.3472180e+06   4.2608643e+01
   8.3472570e+06   4.0942383e+01
   8.3615210e+06   4.2132568e+01
   8.3615770e+06   5.4510498e+01
   8.3616790e+06   4.5703125e+01
   8.3617040e+06   4.4750977e+01
   8.3617190e+06   4.4750977e+01
   8.3617580e+06   4.3084717e+01
   8.3619220e+06   4.0942383e+01
   8.3619540e+06   4.1180420e+01
   8.3619780e+06   4.9273682e+01
   8.3755970e+06   4.0466309e+01
   8.3756290e+06   4.1894531e+01
   8.3757220e+06   4.4512939e+01
   8.3757590e+06   3.9752197e+01
   8.3757850e+06   4.9035645e+01
   8.3758360e+06   4.3560791e+01
   8.3758500e+06   3.9038086e+01
   8.3758690e+06   5.1177979e+01
   8.3758880e+06   3.8562012e+01
   8.3759070e+06   4.5465088e+01
   8.3759830e+06   4.1180420e+01
   8.3759980e+06   4.4989014e+01
   8.3761180e+06   3.9038086e+01
   8.3885000e+06   4.3798828e+01
   8.3885840e+06   3.9752197e+01
   8.3886260e+06   4.2608643e+01
   8.3886500e+06   4.3798828e+01
   8.3887340e+06   4.0704346e+01
   8.3887590e+06   4.3798828e+01
   8.3887900e+06   4.0466309e+01
   8.3888320e+06   4.2370605e+01
   8.3888610e+06   3.9276123e+01
   8.3888800e+06   4.8321533e+01
   8.3889470e+06   5.6414795e+01
   8.3889670e+06   4.8797607e+01
   8.4006110e+06   5.7843018e+01
   8.4006930e+06   4.6179199e+01
   8.4007660e+06   4.2132568e+01
   8.4009270e+06   4.3322754e+01
   8.4153650e+06   4.4512939e+01
   8.4154200e+06   4.1418457e+01
   8.4155030e+06   3.9752197e+01
   8.4155180e+06   4.0704346e+01
   8.4155420e+06   4.5703125e+01
   8.4156120e+06   4.6179199e+01
   8.4156620e+06   3.9038086e+01
   8.4157430e+06   4.5941162e+01
   8.4157570e+06   4.6417236e+01
   8.4157890e+06   4.2370605e+01
   8.4158810e+06   3.8562012e+01
   8.4403950e+06   4.5941162e+01
   8.4404360e+06   5.2606201e+01
   8.4405510e+06   3.9514160e+01
   8.4406640e+06   4.0704346e+01
   8.4407370e+06   4.6893311e+01
   8.4409900e+06   4.2846680e+01
   8.4725980e+06   4.4750977e+01
   8.4727580e+06   4.3798828e+01
   8.4729850e+06   3.9514160e+01
   8.4730930e+06   5.0701904e+01
   8.4731270e+06   3.9752197e+01
   8.4732200e+06   4.4036865e+01
   8.4844390e+06   5.3320313e+01
   8.4846030e+06   5.1416016e+01
   8.5081300e+06   4.1894531e+01
   8.5081700e+06   4.0942383e+01
   8.5087600e+06   4.0942383e+01
   8.5222330e+06   3.9990234e+01
   8.5361190e+06   4.3798828e+01
   8.5361920e+06   4.3322754e+01
   8.5367810e+06   4.3798828e+01
   8.5518250e+06   4.7369385e+01
   8.5663270e+06   4.8559570e+01
   8.5663840e+06   4.4989014e+01
   8.5668360e+06   3.9514160e+01
   8.5785030e+06   5.0463867e+01
   8.5791530e+06   4.0228271e+01
   8.6024620e+06   3.8800049e+01
   8.6344850e+06   4.2608643e+01
   8.6346330e+06   3.9276123e+01
   8.6352020e+06   3.9038086e+01
   8.6353020e+06   4.6179199e+01
   8.6453590e+06   4.4512939e+01
   8.6598450e+06   3.9990234e+01
   8.6714210e+06   4.2370605e+01
   8.6729240e+06   4.3322754e+01
   8.6960020e+06   4.9987793e+01
   8.6960700e+06   4.0704346e+01
   8.7224280e+06   4.6417236e+01
   8.7224500e+06   3.9514160e+01
   8.7225020e+06   4.4036865e+01
   8.7225800e+06   4.5227051e+01
   8.7232460e+06   4.0942383e+01
   8.7232890e+06   4.3084717e+01
   8.7717980e+06   3.9038086e+01
   8.7721580e+06   4.1180420e+01
   8.7847330e+06   4.2370605e+01
   8.7847730e+06   4.4989014e+01
   8.7856660e+06   3.8562012e+01
   8.7989730e+06   3.9276123e+01
   8.7990090e+06   4.0228271e+01
   8.7994220e+06   4.4036865e+01
   8.7999650e+06   4.0704346e+01
   8.8005700e+06   4.1418457e+01
   8.8100020e+06   4.1180420e+01
   8.8175500e+06   4.1894531e+01
   8.8384400e+06   3.9038086e+01
   8.8449500e+06   4.0942383e+01
   8.8723970e+06   4.1656494e+01
   8.8724280e+06   6.5460205e+01
   8.8724780e+06   3.9990234e+01
   8.8725380e+06   4.5703125e+01
   8.8726810e+06   4.4036865e+01
   8.8729780e+06   3.9276123e+01
   8.8886160e+06   5.0225830e+01
   8.8898060e+06   4.4036865e+01
   8.8904020e+06   3.9514160e+01
   8.9018050e+06   4.0228271e+01
   8.9092280e+06   4.8083496e+01
   8.9270570e+06   3.8800049e+01
   8.9326890e+06   6.1175537e+01
   8.9327300e+06   4.0942383e+01
   8.9338180e+06   3.9514160e+01
   8.9645430e+06   4.3560791e+01
   8.9645550e+06   4.3322754e+01
   8.9645750e+06   4.4274902e+01
   8.9647980e+06   4.5465088e+01
   8.9650250e+06   3.8562012e+01
   8.9653080e+06   4.0466309e+01
   8.9920500e+06   3.8800049e+01
   9.0026680e+06   4.3084717e+01
   9.0128100e+06   5.2368164e+01
   9.0302270e+06   4.3084717e+01
   9.0303030e+06   4.4989014e+01
   9.0309260e+06   3.8562012e+01
   9.0309690e+06   4.0704346e+01
   9.0430260e+06   4.4036865e+01
   9.0545580e+06   3.8800049e+01
   9.0546380e+06   3.9276123e+01
   9.0658780e+06   5.0225830e+01
   9.0660750e+06   3.8800049e+01
   9.0663080e+06   4.1894531e+01
   9.0663400e+06   4.1180420e+01
   9.0666920e+06   3.8800049e+01
   9.1011380e+06   3.9276123e+01
   9.1011660e+06   3.9990234e+01
   9.1011920e+06   3.9038086e+01
   9.1013110e+06   4.1418457e+01
   9.1016330e+06   4.6655273e+01
   9.1017940e+06   4.0466309e+01
   9.1429940e+06   4.9749756e+01
   9.1430370e+06   5.1654053e+01
   9.1431370e+06   5.0225830e+01
   9.1433360e+06   4.1656494e+01
   9.1433750e+06   4.6893311e+01
   9.1435630e+06   4.9273682e+01
   9.2005710e+06   7.1173096e+01
   9.2006100e+06   4.0228271e+01
   9.2007100e+06   3.9514160e+01
   9.2010460e+06   4.0942383e+01
   9.2442270e+06   4.7131348e+01
   9.2442570e+06   3.9514160e+01
   9.2443250e+06   4.4274902e+01
   9.2443700e+06   4.6655273e+01
   9.2448270e+06   4.5703125e+01
   9.2797390e+06   4.4512939e+01
   9.2891690e+06   4.5227051e+01
   9.2892450e+06   4.7845459e+01
   9.2892850e+06   4.4274902e+01
   9.2894040e+06   4.1418457e+01
   9.2896330e+06   4.8083496e+01
   9.3112240e+06   4.4036865e+01
   9.3114420e+06   3.8800049e+01
   9.3245520e+06   4.0704346e+01
   9.3245690e+06   4.1894531e+01
   9.3246160e+06   4.4989014e+01
   9.3246750e+06   4.2608643e+01
   9.3248300e+06   4.3084717e+01
   9.3539930e+06   4.9749756e+01
   9.3540170e+06   3.8800049e+01
   9.3540540e+06   3.9990234e+01
   9.3541750e+06   4.2132568e+01
   9.3542320e+06   4.8083496e+01
   9.3543840e+06   4.4989014e+01
   9.3546720e+06   3.8800049e+01
   9.3855370e+06   4.0942383e+01
   9.3856190e+06   4.0228271e+01
   9.4003720e+06   3.9038086e+01
   9.4003920e+06   4.6417236e+01
   9.4004460e+06   4.3084717e+01
   9.4004660e+06   4.1180420e+01
   9.4004820e+06   4.0942383e+01
   9.4005330e+06   3.9038086e+01
   9.4006810e+06   4.5703125e+01
   9.4008870e+06   4.1656494e+01
   9.4010040e+06   4.1656494e+01
   9.4281190e+06   4.1418457e+01
   9.4559190e+06   3.9276123e+01
   9.4559380e+06   4.9035645e+01
   9.4559610e+06   4.1894531e+01
   9.4559850e+06   4.0466309e+01
   9.4560030e+06   4.4036865e+01
   9.4560530e+06   5.3082275e+01
   9.4562460e+06   3.9038086e+01
   9.4564850e+06   4.4512939e+01
   9.4832000e+06   3.8562012e+01
   9.5000320e+06   4.4274902e+01
   9.5001550e+06   4.0466309e+01
   9.5283140e+06   4.1180420e+01
   9.5441570e+06   4.2846680e+01
   9.5441840e+06   5.4510498e+01
   9.5442020e+06   3.9038086e+01
   9.5442660e+06   3.8562012e+01
   9.5444060e+06   4.1656494e+01
   9.5444200e+06   3.9990234e+01
   9.5444940e+06   4.1894531e+01
   9.5796840e+06   4.0704346e+01
   9.5924970e+06   5.2368164e+01
   9.6440630e+06   4.5465088e+01
   9.6454020e+06   3.8562012e+01
   9.6454700e+06   3.8562012e+01
   9.6732240e+06   4.0466309e+01
   9.6734680e+06   4.2846680e+01
   9.6734890e+06   4.1418457e+01
   9.6737420e+06   4.5465088e+01
   9.6892930e+06   4.1656494e+01
   9.7225780e+06   3.9276123e+01
   9.7237460e+06   4.2370605e+01
   9.7237700e+06   3.9038086e+01
   9.7377810e+06   3.9038086e+01
   9.7383680e+06   4.1418457e+01
   9.7383780e+06   4.3560791e+01
   9.7574010e+06   4.2608643e+01
   9.7574220e+06   4.3084717e+01
   9.7813470e+06   4.0228271e+01
   9.7813690e+06   3.8562012e+01
   9.7820950e+06   4.9273682e+01
   9.7908970e+06   4.5465088e+01
   9.7910150e+06   4.3084717e+01
   9.8071890e+06   4.0704346e+01
   9.8073180e+06   3.8800049e+01
   9.8073730e+06   4.6417236e+01
   9.8074850e+06   4.2132568e+01
   9.8076720e+06   4.3322754e+01
   9.8196340e+06   4.0704346e+01
   9.8196620e+06   3.9514160e+01
   9.8198610e+06   4.0466309e+01
   9.8271560e+06   4.0228271e+01
   9.8271910e+06   4.2846680e+01
   9.8272650e+06   4.4036865e+01
   9.8273130e+06   4.0704346e+01
   9.8274370e+06   3.9752197e+01
   9.9028530e+06   4.2846680e+01
   9.9038340e+06   3.9752197e+01
   9.9161890e+06   4.0228271e+01
   9.9225100e+06   4.6417236e+01
   9.9225320e+06   4.7369385e+01
   9.9226060e+06   3.9038086e+01
   9.9637290e+06   5.0463867e+01
   9.9639290e+06   4.1656494e+01
   9.9639630e+06   3.9514160e+01
   9.9641780e+06   3.8562012e+01
   9.9643040e+06   4.4512939e+01
   9.9807340e+06   3.9752197e+01
   9.9807820e+06   3.9990234e+01
   9.9809280e+06   4.1180420e+01
   9.9811130e+06   4.1180420e+01
   9.9987140e+06   4.3798828e+01
   9.9987990e+06   4.6893311e+01
   9.9988290e+06   3.9990234e+01
   9.9989320e+06   4.7607422e+01
   9.9990460e+06   4.0942383e+01
   1.0022301e+07   3.8800049e+01
   1.0022313e+07   3.9514160e+01
   1.0022413e+07   4.5941162e+01
   1.0022491e+07   4.7131348e+01
   1.0022571e+07   4.5941162e+01
   1.0022780e+07   4.4274902e+01
   1.0050476e+07   4.3322754e+01
   1.0050561e+07   4.7131348e+01
   1.0050645e+07   4.4750977e+01
   1.0050697e+07   4.3560791e+01
   1.0050772e+07   3.9752197e+01
   1.0051008e+07   4.3084717e+01
   1.0073167e+07   3.8562012e+01
   1.0073213e+07   4.4512939e+01
   1.0073335e+07   3.9514160e+01
   1.0073872e+07   3.9276123e+01
   1.0094490e+07   4.1418457e+01
   1.0094500e+07   4.4750977e+01
   1.0094519e+07   4.6417236e+01
   1.0094542e+07   3.9276123e+01
   1.0094744e+07   3.9276123e+01
   1.0124950e+07   4.0466309e+01
   1.0140117e+07   3.9038086e+01
   1.0140149e+07   4.0228271e+01
   1.0140583e+07   4.6655273e+01
   1.0186103e+07   4.4750977e+01
   1.0212378e+07   4.3084717e+01
   1.0212433e+07   4.8559570e+01
   1.0231849e+07   4.1418457e+01
   1.0231910e+07   4.3798828e+01
   1.0245944e+07   4.1656494e+01
   1.0246637e+07   5.0463867e+01
   1.0273990e+07   3.9990234e+01
   1.0295537e+07   4.2132568e+01
   1.0330972e+07   4.2132568e+01
   1.0341067e+07   4.3322754e+01
   1.0341087e+07   3.8562012e+01
   1.0368467e+07   4.3798828e+01
   1.0383315e+07   4.3798828e+01
   1.0396911e+07   4.4274902e+01
   1.0412080e+07   3.9276123e+01
   1.0419858e+07   4.0228271e+01
   1.0419898e+07   4.2132568e+01
   1.0419969e+07   4.4036865e+01
   1.0420072e+07   4.0228271e+01
   1.0420099e+07   4.0228271e+01
   1.0420146e+07   3.9038086e+01
   1.0420175e+07   4.3322754e+01
   1.0420235e+07   4.0704346e+01
   1.0420266e+07   5.5938721e+01
   1.0420300e+07   4.8083496e+01
   1.0420325e+07   5.9033203e+01
   1.0420336e+07   5.8319092e+01
   1.0420408e+07   4.3798828e+01
   1.0420436e+07   4.0704346e+01
   1.0420601e+07   3.9990234e+01
   1.0453489e+07   4.1180420e+01
   1.0453500e+07   4.7607422e+01
   1.0453602e+07   3.8562012e+01
   1.0453633e+07   4.7845459e+01
   1.0453675e+07   4.3084717e+01
   1.0453706e+07   5.0225830e+01
   1.0453728e+07   3.9990234e+01
   1.0453747e+07   3.9514160e+01
   1.0453791e+07   4.0228271e+01
   1.0453823e+07   5.9747314e+01
   1.0453850e+07   3.9990234e+01
   1.0453921e+07   4.0228271e+01
   1.0453948e+07   4.7131348e+01
   1.0453978e+07   4.4512939e+01
   1.0454216e+07   4.0466309e+01
   1.0465677e+07   3.8800049e+01
   1.0465697e+07   4.0228271e+01
   1.0465767e+07   4.9273682e+01
   1.0465837e+07   4.5703125e+01
   1.0465855e+07   3.9276123e+01
   1.0465916e+07   5.0939941e+01
   1.0465939e+07   5.0701904e+01
   1.0465972e+07   5.0225830e+01
   1.0483773e+07   4.2608643e+01
   1.0483827e+07   4.5941162e+01
   1.0483852e+07   4.6179199e+01
   1.0483889e+07   4.1180420e+01
   1.0483920e+07   5.2368164e+01
   1.0483959e+07   4.3560791e+01
   1.0483987e+07   3.9514160e+01
   1.0484028e+07   3.9514160e+01
   1.0484040e+07   4.3084717e+01
   1.0484063e+07   4.2132568e+01
   1.0484075e+07   4.7607422e+01
   1.0484100e+07   3.8800049e+01
   1.0484165e+07   3.8800049e+01
   1.0484247e+07   3.9990234e+01
   1.0497022e+07   4.4274902e+01
   1.0497140e+07   3.8562012e+01
   1.0497168e+07   4.2608643e+01
   1.0497188e+07   5.8557129e+01
   1.0497252e+07   4.9749756e+01
   1.0497280e+07   5.7604980e+01
   1.0497327e+07   4.2132568e+01
   1.0497359e+07   4.4750977e+01
   1.0497377e+07   5.7128906e+01
   1.0497412e+07   4.5941162e+01
   1.0497434e+07   4.2608643e+01
   1.0507563e+07   3.8562012e+01
   1.0507590e+07   3.9752197e+01
   1.0507687e+07   4.7131348e+01
   1.0507710e+07   4.2846680e+01
   1.0507728e+07   3.9038086e+01
   1.0507750e+07   5.1892090e+01
   1.0507769e+07   4.0942383e+01
   1.0507795e+07   4.3322754e+01
   1.0507832e+07   5.0701904e+01
   1.0507871e+07   4.1418457e+01
   1.0507889e+07   4.3084717e+01
   1.0507928e+07   3.9038086e+01
   1.0507955e+07   4.2370605e+01
   1.0526047e+07   5.4034424e+01
   1.0526067e+07   4.4750977e+01
   1.0526106e+07   4.7845459e+01
   1.0526132e+07   4.8797607e+01
   1.0526204e+07   3.9990234e+01
   1.0526216e+07   4.3322754e+01
   1.0526229e+07   5.9985352e+01
   1.0526248e+07   3.9752197e+01
   1.0526299e+07   4.8797607e+01
   1.0526353e+07   4.3560791e+01
   1.0526366e+07   4.4274902e+01
   1.0526404e+07   4.0466309e+01
   1.0535127e+07   4.4750977e+01
   1.0535249e+07   4.9749756e+01
   1.0535282e+07   4.1656494e+01
   1.0535295e+07   3.9752197e+01
   1.0535328e+07   4.1180420e+01
   1.0535350e+07   5.2368164e+01
   1.0535466e+07   4.0228271e+01
   1.0549663e+07   4.8083496e+01
   1.0549791e+07   4.5465088e+01
   1.0549928e+07   4.0466309e+01
   1.0549954e+07   4.5465088e+01
   1.0550009e+07   4.0228271e+01
   1.0550068e+07   4.6893311e+01
   1.0563141e+07   6.9506836e+01
   1.0563235e+07   4.3084717e+01
   1.0563324e+07   3.9276123e+01
   1.0563356e+07   4.2608643e+01
   1.0563414e+07   4.2846680e+01
   1.0563489e+07   4.1894531e+01
   1.0563526e+07   4.7131348e+01
   1.0563589e+07   3.9514160e+01
   1.0563657e+07   3.9038086e+01
   1.0593149e+07   6.0223389e+01
   1.0593184e+07   4.5941162e+01
   1.0593231e+07   4.0942383e+01
   1.0593271e+07   5.5938721e+01
   1.0593300e+07   5.5938721e+01
   1.0593318e+07   3.8562012e+01
   1.0593349e+07   4.6893311e+01
   1.0593386e+07   4.1656494e+01
   1.0593402e+07   4.6179199e+01
   1.0593443e+07   5.1177979e+01
   1.0593486e+07   4.4750977e+01
   1.0593501e+07   3.8562012e+01
   1.0593521e+07   4.7845459e+01
   1.0608399e+07   4.7845459e+01
   1.0608483e+07   3.9990234e+01
   1.0608539e+07   4.3084717e+01
   1.0608595e+07   4.3560791e+01
   1.0608633e+07   4.1656494e+01
   1.0608661e+07   4.1656494e+01
   1.0608679e+07   4.8083496e+01
   1.0608734e+07   4.7131348e+01
   1.0608784e+07   5.0225830e+01
   1.0608829e+07   4.7607422e+01
   1.0608897e+07   3.9276123e+01
   1.0608909e+07   4.0466309e+01
   1.0608983e+07   3.8800049e+01
   1.0609061e+07   3.8800049e+01
   1.0624195e+07   4.0942383e+01
   1.0624352e+07   4.1180420e+01
   1.0624427e+07   4.2132568e+01
   1.0624460e+07   3.9990234e+01
   1.0624556e+07   4.9987793e+01
   1.0624587e+07   4.0942383e+01
   1.0624632e+07   3.9752197e+01
   1.0624671e+07   4.0704346e+01
   1.0624754e+07   4.7131348e+01
   1.0624769e+07   4.0228271e+01
   1.0624888e+07   5.4034424e+01
   1.0646129e+07   3.9276123e+01
   1.0646215e+07   4.1656494e+01
   1.0646242e+07   4.3560791e+01
   1.0646350e+07   3.9752197e+01
   1.0646367e+07   3.8800049e+01
   1.0646443e+07   3.9514160e+01
   1.0646453e+07   6.8792725e+01
   1.0646474e+07   6.2365723e+01
   1.0646505e+07   3.9752197e+01
   1.0646538e+07   3.9990234e+01
   1.0646634e+07   3.8562012e+01
   1.0646668e+07   5.2606201e+01
   1.0663257e+07   3.9276123e+01
   1.0663643e+07   4.0228271e+01
   1.0671252e+07   4.7369385e+01
   1.0671535e+07   4.4036865e+01
   1.0671875e+07   3.9038086e+01
   1.0690217e+07   4.3322754e+01
   1.0695167e+07   4.3322754e+01
   1.0695465e+07   3.9990234e+01
   1.0708205e+07   3.9990234e+01
   1.0708300e+07   4.0228271e+01
   1.0708324e+07   4.5465088e+01
   1.0708446e+07   4.1894531e+01
   1.0723202e+07   4.8559570e+01
   1.0723323e+07   4.2132568e+01
   1.0723670e+07   3.9276123e+01
   1.0735575e+07   4.9749756e+01
   1.0735624e+07   3.9990234e+01
   1.0735637e+07   4.4989014e+01
   1.0753742e+07   4.0942383e+01
   1.0767191e+07   5.5700684e+01
   1.0767239e+07   4.3798828e+01
   1.0785015e+07   4.3798828e+01
   1.0791666e+07   4.5703125e+01
   1.0791699e+07   3.9990234e+01
   1.0802521e+07   4.0942383e+01
   1.0803230e+07   4.1418457e+01
   1.0816058e+07   4.2370605e+01
   1.0831408e+07   4.2132568e+01
   1.0833247e+07   3.9276123e+01
   1.0862361e+07   5.0463867e+01
   1.0863168e+07   4.8083496e+01
   1.0876293e+07   5.7604980e+01
   1.0876393e+07   3.9038086e+01
   1.0876464e+07   4.1418457e+01
   1.0876651e+07   4.6893311e+01
   1.0877005e+07   3.9276123e+01
   1.0899719e+07   4.5227051e+01
   1.0918016e+07   4.1656494e+01
   1.0934377e+07   4.4750977e+01
   1.0934429e+07   3.9990234e+01
   1.0934463e+07   4.1418457e+01
   1.0934640e+07   3.9038086e+01
   1.0934695e+07   4.0466309e+01
   1.0934820e+07   3.8800049e+01
   1.0934997e+07   4.1656494e+01
   1.0953904e+07   4.2846680e+01
   1.0953925e+07   3.8562012e+01
   1.0953952e+07   3.8562012e+01
   1.0954191e+07   3.8800049e+01
   1.0955180e+07   4.1894531e+01
   1.0972575e+07   4.2132568e+01
   1.0998606e+07   4.4036865e+01
   1.0998730e+07   4.2370605e+01
   1.1022185e+07   3.9038086e+01
   1.1022199e+07   4.2370605e+01
   1.1022357e+07   4.4512939e+01
   1.1022576e+07   3.8562012e+01
   1.1040605e+07   3.9514160e+01
   1.1129951e+07   4.1894531e+01
   1.1365760e+07   4.3322754e+01
   1.1367312e+07   4.3560791e+01
   1.1369561e+07   3.9038086e+01
   1.1397531e+07   4.2846680e+01
   1.1446538e+07   3.9752197e+01
   1.1446727e+07   4.4036865e+01
   1.1601506e+07   3.8562012e+01
   1.1622440e+07   3.8800049e+01
   1.1671736e+07   4.0942383e+01
   1.1766346e+07   4.7607422e+01
   1.1766969e+07   4.2132568e+01
   1.1767125e+07   4.1656494e+01
   1.1767490e+07   4.5941162e+01
   1.1767526e+07   4.1418457e+01
   1.1767792e+07   4.6893311e+01
   1.1767861e+07   4.0466309e+01
   1.1767886e+07   5.9033203e+01
   1.1767937e+07   4.1894531e+01
   1.1767947e+07   5.3082275e+01
   1.1767995e+07   4.5941162e+01
   1.1768011e+07   4.2132568e+01
   1.1809350e+07   4.1894531e+01
   1.1809428e+07   5.4986572e+01
   1.1809454e+07   5.2368164e+01
   1.1809473e+07   4.5703125e+01
   1.1809495e+07   4.7607422e+01
   1.1809510e+07   4.5465088e+01
   1.1809537e+07   5.4986572e+01
   1.1809562e+07   4.3084717e+01
   1.1809577e+07   6.8078613e+01
   1.1809590e+07   4.1894531e+01
   1.1809617e+07   5.9033203e+01
   1.1809668e+07   4.2132568e+01
   1.1809799e+07   4.1656494e+01
   1.1810101e+07   3.9990234e+01
   1.1810544e+07   3.8800049e+01
   1.1810787e+07   4.1418457e+01
   1.1824396e+07   4.8083496e+01
   1.1824463e+07   3.9276123e+01
   1.1824490e+07   5.3082275e+01
   1.1824529e+07   3.8562012e+01
   1.1824563e+07   4.6893311e+01
   1.1824595e+07   4.2370605e+01
   1.1824632e+07   5.3558350e+01
   1.1824756e+07   4.0704346e+01
   1.1841717e+07   4.0466309e+01
   1.1841858e+07   4.6893311e+01
   1.1841879e+07   4.1180420e+01
   1.1841927e+07   3.9514160e+01
   1.1841941e+07   3.9276123e+01
   1.1841960e+07   4.7131348e+01
   1.1842032e+07   4.9035645e+01
   1.1842076e+07   4.9749756e+01
   1.1842090e+07   4.0466309e+01
   1.1842784e+07   3.9038086e+01
   1.1856987e+07   4.7131348e+01
   1.1857077e+07   4.1894531e+01
   1.1857090e+07   5.0225830e+01
   1.1857119e+07   4.3798828e+01
   1.1857177e+07   4.2608643e+01
   1.1857228e+07   4.7369385e+01
   1.1857242e+07   3.9038086e+01
   1.1857285e+07   3.9990234e+01
   1.1872372e+07   5.0463867e+01
   1.1872432e+07   3.9752197e+01
   1.1872455e+07   4.1180420e+01
   1.1872474e+07   5.0225830e+01
   1.1872549e+07   4.7845459e+01
   1.1872575e+07   4.2132568e+01
   1.1872658e+07   4.4512939e+01
   1.1872686e+07   4.4750977e+01
   1.1872720e+07   4.4989014e+01
   1.1884826e+07   4.7369385e+01
   1.1884881e+07   4.9987793e+01
   1.1884984e+07   4.6655273e+01
   1.1885014e+07   4.4750977e+01
   1.1885030e+07   4.1418457e+01
   1.1885094e+07   3.9038086e+01
   1.1898040e+07   4.2846680e+01
   1.1898073e+07   6.7364502e+01
   1.1898109e+07   4.6179199e+01
   1.1898122e+07   4.6893311e+01
   1.1898218e+07   4.0228271e+01
   1.1898275e+07   4.4036865e+01
   1.1898310e+07   4.1656494e+01
   1.1898405e+07   4.4512939e+01
   1.1919609e+07   4.1894531e+01
   1.1919720e+07   4.0228271e+01
   1.1919803e+07   3.9038086e+01
   1.1919825e+07   4.0704346e+01
   1.1919845e+07   4.1418457e+01
   1.1919886e+07   5.8319092e+01
   1.1919947e+07   4.3322754e+01
   1.1919982e+07   3.9038086e+01
   1.1920005e+07   4.5941162e+01
   1.1920032e+07   4.3322754e+01
   1.1920106e+07   3.9752197e+01
   1.1943029e+07   4.2132568e+01
   1.1943310e+07   4.1418457e+01
   1.1943347e+07   3.9038086e+01
   1.1943364e+07   4.2132568e+01
   1.1943397e+07   4.6655273e+01
   1.1943420e+07   3.9752197e+01
   1.1943448e+07   4.2132568e+01
   1.1943481e+07   4.7131348e+01
   1.1943541e+07   4.0466309e+01
   1.1943576e+07   5.6176758e+01
   1.1943712e+07   4.1656494e+01
   1.1956814e+07   4.2370605e+01
   1.1956937e+07   4.6417236e+01
   1.1957005e+07   4.1180420e+01
   1.1957146e+07   3.9990234e+01
   1.1957168e+07   4.6179199e+01
   1.1957272e+07   3.9752197e+01
   1.1957299e+07   4.0704346e+01
   1.1957381e+07   4.2370605e+01
   1.1971047e+07   3.8800049e+01
   1.1971082e+07   4.0466309e+01
   1.1971344e+07   3.9752197e+01
   1.1971441e+07   4.6179199e+01
   1.1988590e+07   3.9514160e+01
