   1.1999000e+07   0.0000000e+00
   1.9699000e+04   4.4274902e+01
   2.9870000e+04   3.8800049e+01
   6.3839000e+04   4.7131348e+01
   8.0559000e+04   3.9276123e+01
   8.0578000e+04   3.8800049e+01
   8.0622000e+04   4.4512939e+01
   8.0634000e+04   4.7369385e+01
   1.0363500e+05   3.9990234e+01
   1.0364600e+05   3.9276123e+01
   1.0368600e+05   4.4036865e+01
   1.0372600e+05   3.7847900e+01
   1.2268800e+05   4.1656494e+01
   1.2274900e+05   4.4989014e+01
   1.4357400e+05   4.1894531e+01
   1.4361300e+05   5.2130127e+01
   1.4365500e+05   3.9752197e+01
   1.4367800e+05   4.2370605e+01
   1.4369500e+05   4.2608643e+01
   1.5455800e+05   4.3798828e+01
   1.5458100e+05   3.9038086e+01
   1.5461000e+05   4.7607422e+01
   1.6686000e+05   4.1894531e+01
   1.6690100e+05   4.7845459e+01
   1.6691300e+05   5.8081055e+01
   1.6693800e+05   6.8078613e+01
   2.0229600e+05   4.9511719e+01
   2.0234200e+05   4.5227051e+01
   2.0238600e+05   4.8321533e+01
   2.1662900e+05   5.5224609e+01
   2.1665200e+05   4.4512939e+01
   2.1668700e+05   5.0701904e+01
   2.1670500e+05   4.1894531e+01
   2.3364500e+05   3.9990234e+01
   2.3366000e+05   4.8559570e+01
   2.5110100e+05   4.2370605e+01
   2.5112400e+05   4.3084717e+01
   2.6908500e+05   4.0942383e+01
   2.6912700e+05   4.7607422e+01
   2.8565100e+05   3.9514160e+01
   2.8566500e+05   5.7604980e+01
   2.8569500e+05   5.0225830e+01
   2.8573200e+05   4.2608643e+01
   2.8576100e+05   3.9752197e+01
   2.9977700e+05   5.0463867e+01
   2.9980700e+05   5.9509277e+01
   2.9983300e+05   4.6179199e+01
   3.1278000e+05   4.8083496e+01
   3.1280800e+05   5.0463867e+01
   3.1286600e+05   4.3798828e+01
   3.2564600e+05   5.0939941e+01
   3.2566300e+05   5.6176758e+01
   3.2571600e+05   3.9990234e+01
   3.4009400e+05   4.3560791e+01
   3.4012300e+05   3.9038086e+01
   3.4014000e+05   4.1180420e+01
   3.4016800e+05   5.0701904e+01
   3.4020700e+05   4.3798828e+01
   3.4023200e+05   5.2130127e+01
   3.4027300e+05   3.8800049e+01
   3.5673600e+05   4.0228271e+01
   3.5677600e+05   4.6417236e+01
   3.5680900e+05   4.3798828e+01
   3.5682000e+05   5.8319092e+01
   3.5684600e+05   4.0466309e+01
   3.6978500e+05   3.8323975e+01
   3.6980100e+05   4.3798828e+01
   3.6984800e+05   4.3084717e+01
   3.8579200e+05   4.6893311e+01
   3.8580900e+05   5.5224609e+01
   3.8584700e+05   4.0942383e+01
   3.8587400e+05   3.8085938e+01
   4.0298600e+05   3.8323975e+01
   4.0302300e+05   7.2839355e+01
   4.0306400e+05   3.8085938e+01
   4.0308100e+05   3.9038086e+01
   4.0313900e+05   3.8562012e+01
   4.1638700e+05   4.0704346e+01
   4.1640900e+05   4.7131348e+01
   4.1642500e+05   5.0463867e+01
   4.1653100e+05   4.0704346e+01
   4.3186300e+05   4.9511719e+01
   4.3190500e+05   4.0228271e+01
   4.3194200e+05   4.0466309e+01
   4.4796200e+05   3.8085937e+01
   4.6294900e+05   4.7845459e+01
   4.6951300e+05   4.2846680e+01
   4.6953200e+05   4.1656494e+01
   4.6957000e+05   6.5222168e+01
   4.6961000e+05   4.4036865e+01
   4.6965200e+05   4.3560791e+01
   4.6970900e+05   4.4512939e+01
   4.8872600e+05   6.1651611e+01
   5.0450900e+05   3.8323975e+01
   5.0455800e+05   4.5227051e+01
   5.0460200e+05   3.8323975e+01
   5.0469000e+05   3.7847900e+01
   5.2235300e+05   4.2132568e+01
   5.2358800e+05   3.7847900e+01
   5.2360200e+05   6.2603760e+01
   5.2364600e+05   4.2608643e+01
   5.2372200e+05   4.1418457e+01
   5.4173800e+05   4.6179199e+01
   5.4176000e+05   6.4270020e+01
   5.4177800e+05   4.9035645e+01
   5.4180600e+05   6.2365723e+01
   5.4181800e+05   4.1894531e+01
   5.5990200e+05   4.4750977e+01
   5.5991300e+05   5.4272461e+01
   5.5995900e+05   4.1894531e+01
   5.7782800e+05   3.8323975e+01
   5.7788400e+05   4.6417236e+01
   5.7791700e+05   4.1180420e+01
   5.7794000e+05   4.1656494e+01
   5.9581400e+05   5.9985352e+01
   5.9583000e+05   6.0223389e+01
   5.9584500e+05   4.8797607e+01
   5.9587800e+05   4.9511719e+01
   5.9594000e+05   4.0228271e+01
   5.9602400e+05   3.9276123e+01
   5.9637300e+05   3.9038086e+01
   6.2288800e+05   4.1180420e+01
   6.2296600e+05   4.5465088e+01
   6.4899300e+05   4.1656494e+01
   6.4901600e+05   5.7366943e+01
   6.4903900e+05   5.0463867e+01
   6.4907600e+05   5.2368164e+01
   6.7896000e+05   3.9514160e+01
   6.8479500e+05   4.7131348e+01
   6.8498400e+05   4.2608643e+01
   6.9957900e+05   3.9514160e+01
   6.9959100e+05   5.0701904e+01
   6.9961300e+05   3.9514160e+01
   6.9963300e+05   3.9038086e+01
   6.9970200e+05   3.8800049e+01
   6.9972700e+05   3.8562012e+01
   7.0016800e+05   3.8323975e+01
   7.1893200e+05   4.0228271e+01
   7.1894400e+05   4.5465088e+01
   7.1899100e+05   4.7607422e+01
   7.1902700e+05   4.3084717e+01
   7.3802300e+05   5.2606201e+01
   7.3805100e+05   5.3796387e+01
   7.3806900e+05   4.1180420e+01
   7.5526500e+05   4.5941162e+01
   7.5527900e+05   4.7369385e+01
   7.5530600e+05   4.0466309e+01
   7.5532400e+05   3.9514160e+01
   7.5536200e+05   4.0466309e+01
   7.5569200e+05   4.0704346e+01
   7.8286900e+05   4.0466309e+01
   7.9345200e+05   8.2598877e+01
   7.9348200e+05   4.2846680e+01
   7.9358500e+05   4.3798828e+01
   8.1275400e+05   4.9035645e+01
   8.1276800e+05   3.9990234e+01
   8.1279100e+05   4.5465088e+01
   8.1286600e+05   3.9752197e+01
   8.1290300e+05   4.4274902e+01
   8.4634700e+05   3.8323975e+01
   8.4641200e+05   3.8562012e+01
   8.5615200e+05   5.2368164e+01
   8.5616300e+05   4.9987793e+01
   8.5618700e+05   4.0704346e+01
   8.5623100e+05   4.6655273e+01
   8.5625500e+05   4.7845459e+01
   8.8292600e+05   4.4989014e+01
   8.9409700e+05   3.8085938e+01
   8.9411500e+05   4.3560791e+01
   8.9423100e+05   4.1418457e+01
   8.9425800e+05   3.8562012e+01
   8.9431300e+05   4.1656494e+01
   9.1885600e+05   4.5465088e+01
   9.2432500e+05   4.9035645e+01
   9.2435100e+05   6.3079834e+01
   9.2437200e+05   3.7847900e+01
   9.2438400e+05   4.8321533e+01
   9.2442600e+05   3.9038086e+01
   9.5434400e+05   4.6179199e+01
   9.5438300e+05   5.3558350e+01
   9.5439700e+05   6.8316650e+01
   9.6852000e+05   4.7845459e+01
   9.6853800e+05   3.9038086e+01
   9.7947000e+05   3.8323975e+01
   9.7950200e+05   5.2130127e+01
   9.7952100e+05   4.9749756e+01
   9.7956700e+05   4.3322754e+01
   9.7961800e+05   4.4750977e+01
   9.7964700e+05   3.8800049e+01
   9.9944900e+05   4.3084717e+01
   1.0115040e+06   3.9514160e+01
   1.0393160e+06   4.5227051e+01
   1.0393660e+06   5.3082275e+01
   1.0394290e+06   4.2608643e+01
   1.0510430e+06   4.4512939e+01
   1.0510550e+06   4.4512939e+01
   1.0510930e+06   5.3082275e+01
   1.0511470e+06   4.3798828e+01
   1.0759610e+06   3.7847900e+01
   1.0759830e+06   3.9990234e+01
   1.0882320e+06   4.8321533e+01
   1.0883210e+06   5.6414795e+01
   1.0921570e+06   5.3796387e+01
   1.0921780e+06   3.9514160e+01
   1.0921950e+06   5.7843018e+01
   1.1181560e+06   4.0466309e+01
   1.1181850e+06   4.6655273e+01
   1.1182040e+06   3.8323975e+01
   1.1183030e+06   3.8323975e+01
   1.1458650e+06   4.6179199e+01
   1.1458870e+06   5.2844238e+01
   1.1574880e+06   4.9511719e+01
   1.1575450e+06   4.7369385e+01
   1.1575940e+06   3.8562012e+01
   1.1576720e+06   4.4036865e+01
   1.1806500e+06   4.0942383e+01
   1.1886490e+06   3.7847900e+01
   1.1886770e+06   3.9514160e+01
   1.1887100e+06   4.4512939e+01
   1.2036390e+06   4.6893311e+01
   1.2174590e+06   3.8562012e+01
   1.2175150e+06   3.8800049e+01
   1.2269580e+06   5.4034424e+01
   1.2373690e+06   4.0942383e+01
   1.2374040e+06   4.6417236e+01
   1.2374240e+06   4.9987793e+01
   1.2375160e+06   3.8562012e+01
   1.2602010e+06   4.8559570e+01
   1.2639690e+06   3.8562012e+01
   1.2639810e+06   4.1418457e+01
   1.2640780e+06   4.5465088e+01
   1.2653950e+06   4.1894531e+01
   1.2770370e+06   3.9514160e+01
   1.2771020e+06   4.3560791e+01
   1.2771380e+06   4.4989014e+01
   1.2771950e+06   4.7607422e+01
   1.3097090e+06   4.1180420e+01
   1.3097230e+06   3.9514160e+01
   1.3097450e+06   4.1656494e+01
   1.3098230e+06   3.8562012e+01
   1.3665800e+06   4.9035645e+01
   1.3672950e+06   4.1418457e+01
   1.3673770e+06   4.5941162e+01
   1.3822010e+06   5.7128906e+01
   1.3822140e+06   5.9509277e+01
   1.3823100e+06   3.9038086e+01
   1.3939190e+06   3.7847900e+01
   1.3969770e+06   4.3084717e+01
   1.3970080e+06   4.4512939e+01
   1.4020420e+06   4.4750977e+01
   1.4020660e+06   4.0942383e+01
   1.4108520e+06   4.7607422e+01
   1.4108660e+06   5.0939941e+01
   1.4108970e+06   4.0942383e+01
   1.4109410e+06   4.4989014e+01
   1.4110190e+06   4.0228271e+01
   1.4320520e+06   3.8800049e+01
   1.4320910e+06   3.7847900e+01
   1.4321060e+06   4.4989014e+01
   1.4447310e+06   4.1656494e+01
   1.4465270e+06   4.0228271e+01
   1.4465490e+06   4.3084717e+01
   1.4465620e+06   4.0228271e+01
   1.4465900e+06   4.8083496e+01
   1.4466640e+06   4.1656494e+01
   1.4469510e+06   3.9038086e+01
   1.4650900e+06   4.3798828e+01
   1.4651410e+06   3.8562012e+01
   1.4828500e+06   4.6893311e+01
   1.4829040e+06   4.9511719e+01
   1.4829440e+06   5.2130127e+01
   1.4829960e+06   4.0228271e+01
   1.5002060e+06   3.9038086e+01
   1.5002220e+06   4.1180420e+01
   1.5002490e+06   4.7845459e+01
   1.5098350e+06   5.4272461e+01
   1.5098670e+06   6.4270020e+01
   1.5098940e+06   3.8562012e+01
   1.5100030e+06   5.0701904e+01
   1.5100160e+06   3.9990234e+01
   1.5254280e+06   4.1656494e+01
   1.5254580e+06   3.9276123e+01
   1.5255170e+06   4.7131348e+01
   1.5255520e+06   4.1180420e+01
   1.5392300e+06   3.8323975e+01
   1.5392630e+06   5.4986572e+01
   1.5392840e+06   4.1656494e+01
   1.5393220e+06   4.0704346e+01
   1.5393520e+06   4.1656494e+01
   1.5393690e+06   4.3560791e+01
   1.5578820e+06   4.8321533e+01
   1.5579130e+06   4.1180420e+01
   1.5579260e+06   5.2606201e+01
   1.5580200e+06   3.9038086e+01
   1.5607670e+06   4.2608643e+01
   1.5714290e+06   4.4274902e+01
   1.5714690e+06   3.8800049e+01
   1.5732620e+06   3.9990234e+01
   1.5848080e+06   4.3084717e+01
   1.5848350e+06   4.5227051e+01
   1.6016340e+06   5.3558350e+01
   1.6016590e+06   9.1644287e+01
   1.6016950e+06   4.1418457e+01
   1.6380210e+06   3.8323975e+01
   1.6478460e+06   3.9752197e+01
   1.6478720e+06   4.1894531e+01
   1.6479140e+06   4.1180420e+01
   1.6479300e+06   4.3322754e+01
   1.6759300e+06   4.1656494e+01
   1.6760710e+06   4.0704346e+01
   1.6866860e+06   3.9276123e+01
   1.6867010e+06   5.2844238e+01
   1.6867430e+06   4.2846680e+01
   1.7056240e+06   4.7845459e+01
   1.7056560e+06   5.3320312e+01
   1.7057490e+06   4.9987793e+01
   1.7058590e+06   3.9276123e+01
   1.7374630e+06   4.3560791e+01
   1.7375200e+06   3.8085938e+01
   1.7567530e+06   3.9038086e+01
   1.7567870e+06   4.0942383e+01
   1.7568190e+06   4.1418457e+01
   1.7674020e+06   3.9514160e+01
   1.7674290e+06   4.0942383e+01
   1.7674840e+06   4.6417236e+01
   1.7675280e+06   3.9038086e+01
   1.7856350e+06   3.8085938e+01
   1.7856730e+06   4.8321533e+01
   1.7912350e+06   4.0704346e+01
   1.7981690e+06   4.5703125e+01
   1.7981930e+06   6.3317871e+01
   1.7982360e+06   4.0942383e+01
   1.8146180e+06   4.1894531e+01
   1.8146540e+06   4.3798828e+01
   1.8157440e+06   4.0704346e+01
   1.8265520e+06   3.8085938e+01
   1.8265810e+06   5.6176758e+01
   1.8266180e+06   4.0704346e+01
   1.8405150e+06   4.1894531e+01
   1.8548350e+06   4.3322754e+01
   1.8548600e+06   4.0228271e+01
   1.8548980e+06   4.4750977e+01
   1.8612590e+06   4.6417236e+01
   1.8613400e+06   4.3322754e+01
   1.8616570e+06   3.7847900e+01
   1.8825950e+06   3.8085938e+01
   1.8928770e+06   4.5703125e+01
   1.8928880e+06   6.1651611e+01
   1.8929100e+06   4.9511719e+01
   1.8929300e+06   3.8562012e+01
   1.8929970e+06   4.6179199e+01
   1.9151080e+06   3.9276123e+01
   1.9151620e+06   3.9276123e+01
   1.9151980e+06   4.1180420e+01
   1.9246890e+06   4.6417236e+01
   1.9247330e+06   3.9752197e+01
   1.9248080e+06   4.6893311e+01
   1.9248320e+06   4.7131348e+01
   1.9248730e+06   4.0942383e+01
   1.9446310e+06   4.0942383e+01
   1.9446710e+06   3.9514160e+01
   1.9572420e+06   4.2370605e+01
   1.9734310e+06   3.9514160e+01
   1.9734630e+06   4.0466309e+01
   1.9734840e+06   4.3560791e+01
   1.9770680e+06   4.7607422e+01
   1.9770790e+06   4.1180420e+01
   1.9771190e+06   4.2846680e+01
   1.9771720e+06   4.0942383e+01
   1.9772170e+06   4.4989014e+01
   1.9783920e+06   3.7847900e+01
   1.9950930e+06   3.9990234e+01
   2.0066650e+06   3.8323975e+01
   2.0201900e+06   4.4989014e+01
   2.0202010e+06   4.1656494e+01
   2.0202280e+06   3.8562012e+01
   2.0202430e+06   4.1418457e+01
   2.0203140e+06   4.7845459e+01
   2.0337600e+06   4.2370605e+01
   2.0473930e+06   4.8321533e+01
   2.0474110e+06   4.0228271e+01
   2.0474380e+06   4.9749756e+01
   2.0474730e+06   3.8085938e+01
   2.0478440e+06   3.8085938e+01
   2.0710480e+06   4.8797607e+01
   2.0710730e+06   5.0463867e+01
   2.0711330e+06   4.1418457e+01
   2.0711450e+06   3.8085938e+01
   2.0825190e+06   5.0463867e+01
   2.0825320e+06   3.9752197e+01
   2.0825740e+06   3.8085937e+01
   2.0825880e+06   3.7847900e+01
   2.0830200e+06   4.9987793e+01
   2.0831290e+06   4.5703125e+01
   2.0962370e+06   4.2370605e+01
   2.0963580e+06   4.1656494e+01
   2.0964090e+06   4.0466309e+01
   2.0965800e+06   4.4274902e+01
   2.0967010e+06   3.9990234e+01
   2.0979070e+06   3.8323975e+01
   2.1053490e+06   3.9276123e+01
   2.1053710e+06   3.8085938e+01
   2.1053960e+06   6.2365723e+01
   2.1054160e+06   5.6176758e+01
   2.1054330e+06   4.1418457e+01
   2.1054480e+06   5.2844238e+01
   2.1057230e+06   4.5465088e+01
   2.1057890e+06   4.6893311e+01
   2.1270850e+06   3.8085938e+01
   2.1270970e+06   5.0701904e+01
   2.1272700e+06   4.2370605e+01
   2.1272800e+06   3.9514160e+01
   2.1274050e+06   4.4274902e+01
   2.1274460e+06   4.3560791e+01
   2.1274690e+06   5.3320312e+01
   2.1275380e+06   4.4512939e+01
   2.1276370e+06   3.7847900e+01
   2.1418400e+06   4.1418457e+01
   2.1418510e+06   4.4989014e+01
   2.1418710e+06   4.3322754e+01
   2.1419470e+06   3.9276123e+01
   2.1421160e+06   4.0704346e+01
   2.1422390e+06   6.5460205e+01
   2.1566840e+06   4.8559570e+01
   2.1567180e+06   5.8557129e+01
   2.1567650e+06   4.4512939e+01
   2.1568340e+06   3.8323975e+01
   2.1568580e+06   3.9514160e+01
   2.1568920e+06   3.8085938e+01
   2.1570400e+06   3.8323975e+01
   2.1571140e+06   3.9038086e+01
   2.1747820e+06   4.0466309e+01
   2.1748180e+06   3.8085938e+01
   2.1748280e+06   3.8323975e+01
   2.1748620e+06   4.7607422e+01
   2.1748980e+06   4.0704346e+01
   2.1749720e+06   5.1654053e+01
   2.1750590e+06   3.8085938e+01
   2.1751070e+06   5.1892090e+01
   2.1751490e+06   6.0937500e+01
   2.1898550e+06   4.0704346e+01
   2.1898680e+06   3.8323975e+01
   2.1899500e+06   4.2846680e+01
   2.1899730e+06   3.7847900e+01
   2.1899870e+06   5.4986572e+01
   2.1900320e+06   4.2846680e+01
   2.1998470e+06   4.2846680e+01
   2.1999160e+06   4.7369385e+01
   2.1999490e+06   5.6890869e+01
   2.1999670e+06   5.1177979e+01
   2.2000390e+06   4.3560791e+01
   2.2001630e+06   3.8562012e+01
   2.2002660e+06   3.9990234e+01
   2.2004660e+06   4.1180420e+01
   2.2199850e+06   4.3798828e+01
   2.2200690e+06   5.4986572e+01
   2.2201690e+06   4.0942383e+01
   2.2202240e+06   4.2370605e+01
   2.2203410e+06   3.9752197e+01
   2.2204440e+06   5.0701904e+01
   2.2373880e+06   4.2608643e+01
   2.2374340e+06   4.4036865e+01
   2.2374670e+06   4.6655273e+01
   2.2374890e+06   3.9038086e+01
   2.2375510e+06   4.9749756e+01
   2.2375970e+06   4.0466309e+01
   2.2636530e+06   4.0228271e+01
   2.2636730e+06   4.5941162e+01
   2.2636990e+06   4.5465088e+01
   2.2637400e+06   4.3322754e+01
   2.2640140e+06   4.4750977e+01
   2.2640720e+06   3.8085938e+01
   2.2846860e+06   3.8562012e+01
   2.3060480e+06   3.9990234e+01
   2.3061230e+06   3.9514160e+01
   2.3131450e+06   3.8562012e+01
   2.3131730e+06   5.6176758e+01
   2.3131900e+06   4.2846680e+01
   2.3132260e+06   4.2370605e+01
   2.3132610e+06   4.4512939e+01
   2.3132780e+06   5.4986572e+01
   2.3133200e+06   4.0942383e+01
   2.3135450e+06   4.3560791e+01
   2.3136640e+06   5.1892090e+01
   2.3137700e+06   3.8323975e+01
   2.3793660e+06   4.8797607e+01
   2.3794710e+06   3.8800049e+01
   2.3979670e+06   3.9038086e+01
   2.3980210e+06   4.4512939e+01
   2.4097090e+06   3.9990234e+01
   2.4097720e+06   3.8562012e+01
   2.4098140e+06   3.9752197e+01
   2.4098240e+06   4.8797607e+01
   2.4098550e+06   3.9276123e+01
   2.4101730e+06   4.3084717e+01
   2.4290310e+06   4.0942383e+01
   2.4290420e+06   5.7128906e+01
   2.4290740e+06   3.8800049e+01
   2.4291010e+06   4.0942383e+01
   2.4531670e+06   4.4036865e+01
   2.4531920e+06   4.8797607e+01
   2.4532300e+06   4.5703125e+01
   2.4532450e+06   6.8554688e+01
   2.4532840e+06   3.9514160e+01
   2.4533320e+06   4.3322754e+01
   2.4811450e+06   5.2130127e+01
   2.4811630e+06   4.5227051e+01
   2.4812010e+06   5.3320312e+01
   2.4812150e+06   3.8323975e+01
   2.4812610e+06   4.2608643e+01
   2.5092170e+06   4.8797607e+01
   2.5092680e+06   4.0942383e+01
   2.5093360e+06   4.3560791e+01
   2.5094610e+06   5.1177979e+01
   2.5643760e+06   4.8559570e+01
   2.5643980e+06   4.8559570e+01
   2.5644500e+06   4.3084717e+01
   2.5644760e+06   3.9276123e+01
   2.5840140e+06   4.8797607e+01
   2.5840740e+06   6.3555908e+01
   2.5843610e+06   3.7847900e+01
   2.6057100e+06   4.0228271e+01
   2.6057720e+06   3.8085938e+01
   2.6258470e+06   4.6655273e+01
   2.6258730e+06   4.3798828e+01
   2.6465590e+06   3.7847900e+01
   2.6576550e+06   5.3796387e+01
   2.6577100e+06   3.8562012e+01
   2.6755490e+06   3.9752197e+01
   2.6755830e+06   5.3558350e+01
   2.6756310e+06   4.4989014e+01
   2.6898590e+06   4.1656494e+01
   2.6899260e+06   4.7369385e+01
   2.7014930e+06   4.9749756e+01
   2.7015440e+06   6.6888428e+01
   2.7015760e+06   3.9514160e+01
   2.7213190e+06   3.9514160e+01
   2.7213390e+06   4.0466309e+01
   2.7355660e+06   3.8323975e+01
   2.7454800e+06   3.8562012e+01
   2.7456190e+06   3.9514160e+01
   2.7465400e+06   3.7847900e+01
   2.7466040e+06   3.9276123e+01
   2.7628060e+06   4.9987793e+01
   2.7628180e+06   4.1418457e+01
   2.7972740e+06   4.3560791e+01
   2.7973640e+06   4.0704346e+01
   2.8088590e+06   4.6417236e+01
   2.8089680e+06   3.8562012e+01
   2.8229770e+06   3.8800049e+01
   2.8230010e+06   3.9990234e+01
   2.8230200e+06   4.4036865e+01
   2.8230600e+06   4.9035645e+01
   2.8396020e+06   5.2368164e+01
   2.8396250e+06   4.1418457e+01
   2.8398690e+06   3.9038086e+01
   2.8509950e+06   5.7366943e+01
   2.8511180e+06   3.8085938e+01
   2.8662220e+06   3.9038086e+01
   2.8662680e+06   4.4274902e+01
   2.8662890e+06   5.1654053e+01
   2.8663010e+06   4.0466309e+01
   2.8857090e+06   4.0704346e+01
   2.8857380e+06   4.9987793e+01
   2.8858570e+06   3.8085938e+01
   2.8864140e+06   3.8323975e+01
   2.9055880e+06   4.4989014e+01
   2.9056080e+06   5.2844238e+01
   2.9205820e+06   4.4036865e+01
   2.9206160e+06   4.9035645e+01
   2.9206580e+06   4.0704346e+01
   2.9210060e+06   3.9752197e+01
   2.9541030e+06   4.6417236e+01
   2.9541370e+06   4.4750977e+01
   2.9602320e+06   4.1894531e+01
   2.9862220e+06   4.1418457e+01
   2.9862620e+06   4.0228271e+01
   2.9862800e+06   4.6417236e+01
   2.9903730e+06   3.8800049e+01
   3.0163140e+06   4.2132568e+01
   3.0163280e+06   5.7366943e+01
   3.0164590e+06   4.0466309e+01
   3.0321650e+06   3.8085937e+01
   3.0322720e+06   3.9276123e+01
   3.0444140e+06   5.4034424e+01
   3.0520680e+06   4.6655273e+01
   3.0521300e+06   4.9511719e+01
   3.0521420e+06   4.6179199e+01
   3.0565360e+06   4.4989014e+01
   3.0565470e+06   4.7607422e+01
   3.0565760e+06   4.4512939e+01
   3.0566200e+06   4.2370605e+01
   3.0566580e+06   4.4512939e+01
   3.0567290e+06   3.8800049e+01
   3.0766540e+06   4.2132568e+01
   3.0767110e+06   4.7607422e+01
   3.0768020e+06   4.3798828e+01
   3.0992280e+06   4.5227051e+01
   3.0992880e+06   4.4036865e+01
   3.0993180e+06   6.0699463e+01
   3.0993630e+06   3.7847900e+01
   3.0993910e+06   3.7847900e+01
   3.1098040e+06   4.0228271e+01
   3.1252380e+06   5.0463867e+01
   3.1446010e+06   4.8321533e+01
   3.1446340e+06   3.9752197e+01
   3.1493270e+06   4.3560791e+01
   3.1493480e+06   6.1175537e+01
   3.1493990e+06   4.5703125e+01
   3.1494400e+06   4.3084717e+01
   3.1737760e+06   4.0466309e+01
   3.1738030e+06   4.8083496e+01
   3.1917960e+06   3.8323975e+01
   3.1918350e+06   4.5227051e+01
   3.1918590e+06   4.7131348e+01
   3.1919350e+06   3.8085938e+01
   3.2117070e+06   4.5465088e+01
   3.2245110e+06   4.6417236e+01
   3.2245440e+06   3.9276123e+01
   3.2246160e+06   3.8562012e+01
   3.2246340e+06   3.9752197e+01
   3.2246590e+06   4.2846680e+01
   3.2368020e+06   6.8316650e+01
   3.2368180e+06   5.3796387e+01
   3.2368380e+06   4.0704346e+01
   3.2368720e+06   3.9752197e+01
   3.2368910e+06   4.5703125e+01
   3.2507040e+06   4.5703125e+01
   3.2507660e+06   3.9752197e+01
   3.2507820e+06   4.8797607e+01
   3.2508250e+06   3.9276123e+01
   3.2508940e+06   3.9276123e+01
   3.2824030e+06   4.8559570e+01
   3.2824680e+06   5.0701904e+01
   3.2827420e+06   3.8323975e+01
   3.3086000e+06   4.8083496e+01
   3.3086180e+06   4.2370605e+01
   3.3086370e+06   3.8562012e+01
   3.3086560e+06   4.0466309e+01
   3.3321120e+06   4.6179199e+01
   3.3321900e+06   4.7607422e+01
   3.3461480e+06   4.7845459e+01
   3.3461920e+06   4.5227051e+01
   3.3501180e+06   4.2132568e+01
   3.3501430e+06   4.0942383e+01
   3.3501620e+06   3.7847900e+01
   3.3696150e+06   4.3798828e+01
   3.3748480e+06   3.8800049e+01
   3.3748900e+06   5.6890869e+01
   3.3749160e+06   6.0223389e+01
   3.3749590e+06   3.8323975e+01
   3.3749750e+06   4.5941162e+01
   3.3750330e+06   4.0228271e+01
   3.3934860e+06   3.8562012e+01
   3.3935450e+06   4.2608643e+01
   3.4191630e+06   4.7369385e+01
   3.4192590e+06   3.7847900e+01
   3.4326900e+06   4.7131348e+01
   3.4327500e+06   5.0225830e+01
   3.4328040e+06   3.8800049e+01
   3.4597080e+06   5.4510498e+01
   3.4597300e+06   5.9271240e+01
   3.4597450e+06   4.0228271e+01
   3.4732800e+06   3.8085938e+01
   3.4773340e+06   3.9990234e+01
   3.4773740e+06   3.9276123e+01
   3.4774050e+06   5.4272461e+01
   3.4921390e+06   4.5703125e+01
   3.4921490e+06   4.5703125e+01
   3.4922040e+06   4.1894531e+01
   3.4922340e+06   5.5462646e+01
   3.5095550e+06   4.0466309e+01
   3.5095840e+06   4.1656494e+01
   3.5168200e+06   4.2846680e+01
   3.5235600e+06   5.1416016e+01
   3.5235960e+06   4.8559570e+01
   3.5236300e+06   4.1656494e+01
   3.5646700e+06   3.9990234e+01
   3.6034080e+06   4.1418457e+01
   3.6034470e+06   8.2598877e+01
   3.6034890e+06   4.7131348e+01
   3.6035910e+06   4.2132568e+01
   3.6036270e+06   3.8562012e+01
   3.6036650e+06   4.9511719e+01
   3.6039000e+06   4.0704346e+01
   3.6040370e+06   3.9038086e+01
   3.6040880e+06   3.8800049e+01
   3.6332490e+06   4.0704346e+01
   3.6456380e+06   4.9749756e+01
   3.6456780e+06   3.8800049e+01
   3.6457060e+06   3.8323975e+01
   3.6457220e+06   5.0225830e+01
   3.6463080e+06   4.0228271e+01
   3.6712440e+06   4.0942383e+01
   3.6713020e+06   4.9749756e+01
   3.6965040e+06   5.4986572e+01
   3.6965290e+06   3.8085938e+01
   3.6965520e+06   3.9038086e+01
   3.7257470e+06   5.6176758e+01
   3.7257770e+06   4.1656494e+01
   3.7258620e+06   4.1418457e+01
   3.7507020e+06   4.1656494e+01
   3.7507690e+06   4.3084717e+01
   3.7708890e+06   4.3084717e+01
   3.7721820e+06   4.1656494e+01
   3.7725720e+06   5.1177979e+01
   3.7725830e+06   4.2846680e+01
   3.7726220e+06   4.3798828e+01
   3.7958460e+06   5.0939941e+01
   3.7959430e+06   3.9752197e+01
   3.8070710e+06   4.0942383e+01
   3.8070920e+06   4.0228271e+01
   3.8071450e+06   5.6414795e+01
   3.8072080e+06   3.9276123e+01
   3.8319110e+06   4.7845459e+01
   3.8534500e+06   3.9514160e+01
   3.8535050e+06   4.2132568e+01
   3.8600860e+06   5.5224609e+01
   3.8601630e+06   3.9276123e+01
   3.8809640e+06   4.1894531e+01
   3.8809950e+06   4.4036865e+01
   3.8810320e+06   3.8800049e+01
   3.9240110e+06   3.7847900e+01
   3.9240260e+06   6.3079834e+01
   3.9240610e+06   4.8083496e+01
   3.9240890e+06   5.5938721e+01
   3.9485270e+06   3.7847900e+01
   3.9559480e+06   4.0942383e+01
   3.9559690e+06   4.3322754e+01
   3.9710460e+06   4.0228271e+01
   3.9710630e+06   4.3798828e+01
   3.9710960e+06   4.8321533e+01
   3.9831740e+06   4.1418457e+01
   3.9832070e+06   4.2370605e+01
   3.9836910e+06   4.5465088e+01
   3.9837140e+06   3.9276123e+01
   3.9837720e+06   4.0228271e+01
   3.9838080e+06   4.1180420e+01
   3.9838780e+06   3.7847900e+01
   3.9839170e+06   4.1418457e+01
   3.9944490e+06   3.9276123e+01
   3.9953280e+06   4.1656494e+01
   4.0090800e+06   4.1180420e+01
   4.0091950e+06   4.4036865e+01
   4.0094100e+06   4.9987793e+01
   4.0094810e+06   5.2606201e+01
   4.0095700e+06   3.8800049e+01
   4.0227280e+06   3.9038086e+01
   4.0232370e+06   3.8800049e+01
   4.0232850e+06   4.0942383e+01
   4.0233460e+06   3.7847900e+01
   4.0500440e+06   4.1180420e+01
   4.0500950e+06   4.1180420e+01
   4.0639870e+06   3.8800049e+01
   4.0948760e+06   4.2846680e+01
   4.0949210e+06   3.9514160e+01
   4.1378790e+06   3.8323975e+01
   4.1378930e+06   5.3320312e+01
   4.1379510e+06   4.3322754e+01
   4.1379850e+06   3.8085937e+01
   4.1513660e+06   4.1418457e+01
   4.1514400e+06   4.0942383e+01
   4.1664780e+06   3.8562012e+01
   4.1664880e+06   4.2370605e+01
   4.1666280e+06   4.5227051e+01
   4.1793010e+06   3.8800049e+01
   4.1901520e+06   3.8323975e+01
   4.1901920e+06   4.4036865e+01
   4.1902350e+06   4.4989014e+01
   4.2037460e+06   3.7847900e+01
   4.2037820e+06   3.9038086e+01
   4.2124350e+06   3.9752197e+01
   4.2300050e+06   3.8323975e+01
   4.2301050e+06   5.8557129e+01
   4.2301340e+06   4.1418457e+01
   4.2449780e+06   4.0228271e+01
   4.2450630e+06   3.9038086e+01
   4.2555580e+06   4.2846680e+01
   4.2556070e+06   4.1894531e+01
   4.2556330e+06   3.9752197e+01
   4.2556730e+06   3.8323975e+01
   4.2869430e+06   3.8323975e+01
   4.2869710e+06   4.1656494e+01
   4.2870190e+06   4.4989014e+01
   4.2979690e+06   4.3560791e+01
   4.2980390e+06   4.5227051e+01
   4.3096690e+06   4.5941162e+01
   4.3096940e+06   4.4036865e+01
   4.3097290e+06   3.9514160e+01
   4.3097590e+06   4.2370605e+01
   4.3246080e+06   3.8800049e+01
   4.3246190e+06   4.4989014e+01
   4.3246530e+06   4.0466309e+01
   4.3389010e+06   6.6412354e+01
   4.3389180e+06   3.8562012e+01
   4.3555220e+06   4.6655273e+01
   4.3555660e+06   5.0939941e+01
   4.3679810e+06   3.9276123e+01
   4.3782260e+06   4.8797607e+01
   4.3782420e+06   4.9511719e+01
   4.3783200e+06   3.8562012e+01
   4.3880300e+06   3.7847900e+01
   4.3880540e+06   5.3320313e+01
   4.3881300e+06   4.2132568e+01
   4.3881860e+06   4.5465088e+01
   4.4241690e+06   3.9276123e+01
   4.4258830e+06   3.8085937e+01
   4.4294790e+06   3.8323975e+01
   4.4681400e+06   6.6888428e+01
   4.5003060e+06   4.5941162e+01
   4.5003300e+06   3.8085938e+01
   4.5084370e+06   4.5465088e+01
   4.5084470e+06   4.2608643e+01
   4.5085700e+06   4.2132568e+01
   4.5089900e+06   4.4512939e+01
   4.5286160e+06   4.1180420e+01
   4.5286450e+06   5.5224609e+01
   4.5401960e+06   4.4036865e+01
   4.5402130e+06   5.3558350e+01
   4.5402610e+06   8.0218506e+01
   4.5623570e+06   4.1894531e+01
   4.5709320e+06   3.9990234e+01
   4.5710000e+06   4.6179199e+01
   4.5766810e+06   4.3322754e+01
   4.5766920e+06   3.8085938e+01
   4.5767670e+06   5.6414795e+01
   4.5924640e+06   5.0701904e+01
   4.5925340e+06   4.3084717e+01
   4.6072370e+06   4.4750977e+01
   4.6162910e+06   3.7847900e+01
   4.6163190e+06   4.7131348e+01
   4.6163390e+06   4.2846680e+01
   4.6163520e+06   4.2608643e+01
   4.6163860e+06   3.8323975e+01
   4.6164290e+06   4.2846680e+01
   4.6319470e+06   4.5941162e+01
   4.6428600e+06   4.9511719e+01
   4.6428780e+06   5.7843018e+01
   4.6429610e+06   4.1656494e+01
   4.6604080e+06   4.0704346e+01
   4.6604300e+06   4.5703125e+01
   4.6668220e+06   4.2370605e+01
   4.6668390e+06   5.6890869e+01
   4.6668580e+06   4.9749756e+01
   4.6668880e+06   4.6655273e+01
   4.6669170e+06   3.9276123e+01
   4.6669530e+06   3.9514160e+01
   4.6827990e+06   3.8085938e+01
   4.6916700e+06   5.2844238e+01
   4.6917100e+06   5.5462646e+01
   4.6917940e+06   3.9752197e+01
   4.7085430e+06   4.2132568e+01
   4.7085560e+06   4.3084717e+01
   4.7220820e+06   5.9271240e+01
   4.7221340e+06   4.3560791e+01
   4.7421270e+06   3.9752197e+01
   4.7450110e+06   3.9276123e+01
   4.7450640e+06   5.1892090e+01
   4.7450790e+06   4.5941162e+01
   4.7451490e+06   3.9514160e+01
   4.7555340e+06   4.5465088e+01
   4.7555490e+06   4.1180420e+01
   4.7555790e+06   4.5227051e+01
   4.7556140e+06   4.8083496e+01
   4.7728500e+06   3.9038086e+01
   4.7786760e+06   4.4274902e+01
   4.7786900e+06   5.4986572e+01
   4.7787440e+06   3.8323975e+01
   4.7788230e+06   3.7847900e+01
   4.7937690e+06   4.3084717e+01
   4.7937840e+06   4.4512939e+01
   4.7938280e+06   3.8085938e+01
   4.7939620e+06   3.9990234e+01
   4.8108550e+06   4.8321533e+01
   4.8108800e+06   4.0228271e+01
   4.8109080e+06   4.2370605e+01
   4.8109570e+06   3.9038086e+01
   4.8110020e+06   3.9276123e+01
   4.8266220e+06   4.4750977e+01
   4.8266470e+06   6.2127686e+01
   4.8266840e+06   6.0461426e+01
   4.8422260e+06   4.0228271e+01
   4.8543710e+06   4.1656494e+01
   4.8543960e+06   5.2130127e+01
   4.8544060e+06   4.1894531e+01
   4.8544530e+06   4.4512939e+01
   4.8545280e+06   4.2608643e+01
   4.8858290e+06   4.4989014e+01
   4.8862760e+06   3.8085938e+01
   4.9218190e+06   4.3798828e+01
   4.9218400e+06   5.0225830e+01
   4.9419400e+06   4.7607422e+01
   4.9419680e+06   3.8800049e+01
   4.9664430e+06   4.1656494e+01
   4.9664840e+06   6.6888428e+01
   4.9665090e+06   3.8323975e+01
   4.9820510e+06   6.7840576e+01
   4.9820900e+06   4.4750977e+01
   4.9821990e+06   4.5465088e+01
   5.0088430e+06   4.1894531e+01
   5.0243210e+06   4.1894531e+01
   5.0245770e+06   4.2370605e+01
   5.0249370e+06   3.9990234e+01
   5.0511300e+06   4.4274902e+01
   5.0511540e+06   5.9985352e+01
   5.0662190e+06   4.9987793e+01
   5.0662380e+06   4.2608643e+01
   5.0662500e+06   6.4508057e+01
   5.0662850e+06   4.1656494e+01
   5.0663020e+06   5.1892090e+01
   5.0663510e+06   4.2846680e+01
   5.0879870e+06   4.9511719e+01
   5.1032020e+06   4.6179199e+01
   5.1216070e+06   4.2608643e+01
   5.1392760e+06   4.5465088e+01
   5.1418620e+06   4.6893311e+01
   5.1419010e+06   3.9038086e+01
   5.1419130e+06   4.4989014e+01
   5.1452300e+06   4.8559570e+01
   5.1452960e+06   4.2132568e+01
   5.1531220e+06   4.7845459e+01
   5.1531920e+06   3.8323975e+01
   5.1634620e+06   3.8323975e+01
   5.1735280e+06   4.0466309e+01
   5.1735610e+06   3.9038086e+01
   5.1735960e+06   3.8800049e+01
   5.1753200e+06   3.8562012e+01
   5.1966310e+06   4.9273682e+01
   5.1966660e+06   7.7362061e+01
   5.1967320e+06   4.3322754e+01
   5.2145530e+06   3.8562012e+01
   5.2145670e+06   5.1892090e+01
   5.2288600e+06   4.9511719e+01
   5.2415490e+06   6.0461426e+01
   5.2415610e+06   6.8554687e+01
   5.2529250e+06   4.0942383e+01
   5.2645950e+06   4.0466309e+01
   5.2646180e+06   3.9276123e+01
   5.2646460e+06   4.0942383e+01
   5.2818450e+06   4.9749756e+01
   5.2819140e+06   4.3798828e+01
   5.2819430e+06   4.9987793e+01
   5.2990470e+06   5.4034424e+01
   5.2990580e+06   4.3560791e+01
   5.2991690e+06   4.1894531e+01
   5.3094700e+06   5.4986572e+01
   5.3094900e+06   5.5462646e+01
   5.3095490e+06   4.6179199e+01
   5.3095720e+06   4.8559570e+01
   5.3218470e+06   4.1180420e+01
   5.3218860e+06   5.5700684e+01
   5.3219690e+06   3.8562012e+01
   5.3380360e+06   4.7845459e+01
   5.3380730e+06   3.8800049e+01
   5.3381080e+06   5.1177979e+01
   5.3529300e+06   5.4272461e+01
   5.3529440e+06   3.9276123e+01
   5.3529790e+06   5.4272461e+01
   5.3666390e+06   4.7607422e+01
   5.3666640e+06   5.3320312e+01
   5.3666900e+06   4.2132568e+01
   5.3750540e+06   6.9982910e+01
   5.3750650e+06   5.6414795e+01
   5.3751030e+06   3.9276123e+01
   5.3751510e+06   3.9276123e+01
   5.3752090e+06   4.8321533e+01
   5.3904550e+06   3.9038086e+01
   5.3904710e+06   5.0225830e+01
   5.3905470e+06   3.8085938e+01
   5.4035280e+06   5.5462646e+01
   5.4035600e+06   3.9990234e+01
   5.4035840e+06   4.5227051e+01
   5.4036040e+06   4.4274902e+01
   5.4513370e+06   4.5703125e+01
   5.4513610e+06   4.0704346e+01
   5.4660470e+06   6.4031982e+01
   5.4660910e+06   3.8085938e+01
   5.4661470e+06   5.4510498e+01
   5.4789650e+06   3.9752197e+01
   5.4866440e+06   4.2370605e+01
   5.4866560e+06   6.4984131e+01
   5.4867840e+06   4.5703125e+01
   5.5067780e+06   6.2603760e+01
   5.5068720e+06   6.1175537e+01
   5.5069070e+06   4.0466309e+01
   5.5197310e+06   4.1894531e+01
   5.5197470e+06   4.0466309e+01
   5.5197720e+06   4.9273682e+01
   5.5197900e+06   4.4036865e+01
   5.5198150e+06   4.8321533e+01
   5.5198710e+06   5.0463867e+01
   5.5355510e+06   7.1887207e+01
   5.5357110e+06   3.9276123e+01
   5.5523020e+06   3.9514160e+01
   5.5523330e+06   4.3322754e+01
   5.5523660e+06   4.2132568e+01
   5.5523780e+06   4.0228271e+01
   5.5523980e+06   4.1656494e+01
   5.5832090e+06   4.3560791e+01
   5.5964440e+06   6.5698242e+01
   5.5964650e+06   5.2368164e+01
   5.5964940e+06   4.6893311e+01
   5.6142140e+06   4.5465088e+01
   5.6142400e+06   3.8562012e+01
   5.6143090e+06   4.7131348e+01
   5.6143410e+06   4.2608643e+01
   5.6334800e+06   4.4512939e+01
   5.6335580e+06   6.1651611e+01
   5.6335760e+06   4.6893311e+01
   5.6336200e+06   4.8797607e+01
   5.6336940e+06   4.5941162e+01
   5.6337130e+06   4.0228271e+01
   5.6340880e+06   4.2846680e+01
   5.6342070e+06   4.9511719e+01
   5.6544220e+06   4.5703125e+01
   5.6544590e+06   4.1894531e+01
   5.6545230e+06   4.7607422e+01
   5.6802380e+06   3.8562012e+01
   5.6802810e+06   4.4512939e+01
   5.6806190e+06   4.5941162e+01
   5.7158560e+06   3.8800049e+01
   5.7334820e+06   4.1418457e+01
   5.7335070e+06   3.8323975e+01
   5.7480080e+06   4.9511719e+01
   5.7588930e+06   3.9752197e+01
   5.7589450e+06   4.7131348e+01
   5.7596760e+06   4.9987793e+01
   5.7707020e+06   3.9038086e+01
   5.7791920e+06   3.9990234e+01
   5.7792110e+06   4.9987793e+01
   5.7792490e+06   5.3558350e+01
   5.7792940e+06   4.1656494e+01
   5.7907990e+06   4.4036865e+01
   5.7908090e+06   5.5938721e+01
   5.7908280e+06   4.4512939e+01
   5.7908720e+06   4.6893311e+01
   5.7909930e+06   3.9276123e+01
   5.8201210e+06   5.0701904e+01
   5.8430690e+06   4.1656494e+01
   5.8430800e+06   4.0942383e+01
   5.8431330e+06   5.9985352e+01
   5.8432020e+06   4.1894531e+01
   5.8433660e+06   3.8562012e+01
   5.8833360e+06   3.8085938e+01
   5.8903490e+06   3.8562012e+01
   5.8999940e+06   3.8562012e+01
   5.9104630e+06   4.6417236e+01
   5.9105280e+06   4.3798828e+01
   5.9283650e+06   5.1892090e+01
   5.9284080e+06   4.6417236e+01
   5.9284200e+06   4.1418457e+01
   5.9293290e+06   4.2132568e+01
   5.9353150e+06   3.9276123e+01
   5.9542570e+06   4.5703125e+01
   5.9542740e+06   5.4748535e+01
   5.9542870e+06   4.4512939e+01
   5.9676330e+06   3.9752197e+01
   5.9676590e+06   5.1654053e+01
   5.9771370e+06   4.9749756e+01
   5.9778380e+06   4.0466309e+01
   5.9859290e+06   4.1418457e+01
   5.9859400e+06   5.3082275e+01
   6.0005580e+06   4.0942383e+01
   6.0005960e+06   4.0704346e+01
   6.0189160e+06   5.3082275e+01
   6.0246950e+06   4.2370605e+01
   6.0303010e+06   3.8323975e+01
   6.0345360e+06   4.0704346e+01
   6.0345460e+06   4.5227051e+01
   6.0345880e+06   3.9990234e+01
   6.0346390e+06   4.0466309e+01
   6.0346920e+06   3.8800049e+01
   6.0544330e+06   4.4989014e+01
   6.0640650e+06   4.5227051e+01
   6.0640750e+06   3.9038086e+01
   6.0641840e+06   4.2846680e+01
   6.0740470e+06   4.3560791e+01
   6.0740680e+06   4.8559570e+01
   6.0741140e+06   4.1894531e+01
   6.0741490e+06   3.9276123e+01
   6.0864540e+06   5.1892090e+01
   6.0865580e+06   4.2846680e+01
   6.0996210e+06   3.8562012e+01
   6.0996500e+06   3.8085938e+01
   6.0996660e+06   3.9276123e+01
   6.0997120e+06   3.9514160e+01
   6.1107860e+06   4.2370605e+01
   6.1108110e+06   3.9038086e+01
   6.1108210e+06   4.1656494e+01
   6.1108630e+06   3.8323975e+01
   6.1108730e+06   3.8562012e+01
   6.1256460e+06   4.0466309e+01
   6.1256620e+06   4.5465088e+01
   6.1258160e+06   3.9990234e+01
   6.1419680e+06   5.2844238e+01
   6.1419910e+06   4.5941162e+01
   6.1539950e+06   3.9276123e+01
   6.1540520e+06   4.4274902e+01
   6.1652660e+06   3.9752197e+01
   6.1652890e+06   4.6893311e+01
   6.1653340e+06   3.9752197e+01
   6.1653620e+06   3.8085938e+01
   6.1765210e+06   4.0942383e+01
   6.1765490e+06   4.2846680e+01
   6.1765910e+06   4.8083496e+01
   6.1766380e+06   4.0466309e+01
   6.1767440e+06   4.0704346e+01
   6.1770220e+06   4.0228271e+01
   6.1771850e+06   4.3322754e+01
   6.1772290e+06   3.9990234e+01
   6.1962010e+06   4.7845459e+01
   6.2081320e+06   3.9752197e+01
   6.2081530e+06   5.2606201e+01
   6.2082000e+06   4.6179199e+01
   6.2209740e+06   3.8323975e+01
   6.2210030e+06   5.1654053e+01
   6.2210130e+06   3.9514160e+01
   6.2210690e+06   3.8323975e+01
   6.2334930e+06   3.8085938e+01
   6.2335280e+06   4.4989014e+01
   6.2335560e+06   6.7364502e+01
   6.2335910e+06   4.0228271e+01
   6.2336180e+06   4.3322754e+01
   6.2520600e+06   3.8323975e+01
   6.2603200e+06   6.0461426e+01
   6.2603530e+06   3.7847900e+01
   6.2604130e+06   3.8562012e+01
   6.2701290e+06   5.3320313e+01
   6.2701520e+06   4.3560791e+01
   6.2797790e+06   4.0704346e+01
   6.2798010e+06   4.6893311e+01
   6.2798300e+06   4.3322754e+01
   6.2798420e+06   3.9038086e+01
   6.2798730e+06   6.3555908e+01
   6.2801610e+06   4.4512939e+01
   6.2957510e+06   4.4750977e+01
   6.2957660e+06   4.7607422e+01
   6.2957810e+06   4.1418457e+01
   6.2958070e+06   5.2844238e+01
   6.2958450e+06   4.1180420e+01
   6.2958820e+06   4.2132568e+01
   6.2960640e+06   3.8800049e+01
   6.3277050e+06   4.1894531e+01
   6.3277340e+06   3.8800049e+01
   6.3278000e+06   5.0701904e+01
   6.3433990e+06   4.7607422e+01
   6.3434250e+06   5.0225830e+01
   6.3434530e+06   4.4989014e+01
   6.3434860e+06   4.3322754e+01
   6.3435390e+06   4.1894531e+01
   6.3635440e+06   3.9276123e+01
   6.3738610e+06   4.6179199e+01
   6.3811220e+06   3.8562012e+01
   6.3811420e+06   6.6412354e+01
   6.3811610e+06   3.8800049e+01
   6.3811780e+06   4.4512939e+01
   6.3811900e+06   5.0225830e+01
   6.3812430e+06   6.6412354e+01
   6.3812570e+06   4.1418457e+01
   6.4152830e+06   4.2132568e+01
   6.4153370e+06   5.1416016e+01
   6.4157320e+06   4.2846680e+01
   6.4385800e+06   4.0942383e+01
   6.4386060e+06   4.4512939e+01
   6.4386210e+06   5.3082275e+01
   6.4386570e+06   4.3798828e+01
   6.4386780e+06   5.6176758e+01
   6.4387180e+06   4.6417236e+01
   6.4387560e+06   4.1894531e+01
   6.4388220e+06   4.2132568e+01
   6.4390500e+06   4.4036865e+01
   6.4602870e+06   3.8562012e+01
   6.4761070e+06   3.9752197e+01
   6.4893620e+06   4.5941162e+01
   6.4893950e+06   4.9273682e+01
   6.4894190e+06   4.0942383e+01
   6.5087180e+06   5.6414795e+01
   6.5087300e+06   4.7607422e+01
   6.5088080e+06   4.6417236e+01
   6.5089780e+06   4.7131348e+01
   6.5395900e+06   4.7845459e+01
   6.5396020e+06   5.0701904e+01
   6.5396590e+06   4.1656494e+01
   6.5622100e+06   4.0942383e+01
   6.5731180e+06   5.8081055e+01
   6.5731330e+06   5.5224609e+01
   6.5731690e+06   4.0942383e+01
   6.5732230e+06   4.6655273e+01
   6.5876960e+06   4.6655273e+01
   6.5877240e+06   3.8800049e+01
   6.5878150e+06   5.1416016e+01
   6.5880000e+06   4.2132568e+01
   6.6090380e+06   4.6179199e+01
   6.6090650e+06   4.1180420e+01
   6.6091050e+06   4.8083496e+01
   6.6091520e+06   4.0228271e+01
   6.6527490e+06   4.0466309e+01
   6.6649680e+06   3.8562012e+01
   6.6731370e+06   4.6417236e+01
   6.6731640e+06   3.8323975e+01
   6.6731940e+06   3.8085938e+01
   6.6732120e+06   4.5465088e+01
   6.6736210e+06   4.1418457e+01
   6.6944150e+06   5.1177979e+01
   6.6944910e+06   4.7845459e+01
   6.7177200e+06   4.6417236e+01
   6.7177780e+06   3.9752197e+01
   6.7344430e+06   5.1654053e+01
   6.7528730e+06   3.8562012e+01
   6.7542890e+06   3.8323975e+01
   6.7901550e+06   3.8085938e+01
   6.7901790e+06   5.6176758e+01
   6.7903280e+06   3.9514160e+01
   6.8061790e+06   5.4986572e+01
   6.8214440e+06   4.3798828e+01
   6.8215010e+06   5.3320313e+01
   6.8314870e+06   4.1894531e+01
   6.8316030e+06   3.8085938e+01
   6.8476660e+06   3.8085938e+01
   6.8557010e+06   5.2130127e+01
   6.8790630e+06   3.9038086e+01
   6.8790980e+06   5.6652832e+01
   6.8791720e+06   4.7131348e+01
   6.8947390e+06   3.9752197e+01
   6.8947590e+06   4.5227051e+01
   6.9241340e+06   4.8083496e+01
   6.9241800e+06   4.4750977e+01
   6.9505240e+06   3.9752197e+01
   6.9505730e+06   3.8085938e+01
   6.9506520e+06   4.1418457e+01
   6.9628330e+06   4.0228271e+01
   6.9628450e+06   6.1175537e+01
   6.9628800e+06   5.0701904e+01
   6.9873180e+06   4.3322754e+01
   6.9977440e+06   3.9276123e+01
   6.9977590e+06   4.4274902e+01
   7.0019430e+06   4.5941162e+01
   7.0019710e+06   6.3079834e+01
   7.0020140e+06   4.4274902e+01
   7.0020780e+06   4.5703125e+01
   7.0271010e+06   3.8323975e+01
   7.0271360e+06   4.1180420e+01
   7.0271470e+06   4.5465088e+01
   7.0395720e+06   4.0942383e+01
   7.0506450e+06   4.4036865e+01
   7.0506680e+06   5.5462646e+01
   7.0507300e+06   4.7369385e+01
   7.0663950e+06   4.4512939e+01
   7.0664360e+06   6.3079834e+01
   7.0802860e+06   5.0701904e+01
   7.0803320e+06   4.0942383e+01
   7.1085240e+06   5.5700684e+01
   7.1155690e+06   4.4512939e+01
   7.1156050e+06   4.1894531e+01
   7.1156190e+06   4.3084717e+01
   7.1158250e+06   3.8323975e+01
   7.1159190e+06   4.8559570e+01
   7.1159640e+06   3.7847900e+01
   7.1160080e+06   4.4512939e+01
   7.1160400e+06   4.8321533e+01
   7.1333400e+06   4.0942383e+01
   7.1348870e+06   3.8800049e+01
   7.1348980e+06   4.4036865e+01
   7.1349280e+06   4.2846680e+01
   7.1350040e+06   3.9752197e+01
   7.1358240e+06   3.8085938e+01
   7.1553990e+06   4.3798828e+01
   7.1554260e+06   3.7847900e+01
   7.1554500e+06   5.0225830e+01
   7.1555140e+06   4.6417236e+01
   7.1555780e+06   4.0942383e+01
   7.1556550e+06   4.7369385e+01
   7.1557020e+06   4.8559570e+01
   7.1557570e+06   3.8800049e+01
   7.1557740e+06   3.9752197e+01
   7.1565440e+06   4.2608643e+01
   7.1755040e+06   4.7131348e+01
   7.1755390e+06   3.8562012e+01
   7.1755680e+06   3.8085938e+01
   7.1756010e+06   3.9514160e+01
   7.1874300e+06   5.1654053e+01
   7.1876540e+06   3.8562012e+01
   7.1877060e+06   3.8800049e+01
   7.1877350e+06   4.4750977e+01
   7.1878110e+06   4.0228271e+01
   7.1999240e+06   3.9514160e+01
   7.1999870e+06   4.5941162e+01
   7.2000360e+06   4.3084717e+01
   7.2000960e+06   3.8085938e+01
   7.2001330e+06   3.9038086e+01
   7.2090800e+06   3.9038086e+01
   7.2091220e+06   3.8800049e+01
   7.2092330e+06   3.8562012e+01
   7.2093170e+06   3.8323975e+01
   7.2094250e+06   4.9273682e+01
   7.2094690e+06   4.5703125e+01
   7.2095410e+06   4.1894531e+01
   7.2225730e+06   4.4274902e+01
   7.2225980e+06   4.3084717e+01
   7.2226340e+06   5.3082275e+01
   7.2228170e+06   3.7847900e+01
   7.2229040e+06   4.2608643e+01
   7.2230250e+06   4.4512939e+01
   7.2363230e+06   3.8800049e+01
   7.2364210e+06   5.0701904e+01
   7.2364440e+06   3.9038086e+01
   7.2365900e+06   4.9273682e+01
   7.2479960e+06   4.0704346e+01
   7.2480730e+06   3.8562012e+01
   7.2482540e+06   4.0466309e+01
   7.2482930e+06   3.8085938e+01
   7.2483030e+06   3.9276123e+01
   7.2484590e+06   5.1654053e+01
   7.2652700e+06   4.8797607e+01
   7.2653170e+06   4.1656494e+01
   7.2654420e+06   4.2846680e+01
   7.2654680e+06   3.9038086e+01
   7.2655860e+06   3.9276123e+01
   7.2750580e+06   3.9276123e+01
   7.2751440e+06   5.7843018e+01
   7.2752020e+06   3.8800049e+01
   7.2755050e+06   4.3322754e+01
   7.2756190e+06   4.2132568e+01
   7.2757810e+06   3.8323975e+01
   7.2938460e+06   4.0704346e+01
   7.2939180e+06   4.8797607e+01
   7.2939990e+06   4.4750977e+01
   7.2940260e+06   4.5703125e+01
   7.2942260e+06   4.3084717e+01
   7.2942620e+06   4.9749756e+01
   7.3064210e+06   4.3084717e+01
   7.3071490e+06   4.0704346e+01
   7.3072740e+06   4.1656494e+01
   7.3138880e+06   4.2846680e+01
   7.3139620e+06   4.2608643e+01
   7.3140060e+06   4.1180420e+01
   7.3527550e+06   5.3082275e+01
   7.3528530e+06   3.7847900e+01
   7.3749930e+06   4.0228271e+01
   7.3836670e+06   3.9276123e+01
   7.3836930e+06   4.1656494e+01
   7.3837060e+06   3.9514160e+01
   7.3837290e+06   3.8562012e+01
   7.3837520e+06   4.7845459e+01
   7.4131290e+06   6.0223389e+01
   7.4270210e+06   4.5703125e+01
   7.4270410e+06   4.1180420e+01
   7.4271070e+06   3.9276123e+01
   7.4571690e+06   4.8321533e+01
   7.4572330e+06   3.8085938e+01
   7.4828320e+06   4.4512939e+01
   7.4828550e+06   4.7845459e+01
   7.4828710e+06   4.8083496e+01
   7.4938770e+06   3.9990234e+01
   7.4939040e+06   4.9987793e+01
   7.4939330e+06   4.6893311e+01
   7.4939500e+06   4.4512939e+01
   7.4939710e+06   4.0228271e+01
   7.5119800e+06   4.5465088e+01
   7.5226530e+06   3.9514160e+01
   7.5427940e+06   3.9990234e+01
   7.5428100e+06   3.8562012e+01
   7.5428440e+06   4.4274902e+01
   7.5428560e+06   4.2608643e+01
   7.5429180e+06   4.1180420e+01
   7.5429490e+06   3.9276123e+01
   7.6124100e+06   3.8323975e+01
   7.6124380e+06   4.5941162e+01
   7.6292200e+06   3.9752197e+01
   7.6470020e+06   4.1656494e+01
   7.6476440e+06   4.7131348e+01
   7.6655640e+06   4.1656494e+01
   7.6847630e+06   4.8083496e+01
   7.7006220e+06   4.3560791e+01
   7.7006690e+06   3.9038086e+01
   7.7007400e+06   4.2846680e+01
   7.7007620e+06   3.7847900e+01
   7.7203790e+06   5.5938721e+01
   7.7206350e+06   4.0704346e+01
   7.7206710e+06   4.0466309e+01
   7.7440020e+06   3.9514160e+01
   7.7441480e+06   4.3322754e+01
   7.7442520e+06   3.9038086e+01
   7.7491940e+06   4.4750977e+01
   7.7492380e+06   3.8085938e+01
   7.7701110e+06   5.1416016e+01
   7.7701390e+06   4.0228271e+01
   7.7702020e+06   4.2846680e+01
   7.7702300e+06   3.9990234e+01
   7.7919320e+06   3.8562012e+01
   7.8089450e+06   3.8800049e+01
   7.8090760e+06   4.5941162e+01
   7.8334580e+06   3.8323975e+01
   7.8335910e+06   3.9514160e+01
   7.8625730e+06   3.8800049e+01
   7.8625910e+06   4.2370605e+01
   7.8900900e+06   3.9990234e+01
   7.8901820e+06   4.4750977e+01
   7.8901930e+06   4.1656494e+01
   7.8957020e+06   4.7131348e+01
   7.8957550e+06   4.2132568e+01
   7.9502140e+06   4.2370605e+01
   7.9811840e+06   4.3798828e+01
   7.9812230e+06   3.9514160e+01
   8.0338840e+06   4.4512939e+01
   8.0914380e+06   4.3798828e+01
   8.1634860e+06   3.8323975e+01
   8.1718700e+06   4.6179199e+01
   8.1718870e+06   4.3084717e+01
   8.1719430e+06   3.8800049e+01
   8.1722500e+06   4.4750977e+01
   8.1722850e+06   4.1894531e+01
   8.1723300e+06   3.9276123e+01
   8.1723830e+06   4.5227051e+01
   8.1724190e+06   4.0466309e+01
   8.1881000e+06   4.0466309e+01
   8.1887780e+06   4.4512939e+01
   8.1888020e+06   3.8085938e+01
   8.1888570e+06   4.5465088e+01
   8.1888950e+06   3.9514160e+01
   8.1894560e+06   3.8323975e+01
   8.2313540e+06   3.9990234e+01
   8.2317260e+06   3.7847900e+01
   8.2317810e+06   3.9990234e+01
   8.2318070e+06   4.0704346e+01
   8.2318300e+06   4.3560791e+01
   8.2954540e+06   3.9276123e+01
   8.2956280e+06   5.9271240e+01
   8.2956440e+06   4.4989014e+01
   8.2957190e+06   4.0704346e+01
   8.3227220e+06   4.0228271e+01
   8.3230620e+06   3.8562012e+01
   8.3232050e+06   3.8562012e+01
   8.3232240e+06   4.2370605e+01
   8.3233010e+06   4.1180420e+01
   8.3233320e+06   5.2606201e+01
   8.3469850e+06   4.4036865e+01
   8.3470610e+06   4.4036865e+01
   8.3471810e+06   3.9752197e+01
   8.3472740e+06   4.2132568e+01
   8.3614980e+06   4.3322754e+01
   8.3616400e+06   4.2132568e+01
   8.3616830e+06   4.4512939e+01
   8.3617890e+06   3.8562012e+01
   8.3618030e+06   3.9514160e+01
   8.3618550e+06   3.9276123e+01
   8.3755910e+06   4.3798828e+01
   8.3757280e+06   4.1180420e+01
   8.3757470e+06   4.4750977e+01
   8.3760400e+06   4.1180420e+01
   8.3888020e+06   3.8800049e+01
   8.3889090e+06   4.5703125e+01
   8.3889770e+06   3.9990234e+01
   8.3890660e+06   3.7847900e+01
   8.3891570e+06   3.9514160e+01
   8.4003280e+06   3.8085938e+01
   8.4006960e+06   3.8562012e+01
   8.4007350e+06   4.0228271e+01
   8.4157500e+06   4.6655273e+01
   8.4158270e+06   4.1180420e+01
   8.4409110e+06   4.1418457e+01
   8.4410510e+06   3.8562012e+01
   8.4730050e+06   3.9514160e+01
   8.4843530e+06   3.9276123e+01
   8.4844380e+06   6.4746094e+01
   8.4844810e+06   4.8083496e+01
   8.5080340e+06   3.8323975e+01
   8.5080640e+06   4.1418457e+01
   8.5080830e+06   5.3796387e+01
   8.5082040e+06   4.1418457e+01
   8.5249460e+06   3.9038086e+01
   8.5360650e+06   4.2846680e+01
   8.5361630e+06   3.8562012e+01
   8.5663060e+06   3.9990234e+01
   8.5663670e+06   3.8323975e+01
   8.5784700e+06   4.6893311e+01
   8.6011600e+06   3.9990234e+01
   8.6011870e+06   4.5227051e+01
   8.6012670e+06   4.7369385e+01
   8.6218730e+06   3.9990234e+01
   8.6713480e+06   4.2608643e+01
   8.6843310e+06   3.9276123e+01
   8.6959790e+06   4.2846680e+01
   8.6960600e+06   4.2370605e+01
   8.7169340e+06   3.9276123e+01
   8.7223570e+06   4.0704346e+01
   8.7223780e+06   4.9273682e+01
   8.7223980e+06   4.3322754e+01
   8.7224440e+06   4.9749756e+01
   8.7224710e+06   4.4036865e+01
   8.7225840e+06   3.9038086e+01
   8.7847170e+06   3.9038086e+01
   8.7989520e+06   3.9752197e+01
   8.8025240e+06   4.0228271e+01
   8.8099900e+06   3.9276123e+01
   8.8449330e+06   5.2130127e+01
   8.8449570e+06   4.3560791e+01
   8.8449920e+06   4.0704346e+01
   8.8723620e+06   3.9276123e+01
   8.8723800e+06   4.6417236e+01
   8.8885890e+06   3.8800049e+01
   8.9007790e+06   4.1894531e+01
   8.9091870e+06   4.1180420e+01
   8.9261890e+06   4.0466309e+01
   8.9262240e+06   4.8083496e+01
   8.9326030e+06   3.9514160e+01
   8.9326280e+06   4.8797607e+01
   8.9326750e+06   4.2132568e+01
   8.9327150e+06   4.3084717e+01
   8.9533850e+06   4.5703125e+01
   8.9556730e+06   3.9276123e+01
   8.9644810e+06   5.3082275e+01
   8.9792090e+06   3.8800049e+01
   8.9792210e+06   5.1177979e+01
   8.9920160e+06   3.9038086e+01
   9.0026120e+06   4.0704346e+01
   9.0026340e+06   4.8321533e+01
   9.0026600e+06   3.9514160e+01
   9.0027040e+06   3.8562012e+01
   9.0127880e+06   4.6655273e+01
   9.0128160e+06   4.6893311e+01
   9.0301900e+06   3.8800049e+01
   9.0302730e+06   3.8562012e+01
   9.0430110e+06   5.2606201e+01
   9.0545220e+06   4.4512939e+01
   9.0545430e+06   3.8800049e+01
   9.0545570e+06   3.9752197e+01
   9.0546190e+06   4.0942383e+01
   9.0658450e+06   4.1894531e+01
   9.0658880e+06   4.3322754e+01
   9.0659360e+06   4.2132568e+01
   9.0839290e+06   3.9276123e+01
   9.0963900e+06   3.9038086e+01
   9.0964060e+06   4.9273682e+01
   9.1011000e+06   3.8085937e+01
   9.1011350e+06   4.6655273e+01
   9.1011740e+06   3.8323975e+01
   9.1012140e+06   3.9752197e+01
   9.1012610e+06   3.9514160e+01
   9.1017080e+06   4.1894531e+01
   9.1365370e+06   4.1656494e+01
   9.1429420e+06   4.1894531e+01
   9.1429630e+06   5.0225830e+01
   9.1430040e+06   4.7131348e+01
   9.1431200e+06   3.8800049e+01
   9.2004920e+06   4.2608643e+01
   9.2005860e+06   5.8319092e+01
   9.2006020e+06   3.8800049e+01
   9.2306960e+06   3.8800049e+01
   9.2442410e+06   5.8081055e+01
   9.2442520e+06   4.5703125e+01
   9.2443140e+06   3.8085938e+01
   9.2443920e+06   4.1180420e+01
   9.2796940e+06   4.1894531e+01
   9.2797140e+06   4.4036865e+01
   9.2891090e+06   4.0228271e+01
   9.2891360e+06   4.5703125e+01
   9.2891750e+06   4.1418457e+01
   9.2892000e+06   4.1656494e+01
   9.2892570e+06   6.7126465e+01
   9.3245070e+06   4.0942383e+01
   9.3245680e+06   4.0704346e+01
   9.3247380e+06   3.9752197e+01
   9.3539440e+06   4.5465088e+01
   9.3539720e+06   3.7847900e+01
   9.3539900e+06   4.4036865e+01
   9.3540330e+06   4.4750977e+01
   9.3854770e+06   4.0228271e+01
   9.3855420e+06   4.6417236e+01
   9.3855580e+06   3.9752197e+01
   9.4003430e+06   3.9514160e+01
   9.4003790e+06   4.3798828e+01
   9.4004310e+06   3.8323975e+01
   9.4004900e+06   3.8562012e+01
   9.4271090e+06   4.9273682e+01
   9.4271380e+06   5.4510498e+01
   9.4412640e+06   4.7131348e+01
   9.4558770e+06   4.7607422e+01
   9.4559110e+06   4.0704346e+01
   9.4560310e+06   4.0704346e+01
   9.4831930e+06   3.7847900e+01
   9.4998050e+06   4.4036865e+01
   9.4998210e+06   4.3798828e+01
   9.4998410e+06   5.5224609e+01
   9.4998740e+06   3.8323975e+01
   9.4999710e+06   3.9038086e+01
   9.4999820e+06   3.9990234e+01
   9.5271390e+06   5.7843018e+01
   9.5271610e+06   3.7847900e+01
   9.5441250e+06   4.1180420e+01
   9.5442210e+06   4.2370605e+01
   9.5667440e+06   4.4750977e+01
   9.5779340e+06   4.4036865e+01
   9.5779680e+06   6.1889648e+01
   9.5924730e+06   4.8797607e+01
   9.5924920e+06   4.1656494e+01
   9.6094730e+06   4.3798828e+01
   9.6439690e+06   4.2370605e+01
   9.6440120e+06   3.7847900e+01
   9.6440330e+06   4.8797607e+01
   9.6731760e+06   5.3082275e+01
   9.6732350e+06   4.0228271e+01
   9.6882360e+06   3.9752197e+01
   9.6883160e+06   3.7847900e+01
   9.7118040e+06   3.9514160e+01
   9.7225370e+06   4.0228271e+01
   9.7225710e+06   5.2130127e+01
   9.7376850e+06   3.9038086e+01
   9.7377160e+06   4.4274902e+01
   9.7573430e+06   3.8323975e+01
   9.7573950e+06   4.4274902e+01
   9.7575000e+06   4.0228271e+01
   9.7781530e+06   4.3798828e+01
   9.7813320e+06   4.1180420e+01
   9.7813490e+06   3.8085938e+01
   9.7908820e+06   4.2846680e+01
   9.7909280e+06   6.2603760e+01
   9.7909500e+06   5.1416016e+01
   9.8196030e+06   4.8083496e+01
   9.8196790e+06   4.3798828e+01
   9.8271240e+06   3.8323975e+01
   9.8271480e+06   3.9990234e+01
   9.8271680e+06   4.5941162e+01
   9.8272520e+06   5.3796387e+01
   9.8272760e+06   4.6417236e+01
   9.8273300e+06   4.1180420e+01
   9.8564820e+06   4.5703125e+01
   9.8825260e+06   6.5222168e+01
   9.8973310e+06   4.0466309e+01
   9.8973920e+06   3.8800049e+01
   9.9029090e+06   4.3560791e+01
   9.9155010e+06   4.0228271e+01
   9.9224660e+06   3.9752197e+01
   9.9224760e+06   5.1416016e+01
   9.9225330e+06   4.0466309e+01
   9.9225880e+06   3.8323975e+01
   9.9226490e+06   4.0942383e+01
   9.9394390e+06   4.1894531e+01
   9.9395000e+06   3.9276123e+01
   9.9395480e+06   4.0228271e+01
   9.9516980e+06   4.0704346e+01
   9.9635490e+06   5.8795166e+01
   9.9636240e+06   3.8323975e+01
   9.9636800e+06   4.0228271e+01
   9.9637160e+06   3.9514160e+01
   9.9806790e+06   4.9511719e+01
   9.9806920e+06   5.2606201e+01
   9.9807490e+06   4.0704346e+01
   9.9966990e+06   3.7847900e+01
   9.9987050e+06   4.9987793e+01
   9.9987340e+06   7.2839355e+01
   9.9987750e+06   4.6655273e+01
   1.0022266e+07   3.8085938e+01
   1.0022282e+07   6.2841797e+01
   1.0022315e+07   4.4036865e+01
   1.0022360e+07   3.7847900e+01
   1.0022405e+07   3.9514160e+01
   1.0022739e+07   4.4750977e+01
   1.0050415e+07   3.9276123e+01
   1.0050447e+07   4.2132568e+01
   1.0050543e+07   4.4036865e+01
   1.0073146e+07   5.8319092e+01
   1.0073194e+07   4.0466309e+01
   1.0073250e+07   3.9038086e+01
   1.0091896e+07   3.8562012e+01
   1.0094481e+07   4.2370605e+01
   1.0094505e+07   5.3796387e+01
   1.0094595e+07   4.0466309e+01
   1.0094627e+07   4.7607422e+01
   1.0124031e+07   4.1418457e+01
   1.0124064e+07   3.9276123e+01
   1.0140081e+07   3.9990234e+01
   1.0140096e+07   5.0701904e+01
   1.0140108e+07   3.7847900e+01
   1.0140164e+07   3.8800049e+01
   1.0196451e+07   3.8800049e+01
   1.0196545e+07   4.7369385e+01
   1.0212306e+07   4.7845459e+01
   1.0212392e+07   4.2846680e+01
   1.0231815e+07   4.1418457e+01
   1.0231858e+07   5.0701904e+01
   1.0231870e+07   3.9038086e+01
   1.0273961e+07   4.3084717e+01
   1.0276690e+07   4.2846680e+01
   1.0287485e+07   4.4036865e+01
   1.0287536e+07   4.1418457e+01
   1.0287581e+07   5.1892090e+01
   1.0295462e+07   4.1180420e+01
   1.0295495e+07   6.4746094e+01
   1.0295512e+07   3.8800049e+01
   1.0295595e+07   3.9990234e+01
   1.0312444e+07   4.0942383e+01
   1.0312478e+07   4.3560791e+01
   1.0326508e+07   3.9038086e+01
   1.0330939e+07   3.9514160e+01
   1.0330971e+07   4.4512939e+01
   1.0341028e+07   4.9511719e+01
   1.0368394e+07   3.7847900e+01
   1.0368421e+07   4.1180420e+01
   1.0368457e+07   5.4034424e+01
   1.0380314e+07   4.1180420e+01
   1.0380346e+07   4.7369385e+01
   1.0382656e+07   4.3322754e+01
   1.0382670e+07   4.9273682e+01
   1.0382704e+07   3.8562012e+01
   1.0396859e+07   3.8323975e+01
   1.0396890e+07   4.4036865e+01
   1.0419835e+07   4.5941162e+01
   1.0419853e+07   5.0463867e+01
   1.0419887e+07   3.9514160e+01
   1.0420253e+07   3.8085938e+01
   1.0420301e+07   4.3798828e+01
   1.0420317e+07   4.1656494e+01
   1.0420339e+07   3.8562012e+01
   1.0420430e+07   3.7847900e+01
   1.0420470e+07   4.0704346e+01
   1.0453800e+07   5.1177979e+01
   1.0453848e+07   5.0701904e+01
   1.0453887e+07   4.4036865e+01
   1.0453962e+07   4.0466309e+01
   1.0465483e+07   3.9038086e+01
   1.0465530e+07   4.3084717e+01
   1.0465737e+07   3.9514160e+01
   1.0465826e+07   4.0704346e+01
   1.0465891e+07   4.5941162e+01
   1.0466358e+07   4.4989014e+01
   1.0467030e+07   4.1656494e+01
   1.0483870e+07   5.6414795e+01
   1.0483908e+07   3.8085938e+01
   1.0483934e+07   3.8562012e+01
   1.0483979e+07   3.9514160e+01
   1.0484009e+07   4.1418457e+01
   1.0484948e+07   3.8323975e+01
   1.0496944e+07   4.1180420e+01
   1.0497112e+07   4.1656494e+01
   1.0507418e+07   3.9038086e+01
   1.0507507e+07   4.5227051e+01
   1.0507670e+07   4.2846680e+01
   1.0507733e+07   3.8562012e+01
   1.0507771e+07   3.8085938e+01
   1.0507898e+07   5.7843018e+01
   1.0525988e+07   4.0466309e+01
   1.0526045e+07   3.8085938e+01
   1.0526084e+07   4.0228271e+01
   1.0526172e+07   3.8323975e+01
   1.0526235e+07   4.9273682e+01
   1.0526317e+07   3.9038086e+01
   1.0526360e+07   4.1418457e+01
   1.0535512e+07   3.9752197e+01
   1.0535715e+07   4.9987793e+01
   1.0549537e+07   4.6417236e+01
   1.0549713e+07   4.4512939e+01
   1.0549758e+07   3.8323975e+01
   1.0549810e+07   4.1418457e+01
   1.0549919e+07   4.6417236e+01
   1.0550075e+07   4.1894531e+01
   1.0562981e+07   4.4036865e+01
   1.0563096e+07   4.1656494e+01
   1.0563473e+07   3.8562012e+01
   1.0593091e+07   4.0942383e+01
   1.0593187e+07   3.7847900e+01
   1.0593275e+07   4.8321533e+01
   1.0593313e+07   3.7847900e+01
   1.0593378e+07   4.0942383e+01
   1.0608326e+07   5.2606201e+01
   1.0608358e+07   5.4272461e+01
   1.0608371e+07   4.4512939e+01
   1.0608573e+07   3.8800049e+01
   1.0608682e+07   3.9276123e+01
   1.0608742e+07   3.9276123e+01
   1.0608783e+07   3.9514160e+01
   1.0624769e+07   4.5703125e+01
   1.0646061e+07   3.9752197e+01
   1.0646181e+07   5.4034424e+01
   1.0646245e+07   4.3798828e+01
   1.0646305e+07   3.8085937e+01
   1.0646497e+07   3.9276123e+01
   1.0646573e+07   4.0942383e+01
   1.0646677e+07   4.3560791e+01
   1.0671113e+07   4.1656494e+01
   1.0671190e+07   4.3084717e+01
   1.0694565e+07   4.0466309e+01
   1.0694584e+07   4.1418457e+01
   1.0694598e+07   4.5941162e+01
   1.0708153e+07   4.1656494e+01
   1.0708200e+07   4.4989014e+01
   1.0708421e+07   3.7847900e+01
   1.0723175e+07   4.1894531e+01
   1.0723209e+07   3.8562012e+01
   1.0735520e+07   4.0466309e+01
   1.0735538e+07   5.7366943e+01
   1.0735561e+07   4.6655273e+01
   1.0753312e+07   4.0466309e+01
   1.0753339e+07   5.1177979e+01
   1.0767124e+07   4.2608643e+01
   1.0767140e+07   5.5938721e+01
   1.0791072e+07   5.9271240e+01
   1.0802429e+07   4.4036865e+01
   1.0802504e+07   3.9990234e+01
   1.0802560e+07   4.0942383e+01
   1.0816001e+07   4.0228271e+01
   1.0816020e+07   3.7847900e+01
   1.0816058e+07   5.8557129e+01
   1.0816097e+07   3.7847900e+01
   1.0816140e+07   3.7847900e+01
   1.0831336e+07   3.8562012e+01
   1.0831347e+07   6.3793945e+01
   1.0831407e+07   4.2608643e+01
   1.0831449e+07   4.3560791e+01
   1.0852056e+07   4.3322754e+01
   1.0852093e+07   3.9276123e+01
   1.0862266e+07   4.7607422e+01
   1.0862279e+07   4.7131348e+01
   1.0862308e+07   3.9038086e+01
   1.0862368e+07   4.3322754e+01
   1.0876236e+07   3.7847900e+01
   1.0876270e+07   4.3560791e+01
   1.0876286e+07   5.5700684e+01
   1.0876321e+07   3.9514160e+01
   1.0899637e+07   3.8085938e+01
   1.0899677e+07   3.7847900e+01
   1.0899724e+07   4.1894531e+01
   1.0917952e+07   3.9514160e+01
   1.0934326e+07   4.4036865e+01
   1.0934364e+07   3.8323975e+01
   1.0934509e+07   4.1656494e+01
   1.0953880e+07   4.5941162e+01
   1.0953963e+07   5.1654053e+01
   1.0972420e+07   4.3084717e+01
   1.0972524e+07   4.9987793e+01
   1.0983269e+07   3.8085938e+01
   1.0983303e+07   4.5703125e+01
   1.0998480e+07   4.0228271e+01
   1.0998519e+07   4.3322754e+01
   1.0998581e+07   4.7131348e+01
   1.0998593e+07   3.7847900e+01
   1.0998688e+07   3.8562012e+01
   1.1011119e+07   3.9514160e+01
   1.1022225e+07   4.0942383e+01
   1.1040630e+07   4.3322754e+01
   1.1055026e+07   3.9514160e+01
   1.1086834e+07   4.6417236e+01
   1.1086860e+07   4.0942383e+01
   1.1086914e+07   4.0704346e+01
   1.1129886e+07   3.9752197e+01
   1.1147439e+07   4.1894531e+01
   1.1187277e+07   3.8562012e+01
   1.1206219e+07   3.9990234e+01
   1.1206512e+07   3.9038086e+01
   1.1206725e+07   3.8085937e+01
   1.1208593e+07   3.9276123e+01
   1.1230658e+07   3.9276123e+01
   1.1255877e+07   4.3798828e+01
   1.1256182e+07   3.8562012e+01
   1.1304984e+07   3.8562012e+01
   1.1305017e+07   4.9511719e+01
   1.1305285e+07   4.1418457e+01
   1.1324572e+07   4.3560791e+01
   1.1324631e+07   4.0704346e+01
   1.1344466e+07   4.1894531e+01
   1.1344540e+07   3.7847900e+01
   1.1345029e+07   3.9752197e+01
   1.1365824e+07   4.0228271e+01
   1.1371045e+07   4.4274902e+01
   1.1371096e+07   4.0228271e+01
   1.1399666e+07   3.8085938e+01
   1.1424404e+07   3.9038086e+01
   1.1424476e+07   3.9514160e+01
   1.1424978e+07   3.9276123e+01
   1.1446483e+07   3.9990234e+01
   1.1446549e+07   3.8085938e+01
   1.1468709e+07   4.3084717e+01
   1.1512099e+07   3.8323975e+01
   1.1512171e+07   4.0228271e+01
   1.1557306e+07   4.1656494e+01
   1.1579034e+07   3.9276123e+01
   1.1599833e+07   4.1656494e+01
   1.1621797e+07   3.7847900e+01
   1.1641295e+07   3.8562012e+01
   1.1697990e+07   4.0704346e+01
   1.1766296e+07   4.0942383e+01
   1.1766311e+07   3.8085938e+01
   1.1767806e+07   4.0228271e+01
   1.1767826e+07   4.3798828e+01
   1.1767847e+07   4.1180420e+01
   1.1768005e+07   4.7369385e+01
   1.1809156e+07   4.4512939e+01
   1.1809545e+07   4.1894531e+01
   1.1809584e+07   4.5227051e+01
   1.1809782e+07   4.0228271e+01
   1.1824260e+07   4.2370605e+01
   1.1824372e+07   4.5465088e+01
   1.1824382e+07   4.4512939e+01
   1.1824430e+07   3.9752197e+01
   1.1824440e+07   4.5465088e+01
   1.1824500e+07   3.8085938e+01
   1.1824527e+07   3.7847900e+01
   1.1824589e+07   3.8085937e+01
   1.1824645e+07   4.1418457e+01
   1.1824688e+07   3.8562012e+01
   1.1824993e+07   3.9038086e+01
   1.1841986e+07   5.2606201e+01
   1.1842081e+07   3.7847900e+01
   1.1842092e+07   3.8800049e+01
   1.1857025e+07   4.3084717e+01
   1.1857138e+07   3.8085938e+01
   1.1857283e+07   3.9038086e+01
   1.1872348e+07   4.0942383e+01
   1.1872428e+07   4.3084717e+01
   1.1872440e+07   4.5703125e+01
   1.1872501e+07   4.4750977e+01
   1.1872515e+07   3.9514160e+01
   1.1872539e+07   4.3560791e+01
   1.1872602e+07   3.9038086e+01
   1.1872622e+07   4.2846680e+01
   1.1872812e+07   3.9752197e+01
   1.1884865e+07   3.8323975e+01
   1.1884969e+07   3.9276123e+01
   1.1885019e+07   5.1177979e+01
   1.1885086e+07   3.8323975e+01
   1.1898167e+07   4.6417236e+01
   1.1898252e+07   3.9276123e+01
   1.1898306e+07   5.9509277e+01
   1.1919392e+07   4.1894531e+01
   1.1919413e+07   3.7847900e+01
   1.1919523e+07   4.3322754e+01
   1.1919770e+07   3.9990234e+01
   1.1919848e+07   4.5703125e+01
   1.1919868e+07   4.6893311e+01
   1.1943370e+07   4.0704346e+01
   1.1943524e+07   3.7847900e+01
   1.1957630e+07   4.3084717e+01
   1.1970863e+07   3.9038086e+01
   1.1970896e+07   3.8085938e+01
   1.1970940e+07   4.4989014e+01
