   1.1999000e+07   0.0000000e+00
   1.4506000e+04   2.6306152e+01
   1.8028000e+04   4.7851562e+01
   1.8446000e+04   3.6437988e+01
   1.8644000e+04   3.6865234e+01
   1.8713000e+04   3.8330078e+01
   1.9051000e+04   3.4057617e+01
   1.9703000e+04   2.8381348e+01
   1.9926000e+04   2.7282715e+01
   2.0172000e+04   2.6916504e+01
   2.5749000e+04   2.6367188e+01
   2.7306000e+04   2.8808594e+01
   3.5142000e+04   2.7160645e+01
   4.4748000e+04   2.8686523e+01
   5.1428000e+04   2.6855469e+01
   5.4852000e+04   3.6071777e+01
   5.5334000e+04   3.5705566e+01
   5.5719000e+04   2.7893066e+01
   5.6394000e+04   2.8198242e+01
   5.8383000e+04   3.0273438e+01
   8.5116000e+04   4.9316406e+01
   8.5233000e+04   3.8940430e+01
   1.0027700e+05   3.1066895e+01
   1.0269000e+05   3.3203125e+01
   1.0306500e+05   3.4484863e+01
   1.0357100e+05   3.4851074e+01
   1.0368300e+05   4.2846680e+01
   1.0414600e+05   3.3935547e+01
   1.1518400e+05   2.6367188e+01
   1.1796600e+05   2.6855469e+01
   1.3477300e+05   2.6367188e+01
   1.5150000e+05   2.7221680e+01
   1.6238000e+05   3.7780762e+01
   1.6267900e+05   3.4606934e+01
   1.6306500e+05   2.8381348e+01
   1.6321800e+05   2.7709961e+01
   1.6373600e+05   2.7526855e+01
   1.6773300e+05   2.7099609e+01
   1.9860800e+05   2.8259277e+01
   2.0474100e+05   3.1250000e+01
   2.0561200e+05   3.2165527e+01
   2.2769400e+05   2.6306152e+01
   2.3839100e+05   2.7893066e+01
   2.3923800e+05   3.9916992e+01
   2.3972400e+05   3.9611816e+01
   2.4046300e+05   2.8198242e+01
   2.4062800e+05   2.8747559e+01
   2.4175300e+05   2.7221680e+01
   2.5574100e+05   3.3142090e+01
   2.5874100e+05   3.6621094e+01
   2.5923200e+05   3.3142090e+01
   2.6011300e+05   2.8869629e+01
   2.7229500e+05   2.8076172e+01
   2.7949900e+05   2.7832031e+01
   2.8286700e+05   2.9357910e+01
   2.8571700e+05   3.6071777e+01
   3.1380900e+05   2.9113770e+01
   3.1497600e+05   2.6672363e+01
   3.2507200e+05   4.5166016e+01
   3.2541000e+05   3.0151367e+01
   3.2554800e+05   2.6733398e+01
   3.2858700e+05   2.8137207e+01
   3.3467600e+05   2.6367188e+01
   3.3685400e+05   2.7954102e+01
   3.4422100e+05   3.8452148e+01
   3.4457000e+05   3.7597656e+01
   3.4486300e+05   3.6376953e+01
   3.4492400e+05   3.0273438e+01
   3.4527700e+05   2.9235840e+01
   3.4555100e+05   4.1809082e+01
   3.4576500e+05   2.8808594e+01
   3.4608200e+05   2.7954102e+01
   3.4656500e+05   2.6428223e+01
   3.4685100e+05   2.9052734e+01
   3.5806000e+05   2.9174805e+01
   3.7631300e+05   2.6977539e+01
   3.8154400e+05   2.9418945e+01
   3.9188100e+05   4.0954590e+01
   3.9439300e+05   2.9418945e+01
   4.0776600e+05   2.9541016e+01
   4.1531800e+05   4.1198730e+01
   4.3179100e+05   2.8015137e+01
   4.3394300e+05   2.8198242e+01
   4.5033300e+05   2.7160645e+01
   4.5724100e+05   4.0527344e+01
   4.5784000e+05   3.1066895e+01
   4.5906400e+05   3.7292480e+01
   4.6695700e+05   3.1555176e+01
   4.6812600e+05   2.9296875e+01
   4.7687900e+05   2.6306152e+01
   4.7692200e+05   3.0761719e+01
   4.7767700e+05   3.4851074e+01
   4.7900300e+05   2.8503418e+01
   5.0254600e+05   2.7221680e+01
   5.1590500e+05   2.6428223e+01
   5.2021800e+05   2.6489258e+01
   5.2109000e+05   4.1870117e+01
   5.2725200e+05   2.7221680e+01
   5.2752300e+05   2.6489258e+01
   5.2823200e+05   3.1494141e+01
   5.3347500e+05   2.7099609e+01
   5.4110500e+05   2.9113770e+01
   5.4297100e+05   3.9184570e+01
   5.4312200e+05   2.8076172e+01
   5.4974100e+05   4.0466309e+01
   5.5004400e+05   3.8146973e+01
   5.5069300e+05   3.6499023e+01
   5.5081500e+05   2.6428223e+01
   5.5091800e+05   2.7465820e+01
   5.5103200e+05   3.7170410e+01
   5.6474200e+05   2.8381348e+01
   5.7367100e+05   2.7465820e+01
   5.8238700e+05   4.7912598e+01
   6.0199400e+05   2.8442383e+01
   6.0390400e+05   2.8381348e+01
   6.0589200e+05   2.9174805e+01
   6.2524700e+05   3.0517578e+01
   6.6307200e+05   2.7709961e+01
   6.6958700e+05   2.6611328e+01
   6.7262600e+05   3.6193848e+01
   6.7282500e+05   2.6611328e+01
   6.7286400e+05   3.5522461e+01
   6.7315500e+05   3.5156250e+01
   6.7353800e+05   2.7038574e+01
   7.0364500e+05   2.7648926e+01
   7.1159400e+05   2.7526855e+01
   7.2435900e+05   2.6977539e+01
   7.2915200e+05   3.6926270e+01
   7.2942400e+05   3.3874512e+01
   7.2979900e+05   3.8330078e+01
   7.3026100e+05   3.6132813e+01
   7.3046000e+05   3.2287598e+01
   7.4254400e+05   2.6794434e+01
   7.5214100e+05   3.9428711e+01
   7.5276400e+05   2.9907227e+01
   7.5806800e+05   2.6367188e+01
   7.6542100e+05   3.5461426e+01
   7.6699400e+05   3.0578613e+01
   7.7678000e+05   3.0639648e+01
   7.8197900e+05   2.7587891e+01
   7.8263100e+05   3.4790039e+01
   7.8320500e+05   3.5339355e+01
   7.8323800e+05   3.0212402e+01
   7.9981900e+05   2.6428223e+01
   8.0119000e+05   3.4912109e+01
   8.1250600e+05   2.9174805e+01
   8.2051000e+05   2.6733398e+01
   8.3666000e+05   3.1005859e+01
   8.4212300e+05   3.2897949e+01
   8.4237500e+05   3.2714844e+01
   8.4250300e+05   2.7404785e+01
   8.4260600e+05   3.1066895e+01
   8.4273200e+05   3.0578613e+01
   8.4292200e+05   3.0334473e+01
   8.4307800e+05   4.4738770e+01
   8.4316500e+05   2.9785156e+01
   8.4326300e+05   2.7893066e+01
   8.4329400e+05   2.6611328e+01
   8.4342300e+05   3.0883789e+01
   8.4377600e+05   2.8015137e+01
   8.4441800e+05   2.9174805e+01
   8.5940300e+05   2.9968262e+01
   8.7711600e+05   2.6367188e+01
   8.8664500e+05   3.9062500e+01
   8.8735200e+05   3.4851074e+01
   9.0518800e+05   2.7587891e+01
   9.0608900e+05   2.7221680e+01
   9.1125000e+05   2.9357910e+01
   9.2503800e+05   3.6010742e+01
   9.2587200e+05   4.1931152e+01
   9.2638700e+05   3.6010742e+01
   9.2668000e+05   2.9479980e+01
   9.2680200e+05   6.3842773e+01
   9.2682100e+05   2.6367188e+01
   9.2691400e+05   3.6682129e+01
   9.2693600e+05   2.6428223e+01
   9.2709100e+05   3.1494141e+01
   9.2784200e+05   2.7709961e+01
   9.3393800e+05   2.6367188e+01
   9.5424300e+05   2.8625488e+01
   9.6762400e+05   3.9428711e+01
   9.7900500e+05   2.6550293e+01
   9.8074500e+05   4.1381836e+01
   9.8108100e+05   3.6926270e+01
   9.8109300e+05   2.8808594e+01
   9.8216800e+05   2.6550293e+01
   9.8222300e+05   5.0048828e+01
   9.8331600e+05   5.2001953e+01
   9.8363700e+05   3.2775879e+01
   9.9041800e+05   2.6977539e+01
   9.9660600e+05   3.0273438e+01
   1.0187110e+06   5.2551270e+01
   1.0195360e+06   2.9968262e+01
   1.0205500e+06   3.6926270e+01
   1.0222600e+06   3.0578613e+01
   1.0227370e+06   4.0222168e+01
   1.0228370e+06   4.2480469e+01
   1.0228480e+06   3.8208008e+01
   1.0229410e+06   3.3020020e+01
   1.0232520e+06   2.9541016e+01
   1.0363150e+06   2.6489258e+01
   1.0755710e+06   2.7221680e+01
   1.0805100e+06   4.5104980e+01
   1.0805850e+06   3.6437988e+01
   1.0811250e+06   2.6733398e+01
   1.0821360e+06   2.8320313e+01
   1.0827680e+06   3.3020020e+01
   1.0833590e+06   3.3386230e+01
   1.0836160e+06   2.8625488e+01
   1.0837270e+06   2.8930664e+01
   1.0841860e+06   3.2348633e+01
   1.0842300e+06   5.0842285e+01
   1.0842510e+06   2.6428223e+01
   1.0843830e+06   3.2836914e+01
   1.0845850e+06   2.6550293e+01
   1.0860800e+06   2.6794434e+01
   1.1019270e+06   2.6611328e+01
   1.1246290e+06   2.6733398e+01
   1.1292490e+06   3.0456543e+01
   1.1327260e+06   2.6733398e+01
   1.1356500e+06   2.9296875e+01
   1.1416590e+06   2.8015137e+01
   1.1500960e+06   2.6855469e+01
   1.1528840e+06   2.7587891e+01
   1.1591030e+06   2.8625488e+01
   1.1697660e+06   2.8320313e+01
   1.1792720e+06   4.3945313e+01
   1.1796150e+06   3.1616211e+01
   1.1799160e+06   4.2724609e+01
   1.1800230e+06   2.7465820e+01
   1.1800910e+06   2.7221680e+01
   1.1802530e+06   2.9602051e+01
   1.1805270e+06   3.0761719e+01
   1.1807650e+06   2.9052734e+01
   1.1844930e+06   4.4250488e+01
   1.1874260e+06   2.7221680e+01
   1.2163190e+06   2.8442383e+01
   1.2188920e+06   2.7099609e+01
   1.2407390e+06   3.3752441e+01
   1.2419680e+06   3.2287598e+01
   1.2422550e+06   3.4973145e+01
   1.2427940e+06   3.9367676e+01
   1.2428170e+06   3.4545898e+01
   1.2428440e+06   2.9174805e+01
   1.2428620e+06   4.7180176e+01
   1.2428820e+06   3.1311035e+01
   1.2429770e+06   2.7832031e+01
   1.2430700e+06   3.2226563e+01
   1.2431320e+06   2.8503418e+01
   1.2432780e+06   2.7770996e+01
   1.2435650e+06   2.6611328e+01
   1.2438250e+06   2.8991699e+01
   1.2572650e+06   3.0090332e+01
   1.2581090e+06   3.4301758e+01
   1.2587790e+06   2.9602051e+01
   1.2912040e+06   2.9968262e+01
   1.3125220e+06   2.7160645e+01
   1.3195240e+06   2.8015137e+01
   1.3205820e+06   2.7160645e+01
   1.3209390e+06   3.1188965e+01
   1.3464560e+06   2.6977539e+01
   1.3582140e+06   2.6977539e+01
   1.3640970e+06   3.3935547e+01
   1.3667000e+06   2.7221680e+01
   1.3820970e+06   2.7099609e+01
   1.3842470e+06   3.1555176e+01
   1.3845400e+06   2.7709961e+01
   1.3845820e+06   3.3264160e+01
   1.3849500e+06   3.4790039e+01
   1.3852050e+06   3.4790039e+01
   1.3855530e+06   3.0090332e+01
   1.3856760e+06   2.7343750e+01
   1.4148700e+06   2.6489258e+01
   1.4268000e+06   2.7038574e+01
   1.4305030e+06   3.5705566e+01
   1.4308320e+06   3.2531738e+01
   1.4313920e+06   5.4199219e+01
   1.4315270e+06   3.6987305e+01
   1.4316650e+06   3.4545898e+01
   1.4320210e+06   3.9062500e+01
   1.4325090e+06   2.9235840e+01
   1.4403420e+06   2.6611328e+01
   1.4672000e+06   3.7170410e+01
   1.4867530e+06   2.9846191e+01
   1.4879610e+06   2.6794434e+01
   1.4962910e+06   3.2470703e+01
   1.4968350e+06   3.5644531e+01
   1.5093880e+06   3.8208008e+01
   1.5202990e+06   2.8137207e+01
   1.5206840e+06   3.1311035e+01
   1.5335580e+06   2.7465820e+01
   1.5484390e+06   2.9235840e+01
   1.5517120e+06   2.6916504e+01
   1.5554400e+06   3.0883789e+01
   1.5652380e+06   2.8747559e+01
   1.5660680e+06   3.1005859e+01
   1.5668570e+06   2.6855469e+01
   1.5684120e+06   2.7282715e+01
   1.5729560e+06   2.6733398e+01
   1.5827570e+06   2.9663086e+01
   1.5854220e+06   2.7343750e+01
   1.5958650e+06   2.7160645e+01
   1.5959250e+06   3.1066895e+01
   1.5968270e+06   3.2226563e+01
   1.6116380e+06   3.0273438e+01
   1.6316350e+06   3.2958984e+01
   1.6321360e+06   3.5888672e+01
   1.6327980e+06   3.3813477e+01
   1.6341070e+06   2.6611328e+01
   1.6724030e+06   2.9052734e+01
   1.6747420e+06   3.4423828e+01
   1.6826200e+06   3.6254883e+01
   1.6847020e+06   3.1188965e+01
   1.6957710e+06   2.9846191e+01
   1.6983850e+06   2.6916504e+01
   1.6985550e+06   3.0883789e+01
   1.6987790e+06   2.8259277e+01
   1.7066970e+06   2.7099609e+01
   1.7111980e+06   2.9418945e+01
   1.7266900e+06   4.6569824e+01
   1.7271910e+06   2.6428223e+01
   1.7451180e+06   2.7465820e+01
   1.7661740e+06   4.7973633e+01
   1.7687460e+06   2.9113770e+01
   1.7818750e+06   2.7038574e+01
   1.7852430e+06   2.6428223e+01
   1.7899160e+06   2.9418945e+01
   1.7962690e+06   3.4545898e+01
   1.8106630e+06   2.6489258e+01
   1.8485230e+06   3.2592773e+01
   1.8488660e+06   3.8146973e+01
   1.8491420e+06   4.4311523e+01
   1.8491790e+06   2.6428223e+01
   1.8492250e+06   3.2043457e+01
   1.8492960e+06   2.7587891e+01
   1.8493620e+06   3.0761719e+01
   1.8496490e+06   2.7465820e+01
   1.8498870e+06   2.6428223e+01
   1.8502430e+06   2.9541016e+01
   1.8572650e+06   2.6733398e+01
   1.8668370e+06   3.7231445e+01
   1.8675450e+06   2.7404785e+01
   1.8685160e+06   2.7099609e+01
   1.8789890e+06   2.6550293e+01
   1.8791780e+06   3.0883789e+01
   1.8796060e+06   2.6794434e+01
   1.8835780e+06   2.8564453e+01
   1.8999410e+06   3.4362793e+01
   1.9013580e+06   3.5522461e+01
   1.9021460e+06   3.4179688e+01
   1.9047030e+06   2.6916504e+01
   1.9110810e+06   2.6611328e+01
   1.9276850e+06   2.7038574e+01
   1.9346240e+06   2.7709961e+01
   1.9422250e+06   3.3447266e+01
   1.9425380e+06   3.4484863e+01
   1.9430800e+06   4.0039062e+01
   1.9432070e+06   4.0344238e+01
   1.9434120e+06   2.6672363e+01
   1.9629030e+06   2.7038574e+01
   1.9655220e+06   3.0761719e+01
   1.9734280e+06   2.7893066e+01
   1.9987470e+06   3.1372070e+01
   2.0009330e+06   2.7526855e+01
   2.0265570e+06   3.0212402e+01
   2.0276280e+06   2.6916504e+01
   2.0494070e+06   4.0954590e+01
   2.0498650e+06   3.5400391e+01
   2.0517120e+06   3.8757324e+01
   2.0637030e+06   2.9113770e+01
   2.0653750e+06   2.6977539e+01
   2.0870560e+06   3.0151367e+01
   2.1031190e+06   3.1250000e+01
   2.1306860e+06   3.1127930e+01
   2.1308800e+06   2.8381348e+01
   2.1310470e+06   3.1738281e+01
   2.1311750e+06   2.9357910e+01
   2.1311930e+06   5.6701660e+01
   2.1312680e+06   3.3752441e+01
   2.1428180e+06   2.8015137e+01
   2.1801290e+06   3.6682129e+01
   2.1890260e+06   2.8137207e+01
   2.1974060e+06   3.2836914e+01
   2.1980570e+06   2.9296875e+01
   2.2055480e+06   2.6855469e+01
   2.2201060e+06   2.8564453e+01
   2.2349970e+06   2.7832031e+01
   2.2411630e+06   2.6489258e+01
   2.2556280e+06   3.3935547e+01
   2.2588070e+06   2.8625488e+01
   2.2595470e+06   2.6367188e+01
   2.2595840e+06   4.3884277e+01
   2.2603330e+06   3.5827637e+01
   2.3000050e+06   2.6916504e+01
   2.3038220e+06   2.6611328e+01
   2.3139650e+06   3.8818359e+01
   2.3267960e+06   2.6550293e+01
   2.3561150e+06   2.6611328e+01
   2.3564440e+06   4.4860840e+01
   2.3946460e+06   2.6611328e+01
   2.3980340e+06   2.6733398e+01
   2.4096260e+06   2.6977539e+01
   2.4328690e+06   2.9052734e+01
   2.4332110e+06   3.0273438e+01
   2.4335670e+06   5.6945801e+01
   2.4337360e+06   5.1940918e+01
   2.4339020e+06   2.6977539e+01
   2.4462420e+06   2.7893066e+01
   2.4496950e+06   2.8991699e+01
   2.4507890e+06   2.7465820e+01
   2.4545710e+06   2.6794434e+01
   2.4630210e+06   3.1311035e+01
   2.4635210e+06   2.6794434e+01
   2.4775570e+06   3.2348633e+01
   2.4984830e+06   3.1616211e+01
   2.5036210e+06   2.6550293e+01
   2.5129130e+06   3.3447266e+01
   2.5139420e+06   3.3081055e+01
   2.5142840e+06   5.3955078e+01
   2.5143970e+06   3.3508301e+01
   2.5145620e+06   2.8381348e+01
   2.5147590e+06   4.7241211e+01
   2.5148930e+06   3.1494141e+01
   2.5151690e+06   3.2104492e+01
   2.5294470e+06   2.8686523e+01
   2.5616040e+06   2.6306152e+01
   2.5758200e+06   2.6794434e+01
   2.5771280e+06   2.9724121e+01
   2.5804600e+06   2.8747559e+01
   2.5816040e+06   5.2734375e+01
   2.6126600e+06   2.6306152e+01
   2.6190700e+06   2.9907227e+01
   2.6311260e+06   3.6315918e+01
   2.6539580e+06   2.6916504e+01
   2.6631390e+06   2.6550293e+01
   2.6719670e+06   3.8513184e+01
   2.6933190e+06   3.6499023e+01
   2.6937740e+06   3.0578613e+01
   2.7305180e+06   3.5949707e+01
   2.7716420e+06   2.9968262e+01
   2.7728140e+06   2.9357910e+01
   2.7887290e+06   2.8564453e+01
   2.7998510e+06   3.2592773e+01
   2.8003600e+06   2.9174805e+01
   2.8136650e+06   2.8442383e+01
   2.8306720e+06   2.9602051e+01
   2.8416400e+06   3.4484863e+01
   2.8537290e+06   2.9296875e+01
   2.8601450e+06   2.6733398e+01
   2.8604390e+06   3.3325195e+01
   2.8641760e+06   2.8686523e+01
   2.8752810e+06   3.5766602e+01
   2.8865160e+06   2.6672363e+01
   2.9063320e+06   3.1250000e+01
   2.9125280e+06   2.6855469e+01
   2.9356690e+06   4.1748047e+01
   2.9415160e+06   2.9907227e+01
   2.9452050e+06   2.6367188e+01
   2.9504990e+06   3.8269043e+01
   2.9515700e+06   2.6428223e+01
   2.9522220e+06   2.7282715e+01
   2.9593710e+06   2.7160645e+01
   2.9827370e+06   2.6367188e+01
   2.9861570e+06   3.3813477e+01
   2.9877380e+06   2.6550293e+01
   2.9887540e+06   3.5339355e+01
   3.0112610e+06   3.2836914e+01
   3.0242990e+06   2.6611328e+01
   3.0282430e+06   3.5339355e+01
   3.0374260e+06   2.6733398e+01
   3.0452140e+06   3.4118652e+01
   3.0491340e+06   2.6367188e+01
   3.0544320e+06   2.6794434e+01
   3.0616200e+06   2.7954102e+01
   3.0747140e+06   2.6977539e+01
   3.0837510e+06   2.7160645e+01
   3.0893050e+06   2.9296875e+01
   3.0895730e+06   3.1372070e+01
   3.0946040e+06   3.6560059e+01
   3.0992130e+06   2.7404785e+01
   3.1034140e+06   2.9541016e+01
   3.1039900e+06   3.0212402e+01
   3.1047670e+06   3.9367676e+01
   3.1049030e+06   3.2958984e+01
   3.1049220e+06   5.0170898e+01
   3.1052020e+06   2.8625488e+01
   3.1057830e+06   3.7536621e+01
   3.1058150e+06   3.2043457e+01
   3.1059260e+06   4.0588379e+01
   3.1060000e+06   3.4729004e+01
   3.1060110e+06   2.8503418e+01
   3.1077570e+06   2.7099609e+01
   3.1084320e+06   2.9541016e+01
   3.1089340e+06   2.8076172e+01
   3.1375540e+06   3.1250000e+01
   3.1538830e+06   3.0761719e+01
   3.1689680e+06   2.8015137e+01
   3.1748640e+06   3.6560059e+01
   3.1753890e+06   3.2287598e+01
   3.1863240e+06   2.7893066e+01
   3.1882510e+06   3.0456543e+01
   3.1988570e+06   2.7160645e+01
   3.2066950e+06   4.2541504e+01
   3.2393190e+06   2.7587891e+01
   3.2480670e+06   3.3142090e+01
   3.2618980e+06   2.7893066e+01
   3.2705360e+06   3.1250000e+01
   3.2740570e+06   2.7221680e+01
   3.2749430e+06   4.0100098e+01
   3.2750750e+06   4.1137695e+01
   3.2885030e+06   2.7954102e+01
   3.2908450e+06   3.4851074e+01
   3.3069300e+06   3.2653809e+01
   3.3074810e+06   3.1311035e+01
   3.3165840e+06   2.7526855e+01
   3.3224710e+06   3.3020020e+01
   3.3280640e+06   3.3874512e+01
   3.3444630e+06   3.2287598e+01
   3.3474390e+06   2.7404785e+01
   3.3579150e+06   3.3142090e+01
   3.3940130e+06   3.6132813e+01
   3.4088900e+06   3.6071777e+01
   3.4328690e+06   2.9663086e+01
   3.4347920e+06   2.7648926e+01
   3.4471090e+06   3.4362793e+01
   3.4581520e+06   3.3203125e+01
   3.4588110e+06   3.3691406e+01
   3.4592990e+06   2.8625488e+01
   3.4598240e+06   2.7343750e+01
   3.4618920e+06   2.6428223e+01
   3.4813370e+06   2.8930664e+01
   3.4934940e+06   2.7404785e+01
   3.4965440e+06   3.0395508e+01
   3.5015640e+06   2.6367188e+01
   3.5126480e+06   2.9724121e+01
   3.5182950e+06   2.8198242e+01
   3.5214680e+06   3.0212402e+01
   3.5286300e+06   2.8259277e+01
   3.5333010e+06   3.6315918e+01
   3.5594650e+06   3.9001465e+01
   3.5626750e+06   3.4545898e+01
   3.5814700e+06   2.7038574e+01
   3.5820900e+06   4.9133301e+01
   3.5821670e+06   4.9987793e+01
   3.5821880e+06   3.0334473e+01
   3.5823870e+06   3.0761719e+01
   3.5830110e+06   2.7770996e+01
   3.5832000e+06   2.7404785e+01
   3.5834570e+06   3.7841797e+01
   3.5857120e+06   2.6733398e+01
   3.5875920e+06   2.7038574e+01
   3.5999360e+06   3.3935547e+01
   3.6109250e+06   3.2043457e+01
   3.6178230e+06   3.9978027e+01
   3.6302880e+06   4.1503906e+01
   3.6304430e+06   3.1066895e+01
   3.6306690e+06   2.9907227e+01
   3.6396520e+06   4.6020508e+01
   3.6401230e+06   4.3762207e+01
   3.6518890e+06   2.6733398e+01
   3.6598410e+06   3.7048340e+01
   3.6603840e+06   2.7954102e+01
   3.6652240e+06   3.0700684e+01
   3.6667230e+06   3.9550781e+01
   3.6730540e+06   2.7343750e+01
   3.6735410e+06   4.0527344e+01
   3.6818050e+06   4.8400879e+01
   3.6820650e+06   2.8686523e+01
   3.6905170e+06   2.8503418e+01
   3.6976030e+06   3.9306641e+01
   3.6977200e+06   2.7526855e+01
   3.6978330e+06   3.7109375e+01
   3.7064320e+06   4.1809082e+01
   3.7141610e+06   2.9113770e+01
   3.7143240e+06   2.9357910e+01
   3.7223540e+06   2.6611328e+01
   3.7283010e+06   2.6733398e+01
   3.7464110e+06   4.2236328e+01
   3.7470520e+06   3.3996582e+01
   3.7506110e+06   2.7099609e+01
   3.7706510e+06   3.5278320e+01
   3.7781450e+06   2.6428223e+01
   3.7784230e+06   3.2104492e+01
   3.7788470e+06   2.7404785e+01
   3.7789090e+06   3.7902832e+01
   3.7791070e+06   3.5766602e+01
   3.7793140e+06   2.7465820e+01
   3.7796670e+06   2.7404785e+01
   3.7800090e+06   2.6306152e+01
   3.7803750e+06   3.0395508e+01
   3.7808680e+06   3.5827637e+01
   3.7808990e+06   2.9602051e+01
   3.8194100e+06   2.8015137e+01
   3.8194430e+06   4.1564941e+01
   3.8203150e+06   3.3264160e+01
   3.8259050e+06   3.1066895e+01
   3.8259930e+06   4.0588379e+01
   3.8260060e+06   3.2348633e+01
   3.8260210e+06   3.1616211e+01
   3.8261530e+06   3.3081055e+01
   3.8261750e+06   2.8137207e+01
   3.8269650e+06   2.7770996e+01
   3.8277100e+06   2.6855469e+01
   3.8506960e+06   3.8757324e+01
   3.8576790e+06   3.8208008e+01
   3.8580860e+06   2.6977539e+01
   3.8581110e+06   2.9418945e+01
   3.8603190e+06   3.0517578e+01
   3.8681100e+06   4.4738770e+01
   3.8694750e+06   3.8391113e+01
   3.8819160e+06   2.8747559e+01
   3.8961630e+06   4.1748047e+01
   3.8973940e+06   3.4057617e+01
   3.8977450e+06   3.7719727e+01
   3.9003800e+06   2.8381348e+01
   3.9014740e+06   2.7343750e+01
   3.9019570e+06   3.7902832e+01
   3.9024410e+06   2.7160645e+01
   3.9101950e+06   2.6428223e+01
   3.9146340e+06   3.7353516e+01
   3.9147100e+06   2.8259277e+01
   3.9147680e+06   3.4423828e+01
   3.9190340e+06   2.8869629e+01
   3.9214210e+06   2.6306152e+01
   3.9237860e+06   3.3264160e+01
   3.9262600e+06   3.6254883e+01
   3.9315060e+06   2.8503418e+01
   3.9363800e+06   2.9541016e+01
   3.9425420e+06   2.7893066e+01
   3.9426160e+06   3.9489746e+01
   3.9427480e+06   2.8869629e+01
   3.9511050e+06   4.0527344e+01
   3.9548280e+06   2.7221680e+01
   3.9581760e+06   4.4006348e+01
   3.9617510e+06   4.3395996e+01
   3.9679170e+06   3.6743164e+01
   3.9712770e+06   2.8808594e+01
   3.9833330e+06   3.5766602e+01
   3.9840970e+06   4.2663574e+01
   3.9912790e+06   2.8808594e+01
   3.9964840e+06   2.6672363e+01
   4.0035330e+06   2.9479980e+01
   4.0115670e+06   3.8879395e+01
   4.0133780e+06   3.2897949e+01
   4.0182080e+06   3.8635254e+01
   4.0205960e+06   2.8320313e+01
   4.0209080e+06   3.6376953e+01
   4.0322320e+06   3.6315918e+01
   4.0429240e+06   4.4189453e+01
   4.0429510e+06   2.6489258e+01
   4.0570100e+06   4.2663574e+01
   4.0586830e+06   3.4240723e+01
   4.0680660e+06   2.8076172e+01
   4.0712780e+06   2.6367188e+01
   4.0724450e+06   3.4423828e+01
   4.0810600e+06   4.1259766e+01
   4.0838960e+06   2.7099609e+01
   4.0853630e+06   4.0649414e+01
   4.1081590e+06   3.7719727e+01
   4.1086700e+06   2.8259277e+01
   4.1098230e+06   2.6428223e+01
   4.1195540e+06   4.0954590e+01
   4.1205130e+06   4.4982910e+01
   4.1310530e+06   2.6916504e+01
   4.1310770e+06   4.4555664e+01
   4.1420140e+06   3.3752441e+01
   4.1422450e+06   3.0334473e+01
   4.1425230e+06   2.7893066e+01
   4.1426710e+06   3.6254883e+01
   4.1428030e+06   3.3996582e+01
   4.1433730e+06   2.6855469e+01
   4.1437410e+06   2.7343750e+01
   4.1564640e+06   2.9663086e+01
   4.1583180e+06   3.6010742e+01
   4.1646190e+06   3.9855957e+01
   4.1660420e+06   2.6489258e+01
   4.1663940e+06   2.6428223e+01
   4.1687560e+06   2.7160645e+01
   4.1751860e+06   4.4372559e+01
   4.1837120e+06   2.8686523e+01
   4.1937550e+06   2.8076172e+01
   4.1939310e+06   3.6743164e+01
   4.2060140e+06   3.2104492e+01
   4.2140690e+06   4.2907715e+01
   4.2218090e+06   4.8400879e+01
   4.2318190e+06   4.2419434e+01
   4.2540340e+06   3.8635254e+01
   4.2573540e+06   3.5461426e+01
   4.2576270e+06   3.5400391e+01
   4.2639010e+06   3.2958984e+01
   4.2697930e+06   3.2165527e+01
   4.2735430e+06   4.0466309e+01
   4.2804400e+06   2.8137207e+01
   4.2873790e+06   2.6916504e+01
   4.2913910e+06   3.1372070e+01
   4.2945430e+06   3.7292480e+01
   4.2950850e+06   4.0710449e+01
   4.3094550e+06   2.6428223e+01
   4.3105530e+06   3.0029297e+01
   4.3216960e+06   2.8076172e+01
   4.3387780e+06   2.8686523e+01
   4.3388020e+06   2.6977539e+01
   4.3388640e+06   2.7465820e+01
   4.3389400e+06   3.6499023e+01
   4.3461200e+06   2.8015137e+01
   4.3582960e+06   2.7160645e+01
   4.3594190e+06   4.1992187e+01
   4.3595900e+06   4.6325684e+01
   4.3688890e+06   3.9733887e+01
   4.3816170e+06   4.2236328e+01
   4.3818710e+06   3.3447266e+01
   4.3965580e+06   4.8522949e+01
   4.3998200e+06   3.1066895e+01
   4.4000160e+06   2.7099609e+01
   4.4037570e+06   4.3518066e+01
   4.4073040e+06   3.3447266e+01
   4.4138790e+06   3.9367676e+01
   4.4171500e+06   2.8930664e+01
   4.4231630e+06   2.7587891e+01
   4.4264280e+06   3.0090332e+01
   4.4284750e+06   3.1677246e+01
   4.4350980e+06   3.7475586e+01
   4.4521900e+06   2.9846191e+01
   4.4715050e+06   2.7587891e+01
   4.4772990e+06   3.3874512e+01
   4.4811670e+06   2.9296875e+01
   4.4908920e+06   3.7292480e+01
   4.4969110e+06   2.7465820e+01
   4.5095980e+06   4.1870117e+01
   4.5293200e+06   2.6489258e+01
   4.5341130e+06   2.6916504e+01
   4.5355720e+06   3.6254883e+01
   4.5449300e+06   3.1982422e+01
   4.5471440e+06   2.6794434e+01
   4.5623990e+06   4.0832520e+01
   4.5654470e+06   3.6560059e+01
   4.5749050e+06   4.0283203e+01
   4.5751150e+06   2.9907227e+01
   4.5877000e+06   3.2897949e+01
   4.5986160e+06   3.6010742e+01
   4.6104340e+06   3.8269043e+01
   4.6106450e+06   2.6489258e+01
   4.6285140e+06   3.5888672e+01
   4.6413840e+06   4.2053223e+01
   4.6523680e+06   3.0639648e+01
   4.6528340e+06   3.3264160e+01
   4.6554280e+06   3.0761719e+01
   4.6554610e+06   2.8015137e+01
   4.6557330e+06   2.8564453e+01
   4.6699450e+06   3.7963867e+01
   4.6849220e+06   3.5034180e+01
   4.6939250e+06   3.3203125e+01
   4.7194980e+06   3.0944824e+01
   4.7301730e+06   3.8452148e+01
   4.7301900e+06   2.8869629e+01
   4.7334580e+06   4.5349121e+01
   4.7453710e+06   3.3569336e+01
   4.7475400e+06   2.6977539e+01
   4.7544140e+06   3.3325195e+01
   4.7683560e+06   2.7526855e+01
   4.7813710e+06   3.8757324e+01
   4.7932520e+06   3.4729004e+01
   4.8026160e+06   3.6376953e+01
   4.8028460e+06   4.0527344e+01
   4.8032020e+06   2.7099609e+01
   4.8155440e+06   3.7292480e+01
   4.8295580e+06   4.1931152e+01
   4.8296860e+06   3.2409668e+01
   4.8394970e+06   3.6071777e+01
   4.8399760e+06   4.1992187e+01
   4.8620800e+06   3.9001465e+01
   4.8623310e+06   3.3996582e+01
   4.8657880e+06   3.4729004e+01
   4.8779460e+06   3.9428711e+01
   4.8833540e+06   2.6428223e+01
   4.8894340e+06   4.2419434e+01
   4.8995990e+06   4.8889160e+01
   4.9033970e+06   5.4199219e+01
   4.9035940e+06   2.8137207e+01
   4.9036430e+06   4.6936035e+01
   4.9148350e+06   3.6926270e+01
   4.9183460e+06   4.5898437e+01
   4.9252460e+06   3.2958984e+01
   4.9264010e+06   2.7587891e+01
   4.9377560e+06   2.7526855e+01
   4.9468590e+06   4.4433594e+01
   4.9469300e+06   3.3996582e+01
   4.9470160e+06   3.7231445e+01
   4.9644670e+06   3.5278320e+01
   4.9645570e+06   3.3081055e+01
   4.9747150e+06   4.9560547e+01
   4.9752070e+06   3.3813477e+01
   4.9945560e+06   2.8930664e+01
   4.9948710e+06   3.6315918e+01
   4.9955670e+06   4.0893555e+01
   4.9988640e+06   2.6550293e+01
   5.0087230e+06   2.7221680e+01
   5.0214380e+06   5.5480957e+01
   5.0214650e+06   3.0883789e+01
   5.0215700e+06   2.9479980e+01
   5.0304520e+06   2.7404785e+01
   5.0322570e+06   3.4179688e+01
   5.0430370e+06   3.1372070e+01
   5.0430750e+06   3.0090332e+01
   5.0446250e+06   3.0883789e+01
   5.0555470e+06   2.9296875e+01
   5.0647330e+06   4.4799805e+01
   5.0660220e+06   2.7709961e+01
   5.0726360e+06   3.4484863e+01
   5.0746720e+06   4.0039063e+01
   5.0844310e+06   5.1025391e+01
   5.0960510e+06   2.9724121e+01
   5.0980330e+06   4.3395996e+01
   5.1132880e+06   3.1250000e+01
   5.1190710e+06   3.8330078e+01
   5.1400220e+06   3.0273438e+01
   5.1437140e+06   2.6367188e+01
   5.1523730e+06   4.1870117e+01
   5.1614520e+06   4.6508789e+01
   5.1624720e+06   4.7546387e+01
   5.1629550e+06   2.6794434e+01
   5.1712770e+06   4.4006348e+01
   5.1713010e+06   3.1860352e+01
   5.1714590e+06   4.3395996e+01
   5.1717290e+06   3.1433105e+01
   5.1835220e+06   4.3823242e+01
   5.1845880e+06   3.8818359e+01
   5.1920380e+06   2.7893066e+01
   5.1920730e+06   2.7954102e+01
   5.1938620e+06   4.8034668e+01
   5.2032420e+06   3.6560059e+01
   5.2034830e+06   2.7343750e+01
   5.2048700e+06   3.0761719e+01
   5.2049520e+06   2.6367188e+01
   5.2055550e+06   3.0273438e+01
   5.2061010e+06   2.6916504e+01
   5.2300670e+06   3.6621094e+01
   5.2388040e+06   3.4179688e+01
   5.2388470e+06   2.7648926e+01
   5.2487620e+06   3.4667969e+01
   5.2500340e+06   3.8818359e+01
   5.2595680e+06   2.6550293e+01
   5.2624070e+06   3.6621094e+01
   5.2640840e+06   3.8879395e+01
   5.2855880e+06   4.1259766e+01
   5.2948510e+06   3.1433105e+01
   5.3004810e+06   2.6489258e+01
   5.3006700e+06   4.0649414e+01
   5.3016290e+06   3.6071777e+01
   5.3022620e+06   3.8330078e+01
   5.3129310e+06   4.3151855e+01
   5.3133100e+06   3.7231445e+01
   5.3134510e+06   2.6306152e+01
   5.3151510e+06   3.1188965e+01
   5.3177950e+06   2.7832031e+01
   5.3210720e+06   3.0151367e+01
   5.3222250e+06   4.1198730e+01
   5.3224670e+06   2.6367188e+01
   5.3269280e+06   4.9865723e+01
   5.3362090e+06   3.6315918e+01
   5.3366500e+06   2.8442383e+01
   5.3467510e+06   4.5898438e+01
   5.3467960e+06   3.2165527e+01
   5.3488660e+06   3.4484863e+01
   5.3573600e+06   4.0344238e+01
   5.3584340e+06   3.4729004e+01
   5.3597310e+06   3.4606934e+01
   5.3605020e+06   2.9602051e+01
   5.3630080e+06   2.8442383e+01
   5.3698990e+06   4.2297363e+01
   5.3701410e+06   3.2348633e+01
   5.3806880e+06   4.1625977e+01
   5.3811310e+06   2.6611328e+01
   5.3813910e+06   4.5166016e+01
   5.3941150e+06   3.5461426e+01
   5.3946800e+06   3.4057617e+01
   5.3948360e+06   4.2968750e+01
   5.3948530e+06   2.9052734e+01
   5.3958590e+06   2.6428223e+01
   5.4092660e+06   2.7221680e+01
   5.4130680e+06   2.6306152e+01
   5.4162160e+06   3.5461426e+01
   5.4166050e+06   3.0456543e+01
   5.4245400e+06   2.7465820e+01
   5.4341470e+06   2.9235840e+01
   5.4343700e+06   3.6132813e+01
   5.4456150e+06   4.3579102e+01
   5.4457310e+06   3.7902832e+01
   5.4573230e+06   3.7353516e+01
   5.4643480e+06   3.3691406e+01
   5.4682830e+06   3.8635254e+01
   5.4695670e+06   5.1635742e+01
   5.4697430e+06   3.7292480e+01
   5.4699450e+06   3.0151367e+01
   5.4949100e+06   3.6499023e+01
   5.4957930e+06   3.1921387e+01
   5.5040500e+06   3.7353516e+01
   5.5040790e+06   2.9663086e+01
   5.5043250e+06   4.1015625e+01
   5.5054610e+06   2.6794434e+01
   5.5190690e+06   2.9113770e+01
   5.5203670e+06   4.4311523e+01
   5.5205800e+06   2.6550293e+01
   5.5349750e+06   2.6611328e+01
   5.5403340e+06   3.4057617e+01
   5.5413900e+06   4.1442871e+01
   5.5417470e+06   3.8513184e+01
   5.5502580e+06   3.1188965e+01
   5.5523140e+06   4.2480469e+01
   5.5524450e+06   3.4912109e+01
   5.5720580e+06   3.6499023e+01
   5.5722210e+06   3.8146973e+01
   5.5726660e+06   2.6306152e+01
   5.5740100e+06   2.8320313e+01
   5.5825160e+06   3.8452148e+01
   5.5834440e+06   2.8564453e+01
   5.5840100e+06   2.6489258e+01
   5.5843480e+06   3.6682129e+01
   5.5844030e+06   3.2592773e+01
   5.5844330e+06   4.2236328e+01
   5.5844530e+06   4.7729492e+01
   5.5844860e+06   3.2775879e+01
   5.5845030e+06   3.1494141e+01
   5.5845380e+06   2.9785156e+01
   5.5845670e+06   4.5349121e+01
   5.5845810e+06   2.8198242e+01
   5.5846820e+06   2.9418945e+01
   5.5861900e+06   2.6611328e+01
   5.5870230e+06   3.0090332e+01
   5.5991470e+06   3.3691406e+01
   5.5994530e+06   2.6977539e+01
   5.5997910e+06   3.4484863e+01
   5.6099100e+06   3.0273438e+01
   5.6100740e+06   4.1687012e+01
   5.6106010e+06   3.3996582e+01
   5.6204010e+06   2.8686523e+01
   5.6204320e+06   3.5339355e+01
   5.6205260e+06   3.2348633e+01
   5.6205720e+06   4.1381836e+01
   5.6206200e+06   2.8198242e+01
   5.6228070e+06   3.5644531e+01
   5.6228880e+06   2.9174805e+01
   5.6323100e+06   4.0222168e+01
   5.6422140e+06   4.0588379e+01
   5.6441500e+06   3.2714844e+01
   5.6532060e+06   4.3884277e+01
   5.6532290e+06   2.7160645e+01
   5.6533240e+06   4.0527344e+01
   5.6533630e+06   3.3935547e+01
   5.6534700e+06   3.1982422e+01
   5.6535540e+06   3.3813477e+01
   5.6545830e+06   3.4484863e+01
   5.6545940e+06   3.0761719e+01
   5.6548570e+06   2.7587891e+01
   5.6552260e+06   2.6855469e+01
   5.6695390e+06   3.8818359e+01
   5.6696100e+06   2.6367188e+01
   5.6696920e+06   3.0151367e+01
   5.6701380e+06   2.9541016e+01
   5.6804320e+06   4.5349121e+01
   5.6805330e+06   4.0344238e+01
   5.6808510e+06   2.8991699e+01
   5.6899660e+06   2.9846191e+01
   5.6900240e+06   4.2785645e+01
   5.7000120e+06   3.4057617e+01
   5.7003530e+06   2.9174805e+01
   5.7004640e+06   2.9174805e+01
   5.7114500e+06   4.2236328e+01
   5.7117470e+06   2.7526855e+01
   5.7195800e+06   3.0822754e+01
   5.7199550e+06   2.7465820e+01
   5.7201860e+06   3.3813477e+01
   5.7201970e+06   5.1208496e+01
   5.7203590e+06   2.7648926e+01
   5.7275310e+06   2.6916504e+01
   5.7331390e+06   3.9733887e+01
   5.7332590e+06   2.8381348e+01
   5.7438120e+06   4.4311523e+01
   5.7439040e+06   3.0151367e+01
   5.7443060e+06   2.8625488e+01
   5.7444940e+06   2.9052734e+01
   5.7561550e+06   2.7099609e+01
   5.7564530e+06   3.5644531e+01
   5.7568650e+06   4.2053223e+01
   5.7676560e+06   3.6376953e+01
   5.7703730e+06   3.9550781e+01
   5.7716770e+06   2.6855469e+01
   5.7723370e+06   3.7109375e+01
   5.7817970e+06   3.9306641e+01
   5.7818340e+06   3.1250000e+01
   5.7820440e+06   3.0761719e+01
   5.7823860e+06   3.1372070e+01
   5.7853570e+06   2.6367188e+01
   5.7939920e+06   3.1677246e+01
   5.7945120e+06   3.0517578e+01
   5.7947270e+06   2.6916504e+01
   5.7947430e+06   3.2226563e+01
   5.8051310e+06   3.7841797e+01
   5.8053940e+06   2.6367188e+01
   5.8055040e+06   4.0466309e+01
   5.8056470e+06   3.3874512e+01
   5.8056630e+06   2.7587891e+01
   5.8057040e+06   4.4128418e+01
   5.8061560e+06   4.0832520e+01
   5.8170900e+06   4.2114258e+01
   5.8175950e+06   2.8808594e+01
   5.8262710e+06   2.6794434e+01
   5.8274930e+06   3.2287598e+01
   5.8276090e+06   3.0212402e+01
   5.8276430e+06   2.6367188e+01
   5.8277180e+06   2.9174805e+01
   5.8278900e+06   3.4912109e+01
   5.8335600e+06   2.6306152e+01
   5.8391230e+06   2.9968262e+01
   5.8391570e+06   3.2165527e+01
   5.8394120e+06   3.5095215e+01
   5.8395600e+06   2.7343750e+01
   5.8397780e+06   4.3151855e+01
   5.8398270e+06   2.6306152e+01
   5.8399110e+06   3.0334473e+01
   5.8508680e+06   2.7587891e+01
   5.8509980e+06   3.2165527e+01
   5.8513720e+06   2.8076172e+01
   5.8617590e+06   3.5461426e+01
   5.8620320e+06   2.8320313e+01
   5.8622220e+06   3.8940430e+01
   5.8623160e+06   3.0151367e+01
   5.8682380e+06   2.7648926e+01
   5.8730160e+06   2.8198242e+01
   5.8730740e+06   3.0456543e+01
   5.8732360e+06   2.9785156e+01
   5.8733120e+06   3.1677246e+01
   5.8848630e+06   3.1005859e+01
   5.8848900e+06   3.7170410e+01
   5.8850080e+06   3.3874512e+01
   5.8955390e+06   3.7292480e+01
   5.9068620e+06   4.3579102e+01
   5.9069680e+06   3.3813477e+01
   5.9069870e+06   3.0944824e+01
   5.9180100e+06   2.7221680e+01
   5.9181560e+06   2.9602051e+01
   5.9182100e+06   2.8808594e+01
   5.9184770e+06   4.5288086e+01
   5.9193100e+06   2.7526855e+01
   5.9289240e+06   4.8645020e+01
   5.9290770e+06   2.7893066e+01
   5.9296530e+06   4.0222168e+01
   5.9299760e+06   2.7404785e+01
   5.9301530e+06   3.9306641e+01
   5.9397840e+06   3.9306641e+01
   5.9398930e+06   3.2470703e+01
   5.9406980e+06   3.4240723e+01
   5.9513820e+06   3.3874512e+01
   5.9607140e+06   2.9052734e+01
   5.9608660e+06   3.8574219e+01
   5.9610910e+06   3.6926270e+01
   5.9613090e+06   2.7221680e+01
   5.9617000e+06   3.2958984e+01
   5.9721900e+06   3.0029297e+01
   5.9723450e+06   4.6936035e+01
   5.9768190e+06   2.7709961e+01
   5.9824910e+06   3.7231445e+01
   5.9827120e+06   2.7954102e+01
   5.9835410e+06   3.1860352e+01
   5.9835670e+06   2.8137207e+01
   5.9928720e+06   3.5400391e+01
   5.9930340e+06   2.6428223e+01
   5.9938580e+06   4.2297363e+01
   5.9973350e+06   2.9907227e+01
   6.0032780e+06   4.5959473e+01
   6.0033890e+06   3.2043457e+01
   6.0034740e+06   2.6611328e+01
   6.0136090e+06   3.6315918e+01
   6.0136420e+06   3.9306641e+01
   6.0140950e+06   2.6977539e+01
   6.0146730e+06   3.5644531e+01
   6.0187480e+06   2.6489258e+01
   6.0246620e+06   2.7893066e+01
   6.0247850e+06   3.0639648e+01
   6.0249110e+06   2.8259277e+01
   6.0343730e+06   3.9550781e+01
   6.0345200e+06   4.1198730e+01
   6.0347860e+06   3.9001465e+01
   6.0373140e+06   3.2226563e+01
   6.0446010e+06   3.4423828e+01
   6.0448150e+06   3.9916992e+01
   6.0454400e+06   3.8085938e+01
   6.0456670e+06   3.3996582e+01
   6.0552590e+06   4.3212891e+01
   6.0555150e+06   3.5278320e+01
   6.0576100e+06   2.6916504e+01
   6.0659340e+06   2.9418945e+01
   6.0659680e+06   3.2714844e+01
   6.0660330e+06   3.2287598e+01
   6.0663100e+06   2.8137207e+01
   6.0669560e+06   3.0456543e+01
   6.0674360e+06   3.6743164e+01
   6.0769400e+06   3.6560059e+01
   6.0772480e+06   4.1992188e+01
   6.0783430e+06   3.3996582e+01
   6.0786800e+06   3.1982422e+01
   6.0866280e+06   4.1809082e+01
   6.0868960e+06   2.6794434e+01
   6.0873610e+06   3.5095215e+01
   6.0881990e+06   3.5278320e+01
   6.0957550e+06   2.6916504e+01
   6.0973280e+06   2.8015137e+01
   6.0975940e+06   3.0517578e+01
   6.0987670e+06   3.0700684e+01
   6.1076970e+06   4.1748047e+01
   6.1078040e+06   2.6672363e+01
   6.1088900e+06   2.8076172e+01
   6.1185240e+06   4.5288086e+01
   6.1186860e+06   3.6987305e+01
   6.1187610e+06   3.5034180e+01
   6.1191480e+06   2.7343750e+01
   6.1280430e+06   2.7038574e+01
   6.1282010e+06   2.8198242e+01
   6.1286940e+06   3.7353516e+01
   6.1384140e+06   4.2541504e+01
   6.1385580e+06   2.8259277e+01
   6.1388870e+06   3.0578613e+01
   6.1389050e+06   2.6550293e+01
   6.1391470e+06   2.9296875e+01
   6.1485880e+06   2.8198242e+01
   6.1490610e+06   2.6733398e+01
   6.1491360e+06   5.3283691e+01
   6.1491520e+06   2.6367188e+01
   6.1491890e+06   2.6977539e+01
   6.1492860e+06   3.1250000e+01
   6.1501330e+06   2.6916504e+01
   6.1503490e+06   3.6010742e+01
   6.1592390e+06   4.4555664e+01
   6.1592700e+06   2.9113770e+01
   6.1595110e+06   3.2775879e+01
   6.1596950e+06   3.3569336e+01
   6.1598800e+06   2.8381348e+01
   6.1600860e+06   2.9418945e+01
   6.1630580e+06   2.6306152e+01
   6.1703440e+06   5.1086426e+01
   6.1704040e+06   3.1677246e+01
   6.1713430e+06   3.0944824e+01
   6.1804370e+06   3.0456543e+01
   6.1808260e+06   3.9245605e+01
   6.1811280e+06   3.8208008e+01
   6.1816680e+06   3.6743164e+01
   6.1824610e+06   3.8146973e+01
   6.1827970e+06   3.5095215e+01
   6.1907850e+06   4.4982910e+01
   6.1912300e+06   3.3508301e+01
   6.1923450e+06   3.1433105e+01
   6.1928080e+06   2.7770996e+01
   6.2007150e+06   3.7658691e+01
   6.2010770e+06   3.4606934e+01
   6.2015040e+06   2.9113770e+01
   6.2104910e+06   2.8564453e+01
   6.2105260e+06   3.5217285e+01
   6.2115630e+06   2.7893066e+01
   6.2136250e+06   2.6489258e+01
   6.2205280e+06   3.6987305e+01
   6.2210750e+06   3.3874512e+01
   6.2213000e+06   2.8625488e+01
   6.2310680e+06   3.6010742e+01
   6.2312100e+06   4.2114258e+01
   6.2315130e+06   2.7099609e+01
   6.2400770e+06   3.4423828e+01
   6.2403020e+06   3.2531738e+01
   6.2497540e+06   3.7719727e+01
   6.2498560e+06   2.6855469e+01
   6.2499610e+06   3.9672852e+01
   6.2502240e+06   3.0212402e+01
   6.2508190e+06   3.6315918e+01
   6.2602690e+06   4.6569824e+01
   6.2604480e+06   3.0822754e+01
   6.2692760e+06   4.5532227e+01
   6.2694770e+06   2.6672363e+01
   6.2694940e+06   5.4260254e+01
   6.2695260e+06   3.1860352e+01
   6.2695530e+06   3.0090332e+01
   6.2696940e+06   2.9541016e+01
   6.2697270e+06   4.2419434e+01
   6.2697470e+06   3.3874512e+01
   6.2700810e+06   3.4301758e+01
   6.2818400e+06   3.8330078e+01
   6.2911530e+06   3.5278320e+01
   6.2916000e+06   3.8269043e+01
   6.2918420e+06   3.1860352e+01
   6.3009520e+06   4.2297363e+01
   6.3013480e+06   3.4240723e+01
   6.3016550e+06   2.9907227e+01
   6.3070790e+06   2.6428223e+01
   6.3114450e+06   3.3813477e+01
   6.3115500e+06   3.1494141e+01
   6.3119210e+06   3.3508301e+01
   6.3123470e+06   3.9367676e+01
   6.3128830e+06   2.6733398e+01
   6.3226540e+06   3.1982422e+01
   6.3227530e+06   4.2724609e+01
   6.3228000e+06   3.4545898e+01
   6.3230440e+06   2.7648926e+01
   6.3230540e+06   2.9907227e+01
   6.3319440e+06   4.1625977e+01
   6.3371480e+06   2.7465820e+01
   6.3422450e+06   3.2836914e+01
   6.3428210e+06   4.1198730e+01
   6.3428560e+06   3.3142090e+01
   6.3431800e+06   2.7954102e+01
   6.3519990e+06   2.6306152e+01
   6.3524080e+06   4.0954590e+01
   6.3525030e+06   4.0283203e+01
   6.3531140e+06   4.0710449e+01
   6.3616810e+06   4.3945313e+01
   6.3712260e+06   3.8635254e+01
   6.3712640e+06   2.6428223e+01
   6.3713310e+06   2.9357910e+01
   6.3713750e+06   2.8808594e+01
   6.3714830e+06   2.9663086e+01
   6.3717130e+06   2.7709961e+01
   6.3722120e+06   3.6499023e+01
   6.3895300e+06   3.9001465e+01
   6.3897220e+06   2.8076172e+01
   6.3990160e+06   2.7587891e+01
   6.4001450e+06   3.6132813e+01
   6.4003340e+06   3.3447266e+01
   6.4009230e+06   2.9907227e+01
   6.4029430e+06   2.8503418e+01
   6.4074630e+06   3.4240723e+01
   6.4081340e+06   2.6367188e+01
   6.4097020e+06   2.6733398e+01
   6.4100410e+06   3.1372070e+01
   6.4189940e+06   4.5410156e+01
   6.4190950e+06   4.7668457e+01
   6.4191320e+06   3.1250000e+01
   6.4191590e+06   4.5532227e+01
   6.4193600e+06   2.6794434e+01
   6.4194380e+06   3.5949707e+01
   6.4305550e+06   3.3386230e+01
   6.4306290e+06   3.0700684e+01
   6.4306520e+06   4.1259766e+01
   6.4308310e+06   4.0161133e+01
   6.4313810e+06   3.2531738e+01
   6.4316280e+06   3.1066895e+01
   6.4363960e+06   2.6916504e+01
   6.4429290e+06   2.8259277e+01
   6.4497940e+06   2.7160645e+01
   6.4518380e+06   2.8381348e+01
   6.4610310e+06   3.4729004e+01
   6.4610950e+06   3.1921387e+01
   6.4611120e+06   2.8991699e+01
   6.4611330e+06   3.2836914e+01
   6.4612820e+06   2.8991699e+01
   6.4613110e+06   3.6132813e+01
   6.4615860e+06   2.8259277e+01
   6.4618950e+06   2.8381348e+01
   6.4623880e+06   2.7282715e+01
   6.4731960e+06   6.4208984e+01
   6.4732110e+06   2.9418945e+01
   6.4738010e+06   3.8391113e+01
   6.4834470e+06   3.5034180e+01
   6.4835130e+06   3.8146973e+01
   6.4839650e+06   2.9907227e+01
   6.4928840e+06   2.7221680e+01
   6.4929540e+06   3.2958984e+01
   6.4929850e+06   3.5339355e+01
   6.4930650e+06   2.7221680e+01
   6.4930890e+06   3.3020020e+01
   6.4931070e+06   2.9663086e+01
   6.4932600e+06   2.7709961e+01
   6.4933080e+06   3.9733887e+01
   6.4940150e+06   2.7099609e+01
   6.4940260e+06   2.7526855e+01
   6.4941630e+06   2.6916504e+01
   6.4944580e+06   2.7282715e+01
   6.4948560e+06   2.6916504e+01
   6.5087120e+06   2.6672363e+01
   6.5089320e+06   4.0283203e+01
   6.5093590e+06   2.6428223e+01
   6.5116600e+06   3.1677246e+01
   6.5116710e+06   3.6621094e+01
   6.5121670e+06   3.5339355e+01
   6.5181320e+06   3.0029297e+01
   6.5181770e+06   2.7160645e+01
   6.5182550e+06   3.5034180e+01
   6.5182990e+06   3.8635254e+01
   6.5183480e+06   3.9550781e+01
   6.5185250e+06   3.2653809e+01
   6.5188090e+06   2.6672363e+01
   6.5234630e+06   2.6550293e+01
   6.5307380e+06   3.5034180e+01
   6.5372750e+06   2.6306152e+01
   6.5373210e+06   3.9123535e+01
   6.5373330e+06   5.6518555e+01
   6.5373700e+06   3.3874512e+01
   6.5374480e+06   2.8442383e+01
   6.5374680e+06   2.9907227e+01
   6.5374900e+06   3.0761719e+01
   6.5375240e+06   2.6672363e+01
   6.5375450e+06   2.8442383e+01
   6.5375560e+06   2.6916504e+01
   6.5376110e+06   4.2297363e+01
   6.5383010e+06   2.9296875e+01
   6.5490720e+06   3.6743164e+01
   6.5490970e+06   3.0273438e+01
   6.5491900e+06   4.1809082e+01
   6.5589470e+06   4.1931152e+01
   6.5589700e+06   3.1616211e+01
   6.5595400e+06   3.1127930e+01
   6.5600770e+06   2.9663086e+01
   6.5720540e+06   3.3386230e+01
   6.5722420e+06   3.9550781e+01
   6.5723740e+06   4.5776367e+01
   6.5724090e+06   2.7282715e+01
   6.5726650e+06   2.9357910e+01
   6.5847900e+06   3.1494141e+01
   6.5849170e+06   2.7099609e+01
   6.5849990e+06   2.7770996e+01
   6.5850690e+06   3.3020020e+01
   6.5851900e+06   2.9052734e+01
   6.5853400e+06   2.6367188e+01
   6.5855030e+06   3.0273438e+01
   6.5858750e+06   4.6691895e+01
   6.5858990e+06   3.1921387e+01
   6.5979790e+06   3.5095215e+01
   6.5980990e+06   5.0598145e+01
   6.5981910e+06   2.9968262e+01
   6.5982810e+06   2.9602051e+01
   6.5984140e+06   2.7038574e+01
   6.6120340e+06   3.2226563e+01
   6.6120530e+06   3.3630371e+01
   6.6120880e+06   2.6855469e+01
   6.6121220e+06   3.1677246e+01
   6.6121700e+06   2.6306152e+01
   6.6121970e+06   2.7343750e+01
   6.6122280e+06   3.1616211e+01
   6.6122430e+06   2.7465820e+01
   6.6122530e+06   2.6977539e+01
   6.6122760e+06   2.7526855e+01
   6.6123310e+06   4.1015625e+01
   6.6123690e+06   2.8259277e+01
   6.6126970e+06   3.0944824e+01
   6.6130820e+06   2.7221680e+01
   6.6283050e+06   4.4067383e+01
   6.6394910e+06   3.1005859e+01
   6.6395270e+06   5.0842285e+01
   6.6395860e+06   3.4240723e+01
   6.6396520e+06   4.0771484e+01
   6.6397040e+06   3.8818359e+01
   6.6397440e+06   2.8991699e+01
   6.6397820e+06   2.6733398e+01
   6.6397960e+06   2.8503418e+01
   6.6398130e+06   2.9724121e+01
   6.6398320e+06   2.8137207e+01
   6.6400140e+06   3.4606934e+01
   6.6400350e+06   2.9357910e+01
   6.6402790e+06   2.7526855e+01
   6.6524500e+06   2.6306152e+01
   6.6525640e+06   4.4189453e+01
   6.6525840e+06   5.8715820e+01
   6.6526420e+06   2.6611328e+01
   6.6526730e+06   4.0039063e+01
   6.6527530e+06   2.9724121e+01
   6.6528010e+06   3.8757324e+01
   6.6529630e+06   2.7954102e+01
   6.6678350e+06   3.8513184e+01
   6.6678620e+06   4.5532227e+01
   6.6678780e+06   3.1494141e+01
   6.6678880e+06   4.6325684e+01
   6.6679010e+06   3.3081055e+01
   6.6679500e+06   4.1015625e+01
   6.6679630e+06   3.7475586e+01
   6.6680040e+06   3.2287598e+01
   6.6680170e+06   2.7526855e+01
   6.6680660e+06   3.7048340e+01
   6.6680960e+06   3.6193848e+01
   6.6681410e+06   4.1198730e+01
   6.6682160e+06   3.1921387e+01
   6.6682300e+06   2.7282715e+01
   6.6682980e+06   2.7404785e+01
   6.6683780e+06   3.2531738e+01
   6.6688480e+06   2.7954102e+01
   6.6688670e+06   2.8442383e+01
   6.6689440e+06   2.7343750e+01
   6.6691230e+06   2.7404785e+01
   6.6697430e+06   2.6733398e+01
   6.6729530e+06   2.8564453e+01
   6.6959430e+06   3.0822754e+01
   6.6959610e+06   3.8696289e+01
   6.6959900e+06   3.7353516e+01
   6.6960210e+06   2.6855469e+01
   6.6961050e+06   2.7404785e+01
   6.6961370e+06   4.9438477e+01
   6.6961730e+06   3.4790039e+01
   6.6961870e+06   2.8869629e+01
   6.6962870e+06   3.5766602e+01
   6.7099020e+06   2.6367188e+01
   6.7099140e+06   4.0344238e+01
   6.7099620e+06   3.0822754e+01
   6.7099760e+06   5.2856445e+01
   6.7100020e+06   3.1738281e+01
   6.7100540e+06   3.5461426e+01
   6.7101360e+06   2.7099609e+01
   6.7101550e+06   3.3569336e+01
   6.7102100e+06   2.6550293e+01
   6.7102290e+06   5.0109863e+01
   6.7102620e+06   2.9602051e+01
   6.7102980e+06   3.3874512e+01
   6.7103260e+06   2.6855469e+01
   6.7104130e+06   2.8930664e+01
   6.7104920e+06   2.6794434e+01
   6.7105960e+06   3.1921387e+01
   6.7106750e+06   2.8137207e+01
   6.7108270e+06   2.6977539e+01
   6.7112150e+06   4.3823242e+01
   6.7115270e+06   3.6132813e+01
   6.7115820e+06   2.6550293e+01
   6.7270890e+06   4.5776367e+01
   6.7271150e+06   3.3325195e+01
   6.7271310e+06   2.9541016e+01
   6.7271610e+06   3.4606934e+01
   6.7271780e+06   2.8381348e+01
   6.7272360e+06   2.9663086e+01
   6.7272540e+06   3.1982422e+01
   6.7273230e+06   2.6794434e+01
   6.7274150e+06   2.7954102e+01
   6.7275060e+06   3.0761719e+01
   6.7277510e+06   3.4606934e+01
   6.7282140e+06   3.0517578e+01
   6.7444410e+06   2.7038574e+01
   6.7444580e+06   4.4677734e+01
   6.7444790e+06   3.4729004e+01
   6.7445000e+06   5.9814453e+01
   6.7445100e+06   3.2775879e+01
   6.7445290e+06   3.1494141e+01
   6.7445440e+06   3.2836914e+01
   6.7445720e+06   3.7414551e+01
   6.7446150e+06   3.0761719e+01
   6.7446310e+06   3.3569336e+01
   6.7446640e+06   2.8076172e+01
   6.7448010e+06   2.9663086e+01
   6.7448130e+06   3.9184570e+01
   6.7449430e+06   2.8503418e+01
   6.7450100e+06   3.2287598e+01
   6.7451030e+06   2.7526855e+01
   6.7452070e+06   2.9602051e+01
   6.7454200e+06   3.1066895e+01
   6.7456520e+06   2.6367188e+01
   6.7458200e+06   3.1982422e+01
   6.7458360e+06   2.8015137e+01
   6.7467570e+06   2.8869629e+01
   6.7476750e+06   2.8320313e+01
   6.7481540e+06   2.7893066e+01
   6.7627960e+06   3.1982422e+01
   6.7628600e+06   3.5583496e+01
   6.7629080e+06   2.8625488e+01
   6.7629650e+06   5.0292969e+01
   6.7630340e+06   4.2846680e+01
   6.7630780e+06   4.2602539e+01
   6.7631070e+06   3.2714844e+01
   6.7632400e+06   4.6997070e+01
   6.7632730e+06   4.6447754e+01
   6.7754100e+06   3.8330078e+01
   6.7754330e+06   2.6916504e+01
   6.7754910e+06   4.0344238e+01
   6.7755320e+06   4.0832520e+01
   6.7755610e+06   4.6203613e+01
   6.7756280e+06   4.4494629e+01
   6.7756710e+06   3.0700684e+01
   6.7756950e+06   4.0893555e+01
   6.7758240e+06   3.1799316e+01
   6.7758760e+06   2.7343750e+01
   6.7765000e+06   3.1677246e+01
   6.7766860e+06   2.8076172e+01
   6.7768520e+06   2.7282715e+01
   6.7774010e+06   2.7526855e+01
   6.7899990e+06   2.8503418e+01
   6.7900100e+06   2.6794434e+01
   6.7900390e+06   2.9296875e+01
   6.7900700e+06   3.6560059e+01
   6.7900840e+06   3.0334473e+01
   6.7900940e+06   3.6743164e+01
   6.7901180e+06   4.0771484e+01
   6.7901340e+06   2.8686523e+01
   6.7901700e+06   2.8991699e+01
   6.7902030e+06   4.5043945e+01
   6.7902180e+06   3.1433105e+01
   6.7902520e+06   3.5583496e+01
   6.7902950e+06   2.7282715e+01
   6.7904170e+06   4.1625977e+01
   6.7907490e+06   2.6428223e+01
   6.7909280e+06   3.8452148e+01
   6.7910160e+06   2.7038574e+01
   6.7910910e+06   2.6672363e+01
   6.7913640e+06   2.7343750e+01
   6.7914840e+06   3.0456543e+01
   6.7916220e+06   3.2226563e+01
   6.7920480e+06   2.7954102e+01
   6.8064970e+06   3.3386230e+01
   6.8065690e+06   3.2104492e+01
   6.8065890e+06   4.5471191e+01
   6.8066070e+06   2.9479980e+01
   6.8066500e+06   3.1250000e+01
   6.8066700e+06   2.8198242e+01
   6.8067190e+06   2.7893066e+01
   6.8067930e+06   3.4851074e+01
   6.8068330e+06   3.2470703e+01
   6.8068590e+06   2.9479980e+01
   6.8068790e+06   2.8320313e+01
   6.8069260e+06   2.9479980e+01
   6.8069540e+06   2.7954102e+01
   6.8073470e+06   3.7231445e+01
   6.8081640e+06   2.6794434e+01
   6.8214910e+06   3.3264160e+01
   6.8215010e+06   3.3386230e+01
   6.8215310e+06   4.2724609e+01
   6.8215700e+06   3.6926270e+01
   6.8215910e+06   2.6672363e+01
   6.8216440e+06   3.5095215e+01
   6.8216730e+06   3.4667969e+01
   6.8217460e+06   2.9174805e+01
   6.8217730e+06   2.7954102e+01
   6.8218860e+06   2.8381348e+01
   6.8221640e+06   2.8564453e+01
   6.8224280e+06   2.7465820e+01
   6.8224430e+06   3.0639648e+01
   6.8232810e+06   2.6977539e+01
   6.8373650e+06   4.2480469e+01
   6.8373980e+06   2.8503418e+01
   6.8374180e+06   3.5827637e+01
   6.8374310e+06   4.3334961e+01
   6.8374600e+06   3.8269043e+01
   6.8374900e+06   3.4240723e+01
   6.8375230e+06   3.4057617e+01
   6.8375560e+06   3.0883789e+01
   6.8375960e+06   3.4362793e+01
   6.8376290e+06   2.9113770e+01
   6.8376750e+06   3.8940430e+01
   6.8377610e+06   2.7160645e+01
   6.8378030e+06   2.7221680e+01
   6.8379970e+06   3.1555176e+01
   6.8380450e+06   3.0944824e+01
   6.8381860e+06   3.5705566e+01
   6.8383420e+06   3.8818359e+01
   6.8530390e+06   4.1870117e+01
   6.8530700e+06   4.4677734e+01
   6.8530950e+06   6.6467285e+01
   6.8531510e+06   3.4240723e+01
   6.8532020e+06   3.1616211e+01
   6.8532230e+06   3.9184570e+01
   6.8532760e+06   3.0212402e+01
   6.8533700e+06   2.7099609e+01
   6.8534480e+06   3.6560059e+01
   6.8535340e+06   2.6794434e+01
   6.8662580e+06   3.2531738e+01
   6.8662850e+06   3.0883789e+01
   6.8663100e+06   3.5583496e+01
   6.8663510e+06   4.0405273e+01
   6.8663690e+06   2.6428223e+01
   6.8664090e+06   2.7160645e+01
   6.8664800e+06   5.4260254e+01
   6.8665830e+06   3.3081055e+01
   6.8666300e+06   2.7893066e+01
   6.8666840e+06   3.0822754e+01
   6.8670090e+06   2.7038574e+01
   6.8671780e+06   3.7780762e+01
   6.8672030e+06   2.7343750e+01
   6.8672250e+06   2.8137207e+01
   6.8673370e+06   3.0761719e+01
   6.8822950e+06   3.7414551e+01
   6.8823500e+06   4.0527344e+01
   6.8823670e+06   5.5603027e+01
   6.8824280e+06   4.2602539e+01
   6.8824670e+06   2.9907227e+01
   6.8824780e+06   2.8930664e+01
   6.8824940e+06   3.2287598e+01
   6.8825850e+06   3.1311035e+01
   6.8825950e+06   2.8259277e+01
   6.8826210e+06   3.0334473e+01
   6.8832240e+06   2.7404785e+01
   6.8833700e+06   2.6672363e+01
   6.8835530e+06   2.9785156e+01
   6.9003200e+06   4.8645020e+01
   6.9003490e+06   3.2348633e+01
   6.9003650e+06   3.8024902e+01
   6.9003930e+06   4.0039063e+01
   6.9004160e+06   4.4982910e+01
   6.9004540e+06   4.6508789e+01
   6.9004980e+06   2.9846191e+01
   6.9005090e+06   3.8208008e+01
   6.9005510e+06   2.6916504e+01
   6.9005780e+06   2.9235840e+01
   6.9006030e+06   3.2714844e+01
   6.9006310e+06   2.6428223e+01
   6.9007540e+06   3.2897949e+01
   6.9008400e+06   2.6489258e+01
   6.9008840e+06   3.5766602e+01
   6.9010320e+06   2.8930664e+01
   6.9010500e+06   3.5217285e+01
   6.9011880e+06   2.9846191e+01
   6.9012050e+06   3.6071777e+01
   6.9014120e+06   4.9316406e+01
   6.9029120e+06   2.6428223e+01
   6.9169570e+06   4.1503906e+01
   6.9169960e+06   3.3752441e+01
   6.9170330e+06   4.6569824e+01
   6.9170600e+06   4.1809082e+01
   6.9170830e+06   2.8381348e+01
   6.9171020e+06   3.3508301e+01
   6.9171290e+06   3.7048340e+01
   6.9171780e+06   2.8869629e+01
   6.9172140e+06   3.2592773e+01
   6.9172570e+06   2.8991699e+01
   6.9172770e+06   3.1250000e+01
   6.9174170e+06   2.9785156e+01
   6.9179570e+06   3.4118652e+01
   6.9179880e+06   3.5827637e+01
   6.9340800e+06   4.6264648e+01
   6.9340950e+06   3.1555176e+01
   6.9341180e+06   3.4362793e+01
   6.9341420e+06   3.9245605e+01
   6.9341850e+06   3.9550781e+01
   6.9342160e+06   2.8747559e+01
   6.9342330e+06   3.9550781e+01
   6.9342920e+06   2.8991699e+01
   6.9343240e+06   2.6794434e+01
   6.9343510e+06   3.1005859e+01
   6.9344010e+06   3.6071777e+01
   6.9344130e+06   2.8442383e+01
   6.9345340e+06   2.6611328e+01
   6.9345760e+06   2.8930664e+01
   6.9349040e+06   4.0710449e+01
   6.9354830e+06   2.7343750e+01
   6.9503040e+06   3.8146973e+01
   6.9503630e+06   3.5766602e+01
   6.9503810e+06   6.4636230e+01
   6.9504020e+06   3.9184570e+01
   6.9504150e+06   2.9174805e+01
   6.9504400e+06   2.7770996e+01
   6.9504680e+06   3.0822754e+01
   6.9504800e+06   2.8137207e+01
   6.9505310e+06   3.1677246e+01
   6.9505440e+06   3.3203125e+01
   6.9506280e+06   3.0761719e+01
   6.9510640e+06   2.6916504e+01
   6.9656090e+06   4.9316406e+01
   6.9656290e+06   3.1616211e+01
   6.9656510e+06   5.5664063e+01
   6.9656790e+06   3.7170410e+01
   6.9657020e+06   4.1381836e+01
   6.9657330e+06   3.3508301e+01
   6.9657640e+06   3.7719727e+01
   6.9657890e+06   2.9907227e+01
   6.9658630e+06   2.8930664e+01
   6.9659580e+06   4.0771484e+01
   6.9663990e+06   2.7526855e+01
   6.9674060e+06   2.6489258e+01
   6.9802850e+06   4.1564941e+01
   6.9803280e+06   6.4392090e+01
   6.9803400e+06   3.6560059e+01
   6.9803620e+06   4.8889160e+01
   6.9803770e+06   3.9672852e+01
   6.9804140e+06   2.6550293e+01
   6.9804430e+06   3.0212402e+01
   6.9804780e+06   2.7832031e+01
   6.9804920e+06   3.2165527e+01
   6.9805210e+06   2.6672363e+01
   6.9806990e+06   2.9479980e+01
   6.9807820e+06   2.8991699e+01
   6.9809240e+06   3.3813477e+01
   6.9943040e+06   3.6132813e+01
   6.9943520e+06   3.5400391e+01
   6.9943810e+06   2.8991699e+01
   6.9944060e+06   3.3325195e+01
   6.9944300e+06   3.0761719e+01
   6.9944700e+06   3.4790039e+01
   6.9944900e+06   2.8686523e+01
   6.9945070e+06   2.6977539e+01
   6.9945500e+06   2.8442383e+01
   6.9945810e+06   3.5766602e+01
   6.9950120e+06   3.1372070e+01
   6.9951160e+06   2.6428223e+01
   7.0091880e+06   4.2846680e+01
   7.0092270e+06   3.3996582e+01
   7.0092540e+06   5.7495117e+01
   7.0093080e+06   3.8391113e+01
   7.0093310e+06   3.6437988e+01
   7.0093620e+06   3.3813477e+01
   7.0093980e+06   3.5522461e+01
   7.0094450e+06   3.0456543e+01
   7.0097530e+06   2.6367188e+01
   7.0099850e+06   2.6672363e+01
   7.0103670e+06   2.7465820e+01
   7.0108070e+06   2.6306152e+01
   7.0247100e+06   4.0710449e+01
   7.0247590e+06   2.9968262e+01
   7.0247760e+06   5.8166504e+01
   7.0248320e+06   4.6569824e+01
   7.0248750e+06   3.2226563e+01
   7.0248890e+06   3.2043457e+01
   7.0249490e+06   4.2541504e+01
   7.0250240e+06   3.5156250e+01
   7.0252530e+06   3.5095215e+01
   7.0255580e+06   2.9785156e+01
   7.0395220e+06   2.8076172e+01
   7.0395620e+06   4.3640137e+01
   7.0396250e+06   4.2968750e+01
   7.0396350e+06   6.0424805e+01
   7.0396900e+06   3.8330078e+01
   7.0397740e+06   2.8991699e+01
   7.0397860e+06   2.6977539e+01
   7.0398720e+06   2.6672363e+01
   7.0549310e+06   2.8930664e+01
   7.0549770e+06   4.5959473e+01
   7.0549920e+06   2.8015137e+01
   7.0550470e+06   6.5979004e+01
   7.0550850e+06   2.6855469e+01
   7.0551150e+06   3.3081055e+01
   7.0551250e+06   4.0649414e+01
   7.0551650e+06   3.5095215e+01
   7.0552030e+06   2.6550293e+01
   7.0552400e+06   3.5034180e+01
   7.0552960e+06   3.3691406e+01
   7.0555030e+06   3.5461426e+01
   7.0555990e+06   2.9296875e+01
   7.0558050e+06   2.8503418e+01
   7.0713070e+06   3.1005859e+01
   7.0714080e+06   4.2785645e+01
   7.0714310e+06   2.7038574e+01
   7.0714660e+06   4.6386719e+01
   7.0715010e+06   2.7282715e+01
   7.0715400e+06   2.9357910e+01
   7.0715510e+06   2.8137207e+01
   7.0715730e+06   3.3752441e+01
   7.0716060e+06   3.1799316e+01
   7.0716580e+06   2.7282715e+01
   7.0720000e+06   3.3020020e+01
   7.0729380e+06   2.6733398e+01
   7.0881780e+06   3.6376953e+01
   7.0882290e+06   2.6367188e+01
   7.0882740e+06   2.9785156e+01
   7.0883160e+06   4.5227051e+01
   7.0884120e+06   2.7587891e+01
   7.0884260e+06   2.9907227e+01
   7.0884540e+06   2.9602051e+01
   7.0886190e+06   3.0273438e+01
   7.1040020e+06   3.4973145e+01
   7.1040940e+06   3.6315918e+01
   7.1041140e+06   2.9174805e+01
   7.1041730e+06   3.4606934e+01
   7.1042170e+06   3.6865234e+01
   7.1050410e+06   2.7343750e+01
   7.1051920e+06   3.4912109e+01
   7.1203760e+06   4.0161133e+01
   7.1204060e+06   3.1982422e+01
   7.1205060e+06   3.7170410e+01
   7.1205380e+06   3.3081055e+01
   7.1206300e+06   3.3142090e+01
   7.1208710e+06   3.0212402e+01
   7.1209950e+06   3.4057617e+01
   7.1214080e+06   2.7709961e+01
   7.1344760e+06   3.8208008e+01
   7.1346200e+06   2.9174805e+01
   7.1348180e+06   3.2653809e+01
   7.1348670e+06   2.9602051e+01
   7.1351770e+06   4.0649414e+01
   7.1518330e+06   3.4057617e+01
   7.1520220e+06   2.6794434e+01
   7.1522590e+06   3.7475586e+01
   7.1526420e+06   3.2897949e+01
   7.1537320e+06   2.8320313e+01
   7.1549410e+06   2.6794434e+01
   7.1683100e+06   3.1921387e+01
   7.1685490e+06   3.8513184e+01
   7.1687420e+06   4.7790527e+01
   7.1690080e+06   3.5583496e+01
   7.1847610e+06   3.1860352e+01
   7.1851080e+06   3.4057617e+01
   7.1881090e+06   3.3752441e+01
   7.1883930e+06   3.5156250e+01
   7.2081780e+06   4.1137695e+01
   7.2085270e+06   3.8513184e+01
   7.2089530e+06   3.5461426e+01
   7.2092850e+06   3.8269043e+01
   7.2165700e+06   2.6916504e+01
   7.2270990e+06   3.1738281e+01
   7.2276190e+06   3.0517578e+01
   7.2279160e+06   3.0761719e+01
   7.2281080e+06   3.0029297e+01
   7.2282060e+06   2.8076172e+01
   7.2425380e+06   2.7709961e+01
   7.2441010e+06   3.3691406e+01
   7.2445780e+06   3.9916992e+01
   7.2490180e+06   3.4362793e+01
   7.2492250e+06   3.1372070e+01
   7.2693100e+06   3.4729004e+01
   7.2695490e+06   3.2531738e+01
   7.2699700e+06   3.4118652e+01
   7.2703850e+06   3.1738281e+01
   7.2885280e+06   2.7526855e+01
   7.2886450e+06   3.1555176e+01
   7.2888940e+06   3.9367676e+01
   7.2894030e+06   3.4057617e+01
   7.2896730e+06   3.0700684e+01
   7.2909420e+06   4.2114258e+01
   7.3101490e+06   2.8503418e+01
   7.3105180e+06   3.9733887e+01
   7.3108080e+06   3.4362793e+01
   7.3110590e+06   2.9113770e+01
   7.3114000e+06   3.0395508e+01
   7.3194630e+06   2.7160645e+01
   7.3310590e+06   3.5949707e+01
   7.3316520e+06   4.0100098e+01
   7.3322480e+06   3.2226563e+01
   7.3419180e+06   3.8085938e+01
   7.3520880e+06   2.6428223e+01
   7.3587780e+06   4.5288086e+01
   7.3591450e+06   3.2287598e+01
   7.3599200e+06   3.1250000e+01
   7.3815730e+06   3.5583496e+01
   7.3823040e+06   3.2104492e+01
   7.3824650e+06   3.9245605e+01
   7.4028480e+06   2.6611328e+01
   7.4116400e+06   3.9001465e+01
   7.4120510e+06   4.0466309e+01
   7.4125740e+06   3.7475586e+01
   7.4126990e+06   3.5827637e+01
   7.4129020e+06   3.0395508e+01
   7.4319560e+06   3.2714844e+01
   7.4330770e+06   3.8696289e+01
   7.4343910e+06   2.6977539e+01
   7.4532830e+06   2.9541016e+01
   7.4534530e+06   3.7170410e+01
   7.4667900e+06   2.6367188e+01
   7.4771770e+06   3.5583496e+01
   7.4773140e+06   4.2602539e+01
   7.4777300e+06   3.9672852e+01
   7.4983510e+06   4.5227051e+01
   7.5113570e+06   3.6193848e+01
   7.5115490e+06   3.2043457e+01
   7.5118780e+06   3.6254883e+01
   7.5125620e+06   3.8574219e+01
   7.5376120e+06   3.8513184e+01
   7.5391360e+06   3.2958984e+01
   7.5392990e+06   4.0710449e+01
   7.5398710e+06   3.7841797e+01
   7.5589890e+06   3.7902832e+01
   7.5592830e+06   3.7414551e+01
   7.5621550e+06   3.2043457e+01
   7.5632010e+06   3.1677246e+01
   7.5755990e+06   3.0883789e+01
   7.5908890e+06   3.0700684e+01
   7.5911480e+06   3.4667969e+01
   7.5918440e+06   4.3457031e+01
   7.6050870e+06   2.8381348e+01
   7.6076600e+06   4.0710449e+01
   7.6079980e+06   3.5766602e+01
   7.6141300e+06   2.7221680e+01
   7.6240240e+06   4.1503906e+01
   7.6243180e+06   4.0100098e+01
   7.6259510e+06   4.0344238e+01
   7.6423620e+06   3.4606934e+01
   7.6426790e+06   4.2480469e+01
   7.6446170e+06   3.0822754e+01
   7.6582580e+06   2.9479980e+01
   7.6604830e+06   3.9672852e+01
   7.6684670e+06   2.7526855e+01
   7.6777080e+06   3.8330078e+01
   7.6784130e+06   3.8146973e+01
   7.6965330e+06   3.2287598e+01
   7.6971210e+06   3.7536621e+01
   7.7030320e+06   3.7841797e+01
   7.7030930e+06   3.5400391e+01
   7.7038580e+06   2.6611328e+01
   7.7060430e+06   3.2409668e+01
   7.7064000e+06   4.4799805e+01
   7.7092810e+06   2.6428223e+01
   7.7225740e+06   3.0822754e+01
   7.7235700e+06   3.7048340e+01
   7.7406230e+06   2.8991699e+01
   7.7486360e+06   5.0842285e+01
   7.7488450e+06   2.9174805e+01
   7.7647670e+06   2.9541016e+01
   7.7666010e+06   3.3630371e+01
   7.7784510e+06   3.4118652e+01
   7.7800720e+06   3.8513184e+01
   7.7947120e+06   4.3090820e+01
   7.7960820e+06   4.7180176e+01
   7.8107460e+06   3.5522461e+01
   7.8123740e+06   3.4606934e+01
   7.8279310e+06   3.8879395e+01
   7.8397260e+06   3.9794922e+01
   7.8409510e+06   3.7353516e+01
   7.8416910e+06   2.8869629e+01
   7.8442360e+06   2.6611328e+01
   7.8483410e+06   2.6733398e+01
   7.8534600e+06   2.9418945e+01
   7.8713250e+06   2.6855469e+01
   7.8950680e+06   3.8696289e+01
   7.8951990e+06   4.1687012e+01
   7.8964240e+06   4.0161133e+01
   7.8985470e+06   2.6611328e+01
   7.9222890e+06   3.5888672e+01
   7.9233140e+06   4.2846680e+01
   7.9246910e+06   3.5278320e+01
   7.9248220e+06   3.2714844e+01
   7.9423100e+06   3.0639648e+01
   7.9442180e+06   3.2470703e+01
   7.9469370e+06   4.1687012e+01
   7.9482010e+06   2.9907227e+01
   7.9654000e+06   3.5827637e+01
   7.9656360e+06   3.1677246e+01
   7.9672540e+06   3.2714844e+01
   7.9915800e+06   4.0344238e+01
   7.9929210e+06   2.6550293e+01
   7.9968330e+06   3.8208008e+01
   7.9969040e+06   2.6794434e+01
   7.9969340e+06   3.6865234e+01
   7.9970290e+06   4.4555664e+01
   7.9971010e+06   2.8320313e+01
   8.0237870e+06   2.7709961e+01
   8.0391280e+06   3.9123535e+01
   8.0394490e+06   4.2907715e+01
   8.0400240e+06   3.2226563e+01
   8.0632820e+06   2.7893066e+01
   8.0737480e+06   4.9011230e+01
   8.0806930e+06   3.5949707e+01
   8.0811770e+06   3.8208008e+01
   8.0816910e+06   4.3640137e+01
   8.0818720e+06   2.9846191e+01
   8.0823340e+06   4.1503906e+01
   8.0825660e+06   3.1188965e+01
   8.0829860e+06   2.9235840e+01
   8.0832310e+06   3.1372070e+01
   8.0835030e+06   3.0944824e+01
   8.0838100e+06   3.1127930e+01
   8.1021580e+06   3.5461426e+01
   8.1022660e+06   4.3579102e+01
   8.1119750e+06   3.5644531e+01
   8.1128640e+06   2.8991699e+01
   8.1131980e+06   3.3813477e+01
   8.1133930e+06   3.8085938e+01
   8.1135390e+06   4.8645020e+01
   8.1137870e+06   2.7282715e+01
   8.1329330e+06   4.0893555e+01
   8.1449530e+06   3.8085938e+01
   8.1449810e+06   2.9357910e+01
   8.1450320e+06   2.7038574e+01
   8.1534100e+06   2.7587891e+01
   8.1554860e+06   3.6437988e+01
   8.1558180e+06   3.4423828e+01
   8.1559630e+06   4.1381836e+01
   8.1675650e+06   4.0832520e+01
   8.1675760e+06   2.9113770e+01
   8.1778970e+06   5.3405762e+01
   8.1836430e+06   2.9418945e+01
   8.1838570e+06   3.3752441e+01
   8.1842340e+06   3.9855957e+01
   8.1847990e+06   2.9479980e+01
   8.1967560e+06   2.6733398e+01
   8.2036420e+06   3.9123535e+01
   8.2096500e+06   3.5705566e+01
   8.2100700e+06   3.6865234e+01
   8.2101160e+06   2.8869629e+01
   8.2331820e+06   3.2287598e+01
   8.2335980e+06   3.5583496e+01
   8.2454450e+06   4.6081543e+01
   8.2557620e+06   3.9184570e+01
   8.2652480e+06   3.8269043e+01
   8.2657630e+06   3.5400391e+01
   8.2663120e+06   4.3395996e+01
   8.2731790e+06   2.7282715e+01
   8.2733920e+06   4.5104980e+01
   8.2738640e+06   3.2653809e+01
   8.2740360e+06   2.7648926e+01
   8.2748780e+06   3.3020020e+01
   8.2752190e+06   3.0334473e+01
   8.2752750e+06   2.8381348e+01
   8.2753030e+06   3.7414551e+01
   8.2754390e+06   2.8686523e+01
   8.2754790e+06   4.0710449e+01
   8.2755210e+06   3.3264160e+01
   8.2755730e+06   2.7404785e+01
   8.2756650e+06   3.1494141e+01
   8.2758850e+06   2.7099609e+01
   8.3046960e+06   2.6916504e+01
   8.3065400e+06   3.3325195e+01
   8.3068500e+06   4.0527344e+01
   8.3072240e+06   4.1992188e+01
   8.3161780e+06   2.7465820e+01
   8.3172710e+06   3.6193848e+01
   8.3190700e+06   2.7954102e+01
   8.3286170e+06   3.1616211e+01
   8.3290210e+06   3.3386230e+01
   8.3298330e+06   3.5827637e+01
   8.3395080e+06   3.5705566e+01
   8.3396460e+06   3.0944824e+01
   8.3396660e+06   3.8208008e+01
   8.3402760e+06   3.1433105e+01
   8.3510940e+06   3.1005859e+01
   8.3511110e+06   2.8808594e+01
   8.3516370e+06   3.4667969e+01
   8.3518140e+06   3.1372070e+01
   8.3520070e+06   3.2165527e+01
   8.3638180e+06   2.7709961e+01
   8.3641160e+06   2.6672363e+01
   8.3750450e+06   2.6306152e+01
   8.3755250e+06   4.6997070e+01
   8.3759440e+06   3.1982422e+01
   8.3762570e+06   4.1320801e+01
   8.3764610e+06   3.2348633e+01
   8.3768280e+06   3.9550781e+01
   8.3913260e+06   3.3752441e+01
   8.4022910e+06   5.5419922e+01
   8.4023300e+06   2.6672363e+01
   8.4025240e+06   2.6855469e+01
   8.4039020e+06   3.7963867e+01
   8.4044430e+06   3.0944824e+01
   8.4149320e+06   4.1503906e+01
   8.4150630e+06   2.6306152e+01
   8.4153490e+06   4.6264648e+01
   8.4246070e+06   4.0527344e+01
   8.4248910e+06   2.9235840e+01
   8.4250710e+06   5.1086426e+01
   8.4362570e+06   4.6386719e+01
   8.4363700e+06   3.3813477e+01
   8.4368790e+06   3.3752441e+01
   8.4466910e+06   3.4484863e+01
   8.4471240e+06   3.6132813e+01
   8.4475980e+06   3.5949707e+01
   8.4478970e+06   4.0344238e+01
   8.4590370e+06   3.0090332e+01
   8.4592700e+06   3.3935547e+01
   8.4748280e+06   2.9724121e+01
   8.4802060e+06   3.7658691e+01
   8.4804470e+06   2.7465820e+01
   8.4808390e+06   3.6315918e+01
   8.4811590e+06   3.7109375e+01
   8.4935790e+06   3.0639648e+01
   8.5032770e+06   4.1137695e+01
   8.5098520e+06   2.6489258e+01
   8.5128440e+06   3.7841797e+01
   8.5133130e+06   3.6193848e+01
   8.5139820e+06   2.6306152e+01
   8.5142000e+06   3.2531738e+01
   8.5236230e+06   4.1198730e+01
   8.5240380e+06   3.0883789e+01
   8.5340350e+06   3.7780762e+01
   8.5343530e+06   2.6672363e+01
   8.5444400e+06   3.1372070e+01
   8.5545660e+06   4.2419434e+01
   8.5553870e+06   3.6743164e+01
   8.5555170e+06   3.3569336e+01
   8.5652940e+06   3.9550781e+01
   8.5655740e+06   2.7343750e+01
   8.5751890e+06   3.6743164e+01
   8.5761040e+06   3.0395508e+01
   8.5859030e+06   4.1442871e+01
   8.5861720e+06   2.9052734e+01
   8.5960670e+06   2.9357910e+01
   8.5963040e+06   3.7780762e+01
   8.6053870e+06   3.9184570e+01
   8.6152990e+06   3.6804199e+01
   8.6157990e+06   3.7841797e+01
   8.6160210e+06   2.6489258e+01
   8.6162710e+06   3.3874512e+01
   8.6170690e+06   3.7414551e+01
   8.6269670e+06   5.3222656e+01
   8.6371470e+06   4.0832520e+01
   8.6374430e+06   4.2175293e+01
   8.6375000e+06   2.8137207e+01
   8.6378800e+06   3.2836914e+01
   8.6474810e+06   3.5461426e+01
   8.6477540e+06   2.7587891e+01
   8.6482620e+06   2.7709961e+01
   8.6577290e+06   3.1066895e+01
   8.6579630e+06   3.1616211e+01
   8.6582550e+06   3.5217285e+01
   8.6585200e+06   3.3142090e+01
   8.6616590e+06   2.6794434e+01
   8.6680080e+06   4.1503906e+01
   8.6681160e+06   2.9785156e+01
   8.6682360e+06   3.5766602e+01
   8.6685550e+06   2.7221680e+01
   8.6686700e+06   3.3935547e+01
   8.6702610e+06   2.6550293e+01
   8.6803080e+06   2.7587891e+01
   8.6881290e+06   2.6306152e+01
   8.6911170e+06   3.3020020e+01
   8.6917800e+06   2.7221680e+01
   8.7011380e+06   3.2348633e+01
   8.7018600e+06   2.7282715e+01
   8.7122890e+06   3.6621094e+01
   8.7126870e+06   4.6875000e+01
   8.7223860e+06   2.9602051e+01
   8.7227060e+06   3.2287598e+01
   8.7233310e+06   3.1982422e+01
   8.7327500e+06   3.3874512e+01
   8.7339990e+06   3.0639648e+01
   8.7434210e+06   4.3334961e+01
   8.7435770e+06   2.7709961e+01
   8.7439120e+06   3.1921387e+01
   8.7547210e+06   3.8391113e+01
   8.7555040e+06   3.3203125e+01
   8.7655590e+06   4.0710449e+01
   8.7761350e+06   5.0354004e+01
   8.7762340e+06   2.9907227e+01
   8.7762600e+06   2.8991699e+01
   8.7762920e+06   4.0527344e+01
   8.7763040e+06   2.7282715e+01
   8.7764480e+06   3.6193848e+01
   8.7766650e+06   2.6611328e+01
   8.7767130e+06   4.6447754e+01
   8.7768450e+06   3.0334473e+01
   8.7772270e+06   3.0578613e+01
   8.7776070e+06   2.7160645e+01
   8.7923600e+06   3.8330078e+01
   8.7925900e+06   4.0161133e+01
   8.7928180e+06   3.6743164e+01
   8.7932230e+06   3.9428711e+01
   8.8049570e+06   2.9724121e+01
   8.8054160e+06   3.9123535e+01
   8.8058640e+06   3.6315918e+01
   8.8060110e+06   3.3935547e+01
   8.8170090e+06   2.6672363e+01
   8.8170910e+06   4.2846680e+01
   8.8277150e+06   3.3691406e+01
   8.8278760e+06   3.0151367e+01
   8.8282990e+06   2.8320313e+01
   8.8287310e+06   3.6865234e+01
   8.8289160e+06   2.8320313e+01
   8.8398890e+06   2.7709961e+01
   8.8399670e+06   3.9794922e+01
   8.8402390e+06   3.3935547e+01
   8.8403000e+06   3.9367676e+01
   8.8405400e+06   2.7893066e+01
   8.8408810e+06   2.8869629e+01
   8.8532110e+06   4.1870117e+01
   8.8533200e+06   3.5095215e+01
   8.8541050e+06   2.9479980e+01
   8.8647750e+06   4.7241211e+01
   8.8649570e+06   3.5400391e+01
   8.8652300e+06   2.8686523e+01
   8.8654550e+06   3.8574219e+01
   8.8757890e+06   3.7109375e+01
   8.8759500e+06   2.6367188e+01
   8.8762780e+06   4.1015625e+01
   8.8863360e+06   2.6550293e+01
   8.8865750e+06   4.3090820e+01
   8.8872150e+06   4.1198730e+01
   8.8973100e+06   3.0883789e+01
   8.8975070e+06   3.9123535e+01
   8.8978650e+06   2.8259277e+01
   8.9081930e+06   4.4860840e+01
   8.9082930e+06   3.9306641e+01
   8.9085410e+06   3.0578613e+01
   8.9085810e+06   2.7221680e+01
   8.9087950e+06   3.1066895e+01
   8.9089630e+06   4.2297363e+01
   8.9090370e+06   3.1799316e+01
   8.9092620e+06   2.6794434e+01
   8.9216410e+06   4.8034668e+01
   8.9248140e+06   2.7465820e+01
   8.9324350e+06   3.1616211e+01
   8.9324550e+06   5.4016113e+01
   8.9325770e+06   3.0151367e+01
   8.9327390e+06   3.2592773e+01
   8.9330740e+06   3.3935547e+01
   8.9331070e+06   3.4423828e+01
   8.9332630e+06   2.7404785e+01
   8.9333270e+06   2.7038574e+01
   8.9468860e+06   5.3649902e+01
   8.9479810e+06   3.7719727e+01
   8.9568160e+06   4.4860840e+01
   8.9569130e+06   3.3935547e+01
   8.9572630e+06   3.2897949e+01
   8.9575670e+06   3.5095215e+01
   8.9685220e+06   4.2480469e+01
   8.9686530e+06   3.5034180e+01
   8.9688720e+06   3.0273438e+01
   8.9691570e+06   2.8625488e+01
   8.9801830e+06   2.9113770e+01
   8.9803300e+06   2.9479980e+01
   8.9804070e+06   3.0883789e+01
   8.9806670e+06   3.5095215e+01
   8.9811160e+06   3.8635254e+01
   8.9906680e+06   2.9418945e+01
   8.9907010e+06   3.2836914e+01
   8.9908910e+06   3.0395508e+01
   8.9914130e+06   3.4240723e+01
   9.0015370e+06   2.8503418e+01
   9.0015580e+06   3.1066895e+01
   9.0018660e+06   4.3701172e+01
   9.0021330e+06   2.8320313e+01
   9.0129250e+06   4.7485352e+01
   9.0130480e+06   4.5593262e+01
   9.0133440e+06   2.6367188e+01
   9.0245800e+06   3.2104492e+01
   9.0246090e+06   4.4982910e+01
   9.0247930e+06   3.0700684e+01
   9.0255580e+06   3.4484863e+01
   9.0356060e+06   3.8452148e+01
   9.0356920e+06   3.5644531e+01
   9.0357030e+06   3.1494141e+01
   9.0357730e+06   3.1433105e+01
   9.0358960e+06   2.8503418e+01
   9.0359240e+06   2.7038574e+01
   9.0360390e+06   2.7709961e+01
   9.0362390e+06   2.7404785e+01
   9.0364210e+06   3.2714844e+01
   9.0368500e+06   3.1005859e+01
   9.0504160e+06   4.0222168e+01
   9.0622400e+06   3.2592773e+01
   9.0623810e+06   3.7963867e+01
   9.0638310e+06   2.7770996e+01
   9.0709720e+06   3.0151367e+01
   9.0727130e+06   3.5095215e+01
   9.0728960e+06   3.9245605e+01
   9.0730200e+06   2.7893066e+01
   9.0733840e+06   2.9235840e+01
   9.0743900e+06   2.7282715e+01
   9.0844330e+06   3.3203125e+01
   9.0844590e+06   3.3691406e+01
   9.0848560e+06   3.4790039e+01
   9.0851530e+06   3.6804199e+01
   9.0851720e+06   2.6977539e+01
   9.0957830e+06   3.3569336e+01
   9.0960380e+06   3.0883789e+01
   9.0962800e+06   2.6489258e+01
   9.0964490e+06   3.7109375e+01
   9.0968470e+06   3.0456543e+01
   9.1065420e+06   3.8818359e+01
   9.1068690e+06   3.6010742e+01
   9.1073340e+06   4.3334961e+01
   9.1169690e+06   3.1555176e+01
   9.1172690e+06   3.6682129e+01
   9.1173450e+06   2.6977539e+01
   9.1273990e+06   3.2836914e+01
   9.1275390e+06   3.3630371e+01
   9.1279720e+06   2.7526855e+01
   9.1281650e+06   2.8015137e+01
   9.1285790e+06   3.3264160e+01
   9.1383580e+06   3.7902832e+01
   9.1384700e+06   3.4851074e+01
   9.1386020e+06   3.6010742e+01
   9.1388360e+06   3.0639648e+01
   9.1391340e+06   3.1311035e+01
   9.1393720e+06   2.7893066e+01
   9.1397690e+06   2.9968262e+01
   9.1399960e+06   3.3508301e+01
   9.1401690e+06   2.9113770e+01
   9.1517810e+06   3.8635254e+01
   9.1524310e+06   3.0090332e+01
   9.1529040e+06   2.6916504e+01
   9.1633530e+06   3.0578613e+01
   9.1635190e+06   6.1523438e+01
   9.1637100e+06   2.7038574e+01
   9.1641580e+06   2.7648926e+01
   9.1755530e+06   4.0771484e+01
   9.1780540e+06   3.3081055e+01
   9.1867960e+06   3.2470703e+01
   9.1875680e+06   2.7709961e+01
   9.1977410e+06   2.8076172e+01
   9.1978650e+06   3.4362793e+01
   9.1979500e+06   3.3203125e+01
   9.1981300e+06   2.8076172e+01
   9.1987950e+06   3.1250000e+01
   9.2111950e+06   3.9306641e+01
   9.2112640e+06   2.7221680e+01
   9.2114820e+06   3.3996582e+01
   9.2120410e+06   3.1372070e+01
   9.2207620e+06   3.9306641e+01
   9.2209170e+06   2.7282715e+01
   9.2209520e+06   2.7282715e+01
   9.2220040e+06   2.6855469e+01
   9.2222590e+06   2.7526855e+01
   9.2225870e+06   2.8869629e+01
   9.2326550e+06   3.7231445e+01
   9.2329320e+06   2.7648926e+01
   9.2333020e+06   3.4973145e+01
   9.2410190e+06   3.8879395e+01
   9.2511570e+06   3.5400391e+01
   9.2605440e+06   3.2897949e+01
   9.2607380e+06   3.7231445e+01
   9.2607510e+06   2.8076172e+01
   9.2610450e+06   3.6254883e+01
   9.2722030e+06   3.7780762e+01
   9.2733250e+06   3.0517578e+01
   9.2737700e+06   3.7597656e+01
   9.2741010e+06   3.2348633e+01
   9.2842290e+06   3.2653809e+01
   9.2951040e+06   3.0090332e+01
   9.3018230e+06   2.7404785e+01
   9.3030180e+06   2.6550293e+01
   9.3055740e+06   4.1870117e+01
   9.3058720e+06   2.9663086e+01
   9.3064830e+06   3.0944824e+01
   9.3231660e+06   3.3935547e+01
   9.3238630e+06   2.8381348e+01
   9.3253370e+06   3.0212402e+01
   9.3362840e+06   3.2165527e+01
   9.3464660e+06   3.4667969e+01
   9.3491360e+06   3.6071777e+01
   9.3618470e+06   3.6621094e+01
   9.3764120e+06   2.7648926e+01
   9.3809380e+06   2.7099609e+01
   9.3871400e+06   2.7282715e+01
   9.3885600e+06   3.2897949e+01
   9.3889640e+06   2.8198242e+01
   9.4016770e+06   3.9611816e+01
   9.4356790e+06   3.6315918e+01
   9.4357990e+06   2.7465820e+01
   9.4362010e+06   2.7099609e+01
   9.4438170e+06   3.9611816e+01
   9.4708860e+06   3.3691406e+01
   9.4802450e+06   3.8146973e+01
   9.4808650e+06   3.0761719e+01
   9.4910440e+06   2.6855469e+01
   9.4924120e+06   2.9724121e+01
   9.5211900e+06   4.1625977e+01
   9.5374090e+06   3.8085938e+01
   9.5413140e+06   3.2836914e+01
   9.5418680e+06   2.7282715e+01
   9.5425200e+06   3.1188965e+01
   9.5602790e+06   2.7343750e+01
   9.5970950e+06   2.6855469e+01
   9.6048440e+06   3.4179688e+01
   9.6049350e+06   2.9235840e+01
   9.6050160e+06   2.8076172e+01
   9.6050940e+06   3.0273438e+01
   9.6053610e+06   3.3020020e+01
   9.6057100e+06   3.2226563e+01
   9.6236890e+06   3.5339355e+01
   9.6439070e+06   2.6428223e+01
   9.6443080e+06   3.4362793e+01
   9.6648580e+06   3.6865234e+01
   9.6651660e+06   3.2958984e+01
   9.6653830e+06   4.0588379e+01
   9.6795660e+06   2.9785156e+01
   9.6954240e+06   3.5034180e+01
   9.7026900e+06   2.8503418e+01
   9.7264270e+06   2.8808594e+01
   9.7301450e+06   2.8015137e+01
   9.7355410e+06   2.7099609e+01
   9.7502470e+06   2.7221680e+01
   9.7677610e+06   2.8747559e+01
   9.7841650e+06   3.3447266e+01
   9.7845180e+06   2.9785156e+01
   9.7847280e+06   3.9672852e+01
   9.7848440e+06   3.3874512e+01
   9.7848970e+06   4.8400879e+01
   9.7849230e+06   2.8015137e+01
   9.7849460e+06   3.6499023e+01
   9.7849870e+06   2.7526855e+01
   9.7849990e+06   4.0832520e+01
   9.7850780e+06   3.2470703e+01
   9.7852170e+06   2.6489258e+01
   9.7858860e+06   3.1372070e+01
   9.8258310e+06   2.6489258e+01
   9.8320290e+06   3.2043457e+01
   9.8424930e+06   3.2531738e+01
   9.8535810e+06   2.6794434e+01
   9.8540860e+06   4.5837402e+01
   9.8541940e+06   2.9846191e+01
   9.8542100e+06   3.7536621e+01
   9.8542400e+06   2.6977539e+01
   9.8544020e+06   2.7587891e+01
   9.8546020e+06   2.7648926e+01
   9.8548790e+06   3.6743164e+01
   9.8550430e+06   2.8015137e+01
   9.8636140e+06   2.6977539e+01
   9.8711310e+06   3.0456543e+01
   9.8873550e+06   2.7221680e+01
   9.8892300e+06   4.1198730e+01
   9.8893950e+06   3.6315918e+01
   9.8894760e+06   2.7648926e+01
   9.8898320e+06   2.8198242e+01
   9.9102460e+06   2.7648926e+01
   9.9212950e+06   2.6367188e+01
   9.9332630e+06   2.7099609e+01
   9.9334400e+06   2.9663086e+01
   9.9337210e+06   3.4912109e+01
   9.9464460e+06   3.6132813e+01
   9.9646010e+06   2.8320313e+01
   9.9810450e+06   3.5949707e+01
   9.9960500e+06   3.5400391e+01
   1.0009287e+07   3.1982422e+01
   1.0009602e+07   2.8381348e+01
   1.0019020e+07   4.5043945e+01
   1.0019301e+07   3.5217285e+01
   1.0019773e+07   2.8686523e+01
   1.0020222e+07   3.0822754e+01
   1.0038568e+07   3.6987305e+01
   1.0039028e+07   2.8991699e+01
   1.0052056e+07   3.3935547e+01
   1.0063393e+07   4.8034668e+01
   1.0065885e+07   3.0517578e+01
   1.0077867e+07   2.7587891e+01
   1.0082679e+07   2.6794434e+01
   1.0087077e+07   3.2653809e+01
   1.0087674e+07   2.6672363e+01
   1.0087872e+07   3.1799316e+01
   1.0087893e+07   2.6794434e+01
   1.0117495e+07   3.7719727e+01
   1.0117697e+07   3.8574219e+01
   1.0118019e+07   3.7414551e+01
   1.0118366e+07   2.8442383e+01
   1.0118754e+07   4.9804688e+01
   1.0118890e+07   2.7954102e+01
   1.0118947e+07   4.0527344e+01
   1.0119130e+07   2.7282715e+01
   1.0119194e+07   3.9978027e+01
   1.0119414e+07   3.3691406e+01
   1.0119645e+07   2.7832031e+01
   1.0119703e+07   4.2541504e+01
   1.0154653e+07   4.4128418e+01
   1.0156813e+07   2.9052734e+01
   1.0168393e+07   3.7841797e+01
   1.0168425e+07   3.4423828e+01
   1.0178329e+07   2.8808594e+01
   1.0179090e+07   4.0161133e+01
   1.0179432e+07   3.1433105e+01
   1.0179873e+07   2.7709961e+01
   1.0190978e+07   4.1687012e+01
   1.0191098e+07   3.2409668e+01
   1.0191487e+07   2.7648926e+01
   1.0206628e+07   3.0029297e+01
   1.0213535e+07   3.8391113e+01
   1.0214059e+07   4.3884277e+01
   1.0214539e+07   2.6367188e+01
   1.0226971e+07   3.1372070e+01
   1.0238381e+07   2.7221680e+01
   1.0247541e+07   3.0456543e+01
   1.0247956e+07   3.8940430e+01
   1.0256585e+07   4.0161133e+01
   1.0256612e+07   2.6550293e+01
   1.0256771e+07   3.2409668e+01
   1.0256816e+07   2.9296875e+01
   1.0257101e+07   3.9794922e+01
   1.0257211e+07   3.6193848e+01
   1.0257303e+07   2.6306152e+01
   1.0257316e+07   2.8015137e+01
   1.0257348e+07   2.8991699e+01
   1.0257365e+07   4.9438477e+01
   1.0257390e+07   4.8950195e+01
   1.0257437e+07   3.1738281e+01
   1.0258107e+07   2.7343750e+01
   1.0274652e+07   4.2419434e+01
   1.0274663e+07   3.4301758e+01
   1.0274770e+07   2.9785156e+01
   1.0275142e+07   2.9296875e+01
   1.0286016e+07   3.9184570e+01
   1.0286083e+07   3.0700684e+01
   1.0286110e+07   3.1433105e+01
   1.0286130e+07   2.6428223e+01
   1.0286433e+07   2.7343750e+01
   1.0286728e+07   2.9602051e+01
   1.0298652e+07   2.8259277e+01
   1.0299592e+07   2.9724121e+01
   1.0310077e+07   3.5034180e+01
   1.0310306e+07   3.2409668e+01
   1.0310510e+07   2.8686523e+01
   1.0310687e+07   4.1870117e+01
   1.0310705e+07   2.7954102e+01
   1.0310821e+07   2.7893066e+01
   1.0310905e+07   3.1188965e+01
   1.0311378e+07   2.7038574e+01
   1.0326680e+07   2.6489258e+01
   1.0326744e+07   4.2907715e+01
   1.0326792e+07   3.2226563e+01
   1.0327180e+07   3.0273438e+01
   1.0327599e+07   2.7954102e+01
   1.0338085e+07   3.1677246e+01
   1.0338446e+07   3.2653809e+01
   1.0338696e+07   3.4545898e+01
   1.0338873e+07   2.6977539e+01
   1.0338951e+07   3.2592773e+01
   1.0338967e+07   3.3569336e+01
   1.0338978e+07   2.8015137e+01
   1.0339194e+07   2.7648926e+01
   1.0349735e+07   2.6611328e+01
   1.0352375e+07   4.1015625e+01
   1.0352674e+07   2.7770996e+01
   1.0352720e+07   2.7282715e+01
   1.0352867e+07   2.7709961e+01
   1.0353207e+07   2.8381348e+01
   1.0366483e+07   3.4790039e+01
   1.0368126e+07   2.9296875e+01
   1.0368183e+07   3.4423828e+01
   1.0368218e+07   3.1250000e+01
   1.0368267e+07   3.7963867e+01
   1.0368357e+07   2.6367188e+01
   1.0368427e+07   3.4973145e+01
   1.0368613e+07   2.7343750e+01
   1.0368732e+07   2.6977539e+01
   1.0383623e+07   2.7465820e+01
   1.0383793e+07   2.6733398e+01
   1.0384513e+07   3.8513184e+01
   1.0393328e+07   3.7048340e+01
   1.0393388e+07   3.4118652e+01
   1.0393970e+07   3.8146973e+01
   1.0394306e+07   4.3823242e+01
   1.0394899e+07   2.7832031e+01
   1.0395358e+07   2.7221680e+01
   1.0395733e+07   2.7526855e+01
   1.0410822e+07   3.3386230e+01
   1.0411105e+07   2.8869629e+01
   1.0411362e+07   3.2836914e+01
   1.0420605e+07   2.7282715e+01
   1.0421036e+07   3.1250000e+01
   1.0421058e+07   3.4912109e+01
   1.0421298e+07   4.4738770e+01
   1.0421312e+07   3.1372070e+01
   1.0421466e+07   3.2226563e+01
   1.0421819e+07   3.2165527e+01
   1.0422245e+07   3.1311035e+01
   1.0433468e+07   3.3081055e+01
   1.0435948e+07   3.6865234e+01
   1.0437086e+07   3.6987305e+01
   1.0437119e+07   2.6855469e+01
   1.0447961e+07   2.7221680e+01
   1.0448179e+07   4.4738770e+01
   1.0448193e+07   2.6611328e+01
   1.0448628e+07   4.5227051e+01
   1.0448723e+07   2.7038574e+01
   1.0460266e+07   3.0944824e+01
   1.0461173e+07   3.5644531e+01
   1.0461270e+07   3.4057617e+01
   1.0461592e+07   2.6794434e+01
   1.0461892e+07   2.6306152e+01
   1.0462012e+07   2.7893066e+01
   1.0469881e+07   2.7099609e+01
   1.0470366e+07   3.0822754e+01
   1.0471083e+07   3.3508301e+01
   1.0473144e+07   2.7770996e+01
   1.0478824e+07   3.7231445e+01
   1.0478919e+07   2.9663086e+01
   1.0479093e+07   3.5705566e+01
   1.0479444e+07   4.3945313e+01
   1.0479639e+07   2.8686523e+01
   1.0488266e+07   3.6376953e+01
   1.0488303e+07   2.6855469e+01
   1.0488628e+07   2.8686523e+01
   1.0488875e+07   2.9052734e+01
   1.0490154e+07   2.6489258e+01
   1.0496883e+07   4.0893555e+01
   1.0496919e+07   3.2714844e+01
   1.0496953e+07   3.0212402e+01
   1.0497042e+07   2.8320313e+01
   1.0497964e+07   2.9785156e+01
   1.0498276e+07   2.7648926e+01
   1.0509771e+07   3.5644531e+01
   1.0510191e+07   3.1372070e+01
   1.0511174e+07   2.6672363e+01
   1.0518876e+07   3.3264160e+01
   1.0519048e+07   3.0395508e+01
   1.0520976e+07   2.6489258e+01
   1.0527256e+07   2.8076172e+01
   1.0527474e+07   3.1738281e+01
   1.0527708e+07   2.7709961e+01
   1.0537485e+07   3.8696289e+01
   1.0537555e+07   2.6367188e+01
   1.0537856e+07   3.0029297e+01
   1.0547993e+07   3.7658691e+01
   1.0548048e+07   3.2836914e+01
   1.0548492e+07   2.6367188e+01
   1.0557333e+07   2.7709961e+01
   1.0557712e+07   3.4057617e+01
   1.0558516e+07   2.7282715e+01
   1.0566288e+07   3.5583496e+01
   1.0566329e+07   3.3935547e+01
   1.0566533e+07   3.5339355e+01
   1.0566635e+07   3.9062500e+01
   1.0567107e+07   2.6428223e+01
   1.0567803e+07   2.6611328e+01
   1.0576855e+07   4.0527344e+01
   1.0576998e+07   3.3508301e+01
   1.0585100e+07   3.7048340e+01
   1.0585162e+07   3.3203125e+01
   1.0585198e+07   4.4799805e+01
   1.0585399e+07   3.9123535e+01
   1.0595408e+07   3.0395508e+01
   1.0595439e+07   2.7465820e+01
   1.0595995e+07   3.2226563e+01
   1.0596450e+07   2.7038574e+01
   1.0596581e+07   4.1320801e+01
   1.0605067e+07   2.9357910e+01
   1.0605138e+07   3.4790039e+01
   1.0605207e+07   2.6916504e+01
   1.0605362e+07   3.1311035e+01
   1.0605680e+07   3.2958984e+01
   1.0605776e+07   3.2958984e+01
   1.0605971e+07   4.0100098e+01
   1.0615422e+07   2.7282715e+01
   1.0615438e+07   4.1809082e+01
   1.0615526e+07   3.2104492e+01
   1.0615911e+07   2.9174805e+01
   1.0618185e+07   2.7282715e+01
   1.0624741e+07   3.9001465e+01
   1.0625040e+07   2.9296875e+01
   1.0625388e+07   2.9479980e+01
   1.0634401e+07   3.9978027e+01
   1.0634530e+07   3.4423828e+01
   1.0635032e+07   2.6306152e+01
   1.0635539e+07   2.9235840e+01
   1.0635831e+07   2.9602051e+01
   1.0644442e+07   2.8503418e+01
   1.0644511e+07   3.5278320e+01
   1.0645161e+07   2.8564453e+01
   1.0650898e+07   2.6611328e+01
   1.0653014e+07   2.8564453e+01
   1.0653084e+07   2.9541016e+01
   1.0653126e+07   3.6071777e+01
   1.0653375e+07   3.0761719e+01
   1.0653700e+07   3.7963867e+01
   1.0662611e+07   3.4973145e+01
   1.0662730e+07   2.9113770e+01
   1.0663336e+07   2.6489258e+01
   1.0663614e+07   3.6071777e+01
   1.0671959e+07   3.4057617e+01
   1.0672204e+07   4.1748047e+01
   1.0672563e+07   3.9794922e+01
   1.0672942e+07   2.9052734e+01
   1.0673206e+07   2.6367188e+01
   1.0681578e+07   2.7465820e+01
   1.0681726e+07   3.2165527e+01
   1.0689373e+07   2.8625488e+01
   1.0689464e+07   2.9174805e+01
   1.0689987e+07   2.8625488e+01
   1.0690008e+07   2.9724121e+01
   1.0698643e+07   3.8879395e+01
   1.0698688e+07   3.1677246e+01
   1.0701316e+07   3.0334473e+01
   1.0707327e+07   4.2114258e+01
   1.0707389e+07   3.5400391e+01
   1.0715190e+07   3.0944824e+01
   1.0715233e+07   2.6306152e+01
   1.0715315e+07   3.0578613e+01
   1.0723374e+07   2.6855469e+01
   1.0723395e+07   3.1188965e+01
   1.0723474e+07   2.9296875e+01
   1.0724746e+07   3.0578613e+01
   1.0731530e+07   3.2287598e+01
   1.0731840e+07   2.9357910e+01
   1.0739123e+07   3.8818359e+01
   1.0739359e+07   2.9113770e+01
   1.0740111e+07   4.2175293e+01
   1.0746727e+07   2.6489258e+01
   1.0754446e+07   3.7231445e+01
   1.0761911e+07   3.5461426e+01
   1.0761973e+07   2.7893066e+01
   1.0761995e+07   3.3691406e+01
   1.0762583e+07   3.0700684e+01
   1.0762884e+07   3.2409668e+01
   1.0769681e+07   3.3935547e+01
   1.0769795e+07   3.1677246e+01
   1.0770376e+07   2.6916504e+01
   1.0776940e+07   2.8564453e+01
   1.0778602e+07   2.8808594e+01
   1.0784451e+07   5.5664063e+01
   1.0785000e+07   3.1250000e+01
   1.0791654e+07   4.1625977e+01
   1.0791894e+07   3.0151367e+01
   1.0799225e+07   2.7343750e+01
   1.0799487e+07   2.9418945e+01
   1.0799826e+07   3.8146973e+01
   1.0800844e+07   3.4301758e+01
   1.0807098e+07   2.7832031e+01
   1.0807180e+07   3.2287598e+01
   1.0814079e+07   3.0151367e+01
   1.0814785e+07   2.6550293e+01
   1.0815307e+07   3.0456543e+01
   1.0815620e+07   3.1188965e+01
   1.0821369e+07   2.8930664e+01
   1.0828557e+07   3.3874512e+01
   1.0829099e+07   2.8930664e+01
   1.0829693e+07   3.4973145e+01
   1.0836183e+07   2.8137207e+01
   1.0837119e+07   3.0822754e+01
   1.0843705e+07   3.6376953e+01
   1.0845075e+07   3.0639648e+01
   1.0845582e+07   3.4912109e+01
   1.0851364e+07   2.7526855e+01
   1.0851475e+07   3.0883789e+01
   1.0852582e+07   3.9672852e+01
   1.0858823e+07   3.5827637e+01
   1.0859090e+07   2.9907227e+01
   1.0860066e+07   3.5095215e+01
   1.0860703e+07   2.6550293e+01
   1.0861288e+07   3.1311035e+01
   1.0865975e+07   3.1372070e+01
   1.0866062e+07   3.1372070e+01
   1.0866921e+07   3.5705566e+01
   1.0869256e+07   2.9174805e+01
   1.0873394e+07   2.6367188e+01
   1.0873635e+07   3.5949707e+01
   1.0874958e+07   2.6916504e+01
   1.0880507e+07   3.5217285e+01
   1.0880825e+07   3.4240723e+01
   1.0881075e+07   3.5949707e+01
   1.0883078e+07   3.9062500e+01
   1.0883444e+07   2.9296875e+01
   1.0888806e+07   3.5461426e+01
   1.0889196e+07   2.9235840e+01
   1.0896694e+07   2.8503418e+01
   1.0897045e+07   3.8330078e+01
   1.0905233e+07   4.2480469e+01
   1.0905264e+07   2.6611328e+01
   1.0905598e+07   2.6306152e+01
   1.0906563e+07   3.3081055e+01
   1.0911483e+07   3.1860352e+01
   1.0912072e+07   3.0639648e+01
   1.0912473e+07   2.7770996e+01
   1.0915282e+07   2.8076172e+01
   1.0921484e+07   3.0700684e+01
   1.0921657e+07   3.6621094e+01
   1.0921790e+07   3.5522461e+01
   1.0921963e+07   3.2470703e+01
   1.0922595e+07   2.6733398e+01
   1.0928938e+07   3.6499023e+01
   1.0929440e+07   3.2714844e+01
   1.0929657e+07   2.6367188e+01
   1.0930460e+07   3.0029297e+01
   1.0936627e+07   3.5766602e+01
   1.0936736e+07   3.0212402e+01
   1.0937130e+07   2.6611328e+01
   1.0937729e+07   3.2104492e+01
   1.0938158e+07   2.9785156e+01
   1.0938390e+07   3.1188965e+01
   1.0944822e+07   2.7648926e+01
   1.0952827e+07   3.1188965e+01
   1.0953278e+07   3.2714844e+01
   1.0953615e+07   2.7587891e+01
   1.0953827e+07   2.7832031e+01
   1.0954108e+07   3.2409668e+01
   1.0959946e+07   2.7893066e+01
   1.0961397e+07   3.5095215e+01
   1.0961629e+07   2.7282715e+01
   1.0961738e+07   3.0151367e+01
   1.0968642e+07   3.0273438e+01
   1.0969359e+07   3.0151367e+01
   1.0970265e+07   3.6865234e+01
   1.0976927e+07   3.4545898e+01
   1.0977412e+07   2.6367188e+01
   1.0977585e+07   3.0883789e+01
   1.0978507e+07   2.9602051e+01
   1.0985423e+07   3.3447266e+01
   1.0985791e+07   3.1372070e+01
   1.0986624e+07   4.3334961e+01
   1.0986801e+07   2.8686523e+01
   1.0986928e+07   2.8747559e+01
   1.0987341e+07   3.6193848e+01
   1.0993946e+07   3.5339355e+01
   1.0994504e+07   3.2165527e+01
   1.1001632e+07   3.9489746e+01
   1.1002928e+07   2.7465820e+01
   1.1010311e+07   2.7282715e+01
   1.1015927e+07   2.7770996e+01
   1.1017979e+07   2.9968262e+01
   1.1018438e+07   2.7832031e+01
   1.1018452e+07   2.8686523e+01
   1.1025028e+07   2.8564453e+01
   1.1027686e+07   3.2226563e+01
   1.1032809e+07   3.2836914e+01
   1.1040867e+07   3.9367676e+01
   1.1041055e+07   3.0090332e+01
   1.1049196e+07   3.0212402e+01
   1.1049482e+07   2.9968262e+01
   1.1056249e+07   3.1372070e+01
   1.1056779e+07   2.9541016e+01
   1.1057176e+07   3.2348633e+01
   1.1057677e+07   3.0639648e+01
   1.1058040e+07   2.7465820e+01
   1.1065802e+07   2.8869629e+01
   1.1066272e+07   3.5095215e+01
   1.1074410e+07   3.0456543e+01
   1.1074590e+07   3.0395508e+01
   1.1074671e+07   2.8137207e+01
   1.1074898e+07   2.7465820e+01
   1.1082747e+07   3.8757324e+01
   1.1083302e+07   2.9418945e+01
   1.1090220e+07   2.8808594e+01
   1.1090414e+07   3.6499023e+01
   1.1090680e+07   3.1250000e+01
   1.1098877e+07   2.9846191e+01
   1.1099176e+07   3.2836914e+01
   1.1099402e+07   2.9418945e+01
   1.1106159e+07   2.9296875e+01
   1.1106599e+07   2.8808594e+01
   1.1113528e+07   3.3996582e+01
   1.1113737e+07   3.5156250e+01
   1.1113777e+07   4.6813965e+01
   1.1113941e+07   2.8442383e+01
   1.1114198e+07   2.6916504e+01
   1.1122677e+07   2.8076172e+01
   1.1123022e+07   2.8503418e+01
   1.1130183e+07   3.4973145e+01
   1.1130433e+07   3.1494141e+01
   1.1130516e+07   2.9724121e+01
   1.1137686e+07   3.1494141e+01
   1.1137978e+07   2.6489258e+01
   1.1138002e+07   3.0517578e+01
   1.1145233e+07   3.4667969e+01
   1.1145477e+07   2.7648926e+01
   1.1152845e+07   3.6926270e+01
   1.1153064e+07   4.5898438e+01
   1.1153135e+07   3.1555176e+01
   1.1153290e+07   2.6306152e+01
   1.1153445e+07   2.7587891e+01
   1.1160676e+07   3.3020020e+01
   1.1169112e+07   2.9479980e+01
   1.1174946e+07   3.8574219e+01
   1.1175886e+07   3.3203125e+01
   1.1176471e+07   3.4179688e+01
   1.1184440e+07   2.9174805e+01
   1.1184609e+07   2.6733398e+01
   1.1185097e+07   2.8137207e+01
   1.1192831e+07   3.2043457e+01
   1.1193296e+07   2.8015137e+01
   1.1193755e+07   2.6733398e+01
   1.1194002e+07   2.9846191e+01
   1.1200591e+07   3.1555176e+01
   1.1201028e+07   2.9907227e+01
   1.1204856e+07   2.7343750e+01
   1.1208818e+07   3.3386230e+01
   1.1216383e+07   3.4301758e+01
   1.1216655e+07   2.7893066e+01
   1.1216979e+07   3.4729004e+01
   1.1217143e+07   3.1372070e+01
   1.1217822e+07   3.3569336e+01
   1.1225538e+07   3.1921387e+01
   1.1225796e+07   2.8259277e+01
   1.1225991e+07   3.2165527e+01
   1.1235271e+07   3.5583496e+01
   1.1235601e+07   2.9663086e+01
   1.1243049e+07   3.3447266e+01
   1.1243255e+07   2.9724121e+01
   1.1243425e+07   3.3447266e+01
   1.1243837e+07   2.7343750e+01
   1.1251584e+07   3.2836914e+01
   1.1251851e+07   3.2409668e+01
   1.1259908e+07   4.1687012e+01
   1.1266153e+07   2.9846191e+01
   1.1266573e+07   3.0517578e+01
   1.1267607e+07   2.7343750e+01
   1.1275298e+07   3.7292480e+01
   1.1275646e+07   2.7221680e+01
   1.1282886e+07   3.1066895e+01
   1.1283484e+07   3.0273438e+01
   1.1289912e+07   3.3996582e+01
   1.1298210e+07   3.2470703e+01
   1.1298832e+07   2.6672363e+01
   1.1314084e+07   4.4006348e+01
   1.1314198e+07   3.7963867e+01
   1.1314554e+07   3.9672852e+01
   1.1331678e+07   2.9663086e+01
   1.1331891e+07   3.2958984e+01
   1.1332210e+07   2.7893066e+01
   1.1332630e+07   2.9052734e+01
   1.1341616e+07   3.6132813e+01
   1.1341824e+07   3.4729004e+01
   1.1356632e+07   3.6010742e+01
   1.1357245e+07   3.1982422e+01
   1.1379028e+07   3.3386230e+01
   1.1379415e+07   2.7404785e+01
   1.1387680e+07   2.8442383e+01
   1.1388051e+07   3.0456543e+01
   1.1388068e+07   3.1250000e+01
   1.1388375e+07   2.8076172e+01
   1.1404971e+07   3.0944824e+01
   1.1405361e+07   2.9418945e+01
   1.1405537e+07   2.7893066e+01
   1.1405722e+07   3.1066895e+01
   1.1406313e+07   2.9907227e+01
   1.1422949e+07   3.0334473e+01
   1.1423218e+07   2.9113770e+01
   1.1423294e+07   4.1137695e+01
   1.1423673e+07   2.7343750e+01
   1.1441566e+07   3.5278320e+01
   1.1442250e+07   2.7832031e+01
   1.1450419e+07   2.6977539e+01
   1.1450935e+07   2.9418945e+01
   1.1459401e+07   2.6306152e+01
   1.1459437e+07   2.9357910e+01
   1.1459758e+07   3.0334473e+01
   1.1460252e+07   2.8259277e+01
   1.1477569e+07   3.4729004e+01
   1.1477936e+07   2.7038574e+01
   1.1486414e+07   2.7709961e+01
   1.1486474e+07   2.6489258e+01
   1.1490316e+07   2.7160645e+01
   1.1493976e+07   3.6071777e+01
   1.1494364e+07   3.0334473e+01
   1.1503341e+07   3.0395508e+01
   1.1512443e+07   3.5095215e+01
   1.1512650e+07   2.6916504e+01
   1.1512803e+07   2.7343750e+01
   1.1521624e+07   2.9174805e+01
   1.1538239e+07   3.5766602e+01
   1.1538575e+07   2.6672363e+01
   1.1555881e+07   3.2653809e+01
   1.1569633e+07   2.7038574e+01
   1.1615646e+07   2.6733398e+01
   1.1618310e+07   2.8625488e+01
   1.1618610e+07   2.7770996e+01
   1.1659143e+07   2.9541016e+01
   1.1659185e+07   3.1311035e+01
   1.1659710e+07   3.3630371e+01
   1.1668587e+07   2.6733398e+01
   1.1671883e+07   2.6672363e+01
   1.1696720e+07   2.7648926e+01
   1.1702615e+07   2.9174805e+01
   1.1712792e+07   2.7893066e+01
   1.1714227e+07   2.7099609e+01
   1.1729300e+07   2.8259277e+01
   1.1773086e+07   2.7221680e+01
   1.1782637e+07   2.7954102e+01
   1.1791796e+07   3.6621094e+01
   1.1792021e+07   3.1250000e+01
   1.1792343e+07   3.0395508e+01
   1.1814357e+07   2.6611328e+01
   1.1815611e+07   2.6672363e+01
   1.1817255e+07   2.7526855e+01
   1.1820521e+07   2.9724121e+01
   1.1839905e+07   2.7648926e+01
   1.1840077e+07   2.7893066e+01
   1.1840161e+07   2.9113770e+01
   1.1851683e+07   3.0883789e+01
   1.1865284e+07   2.6733398e+01
   1.1879587e+07   2.6428223e+01
   1.1888097e+07   3.2165527e+01
   1.1888307e+07   3.5095215e+01
   1.1888399e+07   2.9907227e+01
   1.1888711e+07   2.8198242e+01
   1.1921352e+07   2.7343750e+01
   1.1947825e+07   3.1005859e+01
   1.1947994e+07   3.3630371e+01
   1.1948139e+07   4.5288086e+01
   1.1948569e+07   2.8198242e+01
   1.1948604e+07   3.1005859e+01
   1.1948952e+07   2.6733398e+01
   1.1990537e+07   2.7465820e+01
