   1.1999000e+07   0.0000000e+00
   1.8651000e+04   2.7954102e+01
   1.8768000e+04   3.1494141e+01
   1.8830000e+04   3.2958984e+01
   1.9012000e+04   3.1982422e+01
   1.9164000e+04   2.8259277e+01
   1.9296000e+04   3.1311035e+01
   2.0515000e+04   3.1738281e+01
   5.4506000e+04   3.2104492e+01
   5.4609000e+04   2.8869629e+01
   5.4812000e+04   2.9113770e+01
   5.5068000e+04   2.8137207e+01
   1.0320800e+05   3.0151367e+01
   1.6219200e+05   3.2043457e+01
   1.6241200e+05   2.8991699e+01
   1.6261200e+05   2.9968262e+01
   2.4022400e+05   3.1005859e+01
   2.4036800e+05   3.0822754e+01
   2.4068200e+05   3.2043457e+01
   2.5879000e+05   3.2531738e+01
   2.5935200e+05   3.1799316e+01
   2.8510000e+05   2.9907227e+01
   2.8608600e+05   3.0883789e+01
   2.8665600e+05   3.1921387e+01
   2.8717500e+05   2.9235840e+01
   3.4423000e+05   2.8869629e+01
   3.4461500e+05   2.8869629e+01
   3.4561900e+05   3.3081055e+01
   3.5834400e+05   3.5705566e+01
   3.9456800e+05   2.9174805e+01
   4.1326000e+05   3.0151367e+01
   4.4083500e+05   3.1860352e+01
   4.5742700e+05   3.0883789e+01
   4.5825000e+05   3.0151367e+01
   4.5856500e+05   3.2775879e+01
   4.5872300e+05   2.8442383e+01
   4.5891000e+05   3.2531738e+01
   4.6006900e+05   2.8564453e+01
   4.6833300e+05   3.4729004e+01
   4.6891700e+05   3.1372070e+01
   4.7664900e+05   2.8564453e+01
   4.7682400e+05   2.8808594e+01
   4.7704000e+05   3.0395508e+01
   4.7792000e+05   3.0334473e+01
   5.2811500e+05   2.9541016e+01
   5.5013700e+05   2.9418945e+01
   5.5105800e+05   3.3508301e+01
   6.7245600e+05   3.0090332e+01
   6.7262500e+05   2.9235840e+01
   6.7286400e+05   2.8137207e+01
   6.7293300e+05   3.4545898e+01
   6.7301400e+05   2.9602051e+01
   7.2907900e+05   2.8930664e+01
   7.2946300e+05   2.9479980e+01
   7.2988200e+05   2.9235840e+01
   7.2993400e+05   2.8686523e+01
   7.5175200e+05   2.9357910e+01
   7.8261800e+05   3.1799316e+01
   7.8281100e+05   2.9113770e+01
   7.8314100e+05   2.8442383e+01
   7.8336500e+05   3.0395508e+01
   8.0072700e+05   3.1372070e+01
   8.0110200e+05   3.2043457e+01
   8.4211000e+05   2.8869629e+01
   8.4232000e+05   2.9357910e+01
   8.4302400e+05   2.8564453e+01
   8.4369000e+05   2.8015137e+01
   8.8620700e+05   2.8564453e+01
   8.8654800e+05   2.8381348e+01
   9.2635500e+05   2.9113770e+01
   9.2676600e+05   2.9785156e+01
   9.2697800e+05   2.9479980e+01
   9.6698300e+05   3.3569336e+01
   9.6741200e+05   2.8747559e+01
   9.6789100e+05   3.1311035e+01
   9.8127200e+05   3.1738281e+01
   9.8154900e+05   2.9113770e+01
   9.8176400e+05   2.9907227e+01
   9.8339500e+05   2.8747559e+01
   1.0189460e+06   3.0761719e+01
   1.0201260e+06   3.1250000e+01
   1.0219220e+06   3.2287598e+01
   1.0220260e+06   3.1555176e+01
   1.0220900e+06   3.1005859e+01
   1.0226440e+06   2.8381348e+01
   1.0229440e+06   2.8198242e+01
   1.0828170e+06   3.0883789e+01
   1.1037360e+06   2.8625488e+01
   1.1767060e+06   3.1616211e+01
   1.1794270e+06   3.0334473e+01
   1.1798200e+06   3.5339355e+01
   1.1801310e+06   2.9541016e+01
   1.1802020e+06   3.1921387e+01
   1.2104340e+06   3.0334473e+01
   1.2419860e+06   3.0578613e+01
   1.2421960e+06   3.2897949e+01
   1.2426520e+06   3.5339355e+01
   1.2430040e+06   3.0334473e+01
   1.2574390e+06   2.9418945e+01
   1.2577040e+06   2.9235840e+01
   1.2581510e+06   2.8747559e+01
   1.2602970e+06   2.9296875e+01
   1.3209460e+06   2.8015137e+01
   1.3572530e+06   3.1616211e+01
   1.3841340e+06   3.3325195e+01
   1.3844350e+06   3.0395508e+01
   1.3851390e+06   2.8686523e+01
   1.4305240e+06   2.8198242e+01
   1.4308280e+06   2.9235840e+01
   1.4313160e+06   3.1127930e+01
   1.4661170e+06   2.8198242e+01
   1.4674850e+06   3.1494141e+01
   1.5201940e+06   3.0090332e+01
   1.5202650e+06   3.4729004e+01
   1.5205430e+06   3.1677246e+01
   1.5208120e+06   2.8747559e+01
   1.5216880e+06   3.0151367e+01
   1.5657760e+06   3.0700684e+01
   1.5661780e+06   3.3142090e+01
   1.5965940e+06   3.3020020e+01
   1.6325490e+06   3.3142090e+01
   1.6326530e+06   2.8930664e+01
   1.6329700e+06   2.8747559e+01
   1.6333890e+06   2.9296875e+01
   1.6336880e+06   2.8137207e+01
   1.6822100e+06   3.6132813e+01
   1.6825140e+06   3.0456543e+01
   1.6829180e+06   2.8259277e+01
   1.6832230e+06   3.3752441e+01
   1.6984360e+06   2.8076172e+01
   1.6986310e+06   3.5522461e+01
   1.7263660e+06   2.8076172e+01
   1.7267260e+06   3.0456543e+01
   1.7659780e+06   3.1005859e+01
   1.7663270e+06   3.1250000e+01
   1.8481450e+06   3.3508301e+01
   1.8484430e+06   2.8015137e+01
   1.8487890e+06   3.2409668e+01
   1.8494260e+06   2.9357910e+01
   1.8497100e+06   2.9541016e+01
   1.8796530e+06   3.3264160e+01
   1.8800500e+06   2.9235840e+01
   1.8994940e+06   3.0517578e+01
   1.8996410e+06   2.8503418e+01
   1.8998720e+06   3.1921387e+01
   1.9014940e+06   2.8564453e+01
   1.9428740e+06   3.1555176e+01
   1.9626590e+06   2.9113770e+01
   1.9985340e+06   3.2226563e+01
   1.9989590e+06   2.9235840e+01
   2.0259270e+06   3.1494141e+01
   2.0264830e+06   2.8137207e+01
   2.0491730e+06   3.0944824e+01
   2.0493890e+06   2.8198242e+01
   2.0497280e+06   2.9785156e+01
   2.0501470e+06   3.3386230e+01
   2.1234770e+06   3.0883789e+01
   2.1313850e+06   3.2226563e+01
   2.1315210e+06   2.9296875e+01
   2.1317600e+06   2.8442383e+01
   2.1797360e+06   3.1188965e+01
   2.1800570e+06   3.2165527e+01
   2.1954070e+06   3.1005859e+01
   2.1962820e+06   3.1066895e+01
   2.2595910e+06   3.0456543e+01
   2.2598580e+06   2.8808594e+01
   2.2600700e+06   2.8503418e+01
   2.3136480e+06   3.2348633e+01
   2.3139420e+06   3.3386230e+01
   2.3144170e+06   3.0090332e+01
   2.3149810e+06   2.8808594e+01
   2.4328480e+06   3.0212402e+01
   2.4331440e+06   3.4545898e+01
   2.4335850e+06   2.8076172e+01
   2.4336780e+06   2.8747559e+01
   2.4337960e+06   3.2714844e+01
   2.4492300e+06   3.0639648e+01
   2.4622070e+06   2.8930664e+01
   2.4764170e+06   2.8320313e+01
   2.5126410e+06   3.3752441e+01
   2.5128440e+06   2.8381348e+01
   2.5132760e+06   3.0334473e+01
   2.5148330e+06   2.8137207e+01
   2.5591410e+06   2.8747559e+01
   2.5661400e+06   2.8137207e+01
   2.5757160e+06   3.0029297e+01
   2.5776500e+06   3.3813477e+01
   2.5782340e+06   3.3142090e+01
   2.5812600e+06   3.4484863e+01
   2.6231790e+06   2.8442383e+01
   2.6929910e+06   3.2592773e+01
   2.6935720e+06   3.5949707e+01
   2.7302880e+06   3.0944824e+01
   2.7702100e+06   3.3142090e+01
   2.7707740e+06   2.9113770e+01
   2.7712440e+06   3.0517578e+01
   2.7997240e+06   3.0456543e+01
   2.7999900e+06   2.9785156e+01
   2.8605290e+06   3.1799316e+01
   2.8750160e+06   2.9296875e+01
   2.8894080e+06   2.8320313e+01
   2.8897590e+06   3.2104492e+01
   2.8902360e+06   2.8442383e+01
   2.9125140e+06   3.0456543e+01
   2.9352220e+06   2.8015137e+01
   3.0104840e+06   2.7954102e+01
   3.0110160e+06   2.8076172e+01
   3.0120190e+06   2.8015137e+01
   3.0281100e+06   3.1494141e+01
   3.0286690e+06   2.9663086e+01
   3.0613430e+06   3.0151367e+01
   3.1047550e+06   3.1005859e+01
   3.1052970e+06   3.1677246e+01
   3.1059970e+06   3.0883789e+01
   3.1832360e+06   3.1188965e+01
   3.1879590e+06   2.8320313e+01
   3.2388520e+06   3.8208008e+01
   3.2468640e+06   2.8442383e+01
   3.2525930e+06   2.9418945e+01
   3.3061450e+06   3.0822754e+01
   3.3075310e+06   2.8503418e+01
   3.3470450e+06   2.9602051e+01
   3.4582910e+06   3.3874512e+01
   3.4587030e+06   2.8747559e+01
   3.5825160e+06   2.8991699e+01
   3.5827310e+06   2.8381348e+01
   3.6569280e+06   3.1555176e+01
   3.6644410e+06   2.8503418e+01
   3.6944290e+06   2.9174805e+01
   3.7037080e+06   2.8259277e+01
   3.7780110e+06   2.8015137e+01
   3.8258220e+06   2.8381348e+01
   3.8260030e+06   3.5217285e+01
   3.8999610e+06   3.1372070e+01
   4.0323160e+06   2.8198242e+01
   4.0684840e+06   3.0517578e+01
   4.1316530e+06   2.9418945e+01
   4.1419380e+06   2.8259277e+01
   4.1422100e+06   3.0334473e+01
   4.1825060e+06   3.0395508e+01
   4.1829500e+06   2.8320313e+01
   4.2590690e+06   2.8076172e+01
   4.2868910e+06   3.1372070e+01
   4.3401670e+06   2.9479980e+01
   4.4126860e+06   2.9113770e+01
   4.5223800e+06   2.9968262e+01
   4.5275840e+06   2.8137207e+01
   4.5453460e+06   2.8991699e+01
   4.6105570e+06   2.9846191e+01
   4.6384070e+06   3.3813477e+01
   4.7213820e+06   2.8137207e+01
   4.8305780e+06   2.8076172e+01
   4.8636360e+06   2.8320313e+01
   4.9376790e+06   3.0334473e+01
   4.9635550e+06   2.9479980e+01
   4.9941200e+06   2.9113770e+01
   5.0529470e+06   2.8930664e+01
   5.0739670e+06   3.0395508e+01
   5.1121540e+06   2.9296875e+01
   5.1617340e+06   2.8564453e+01
   5.1812720e+06   2.8137207e+01
   5.1827230e+06   2.8442383e+01
   5.2389560e+06   2.8137207e+01
   5.2630850e+06   2.8991699e+01
   5.3104150e+06   3.1372070e+01
   5.3145000e+06   2.8869629e+01
   5.3586450e+06   2.8564453e+01
   5.4178470e+06   3.0029297e+01
   5.4697970e+06   2.8015137e+01
   5.5026230e+06   3.0273438e+01
   5.5145370e+06   3.1433105e+01
   5.5399550e+06   2.8564453e+01
   5.5842110e+06   2.8747559e+01
   5.5993470e+06   2.8869629e+01
   5.6234120e+06   2.8076172e+01
   5.6881760e+06   3.7536621e+01
   5.7935160e+06   3.1188965e+01
   5.7936440e+06   3.2958984e+01
   5.8048920e+06   2.8503418e+01
   5.8279690e+06   2.8259277e+01
   5.8728480e+06   3.4973145e+01
   5.8965310e+06   2.8747559e+01
   5.9069170e+06   2.8503418e+01
   5.9608100e+06   4.1687012e+01
   5.9729910e+06   2.8259277e+01
   5.9832390e+06   4.4799805e+01
   6.0143340e+06   3.0151367e+01
   6.0144790e+06   2.9113770e+01
   6.0261790e+06   2.8015137e+01
   6.0666950e+06   3.0700684e+01
   6.0775710e+06   3.0151367e+01
   6.1599040e+06   2.9052734e+01
   6.1709810e+06   2.7954102e+01
   6.2011870e+06   2.9846191e+01
   6.2106980e+06   3.1616211e+01
   6.2114500e+06   2.9785156e+01
   6.2122090e+06   3.4240723e+01
   6.2212680e+06   2.8198242e+01
   6.2695120e+06   2.8442383e+01
   6.2696990e+06   3.3630371e+01
   6.3323120e+06   2.9724121e+01
   6.3419890e+06   2.8381348e+01
   6.3519720e+06   3.0090332e+01
   6.3620220e+06   2.9479980e+01
   6.3715560e+06   2.8564453e+01
   6.3717140e+06   3.2348633e+01
   6.3916320e+06   2.8991699e+01
   6.4191620e+06   2.9602051e+01
   6.4611120e+06   3.8452148e+01
   6.4613490e+06   3.1677246e+01
   6.4615140e+06   2.9846191e+01
   6.4618470e+06   3.6621094e+01
   6.4928480e+06   3.0151367e+01
   6.4929160e+06   2.8137207e+01
   6.4930400e+06   2.7954102e+01
   6.5186350e+06   2.8564453e+01
   6.5490630e+06   2.8076172e+01
   6.5721090e+06   3.1921387e+01
   6.5723050e+06   3.1982422e+01
   6.5850140e+06   4.0161133e+01
   6.6121390e+06   2.8625488e+01
   6.6395880e+06   2.8686523e+01
   6.6524240e+06   2.9785156e+01
   6.6527060e+06   3.2165527e+01
   6.6678650e+06   3.9123535e+01
   6.6679680e+06   3.0395508e+01
   6.6959950e+06   3.3874512e+01
   6.7101980e+06   2.7954102e+01
   6.7103190e+06   2.8015137e+01
   6.7272050e+06   2.8137207e+01
   6.7444940e+06   2.9235840e+01
   6.7445810e+06   2.8015137e+01
   6.7631330e+06   2.8015137e+01
   6.7633930e+06   2.8564453e+01
   6.7756460e+06   3.1677246e+01
   6.7900380e+06   3.3081055e+01
   6.7901890e+06   2.9296875e+01
   6.8216240e+06   3.1433105e+01
   6.8217700e+06   3.4667969e+01
   6.8375100e+06   3.3081055e+01
   6.8376270e+06   3.0456543e+01
   6.8531890e+06   3.7170410e+01
   6.8532560e+06   2.9418945e+01
   6.8533250e+06   3.5522461e+01
   6.8665150e+06   3.2958984e+01
   6.8666210e+06   3.5400391e+01
   6.8824530e+06   3.3203125e+01
   6.8826800e+06   2.8686523e+01
   6.9172440e+06   3.2958984e+01
   6.9173750e+06   3.0944824e+01
   6.9342010e+06   3.1738281e+01
   6.9343080e+06   2.8320313e+01
   6.9344170e+06   3.0151367e+01
   6.9349740e+06   2.9479980e+01
   6.9506050e+06   2.7954102e+01
   6.9656630e+06   3.0578613e+01
   6.9657850e+06   2.8991699e+01
   6.9803480e+06   3.3813477e+01
   6.9804780e+06   2.9113770e+01
   6.9943570e+06   2.8015137e+01
   6.9945020e+06   2.8381348e+01
   6.9952040e+06   3.5156250e+01
   7.0092740e+06   3.1555176e+01
   7.0396780e+06   2.8869629e+01
   7.0398450e+06   3.0151367e+01
   7.0552600e+06   2.9235840e+01
   7.0714940e+06   3.2958984e+01
   7.4127790e+06   2.9846191e+01
   7.5116620e+06   2.8076172e+01
   7.5632020e+06   2.9541016e+01
   7.5913230e+06   2.8686523e+01
   7.7818370e+06   3.0822754e+01
   7.8724230e+06   2.9357910e+01
   7.8905240e+06   2.8747559e+01
   7.9948550e+06   3.0456543e+01
   7.9970980e+06   3.0395508e+01
   7.9972620e+06   3.1005859e+01
   8.1819710e+06   2.8259277e+01
   8.2574460e+06   2.9296875e+01
   8.2746290e+06   3.1250000e+01
   8.2752980e+06   2.9724121e+01
   8.2760740e+06   3.4606934e+01
   8.2933350e+06   3.0395508e+01
   8.5041050e+06   2.8076172e+01
   8.6801160e+06   2.8381348e+01
   8.7548940e+06   2.8137207e+01
   8.8044120e+06   2.8198242e+01
   8.9324310e+06   3.0700684e+01
   8.9327440e+06   3.0761719e+01
   9.0013730e+06   3.1372070e+01
   9.0129660e+06   2.8686523e+01
   9.0130740e+06   2.8808594e+01
   9.0356660e+06   2.8442383e+01
   9.0358880e+06   3.2165527e+01
   9.0360080e+06   2.8442383e+01
   9.0363330e+06   2.8503418e+01
   9.0965640e+06   3.4362793e+01
   9.0968100e+06   2.9663086e+01
   9.1383570e+06   2.8076172e+01
   9.1385160e+06   3.1494141e+01
   9.1388420e+06   2.8381348e+01
   9.1392770e+06   2.8564453e+01
   9.1395270e+06   2.9174805e+01
   9.1516900e+06   2.9052734e+01
   9.1636930e+06   2.9663086e+01
   9.1641640e+06   2.9968262e+01
   9.1645150e+06   2.9296875e+01
   9.2229100e+06   2.9968262e+01
   9.2843910e+06   2.8747559e+01
   9.2948160e+06   3.0151367e+01
   9.2949640e+06   3.0944824e+01
   9.3064100e+06   2.8686523e+01
   9.3068990e+06   3.0761719e+01
   9.3491160e+06   2.8381348e+01
   9.3495580e+06   3.1372070e+01
   9.3777590e+06   2.8564453e+01
   9.3893480e+06   3.1555176e+01
   9.4566020e+06   3.6926270e+01
   9.4684780e+06   2.8381348e+01
   9.6053690e+06   2.9541016e+01
   9.7738500e+06   2.8686523e+01
   9.7851780e+06   3.2287598e+01
   9.8536120e+06   2.9113770e+01
   9.8545330e+06   3.0639648e+01
   9.8548620e+06   2.8686523e+01
   9.9084660e+06   2.8991699e+01
   9.9335070e+06   2.8442383e+01
   1.0118131e+07   2.8930664e+01
   1.0118659e+07   2.9113770e+01
   1.0119263e+07   3.2958984e+01
   1.0135254e+07   2.9235840e+01
   1.0191141e+07   3.0090332e+01
   1.0256306e+07   3.0456543e+01
   1.0256574e+07   2.9235840e+01
   1.0256742e+07   2.8259277e+01
   1.0286543e+07   2.9602051e+01
   1.0310401e+07   2.9846191e+01
   1.0310650e+07   2.8015137e+01
   1.0327456e+07   2.8930664e+01
   1.0338764e+07   3.0822754e+01
   1.0339504e+07   3.1738281e+01
   1.0352690e+07   3.1799316e+01
   1.0353453e+07   2.8625488e+01
   1.0368306e+07   3.7658691e+01
   1.0368449e+07   2.7954102e+01
   1.0394894e+07   3.1982422e+01
   1.0421685e+07   2.8991699e+01
   1.0435971e+07   2.8686523e+01
   1.0448160e+07   2.8442383e+01
   1.0480340e+07   2.8442383e+01
   1.0490172e+07   2.8564453e+01
   1.0497872e+07   2.8564453e+01
   1.0567586e+07   2.9174805e+01
   1.0595865e+07   2.8625488e+01
   1.0596378e+07   3.4912109e+01
   1.0605770e+07   3.1738281e+01
   1.0616397e+07   2.9174805e+01
   1.0625750e+07   3.3569336e+01
   1.0672730e+07   2.9602051e+01
   1.0748839e+07   2.8137207e+01
   1.0823360e+07   2.8930664e+01
   1.0930086e+07   2.8137207e+01
   1.1049639e+07   3.1555176e+01
   1.1057506e+07   3.0578613e+01
   1.1388753e+07   2.8869629e+01
   1.1406235e+07   2.8625488e+01
   1.1576803e+07   2.8076172e+01
   1.1702011e+07   2.8198242e+01
   1.1811198e+07   2.9174805e+01
   1.1887923e+07   2.9846191e+01
   1.1940572e+07   2.8442383e+01
