   1.1999000e+07   0.0000000e+00
   1.6305100e+05   5.3833008e+01
   2.4047700e+05   4.2358398e+01
   4.7613300e+05   4.5654297e+01
   5.2757000e+05   4.4677734e+01
   5.5145800e+05   4.1198730e+01
   6.7345700e+05   5.3955078e+01
   7.3012100e+05   4.2724609e+01
   7.3016800e+05   5.3955078e+01
   7.6945300e+05   4.0649414e+01
   8.4314100e+05   4.1687012e+01
   8.4315500e+05   5.3588867e+01
   9.2561100e+05   4.0588379e+01
   2.1312870e+06   4.7729492e+01
   2.3051930e+06   4.1015625e+01
   2.4336970e+06   4.4921875e+01
   2.4337310e+06   4.4006348e+01
   2.6231070e+06   4.1015625e+01
   3.1537900e+06   4.1442871e+01
   3.2463580e+06   4.1259766e+01
   3.3441600e+06   4.1687012e+01
   3.3926250e+06   4.4128418e+01
   3.4579850e+06   4.1625977e+01
   3.4949760e+06   4.7790527e+01
   3.5652260e+06   4.2053223e+01
   3.5821310e+06   4.3640137e+01
   3.6167440e+06   4.3518066e+01
   3.6818800e+06   4.4250488e+01
   3.7140080e+06   4.1992188e+01
   3.7561300e+06   4.0954590e+01
   3.7790770e+06   5.3466797e+01
   3.8194300e+06   5.2307129e+01
   3.8763900e+06   4.6447754e+01
   3.8887580e+06   4.7241211e+01
   4.0428840e+06   4.1564941e+01
   4.1267100e+06   4.3640137e+01
   4.1418710e+06   4.0588379e+01
   4.1420270e+06   4.4128418e+01
   4.1659730e+06   4.6081543e+01
   4.2412970e+06   4.1076660e+01
   4.2514850e+06   4.2358398e+01
   4.2796530e+06   4.0893555e+01
   4.2860930e+06   4.4372559e+01
   4.3093800e+06   4.2602539e+01
   4.3252690e+06   4.2907715e+01
   4.3599850e+06   4.0832520e+01
   4.4046510e+06   4.2175293e+01
   4.4530390e+06   4.1015625e+01
   4.5243880e+06   4.1748047e+01
   4.5681930e+06   4.4799805e+01
   4.5838710e+06   4.1320801e+01
   4.6327990e+06   4.2846680e+01
   4.6546980e+06   4.2602539e+01
   4.6553830e+06   4.3701172e+01
   4.6887380e+06   4.0832520e+01
   4.7022620e+06   4.7668457e+01
   4.7569850e+06   4.3823242e+01
   4.8180250e+06   4.1137695e+01
   4.8181180e+06   4.1503906e+01
   4.8345250e+06   4.6936035e+01
   4.8652210e+06   4.1503906e+01
   4.8896990e+06   4.5166016e+01
   4.9033900e+06   4.0832520e+01
   4.9256650e+06   4.3151855e+01
   4.9377330e+06   4.1198730e+01
   5.0090530e+06   4.2175293e+01
   5.0215740e+06   4.1320801e+01
   5.0352330e+06   4.1015625e+01
   5.0528080e+06   4.1748047e+01
   5.1404480e+06   4.4799805e+01
   5.2199520e+06   4.2358398e+01
   5.2502210e+06   4.6997070e+01
   5.3114670e+06   4.1015625e+01
   5.4239610e+06   4.4921875e+01
   5.4454890e+06   4.3701172e+01
   5.4955260e+06   4.1442871e+01
   5.5038440e+06   4.7485352e+01
   5.5400260e+06   4.8889160e+01
   5.5820780e+06   4.0954590e+01
   5.6205780e+06   4.0954590e+01
   5.7438000e+06   4.3212891e+01
   5.8732930e+06   4.2358398e+01
   5.8849670e+06   4.0527344e+01
   6.2695610e+06   5.5419922e+01
   6.4191060e+06   4.4311523e+01
   6.4191800e+06   4.2236328e+01
   6.4304100e+06   4.2968750e+01
   6.4610160e+06   4.0527344e+01
   6.4611050e+06   4.0893555e+01
   6.4611770e+06   4.4372559e+01
   6.4729080e+06   4.4799805e+01
   6.4730700e+06   4.7790527e+01
   6.4930200e+06   4.5288086e+01
   6.4931340e+06   4.3518066e+01
   6.5089830e+06   4.1381836e+01
   6.5281710e+06   4.7485352e+01
   6.5372270e+06   4.0954590e+01
   6.5374080e+06   4.1503906e+01
   6.5488940e+06   4.8217773e+01
   6.5490470e+06   4.5349121e+01
   6.5844560e+06   4.7973633e+01
   6.5852150e+06   4.8217773e+01
   6.5979820e+06   4.6569824e+01
   6.5982090e+06   4.4799805e+01
   6.6119400e+06   4.0405273e+01
   6.6122260e+06   4.5227051e+01
   6.6125120e+06   4.2907715e+01
   6.6395390e+06   4.1992188e+01
   6.6396760e+06   4.4067383e+01
   6.6397630e+06   4.0954590e+01
   6.6524450e+06   4.6325684e+01
   6.6525310e+06   4.4128418e+01
   6.6677510e+06   4.3151855e+01
   6.6958800e+06   5.1147461e+01
   6.7100380e+06   4.1442871e+01
   6.7270020e+06   4.4067383e+01
   6.7755580e+06   4.1259766e+01
   6.7756170e+06   4.1870117e+01
   6.7757960e+06   4.3823242e+01
   6.8214900e+06   4.9682617e+01
   6.8215940e+06   4.0588379e+01
   6.8373700e+06   4.1198730e+01
   6.8374460e+06   4.6447754e+01
   6.8665600e+06   4.5104980e+01
   6.8823780e+06   4.1137695e+01
   6.9010930e+06   4.6081543e+01
   6.9170040e+06   4.4921875e+01
   6.9341320e+06   4.1564941e+01
   6.9341640e+06   4.3029785e+01
   6.9348270e+06   4.1259766e+01
   6.9655440e+06   5.0598145e+01
   6.9805340e+06   4.8645020e+01
   6.9943440e+06   4.2053223e+01
   7.0246620e+06   4.2785645e+01
   7.0247830e+06   4.3029785e+01
   7.0395040e+06   4.4372559e+01
   7.1204440e+06   4.9804688e+01
   7.9968470e+06   4.3701172e+01
   8.2758820e+06   5.4504395e+01
   8.9688270e+06   4.2175293e+01
   9.0016020e+06   4.5349121e+01
   9.0729730e+06   4.0527344e+01
   9.1752540e+06   4.1503906e+01
   9.2738980e+06   4.1564941e+01
   9.2820680e+06   4.0649414e+01
   9.3030910e+06   4.1381836e+01
   9.3231860e+06   4.1320801e+01
   9.3614290e+06   4.1198730e+01
   9.3922250e+06   4.2236328e+01
   9.4074560e+06   4.1381836e+01
   9.4274470e+06   4.0710449e+01
   9.4704110e+06   4.1259766e+01
   9.5124190e+06   4.1198730e+01
   9.6050620e+06   4.1503906e+01
   9.7668800e+06   4.5593262e+01
   9.7850070e+06   4.3884277e+01
   9.8423250e+06   4.1381836e+01
   1.0014027e+07   4.1503906e+01
   1.0019303e+07   5.5175781e+01
   1.0065640e+07   5.1940918e+01
   1.0077371e+07   4.0588379e+01
   1.0097538e+07   4.4616699e+01
   1.0108469e+07   4.0405273e+01
   1.0156318e+07   4.0588379e+01
   1.0186505e+07   4.6386719e+01
   1.0192269e+07   4.1625977e+01
   1.0247383e+07   4.8034668e+01
   1.0257299e+07   5.0598145e+01
   1.0257332e+07   4.0893555e+01
   1.0257384e+07   4.4311523e+01
   1.0286026e+07   4.2907715e+01
   1.0298332e+07   4.7485352e+01
   1.0337898e+07   4.5898438e+01
   1.0353197e+07   4.1076660e+01
   1.0368218e+07   4.4250488e+01
   1.0368677e+07   4.2053223e+01
   1.0393433e+07   4.4067383e+01
   1.0395342e+07   4.1687012e+01
   1.0420501e+07   4.1870117e+01
   1.0527537e+07   4.4921875e+01
   1.0537818e+07   4.1992188e+01
   1.0577135e+07   4.0588379e+01
   1.0585480e+07   4.0893555e+01
   1.0724310e+07   4.2053223e+01
   1.0762793e+07   4.0893555e+01
   1.0897427e+07   4.1198730e+01
   1.0921521e+07   4.0588379e+01
   1.0930117e+07   4.4311523e+01
   1.0930471e+07   4.5410156e+01
   1.0946063e+07   4.1992188e+01
   1.1083221e+07   4.0405273e+01
   1.1130121e+07   4.2297363e+01
   1.1130274e+07   4.2175293e+01
   1.1298508e+07   4.1931152e+01
   1.1331750e+07   4.2358398e+01
   1.1363852e+07   4.2724609e+01
   1.1414911e+07   4.0405273e+01
   1.1494129e+07   4.4677734e+01
   1.1606623e+07   4.0466309e+01
   1.1611001e+07   4.2480469e+01
   1.1748465e+07   4.1076660e+01
   1.1869260e+07   4.5166016e+01
