   1.1999000e+07   0.0000000e+00
   1.9145000e+04   3.4179688e+01
   1.9212000e+04   3.8208008e+01
   1.9323000e+04   2.8991699e+01
   2.0023000e+04   2.8259277e+01
   2.0636000e+04   3.1494141e+01
   8.5235000e+04   3.2836914e+01
   1.0372900e+05   2.8137207e+01
   1.0403000e+05   2.7832031e+01
   1.0416900e+05   3.3020020e+01
   1.0419300e+05   3.2592773e+01
   1.0424300e+05   3.5461426e+01
   1.5790400e+05   2.8259277e+01
   1.6280400e+05   2.8747559e+01
   1.6310800e+05   3.0822754e+01
   1.6315900e+05   4.3395996e+01
   1.6346300e+05   3.2043457e+01
   1.6350000e+05   3.2714844e+01
   1.6395100e+05   2.8442383e+01
   2.4038700e+05   3.4973145e+01
   2.4076600e+05   2.8930664e+01
   2.4094300e+05   4.0893555e+01
   2.4110500e+05   3.1005859e+01
   2.4131800e+05   3.6499023e+01
   3.4530700e+05   3.2470703e+01
   3.4549800e+05   3.2653809e+01
   3.4565700e+05   3.4301758e+01
   3.4585500e+05   2.8198242e+01
   3.4611300e+05   3.5400391e+01
   3.4661300e+05   2.9235840e+01
   3.4716000e+05   3.0029297e+01
   5.2914600e+05   3.1250000e+01
   5.5049100e+05   3.3630371e+01
   5.5079000e+05   3.0029297e+01
   5.5089900e+05   3.8818359e+01
   5.5172300e+05   4.1259766e+01
   5.5242400e+05   3.0639648e+01
   6.4274300e+05   3.0639648e+01
   6.7323700e+05   2.7954102e+01
   6.7344400e+05   2.9052734e+01
   6.7347500e+05   4.8706055e+01
   6.7349500e+05   2.8381348e+01
   6.7354200e+05   5.2001953e+01
   6.7355200e+05   3.9245605e+01
   6.7358000e+05   3.1250000e+01
   6.7380700e+05   3.1188965e+01
   6.7399700e+05   3.7353516e+01
   7.2978600e+05   3.1616211e+01
   7.3016700e+05   2.8503418e+01
   7.3037600e+05   3.3081055e+01
   7.3061300e+05   4.2419434e+01
   7.3068800e+05   2.8259277e+01
   7.3225500e+05   3.4118652e+01
   8.0173600e+05   2.9418945e+01
   8.0315900e+05   2.9968262e+01
   8.4302900e+05   3.1188965e+01
   8.4305700e+05   2.7893066e+01
   8.4312800e+05   4.4189453e+01
   8.4315600e+05   3.3996582e+01
   8.4316900e+05   3.3569336e+01
   8.4345000e+05   2.8564453e+01
   8.4388700e+05   3.1250000e+01
   9.2681300e+05   3.6682129e+01
   9.2685300e+05   3.1005859e+01
   9.2689200e+05   4.2724609e+01
   9.2707900e+05   2.8442383e+01
   9.2720700e+05   2.7832031e+01
   9.2738900e+05   3.3325195e+01
   9.2755700e+05   3.0822754e+01
   9.2799000e+05   3.0273438e+01
   9.8295300e+05   3.5339355e+01
   1.0218410e+06   2.7832031e+01
   1.0218710e+06   4.2236328e+01
   1.0219200e+06   2.9907227e+01
   1.0219320e+06   4.8461914e+01
   1.0223600e+06   3.2348633e+01
   1.0232310e+06   3.0334473e+01
   1.0622270e+06   2.9724121e+01
   1.0840310e+06   3.6499023e+01
   1.0840640e+06   3.6621094e+01
   1.0840900e+06   4.3701172e+01
   1.0841080e+06   5.9387207e+01
   1.0841460e+06   3.2592773e+01
   1.0842800e+06   2.9357910e+01
   1.0847800e+06   2.8137207e+01
   1.1762510e+06   2.9846191e+01
   1.1799610e+06   2.7770996e+01
   1.1800540e+06   3.3020020e+01
   1.1804200e+06   2.8076172e+01
   1.1812150e+06   2.8442383e+01
   1.1815880e+06   3.1982422e+01
   1.1829120e+06   2.8259277e+01
   1.2427540e+06   3.4240723e+01
   1.2427720e+06   4.0039063e+01
   1.2427970e+06   3.0151367e+01
   1.2428710e+06   3.0761719e+01
   1.2429570e+06   2.8015137e+01
   1.2432300e+06   2.8503418e+01
   1.2434810e+06   2.9052734e+01
   1.2440250e+06   2.8442383e+01
   1.2593500e+06   4.1564941e+01
   1.3603650e+06   3.3630371e+01
   1.3845520e+06   2.9174805e+01
   1.3848510e+06   3.2043457e+01
   1.3848850e+06   4.2175293e+01
   1.3848960e+06   4.0405273e+01
   1.3849750e+06   2.7954102e+01
   1.3852670e+06   2.9907227e+01
   1.3857020e+06   3.3996582e+01
   1.3859100e+06   3.3325195e+01
   1.3860370e+06   2.8442383e+01
   1.3863520e+06   2.7954102e+01
   1.3863800e+06   2.8076172e+01
   1.3864220e+06   3.6926270e+01
   1.4318810e+06   3.1494141e+01
   1.4320480e+06   2.9174805e+01
   1.4321000e+06   2.9357910e+01
   1.4321900e+06   3.1982422e+01
   1.4328460e+06   2.9174805e+01
   1.4335090e+06   2.8686523e+01
   1.4337810e+06   3.0334473e+01
   1.5207820e+06   2.8137207e+01
   1.5214750e+06   3.9611816e+01
   1.5215020e+06   4.2236328e+01
   1.5215240e+06   4.7241211e+01
   1.5980380e+06   2.8869629e+01
   1.6333130e+06   3.3630371e+01
   1.6334630e+06   4.0405273e+01
   1.6335500e+06   3.4851074e+01
   1.6335660e+06   4.0649414e+01
   1.6336330e+06   2.9418945e+01
   1.6337250e+06   4.4494629e+01
   1.6343930e+06   2.9235840e+01
   1.6344260e+06   2.8320313e+01
   1.8488940e+06   3.2409668e+01
   1.8493840e+06   2.8930664e+01
   1.8494210e+06   2.7893066e+01
   1.8495810e+06   3.1250000e+01
   1.8497250e+06   3.0517578e+01
   1.8497580e+06   4.6020508e+01
   1.8502080e+06   3.1250000e+01
   1.8504760e+06   2.9296875e+01
   1.8507440e+06   2.9907227e+01
   1.8509920e+06   2.8991699e+01
   1.8510740e+06   3.1982422e+01
   1.8514420e+06   3.4118652e+01
   1.9006190e+06   2.9235840e+01
   1.9008620e+06   3.9062500e+01
   1.9016490e+06   3.1738281e+01
   1.9016590e+06   3.8024902e+01
   1.9428790e+06   2.9602051e+01
   1.9429250e+06   3.3691406e+01
   1.9435360e+06   4.2541504e+01
   1.9436470e+06   3.0212402e+01
   1.9441670e+06   3.1799316e+01
   1.9444610e+06   3.3935547e+01
   1.9447920e+06   3.3874512e+01
   2.0503650e+06   3.3081055e+01
   2.0504890e+06   3.3508301e+01
   2.0507380e+06   3.3508301e+01
   2.0511250e+06   3.0151367e+01
   2.1302930e+06   2.9724121e+01
   2.1310300e+06   3.1372070e+01
   2.1311620e+06   3.2287598e+01
   2.1312690e+06   2.8930664e+01
   2.1312920e+06   2.9235840e+01
   2.1314630e+06   3.4484863e+01
   2.1315560e+06   3.0395508e+01
   2.1321570e+06   3.6254883e+01
   2.1326330e+06   3.1555176e+01
   2.1327490e+06   2.9724121e+01
   2.1331000e+06   3.5888672e+01
   2.1331120e+06   3.3386230e+01
   2.4336200e+06   3.8024902e+01
   2.4336740e+06   3.5583496e+01
   2.4336990e+06   3.3569336e+01
   2.4337290e+06   3.3142090e+01
   2.4337440e+06   6.2316895e+01
   2.4337690e+06   3.1677246e+01
   2.4338570e+06   5.3222656e+01
   2.5133900e+06   3.0334473e+01
   2.5136390e+06   2.9357910e+01
   2.5139210e+06   3.7231445e+01
   2.5139510e+06   3.3447266e+01
   2.5143870e+06   3.1494141e+01
   2.5148070e+06   2.8686523e+01
   2.5151900e+06   2.7770996e+01
   2.5154010e+06   2.8747559e+01
   2.5157090e+06   2.8808594e+01
   2.5814000e+06   2.8625488e+01
   2.6275930e+06   3.0273438e+01
   2.7994390e+06   2.8686523e+01
   2.9231840e+06   4.4433594e+01
   2.9234650e+06   2.9541016e+01
   3.0027850e+06   2.8747559e+01
   3.0114540e+06   2.9602051e+01
   3.0116830e+06   4.7851563e+01
   3.0120880e+06   2.8564453e+01
   3.0613860e+06   2.8381348e+01
   3.0726950e+06   2.9113770e+01
   3.0963700e+06   2.8137207e+01
   3.0991330e+06   2.7770996e+01
   3.1050230e+06   3.0090332e+01
   3.1054640e+06   3.0517578e+01
   3.1057300e+06   3.6987305e+01
   3.1057690e+06   3.0944824e+01
   3.1058970e+06   2.8503418e+01
   3.1059470e+06   3.0639648e+01
   3.1060340e+06   5.1513672e+01
   3.1270170e+06   3.0090332e+01
   3.1384410e+06   3.2409668e+01
   3.1403400e+06   3.1250000e+01
   3.1407170e+06   2.8503418e+01
   3.1407810e+06   2.9113770e+01
   3.1456640e+06   2.9846191e+01
   3.1459480e+06   2.8686523e+01
   3.1461570e+06   3.0517578e+01
   3.1522960e+06   3.1433105e+01
   3.1615060e+06   3.0395508e+01
   3.1626990e+06   2.8137207e+01
   3.1630860e+06   2.8503418e+01
   3.1649390e+06   2.9907227e+01
   3.1649740e+06   3.0029297e+01
   3.1650590e+06   2.7893066e+01
   3.1780610e+06   2.8320313e+01
   3.1827880e+06   3.2226563e+01
   3.1834820e+06   3.0334473e+01
   3.1867100e+06   3.0517578e+01
   3.1943160e+06   2.8442383e+01
   3.1950920e+06   3.0700684e+01
   3.1956030e+06   2.9174805e+01
   3.2017390e+06   2.9785156e+01
   3.2022190e+06   2.8747559e+01
   3.2028490e+06   2.8198242e+01
   3.2046830e+06   3.0395508e+01
   3.2117710e+06   2.7954102e+01
   3.2141920e+06   2.9052734e+01
   3.2164360e+06   2.7770996e+01
   3.2290460e+06   3.0639648e+01
   3.2295030e+06   2.7770996e+01
   3.2350750e+06   2.9357910e+01
   3.2353780e+06   2.9724121e+01
   3.2368330e+06   2.9785156e+01
   3.2389500e+06   3.3203125e+01
   3.2389710e+06   2.9541016e+01
   3.2406950e+06   2.9174805e+01
   3.2511420e+06   2.8259277e+01
   3.2513450e+06   3.0822754e+01
   3.2517520e+06   5.4199219e+01
   3.2648530e+06   2.8320312e+01
   3.2652570e+06   2.8808594e+01
   3.2653060e+06   2.8198242e+01
   3.2785650e+06   2.8381348e+01
   3.2789590e+06   2.9907227e+01
   3.2816800e+06   2.9846191e+01
   3.2818470e+06   2.9174805e+01
   3.2896110e+06   2.8808594e+01
   3.2904190e+06   2.8381348e+01
   3.2904830e+06   3.2531738e+01
   3.2931030e+06   3.0151367e+01
   3.2977770e+06   3.2897949e+01
   3.2978520e+06   2.8503418e+01
   3.3048790e+06   3.1188965e+01
   3.3058740e+06   3.0639648e+01
   3.3063610e+06   2.8625488e+01
   3.3067680e+06   3.2592773e+01
   3.3067870e+06   5.1391602e+01
   3.3193220e+06   2.9724121e+01
   3.3211760e+06   3.0883789e+01
   3.3213710e+06   2.8930664e+01
   3.3218810e+06   2.8442383e+01
   3.3218920e+06   3.2592773e+01
   3.3294100e+06   2.7832031e+01
   3.3298480e+06   2.9296875e+01
   3.3393810e+06   2.8869629e+01
   3.3398170e+06   3.0456543e+01
   3.3500850e+06   3.9062500e+01
   3.3501110e+06   2.9479980e+01
   3.3501470e+06   2.8076172e+01
   3.3574090e+06   3.2592773e+01
   3.3663550e+06   3.4545898e+01
   3.3669800e+06   2.9907227e+01
   3.3680660e+06   2.9907227e+01
   3.3736530e+06   3.2226563e+01
   3.3826650e+06   2.8503418e+01
   3.3894450e+06   2.8686523e+01
   3.3914240e+06   2.8442383e+01
   3.3932270e+06   2.8930664e+01
   3.3977070e+06   2.7770996e+01
   3.4052740e+06   2.8381348e+01
   3.4058210e+06   3.2897949e+01
   3.4127670e+06   3.5217285e+01
   3.4174000e+06   3.4729004e+01
   3.4235150e+06   3.8146973e+01
   3.4237820e+06   3.2165527e+01
   3.4238090e+06   3.1738281e+01
   3.4316500e+06   3.7109375e+01
   3.4322630e+06   2.9418945e+01
   3.4332850e+06   3.0517578e+01
   3.4333110e+06   3.0761719e+01
   3.4333650e+06   3.1433105e+01
   3.4413440e+06   3.0761719e+01
   3.4417910e+06   3.3264160e+01
   3.4491650e+06   3.3447266e+01
   3.4569540e+06   2.8747559e+01
   3.4575970e+06   2.9907227e+01
   3.4577270e+06   3.0151367e+01
   3.4682430e+06   2.7893066e+01
   3.4683180e+06   3.1860352e+01
   3.4695800e+06   2.8442383e+01
   3.4741350e+06   2.7893066e+01
   3.4746630e+06   3.0761719e+01
   3.4751220e+06   3.2653809e+01
   3.4829190e+06   3.0395508e+01
   3.4894100e+06   2.8869629e+01
   3.4901900e+06   2.8808594e+01
   3.4982940e+06   2.9479980e+01
   3.5051960e+06   3.1738281e+01
   3.5059940e+06   2.9602051e+01
   3.5064750e+06   2.9907227e+01
   3.5151210e+06   3.7536621e+01
   3.5281770e+06   2.7893066e+01
   3.5285580e+06   2.8442383e+01
   3.5285990e+06   6.9580078e+01
   3.5345980e+06   2.9235840e+01
   3.5363560e+06   3.0273437e+01
   3.5422900e+06   3.2836914e+01
   3.5499090e+06   2.9113770e+01
   3.5629540e+06   2.9174805e+01
   3.5680510e+06   2.8991699e+01
   3.5735300e+06   3.0700684e+01
   3.5735490e+06   3.3142090e+01
   3.5737740e+06   2.8747559e+01
   3.5799520e+06   2.8198242e+01
   3.5803390e+06   2.9174805e+01
   3.5822450e+06   2.8198242e+01
   3.5822730e+06   2.9724121e+01
   3.5829260e+06   3.1494141e+01
   3.5830120e+06   2.9724121e+01
   3.5832180e+06   2.8686523e+01
   3.5832470e+06   6.2561035e+01
   3.5833670e+06   3.8818359e+01
   3.5836010e+06   2.9724121e+01
   3.5845610e+06   3.0517578e+01
   3.5943100e+06   4.2846680e+01
   3.6101380e+06   2.9113770e+01
   3.6117470e+06   2.8015137e+01
   3.6245720e+06   2.9052734e+01
   3.6259880e+06   4.2724609e+01
   3.6274630e+06   3.2592773e+01
   3.6286700e+06   2.9418945e+01
   3.6370470e+06   2.7770996e+01
   3.6370730e+06   6.5551758e+01
   3.6468110e+06   2.8076172e+01
   3.6561190e+06   2.9357910e+01
   3.6565290e+06   2.9785156e+01
   3.6638870e+06   2.9907227e+01
   3.6643990e+06   2.8625488e+01
   3.6728440e+06   3.4912109e+01
   3.6735670e+06   2.8869629e+01
   3.6754050e+06   2.8076172e+01
   3.6845330e+06   3.0456543e+01
   3.6856790e+06   3.1127930e+01
   3.6865110e+06   2.9968262e+01
   3.7024090e+06   3.0090332e+01
   3.7142200e+06   2.8564453e+01
   3.7221000e+06   3.5278320e+01
   3.7294020e+06   2.8808594e+01
   3.7395400e+06   3.0395508e+01
   3.7410460e+06   2.8259277e+01
   3.7497780e+06   2.7770996e+01
   3.7511680e+06   3.0639648e+01
   3.7537380e+06   2.8198242e+01
   3.7683040e+06   3.3081055e+01
   3.7684630e+06   3.1188965e+01
   3.7769820e+06   2.8137207e+01
   3.8009460e+06   2.8015137e+01
   3.8019780e+06   3.1127930e+01
   3.8085580e+06   2.8564453e+01
   3.8088530e+06   3.0639648e+01
   3.8094980e+06   2.8686523e+01
   3.8256010e+06   2.8930664e+01
   3.8257040e+06   3.0090332e+01
   3.8258790e+06   3.4362793e+01
   3.8259840e+06   3.8330078e+01
   3.8397110e+06   2.9479980e+01
   3.8401170e+06   2.8137207e+01
   3.8401840e+06   2.8503418e+01
   3.8415330e+06   2.8564453e+01
   3.8420440e+06   2.8015137e+01
   3.8493070e+06   2.7832031e+01
   3.8574610e+06   2.7954102e+01
   3.8808920e+06   2.9418945e+01
   3.8813810e+06   2.8808594e+01
   3.8814490e+06   2.8259277e+01
   3.8831250e+06   2.7954102e+01
   3.8894710e+06   3.1494141e+01
   3.8908160e+06   2.9663086e+01
   3.8987970e+06   2.9602051e+01
   3.8992290e+06   2.8686523e+01
   3.9147990e+06   3.4729004e+01
   3.9153670e+06   2.9602051e+01
   3.9159580e+06   2.8869629e+01
   3.9223080e+06   2.9113770e+01
   3.9313900e+06   3.2897949e+01
   3.9357910e+06   3.3142090e+01
   3.9360020e+06   3.5888672e+01
   3.9373180e+06   3.0273438e+01
   3.9373930e+06   3.0944824e+01
   3.9448550e+06   2.8198242e+01
   3.9597340e+06   3.1433105e+01
   3.9679980e+06   2.9846191e+01
   3.9681550e+06   3.5644531e+01
   3.9691410e+06   2.9113770e+01
   3.9778970e+06   2.8137207e+01
   3.9787070e+06   3.3935547e+01
   3.9865020e+06   3.1555176e+01
   3.9967450e+06   2.9724121e+01
   4.0037400e+06   2.8625488e+01
   4.0050000e+06   3.0639648e+01
   4.0313480e+06   2.7770996e+01
   4.0316830e+06   2.8320313e+01
   4.0409660e+06   3.0334473e+01
   4.0497320e+06   2.8076172e+01
   4.0581430e+06   3.1799316e+01
   4.0581840e+06   2.9418945e+01
   4.0583480e+06   3.1066895e+01
   4.0681260e+06   2.8930664e+01
   4.0684730e+06   3.2226563e+01
   4.0694050e+06   3.1250000e+01
   4.0767320e+06   3.1005859e+01
   4.0771470e+06   2.9052734e+01
   4.0772440e+06   2.8564453e+01
   4.0856720e+06   2.9785156e+01
   4.0946910e+06   3.0273437e+01
   4.1048150e+06   2.8747559e+01
   4.1137440e+06   2.8320312e+01
   4.1138290e+06   3.2470703e+01
   4.1243400e+06   3.0517578e+01
   4.1318150e+06   2.8015137e+01
   4.1418340e+06   2.9968262e+01
   4.1418480e+06   7.1472168e+01
   4.1567400e+06   2.9418945e+01
   4.1568170e+06   3.0456543e+01
   4.1660890e+06   2.8869629e+01
   4.1824970e+06   2.8747559e+01
   4.1937300e+06   2.8808594e+01
   4.1939940e+06   6.1584473e+01
   4.1940820e+06   2.8076172e+01
   4.1941590e+06   5.7495117e+01
   4.2029820e+06   2.9724121e+01
   4.2140350e+06   2.9235840e+01
   4.2146070e+06   2.9174805e+01
   4.2254570e+06   2.9785156e+01
   4.2331210e+06   2.9785156e+01
   4.2339850e+06   3.3691406e+01
   4.2593580e+06   3.0700684e+01
   4.2700390e+06   2.8808594e+01
   4.2794320e+06   3.0639648e+01
   4.2795100e+06   3.0700684e+01
   4.2877980e+06   2.8930664e+01
   4.2886450e+06   2.9968262e+01
   4.3051020e+06   3.2348633e+01
   4.3053720e+06   2.8381348e+01
   4.3179460e+06   2.8869629e+01
   4.3571290e+06   3.0822754e+01
   4.3572150e+06   2.7832031e+01
   4.3598970e+06   3.0029297e+01
   4.3729010e+06   2.9113770e+01
   4.3740580e+06   2.9235840e+01
   4.3818120e+06   3.0029297e+01
   4.3819310e+06   3.0822754e+01
   4.3825700e+06   3.1677246e+01
   4.3839960e+06   2.8076172e+01
   4.3950570e+06   3.0273437e+01
   4.4224160e+06   3.1921387e+01
   4.4308450e+06   3.9001465e+01
   4.4402570e+06   2.9968262e+01
   4.4497610e+06   3.3569336e+01
   4.4651210e+06   3.5156250e+01
   4.4730670e+06   2.8259277e+01
   4.4910260e+06   2.9968262e+01
   4.5006490e+06   3.1311035e+01
   4.5006590e+06   2.9602051e+01
   4.5094780e+06   4.1625977e+01
   4.5200080e+06   2.8930664e+01
   4.5283610e+06   2.9357910e+01
   4.5285090e+06   3.0090332e+01
   4.5528780e+06   2.8747559e+01
   4.5629310e+06   2.8625488e+01
   4.5683420e+06   2.7954102e+01
   4.5744670e+06   3.0334473e+01
   4.5842200e+06   6.9641113e+01
   4.5843030e+06   3.1982422e+01
   4.5843830e+06   5.4687500e+01
   4.5848570e+06   2.9663086e+01
   4.5907640e+06   2.8137207e+01
   4.6095930e+06   3.1433105e+01
   4.6102240e+06   3.1677246e+01
   4.6105980e+06   2.8381348e+01
   4.6107320e+06   2.8137207e+01
   4.6196400e+06   2.8320313e+01
   4.6310130e+06   3.3325195e+01
   4.6336540e+06   3.0334473e+01
   4.6421840e+06   3.4057617e+01
   4.6439040e+06   2.7770996e+01
   4.6445920e+06   3.9611816e+01
   4.6542320e+06   3.8635254e+01
   4.6542770e+06   3.8024902e+01
   4.6543000e+06   2.9479980e+01
   4.6544250e+06   3.3752441e+01
   4.6557770e+06   2.8930664e+01
   4.6559700e+06   2.8320313e+01
   4.6708080e+06   2.8381348e+01
   4.6711590e+06   2.8015137e+01
   4.6834180e+06   2.8442383e+01
   4.6921250e+06   3.7780762e+01
   4.6929590e+06   3.1005859e+01
   4.6931430e+06   3.5949707e+01
   4.7020750e+06   3.2531738e+01
   4.7093580e+06   3.0029297e+01
   4.7101500e+06   3.1311035e+01
   4.7175980e+06   3.3386230e+01
   4.7206120e+06   2.8076172e+01
   4.7222430e+06   3.6437988e+01
   4.7306000e+06   2.9235840e+01
   4.7341810e+06   2.8686523e+01
   4.7451780e+06   2.8259277e+01
   4.7456210e+06   2.8137207e+01
   4.7558910e+06   3.0456543e+01
   4.7569630e+06   3.4057617e+01
   4.7575480e+06   2.7954102e+01
   4.7578160e+06   2.8564453e+01
   4.7584850e+06   2.9724121e+01
   4.7673970e+06   3.0395508e+01
   4.7676450e+06   3.5583496e+01
   4.7801400e+06   3.1311035e+01
   4.7803380e+06   2.9174805e+01
   4.7816920e+06   2.7893066e+01
   4.7817350e+06   7.1533203e+01
   4.7920360e+06   3.6437988e+01
   4.7922540e+06   2.9418945e+01
   4.7925520e+06   2.9724121e+01
   4.7926390e+06   2.7770996e+01
   4.8029940e+06   3.3081055e+01
   4.8030410e+06   6.1584473e+01
   4.8031030e+06   3.3508301e+01
   4.8036860e+06   2.9357910e+01
   4.8040650e+06   2.9418945e+01
   4.8147740e+06   3.2104492e+01
   4.8150210e+06   2.7954102e+01
   4.8249630e+06   3.0395508e+01
   4.8319470e+06   3.1188965e+01
   4.8400830e+06   5.6396484e+01
   4.8403270e+06   3.1127930e+01
   4.8514370e+06   3.0639648e+01
   4.8522240e+06   3.1066895e+01
   4.8626550e+06   2.7832031e+01
   4.8641320e+06   3.1860352e+01
   4.8974510e+06   3.0578613e+01
   4.8979940e+06   2.8564453e+01
   4.9008480e+06   2.9907227e+01
   4.9046070e+06   2.8564453e+01
   4.9046750e+06   3.0822754e+01
   4.9149570e+06   2.9235840e+01
   4.9161820e+06   2.8991699e+01
   4.9169210e+06   2.8381348e+01
   4.9169980e+06   2.9541016e+01
   4.9374950e+06   2.9846191e+01
   4.9375630e+06   3.4179688e+01
   4.9375900e+06   3.2409668e+01
   4.9382140e+06   3.9123535e+01
   4.9387030e+06   2.9296875e+01
   4.9522480e+06   3.0334473e+01
   4.9530400e+06   2.9296875e+01
   4.9535630e+06   3.0334473e+01
   4.9628910e+06   2.7770996e+01
   4.9655110e+06   2.8015137e+01
   4.9736460e+06   3.3020020e+01
   4.9859030e+06   3.6926270e+01
   4.9859700e+06   6.7138672e+01
   4.9864500e+06   3.1555176e+01
   4.9940620e+06   3.8208008e+01
   4.9940790e+06   3.1555176e+01
   5.0059400e+06   3.3874512e+01
   5.0061220e+06   3.3020020e+01
   5.0234410e+06   2.7770996e+01
   5.0327530e+06   2.8320313e+01
   5.0328900e+06   2.9724121e+01
   5.0430130e+06   2.9479980e+01
   5.0434950e+06   2.8259277e+01
   5.0447590e+06   2.8442383e+01
   5.0527030e+06   2.8869629e+01
   5.0559180e+06   6.5124512e+01
   5.0559880e+06   3.2531738e+01
   5.0560640e+06   5.0476074e+01
   5.0561410e+06   4.9682617e+01
   5.0562260e+06   3.0090332e+01
   5.0648530e+06   3.4240723e+01
   5.0648670e+06   3.4606934e+01
   5.0649430e+06   3.4179687e+01
   5.0649560e+06   3.9062500e+01
   5.0662120e+06   6.5856934e+01
   5.0751820e+06   3.1738281e+01
   5.0754020e+06   3.0578613e+01
   5.0851010e+06   3.2470703e+01
   5.0856930e+06   6.7687988e+01
   5.0857690e+06   3.0822754e+01
   5.0877220e+06   2.7893066e+01
   5.0980900e+06   6.5734863e+01
   5.1113080e+06   2.9785156e+01
   5.1116810e+06   3.2104492e+01
   5.1117070e+06   3.5522461e+01
   5.1206850e+06   6.3232422e+01
   5.1296040e+06   3.5766602e+01
   5.1297580e+06   3.1555176e+01
   5.1306060e+06   2.8442383e+01
   5.1312250e+06   2.9541016e+01
   5.1404210e+06   2.7954102e+01
   5.1405370e+06   3.1250000e+01
   5.1515580e+06   2.8015137e+01
   5.1520210e+06   3.1677246e+01
   5.1521810e+06   2.7832031e+01
   5.1521990e+06   2.8747559e+01
   5.1532910e+06   2.8564453e+01
   5.1604410e+06   2.8015137e+01
   5.1608650e+06   3.5827637e+01
   5.1608860e+06   6.9641113e+01
   5.1612930e+06   6.3903809e+01
   5.1613090e+06   3.2775879e+01
   5.1613290e+06   3.3752441e+01
   5.1698660e+06   3.0334473e+01
   5.1809460e+06   3.2043457e+01
   5.1920770e+06   2.9785156e+01
   5.1921350e+06   3.0334473e+01
   5.1930870e+06   2.8564453e+01
   5.2049330e+06   3.3142090e+01
   5.2050110e+06   3.0151367e+01
   5.2176560e+06   3.7414551e+01
   5.2177160e+06   3.1250000e+01
   5.2177850e+06   2.9296875e+01
   5.2295340e+06   3.0334473e+01
   5.2302140e+06   2.9846191e+01
   5.2302560e+06   3.5400391e+01
   5.2306260e+06   2.8320313e+01
   5.2316480e+06   2.9113770e+01
   5.2326980e+06   2.9479980e+01
   5.2390430e+06   2.9052734e+01
   5.2407180e+06   3.1188965e+01
   5.2500050e+06   3.3142090e+01
   5.2601320e+06   6.7382813e+01
   5.2602280e+06   6.0119629e+01
   5.2602920e+06   2.8747559e+01
   5.2603040e+06   3.7780762e+01
   5.2605500e+06   2.8930664e+01
   5.2608920e+06   2.8686523e+01
   5.2609480e+06   4.0344238e+01
   5.2626200e+06   2.8259277e+01
   5.2716710e+06   2.9602051e+01
   5.2831320e+06   3.1799316e+01
   5.2911080e+06   3.3752441e+01
   5.2911320e+06   3.0822754e+01
   5.3013000e+06   3.1921387e+01
   5.3018320e+06   2.7954102e+01
   5.3018700e+06   3.2104492e+01
   5.3025970e+06   3.2897949e+01
   5.3037710e+06   3.3813477e+01
   5.3038810e+06   2.8198242e+01
   5.3118360e+06   4.5288086e+01
   5.3240890e+06   2.9724121e+01
   5.3369170e+06   2.9663086e+01
   5.3370410e+06   3.2653809e+01
   5.3373930e+06   3.1921387e+01
   5.3377320e+06   2.7832031e+01
   5.3378620e+06   3.3386230e+01
   5.3473280e+06   2.9235840e+01
   5.3473740e+06   3.5034180e+01
   5.3475120e+06   3.2409668e+01
   5.3589230e+06   3.4118652e+01
   5.3590310e+06   2.7770996e+01
   5.3591640e+06   3.1799316e+01
   5.3595950e+06   3.1860352e+01
   5.3688520e+06   4.4250488e+01
   5.3688800e+06   2.8564453e+01
   5.3693960e+06   3.2409668e+01
   5.3695720e+06   3.1127930e+01
   5.3697240e+06   2.7954102e+01
   5.3779980e+06   3.5644531e+01
   5.3782180e+06   3.3630371e+01
   5.3782280e+06   2.9235840e+01
   5.3855150e+06   3.2531738e+01
   5.3857050e+06   3.1799316e+01
   5.3862860e+06   2.8259277e+01
   5.3951400e+06   3.6682129e+01
   5.3955900e+06   3.5888672e+01
   5.3958070e+06   4.2419434e+01
   5.3963030e+06   3.0883789e+01
   5.4049270e+06   3.3264160e+01
   5.4049710e+06   3.0822754e+01
   5.4049960e+06   2.8503418e+01
   5.4050810e+06   3.4973145e+01
   5.4055510e+06   3.1494141e+01
   5.4145530e+06   3.1250000e+01
   5.4236280e+06   3.0883789e+01
   5.4337970e+06   2.8930664e+01
   5.4338270e+06   3.6926270e+01
   5.4338510e+06   3.0639648e+01
   5.4339760e+06   2.7832031e+01
   5.4549980e+06   3.7841797e+01
   5.4553840e+06   3.0578613e+01
   5.4556850e+06   2.9174805e+01
   5.4644970e+06   2.9907227e+01
   5.4681930e+06   2.9296875e+01
   5.4683140e+06   3.2531738e+01
   5.4785100e+06   3.3142090e+01
   5.4786910e+06   2.8259277e+01
   5.4787270e+06   3.0334473e+01
   5.4789560e+06   2.8991699e+01
   5.4825710e+06   2.9968262e+01
   5.4841730e+06   2.9541016e+01
   5.4842060e+06   2.8015137e+01
   5.4928600e+06   3.6926270e+01
   5.4931120e+06   3.0883789e+01
   5.4937060e+06   3.2531738e+01
   5.5023580e+06   3.1494141e+01
   5.5025860e+06   3.1921387e+01
   5.5033040e+06   2.8198242e+01
   5.5143280e+06   4.2419434e+01
   5.5144680e+06   2.7893066e+01
   5.5256110e+06   3.2531738e+01
   5.5258490e+06   3.5095215e+01
   5.5303810e+06   2.9724121e+01
   5.5419590e+06   2.8137207e+01
   5.5508150e+06   2.8076172e+01
   5.5511750e+06   2.8015137e+01
   5.5549680e+06   2.9113770e+01
   5.5561060e+06   2.9235840e+01
   5.5653570e+06   2.9052734e+01
   5.5660900e+06   2.7770996e+01
   5.5661690e+06   3.0700684e+01
   5.5721630e+06   2.8564453e+01
   5.5722350e+06   3.0822754e+01
   5.5726300e+06   2.9785156e+01
   5.5731520e+06   3.2836914e+01
   5.5827740e+06   3.2165527e+01
   5.5845690e+06   3.1127930e+01
   5.5845900e+06   3.3447266e+01
   5.5846670e+06   7.2937012e+01
   5.5858350e+06   2.9418945e+01
   5.5991440e+06   2.8930664e+01
   5.5993140e+06   3.9611816e+01
   5.5995090e+06   2.9296875e+01
   5.6001690e+06   3.2104492e+01
   5.6096070e+06   3.6437988e+01
   5.6097970e+06   2.7770996e+01
   5.6103320e+06   2.8381348e+01
   5.6160150e+06   2.8930664e+01
   5.6163370e+06   3.1066895e+01
   5.6230560e+06   3.1005859e+01
   5.6234210e+06   2.8564453e+01
   5.6237790e+06   2.8137207e+01
   5.6241140e+06   3.3020020e+01
   5.6241650e+06   3.5949707e+01
   5.6334660e+06   4.0954590e+01
   5.6338840e+06   2.9479980e+01
   5.6339050e+06   3.4179688e+01
   5.6343060e+06   4.8278809e+01
   5.6431350e+06   2.7832031e+01
   5.6437830e+06   2.8930664e+01
   5.6443550e+06   2.7893066e+01
   5.6444380e+06   2.8747559e+01
   5.6446340e+06   3.4179688e+01
   5.6450730e+06   3.0029297e+01
   5.6535810e+06   4.9072266e+01
   5.6536860e+06   3.2531738e+01
   5.6538320e+06   3.1250000e+01
   5.6544500e+06   2.8869629e+01
   5.6549520e+06   2.9785156e+01
   5.6551940e+06   2.8442383e+01
   5.6679580e+06   3.2348633e+01
   5.6692140e+06   2.8564453e+01
   5.6696560e+06   2.8259277e+01
   5.6786390e+06   3.1433105e+01
   5.6787540e+06   2.8625488e+01
   5.6787640e+06   3.1616211e+01
   5.6792080e+06   2.9052734e+01
   5.6879570e+06   2.7954102e+01
   5.6880500e+06   3.4606934e+01
   5.6880630e+06   4.3273926e+01
   5.6886870e+06   2.9907227e+01
   5.6981440e+06   3.3691406e+01
   5.6984470e+06   3.1311035e+01
   5.6984640e+06   3.1677246e+01
   5.6985450e+06   2.9785156e+01
   5.7093080e+06   2.7770996e+01
   5.7097360e+06   3.1005859e+01
   5.7100340e+06   2.9479980e+01
   5.7188820e+06   3.2287598e+01
   5.7189330e+06   2.8503418e+01
   5.7190260e+06   3.0090332e+01
   5.7190950e+06   3.0273438e+01
   5.7319610e+06   2.7770996e+01
   5.7326060e+06   3.0334473e+01
   5.7422500e+06   2.8747559e+01
   5.7433310e+06   2.8625488e+01
   5.7436700e+06   3.1555176e+01
   5.7437260e+06   2.9541016e+01
   5.7441490e+06   2.7893066e+01
   5.7546230e+06   3.3325195e+01
   5.7643190e+06   2.7954102e+01
   5.7643980e+06   2.8198242e+01
   5.7644140e+06   3.8452148e+01
   5.7730180e+06   2.8747559e+01
   5.7731730e+06   3.1860352e+01
   5.7738940e+06   3.2043457e+01
   5.7828090e+06   2.8686523e+01
   5.7828940e+06   2.8686523e+01
   5.7830620e+06   3.3142090e+01
   5.7830860e+06   3.3325195e+01
   5.7933530e+06   3.0944824e+01
   5.7933660e+06   3.3386230e+01
   5.7949430e+06   2.8625488e+01
   5.8048260e+06   3.5949707e+01
   5.8048860e+06   3.9245605e+01
   5.8049690e+06   3.0944824e+01
   5.8055450e+06   2.8320312e+01
   5.8059550e+06   2.8564453e+01
   5.8166480e+06   3.6132812e+01
   5.8166600e+06   3.4484863e+01
   5.8174610e+06   3.0456543e+01
   5.8177420e+06   3.1860352e+01
   5.8270320e+06   3.0517578e+01
   5.8270860e+06   3.1005859e+01
   5.8271140e+06   2.8991699e+01
   5.8271260e+06   3.0944824e+01
   5.8384390e+06   3.1799316e+01
   5.8384860e+06   3.1921387e+01
   5.8385420e+06   2.8198242e+01
   5.8398020e+06   2.8442383e+01
   5.8511300e+06   3.4912109e+01
   5.8511410e+06   5.1513672e+01
   5.8516690e+06   2.9113770e+01
   5.8518430e+06   2.9296875e+01
   5.8612580e+06   2.8625488e+01
   5.8613740e+06   2.9296875e+01
   5.8726730e+06   3.2226563e+01
   5.8727530e+06   3.7353516e+01
   5.8735350e+06   2.9113770e+01
   5.8857480e+06   2.7893066e+01
   5.8858190e+06   2.9479980e+01
   5.8859580e+06   2.7954102e+01
   5.8965070e+06   3.5034180e+01
   5.8965260e+06   3.3447266e+01
   5.8973030e+06   2.7770996e+01
   5.9073010e+06   2.8930664e+01
   5.9075740e+06   2.8076172e+01
   5.9077340e+06   3.4484863e+01
   5.9080640e+06   2.9968262e+01
   5.9084410e+06   2.8015137e+01
   5.9185990e+06   2.8564453e+01
   5.9186540e+06   3.2470703e+01
   5.9195390e+06   3.3142090e+01
   5.9198170e+06   3.2104492e+01
   5.9295090e+06   3.2043457e+01
   5.9295290e+06   3.1799316e+01
   5.9301690e+06   3.1616211e+01
   5.9307440e+06   2.8564453e+01
   5.9403620e+06   3.7719727e+01
   5.9405050e+06   2.7770996e+01
   5.9406080e+06   2.8686523e+01
   5.9416880e+06   3.3447266e+01
   5.9522840e+06   2.9418945e+01
   5.9524470e+06   2.8198242e+01
   5.9525850e+06   3.0212402e+01
   5.9539240e+06   2.7770996e+01
   5.9607240e+06   2.9846191e+01
   5.9609150e+06   2.7770996e+01
   5.9722540e+06   3.4729004e+01
   5.9722940e+06   3.1677246e+01
   5.9724160e+06   3.5583496e+01
   5.9730920e+06   3.2348633e+01
   5.9830670e+06   5.0720215e+01
   5.9831070e+06   2.8869629e+01
   5.9831880e+06   3.7963867e+01
   5.9833290e+06   2.8869629e+01
   5.9937560e+06   3.0944824e+01
   5.9944060e+06   2.8442383e+01
   5.9945890e+06   3.0273438e+01
   6.0041430e+06   2.8381348e+01
   6.0044070e+06   2.8869629e+01
   6.0046760e+06   2.9602051e+01
   6.0141870e+06   3.2043457e+01
   6.0142240e+06   3.2226563e+01
   6.0143600e+06   2.9785156e+01
   6.0149110e+06   2.8808594e+01
   6.0150360e+06   2.8320313e+01
   6.0154300e+06   3.4851074e+01
   6.0255840e+06   3.2348633e+01
   6.0358090e+06   3.0578613e+01
   6.0358920e+06   3.0517578e+01
   6.0452620e+06   3.5034180e+01
   6.0452890e+06   3.2653809e+01
   6.0453620e+06   3.2897949e+01
   6.0453830e+06   3.0761719e+01
   6.0454930e+06   2.8930664e+01
   6.0466970e+06   3.0273438e+01
   6.0467400e+06   2.8564453e+01
   6.0564740e+06   2.8686523e+01
   6.0566680e+06   2.8381348e+01
   6.0571370e+06   3.3264160e+01
   6.0571850e+06   3.0883789e+01
   6.0667790e+06   3.0639648e+01
   6.0672420e+06   2.8015137e+01
   6.0672820e+06   3.1677246e+01
   6.0673470e+06   3.1005859e+01
   6.0679480e+06   2.9418945e+01
   6.0682900e+06   3.3203125e+01
   6.0776470e+06   2.7954102e+01
   6.0779050e+06   2.9357910e+01
   6.0780550e+06   3.5766602e+01
   6.0782020e+06   4.1076660e+01
   6.0787280e+06   2.7832031e+01
   6.0879220e+06   3.4973145e+01
   6.0886390e+06   3.2836914e+01
   6.0886970e+06   2.9541016e+01
   6.0981440e+06   3.5949707e+01
   6.0983090e+06   3.0822754e+01
   6.0984420e+06   2.9846191e+01
   6.1086060e+06   3.2897949e+01
   6.1088930e+06   4.3762207e+01
   6.1093520e+06   3.4240723e+01
   6.1185210e+06   3.0395508e+01
   6.1188110e+06   2.8991699e+01
   6.1287750e+06   3.0700684e+01
   6.1291440e+06   2.8930664e+01
   6.1300500e+06   2.9663086e+01
   6.1386950e+06   3.6010742e+01
   6.1388230e+06   2.8259277e+01
   6.1388340e+06   3.3081055e+01
   6.1391840e+06   2.9602051e+01
   6.1497220e+06   2.9113770e+01
   6.1498390e+06   3.2165527e+01
   6.1499360e+06   2.9113770e+01
   6.1505610e+06   2.8747559e+01
   6.1598760e+06   3.1982422e+01
   6.1601810e+06   3.0944824e+01
   6.1607610e+06   2.8503418e+01
   6.1608760e+06   3.5644531e+01
   6.1706670e+06   2.8747559e+01
   6.1708930e+06   3.0517578e+01
   6.1713800e+06   2.7770996e+01
   6.1810230e+06   2.8442383e+01
   6.1812320e+06   2.9296875e+01
   6.1912880e+06   2.8259277e+01
   6.1914130e+06   2.9907227e+01
   6.1914750e+06   3.2653809e+01
   6.1927350e+06   3.8391113e+01
   6.2010050e+06   3.0578613e+01
   6.2105170e+06   2.8625488e+01
   6.2105680e+06   3.9611816e+01
   6.2107070e+06   4.0649414e+01
   6.2108060e+06   2.8381348e+01
   6.2207500e+06   3.3813477e+01
   6.2210290e+06   2.9846191e+01
   6.2310780e+06   3.2043457e+01
   6.2322190e+06   3.0090332e+01
   6.2323030e+06   2.8015137e+01
   6.2403330e+06   3.4179688e+01
   6.2404760e+06   2.7954102e+01
   6.2405590e+06   3.1738281e+01
   6.2412490e+06   3.0639648e+01
   6.2498200e+06   2.8198242e+01
   6.2498500e+06   2.9846191e+01
   6.2505000e+06   3.0395508e+01
   6.2602440e+06   2.8564453e+01
   6.2696090e+06   2.8747559e+01
   6.2696740e+06   3.1433105e+01
   6.2701130e+06   3.1188965e+01
   6.2712990e+06   2.9174805e+01
   6.2805610e+06   3.1066895e+01
   6.2806010e+06   3.2409668e+01
   6.2806430e+06   2.9174805e+01
   6.2806980e+06   2.9724121e+01
   6.2914920e+06   3.2104492e+01
   6.2917140e+06   2.8320313e+01
   6.3010210e+06   4.0344238e+01
   6.3011530e+06   3.0212402e+01
   6.3019110e+06   3.2287598e+01
   6.3115420e+06   2.8198242e+01
   6.3123920e+06   3.0395508e+01
   6.3124130e+06   2.9785156e+01
   6.3222270e+06   2.8320313e+01
   6.3224540e+06   3.5034180e+01
   6.3232740e+06   2.7954102e+01
   6.3324560e+06   3.3203125e+01
   6.3326100e+06   3.1738281e+01
   6.3326330e+06   3.2043457e+01
   6.3330630e+06   3.0944824e+01
   6.3423830e+06   3.9306641e+01
   6.3428040e+06   2.9479980e+01
   6.3428400e+06   2.8198242e+01
   6.3432950e+06   3.5827637e+01
   6.3433200e+06   2.8442383e+01
   6.3529710e+06   3.3081055e+01
   6.3619160e+06   2.8991699e+01
   6.3631390e+06   2.8503418e+01
   6.3712490e+06   3.0883789e+01
   6.3713990e+06   4.2053223e+01
   6.3724580e+06   2.8442383e+01
   6.3819430e+06   3.0822754e+01
   6.3822250e+06   3.1921387e+01
   6.3823360e+06   3.0578613e+01
   6.3913480e+06   2.8076172e+01
   6.4003590e+06   2.7954102e+01
   6.4093540e+06   3.4057617e+01
   6.4096710e+06   3.2165527e+01
   6.4097550e+06   2.8137207e+01
   6.4191670e+06   2.7954102e+01
   6.4193080e+06   2.8015137e+01
   6.4193690e+06   2.8747559e+01
   6.4194820e+06   2.8137207e+01
   6.4201740e+06   2.9663086e+01
   6.4208570e+06   2.8747559e+01
   6.4305620e+06   3.4606934e+01
   6.4305910e+06   3.0029297e+01
   6.4306830e+06   2.8015137e+01
   6.4307540e+06   2.8686523e+01
   6.4421970e+06   3.6560059e+01
   6.4425150e+06   3.3142090e+01
   6.4428350e+06   2.9663086e+01
   6.4496520e+06   3.2470703e+01
   6.4497290e+06   2.9541016e+01
   6.4497680e+06   2.8381348e+01
   6.4498910e+06   2.7893066e+01
   6.4500630e+06   3.3264160e+01
   6.4611070e+06   3.4179688e+01
   6.4612360e+06   4.3029785e+01
   6.4612700e+06   3.3813477e+01
   6.4613630e+06   3.1066895e+01
   6.4618340e+06   2.9296875e+01
   6.4621520e+06   2.7893066e+01
   6.4728970e+06   3.2348633e+01
   6.4729140e+06   3.0761719e+01
   6.4730270e+06   2.8442383e+01
   6.4733340e+06   2.9663086e+01
   6.4838510e+06   3.8208008e+01
   6.4921130e+06   3.2165527e+01
   6.4921870e+06   2.9602051e+01
   6.4924650e+06   2.7954102e+01
   6.4926470e+06   3.4912109e+01
   6.4926740e+06   3.0822754e+01
   6.4926900e+06   3.8269043e+01
   6.4927490e+06   3.4667969e+01
   6.4928960e+06   3.1066895e+01
   6.4929370e+06   3.6010742e+01
   6.4929750e+06   3.4790039e+01
   6.4930350e+06   2.9357910e+01
   6.4930640e+06   3.3508301e+01
   6.4931040e+06   4.6569824e+01
   6.4931570e+06   3.0944824e+01
   6.4932120e+06   4.3395996e+01
   6.4932970e+06   3.9733887e+01
   6.4934660e+06   4.7119141e+01
   6.4937800e+06   3.3264160e+01
   6.4938010e+06   5.2124023e+01
   6.4939910e+06   2.9724121e+01
   6.4946940e+06   2.8076172e+01
   6.5084640e+06   2.9541016e+01
   6.5085880e+06   3.4851074e+01
   6.5090610e+06   3.2104492e+01
   6.5095110e+06   3.0578613e+01
   6.5179800e+06   2.9907227e+01
   6.5180620e+06   3.1555176e+01
   6.5180880e+06   2.8320313e+01
   6.5182220e+06   3.8269043e+01
   6.5182570e+06   2.8625488e+01
   6.5184880e+06   3.0822754e+01
   6.5273770e+06   3.2775879e+01
   6.5273940e+06   3.4851074e+01
   6.5276090e+06   3.3386230e+01
   6.5284780e+06   2.8381348e+01
   6.5370870e+06   2.8137207e+01
   6.5371200e+06   3.2958984e+01
   6.5372040e+06   3.3569336e+01
   6.5372440e+06   2.9113770e+01
   6.5375920e+06   3.0212402e+01
   6.5487000e+06   3.5583496e+01
   6.5487230e+06   3.2592773e+01
   6.5487860e+06   3.2409668e+01
   6.5489790e+06   3.1616211e+01
   6.5493150e+06   3.1188965e+01
   6.5495620e+06   2.8320313e+01
   6.5596010e+06   3.2775879e+01
   6.5597010e+06   3.9550781e+01
   6.5597310e+06   3.4362793e+01
   6.5598680e+06   3.3447266e+01
   6.5719700e+06   2.9724121e+01
   6.5721340e+06   3.5156250e+01
   6.5721530e+06   3.3264160e+01
   6.5722170e+06   3.3203125e+01
   6.5847520e+06   3.9855957e+01
   6.5848360e+06   3.5400391e+01
   6.5848730e+06   3.3508301e+01
   6.5849710e+06   3.8635254e+01
   6.5850870e+06   3.0029297e+01
   6.5981180e+06   2.8259277e+01
   6.5981580e+06   3.0212402e+01
   6.5982680e+06   3.6560059e+01
   6.5983210e+06   2.8747559e+01
   6.5983860e+06   2.7893066e+01
   6.5984340e+06   3.4179688e+01
   6.6120010e+06   2.9846191e+01
   6.6120210e+06   3.6254883e+01
   6.6120990e+06   3.4729004e+01
   6.6121620e+06   2.8564453e+01
   6.6121790e+06   2.8625488e+01
   6.6122070e+06   3.0212402e+01
   6.6123200e+06   4.8706055e+01
   6.6123760e+06   3.1860352e+01
   6.6125000e+06   2.8503418e+01
   6.6129020e+06   5.8532715e+01
   6.6275460e+06   2.9357910e+01
   6.6276240e+06   2.8808594e+01
   6.6278270e+06   3.4790039e+01
   6.6280220e+06   2.8503418e+01
   6.6282950e+06   3.8269043e+01
   6.6393820e+06   3.9489746e+01
   6.6394170e+06   3.0700684e+01
   6.6394660e+06   2.9846191e+01
   6.6396010e+06   7.5988770e+01
   6.6523160e+06   3.2653809e+01
   6.6523350e+06   4.6264648e+01
   6.6523460e+06   3.0700684e+01
   6.6523860e+06   3.0029297e+01
   6.6524590e+06   2.9357910e+01
   6.6524920e+06   3.2958984e+01
   6.6526210e+06   3.7536621e+01
   6.6526330e+06   3.3630371e+01
   6.6527360e+06   3.3569336e+01
   6.6531790e+06   2.8930664e+01
   6.6676400e+06   2.8625488e+01
   6.6676680e+06   3.1433105e+01
   6.6677000e+06   3.7231445e+01
   6.6677110e+06   3.2897949e+01
   6.6679160e+06   3.6743164e+01
   6.6679630e+06   3.2165527e+01
   6.6680570e+06   4.2114258e+01
   6.6681750e+06   5.1208496e+01
   6.6683420e+06   3.8452148e+01
   6.6684680e+06   3.7658691e+01
   6.6685290e+06   3.0273438e+01
   6.6698980e+06   2.8259277e+01
   6.6835130e+06   3.5522461e+01
   6.6835340e+06   3.4057617e+01
   6.6835740e+06   2.9235840e+01
   6.6838630e+06   3.3142090e+01
   6.6843110e+06   3.1066895e+01
   6.6957690e+06   4.3151855e+01
   6.6958430e+06   7.9772949e+01
   6.6958990e+06   2.8076172e+01
   6.6959440e+06   3.1188965e+01
   6.6959690e+06   2.9235840e+01
   6.6965030e+06   3.2165527e+01
   6.6969740e+06   3.0395508e+01
   6.6975310e+06   2.8991699e+01
   6.7100130e+06   3.3569336e+01
   6.7100290e+06   6.1218262e+01
   6.7100570e+06   2.8564453e+01
   6.7101410e+06   3.3020020e+01
   6.7101930e+06   3.4912109e+01
   6.7102580e+06   2.9418945e+01
   6.7103080e+06   4.7119141e+01
   6.7103330e+06   3.0456543e+01
   6.7107300e+06   2.9235840e+01
   6.7269790e+06   3.4423828e+01
   6.7270040e+06   3.0822754e+01
   6.7270420e+06   5.4687500e+01
   6.7270830e+06   3.0212402e+01
   6.7271640e+06   3.0517578e+01
   6.7279210e+06   2.8198242e+01
   6.7442940e+06   4.0283203e+01
   6.7443240e+06   4.2358398e+01
   6.7443700e+06   3.1738281e+01
   6.7444160e+06   3.3996582e+01
   6.7444480e+06   3.4362793e+01
   6.7444870e+06   3.6682129e+01
   6.7444980e+06   4.8645020e+01
   6.7446450e+06   4.5654297e+01
   6.7448650e+06   3.1372070e+01
   6.7451010e+06   2.8137207e+01
   6.7451630e+06   6.4880371e+01
   6.7460330e+06   2.8808594e+01
   6.7628980e+06   2.8564453e+01
   6.7629210e+06   3.6865234e+01
   6.7629640e+06   4.9682617e+01
   6.7629840e+06   2.8503418e+01
   6.7630490e+06   3.0761719e+01
   6.7632230e+06   3.3935547e+01
   6.7632650e+06   2.7893066e+01
   6.7753930e+06   4.3273926e+01
   6.7754300e+06   3.1677246e+01
   6.7754930e+06   3.4851074e+01
   6.7755190e+06   3.1250000e+01
   6.7755770e+06   3.1005859e+01
   6.7756060e+06   3.3630371e+01
   6.7756730e+06   2.9602051e+01
   6.7900040e+06   2.8198242e+01
   6.7900530e+06   3.3203125e+01
   6.7901240e+06   2.8076172e+01
   6.7901850e+06   3.0822754e+01
   6.7902130e+06   5.2978516e+01
   6.7903510e+06   3.0578613e+01
   6.7904200e+06   5.7495117e+01
   6.7906120e+06   2.8198242e+01
   6.7907300e+06   5.5480957e+01
   6.7913690e+06   3.1555176e+01
   6.8066840e+06   3.7231445e+01
   6.8067030e+06   6.2500000e+01
   6.8067300e+06   4.7973633e+01
   6.8067570e+06   3.0700684e+01
   6.8067850e+06   4.0527344e+01
   6.8068730e+06   3.0700684e+01
   6.8068880e+06   3.2165527e+01
   6.8069110e+06   5.0720215e+01
   6.8070360e+06   2.8015137e+01
   6.8075920e+06   2.8259277e+01
   6.8077540e+06   2.9541016e+01
   6.8216520e+06   3.2714844e+01
   6.8216630e+06   3.5095215e+01
   6.8216750e+06   6.8664551e+01
   6.8216970e+06   3.1982422e+01
   6.8218140e+06   3.2104492e+01
   6.8218320e+06   3.9184570e+01
   6.8218580e+06   3.1982422e+01
   6.8218990e+06   5.1025391e+01
   6.8222280e+06   2.8198242e+01
   6.8375410e+06   3.2104492e+01
   6.8375610e+06   5.3344727e+01
   6.8375720e+06   3.3020020e+01
   6.8375940e+06   2.8503418e+01
   6.8376510e+06   3.1066895e+01
   6.8376930e+06   4.5532227e+01
   6.8377230e+06   3.3142090e+01
   6.8377900e+06   3.7719727e+01
   6.8382040e+06   3.0273438e+01
   6.8384680e+06   2.9479980e+01
   6.8386460e+06   2.8686523e+01
   6.8400010e+06   2.8137207e+01
   6.8532260e+06   2.9541016e+01
   6.8532550e+06   4.4677734e+01
   6.8533270e+06   5.7006836e+01
   6.8533660e+06   4.4738770e+01
   6.8534100e+06   3.0639648e+01
   6.8534780e+06   2.7770996e+01
   6.8557480e+06   2.8991699e+01
   6.8664330e+06   3.2592773e+01
   6.8664590e+06   4.1137695e+01
   6.8666670e+06   5.8288574e+01
   6.8667430e+06   2.7832031e+01
   6.8668700e+06   4.9499512e+01
   6.8824840e+06   3.3630371e+01
   6.8825120e+06   5.6823730e+01
   6.8825910e+06   3.0151367e+01
   6.8826350e+06   3.3874512e+01
   6.8827050e+06   3.0578613e+01
   6.8829430e+06   2.9785156e+01
   6.8831470e+06   2.8808594e+01
   6.8831920e+06   2.9541016e+01
   6.8832580e+06   2.8442383e+01
   6.9002720e+06   4.6264648e+01
   6.9002970e+06   2.9907227e+01
   6.9003380e+06   3.1677246e+01
   6.9004370e+06   3.0090332e+01
   6.9004680e+06   2.8442383e+01
   6.9005030e+06   5.2429199e+01
   6.9005180e+06   2.9052734e+01
   6.9005830e+06   3.0395508e+01
   6.9006670e+06   4.8034668e+01
   6.9008810e+06   2.9541016e+01
   6.9010840e+06   2.8991699e+01
   6.9014110e+06   2.7954102e+01
   6.9022150e+06   3.0456543e+01
   6.9171710e+06   4.2175293e+01
   6.9171880e+06   3.5949707e+01
   6.9172070e+06   5.2551270e+01
   6.9172880e+06   4.0344238e+01
   6.9191540e+06   2.9785156e+01
   6.9341690e+06   2.8320313e+01
   6.9341870e+06   4.3762207e+01
   6.9342640e+06   3.6132813e+01
   6.9343450e+06   3.4729004e+01
   6.9344180e+06   5.2551270e+01
   6.9349000e+06   2.8381348e+01
   6.9505040e+06   2.8198242e+01
   6.9505160e+06   4.2663574e+01
   6.9505440e+06   5.0354004e+01
   6.9505870e+06   3.1616211e+01
   6.9506360e+06   3.1555176e+01
   6.9516990e+06   3.3081055e+01
   6.9654190e+06   2.8015137e+01
   6.9654380e+06   2.8930664e+01
   6.9654710e+06   3.9733887e+01
   6.9654810e+06   3.0212402e+01
   6.9655170e+06   3.3142090e+01
   6.9655830e+06   3.5644531e+01
   6.9657590e+06   2.8991699e+01
   6.9657740e+06   2.8259277e+01
   6.9658300e+06   5.7189941e+01
   6.9800780e+06   3.1066895e+01
   6.9801440e+06   2.7770996e+01
   6.9802660e+06   3.4973145e+01
   6.9803240e+06   3.1921387e+01
   6.9804350e+06   5.8288574e+01
   6.9809970e+06   3.0395508e+01
   6.9942060e+06   2.8625488e+01
   6.9942420e+06   2.8320313e+01
   6.9942570e+06   2.9235840e+01
   6.9943470e+06   3.0761719e+01
   6.9943720e+06   6.5429688e+01
   6.9945400e+06   4.3701172e+01
   6.9948650e+06   2.9541016e+01
   7.0089400e+06   3.3020020e+01
   7.0090040e+06   3.0395508e+01
   7.0090430e+06   3.7048340e+01
   7.0090570e+06   3.1860352e+01
   7.0092240e+06   4.1503906e+01
   7.0092870e+06   2.8991699e+01
   7.0097750e+06   3.5034180e+01
   7.0245020e+06   3.1066895e+01
   7.0246500e+06   3.1005859e+01
   7.0248450e+06   6.3354492e+01
   7.0250890e+06   3.3142090e+01
   7.0393400e+06   3.2287598e+01
   7.0395620e+06   2.9602051e+01
   7.0396990e+06   3.5278320e+01
   7.0397170e+06   2.9785156e+01
   7.0409010e+06   2.7893066e+01
   7.0546500e+06   2.9235840e+01
   7.0548740e+06   3.0212402e+01
   7.0550980e+06   3.6743164e+01
   7.0551810e+06   2.8198242e+01
   7.0553060e+06   3.3386230e+01
   7.0554400e+06   3.3264160e+01
   7.0708530e+06   2.9235840e+01
   7.0708900e+06   3.1005859e+01
   7.0710630e+06   3.7353516e+01
   7.0710930e+06   2.9479980e+01
   7.0711790e+06   3.2348633e+01
   7.0715610e+06   3.0090332e+01
   7.0882930e+06   3.9855957e+01
   7.1034090e+06   3.1494141e+01
   7.1034670e+06   2.8930664e+01
   7.1036060e+06   2.9663086e+01
   7.1037030e+06   3.1982422e+01
   7.1039620e+06   2.8381348e+01
   7.1202350e+06   3.0273438e+01
   7.1203780e+06   2.8808594e+01
   7.1210750e+06   2.7954102e+01
   7.1348370e+06   3.1738281e+01
   7.1351080e+06   2.8015137e+01
   7.1353130e+06   2.9052734e+01
   7.1358200e+06   2.7954102e+01
   7.1396160e+06   3.4362793e+01
   7.1525420e+06   3.0212402e+01
   7.1527880e+06   2.8686523e+01
   7.1534810e+06   3.1799316e+01
   7.1538160e+06   3.0273438e+01
   7.1539630e+06   3.3691406e+01
   7.1680790e+06   2.9174805e+01
   7.1681620e+06   2.8869629e+01
   7.1685200e+06   2.8869629e+01
   7.1685440e+06   2.9907227e+01
   7.1687660e+06   4.2236328e+01
   7.1691900e+06   2.9235840e+01
   7.1869550e+06   3.2897949e+01
   7.1882110e+06   2.8442383e+01
   7.2057240e+06   2.9479980e+01
   7.2062440e+06   3.0578613e+01
   7.2065030e+06   2.8869629e+01
   7.2067550e+06   2.7770996e+01
   7.2249020e+06   2.8991699e+01
   7.2255860e+06   2.9479980e+01
   7.2270540e+06   3.0761719e+01
   7.2454240e+06   2.7893066e+01
   7.2456700e+06   3.0212402e+01
   7.2457240e+06   3.0334473e+01
   7.2467520e+06   2.8015137e+01
   7.2481660e+06   2.8381348e+01
   7.2486120e+06   2.7954102e+01
   7.2486390e+06   2.8442383e+01
   7.2491960e+06   3.1250000e+01
   7.2675780e+06   3.1860352e+01
   7.2681250e+06   2.8015137e+01
   7.2691940e+06   2.8137207e+01
   7.2692300e+06   2.7893066e+01
   7.2884080e+06   2.8015137e+01
   7.2887770e+06   3.0395508e+01
   7.2898210e+06   2.8991699e+01
   7.2938070e+06   2.8381348e+01
   7.3101690e+06   3.4667969e+01
   7.3106430e+06   3.2775879e+01
   7.3122680e+06   6.7077637e+01
   7.3124890e+06   2.7893066e+01
   7.3377060e+06   2.8686523e+01
   7.3379090e+06   3.6560059e+01
   7.3381980e+06   2.9235840e+01
   7.3384070e+06   2.8381348e+01
   7.3387500e+06   3.0761719e+01
   7.3607750e+06   3.5339355e+01
   7.3612570e+06   2.9907227e+01
   7.3621410e+06   5.7678223e+01
   7.3798150e+06   3.5888672e+01
   7.3827830e+06   3.4790039e+01
   7.3828240e+06   3.1738281e+01
   7.4006500e+06   2.9846191e+01
   7.4090050e+06   2.8320313e+01
   7.4269290e+06   3.2531738e+01
   7.4271630e+06   3.1555176e+01
   7.4483850e+06   2.8930664e+01
   7.4793830e+06   2.9235840e+01
   7.4794080e+06   3.0761719e+01
   7.4795290e+06   2.8442383e+01
   7.4798000e+06   2.9418945e+01
   7.4957100e+06   3.1066895e+01
   7.5124480e+06   3.0700684e+01
   7.5132220e+06   2.8686523e+01
   7.5136720e+06   2.7893066e+01
   7.5394200e+06   3.0456543e+01
   7.5400920e+06   2.8381348e+01
   7.5405820e+06   3.4240723e+01
   7.5406070e+06   3.1372070e+01
   7.5612970e+06   3.1311035e+01
   7.5622180e+06   3.5461426e+01
   7.5856360e+06   2.7954102e+01
   7.5951300e+06   3.2348633e+01
   7.5961980e+06   2.8686523e+01
   7.6107490e+06   3.0517578e+01
   7.6242300e+06   2.9418945e+01
   7.6250160e+06   2.9968262e+01
   7.6252660e+06   3.1860352e+01
   7.6254000e+06   3.0395508e+01
   7.6255560e+06   4.8889160e+01
   7.6325470e+06   3.1982422e+01
   7.6329260e+06   2.8930664e+01
   7.6446260e+06   3.0639648e+01
   7.6560750e+06   2.8930664e+01
   7.6561350e+06   2.8015137e+01
   7.6562430e+06   6.2316895e+01
   7.6563130e+06   3.0212402e+01
   7.6563300e+06   6.1462402e+01
   7.6565260e+06   6.2744141e+01
   7.6568610e+06   3.0822754e+01
   7.6571150e+06   2.7832031e+01
   7.6572100e+06   5.3283691e+01
   7.6730230e+06   3.4301758e+01
   7.6732010e+06   2.9846191e+01
   7.6732990e+06   2.9968262e+01
   7.6908030e+06   3.0639648e+01
   7.6908710e+06   3.5400391e+01
   7.7017470e+06   2.9724121e+01
   7.7020250e+06   3.1677246e+01
   7.7176340e+06   6.4147949e+01
   7.7177060e+06   6.2744141e+01
   7.7177320e+06   3.6437988e+01
   7.7226200e+06   2.9235840e+01
   7.7247110e+06   2.9663086e+01
   7.7504310e+06   3.2775879e+01
   7.7513470e+06   2.9052734e+01
   7.7670270e+06   2.8564453e+01
   7.7808530e+06   6.0791016e+01
   7.7810130e+06   2.7770996e+01
   7.7812390e+06   2.8808594e+01
   7.7933880e+06   3.0334473e+01
   7.8099950e+06   3.3447266e+01
   7.8100560e+06   3.1005859e+01
   7.8100820e+06   2.9357910e+01
   7.8101020e+06   2.8686523e+01
   7.8105310e+06   2.8564453e+01
   7.8107820e+06   3.1066895e+01
   7.8110260e+06   2.8503418e+01
   7.8247450e+06   2.8320313e+01
   7.8384380e+06   3.3813477e+01
   7.8528990e+06   3.1311035e+01
   7.8647540e+06   2.9296875e+01
   7.8650640e+06   4.2053223e+01
   7.8826740e+06   2.8381348e+01
   7.8827290e+06   3.0517578e+01
   7.8828810e+06   3.1066895e+01
   7.8898540e+06   3.5705566e+01
   7.9062300e+06   3.0029297e+01
   7.9065240e+06   2.9296875e+01
   7.9067000e+06   3.0029297e+01
   7.9244320e+06   2.8564453e+01
   7.9253710e+06   2.8076172e+01
   7.9260070e+06   3.1494141e+01
   7.9391710e+06   4.0222168e+01
   7.9392720e+06   6.1706543e+01
   7.9393510e+06   3.5827637e+01
   7.9393680e+06   4.0832520e+01
   7.9492800e+06   3.1250000e+01
   7.9519160e+06   2.8259277e+01
   7.9635420e+06   3.0578613e+01
   7.9636630e+06   2.8442383e+01
   7.9636860e+06   2.9479980e+01
   7.9670020e+06   2.8930664e+01
   7.9670610e+06   2.9418945e+01
   7.9683510e+06   2.8076172e+01
   7.9684810e+06   2.7832031e+01
   7.9820310e+06   3.1921387e+01
   7.9826080e+06   3.2531738e+01
   7.9959320e+06   2.9418945e+01
   7.9959810e+06   3.9184570e+01
   7.9960270e+06   3.1494141e+01
   7.9964820e+06   2.7954102e+01
   7.9966770e+06   3.2409668e+01
   7.9967920e+06   2.9113770e+01
   7.9973240e+06   3.1616211e+01
   8.0217620e+06   3.1433105e+01
   8.0224110e+06   2.7832031e+01
   8.0400790e+06   2.8625488e+01
   8.0401320e+06   2.7770996e+01
   8.0407740e+06   4.7363281e+01
   8.0410350e+06   2.7893066e+01
   8.0412380e+06   3.1982422e+01
   8.0546740e+06   3.0029297e+01
   8.0549200e+06   3.0456543e+01
   8.0555210e+06   2.8503418e+01
   8.0620710e+06   2.7893066e+01
   8.0622090e+06   3.0517578e+01
   8.0626300e+06   2.9357910e+01
   8.0629630e+06   3.4790039e+01
   8.0735680e+06   3.1738281e+01
   8.0735850e+06   2.8076172e+01
   8.0746400e+06   3.4118652e+01
   8.0823540e+06   2.9296875e+01
   8.0827210e+06   3.0151367e+01
   8.0828830e+06   2.8869629e+01
   8.0829550e+06   3.7963867e+01
   8.1029780e+06   2.8625488e+01
   8.1039870e+06   2.8869629e+01
   8.1042910e+06   2.8808594e+01
   8.1135120e+06   2.8198242e+01
   8.1137900e+06   3.1921387e+01
   8.1146350e+06   2.8991699e+01
   8.1319050e+06   3.1799316e+01
   8.1325330e+06   2.8259277e+01
   8.1449380e+06   3.3508301e+01
   8.1458510e+06   2.8564453e+01
   8.1500160e+06   3.1066895e+01
   8.1578120e+06   3.0273438e+01
   8.1690290e+06   3.0944824e+01
   8.1812800e+06   3.0517578e+01
   8.1817690e+06   2.8320313e+01
   8.1819550e+06   3.1066895e+01
   8.1824260e+06   3.0151367e+01
   8.1965640e+06   3.1921387e+01
   8.1983130e+06   3.1127930e+01
   8.2078860e+06   2.7770996e+01
   8.2089480e+06   2.8076172e+01
   8.2213160e+06   2.8991699e+01
   8.2333140e+06   3.5644531e+01
   8.2334760e+06   2.7832031e+01
   8.2335010e+06   2.8015137e+01
   8.2335540e+06   3.4851074e+01
   8.2458210e+06   3.0151367e+01
   8.2464250e+06   2.9846191e+01
   8.2469780e+06   2.8381348e+01
   8.2561930e+06   2.9113770e+01
   8.2658420e+06   2.9357910e+01
   8.2668300e+06   2.9663086e+01
   8.2669790e+06   2.9968262e+01
   8.2753150e+06   2.9235840e+01
   8.2754660e+06   3.5217285e+01
   8.2756700e+06   3.0395508e+01
   8.2759540e+06   3.1311035e+01
   8.2768610e+06   2.8015137e+01
   8.2927940e+06   3.0944824e+01
   8.2928920e+06   2.7770996e+01
   8.2933710e+06   3.6010742e+01
   8.3050290e+06   3.7841797e+01
   8.3167230e+06   3.0578613e+01
   8.3170790e+06   2.9235840e+01
   8.3285030e+06   3.8146973e+01
   8.3291520e+06   3.3081055e+01
   8.3296060e+06   3.0090332e+01
   8.3413040e+06   3.3142090e+01
   8.3530650e+06   3.0639648e+01
   8.3638620e+06   2.7954102e+01
   8.3753240e+06   2.8747559e+01
   8.3754840e+06   2.8076172e+01
   8.3762680e+06   2.7832031e+01
   8.3766230e+06   2.7893066e+01
   8.3933710e+06   2.9235840e+01
   8.4028900e+06   2.8076172e+01
   8.4030320e+06   2.8930664e+01
   8.4035100e+06   3.0700684e+01
   8.4153050e+06   2.8259277e+01
   8.4154490e+06   3.2775879e+01
   8.4155830e+06   3.7292480e+01
   8.4162350e+06   3.1494141e+01
   8.4359890e+06   2.9418945e+01
   8.4361690e+06   2.7893066e+01
   8.4366860e+06   2.9663086e+01
   8.4367370e+06   2.9174805e+01
   8.4470870e+06   2.9052734e+01
   8.4472980e+06   2.9235840e+01
   8.4473110e+06   3.1188965e+01
   8.4588060e+06   2.8320313e+01
   8.4590070e+06   3.5278320e+01
   8.4594500e+06   2.9724121e+01
   8.4693890e+06   3.0456543e+01
   8.4696590e+06   2.8381348e+01
   8.4698690e+06   2.9968262e+01
   8.4700720e+06   2.8259277e+01
   8.4707620e+06   2.8076172e+01
   8.4713240e+06   2.7954102e+01
   8.4807710e+06   3.6193848e+01
   8.4809340e+06   3.3142090e+01
   8.4926030e+06   3.1005859e+01
   8.4927060e+06   2.8747559e+01
   8.4927970e+06   2.7770996e+01
   8.4928470e+06   3.2409668e+01
   8.5031700e+06   3.1982422e+01
   8.5034660e+06   3.5583496e+01
   8.5132020e+06   2.8869629e+01
   8.5140560e+06   3.0639648e+01
   8.5236480e+06   2.8137207e+01
   8.5241290e+06   3.2043457e+01
   8.5344070e+06   3.2531738e+01
   8.5346620e+06   2.9296875e+01
   8.5356740e+06   2.7893066e+01
   8.5442480e+06   3.1372070e+01
   8.5442770e+06   2.7893066e+01
   8.5445240e+06   2.8930664e+01
   8.5445800e+06   2.8564453e+01
   8.5544660e+06   2.9907227e+01
   8.5546930e+06   2.8930664e+01
   8.5558330e+06   3.8085938e+01
   8.5558680e+06   2.9418945e+01
   8.5652370e+06   2.8991699e+01
   8.5655000e+06   2.8930664e+01
   8.5657940e+06   3.6499023e+01
   8.5663140e+06   3.2043457e+01
   8.5663270e+06   2.8137207e+01
   8.5751520e+06   2.9541016e+01
   8.5759270e+06   2.8076172e+01
   8.5859350e+06   2.8320313e+01
   8.5860880e+06   3.0578613e+01
   8.5861840e+06   3.8818359e+01
   8.5867440e+06   2.8259277e+01
   8.5958060e+06   3.9916992e+01
   8.5959560e+06   3.5583496e+01
   8.5964350e+06   3.1799316e+01
   8.6056720e+06   2.9785156e+01
   8.6057150e+06   3.0395508e+01
   8.6057320e+06   2.8686523e+01
   8.6060920e+06   2.9602051e+01
   8.6061590e+06   2.8686523e+01
   8.6064970e+06   3.1372070e+01
   8.6153650e+06   2.8564453e+01
   8.6156120e+06   2.9479980e+01
   8.6159350e+06   2.8503418e+01
   8.6167970e+06   2.8686523e+01
   8.6259280e+06   2.9785156e+01
   8.6261230e+06   2.9052734e+01
   8.6363510e+06   3.4912109e+01
   8.6363620e+06   3.1250000e+01
   8.6463640e+06   3.1188965e+01
   8.6464280e+06   4.5349121e+01
   8.6477590e+06   2.8442383e+01
   8.6566450e+06   2.8625488e+01
   8.6568400e+06   3.0029297e+01
   8.6574670e+06   2.8259277e+01
   8.6578480e+06   3.1005859e+01
   8.6671240e+06   2.8015137e+01
   8.6682470e+06   2.8991699e+01
   8.6690040e+06   2.8625488e+01
   8.6789070e+06   2.8686523e+01
   8.6790680e+06   3.0151367e+01
   8.6791010e+06   3.3081055e+01
   8.6795380e+06   3.9489746e+01
   8.6802550e+06   3.7658691e+01
   8.6805730e+06   2.7832031e+01
   8.6811120e+06   3.1616211e+01
   8.6906620e+06   3.1372070e+01
   8.6912170e+06   2.7770996e+01
   8.6912280e+06   3.8452148e+01
   8.7006970e+06   3.2775879e+01
   8.7110070e+06   3.0395508e+01
   8.7113400e+06   3.1921387e+01
   8.7115420e+06   3.0944824e+01
   8.7117860e+06   2.9113770e+01
   8.7119700e+06   3.5522461e+01
   8.7123670e+06   2.7954102e+01
   8.7223950e+06   2.9174805e+01
   8.7224140e+06   2.8747559e+01
   8.7226160e+06   2.8503418e+01
   8.7325230e+06   3.1616211e+01
   8.7426770e+06   3.0395508e+01
   8.7434520e+06   2.8686523e+01
   8.7540680e+06   3.1738281e+01
   8.7544420e+06   3.5095215e+01
   8.7548850e+06   3.8146973e+01
   8.7645820e+06   3.0395508e+01
   8.7646130e+06   2.8015137e+01
   8.7648030e+06   2.9724121e+01
   8.7754800e+06   3.0639648e+01
   8.7755500e+06   2.7770996e+01
   8.7756270e+06   2.8076172e+01
   8.7762370e+06   2.9541016e+01
   8.7767870e+06   2.7893066e+01
   8.7920640e+06   3.2531738e+01
   8.7922260e+06   2.9968262e+01
   8.8040860e+06   3.5827637e+01
   8.8041210e+06   3.4973145e+01
   8.8042850e+06   3.5522461e+01
   8.8152070e+06   3.4667969e+01
   8.8153310e+06   3.8085938e+01
   8.8156960e+06   2.8076172e+01
   8.8162420e+06   3.1799316e+01
   8.8166320e+06   2.7893066e+01
   8.8267990e+06   3.0883789e+01
   8.8270800e+06   3.3630371e+01
   8.8386270e+06   3.1494141e+01
   8.8388580e+06   2.9907227e+01
   8.8389270e+06   2.8564453e+01
   8.8393690e+06   3.0212402e+01
   8.8397570e+06   2.8808594e+01
   8.8520090e+06   2.9113770e+01
   8.8522360e+06   3.0029297e+01
   8.8527590e+06   3.0090332e+01
   8.8530380e+06   2.8564453e+01
   8.8641270e+06   3.1799316e+01
   8.8641780e+06   2.9174805e+01
   8.8647480e+06   2.7954102e+01
   8.8744410e+06   2.8320313e+01
   8.8744800e+06   3.2714844e+01
   8.8745940e+06   2.8198242e+01
   8.8746200e+06   3.1494141e+01
   8.8753030e+06   2.8442383e+01
   8.8850820e+06   3.1616211e+01
   8.8851480e+06   2.8564453e+01
   8.8852820e+06   2.8503418e+01
   8.8861610e+06   3.1616211e+01
   8.8958280e+06   2.9785156e+01
   8.8962400e+06   2.9724121e+01
   8.8966020e+06   2.8808594e+01
   8.8970790e+06   2.8015137e+01
   8.9073360e+06   3.0517578e+01
   8.9074210e+06   3.3020020e+01
   8.9075600e+06   3.0883789e+01
   8.9086700e+06   2.8381348e+01
   8.9216970e+06   2.8747559e+01
   8.9221580e+06   2.8076172e+01
   8.9237200e+06   2.9296875e+01
   8.9324610e+06   2.8503418e+01
   8.9326470e+06   2.8869629e+01
   8.9331120e+06   3.1860352e+01
   8.9332460e+06   3.6743164e+01
   8.9333800e+06   2.9663086e+01
   8.9333990e+06   2.7893066e+01
   8.9336140e+06   3.2287598e+01
   8.9338860e+06   3.2348633e+01
   8.9341200e+06   3.1005859e+01
   8.9463610e+06   2.9174805e+01
   8.9469770e+06   2.8442383e+01
   8.9559020e+06   3.8269043e+01
   8.9560000e+06   3.5644531e+01
   8.9675790e+06   2.7770996e+01
   8.9678270e+06   2.8503418e+01
   8.9685190e+06   3.8391113e+01
   8.9685620e+06   3.2775879e+01
   8.9791880e+06   3.2409668e+01
   8.9793160e+06   3.1066895e+01
   8.9898810e+06   4.8095703e+01
   8.9899350e+06   3.3630371e+01
   8.9903850e+06   3.3020020e+01
   8.9999270e+06   2.8259277e+01
   9.0001940e+06   2.8686523e+01
   9.0002830e+06   2.8381348e+01
   9.0005620e+06   3.9489746e+01
   9.0006880e+06   3.1433105e+01
   9.0018950e+06   2.8747559e+01
   9.0130430e+06   3.3874512e+01
   9.0133810e+06   2.9846191e+01
   9.0137950e+06   2.9846191e+01
   9.0140040e+06   2.7832031e+01
   9.0143560e+06   4.3518066e+01
   9.0236440e+06   2.9418945e+01
   9.0350900e+06   3.2531738e+01
   9.0354780e+06   2.9174805e+01
   9.0355390e+06   3.5827637e+01
   9.0355920e+06   3.3020020e+01
   9.0357360e+06   3.0578613e+01
   9.0358150e+06   3.1005859e+01
   9.0361890e+06   3.2836914e+01
   9.0363690e+06   3.2226563e+01
   9.0364670e+06   2.9479980e+01
   9.0366430e+06   3.9733887e+01
   9.0368910e+06   3.4545898e+01
   9.0371100e+06   3.0273438e+01
   9.0374060e+06   2.7893066e+01
   9.0510960e+06   3.2043457e+01
   9.0516730e+06   3.0273437e+01
   9.0628560e+06   2.8869629e+01
   9.0633200e+06   3.9245605e+01
   9.0635700e+06   2.8076172e+01
   9.0731880e+06   3.1494141e+01
   9.0736920e+06   2.9235840e+01
   9.0834270e+06   2.9052734e+01
   9.0836000e+06   3.0212402e+01
   9.0838570e+06   2.9052734e+01
   9.0960150e+06   3.0517578e+01
   9.0961730e+06   2.8198242e+01
   9.0963910e+06   3.0029297e+01
   9.1075060e+06   2.9357910e+01
   9.1183630e+06   2.8320313e+01
   9.1185210e+06   3.0456543e+01
   9.1191180e+06   2.8869629e+01
   9.1267610e+06   3.0029297e+01
   9.1383070e+06   3.0090332e+01
   9.1391930e+06   3.1066895e+01
   9.1399440e+06   3.0273438e+01
   9.1520740e+06   3.0883789e+01
   9.1525080e+06   3.0090332e+01
   9.1626220e+06   2.9541016e+01
   9.1627500e+06   3.1799316e+01
   9.1754040e+06   2.8503418e+01
   9.1758330e+06   2.9724121e+01
   9.1762780e+06   4.0161133e+01
   9.1772500e+06   3.0273437e+01
   9.1859450e+06   2.9052734e+01
   9.1860650e+06   2.9663086e+01
   9.1861550e+06   4.5837402e+01
   9.1861730e+06   3.0456543e+01
   9.1980260e+06   2.8137207e+01
   9.1982550e+06   2.9907227e+01
   9.1986400e+06   3.2592773e+01
   9.1986880e+06   2.8930664e+01
   9.1988860e+06   3.4851074e+01
   9.1989090e+06   2.8381348e+01
   9.2111370e+06   3.2775879e+01
   9.2112090e+06   2.7770996e+01
   9.2112330e+06   3.4057617e+01
   9.2114000e+06   3.3691406e+01
   9.2116850e+06   2.9846191e+01
   9.2119940e+06   2.7893066e+01
   9.2318170e+06   3.2592773e+01
   9.2328370e+06   2.8808594e+01
   9.2419150e+06   2.8808594e+01
   9.2419920e+06   2.7954102e+01
   9.2594430e+06   2.9174805e+01
   9.2594650e+06   3.0334473e+01
   9.2596590e+06   3.6621094e+01
   9.2596690e+06   3.2653809e+01
   9.2606430e+06   3.0883789e+01
   9.2607930e+06   5.5725098e+01
   9.2708470e+06   2.9846191e+01
   9.2709540e+06   2.9235840e+01
   9.2710730e+06   3.3691406e+01
   9.2839130e+06   3.0212402e+01
   9.2840360e+06   2.8259277e+01
   9.2940830e+06   3.2287598e+01
   9.2941630e+06   2.7893066e+01
   9.2944290e+06   3.0273437e+01
   9.2945470e+06   2.7770996e+01
   9.2945830e+06   2.9724121e+01
   9.2945930e+06   3.0944824e+01
   9.3059470e+06   2.9968262e+01
   9.3059880e+06   3.0151367e+01
   9.3140190e+06   3.0273438e+01
   9.3142440e+06   3.0517578e+01
   9.3144850e+06   3.0822754e+01
   9.3147000e+06   2.7893066e+01
   9.3245150e+06   2.9357910e+01
   9.3367230e+06   3.4606934e+01
   9.3467410e+06   3.3081055e+01
   9.3471110e+06   3.7658691e+01
   9.3478920e+06   2.9968262e+01
   9.3484890e+06   2.7893066e+01
   9.3579340e+06   2.7832031e+01
   9.3579600e+06   2.8503418e+01
   9.3587040e+06   3.2226563e+01
   9.3587440e+06   3.0883789e+01
   9.3679130e+06   2.8747559e+01
   9.3885480e+06   2.9235840e+01
   9.3888180e+06   3.3020020e+01
   9.3895480e+06   3.2226563e+01
   9.3984940e+06   2.8808594e+01
   9.3987560e+06   3.2775879e+01
   9.4079770e+06   3.1311035e+01
   9.4083460e+06   2.8259277e+01
   9.4179590e+06   2.8198242e+01
   9.4287100e+06   2.8503418e+01
   9.4287730e+06   3.1250000e+01
   9.4290230e+06   3.3813477e+01
   9.4392550e+06   2.9968262e+01
   9.4452960e+06   3.0761719e+01
   9.4685280e+06   3.1494141e+01
   9.4688160e+06   3.2592773e+01
   9.4788870e+06   2.8320313e+01
   9.4791510e+06   2.9052734e+01
   9.4795750e+06   3.0578613e+01
   9.4895070e+06   2.9113770e+01
   9.5006710e+06   3.0517578e+01
   9.5107100e+06   3.7658691e+01
   9.5108660e+06   3.8452148e+01
   9.5110410e+06   3.0578613e+01
   9.5211960e+06   3.7109375e+01
   9.5213200e+06   3.1738281e+01
   9.5214640e+06   3.2531738e+01
   9.5312710e+06   3.1616211e+01
   9.5316210e+06   2.8930664e+01
   9.5410530e+06   3.3081055e+01
   9.5411770e+06   3.0456543e+01
   9.5542160e+06   3.7292480e+01
   9.5543750e+06   3.0883789e+01
   9.5648470e+06   3.2409668e+01
   9.5738190e+06   3.4973145e+01
   9.5838660e+06   2.8564453e+01
   9.5841370e+06   2.8198242e+01
   9.5841920e+06   2.9174805e+01
   9.5929510e+06   3.1433105e+01
   9.5929660e+06   2.8930664e+01
   9.6039120e+06   3.0395508e+01
   9.6139950e+06   2.7893066e+01
   9.6142930e+06   2.8869629e+01
   9.6147480e+06   2.9174805e+01
   9.6236240e+06   3.1616211e+01
   9.6241460e+06   2.8137207e+01
   9.6242230e+06   2.8869629e+01
   9.6435840e+06   3.6437988e+01
   9.6437220e+06   2.8564453e+01
   9.6550320e+06   3.2104492e+01
   9.6550920e+06   2.7893066e+01
   9.6557060e+06   2.8564453e+01
   9.6645310e+06   2.9418945e+01
   9.6645970e+06   2.8747559e+01
   9.6744210e+06   2.8564453e+01
   9.6746990e+06   4.4616699e+01
   9.6837230e+06   3.2714844e+01
   9.6940060e+06   2.9846191e+01
   9.6942520e+06   2.9602051e+01
   9.7068000e+06   3.1188965e+01
   9.7068190e+06   3.3325195e+01
   9.7070030e+06   3.0395508e+01
   9.7258990e+06   3.0517578e+01
   9.7260480e+06   3.1616211e+01
   9.7260740e+06   3.4484863e+01
   9.7261300e+06   2.9296875e+01
   9.7262300e+06   3.0212402e+01
   9.7356800e+06   2.8564453e+01
   9.7360650e+06   3.6987305e+01
   9.7361120e+06   3.3386230e+01
   9.7363780e+06   3.0517578e+01
   9.7447750e+06   2.8076172e+01
   9.7449540e+06   2.8686523e+01
   9.7450680e+06   3.2104492e+01
   9.7451460e+06   2.9907227e+01
   9.7637700e+06   2.8747559e+01
   9.7638610e+06   3.7414551e+01
   9.7643300e+06   3.6682129e+01
   9.7738710e+06   3.0761719e+01
   9.7825610e+06   2.9541016e+01
   9.7829850e+06   2.8808594e+01
   9.7829970e+06   2.7893066e+01
   9.7849440e+06   3.9428711e+01
   9.7851290e+06   3.2348633e+01
   9.7851420e+06   5.4870605e+01
   9.7852460e+06   2.9785156e+01
   9.7853270e+06   3.0273437e+01
   9.7853750e+06   3.0700684e+01
   9.7854750e+06   2.8991699e+01
   9.7857940e+06   2.9113770e+01
   9.7861090e+06   2.8747559e+01
   9.7863110e+06   3.5278320e+01
   9.7866240e+06   2.8625488e+01
   9.8015610e+06   2.9541016e+01
   9.8089930e+06   3.5339355e+01
   9.8091560e+06   2.8015137e+01
   9.8095960e+06   3.7048340e+01
   9.8099640e+06   2.7954102e+01
   9.8100060e+06   3.0700684e+01
   9.8201660e+06   2.9785156e+01
   9.8203480e+06   2.9846191e+01
   9.8209840e+06   2.8930664e+01
   9.8301640e+06   3.2226563e+01
   9.8302580e+06   3.2531738e+01
   9.8304540e+06   2.9418945e+01
   9.8408230e+06   5.2856445e+01
   9.8527210e+06   3.1005859e+01
   9.8527800e+06   3.2897949e+01
   9.8528030e+06   3.8085938e+01
   9.8547710e+06   2.8564453e+01
   9.8550520e+06   3.3874512e+01
   9.8555280e+06   3.4729004e+01
   9.8689510e+06   2.8686523e+01
   9.8689990e+06   2.9663086e+01
   9.8798710e+06   3.0212402e+01
   9.8886410e+06   3.0883789e+01
   9.8888700e+06   3.2165527e+01
   9.8890620e+06   2.9541016e+01
   9.8891170e+06   3.0578613e+01
   9.9009590e+06   3.0090332e+01
   9.9013120e+06   2.8564453e+01
   9.9018170e+06   2.8198242e+01
   9.9092700e+06   3.0395508e+01
   9.9094310e+06   3.2531738e+01
   9.9094670e+06   2.8381348e+01
   9.9211260e+06   3.5644531e+01
   9.9211530e+06   3.2165527e+01
   9.9213880e+06   3.4118652e+01
   9.9215530e+06   2.8442383e+01
   9.9215940e+06   2.8015137e+01
   9.9328810e+06   2.9418945e+01
   9.9331900e+06   2.8686523e+01
   9.9332150e+06   2.9113770e+01
   9.9437990e+06   3.3569336e+01
   9.9440250e+06   3.6560059e+01
   9.9440640e+06   2.8625488e+01
   9.9444600e+06   3.3081055e+01
   9.9525940e+06   3.5583496e+01
   9.9526080e+06   3.5888672e+01
   9.9527620e+06   2.9052734e+01
   9.9748290e+06   2.8686523e+01
   9.9748950e+06   2.8869629e+01
   9.9749170e+06   3.3264160e+01
   9.9751140e+06   2.7770996e+01
   9.9866210e+06   2.8198242e+01
   9.9874960e+06   3.0944824e+01
   9.9891720e+06   2.8137207e+01
   9.9894680e+06   3.0456543e+01
   9.9898840e+06   2.8259277e+01
   1.0001532e+07   3.0273438e+01
   1.0001614e+07   2.9357910e+01
   1.0001818e+07   3.0883789e+01
   1.0001893e+07   2.8259277e+01
   1.0002519e+07   2.8381348e+01
   1.0011489e+07   3.1433105e+01
   1.0019318e+07   2.8259277e+01
   1.0020482e+07   3.1738281e+01
   1.0020573e+07   3.2409668e+01
   1.0020636e+07   3.4973145e+01
   1.0021384e+07   2.8808594e+01
   1.0031733e+07   4.2846680e+01
   1.0040891e+07   3.4973145e+01
   1.0041003e+07   2.9296875e+01
   1.0041564e+07   3.0395508e+01
   1.0051866e+07   3.0517578e+01
   1.0052202e+07   2.8320313e+01
   1.0052647e+07   3.0395508e+01
   1.0063314e+07   3.8330078e+01
   1.0063501e+07   2.8686523e+01
   1.0074549e+07   2.8015137e+01
   1.0074647e+07   2.9357910e+01
   1.0074880e+07   2.9174805e+01
   1.0074992e+07   2.8747559e+01
   1.0075156e+07   3.1372070e+01
   1.0075182e+07   2.8503418e+01
   1.0075203e+07   3.0761719e+01
   1.0087306e+07   2.8259277e+01
   1.0088222e+07   3.3386230e+01
   1.0097949e+07   2.7893066e+01
   1.0098150e+07   2.8747559e+01
   1.0098875e+07   3.0883789e+01
   1.0099092e+07   3.1616211e+01
   1.0107211e+07   2.8198242e+01
   1.0107444e+07   2.7832031e+01
   1.0107783e+07   2.7770996e+01
   1.0117421e+07   3.3325195e+01
   1.0117534e+07   3.1127930e+01
   1.0117641e+07   3.5888672e+01
   1.0118967e+07   3.0883789e+01
   1.0119263e+07   2.9113770e+01
   1.0119421e+07   2.9113770e+01
   1.0119439e+07   3.2897949e+01
   1.0119559e+07   2.8686523e+01
   1.0134934e+07   3.5949707e+01
   1.0135070e+07   3.0517578e+01
   1.0146591e+07   3.0517578e+01
   1.0146747e+07   2.8381348e+01
   1.0146950e+07   3.8085938e+01
   1.0147286e+07   2.9052734e+01
   1.0154796e+07   3.0273437e+01
   1.0155342e+07   3.0944824e+01
   1.0168091e+07   2.9785156e+01
   1.0177163e+07   2.8625488e+01
   1.0177214e+07   3.0700684e+01
   1.0177335e+07   3.0334473e+01
   1.0177568e+07   2.8259277e+01
   1.0190623e+07   3.4118652e+01
   1.0190713e+07   3.1250000e+01
   1.0190801e+07   2.9541016e+01
   1.0203942e+07   2.8320313e+01
   1.0204150e+07   2.7954102e+01
   1.0204335e+07   2.9357910e+01
   1.0213714e+07   2.9174805e+01
   1.0213776e+07   2.9785156e+01
   1.0214411e+07   2.9663086e+01
   1.0225631e+07   2.8625488e+01
   1.0225898e+07   2.8991699e+01
   1.0226049e+07   2.9418945e+01
   1.0226848e+07   2.9602051e+01
   1.0235883e+07   3.2653809e+01
   1.0235952e+07   2.9846191e+01
   1.0236179e+07   2.8198242e+01
   1.0236251e+07   2.8442383e+01
   1.0245158e+07   2.8381348e+01
   1.0246024e+07   3.5095215e+01
   1.0247240e+07   3.7048340e+01
   1.0256041e+07   2.9357910e+01
   1.0256068e+07   3.1188965e+01
   1.0256171e+07   2.8015137e+01
   1.0256212e+07   2.9174805e+01
   1.0256562e+07   3.0212402e+01
   1.0257650e+07   3.0944824e+01
   1.0258558e+07   2.8686523e+01
   1.0272992e+07   2.9479980e+01
   1.0273478e+07   2.8137207e+01
   1.0273719e+07   3.1372070e+01
   1.0284435e+07   2.7832031e+01
   1.0284760e+07   3.2958984e+01
   1.0297226e+07   2.8137207e+01
   1.0309721e+07   3.0151367e+01
   1.0309877e+07   3.4484863e+01
   1.0309995e+07   3.4057617e+01
   1.0310830e+07   2.8564453e+01
   1.0311750e+07   2.9418945e+01
   1.0325802e+07   3.1250000e+01
   1.0326250e+07   2.9724121e+01
   1.0326366e+07   3.7414551e+01
   1.0326474e+07   2.8625488e+01
   1.0327362e+07   2.7893066e+01
   1.0337425e+07   3.2348633e+01
   1.0337538e+07   3.0700684e+01
   1.0338657e+07   3.7841797e+01
   1.0338789e+07   2.8320313e+01
   1.0338809e+07   2.8442383e+01
   1.0338921e+07   3.3325195e+01
   1.0339308e+07   3.7231445e+01
   1.0350874e+07   3.0822754e+01
   1.0351232e+07   2.7954102e+01
   1.0352523e+07   3.6865234e+01
   1.0352567e+07   3.1555176e+01
   1.0353020e+07   3.1311035e+01
   1.0353056e+07   2.8503418e+01
   1.0367897e+07   2.9541016e+01
   1.0367974e+07   2.9418945e+01
   1.0368215e+07   2.8320313e+01
   1.0384297e+07   3.0944824e+01
   1.0384370e+07   3.1066895e+01
   1.0384637e+07   2.7893066e+01
   1.0384716e+07   2.8381348e+01
   1.0394525e+07   3.0456543e+01
   1.0394581e+07   2.8320312e+01
   1.0394614e+07   2.8320313e+01
   1.0394682e+07   2.8747559e+01
   1.0394694e+07   4.8828125e+01
   1.0394726e+07   3.0639648e+01
   1.0394872e+07   3.4240723e+01
   1.0409961e+07   2.9296875e+01
   1.0410151e+07   3.0578613e+01
   1.0410352e+07   2.8503418e+01
   1.0410784e+07   2.8747559e+01
   1.0411338e+07   2.8625488e+01
   1.0421356e+07   2.9907227e+01
   1.0421401e+07   3.2287598e+01
   1.0421530e+07   2.8442383e+01
   1.0421614e+07   3.1372070e+01
   1.0421695e+07   2.9174805e+01
   1.0422889e+07   2.8686523e+01
   1.0435160e+07   2.8076172e+01
   1.0435352e+07   3.5644531e+01
   1.0447210e+07   2.8564453e+01
   1.0447368e+07   2.9602051e+01
   1.0448277e+07   3.0212402e+01
   1.0460751e+07   2.8320313e+01
   1.0460943e+07   3.2409668e+01
   1.0462043e+07   2.9479980e+01
   1.0471554e+07   3.0273438e+01
   1.0479802e+07   2.8564453e+01
   1.0480970e+07   3.1127930e+01
   1.0489599e+07   2.9479980e+01
   1.0489723e+07   2.8259277e+01
   1.0497697e+07   3.0334473e+01
   1.0497727e+07   2.8686523e+01
   1.0497851e+07   3.2165527e+01
   1.0497932e+07   3.9489746e+01
   1.0498374e+07   2.9235840e+01
   1.0499248e+07   3.3508301e+01
   1.0510231e+07   2.9785156e+01
   1.0528499e+07   2.9724121e+01
   1.0528721e+07   2.9724121e+01
   1.0538543e+07   2.8015137e+01
   1.0538719e+07   2.8686523e+01
   1.0548530e+07   3.2836914e+01
   1.0548620e+07   2.9479980e+01
   1.0549138e+07   2.7954102e+01
   1.0557938e+07   3.1005859e+01
   1.0558214e+07   2.7770996e+01
   1.0566913e+07   3.2897949e+01
   1.0567570e+07   2.8076172e+01
   1.0577213e+07   3.1066895e+01
   1.0577238e+07   2.8076172e+01
   1.0577629e+07   2.8503418e+01
   1.0586320e+07   2.8503418e+01
   1.0586352e+07   3.5156250e+01
   1.0586897e+07   3.6499023e+01
   1.0595878e+07   2.7893066e+01
   1.0605383e+07   3.4240723e+01
   1.0605553e+07   2.8076172e+01
   1.0605637e+07   2.8442383e+01
   1.0605665e+07   2.8137207e+01
   1.0615934e+07   2.8625488e+01
   1.0625752e+07   2.8076172e+01
   1.0625976e+07   2.9296875e+01
   1.0634938e+07   3.1921387e+01
   1.0635037e+07   3.1250000e+01
   1.0645007e+07   3.3142090e+01
   1.0654193e+07   2.7893066e+01
   1.0672278e+07   2.8198242e+01
   1.0672402e+07   3.0944824e+01
   1.0672523e+07   2.8808594e+01
   1.0690335e+07   4.4677734e+01
   1.0690978e+07   2.8503418e+01
   1.0699209e+07   3.4362793e+01
   1.0699507e+07   2.9541016e+01
   1.0700208e+07   3.2348633e+01
   1.0715884e+07   2.8808594e+01
   1.0716380e+07   3.3752441e+01
   1.0724460e+07   3.5827637e+01
   1.0724473e+07   3.1555176e+01
   1.0733703e+07   2.7893066e+01
   1.0740624e+07   2.7770996e+01
   1.0748450e+07   2.8259277e+01
   1.0755719e+07   3.2775879e+01
   1.0755808e+07   3.4362793e+01
   1.0762909e+07   3.1005859e+01
   1.0762965e+07   3.0395508e+01
   1.0763078e+07   2.7893066e+01
   1.0763112e+07   3.0639648e+01
   1.0771317e+07   3.3020020e+01
   1.0777893e+07   2.8015137e+01
   1.0777998e+07   3.0639648e+01
   1.0785837e+07   2.8259277e+01
   1.0786088e+07   3.5583496e+01
   1.0786703e+07   2.8564453e+01
   1.0793314e+07   2.9907227e+01
   1.0800528e+07   2.8259277e+01
   1.0800860e+07   2.9602051e+01
   1.0800987e+07   3.1494141e+01
   1.0801174e+07   3.3874512e+01
   1.0808379e+07   4.1381836e+01
   1.0815680e+07   2.8137207e+01
   1.0815958e+07   3.4362793e+01
   1.0829818e+07   2.7832031e+01
   1.0830406e+07   2.8869629e+01
   1.0837442e+07   2.8869629e+01
   1.0837680e+07   2.7832031e+01
   1.0837924e+07   3.2775879e+01
   1.0844951e+07   2.8076172e+01
   1.0845051e+07   3.3264160e+01
   1.0845231e+07   3.0822754e+01
   1.0845267e+07   2.9663086e+01
   1.0845734e+07   2.8320313e+01
   1.0852778e+07   3.5522461e+01
   1.0852949e+07   2.8198242e+01
   1.0860145e+07   2.7770996e+01
   1.0868495e+07   3.2043457e+01
   1.0874990e+07   2.9296875e+01
   1.0875003e+07   2.9235840e+01
   1.0875653e+07   3.1860352e+01
   1.0882667e+07   3.0151367e+01
   1.0882727e+07   2.7954102e+01
   1.0890712e+07   3.0395508e+01
   1.0905277e+07   3.2409668e+01
   1.0905406e+07   3.0273438e+01
   1.0905512e+07   4.1931152e+01
   1.0905905e+07   2.8015137e+01
   1.0913251e+07   3.8513184e+01
   1.0913450e+07   3.0029297e+01
   1.0913479e+07   2.8686523e+01
   1.0913511e+07   3.0883789e+01
   1.0930063e+07   2.8198242e+01
   1.0930150e+07   3.7353516e+01
   1.0938053e+07   3.0090332e+01
   1.0938189e+07   2.8076172e+01
   1.0938689e+07   2.7893066e+01
   1.0946456e+07   3.0578613e+01
   1.0947114e+07   3.0639648e+01
   1.0953833e+07   2.9724121e+01
   1.0954032e+07   2.8991699e+01
   1.0961914e+07   2.8869629e+01
   1.0962104e+07   2.7770996e+01
   1.0962135e+07   2.9724121e+01
   1.0977931e+07   2.9418945e+01
   1.0978128e+07   3.4240723e+01
   1.0978147e+07   2.8869629e+01
   1.0986603e+07   2.8259277e+01
   1.0986746e+07   3.1616211e+01
   1.0994900e+07   4.5776367e+01
   1.0995073e+07   3.1005859e+01
   1.0996193e+07   2.9418945e+01
   1.1002764e+07   2.9052734e+01
   1.1002872e+07   3.2043457e+01
   1.1010551e+07   2.8442383e+01
   1.1010774e+07   3.5217285e+01
   1.1018478e+07   2.8747559e+01
   1.1018683e+07   3.5217285e+01
   1.1026202e+07   3.5949707e+01
   1.1026356e+07   3.4301758e+01
   1.1034034e+07   3.0761719e+01
   1.1034319e+07   2.8259277e+01
   1.1034995e+07   3.0334473e+01
   1.1041874e+07   3.0944824e+01
   1.1042477e+07   2.8442383e+01
   1.1049499e+07   2.9663086e+01
   1.1049672e+07   3.4179688e+01
   1.1049776e+07   2.7832031e+01
   1.1057564e+07   2.9541016e+01
   1.1057581e+07   5.8959961e+01
   1.1066245e+07   3.3325195e+01
   1.1066320e+07   2.8930664e+01
   1.1066401e+07   3.0456543e+01
   1.1067061e+07   2.8198242e+01
   1.1074314e+07   2.7770996e+01
   1.1082147e+07   2.7893066e+01
   1.1089662e+07   3.2714844e+01
   1.1089831e+07   3.1005859e+01
   1.1105704e+07   3.4729004e+01
   1.1113377e+07   3.6193848e+01
   1.1121652e+07   2.9052734e+01
   1.1121724e+07   3.6376953e+01
   1.1130234e+07   2.7832031e+01
   1.1136696e+07   2.8869629e+01
   1.1136718e+07   2.9357910e+01
   1.1137389e+07   3.0517578e+01
   1.1137432e+07   2.9418945e+01
   1.1137464e+07   2.8503418e+01
   1.1152332e+07   3.0090332e+01
   1.1159820e+07   3.0639648e+01
   1.1160133e+07   2.8381348e+01
   1.1168005e+07   3.0273438e+01
   1.1176439e+07   2.7954102e+01
   1.1184231e+07   3.2653809e+01
   1.1184375e+07   2.8198242e+01
   1.1184690e+07   2.8259277e+01
   1.1192136e+07   3.3935547e+01
   1.1192253e+07   2.9846191e+01
   1.1192446e+07   3.1311035e+01
   1.1201223e+07   3.0395508e+01
   1.1208639e+07   4.4128418e+01
   1.1216777e+07   2.8442383e+01
   1.1216904e+07   2.8991699e+01
   1.1216980e+07   2.8076172e+01
   1.1217047e+07   5.5480957e+01
   1.1225674e+07   3.7902832e+01
   1.1225815e+07   2.9418945e+01
   1.1225842e+07   3.5949707e+01
   1.1242150e+07   2.8808594e+01
   1.1242385e+07   3.0761719e+01
   1.1243244e+07   3.1677246e+01
   1.1250855e+07   2.9357910e+01
   1.1259365e+07   2.9418945e+01
   1.1266909e+07   3.0395508e+01
   1.1267005e+07   2.7770996e+01
   1.1267042e+07   3.1555176e+01
   1.1267094e+07   3.0151367e+01
   1.1267188e+07   3.0822754e+01
   1.1275009e+07   2.7832031e+01
   1.1275261e+07   2.7770996e+01
   1.1282276e+07   3.2226563e+01
   1.1282422e+07   3.7292480e+01
   1.1283149e+07   2.8259277e+01
   1.1290507e+07   2.8503418e+01
   1.1298030e+07   2.9296875e+01
   1.1298745e+07   2.8137207e+01
   1.1305472e+07   2.8076172e+01
   1.1305715e+07   2.8381348e+01
   1.1314138e+07   3.3874512e+01
   1.1314317e+07   3.0883789e+01
   1.1322572e+07   2.8625488e+01
   1.1322619e+07   2.9174805e+01
   1.1331442e+07   2.9724121e+01
   1.1331632e+07   4.4250488e+01
   1.1331927e+07   5.7617188e+01
   1.1340755e+07   3.2104492e+01
   1.1340942e+07   3.1738281e+01
   1.1341329e+07   3.1555176e+01
   1.1348981e+07   3.3264160e+01
   1.1349084e+07   2.8442383e+01
   1.1349315e+07   2.7770996e+01
   1.1349456e+07   5.5358887e+01
   1.1357091e+07   3.3691406e+01
   1.1357304e+07   3.0700684e+01
   1.1363743e+07   4.5227051e+01
   1.1364203e+07   2.9724121e+01
   1.1364620e+07   2.7832031e+01
   1.1371678e+07   3.2958984e+01
   1.1372642e+07   3.0700684e+01
   1.1379271e+07   2.9052734e+01
   1.1396449e+07   2.8442383e+01
   1.1396537e+07   2.8198242e+01
   1.1396818e+07   2.8808594e+01
   1.1404833e+07   2.9357910e+01
   1.1405289e+07   3.0273438e+01
   1.1422896e+07   3.3020020e+01
   1.1423563e+07   5.7678223e+01
   1.1432701e+07   3.0212402e+01
   1.1433065e+07   3.3081055e+01
   1.1433501e+07   5.8288574e+01
   1.1442270e+07   3.3508301e+01
   1.1459743e+07   2.9602051e+01
   1.1459917e+07   3.7536621e+01
   1.1470248e+07   3.0334473e+01
   1.1478358e+07   2.7770996e+01
   1.1478827e+07   2.8381348e+01
   1.1494417e+07   2.7770996e+01
   1.1495156e+07   3.2592773e+01
   1.1495481e+07   2.7832031e+01
   1.1503477e+07   5.9082031e+01
   1.1503823e+07   2.8808594e+01
   1.1512223e+07   2.7893066e+01
   1.1520682e+07   2.8747559e+01
   1.1522370e+07   3.1738281e+01
   1.1529290e+07   2.8259277e+01
   1.1531101e+07   2.7770996e+01
   1.1549598e+07   3.0395508e+01
   1.1551652e+07   2.8564453e+01
   1.1559323e+07   2.8137207e+01
   1.1568639e+07   2.8076172e+01
   1.1576762e+07   2.8686523e+01
   1.1576854e+07   2.9724121e+01
   1.1605099e+07   2.8015137e+01
   1.1605330e+07   2.9113770e+01
   1.1614338e+07   2.9541016e+01
   1.1614649e+07   3.4240723e+01
   1.1625146e+07   2.8198242e+01
   1.1642996e+07   3.2043457e+01
   1.1643228e+07   2.8686523e+01
   1.1650973e+07   2.7893066e+01
   1.1651139e+07   3.1127930e+01
   1.1651333e+07   2.8137207e+01
   1.1651360e+07   3.0578613e+01
   1.1659434e+07   2.9541016e+01
   1.1659830e+07   2.8503418e+01
   1.1665971e+07   3.6193848e+01
   1.1666072e+07   3.4179688e+01
   1.1666643e+07   2.9296875e+01
   1.1666878e+07   2.8198242e+01
   1.1675933e+07   2.9479980e+01
   1.1676800e+07   3.2409668e+01
   1.1683720e+07   2.8320313e+01
   1.1684606e+07   2.9113770e+01
   1.1692733e+07   2.8381348e+01
   1.1693234e+07   2.9296875e+01
   1.1693255e+07   5.0964355e+01
   1.1704269e+07   2.8381348e+01
   1.1728424e+07   2.8747559e+01
   1.1728788e+07   3.1494141e+01
   1.1736309e+07   2.8686523e+01
   1.1745268e+07   2.8503418e+01
   1.1754283e+07   3.2043457e+01
   1.1762773e+07   3.0029297e+01
   1.1763247e+07   3.3081055e+01
   1.1763261e+07   3.3203125e+01
   1.1772425e+07   2.8991699e+01
   1.1781942e+07   2.9968262e+01
   1.1791562e+07   2.9602051e+01
   1.1800807e+07   2.8869629e+01
   1.1801511e+07   3.0883789e+01
   1.1811526e+07   4.5410156e+01
   1.1811973e+07   5.7800293e+01
   1.1812136e+07   2.9052734e+01
   1.1819537e+07   2.9357910e+01
   1.1819619e+07   6.1889648e+01
   1.1819801e+07   2.8503418e+01
   1.1819848e+07   2.9602051e+01
   1.1820144e+07   2.8198242e+01
   1.1820164e+07   2.8320313e+01
   1.1830073e+07   6.6284180e+01
   1.1839883e+07   6.0058594e+01
   1.1840017e+07   5.5541992e+01
   1.1859131e+07   3.0700684e+01
   1.1860020e+07   2.9052734e+01
   1.1867567e+07   2.8076172e+01
   1.1867816e+07   3.5827637e+01
   1.1868116e+07   2.8808594e+01
   1.1868340e+07   4.9621582e+01
   1.1868656e+07   2.8625488e+01
   1.1868731e+07   2.8198242e+01
   1.1879214e+07   2.8625488e+01
   1.1879306e+07   3.1982422e+01
   1.1888025e+07   2.7832031e+01
   1.1888185e+07   2.9907227e+01
   1.1888219e+07   2.9418945e+01
   1.1888255e+07   5.8776855e+01
   1.1888736e+07   6.1828613e+01
   1.1900319e+07   3.1982422e+01
   1.1900653e+07   2.8991699e+01
   1.1909998e+07   2.8747559e+01
   1.1910111e+07   5.2246094e+01
   1.1910133e+07   2.7893066e+01
   1.1931350e+07   3.0334473e+01
   1.1931381e+07   2.9113770e+01
   1.1931433e+07   2.8991699e+01
   1.1931558e+07   3.0456543e+01
   1.1932145e+07   3.0822754e+01
   1.1939552e+07   2.9052734e+01
   1.1940408e+07   2.8625488e+01
   1.1940512e+07   2.8442383e+01
   1.1940732e+07   2.8015137e+01
   1.1951890e+07   2.7832031e+01
   1.1952775e+07   2.8991699e+01
   1.1962146e+07   2.9846191e+01
   1.1969721e+07   3.4606934e+01
   1.1969742e+07   2.8991699e+01
   1.1970429e+07   6.2622070e+01
   1.1980564e+07   2.9724121e+01
   1.1980637e+07   2.9541016e+01
   1.1980907e+07   2.9418945e+01
   1.1981634e+07   6.1950684e+01
   1.1994167e+07   3.1555176e+01
   1.1994833e+07   3.0822754e+01
   1.1995231e+07   3.0883789e+01
