   1.1999000e+07   0.0000000e+00
   1.6395200e+05   4.0283203e+01
   1.6447400e+05   3.3874512e+01
   5.2979100e+05   4.7241211e+01
   5.3012400e+05   4.3640137e+01
   5.3028400e+05   4.1503906e+01
   5.5097200e+05   3.1311035e+01
   5.5237700e+05   3.9733887e+01
   6.7354000e+05   3.4973145e+01
   7.3060900e+05   4.2419434e+01
   1.0842800e+06   3.2531738e+01
   1.9436280e+06   4.8400879e+01
   1.9441650e+06   3.9001465e+01
   2.2945560e+06   3.1799316e+01
   2.4337500e+06   3.1555176e+01
   2.6264700e+06   4.3518066e+01
   3.1048960e+06   3.8146973e+01
   4.5529550e+06   3.2348633e+01
   4.6922190e+06   4.4494629e+01
   4.7546800e+06   2.9968262e+01
   5.0846960e+06   2.9846191e+01
   5.1100680e+06   2.9602051e+01
   5.1314200e+06   3.1555176e+01
   5.1416610e+06   3.8330078e+01
   5.2390080e+06   2.9357910e+01
   6.4093180e+06   2.9907227e+01
   6.5375220e+06   3.2409668e+01
   6.6523180e+06   3.0151367e+01
   6.6527000e+06   3.2348633e+01
   6.6956870e+06   3.3142090e+01
   6.6960350e+06   3.5949707e+01
   6.7101780e+06   3.0029297e+01
   6.7444220e+06   4.5043945e+01
   6.7446520e+06   3.1616211e+01
   6.7756110e+06   3.0029297e+01
   6.7756350e+06   3.5400391e+01
   6.7758010e+06   2.9296875e+01
   6.7902950e+06   3.5278320e+01
   6.8066770e+06   2.9541016e+01
   6.8067030e+06   4.2114258e+01
   6.8216860e+06   4.1870117e+01
   6.8219010e+06   3.2165527e+01
   6.8375140e+06   4.3640137e+01
   6.8376810e+06   3.1677246e+01
   6.8531860e+06   3.0334473e+01
   6.8532080e+06   4.4372559e+01
   6.8664200e+06   3.1188965e+01
   6.8664800e+06   3.0456543e+01
   6.8824680e+06   4.4555664e+01
   6.9004250e+06   2.9479980e+01
   6.9171480e+06   3.5949707e+01
   6.9173550e+06   3.1372070e+01
   6.9342350e+06   3.5217285e+01
   6.9348420e+06   2.9846191e+01
   6.9504860e+06   4.0649414e+01
   6.9656730e+06   3.5522461e+01
   6.9805330e+06   3.6193848e+01
   6.9810000e+06   3.8452148e+01
   7.8529840e+06   3.5705566e+01
   8.3304500e+06   3.4057617e+01
   8.5658100e+06   3.4118652e+01
   8.6159480e+06   3.4362793e+01
   8.6577150e+06   3.1677246e+01
   8.6681060e+06   4.0771484e+01
   8.6693120e+06   3.4790039e+01
   8.6911560e+06   3.8330078e+01
   8.8049150e+06   4.2358398e+01
   8.8065450e+06   3.4545898e+01
   8.8175870e+06   3.0944824e+01
   8.8860660e+06   3.6804199e+01
   8.9567410e+06   4.0100098e+01
   8.9800560e+06   3.4851074e+01
   9.0728190e+06   3.2165527e+01
   9.2721160e+06   2.9663086e+01
   9.4182170e+06   3.0883789e+01
   1.1448133e+07   2.9724121e+01
