   1.1999000e+07   0.0000000e+00
   3.1271000e+04   3.7780762e+01
   3.1298000e+04   3.8513184e+01
   3.1332000e+04   4.3151855e+01
   3.1347000e+04   3.4057617e+01
   3.1369000e+04   5.2551270e+01
   3.1408000e+04   4.0039062e+01
   3.1421000e+04   4.4433594e+01
   3.1453000e+04   5.5053711e+01
   3.1470000e+04   3.6010742e+01
   3.1494000e+04   4.3334961e+01
   3.1521000e+04   4.2724609e+01
   3.1544000e+04   3.6499023e+01
   3.1556000e+04   6.2744141e+01
   3.1582000e+04   3.9123535e+01
   3.1594000e+04   4.2907715e+01
   3.1610000e+04   3.9367676e+01
   3.1641000e+04   5.0659180e+01
   3.1677000e+04   4.3640137e+01
   3.1713000e+04   3.4423828e+01
   3.1792000e+04   5.2368164e+01
   3.1810000e+04   4.3945312e+01
   3.1886000e+04   4.1198730e+01
   3.1918000e+04   4.3151855e+01
   3.1965000e+04   3.3142090e+01
   3.2057000e+04   3.8696289e+01
   3.2091000e+04   3.6743164e+01
   3.2164000e+04   3.4973145e+01
   3.2406000e+04   3.7475586e+01
   3.2635000e+04   3.8452148e+01
   3.2792000e+04   3.3447266e+01
   3.2859000e+04   4.1198730e+01
   3.4261000e+04   3.8085938e+01
   1.1366900e+05   3.4484863e+01
   1.1371600e+05   4.0283203e+01
   1.1373100e+05   3.4362793e+01
   1.1378500e+05   6.0791016e+01
   1.1381000e+05   5.2062988e+01
   1.1382000e+05   3.7780762e+01
   1.1386200e+05   3.3935547e+01
   1.1388100e+05   4.1137695e+01
   1.1391300e+05   3.4179688e+01
   1.1394500e+05   4.3579102e+01
   1.1396000e+05   4.0527344e+01
   1.1401000e+05   3.6132813e+01
   1.1403900e+05   4.0222168e+01
   1.1416500e+05   3.4301758e+01
   1.1483000e+05   3.8208008e+01
   1.1486700e+05   3.3996582e+01
   1.4314400e+05   6.2011719e+01
   1.4316700e+05   4.0100098e+01
   1.4319100e+05   4.1564941e+01
   1.4321000e+05   3.8208008e+01
   1.4324300e+05   6.1828613e+01
   1.4326400e+05   3.5156250e+01
   1.4345800e+05   3.4118652e+01
   1.4432200e+05   3.6743164e+01
   1.4833200e+05   3.7719727e+01
   1.4840100e+05   4.3029785e+01
   1.6820900e+05   6.3171387e+01
   1.6826600e+05   3.5034180e+01
   1.6829800e+05   4.3334961e+01
   1.6832600e+05   4.1564941e+01
   1.6835000e+05   4.6325684e+01
   1.6837600e+05   3.8452148e+01
   1.6838900e+05   6.1218262e+01
   1.6842400e+05   6.8786621e+01
   1.6848100e+05   4.4372559e+01
   1.6849200e+05   4.2297363e+01
   1.6850500e+05   4.6936035e+01
   1.6854000e+05   3.4545898e+01
   1.6855200e+05   3.6499023e+01
   1.6860100e+05   3.4301758e+01
   1.6863300e+05   4.9499512e+01
   1.6864700e+05   3.4545898e+01
   1.6870500e+05   3.4729004e+01
   1.6872500e+05   3.9428711e+01
   1.6874600e+05   3.6560059e+01
   1.6878900e+05   4.3762207e+01
   1.6886300e+05   5.8532715e+01
   1.6890200e+05   3.3386230e+01
   1.6893200e+05   3.3813477e+01
   1.6902100e+05   3.3813477e+01
   1.6908700e+05   4.0832520e+01
   1.6928700e+05   3.3081055e+01
   1.6931000e+05   3.5766602e+01
   1.6934200e+05   3.3447266e+01
   1.6936600e+05   3.7109375e+01
   1.6944500e+05   3.6437988e+01
   1.6947100e+05   3.3203125e+01
   1.6958000e+05   3.5461426e+01
   1.7005900e+05   3.4179687e+01
   1.7040200e+05   3.5949707e+01
   1.7075100e+05   3.6743164e+01
   1.7109400e+05   3.9611816e+01
   2.0722300e+05   7.5683594e+01
   2.2596900e+05   4.7241211e+01
   2.2608000e+05   3.6499023e+01
   2.2617400e+05   4.9987793e+01
   2.2618400e+05   3.3447266e+01
   2.2620900e+05   3.3264160e+01
   2.2624700e+05   3.3691406e+01
   2.2626800e+05   6.4025879e+01
   2.2631700e+05   3.6499023e+01
   2.2633300e+05   3.3325195e+01
   2.2645600e+05   3.5095215e+01
   2.2701300e+05   3.7780762e+01
   2.5315000e+05   3.4545898e+01
   2.5316900e+05   3.7475586e+01
   2.5328200e+05   5.4199219e+01
   2.5334400e+05   3.4057617e+01
   2.5463900e+05   3.8879395e+01
   2.5697200e+05   4.2968750e+01
   2.5699000e+05   3.8757324e+01
   2.5702400e+05   4.0466309e+01
   2.5707400e+05   3.8513184e+01
   2.5709300e+05   3.8024902e+01
   2.5712400e+05   3.6193848e+01
   2.5718300e+05   4.1809082e+01
   2.5720200e+05   4.0100098e+01
   2.5723500e+05   3.7170410e+01
   2.5727000e+05   6.6040039e+01
   2.5728900e+05   3.7902832e+01
   2.5735400e+05   5.0903320e+01
   2.5742100e+05   5.2734375e+01
   2.5743800e+05   3.4729004e+01
   2.5752200e+05   3.4484863e+01
   2.5757500e+05   3.4484863e+01
   2.5762700e+05   4.2968750e+01
   2.5765300e+05   3.5766602e+01
   2.5767100e+05   3.8208008e+01
   2.5771300e+05   3.6682129e+01
   2.5775800e+05   3.5034180e+01
   2.5778400e+05   3.3081055e+01
   2.5789700e+05   4.4799805e+01
   2.5799500e+05   3.6254883e+01
   2.5838200e+05   3.5705566e+01
   2.5852300e+05   3.4362793e+01
   2.5870100e+05   3.3325195e+01
   2.5888000e+05   3.5888672e+01
   2.5904700e+05   4.4616699e+01
   2.5951700e+05   3.8146973e+01
   2.9173000e+05   3.3996582e+01
   2.9178000e+05   4.8095703e+01
   2.9182200e+05   3.3813477e+01
   2.9184800e+05   4.1687012e+01
   2.9187000e+05   5.8715820e+01
   2.9188900e+05   4.2785645e+01
   2.9195900e+05   3.5339355e+01
   2.9199400e+05   3.3264160e+01
   2.9203000e+05   3.5339355e+01
   2.9208000e+05   3.3935547e+01
   2.9211700e+05   3.3325195e+01
   2.9218400e+05   4.7424316e+01
   2.9224800e+05   3.7353516e+01
   2.9238400e+05   3.7963867e+01
   2.9246600e+05   3.7780762e+01
   2.9248700e+05   3.4118652e+01
   2.9252000e+05   3.4057617e+01
   2.9254600e+05   4.3884277e+01
   2.9263100e+05   4.5043945e+01
   2.9269100e+05   4.3151855e+01
   2.9274000e+05   3.8696289e+01
   2.9301000e+05   6.4575195e+01
   2.9357600e+05   3.4606934e+01
   3.2789900e+05   3.5034180e+01
   3.2790900e+05   4.2358398e+01
   3.2793900e+05   3.4667969e+01
   3.2796000e+05   3.7963867e+01
   3.2797500e+05   4.5288086e+01
   3.2801600e+05   5.4199219e+01
   3.2804200e+05   4.7668457e+01
   3.2807000e+05   3.9855957e+01
   3.2808200e+05   3.3630371e+01
   3.2809900e+05   4.8522949e+01
   3.2815000e+05   4.7729492e+01
   3.4856900e+05   4.0954590e+01
   3.4861000e+05   3.5583496e+01
   3.4863000e+05   3.7780762e+01
   3.4865200e+05   4.5959473e+01
   3.4866800e+05   3.6010742e+01
   3.4868900e+05   5.2917480e+01
   3.4870000e+05   4.0527344e+01
   3.4872800e+05   3.8879395e+01
   3.4877300e+05   3.3630371e+01
   3.4880100e+05   4.0954590e+01
   3.4884800e+05   3.9245605e+01
   3.4888200e+05   3.5034180e+01
   3.4891600e+05   3.7536621e+01
   3.4896000e+05   3.6071777e+01
   3.4902300e+05   3.5949707e+01
   3.7056400e+05   3.7536621e+01
   3.7069100e+05   3.8146973e+01
   3.7073500e+05   3.6987305e+01
   3.7077200e+05   4.3151855e+01
   3.7078300e+05   5.0292969e+01
   3.7081200e+05   3.4606934e+01
   3.7083400e+05   4.6020508e+01
   3.7087500e+05   3.9184570e+01
   3.7095200e+05   4.1503906e+01
   3.7098800e+05   5.7067871e+01
   3.7102000e+05   3.3081055e+01
   3.7104200e+05   5.6762695e+01
   3.7107700e+05   5.4321289e+01
   3.7109400e+05   3.7963867e+01
   3.7115200e+05   3.6682129e+01
   3.7119000e+05   5.0048828e+01
   3.7121800e+05   3.3264160e+01
   3.7126100e+05   3.3386230e+01
   3.7129100e+05   3.4423828e+01
   3.7133200e+05   3.9733887e+01
   3.7137900e+05   4.5776367e+01
   3.7146800e+05   4.9438477e+01
   3.7149000e+05   4.0283203e+01
   3.7158200e+05   5.1208496e+01
   3.7170300e+05   3.5827637e+01
   3.7173200e+05   3.6193848e+01
   3.7176200e+05   3.3264160e+01
   3.7187900e+05   4.6081543e+01
   3.7204900e+05   4.5959473e+01
   3.7221200e+05   3.9611816e+01
   3.7252000e+05   3.7292480e+01
   3.7328300e+05   4.5288086e+01
   3.7367300e+05   4.0405273e+01
   3.7423300e+05   4.1503906e+01
   4.0060800e+05   3.7231445e+01
   4.0066100e+05   4.3273926e+01
   4.0071000e+05   3.5827637e+01
   4.0077700e+05   3.3874512e+01
   4.0088000e+05   3.8330078e+01
   4.0113900e+05   4.9560547e+01
   4.1715000e+05   5.1940918e+01
   4.1724400e+05   4.0222168e+01
   4.1731300e+05   6.2866211e+01
   4.1734900e+05   4.3823242e+01
   4.1737600e+05   4.0710449e+01
   4.1743400e+05   4.6569824e+01
   4.1746300e+05   5.2124023e+01
   4.1751300e+05   4.3640137e+01
   4.1753000e+05   3.6987305e+01
   4.1759400e+05   3.9428711e+01
   4.1761900e+05   3.5949707e+01
   4.1764500e+05   4.1564941e+01
   4.1767700e+05   6.3537598e+01
   4.1771100e+05   3.3935547e+01
   4.1773400e+05   4.3334961e+01
   4.1778800e+05   5.3527832e+01
   4.1785000e+05   3.6376953e+01
   4.1786000e+05   4.1748047e+01
   4.1787900e+05   4.4860840e+01
   4.1792300e+05   3.5339355e+01
   4.1797800e+05   3.7597656e+01
   4.1802600e+05   3.6315918e+01
   4.1804600e+05   3.3386230e+01
   4.1815500e+05   5.2734375e+01
   4.1824700e+05   3.7292480e+01
   4.1848700e+05   3.3752441e+01
   4.1858700e+05   3.3203125e+01
   4.1878300e+05   3.5705566e+01
   4.1901200e+05   3.4179688e+01
   4.1903300e+05   3.5034180e+01
   4.1976900e+05   3.5522461e+01
   4.2075200e+05   3.4973145e+01
   4.5262200e+05   3.7780762e+01
   4.5263200e+05   3.3325195e+01
   4.5288400e+05   4.9804688e+01
   4.5303600e+05   4.2175293e+01
   4.5305600e+05   4.0100098e+01
   4.5308200e+05   3.7292480e+01
   4.5321400e+05   4.1564941e+01
   4.5339700e+05   4.0039063e+01
   4.5379200e+05   4.8156738e+01
   4.8278700e+05   3.8940430e+01
   4.8393900e+05   4.9865723e+01
   4.8396700e+05   3.5095215e+01
   4.8398200e+05   3.6132813e+01
   4.8400200e+05   4.2358398e+01
   4.8402100e+05   3.3386230e+01
   4.8406100e+05   3.8269043e+01
   4.8410800e+05   4.0466309e+01
   4.8423600e+05   3.3630371e+01
   4.8428400e+05   3.4240723e+01
   4.9009100e+05   3.3630371e+01
   5.0641400e+05   3.8879395e+01
   5.0646400e+05   6.6284180e+01
   5.0650000e+05   3.7658691e+01
   5.0652600e+05   4.1870117e+01
   5.0655100e+05   3.8574219e+01
   5.0658300e+05   3.5888672e+01
   5.0667100e+05   3.5095215e+01
   5.0683700e+05   3.3630371e+01
   5.0713300e+05   3.4729004e+01
   5.1402700e+05   4.4433594e+01
   5.1426300e+05   3.3874512e+01
   5.1767800e+05   4.9743652e+01
   5.1770300e+05   3.6071777e+01
   5.1771700e+05   5.4443359e+01
   5.1772900e+05   4.1137695e+01
   5.1781200e+05   3.3203125e+01
   5.1784100e+05   3.5339355e+01
   5.1795600e+05   4.6630859e+01
   5.1800600e+05   6.8115234e+01
   5.1804700e+05   3.6376953e+01
   5.1807800e+05   3.4118652e+01
   5.1810600e+05   6.4819336e+01
   5.1812000e+05   3.9428711e+01
   5.1814700e+05   3.5583496e+01
   5.1818000e+05   3.7048340e+01
   5.1820800e+05   4.7729492e+01
   5.1822000e+05   3.6254883e+01
   5.1831300e+05   3.3020020e+01
   5.1834600e+05   3.6254883e+01
   5.1841000e+05   3.4729004e+01
   5.1867300e+05   3.3264160e+01
   5.1872500e+05   3.7780762e+01
   5.1893200e+05   4.3090820e+01
   5.1904500e+05   3.3691406e+01
   5.1971700e+05   3.7048340e+01
   5.1977600e+05   3.6987305e+01
   5.2045800e+05   3.3020020e+01
   5.2068500e+05   3.4851074e+01
   5.2145400e+05   3.5034180e+01
   5.4195600e+05   3.3325195e+01
   5.4199500e+05   4.6447754e+01
   5.4204800e+05   4.5227051e+01
   5.4218500e+05   4.0283203e+01
   5.7448700e+05   3.9123535e+01
   5.7449700e+05   4.4067383e+01
   5.7453200e+05   5.9448242e+01
   5.7454900e+05   6.1096191e+01
   5.7457800e+05   3.6499023e+01
   5.7462500e+05   4.2663574e+01
   5.7464200e+05   3.4729004e+01
   5.7469600e+05   3.7597656e+01
   5.7475100e+05   3.8330078e+01
   5.7477300e+05   3.4484863e+01
   5.7483600e+05   3.8818359e+01
   5.9773700e+05   4.0344238e+01
   5.9774900e+05   4.0466309e+01
   5.9777800e+05   4.7424316e+01
   5.9779000e+05   3.6193848e+01
   5.9783600e+05   3.5827637e+01
   5.9789300e+05   3.4423828e+01
   5.9791500e+05   3.6499023e+01
   5.9798300e+05   3.9978027e+01
   6.2287500e+05   3.8940430e+01
   6.2288700e+05   5.5236816e+01
   6.2289700e+05   6.7565918e+01
   6.2291000e+05   4.5166016e+01
   6.2296700e+05   3.4179688e+01
   6.2298800e+05   3.3447266e+01
   6.2306700e+05   3.9367676e+01
   6.2310200e+05   3.3569336e+01
   6.2316500e+05   3.5949707e+01
   6.2391000e+05   3.7353516e+01
   6.2394900e+05   3.3691406e+01
   6.4797000e+05   3.4606934e+01
   6.4802500e+05   3.7841797e+01
   6.4806900e+05   4.7607422e+01
   6.4815900e+05   3.6560059e+01
   6.4826200e+05   3.3020020e+01
   6.4827700e+05   6.0546875e+01
   6.4938000e+05   3.3447266e+01
   6.4939000e+05   4.7912598e+01
   6.4946200e+05   4.1137695e+01
   6.4948200e+05   3.5217285e+01
   6.4956300e+05   3.3935547e+01
   6.4957900e+05   3.3874512e+01
   6.4959800e+05   4.0039063e+01
   6.4967400e+05   4.1015625e+01
   6.6584800e+05   4.6813965e+01
   6.6590700e+05   4.6630859e+01
   6.6593400e+05   3.4851074e+01
   6.6596100e+05   4.4616699e+01
   6.6613700e+05   4.6020508e+01
   6.6619900e+05   3.4667969e+01
   6.6622000e+05   3.5644531e+01
   6.6624100e+05   3.6865234e+01
   6.6639800e+05   3.3874512e+01
   6.6711200e+05   3.3935547e+01
   6.6713800e+05   3.3935547e+01
   6.6717500e+05   3.4973145e+01
   6.6724900e+05   3.9611816e+01
   6.6727900e+05   3.9001465e+01
   6.6731300e+05   3.8452148e+01
   6.6733600e+05   3.5766602e+01
   6.6734900e+05   3.3020020e+01
   6.6737900e+05   4.3334961e+01
   6.6741100e+05   3.7231445e+01
   6.6743600e+05   4.6142578e+01
   6.6754800e+05   5.2429199e+01
   6.6772500e+05   3.7902832e+01
   6.6792600e+05   4.5837402e+01
   6.6806700e+05   3.6071777e+01
   6.6810300e+05   5.1330566e+01
   6.6813000e+05   4.1503906e+01
   6.6819900e+05   4.0161133e+01
   6.6831500e+05   3.8085938e+01
   6.6849800e+05   3.5888672e+01
   6.6854100e+05   3.3203125e+01
   6.6866100e+05   3.8269043e+01
   6.6905700e+05   5.0720215e+01
   6.6946500e+05   4.4128418e+01
   7.1037400e+05   3.4118652e+01
   7.1040500e+05   3.6193848e+01
   7.1046300e+05   4.1198730e+01
   7.1301900e+05   4.1992188e+01
   7.1308900e+05   3.3935547e+01
   7.3274100e+05   3.6437988e+01
   7.3276500e+05   4.4616699e+01
   7.3281600e+05   3.7048340e+01
   7.3287100e+05   4.7424316e+01
   7.3288600e+05   3.3325195e+01
   7.3291200e+05   3.8269043e+01
   7.3296500e+05   4.2358398e+01
   7.3306500e+05   3.3020020e+01
   7.3308400e+05   3.4973145e+01
   7.3309800e+05   3.4912109e+01
   7.3314400e+05   3.3508301e+01
   7.3323100e+05   3.5522461e+01
   7.3328100e+05   3.8269043e+01
   7.4846800e+05   3.9611816e+01
   7.4849400e+05   3.6254883e+01
   7.4852400e+05   3.6010742e+01
   7.4856200e+05   3.3325195e+01
   7.4989700e+05   3.7292480e+01
   7.4993000e+05   5.3161621e+01
   7.4994200e+05   3.5156250e+01
   7.4998500e+05   4.1076660e+01
   7.5000700e+05   3.6865234e+01
   7.5002600e+05   5.7800293e+01
   7.5010800e+05   5.4382324e+01
   7.5013500e+05   3.8574219e+01
   7.5017300e+05   4.8889160e+01
   7.5020800e+05   3.7109375e+01
   7.5024100e+05   3.3447266e+01
   7.5028400e+05   5.7678223e+01
   7.5031000e+05   4.5654297e+01
   7.5036600e+05   4.3701172e+01
   7.5046700e+05   4.7180176e+01
   7.5052800e+05   3.7170410e+01
   7.5058300e+05   3.6926270e+01
   7.5062700e+05   3.3752441e+01
   7.5069700e+05   3.4912109e+01
   7.5106700e+05   4.0405273e+01
   7.5241300e+05   3.6376953e+01
   8.0774700e+05   3.5339355e+01
   8.0778800e+05   3.6804199e+01
   8.0781800e+05   3.7597656e+01
   8.0785500e+05   3.9062500e+01
   8.3255400e+05   3.3264160e+01
   8.3262800e+05   4.6997070e+01
   8.3265000e+05   3.5217285e+01
   8.3272500e+05   5.2612305e+01
   8.3275800e+05   3.4057617e+01
   8.3280500e+05   3.4423828e+01
   8.3285400e+05   4.5410156e+01
   8.3290600e+05   3.6010742e+01
   8.3343900e+05   3.4057617e+01
   8.3391800e+05   3.8940430e+01
   8.3395900e+05   5.8959961e+01
   8.3399200e+05   3.5705566e+01
   8.3403700e+05   3.3691406e+01
   8.3405300e+05   4.2480469e+01
   8.3409400e+05   3.5400391e+01
   8.3416000e+05   3.3264160e+01
   8.3418900e+05   4.0710449e+01
   8.3426200e+05   3.5461426e+01
   8.3429600e+05   3.7475586e+01
   8.3448400e+05   4.6813965e+01
   8.3451700e+05   4.0771484e+01
   8.3455900e+05   6.2561035e+01
   8.3458100e+05   3.4179688e+01
   8.3469100e+05   4.7607422e+01
   8.3540100e+05   3.9184570e+01
   8.5824100e+05   4.0466309e+01
   8.5831700e+05   3.5522461e+01
   8.7949700e+05   3.8635254e+01
   8.7954600e+05   4.1015625e+01
   8.7956700e+05   3.6682129e+01
   9.0175400e+05   3.6743164e+01
   9.0180600e+05   4.0039063e+01
   9.0190600e+05   3.3203125e+01
   9.0193700e+05   3.4240723e+01
   9.0201100e+05   5.4138184e+01
   9.0203600e+05   4.0283203e+01
   9.0227400e+05   3.4179688e+01
   9.3355400e+05   4.8522949e+01
   9.3357500e+05   3.6804199e+01
   9.3359200e+05   3.9672852e+01
   9.3365200e+05   5.5297852e+01
   9.3368300e+05   3.3020020e+01
   9.3370700e+05   4.7424316e+01
   9.3374600e+05   6.5612793e+01
   9.3376300e+05   4.0039063e+01
   9.3379800e+05   3.6254883e+01
   9.3382600e+05   3.9123535e+01
   9.3385400e+05   3.5400391e+01
   9.3401600e+05   6.5246582e+01
   9.3412100e+05   5.3588867e+01
   9.3413400e+05   4.3762207e+01
   9.3421800e+05   3.6743164e+01
   9.3430000e+05   3.3081055e+01
   9.3431900e+05   3.5888672e+01
   9.3433300e+05   3.5034180e+01
   9.3436100e+05   3.7109375e+01
   9.3449400e+05   3.8024902e+01
   9.3451400e+05   3.3630371e+01
   9.3466400e+05   3.4790039e+01
   9.3496700e+05   3.5705566e+01
   9.3509800e+05   3.5522461e+01
   9.8540200e+05   4.3212891e+01
   9.8553400e+05   3.3447266e+01
   1.0045890e+06   3.7231445e+01
   1.0062630e+06   3.6254883e+01
   1.0063510e+06   3.5522461e+01
   1.0095790e+06   3.7597656e+01
   1.0096070e+06   4.2846680e+01
   1.0109470e+06   5.6274414e+01
   1.0110550e+06   5.1818848e+01
   1.0110790e+06   4.5898438e+01
   1.0111080e+06   3.9367676e+01
   1.0111290e+06   3.3020020e+01
   1.0111430e+06   5.1086426e+01
   1.0112040e+06   3.6010742e+01
   1.0112620e+06   3.4912109e+01
   1.0495870e+06   3.7048340e+01
   1.0496950e+06   4.3457031e+01
   1.0497560e+06   4.6081543e+01
   1.0498150e+06   4.5166016e+01
   1.0499200e+06   3.5705566e+01
   1.0499380e+06   3.6010742e+01
   1.0499550e+06   3.4118652e+01
   1.0499810e+06   3.5583496e+01
   1.0500250e+06   4.3884277e+01
   1.0500420e+06   4.0466309e+01
   1.0500580e+06   4.3945313e+01
   1.0501260e+06   4.4433594e+01
   1.0504090e+06   3.7536621e+01
   1.0603900e+06   3.3691406e+01
   1.0604920e+06   4.1503906e+01
   1.0775960e+06   4.4738770e+01
   1.0776340e+06   3.5156250e+01
   1.0776580e+06   4.4433594e+01
   1.0776840e+06   3.4362793e+01
   1.0777280e+06   4.0649414e+01
   1.0778500e+06   3.5949707e+01
   1.0904900e+06   4.3701172e+01
   1.0905520e+06   4.0466309e+01
   1.0905710e+06   3.7841797e+01
   1.0906020e+06   4.5715332e+01
   1.0906180e+06   3.4667969e+01
   1.0907950e+06   3.7536621e+01
   1.0909020e+06   4.0893555e+01
   1.0909300e+06   3.3081055e+01
   1.1116280e+06   6.1950684e+01
   1.1116430e+06   4.2968750e+01
   1.1116750e+06   4.5837402e+01
   1.1117520e+06   3.4729004e+01
   1.1117670e+06   4.4555664e+01
   1.1117930e+06   3.9672852e+01
   1.1118200e+06   4.5959473e+01
   1.1118370e+06   4.3640137e+01
   1.1118560e+06   4.9926758e+01
   1.1118960e+06   3.5217285e+01
   1.1119550e+06   3.7902832e+01
   1.1120770e+06   3.3264160e+01
   1.1121570e+06   3.3447266e+01
   1.1121690e+06   7.2814941e+01
   1.1122370e+06   3.3874512e+01
   1.1122610e+06   4.9804688e+01
   1.1123490e+06   4.4494629e+01
   1.1123590e+06   3.8879395e+01
   1.1125990e+06   4.8461914e+01
   1.1127290e+06   3.6315918e+01
   1.1128250e+06   3.6743164e+01
   1.1130190e+06   5.1269531e+01
   1.1131860e+06   3.5400391e+01
   1.1136770e+06   4.1503906e+01
   1.1143500e+06   4.4189453e+01
   1.1147870e+06   4.0649414e+01
   1.1675580e+06   3.7719727e+01
   1.1704140e+06   3.8391113e+01
   1.1710410e+06   4.0893555e+01
   1.1710770e+06   4.1931152e+01
   1.1711070e+06   3.5461426e+01
   1.1711540e+06   3.6560059e+01
   1.1712190e+06   4.0222168e+01
   1.1712660e+06   4.0100098e+01
   1.1713440e+06   3.9123535e+01
   1.1715140e+06   4.2175293e+01
   1.1719140e+06   3.4973145e+01
   1.2027260e+06   7.6354980e+01
   1.2027950e+06   3.4973145e+01
   1.2028250e+06   3.8330078e+01
   1.2211130e+06   4.8522949e+01
   1.2212850e+06   3.6315918e+01
   1.2216330e+06   3.9306641e+01
   1.2398020e+06   3.4729004e+01
   1.2398120e+06   3.4057617e+01
   1.2398610e+06   3.6865234e+01
   1.2400230e+06   3.3569336e+01
   1.2400890e+06   3.3264160e+01
   1.2401140e+06   4.5593262e+01
   1.2401400e+06   3.8208008e+01
   1.2401970e+06   3.3447266e+01
   1.2402210e+06   3.4240723e+01
   1.2403570e+06   3.6499023e+01
   1.2468770e+06   3.8024902e+01
   1.2614730e+06   3.5095215e+01
   1.2615980e+06   4.0832520e+01
   1.2616140e+06   4.2541504e+01
   1.2616450e+06   4.3762207e+01
   1.2617000e+06   3.5705566e+01
   1.2617640e+06   3.6499023e+01
   1.2618000e+06   3.9672852e+01
   1.2618660e+06   3.4179688e+01
   1.2619050e+06   3.6621094e+01
   1.2619450e+06   3.8818359e+01
   1.2619910e+06   3.8818359e+01
   1.2620520e+06   5.3894043e+01
   1.2620710e+06   3.4362793e+01
   1.2620930e+06   3.4362793e+01
   1.2621030e+06   3.4484863e+01
   1.2621280e+06   3.5400391e+01
   1.2621490e+06   4.0100098e+01
   1.2622090e+06   4.9560547e+01
   1.2623600e+06   3.4362793e+01
   1.2625680e+06   3.5339355e+01
   1.2627140e+06   3.5888672e+01
   1.2628770e+06   3.8574219e+01
   1.2632650e+06   3.3203125e+01
   1.2634160e+06   3.7231445e+01
   1.2640470e+06   3.4912109e+01
   1.2652510e+06   3.3752441e+01
   1.2863830e+06   3.4912109e+01
   1.2865040e+06   5.3588867e+01
   1.2865890e+06   4.2846680e+01
   1.3127920e+06   3.5522461e+01
   1.3128130e+06   4.9316406e+01
   1.3129120e+06   3.3264160e+01
   1.3129480e+06   3.7170410e+01
   1.3302860e+06   3.4729004e+01
   1.3303280e+06   3.4423828e+01
   1.3303750e+06   3.9489746e+01
   1.3457030e+06   6.1706543e+01
   1.3458630e+06   5.7983398e+01
   1.3460420e+06   3.5156250e+01
   1.3464470e+06   4.0832520e+01
   1.3526830e+06   4.5104980e+01
   1.3527350e+06   4.0527344e+01
   1.3527550e+06   4.0222168e+01
   1.3527900e+06   4.0283203e+01
   1.3528000e+06   3.4240723e+01
   1.3528210e+06   3.4851074e+01
   1.3529200e+06   3.3508301e+01
   1.3539400e+06   4.5898438e+01
   1.3651820e+06   3.4973145e+01
   1.3652040e+06   3.7170410e+01
   1.3652180e+06   3.4301758e+01
   1.3652790e+06   3.9672852e+01
   1.3653040e+06   3.7414551e+01
   1.3653280e+06   4.3579102e+01
   1.3654120e+06   3.8635254e+01
   1.3654360e+06   3.3447266e+01
   1.3681390e+06   3.3447266e+01
   1.3682850e+06   3.5522461e+01
   1.3685980e+06   4.4006348e+01
   1.3943340e+06   4.3273926e+01
   1.3943450e+06   6.1523438e+01
   1.3943780e+06   5.4077148e+01
   1.3944270e+06   3.5766602e+01
   1.3944860e+06   3.6987305e+01
   1.3945030e+06   3.4790039e+01
   1.3945830e+06   4.0954590e+01
   1.3946880e+06   4.8522949e+01
   1.3947770e+06   3.3935547e+01
   1.3948670e+06   3.4057617e+01
   1.3951310e+06   4.9316406e+01
   1.3952040e+06   3.4301758e+01
   1.3952400e+06   3.7658691e+01
   1.3955030e+06   3.5949707e+01
   1.3955490e+06   3.7048340e+01
   1.3968960e+06   3.3081055e+01
   1.4486060e+06   3.3935547e+01
   1.4488560e+06   4.5837402e+01
   1.4513360e+06   3.8818359e+01
   1.4689820e+06   3.7475586e+01
   1.4698100e+06   4.5104980e+01
   1.4700290e+06   4.1931152e+01
   1.4708680e+06   3.6254883e+01
   1.4869560e+06   3.4851074e+01
   1.4869910e+06   4.8583984e+01
   1.4886480e+06   3.5217285e+01
   1.4886880e+06   3.3813477e+01
   1.4887160e+06   3.9489746e+01
   1.4887420e+06   3.4912109e+01
   1.4887620e+06   4.2236328e+01
   1.4887810e+06   3.6010742e+01
   1.4888370e+06   3.4362793e+01
   1.4889160e+06   3.3447266e+01
   1.4889560e+06   3.7292480e+01
   1.4894700e+06   4.3701172e+01
   1.4988400e+06   3.7536621e+01
   1.5177100e+06   3.5217285e+01
   1.5178530e+06   3.7658691e+01
   1.5179170e+06   3.7536621e+01
   1.5179830e+06   5.0720215e+01
   1.5205260e+06   3.7658691e+01
   1.5206760e+06   3.4484863e+01
   1.5445140e+06   3.5705566e+01
   1.5445580e+06   3.3325195e+01
   1.5445790e+06   3.6254883e+01
   1.5446070e+06   3.3935547e+01
   1.5446220e+06   3.4301758e+01
   1.5446420e+06   3.7475586e+01
   1.5449370e+06   3.6437988e+01
   1.5450350e+06   3.5400391e+01
   1.5451150e+06   3.7109375e+01
   1.5452570e+06   4.2358398e+01
   1.5452970e+06   3.5949707e+01
   1.5454130e+06   4.7729492e+01
   1.5455140e+06   3.7780762e+01
   1.5455860e+06   3.3996582e+01
   1.5456350e+06   3.9306641e+01
   1.5465140e+06   4.5227051e+01
   1.5776070e+06   3.3325195e+01
   1.5777810e+06   3.3508301e+01
   1.5779050e+06   3.6987305e+01
   1.5780210e+06   4.2358398e+01
   1.5780330e+06   3.8513184e+01
   1.5973220e+06   4.1625977e+01
   1.5973350e+06   7.2082520e+01
   1.5973710e+06   3.3874512e+01
   1.5973910e+06   4.4860840e+01
   1.5975520e+06   3.3325195e+01
   1.6028400e+06   4.3212891e+01
   1.6029850e+06   3.6560059e+01
   1.6246420e+06   4.1137695e+01
   1.6246620e+06   3.9794922e+01
   1.6246840e+06   4.7119141e+01
   1.6247070e+06   3.9367676e+01
   1.6247470e+06   3.5644531e+01
   1.6247670e+06   3.6987305e+01
   1.6248070e+06   3.3630371e+01
   1.6248350e+06   3.8330078e+01
   1.6250570e+06   3.8269043e+01
   1.6250860e+06   3.8940430e+01
   1.6256590e+06   3.9855957e+01
   1.6257840e+06   4.0527344e+01
   1.6259130e+06   3.6376953e+01
   1.6259500e+06   4.1992188e+01
   1.6260370e+06   4.1992188e+01
   1.6260600e+06   3.5522461e+01
   1.6262370e+06   4.6142578e+01
   1.6266760e+06   3.5095215e+01
   1.6614660e+06   4.2663574e+01
   1.6615070e+06   3.8574219e+01
   1.6615330e+06   3.3081055e+01
   1.6615770e+06   5.3833008e+01
   1.6616370e+06   3.4301758e+01
   1.6616530e+06   6.2866211e+01
   1.6617430e+06   6.8115234e+01
   1.6618020e+06   3.4362793e+01
   1.6618290e+06   3.5766602e+01
   1.6619260e+06   4.4372559e+01
   1.6620210e+06   3.6804199e+01
   1.6620460e+06   4.1564941e+01
   1.6626200e+06   4.1137695e+01
   1.7581790e+06   3.7963867e+01
   1.7582550e+06   4.4555664e+01
   1.7589460e+06   3.5888672e+01
   1.7590600e+06   3.5705566e+01
   1.7591160e+06   3.6437988e+01
   1.7591680e+06   3.8085938e+01
   1.7592150e+06   3.5034180e+01
   1.7850030e+06   3.4484863e+01
   1.7850840e+06   3.6437988e+01
   1.7851670e+06   3.6560059e+01
   1.7852060e+06   3.3752441e+01
   1.7853460e+06   3.3081055e+01
   1.7854840e+06   3.3874512e+01
   1.7867400e+06   3.7902832e+01
   1.8036520e+06   4.5043945e+01
   1.8037400e+06   3.9306641e+01
   1.8038330e+06   3.5400391e+01
   1.8039800e+06   3.3447266e+01
   1.8045070e+06   3.7536621e+01
   1.8331710e+06   3.8879395e+01
   1.8332180e+06   3.6193848e+01
   1.8333190e+06   3.3447266e+01
   1.8334170e+06   4.9438477e+01
   1.8335160e+06   4.5288086e+01
   1.8335360e+06   3.4179688e+01
   1.8336050e+06   3.6315918e+01
   1.8336250e+06   4.2053223e+01
   1.8336350e+06   4.5654297e+01
   1.8337400e+06   3.4851074e+01
   1.8337570e+06   3.3386230e+01
   1.8338020e+06   3.5217285e+01
   1.8338320e+06   3.7963867e+01
   1.8344140e+06   3.5705566e+01
   1.8344290e+06   3.3447266e+01
   1.8345490e+06   3.3447266e+01
   1.8364510e+06   3.4606934e+01
   1.9167090e+06   3.4484863e+01
   1.9167920e+06   3.6193848e+01
   1.9169030e+06   3.3447266e+01
   1.9177750e+06   4.3334961e+01
   1.9178580e+06   3.6254883e+01
   1.9178940e+06   3.3386230e+01
   1.9179810e+06   3.8635254e+01
   1.9448280e+06   3.8696289e+01
   1.9448380e+06   3.9611816e+01
   1.9448920e+06   3.9855957e+01
   1.9449380e+06   3.6071777e+01
   1.9449690e+06   3.6560059e+01
   1.9466860e+06   3.4057617e+01
   1.9693940e+06   4.9926758e+01
   1.9695030e+06   3.5583496e+01
   1.9695310e+06   4.0527344e+01
   1.9695490e+06   3.9794922e+01
   1.9695740e+06   3.3447266e+01
   1.9697120e+06   3.4729004e+01
   1.9851750e+06   3.4729004e+01
   1.9852550e+06   3.9062500e+01
   1.9852820e+06   3.3874512e+01
   1.9852960e+06   3.6376953e+01
   1.9853350e+06   3.8635254e+01
   1.9853630e+06   3.6010742e+01
   1.9854090e+06   5.6335449e+01
   1.9854430e+06   3.3752441e+01
   1.9856480e+06   3.3996582e+01
   1.9857090e+06   6.1706543e+01
   1.9858980e+06   4.2175293e+01
   1.9864460e+06   3.3020020e+01
   1.9867270e+06   3.6560059e+01
   1.9872270e+06   4.0832520e+01
   1.9875090e+06   3.9428711e+01
   2.0212690e+06   4.4494629e+01
   2.0228230e+06   3.6315918e+01
   2.0228510e+06   3.4484863e+01
   2.0229220e+06   4.1809082e+01
   2.0432170e+06   4.1015625e+01
   2.0433840e+06   3.7719727e+01
   2.0434810e+06   4.0527344e+01
   2.0436580e+06   3.3630371e+01
   2.0448220e+06   3.9245605e+01
   2.0449940e+06   3.5827637e+01
   2.0450440e+06   3.7719727e+01
   2.0450580e+06   4.2480469e+01
   2.0635300e+06   3.9672852e+01
   2.0799810e+06   4.2297363e+01
   2.0800350e+06   3.4973145e+01
   2.0800530e+06   3.5278320e+01
   2.0800840e+06   3.9978027e+01
   2.0801520e+06   5.3222656e+01
   2.0803440e+06   3.4301758e+01
   2.0803710e+06   3.4301758e+01
   2.0808010e+06   3.5034180e+01
   2.0812320e+06   3.6621094e+01
   2.1016250e+06   3.5583496e+01
   2.1016830e+06   4.2724609e+01
   2.1019130e+06   3.7597656e+01
   2.1027200e+06   6.0852051e+01
   2.1027540e+06   3.4301758e+01
   2.1028240e+06   3.8757324e+01
   2.1028510e+06   3.3386230e+01
   2.1029600e+06   4.5837402e+01
   2.1031070e+06   3.6376953e+01
   2.1281810e+06   4.8034668e+01
   2.1282410e+06   4.4067383e+01
   2.1493150e+06   3.3996582e+01
   2.1493260e+06   3.7963867e+01
   2.1493620e+06   3.9184570e+01
   2.1493750e+06   4.0527344e+01
   2.1494870e+06   3.3874512e+01
   2.1495040e+06   5.1330566e+01
   2.1495810e+06   3.9855957e+01
   2.1496070e+06   3.3569336e+01
   2.1496490e+06   3.8269043e+01
   2.1497720e+06   3.3508301e+01
   2.2081180e+06   4.0893555e+01
   2.2082100e+06   3.3691406e+01
   2.2082690e+06   3.3325195e+01
   2.2249300e+06   3.6804199e+01
   2.2402780e+06   4.0710449e+01
   2.2486740e+06   3.3630371e+01
   2.2486880e+06   5.9204102e+01
   2.2487310e+06   3.3935547e+01
   2.2592360e+06   3.4118652e+01
   2.2593750e+06   3.6560059e+01
   2.2846820e+06   3.4057617e+01
   2.2848420e+06   4.1015625e+01
   2.2854840e+06   3.3203125e+01
   2.3113040e+06   4.4616699e+01
   2.3114940e+06   3.9611816e+01
   2.3126630e+06   3.9062500e+01
   2.3126770e+06   3.3691406e+01
   2.3127850e+06   6.0607910e+01
   2.3128870e+06   3.9794922e+01
   2.3133160e+06   3.5644531e+01
   2.3686990e+06   3.3081055e+01
   2.3936130e+06   4.5715332e+01
   2.3937320e+06   3.8085937e+01
   2.3938020e+06   3.4057617e+01
   2.3938620e+06   3.5034180e+01
   2.3939450e+06   3.3142090e+01
   2.3941110e+06   5.1757813e+01
   2.3942490e+06   3.8269043e+01
   2.3944760e+06   4.5288086e+01
   2.3948590e+06   3.3142090e+01
   2.3949350e+06   3.8330078e+01
   2.3960400e+06   3.5400391e+01
   2.4317590e+06   3.4301758e+01
   2.4318410e+06   3.5339355e+01
   2.4319150e+06   3.3203125e+01
   2.4330660e+06   5.2856445e+01
   2.4744930e+06   3.8085938e+01
   2.4745870e+06   3.8024902e+01
   2.4746020e+06   3.6865234e+01
   2.4746280e+06   3.3081055e+01
   2.4746940e+06   3.4790039e+01
   2.4747750e+06   3.3996582e+01
   2.4748850e+06   3.4973145e+01
   2.4953540e+06   3.5705566e+01
   2.4953810e+06   3.7841797e+01
   2.4954200e+06   3.9123535e+01
   2.4954830e+06   3.6865234e+01
   2.4955070e+06   3.5095215e+01
   2.4956090e+06   4.1137695e+01
   2.4956440e+06   3.3935547e+01
   2.4957070e+06   3.4057617e+01
   2.5361440e+06   4.5227051e+01
   2.5363680e+06   3.8879395e+01
   2.5392730e+06   3.4545898e+01
   2.5392960e+06   3.7109375e+01
   2.5393720e+06   3.4851074e+01
   2.5394530e+06   3.6010742e+01
   2.5394660e+06   3.8146973e+01
   2.5395660e+06   3.6010742e+01
   2.5644540e+06   3.6010742e+01
   2.5645190e+06   3.8940430e+01
   2.5646620e+06   4.6142578e+01
   2.5646780e+06   3.9733887e+01
   2.5647050e+06   4.1687012e+01
   2.5899150e+06   3.7170410e+01
   2.6152840e+06   4.1870117e+01
   2.6154510e+06   3.7902832e+01
   2.6155820e+06   5.3344727e+01
   2.6400610e+06   3.4729004e+01
   2.6402010e+06   3.7841797e+01
   2.6644630e+06   3.4851074e+01
   2.6857930e+06   3.6315918e+01
   2.6858580e+06   5.1513672e+01
   2.6859440e+06   3.6437988e+01
   2.6859840e+06   3.9489746e+01
   2.6860400e+06   3.4729004e+01
   2.6860610e+06   3.9794922e+01
   2.7724880e+06   3.3325195e+01
   2.7725670e+06   3.5949707e+01
   2.7726050e+06   3.7536621e+01
   2.7726230e+06   3.8452148e+01
   2.7727240e+06   3.4057617e+01
   2.7732110e+06   3.5217285e+01
   2.7975080e+06   3.3691406e+01
   2.7976260e+06   3.5583496e+01
   2.7976750e+06   5.7373047e+01
   2.7989960e+06   5.0537109e+01
   2.8320890e+06   3.4423828e+01
   2.8321390e+06   4.1809082e+01
   2.8327540e+06   3.5583496e+01
   2.8328270e+06   3.5339355e+01
   2.8861390e+06   3.5339355e+01
   2.9274110e+06   4.2358398e+01
   2.9275030e+06   3.6804199e+01
   2.9462630e+06   3.6132813e+01
   2.9480520e+06   3.4973145e+01
   2.9739320e+06   3.9428711e+01
   2.9855760e+06   5.1147461e+01
   3.0315990e+06   3.6071777e+01
   3.0553390e+06   3.6254883e+01
   3.0554850e+06   3.3630371e+01
   3.0853280e+06   3.4667969e+01
   3.1124340e+06   4.5959473e+01
   3.1311230e+06   4.4555664e+01
   3.1570800e+06   4.1381836e+01
   3.2117190e+06   3.3142090e+01
   3.2117750e+06   4.5288086e+01
   3.2119370e+06   3.5278320e+01
   3.2686740e+06   3.4301758e+01
   3.2687130e+06   3.3142090e+01
   3.2688550e+06   4.7302246e+01
   3.2995380e+06   3.3569336e+01
   3.2997340e+06   3.9489746e+01
   3.2998060e+06   3.3996582e+01
   3.3523050e+06   3.6621094e+01
   3.3745550e+06   3.4790039e+01
   3.3746770e+06   3.4851074e+01
   3.3886770e+06   3.8757324e+01
   3.4271480e+06   3.3935547e+01
   3.4520470e+06   3.4484863e+01
   3.4541650e+06   4.2907715e+01
   3.5498240e+06   3.5827637e+01
   3.5535280e+06   3.4301758e+01
   3.6041010e+06   3.3020020e+01
   3.6634010e+06   3.8757324e+01
   3.6649050e+06   3.9428711e+01
   3.6940160e+06   3.8818359e+01
   3.6951550e+06   3.3447266e+01
   3.7110740e+06   3.7658691e+01
   3.7579270e+06   3.3874512e+01
   3.7600320e+06   3.3508301e+01
   3.7978840e+06   3.8085938e+01
   3.8615570e+06   3.4790039e+01
   3.8960680e+06   3.3325195e+01
   3.9369040e+06   3.5156250e+01
   4.1180190e+06   3.4790039e+01
   4.5828790e+06   3.6437988e+01
   4.8647670e+06   3.6987305e+01
   5.4205600e+06   3.3691406e+01
   1.0311075e+07   4.0161133e+01
   1.0311100e+07   3.4667969e+01
