   1.1999000e+07   0.0000000e+00
   3.1414000e+04   4.5959473e+01
   3.1971000e+04   4.5043945e+01
   1.1372300e+05   4.9499512e+01
   2.0722300e+05   8.5449219e+01
   2.5312300e+05   4.4128418e+01
   2.9183800e+05   4.7668457e+01
   2.9187900e+05   4.6325684e+01
   2.9258100e+05   4.9865723e+01
   2.9268000e+05   4.4799805e+01
   3.7103300e+05   4.9865723e+01
   4.1735900e+05   4.4128418e+01
   4.1744600e+05   4.8522949e+01
   5.1796700e+05   4.4433594e+01
   5.7453300e+05   5.0476074e+01
   5.9791500e+05   4.5715332e+01
   6.2289200e+05   4.4067383e+01
   7.3288100e+05   5.0842285e+01
   8.5827100e+05   4.4677734e+01
   9.3360300e+05   5.5236816e+01
   9.3363200e+05   4.5532227e+01
   9.3375100e+05   4.8217773e+01
   9.3390200e+05   4.4738770e+01
   9.3393300e+05   4.6997070e+01
   1.1120300e+06   4.4738770e+01
   1.1648490e+06   6.2438965e+01
   1.3527790e+06   5.1452637e+01
   1.3652920e+06   5.3527832e+01
   1.3945350e+06   4.5410156e+01
   1.3946320e+06   4.6813965e+01
   1.5453600e+06   4.5471191e+01
   1.6245850e+06   4.4921875e+01
   1.6247390e+06   4.4494629e+01
   1.6615010e+06   4.5593262e+01
   1.6617190e+06   5.0231934e+01
   1.6617850e+06   5.2612305e+01
   1.6618080e+06   5.2978516e+01
   1.7851240e+06   4.4067383e+01
   1.8038090e+06   4.5715332e+01
   1.9167730e+06   4.4616699e+01
   1.9695990e+06   5.5358887e+01
   2.1029130e+06   4.5288086e+01
   2.2608760e+06   4.4799805e+01
   2.3115910e+06   5.7434082e+01
   2.3127370e+06   4.7729492e+01
   2.3684600e+06   4.4433594e+01
   2.3940630e+06   4.6203613e+01
   2.3941930e+06   4.7058105e+01
   2.4318570e+06   5.2185059e+01
   2.4953590e+06   4.4372559e+01
   2.4953810e+06   5.0476074e+01
   2.4955910e+06   5.4626465e+01
   2.4956250e+06   4.5227051e+01
   2.5897640e+06   5.2062988e+01
   2.6152200e+06   4.9560547e+01
   2.6862180e+06   4.4372559e+01
   2.6863700e+06   5.1635742e+01
   2.7726620e+06   4.9926758e+01
   2.8318080e+06   4.8217773e+01
   2.8320550e+06   4.4067383e+01
   2.9464170e+06   4.6447754e+01
   2.9464300e+06   4.4128418e+01
   2.9740180e+06   4.7241211e+01
   2.9857340e+06   4.4494629e+01
   3.0555120e+06   5.0415039e+01
   3.1314770e+06   4.3884277e+01
   3.1570380e+06   5.5114746e+01
   3.2119260e+06   4.5349121e+01
   3.2129250e+06   4.4189453e+01
   3.2999620e+06   4.8645020e+01
   3.3886130e+06   4.6875000e+01
   3.4253540e+06   4.8767090e+01
   3.4273070e+06   4.5837402e+01
   3.4519150e+06   4.3884277e+01
   3.4541780e+06   4.6875000e+01
   3.4544130e+06   4.8522949e+01
   3.4547130e+06   4.6630859e+01
   3.5257830e+06   4.6447754e+01
   3.6041420e+06   4.9682617e+01
   3.6043410e+06   5.3527832e+01
   3.7108660e+06   4.5104980e+01
   3.7578330e+06   4.7119141e+01
   3.7980330e+06   4.4555664e+01
   3.8237030e+06   4.5349121e+01
   3.8238460e+06   5.3833008e+01
   3.8594370e+06   4.8645020e+01
   3.8616410e+06   4.5104980e+01
   3.8618540e+06   4.4860840e+01
   3.8962010e+06   4.5654297e+01
   4.0173940e+06   4.5959473e+01
   4.1180310e+06   6.8237305e+01
   4.1180690e+06   4.8645020e+01
   4.1182920e+06   4.4433594e+01
   4.3133660e+06   5.8349609e+01
   4.3135090e+06   5.0659180e+01
   4.3135440e+06   5.0415039e+01
   4.3138790e+06   5.0720215e+01
   4.3748930e+06   4.8522949e+01
   4.3913240e+06   5.1635742e+01
   4.3914210e+06   4.6325684e+01
   4.3915330e+06   4.9316406e+01
   4.3916070e+06   4.9011230e+01
   4.4044720e+06   5.1940918e+01
   4.4440720e+06   4.7485352e+01
   4.4441390e+06   4.6936035e+01
   4.4441890e+06   4.4738770e+01
   4.4449710e+06   4.6325684e+01
   4.6219950e+06   4.8522949e+01
   4.6220310e+06   4.3884277e+01
   4.6221140e+06   4.6997070e+01
   4.8070570e+06   4.8950195e+01
   4.8071050e+06   5.4565430e+01
   4.8072300e+06   5.3100586e+01
   4.8072960e+06   4.5654297e+01
   4.8075040e+06   4.9438477e+01
   4.8887830e+06   4.8217773e+01
   4.8933050e+06   6.8481445e+01
   4.8933590e+06   6.0913086e+01
   4.9428210e+06   5.6274414e+01
   4.9429100e+06   4.5471191e+01
   4.9429440e+06   4.8522949e+01
   4.9431430e+06   5.0781250e+01
   4.9725810e+06   4.8583984e+01
   4.9726820e+06   4.6142578e+01
   5.0215490e+06   4.5471191e+01
   5.0215920e+06   5.1452637e+01
   5.0878270e+06   4.4372559e+01
   5.1378590e+06   5.0048828e+01
   5.1378780e+06   4.6325684e+01
   5.1379320e+06   4.6691895e+01
   5.2242290e+06   4.6936035e+01
   5.2242980e+06   4.4433594e+01
   5.3159340e+06   4.8645020e+01
   5.3159530e+06   4.9255371e+01
   5.3160960e+06   4.8278809e+01
   5.3673030e+06   4.3945313e+01
   5.3674810e+06   5.0048828e+01
   5.3958510e+06   4.6203613e+01
   5.3958860e+06   4.6508789e+01
   5.4206130e+06   4.4677734e+01
   5.4206770e+06   4.6203613e+01
   5.4682880e+06   4.7180176e+01
   5.4684200e+06   4.7729492e+01
   5.5125370e+06   4.6508789e+01
   5.5507110e+06   4.5837402e+01
   5.5831640e+06   4.4067383e+01
   5.5832040e+06   4.3884277e+01
   5.5832480e+06   4.5227051e+01
   5.7979540e+06   5.2673340e+01
   5.8619090e+06   4.7973633e+01
   5.8715380e+06   4.5837402e+01
   5.9227480e+06   4.4372559e+01
   6.0628950e+06   4.4799805e+01
   6.0740960e+06   4.9621582e+01
   6.0947700e+06   4.6997070e+01
   6.1122540e+06   4.4982910e+01
   6.2108620e+06   4.5471191e+01
   6.2110650e+06   5.2551270e+01
   6.2112020e+06   4.7546387e+01
   6.3662140e+06   4.4616699e+01
   6.3662620e+06   4.5349121e+01
   6.4079880e+06   4.4494629e+01
   6.4625770e+06   4.6447754e+01
   6.5376050e+06   4.5104980e+01
   6.6085270e+06   5.0292969e+01
   6.6088200e+06   4.4860840e+01
   6.6763210e+06   4.6997070e+01
   6.7348930e+06   4.4921875e+01
   6.7350230e+06   4.5043945e+01
   6.9125220e+06   4.3945313e+01
   6.9128530e+06   4.6203613e+01
   7.0663420e+06   4.5837402e+01
   7.0666030e+06   4.5898438e+01
   7.0667110e+06   4.6813965e+01
   7.2077360e+06   5.9204102e+01
   7.2077670e+06   5.0537109e+01
   7.2079570e+06   4.9072266e+01
   7.3356460e+06   4.6936035e+01
   7.3851020e+06   4.9377441e+01
   7.3853570e+06   4.5898438e+01
   7.3853990e+06   4.4677734e+01
   7.4697520e+06   5.0048828e+01
   7.5360780e+06   4.5837402e+01
   7.5907690e+06   4.4250488e+01
   7.6638870e+06   5.0170898e+01
   7.6639140e+06   5.0903320e+01
   7.6639570e+06   4.4189453e+01
   7.6640510e+06   5.1452637e+01
   7.6936250e+06   4.5288086e+01
   7.7322090e+06   4.4494629e+01
   7.7733850e+06   4.7119141e+01
   7.7735080e+06   4.6203613e+01
   7.7735820e+06   4.6752930e+01
   7.7738070e+06   4.4494629e+01
   7.8378290e+06   4.6325684e+01
   7.9151640e+06   4.6081543e+01
   7.9152950e+06   5.0170898e+01
   7.9548580e+06   4.4250488e+01
   7.9549840e+06   4.5471191e+01
   8.0073300e+06   4.7119141e+01
   8.0076570e+06   4.4006348e+01
   8.0381970e+06   4.5593262e+01
   8.0382330e+06   4.7058105e+01
   8.0941640e+06   4.7729492e+01
   8.1140070e+06   4.4372559e+01
   8.1350790e+06   4.9377441e+01
   8.1351260e+06   5.2062988e+01
   8.1379870e+06   5.0781250e+01
   8.2300740e+06   4.5043945e+01
   8.2301430e+06   5.1818848e+01
   8.3653110e+06   4.6875000e+01
   8.3654660e+06   4.4433594e+01
   8.4625930e+06   4.8706055e+01
   8.4869170e+06   4.4860840e+01
   8.4869430e+06   4.4006348e+01
   8.4870250e+06   4.5227051e+01
   8.5804700e+06   5.0170898e+01
   8.6590530e+06   4.5349121e+01
   8.7670760e+06   4.6447754e+01
   8.7677660e+06   4.7729492e+01
   8.8247340e+06   4.5593262e+01
   8.8248310e+06   4.5898438e+01
   8.8538160e+06   4.4311523e+01
   8.8636280e+06   4.4128418e+01
   8.9195390e+06   4.8522949e+01
   8.9585410e+06   5.2185059e+01
   9.1174220e+06   4.9560547e+01
   9.1174450e+06   4.6447754e+01
   9.2183020e+06   4.6325684e+01
   9.2906660e+06   5.8044434e+01
   9.3424480e+06   5.1269531e+01
   9.3424820e+06   4.5715332e+01
   9.3426580e+06   5.3649902e+01
   9.3428400e+06   5.2185059e+01
   9.6170190e+06   4.8095703e+01
   9.6416070e+06   5.0231934e+01
   9.6417080e+06   4.3945313e+01
   9.6418550e+06   4.5837402e+01
   9.8075090e+06   4.6264648e+01
   9.8321110e+06   4.8645020e+01
   9.9685030e+06   4.4311523e+01
   1.0127308e+07   4.6813965e+01
   1.0127424e+07   4.7851563e+01
   1.0127592e+07   5.7861328e+01
   1.0127680e+07   4.6997070e+01
   1.0127765e+07   4.6081543e+01
   1.0162538e+07   4.6203613e+01
   1.0332405e+07   4.5776367e+01
   1.0373032e+07   4.8400879e+01
   1.0373061e+07   5.0964355e+01
   1.0388816e+07   5.3161621e+01
   1.0501581e+07   4.5593262e+01
   1.0568702e+07   5.3833008e+01
   1.0568748e+07   4.9011230e+01
   1.0653245e+07   4.4738770e+01
   1.0748121e+07   4.5471191e+01
   1.0819719e+07   5.0231934e+01
   1.0819759e+07   4.8400879e+01
   1.0819794e+07   5.7067871e+01
   1.0819825e+07   4.5776367e+01
   1.0819839e+07   4.7180176e+01
   1.0819893e+07   4.9682617e+01
   1.0863181e+07   4.7729492e+01
   1.0881079e+07   4.7119141e+01
   1.0915508e+07   4.6386719e+01
   1.0915590e+07   5.3039551e+01
   1.0915715e+07   4.4128418e+01
   1.0915872e+07   4.5349121e+01
   1.0915900e+07   5.3771973e+01
   1.1037762e+07   4.4982910e+01
   1.1056813e+07   4.9621582e+01
   1.1056953e+07   4.5654297e+01
   1.1078653e+07   5.0781250e+01
   1.1078760e+07   4.4860840e+01
   1.1425929e+07   4.3884277e+01
   1.1527201e+07   4.8034668e+01
   1.1527420e+07   4.7729492e+01
   1.1527447e+07   4.4738770e+01
   1.1608078e+07   4.4921875e+01
   1.1652625e+07   5.0720215e+01
   1.1712796e+07   4.4616699e+01
   1.1712926e+07   4.4616699e+01
   1.1713409e+07   4.4433594e+01
   1.1778112e+07   4.6203613e+01
   1.1820547e+07   4.6813965e+01
   1.1820610e+07   4.3945313e+01
   1.1872768e+07   4.8339844e+01
   1.1975065e+07   4.9560547e+01
