   1.1999000e+07   0.0000000e+00
   6.5240000e+03   4.4006348e+01
   6.5470000e+03   5.3466797e+01
   6.5710000e+03   5.1757813e+01
   6.5860000e+03   6.0668945e+01
   2.3067000e+04   6.1523438e+01
   2.3098000e+04   5.9020996e+01
   2.3129000e+04   4.5532227e+01
   2.3144000e+04   5.3588867e+01
   2.3163000e+04   5.3527832e+01
   2.3182000e+04   7.6416016e+01
   2.3194000e+04   5.5725098e+01
   2.3207000e+04   5.5603027e+01
   2.3230000e+04   4.3518066e+01
   2.3259000e+04   6.0974121e+01
   2.3316000e+04   6.0791016e+01
   2.3327000e+04   4.7607422e+01
   2.3341000e+04   4.3579102e+01
   2.3363000e+04   5.1330566e+01
   2.3398000e+04   5.2185059e+01
   2.3408000e+04   4.8522949e+01
   2.3430000e+04   5.7922363e+01
   2.3440000e+04   4.7363281e+01
   2.3476000e+04   4.4189453e+01
   2.3495000e+04   4.2663574e+01
   2.3532000e+04   5.1940918e+01
   2.3563000e+04   5.0109863e+01
   2.3836000e+04   4.9316406e+01
   2.4119000e+04   5.0354004e+01
   2.4156000e+04   5.2856445e+01
   2.4616000e+04   4.6691895e+01
   8.1070000e+04   4.1503906e+01
   1.2061200e+05   4.6325684e+01
   1.3274700e+05   4.4555664e+01
   1.4322100e+05   4.4250488e+01
   1.4587000e+05   4.8278809e+01
   1.6478200e+05   4.6630859e+01
   1.6480000e+05   5.7556152e+01
   1.6493400e+05   4.1320801e+01
   1.6496300e+05   4.1748047e+01
   1.8656500e+05   4.5471191e+01
   1.8657600e+05   5.1269531e+01
   1.8660600e+05   5.1452637e+01
   1.8670900e+05   4.8400879e+01
   2.0509400e+05   4.7851563e+01
   2.0522300e+05   5.1696777e+01
   2.0527800e+05   4.3029785e+01
   2.0535700e+05   5.0109863e+01
   2.0537800e+05   4.1320801e+01
   2.0539900e+05   4.6691895e+01
   2.2552400e+05   4.3273926e+01
   2.2555600e+05   4.5349121e+01
   2.2557800e+05   1.0028076e+02
   2.2559800e+05   7.1411133e+01
   2.2561900e+05   5.3100586e+01
   2.2563800e+05   6.4941406e+01
   2.2565400e+05   4.2541504e+01
   2.2566900e+05   6.4514160e+01
   2.2568600e+05   4.4311523e+01
   2.2570500e+05   5.0842285e+01
   2.2571600e+05   4.6447754e+01
   2.2573400e+05   6.3537598e+01
   2.2576400e+05   5.1147461e+01
   2.2581000e+05   5.0903320e+01
   2.2584500e+05   6.4208984e+01
   2.2586800e+05   5.8532715e+01
   2.2589500e+05   4.8156738e+01
   2.2590900e+05   5.2978516e+01
   2.2592000e+05   5.3710937e+01
   2.2597800e+05   4.5959473e+01
   2.2605000e+05   4.2175293e+01
   2.2607100e+05   6.2988281e+01
   2.2610700e+05   4.1503906e+01
   2.2633300e+05   4.6813965e+01
   2.2644300e+05   4.4799805e+01
   2.2657000e+05   4.3457031e+01
   2.2674200e+05   4.2907715e+01
   2.2676500e+05   4.5410156e+01
   2.2690700e+05   4.1198730e+01
   2.2734800e+05   4.4433594e+01
   2.5421800e+05   4.4311523e+01
   2.8675900e+05   4.1198730e+01
   2.8843600e+05   4.6569824e+01
   2.9652700e+05   4.2663574e+01
   3.3168900e+05   5.3405762e+01
   3.3171000e+05   5.1574707e+01
   3.3174300e+05   4.2724609e+01
   3.3175300e+05   4.1992187e+01
   3.3176700e+05   5.1452637e+01
   3.3179500e+05   5.8349609e+01
   3.3181600e+05   4.9804687e+01
   3.3185900e+05   6.9641113e+01
   3.3187300e+05   6.2561035e+01
   3.3188700e+05   4.7302246e+01
   3.3191200e+05   5.7922363e+01
   3.3192500e+05   6.0791016e+01
   3.3195000e+05   4.1564941e+01
   3.3196700e+05   4.9316406e+01
   3.3198600e+05   4.1870117e+01
   3.3204500e+05   4.3090820e+01
   3.3207000e+05   5.1391602e+01
   3.3216000e+05   4.3151855e+01
   3.3229700e+05   4.1992188e+01
   3.3235000e+05   4.8156738e+01
   3.3238200e+05   5.3771973e+01
   3.3262400e+05   4.6325684e+01
   3.3264200e+05   4.5104980e+01
   3.3280100e+05   4.1809082e+01
   3.3285300e+05   4.8034668e+01
   3.3298100e+05   4.2236328e+01
   3.5303600e+05   4.3212891e+01
   3.8917500e+05   4.2358398e+01
   4.1017600e+05   5.7373047e+01
   4.1022400e+05   4.8706055e+01
   4.1024100e+05   6.6650391e+01
   4.1027000e+05   5.7128906e+01
   4.1031100e+05   5.2917480e+01
   4.1045000e+05   4.1198730e+01
   4.1048500e+05   5.1147461e+01
   4.1051700e+05   4.4372559e+01
   4.1075400e+05   4.6081543e+01
   4.7328600e+05   4.1381836e+01
   4.9115700e+05   4.4555664e+01
   4.9116800e+05   5.2185059e+01
   4.9120800e+05   7.1777344e+01
   4.9127000e+05   4.2602539e+01
   4.9129800e+05   5.8471680e+01
   4.9131100e+05   4.2724609e+01
   4.9135900e+05   4.4860840e+01
   4.9174500e+05   4.7058105e+01
   5.2096400e+05   8.0505371e+01
   5.2099000e+05   6.3171387e+01
   5.2102300e+05   5.8349609e+01
   5.2103800e+05   4.3823242e+01
   5.2107900e+05   4.4006348e+01
   5.2112800e+05   4.9804687e+01
   5.2115600e+05   4.5166016e+01
   5.6637600e+05   4.4250488e+01
   5.9724400e+05   4.1442871e+01
   6.0387300e+05   4.8461914e+01
   6.0390700e+05   6.4331055e+01
   6.0393100e+05   4.1809082e+01
   6.0394300e+05   5.0537109e+01
   6.0399500e+05   4.5837402e+01
   6.0404100e+05   6.2744141e+01
   6.0408500e+05   4.1320801e+01
   6.0411300e+05   4.3823242e+01
   6.2291000e+05   5.0537109e+01
   6.4613300e+05   4.2907715e+01
   6.4616700e+05   5.0048828e+01
   6.4620100e+05   5.1330566e+01
   6.4625100e+05   4.2846680e+01
   6.4629400e+05   7.3059082e+01
   6.6244300e+05   4.1137695e+01
   6.6259100e+05   4.4921875e+01
   6.7317800e+05   4.2053223e+01
   6.8323300e+05   4.5043945e+01
   6.8334900e+05   5.5358887e+01
   7.0367300e+05   4.1687012e+01
   7.0370200e+05   6.1279297e+01
   7.0373000e+05   4.8767090e+01
   7.0374900e+05   7.3547363e+01
   7.0379200e+05   6.5429688e+01
   7.0381900e+05   4.6325684e+01
   7.0386000e+05   4.1687012e+01
   7.0387700e+05   4.8461914e+01
   7.0390200e+05   4.2358398e+01
   7.0392700e+05   4.1320801e+01
   7.0399700e+05   4.4982910e+01
   7.0403900e+05   4.6813965e+01
   7.0406000e+05   5.8959961e+01
   7.0418300e+05   4.3640137e+01
   7.2781900e+05   4.8400879e+01
   7.5821700e+05   4.1687012e+01
   7.5828000e+05   4.2480469e+01
   7.7851000e+05   5.3955078e+01
   7.7853700e+05   4.4799805e+01
   7.7855900e+05   4.3334961e+01
   7.9190100e+05   4.1259766e+01
   7.9519600e+05   4.9377441e+01
   7.9524100e+05   5.7434082e+01
   7.9525800e+05   4.3945313e+01
   7.9529700e+05   6.4147949e+01
   7.9530700e+05   4.3029785e+01
   7.9535600e+05   4.5104980e+01
   7.9539800e+05   4.2236328e+01
   7.9545400e+05   4.2114258e+01
   8.1934800e+05   4.1259766e+01
   8.1939500e+05   6.7199707e+01
   8.5300100e+05   5.1147461e+01
   8.5301300e+05   8.1542969e+01
   8.5304100e+05   4.5532227e+01
   8.5306600e+05   4.1198730e+01
   8.5312600e+05   4.3151855e+01
   8.5314900e+05   5.2062988e+01
   8.5316600e+05   5.0476074e+01
   8.5324200e+05   5.0842285e+01
   8.5326300e+05   4.3579102e+01
   8.7550000e+05   4.2968750e+01
   8.9544300e+05   4.9377441e+01
   8.9557500e+05   4.2480469e+01
   9.0585300e+05   4.2175293e+01
   9.0587000e+05   6.1401367e+01
   9.0589000e+05   5.8288574e+01
   9.0592900e+05   4.3457031e+01
   9.0594000e+05   5.3710937e+01
   9.0608900e+05   4.5898438e+01
   9.4867900e+05   4.6447754e+01
   9.6582300e+05   4.2236328e+01
   9.6588700e+05   4.2175293e+01
   9.8180800e+05   4.1687012e+01
   9.8182000e+05   5.0903320e+01
   9.8184800e+05   5.2368164e+01
   9.8186200e+05   6.1523438e+01
   9.8190600e+05   4.4555664e+01
   9.8193900e+05   6.8542480e+01
   9.8197600e+05   6.0180664e+01
   9.8199700e+05   5.2124023e+01
   9.8208700e+05   4.1687012e+01
   9.9921000e+05   4.2663574e+01
   1.0121880e+06   4.7912598e+01
   1.0122060e+06   5.1879883e+01
   1.0122360e+06   5.0842285e+01
   1.0123780e+06   4.8095703e+01
   1.0125390e+06   4.3273926e+01
   1.0241550e+06   4.1503906e+01
   1.0308390e+06   4.6142578e+01
   1.0308770e+06   5.0109863e+01
   1.0309890e+06   4.2968750e+01
   1.0720340e+06   4.3090820e+01
   1.0848950e+06   4.3823242e+01
   1.0953170e+06   4.3884277e+01
   1.1002780e+06   4.1503906e+01
   1.1002980e+06   5.8044434e+01
   1.1132990e+06   4.8400879e+01
   1.1133320e+06   4.5959473e+01
   1.1133450e+06   4.1931152e+01
   1.1133770e+06   5.1208496e+01
   1.1133980e+06   5.7678223e+01
   1.1134240e+06   4.8278809e+01
   1.1134370e+06   5.0842285e+01
   1.1134530e+06   4.9499512e+01
   1.1143140e+06   4.4494629e+01
   1.1143350e+06   4.2968750e+01
   1.1332260e+06   4.6813965e+01
   1.1635150e+06   4.2053223e+01
   1.1635430e+06   5.4199219e+01
   1.1636140e+06   4.6936035e+01
   1.1637030e+06   4.1442871e+01
   1.1651990e+06   6.0607910e+01
   1.1653040e+06   4.4738770e+01
   1.1653220e+06   4.4921875e+01
   1.1658800e+06   5.3039551e+01
   1.2013130e+06   4.2602539e+01
   1.2013410e+06   4.3640137e+01
   1.2013830e+06   5.5114746e+01
   1.2014060e+06   4.2236328e+01
   1.2014490e+06   6.0607910e+01
   1.2217230e+06   4.3212891e+01
   1.2217500e+06   4.5227051e+01
   1.2217790e+06   5.7006836e+01
   1.2218130e+06   4.5776367e+01
   1.2218300e+06   4.1564941e+01
   1.2218470e+06   5.7922363e+01
   1.2218910e+06   4.1381836e+01
   1.2219180e+06   5.8471680e+01
   1.2219570e+06   4.8278809e+01
   1.2219900e+06   4.4616699e+01
   1.2220160e+06   6.6345215e+01
   1.2220490e+06   4.9438477e+01
   1.2221120e+06   4.9987793e+01
   1.2221440e+06   4.4128418e+01
   1.2221950e+06   5.5358887e+01
   1.2222280e+06   4.2053223e+01
   1.2385780e+06   4.1503906e+01
   1.2685470e+06   4.3334961e+01
   1.2887850e+06   4.2602539e+01
   1.3044310e+06   4.1442871e+01
   1.3178310e+06   4.6386719e+01
   1.3178450e+06   4.5349121e+01
   1.3178840e+06   5.2001953e+01
   1.3179220e+06   4.8461914e+01
   1.3179440e+06   5.1879883e+01
   1.3185750e+06   4.1137695e+01
   1.3423150e+06   4.3151855e+01
   1.3423450e+06   6.2438965e+01
   1.3423740e+06   5.7250977e+01
   1.3423950e+06   5.2062988e+01
   1.3424190e+06   7.1838379e+01
   1.3424530e+06   7.5744629e+01
   1.3425240e+06   6.6101074e+01
   1.3425470e+06   6.9763184e+01
   1.3425660e+06   4.1931152e+01
   1.3426010e+06   5.2062988e+01
   1.3426280e+06   5.2612305e+01
   1.3426480e+06   5.0598145e+01
   1.3426880e+06   6.1828613e+01
   1.3427170e+06   6.2988281e+01
   1.3427450e+06   6.4758301e+01
   1.3428130e+06   4.3518066e+01
   1.3428350e+06   4.6936035e+01
   1.3429530e+06   4.4006348e+01
   1.3429980e+06   4.1198730e+01
   1.3430580e+06   4.3457031e+01
   1.3430820e+06   4.5471191e+01
   1.3432030e+06   4.8278809e+01
   1.3432270e+06   4.2114258e+01
   1.3433090e+06   4.9804688e+01
   1.3436710e+06   4.2053223e+01
   1.3437800e+06   4.8400879e+01
   1.3439090e+06   4.3884277e+01
   1.3802820e+06   4.2785645e+01
   1.3956910e+06   6.4514160e+01
   1.3957610e+06   4.7485352e+01
   1.3958040e+06   4.4250488e+01
   1.3958190e+06   4.2541504e+01
   1.3960490e+06   5.3649902e+01
   1.4117550e+06   4.2602539e+01
   1.4379510e+06   4.4311523e+01
   1.4380530e+06   5.5786133e+01
   1.4424280e+06   4.1870117e+01
   1.4424620e+06   4.3701172e+01
   1.4424770e+06   4.1320801e+01
   1.4426720e+06   4.4372559e+01
   1.4687270e+06   4.2541504e+01
   1.4687790e+06   5.6884766e+01
   1.4688350e+06   4.8400879e+01
   1.4688730e+06   4.4067383e+01
   1.4696660e+06   4.1564941e+01
   1.5184570e+06   7.0556641e+01
   1.5184800e+06   5.1330566e+01
   1.5184930e+06   7.7026367e+01
   1.5185350e+06   4.3640137e+01
   1.5185570e+06   8.3557129e+01
   1.5185840e+06   4.6875000e+01
   1.5185980e+06   4.3212891e+01
   1.5186240e+06   6.1401367e+01
   1.5186380e+06   4.1137695e+01
   1.5186520e+06   5.2185059e+01
   1.5186840e+06   5.2429199e+01
   1.5186940e+06   4.9499512e+01
   1.5187580e+06   4.2053223e+01
   1.5187980e+06   5.7434082e+01
   1.5188700e+06   4.8461914e+01
   1.5432450e+06   4.8889160e+01
   1.5433170e+06   4.5288086e+01
   1.5433340e+06   4.3334961e+01
   1.5719130e+06   4.6203613e+01
   1.5761260e+06   4.2846680e+01
   1.5868580e+06   4.1687012e+01
   1.5985900e+06   4.5959473e+01
   1.5986350e+06   4.4677734e+01
   1.5986580e+06   6.9763184e+01
   1.5986960e+06   4.8889160e+01
   1.5987180e+06   6.7443848e+01
   1.5987540e+06   4.1137695e+01
   1.5987820e+06   4.4433594e+01
   1.5987920e+06   4.7546387e+01
   1.5988100e+06   5.0720215e+01
   1.5988590e+06   5.1452637e+01
   1.5989060e+06   5.2368164e+01
   1.5989260e+06   4.7607422e+01
   1.5989680e+06   4.1320801e+01
   1.6250330e+06   4.1992188e+01
   1.6563880e+06   4.2541504e+01
   1.6570730e+06   6.0424805e+01
   1.6571310e+06   4.5104980e+01
   1.6571750e+06   4.3762207e+01
   1.6579660e+06   4.3518066e+01
   1.6581200e+06   5.1086426e+01
   1.6582130e+06   4.1259766e+01
   1.6582390e+06   4.2785645e+01
   1.6754030e+06   4.1564941e+01
   1.7012720e+06   4.1259766e+01
   1.7107890e+06   4.3518066e+01
   1.7108820e+06   4.1625977e+01
   1.7153470e+06   4.2358398e+01
   1.7391730e+06   5.1025391e+01
   1.7670580e+06   4.4555664e+01
   1.7670830e+06   6.9641113e+01
   1.7671300e+06   4.2541504e+01
   1.7752320e+06   4.5166016e+01
   1.7752620e+06   4.8706055e+01
   1.7957040e+06   4.3151855e+01
   1.7958110e+06   4.3273926e+01
   1.7958280e+06   4.3212891e+01
   1.7958810e+06   4.1320801e+01
   1.8351460e+06   4.2419434e+01
   1.8352200e+06   5.4809570e+01
   1.8355460e+06   4.3334961e+01
   1.8521660e+06   4.5837402e+01
   1.8557750e+06   4.1320801e+01
   1.8558180e+06   5.7312012e+01
   1.8558640e+06   5.2001953e+01
   1.8558850e+06   4.1076660e+01
   1.8558960e+06   5.2062988e+01
   1.8559250e+06   4.6081543e+01
   1.8559380e+06   4.6997070e+01
   1.8559610e+06   6.2683105e+01
   1.8559830e+06   4.3518066e+01
   1.8560380e+06   4.6508789e+01
   1.8560620e+06   4.8706055e+01
   1.8560730e+06   4.6997070e+01
   1.8561470e+06   4.3151855e+01
   1.8562210e+06   4.5104980e+01
   1.8748480e+06   4.1564941e+01
   1.9077370e+06   4.2968750e+01
   1.9353010e+06   4.4433594e+01
   1.9520780e+06   4.6691895e+01
   1.9521150e+06   5.5114746e+01
   1.9532330e+06   5.6152344e+01
   1.9532900e+06   4.5471191e+01
   1.9533100e+06   5.3161621e+01
   1.9533470e+06   6.3415527e+01
   1.9533810e+06   6.4819336e+01
   1.9829000e+06   4.7546387e+01
   1.9829840e+06   4.3518066e+01
   1.9899490e+06   5.8471680e+01
   1.9899920e+06   6.8725586e+01
   1.9900130e+06   4.1198730e+01
   1.9900520e+06   4.5043945e+01
   1.9900890e+06   4.7790527e+01
   1.9902090e+06   4.1992188e+01
   2.0237930e+06   4.7363281e+01
   2.0238480e+06   5.4443359e+01
   2.0748270e+06   4.7546387e+01
   2.0812060e+06   4.4372559e+01
   2.0871530e+06   4.1076660e+01
   2.1156240e+06   4.7241211e+01
   2.1156540e+06   4.8583984e+01
   2.1156780e+06   4.7851562e+01
   2.1157300e+06   5.8044434e+01
   2.1295040e+06   4.9499512e+01
   2.1295470e+06   5.7189941e+01
   2.1295570e+06   7.7514648e+01
   2.1296200e+06   5.6213379e+01
   2.1296470e+06   4.6936035e+01
   2.1296840e+06   5.0964355e+01
   2.1297050e+06   6.1401367e+01
   2.1297450e+06   4.3945313e+01
   2.1318540e+06   4.3823242e+01
   2.1560640e+06   4.5166016e+01
   2.1687000e+06   5.2185059e+01
   2.1687300e+06   5.1147461e+01
   2.1885940e+06   4.2053223e+01
   2.2002170e+06   4.1503906e+01
   2.2135590e+06   4.2358398e+01
   2.2135910e+06   4.4799805e+01
   2.2136120e+06   5.8044434e+01
   2.2745060e+06   5.6701660e+01
   2.2745380e+06   5.1208496e+01
   2.2745560e+06   4.8034668e+01
   2.2745920e+06   4.3457031e+01
   2.2752720e+06   4.6813965e+01
   2.3029030e+06   4.1748047e+01
   2.3029300e+06   4.8645020e+01
   2.3029520e+06   4.2358398e+01
   2.3029810e+06   4.8400879e+01
   2.3030420e+06   4.4067383e+01
   2.3041100e+06   4.2419434e+01
   2.3380360e+06   4.2297363e+01
   2.3387920e+06   5.5541992e+01
   2.3393950e+06   4.2846680e+01
   2.3394410e+06   5.5175781e+01
   2.3394880e+06   5.7250977e+01
   2.3395060e+06   4.2663574e+01
   2.3395500e+06   4.7485352e+01
   2.3396090e+06   4.1992187e+01
   2.3397680e+06   4.8461914e+01
   2.3398050e+06   5.6396484e+01
   2.3400680e+06   4.1137695e+01
   2.4421230e+06   4.8889160e+01
   2.4421380e+06   5.0720215e+01
   2.4421670e+06   5.3955078e+01
   2.4421940e+06   6.2683105e+01
   2.4422440e+06   4.6936035e+01
   2.4422560e+06   4.3029785e+01
   2.4424050e+06   4.1503906e+01
   2.4727690e+06   4.2175293e+01
   2.4730100e+06   5.8349609e+01
   2.4736690e+06   6.5429688e+01
   2.4808490e+06   4.2419434e+01
   2.4808870e+06   4.3395996e+01
   2.4930490e+06   4.2724609e+01
   2.4966580e+06   4.5043945e+01
   2.4966810e+06   4.9560547e+01
   2.4968270e+06   4.5227051e+01
   2.4992570e+06   5.4565430e+01
   2.4992700e+06   4.8461914e+01
   2.4992880e+06   5.6518555e+01
   2.4993040e+06   4.9011230e+01
   2.4993260e+06   4.2480469e+01
   2.4993450e+06   4.7851562e+01
   2.4993660e+06   4.9133301e+01
   2.4993900e+06   4.2480469e+01
   2.4994340e+06   4.9743652e+01
   2.4994460e+06   4.7180176e+01
   2.4994820e+06   4.5898437e+01
   2.4995290e+06   4.5654297e+01
   2.4995670e+06   5.5175781e+01
   2.4995910e+06   4.6813965e+01
   2.4996100e+06   5.8715820e+01
   2.4999720e+06   4.6569824e+01
   2.5166060e+06   4.4250488e+01
   2.5645970e+06   4.4982910e+01
   2.5646290e+06   4.4433594e+01
   2.5646610e+06   4.4616699e+01
   2.5646950e+06   5.4870605e+01
   2.5647050e+06   4.9194336e+01
   2.5647260e+06   4.9560547e+01
   2.5647960e+06   4.7180176e+01
   2.5648110e+06   4.8095703e+01
   2.5648560e+06   6.1035156e+01
   2.5649250e+06   4.7729492e+01
   2.5649710e+06   5.8959961e+01
   2.5649910e+06   4.6325684e+01
   2.5650090e+06   4.2419434e+01
   2.5650340e+06   4.7912598e+01
   2.5650770e+06   4.5959473e+01
   2.5650950e+06   5.1635742e+01
   2.5651320e+06   4.4311523e+01
   2.5651910e+06   4.9011230e+01
   2.5652180e+06   5.6518555e+01
   2.5652470e+06   5.3649902e+01
   2.5653240e+06   5.0720215e+01
   2.5654740e+06   4.3701172e+01
   2.5656030e+06   4.4311523e+01
   2.5657090e+06   4.4250488e+01
   2.5663940e+06   4.6936035e+01
   2.6502030e+06   4.6630859e+01
   2.6703960e+06   4.8706055e+01
   2.6887020e+06   5.1208496e+01
   2.7002440e+06   4.1442871e+01
   2.7006580e+06   4.5532227e+01
   2.7006980e+06   4.5532227e+01
   2.7007240e+06   4.6325684e+01
   2.7007460e+06   5.9020996e+01
   2.7007580e+06   4.3090820e+01
   2.7008020e+06   4.2541504e+01
   2.7008240e+06   4.3884277e+01
   2.7180370e+06   4.1442871e+01
   2.7294640e+06   4.4982910e+01
   2.7295240e+06   5.0537109e+01
   2.7295970e+06   4.6325684e+01
   2.7316260e+06   4.7241211e+01
   2.7316520e+06   4.1442871e+01
   2.7316770e+06   5.0476074e+01
   2.7316960e+06   6.6223145e+01
   2.7317060e+06   4.3212891e+01
   2.7317260e+06   5.1391602e+01
   2.7317560e+06   4.3640137e+01
   2.7317870e+06   4.6752930e+01
   2.7317990e+06   4.9011230e+01
   2.7318480e+06   6.5795898e+01
   2.7318630e+06   6.8969727e+01
   2.7318910e+06   6.5429688e+01
   2.7319400e+06   4.4372559e+01
   2.7319790e+06   6.7810059e+01
   2.7320400e+06   4.3334961e+01
   2.7320830e+06   5.2307129e+01
   2.7321170e+06   5.3588867e+01
   2.7322040e+06   4.2480469e+01
   2.7324530e+06   4.3273926e+01
   2.7764730e+06   4.1931152e+01
   2.8150310e+06   4.2846680e+01
   2.8871020e+06   5.0781250e+01
   2.8871170e+06   5.6274414e+01
   2.8871510e+06   5.0720215e+01
   2.8871760e+06   4.2968750e+01
   2.8872240e+06   4.9987793e+01
   2.8872570e+06   5.4687500e+01
   2.8872710e+06   4.1259766e+01
   2.8872960e+06   4.8156738e+01
   2.9103630e+06   4.2175293e+01
   2.9104310e+06   5.0781250e+01
   2.9221420e+06   4.2724609e+01
   2.9329700e+06   5.2001953e+01
   2.9331720e+06   4.5959473e+01
   2.9463300e+06   4.2297363e+01
   2.9585200e+06   5.1208496e+01
   2.9870920e+06   4.7668457e+01
   3.0056500e+06   4.1076660e+01
   3.0223640e+06   4.6875000e+01
   3.0224070e+06   4.4189453e+01
   3.0224500e+06   4.4433594e+01
   3.0635190e+06   6.5063477e+01
   3.0888270e+06   4.2785645e+01
   3.1138060e+06   4.5349121e+01
   3.1144230e+06   7.2021484e+01
   3.1144330e+06   5.5908203e+01
   3.1144610e+06   5.3771973e+01
   3.1144820e+06   4.6325684e+01
   3.1145030e+06   5.5480957e+01
   3.1145620e+06   4.5593262e+01
   3.1650130e+06   4.9926758e+01
   3.1650740e+06   4.1137695e+01
   3.1709500e+06   5.2429199e+01
   3.1709910e+06   4.4128418e+01
   3.1722030e+06   4.9438477e+01
   3.1974990e+06   4.2236328e+01
   3.1975200e+06   4.5471191e+01
   3.1975470e+06   7.2753906e+01
   3.1975680e+06   4.1625977e+01
   3.1976100e+06   4.1809082e+01
   3.2157430e+06   5.6457520e+01
   3.2159060e+06   5.0659180e+01
   3.2437230e+06   4.3151855e+01
   3.2447220e+06   4.2846680e+01
   3.2792160e+06   4.4494629e+01
   3.3107280e+06   4.9865723e+01
   3.3107630e+06   4.2907715e+01
   3.3316620e+06   5.1574707e+01
   3.3316810e+06   5.2368164e+01
   3.3600000e+06   5.8898926e+01
   3.3601030e+06   4.7058105e+01
   3.3812060e+06   4.6813965e+01
   3.3918240e+06   4.6508789e+01
   3.3918400e+06   7.1105957e+01
   3.3918910e+06   6.0913086e+01
   3.3919380e+06   4.1259766e+01
   3.3919630e+06   4.6875000e+01
   3.3954160e+06   4.5532227e+01
   3.3954480e+06   6.8237305e+01
   3.3954950e+06   4.8339844e+01
   3.3956180e+06   4.1381836e+01
   3.4140970e+06   4.3762207e+01
   3.4176640e+06   4.1259766e+01
   3.4253340e+06   5.2490234e+01
   3.4267030e+06   4.9743652e+01
   3.4267590e+06   4.5654297e+01
   3.4640820e+06   5.9814453e+01
   3.4641760e+06   4.8767090e+01
   3.4642110e+06   4.2419434e+01
   3.4642350e+06   4.3334961e+01
   3.4642860e+06   4.9438477e+01
   3.4643830e+06   4.5349121e+01
   3.5303380e+06   4.4372559e+01
   3.5468290e+06   4.5104980e+01
   3.5527520e+06   7.2387695e+01
   3.5527700e+06   6.1645508e+01
   3.5527980e+06   6.0607910e+01
   3.5530880e+06   4.7546387e+01
   3.5990170e+06   4.3945313e+01
   3.6118430e+06   4.2846680e+01
   3.6250370e+06   5.0415039e+01
   3.6250660e+06   4.1625977e+01
   3.6250970e+06   4.4677734e+01
   3.6251550e+06   4.5837402e+01
   3.6691050e+06   5.4443359e+01
   3.7002490e+06   4.5471191e+01
   3.7002710e+06   4.3090820e+01
   3.7002880e+06   4.2419434e+01
   3.7003350e+06   4.6508789e+01
   3.7003460e+06   4.2663574e+01
   3.7004040e+06   5.3894043e+01
   3.7004190e+06   4.1076660e+01
   3.7004410e+06   4.4433594e+01
   3.7004790e+06   4.4311523e+01
   3.7010030e+06   4.3518066e+01
   3.7017250e+06   5.5175781e+01
   3.7017440e+06   4.2114258e+01
   3.7018110e+06   4.3457031e+01
   3.7018430e+06   5.5541992e+01
   3.7018800e+06   4.1381836e+01
   3.7018990e+06   4.3090820e+01
   3.7188810e+06   4.1320801e+01
   3.7757640e+06   4.5532227e+01
   3.7758490e+06   4.1442871e+01
   3.7859870e+06   4.3457031e+01
   3.7869260e+06   4.9804688e+01
   3.7870820e+06   4.5043945e+01
   3.7871640e+06   4.8522949e+01
   3.7871840e+06   5.1147461e+01
   3.8164050e+06   4.5532227e+01
   3.8283730e+06   4.8217773e+01
   3.8283940e+06   4.5654297e+01
   3.8284490e+06   4.4799805e+01
   3.8288220e+06   4.6813965e+01
   3.8292900e+06   4.7180176e+01
   3.8293140e+06   5.0170898e+01
   3.8293570e+06   4.3395996e+01
   3.8293940e+06   4.3518066e+01
   3.8294200e+06   4.3457031e+01
   3.8562680e+06   6.0241699e+01
   3.8562790e+06   5.1147461e+01
   3.8563130e+06   5.2429199e+01
   3.8563250e+06   4.1870117e+01
   3.8563530e+06   6.4758301e+01
   3.8564110e+06   4.8034668e+01
   3.8564460e+06   4.5043945e+01
   3.8801720e+06   5.8227539e+01
   3.8801870e+06   4.6203613e+01
   3.8802650e+06   4.2907715e+01
   3.8802840e+06   6.2500000e+01
   3.8802980e+06   4.7790527e+01
   3.8803250e+06   4.9682617e+01
   3.8804400e+06   4.6325684e+01
   3.8804990e+06   4.4006348e+01
   3.8805190e+06   4.5043945e+01
   3.8805410e+06   4.8034668e+01
   3.8805710e+06   5.0659180e+01
   3.8806230e+06   4.2602539e+01
   3.8807410e+06   5.2795410e+01
   3.8811770e+06   4.4860840e+01
   3.9584110e+06   4.4128418e+01
   3.9730030e+06   4.1442871e+01
   3.9771370e+06   8.0017090e+01
   3.9771580e+06   4.2541504e+01
   3.9772270e+06   4.4189453e+01
   3.9772890e+06   4.4738770e+01
   3.9773840e+06   4.1931152e+01
   3.9775370e+06   4.9316406e+01
   3.9777330e+06   6.1767578e+01
   3.9780560e+06   4.1076660e+01
   4.0109430e+06   4.2541504e+01
   4.0139050e+06   4.7058105e+01
   4.0179860e+06   4.9438477e+01
   4.0180190e+06   4.7790527e+01
   4.0180660e+06   5.0842285e+01
   4.0180850e+06   5.0720215e+01
   4.0181060e+06   4.9438477e+01
   4.0181690e+06   4.8645020e+01
   4.0181900e+06   6.2500000e+01
   4.0183390e+06   4.1748047e+01
   4.0184110e+06   5.1513672e+01
   4.0514770e+06   4.2236328e+01
   4.0698710e+06   4.7546387e+01
   4.0698900e+06   5.3283691e+01
   4.0699080e+06   4.4677734e+01
   4.0699210e+06   5.5175781e+01
   4.0699440e+06   4.7668457e+01
   4.0699610e+06   4.6936035e+01
   4.0700190e+06   5.3283691e+01
   4.0700430e+06   8.3435059e+01
   4.0700610e+06   4.2785645e+01
   4.0700910e+06   4.5959473e+01
   4.0701060e+06   4.1748047e+01
   4.0701760e+06   4.7302246e+01
   4.0702960e+06   4.1198730e+01
   4.0958830e+06   5.3344727e+01
   4.0959470e+06   4.5715332e+01
   4.0961870e+06   4.1381836e+01
   4.0963610e+06   4.2602539e+01
   4.1298900e+06   4.5532227e+01
   4.1620460e+06   4.4738770e+01
   4.1786320e+06   4.2053223e+01
   4.1789110e+06   5.3833008e+01
   4.1789920e+06   4.2846680e+01
   4.2218940e+06   4.3395996e+01
   4.2222600e+06   5.7739258e+01
   4.2935690e+06   4.4921875e+01
   4.2943750e+06   4.2480469e+01
   4.2962140e+06   4.5532227e+01
   4.3223680e+06   4.3640137e+01
   4.3375980e+06   4.4555664e+01
   4.3376520e+06   5.3283691e+01
   4.3516380e+06   4.3029785e+01
   4.3576840e+06   4.5349121e+01
   4.3577310e+06   4.3090820e+01
   4.3577670e+06   5.4199219e+01
   4.3578350e+06   4.2785645e+01
   4.3579190e+06   4.3823242e+01
   4.3816040e+06   4.3212891e+01
   4.3817500e+06   4.2785645e+01
   4.4574880e+06   4.3884277e+01
   4.4579930e+06   4.1137695e+01
   4.4581210e+06   4.1442871e+01
   4.4892550e+06   4.3518066e+01
   4.4892980e+06   5.5053711e+01
   4.5580680e+06   5.3649902e+01
   4.5580820e+06   4.6813965e+01
   4.5581380e+06   4.6020508e+01
   4.5581610e+06   4.8889160e+01
   4.5582270e+06   4.1748047e+01
   4.5583160e+06   4.5532227e+01
   4.5583530e+06   5.3466797e+01
   4.5583730e+06   4.4494629e+01
   4.5584460e+06   5.5541992e+01
   4.5584650e+06   4.9499512e+01
   4.5585360e+06   4.2541504e+01
   4.5585570e+06   4.7607422e+01
   4.5585820e+06   4.8767090e+01
   4.5594930e+06   4.3151855e+01
   4.5965970e+06   4.2114258e+01
   4.5969030e+06   4.3273926e+01
   4.6046020e+06   4.1503906e+01
   4.6214320e+06   5.4443359e+01
   4.6320000e+06   4.2846680e+01
   4.6498550e+06   4.5959473e+01
   4.6498740e+06   4.2541504e+01
   4.6499350e+06   4.3334961e+01
   4.6499520e+06   5.0720215e+01
   4.6706100e+06   4.1442871e+01
   4.6771190e+06   4.7912598e+01
   4.6771340e+06   4.6447754e+01
   4.6771660e+06   4.5288086e+01
   4.7126370e+06   5.6823730e+01
   4.7126710e+06   4.8767090e+01
   4.7126870e+06   4.3701172e+01
   4.7127160e+06   4.1320801e+01
   4.7127460e+06   6.3293457e+01
   4.7127710e+06   4.8156738e+01
   4.7128560e+06   5.0231934e+01
   4.7128850e+06   4.1137695e+01
   4.7129290e+06   4.7241211e+01
   4.7568720e+06   4.3457031e+01
   4.7740770e+06   4.1076660e+01
   4.8388720e+06   4.5227051e+01
   4.8389640e+06   4.1992188e+01
   4.8627800e+06   4.4128418e+01
   4.8882460e+06   4.5654297e+01
   4.8882870e+06   4.5532227e+01
   4.9516160e+06   4.2541504e+01
   5.0008460e+06   4.8339844e+01
   5.0609890e+06   4.7912598e+01
   5.0610400e+06   4.1748047e+01
   5.0612600e+06   4.4189453e+01
   5.0921060e+06   4.3090820e+01
   5.0928590e+06   4.3518066e+01
   5.1376260e+06   4.2053223e+01
   5.1376560e+06   4.7973633e+01
   5.1376970e+06   4.6203613e+01
   5.1377080e+06   5.1208496e+01
   5.1377400e+06   6.8237305e+01
   5.1388890e+06   5.0537109e+01
   5.1663760e+06   4.2358398e+01
   5.2169850e+06   4.1320801e+01
   5.2279510e+06   4.3945313e+01
   5.2408740e+06   4.2175293e+01
   5.2643110e+06   4.5410156e+01
   5.3544630e+06   4.1931152e+01
   5.3622530e+06   5.3283691e+01
   5.3628210e+06   5.4931641e+01
   5.3773230e+06   4.7424316e+01
   5.3773470e+06   5.4443359e+01
   5.3783000e+06   4.4067383e+01
   5.4192660e+06   4.3395996e+01
   5.4192790e+06   4.6447754e+01
   5.4268490e+06   5.4565430e+01
   5.4277460e+06   4.3334961e+01
   5.4518580e+06   4.1809082e+01
   5.4634400e+06   5.0109863e+01
   5.4634620e+06   4.7546387e+01
   5.4634930e+06   4.2846680e+01
   5.4635210e+06   4.2114258e+01
   5.4635560e+06   5.9997559e+01
   5.4636080e+06   5.0781250e+01
   5.4636600e+06   4.1076660e+01
   5.4636700e+06   4.3273926e+01
   5.4636990e+06   5.8288574e+01
   5.4637120e+06   5.4870605e+01
   5.4637380e+06   4.4616699e+01
   5.4637500e+06   4.6203613e+01
   5.4637690e+06   5.2795410e+01
   5.4637890e+06   5.0720215e+01
   5.4638210e+06   6.8969727e+01
   5.4638500e+06   4.3212891e+01
   5.4639050e+06   4.2480469e+01
   5.4639160e+06   4.3334961e+01
   5.4639890e+06   4.7485352e+01
   5.4640010e+06   4.7973633e+01
   5.4640280e+06   4.3884277e+01
   5.4640980e+06   4.8645020e+01
   5.4641290e+06   4.2663574e+01
   5.4641630e+06   4.1992188e+01
   5.4642420e+06   4.4738770e+01
   5.4644660e+06   4.4921875e+01
   5.4645890e+06   4.4128418e+01
   5.4646700e+06   5.9143066e+01
   5.4649150e+06   4.1748047e+01
   5.4656060e+06   4.3579102e+01
   5.5353250e+06   4.1625977e+01
   5.5935190e+06   4.4311523e+01
   5.6114780e+06   4.6875000e+01
   5.6494340e+06   4.1442871e+01
   5.6495120e+06   4.9865723e+01
   5.6502590e+06   5.2917480e+01
   5.6603580e+06   4.5532227e+01
   5.6603810e+06   5.2490234e+01
   5.6603920e+06   6.4208984e+01
   5.6604110e+06   4.8522949e+01
   5.6604220e+06   4.5349121e+01
   5.6604670e+06   4.6325684e+01
   5.6604970e+06   5.8044434e+01
   5.6605140e+06   4.4738770e+01
   5.6605280e+06   4.9682617e+01
   5.6605540e+06   5.2429199e+01
   5.6606040e+06   4.5593262e+01
   5.6606310e+06   5.7556152e+01
   5.6606420e+06   4.2602539e+01
   5.6606610e+06   4.6020508e+01
   5.6607030e+06   4.3151855e+01
   5.6607330e+06   5.5114746e+01
   5.6607750e+06   4.5043945e+01
   5.6607980e+06   4.7546387e+01
   5.6608310e+06   5.3039551e+01
   5.6608740e+06   4.5532227e+01
   5.6609040e+06   4.7180176e+01
   5.6612450e+06   4.2114258e+01
   5.7225570e+06   4.4372559e+01
   5.7227500e+06   4.6264648e+01
   5.7359070e+06   4.1259766e+01
   5.7487270e+06   4.4189453e+01
   5.7787920e+06   4.6081543e+01
   5.7788170e+06   4.5349121e+01
   5.7788720e+06   4.3945313e+01
   5.7788820e+06   4.3151855e+01
   5.7789310e+06   5.3527832e+01
   5.7789440e+06   5.7373047e+01
   5.7790120e+06   5.2062988e+01
   5.7790430e+06   4.5043945e+01
   5.8031230e+06   5.4565430e+01
   5.8032730e+06   4.4006348e+01
   5.8132580e+06   4.1625977e+01
   5.8414450e+06   4.2541504e+01
   5.8414680e+06   4.1320801e+01
   5.8415230e+06   5.1330566e+01
   5.8415580e+06   5.3283691e+01
   5.8416240e+06   4.9316406e+01
   5.8449580e+06   4.2053223e+01
   5.8798640e+06   4.2602539e+01
   5.8892650e+06   4.3029785e+01
   5.9042880e+06   4.4311523e+01
   5.9048650e+06   4.5410156e+01
   5.9585110e+06   4.3395996e+01
   5.9748120e+06   4.6936035e+01
   5.9975620e+06   5.1086426e+01
   5.9976070e+06   4.7668457e+01
   5.9976690e+06   5.1269531e+01
   6.0151530e+06   4.2846680e+01
   6.0854030e+06   6.0913086e+01
   6.0854180e+06   4.7790527e+01
   6.0854390e+06   5.1940918e+01
   6.1453240e+06   4.7546387e+01
   6.1453460e+06   5.4870605e+01
   6.1454500e+06   4.6997070e+01
   6.1699030e+06   4.3457031e+01
   6.2171510e+06   5.4748535e+01
   6.2681790e+06   4.5959473e+01
   6.2761080e+06   4.8522949e+01
   6.2763080e+06   5.5480957e+01
   6.2763820e+06   4.2480469e+01
   6.2770530e+06   4.4189453e+01
   6.2951590e+06   4.5471191e+01
   6.3122240e+06   4.1625977e+01
   6.3366130e+06   4.2907715e+01
   6.3373680e+06   4.5349121e+01
   6.3374320e+06   4.1503906e+01
   6.3458240e+06   4.3090820e+01
   6.3459960e+06   4.2480469e+01
   6.3460680e+06   4.6020508e+01
   6.3944790e+06   4.7180176e+01
   6.4033970e+06   7.4523926e+01
   6.4034440e+06   4.3395996e+01
   6.4034710e+06   6.5734863e+01
   6.4034920e+06   7.3669434e+01
   6.4035090e+06   4.8889160e+01
   6.4035220e+06   4.1870117e+01
   6.4035420e+06   4.5959473e+01
   6.4035530e+06   5.0048828e+01
   6.4035650e+06   5.0231934e+01
   6.4036030e+06   5.9387207e+01
   6.4036250e+06   4.8706055e+01
   6.4036580e+06   5.7189941e+01
   6.4036770e+06   4.2968750e+01
   6.4037090e+06   6.5734863e+01
   6.4037360e+06   5.1086426e+01
   6.4037640e+06   5.1208496e+01
   6.4037790e+06   4.5227051e+01
   6.4038130e+06   4.1198730e+01
   6.4038300e+06   5.7495117e+01
   6.4038550e+06   5.6518555e+01
   6.4039070e+06   5.8227539e+01
   6.4039590e+06   4.7607422e+01
   6.4039830e+06   4.1259766e+01
   6.4043480e+06   4.8217773e+01
   6.4050360e+06   4.6813965e+01
   6.4554710e+06   4.1564941e+01
   6.4778060e+06   4.2236328e+01
   6.4867980e+06   4.5410156e+01
   6.4975930e+06   5.4626465e+01
   6.5092250e+06   4.5288086e+01
   6.5235370e+06   4.1992188e+01
   6.5239390e+06   4.5227051e+01
   6.5387780e+06   4.5227051e+01
   6.5388810e+06   4.4433594e+01
   6.5484270e+06   4.8095703e+01
   6.5573310e+06   4.3579102e+01
   6.5852050e+06   4.6508789e+01
   6.5853880e+06   4.1748047e+01
   6.6150230e+06   4.7180176e+01
   6.6152050e+06   4.4372559e+01
   6.6154100e+06   4.2846680e+01
   6.6642150e+06   4.3090820e+01
   6.6661330e+06   4.1442871e+01
   6.6974510e+06   4.3273926e+01
   6.6980340e+06   4.2907715e+01
   6.7038750e+06   4.4372559e+01
   6.7039320e+06   4.5715332e+01
   6.7039750e+06   4.8217773e+01
   6.7354540e+06   4.2724609e+01
   6.7354850e+06   4.6325684e+01
   6.7355120e+06   4.5471191e+01
   6.7355530e+06   8.0261230e+01
   6.7355700e+06   6.2011719e+01
   6.7355950e+06   5.4260254e+01
   6.7356290e+06   5.1879883e+01
   6.7356700e+06   5.6396484e+01
   6.7356890e+06   7.1838379e+01
   6.7357020e+06   5.6213379e+01
   6.7357370e+06   4.2419434e+01
   6.7357510e+06   5.5664063e+01
   6.7358030e+06   4.3823242e+01
   6.7358310e+06   5.3588867e+01
   6.7358640e+06   4.7546387e+01
   6.7359050e+06   4.5410156e+01
   6.7359520e+06   6.0852051e+01
   6.7359850e+06   5.3588867e+01
   6.7360120e+06   5.3222656e+01
   6.7361130e+06   5.9448242e+01
   6.7361920e+06   4.8950195e+01
   6.7365520e+06   4.2419434e+01
   6.7366280e+06   4.3029785e+01
   6.8294400e+06   4.9804687e+01
   6.8439360e+06   5.0231934e+01
   6.8439540e+06   4.4311523e+01
   6.8439910e+06   4.1442871e+01
   6.8441020e+06   5.0964355e+01
   6.8801260e+06   4.1076660e+01
   6.8801410e+06   4.1748047e+01
   6.8801730e+06   5.0109863e+01
   6.8801910e+06   5.4260254e+01
   6.8802220e+06   5.7006836e+01
   6.8802550e+06   6.6467285e+01
   6.8802730e+06   4.3029785e+01
   6.8802920e+06   5.0476074e+01
   6.8803320e+06   4.5715332e+01
   6.8803820e+06   4.9804688e+01
   6.8804140e+06   5.5480957e+01
   6.8804310e+06   5.2917480e+01
   6.8804890e+06   4.4067383e+01
   6.8805700e+06   4.1748047e+01
   6.8806450e+06   4.7424316e+01
   6.8807310e+06   4.8156738e+01
   6.8807780e+06   4.1259766e+01
   6.8808160e+06   4.5715332e+01
   6.8809020e+06   5.0415039e+01
   6.8811610e+06   6.3415527e+01
   6.9557840e+06   6.4331055e+01
   6.9558400e+06   5.5725098e+01
   6.9558760e+06   6.4453125e+01
   6.9558900e+06   4.2541504e+01
   6.9559080e+06   5.3100586e+01
   6.9846080e+06   4.7790527e+01
   6.9846220e+06   4.8095703e+01
   6.9846390e+06   5.4443359e+01
   6.9876740e+06   4.4982910e+01
   6.9877060e+06   4.2968750e+01
   6.9877210e+06   5.1147461e+01
   6.9878490e+06   4.9011230e+01
   7.0995410e+06   5.3649902e+01
   7.0995660e+06   5.5297852e+01
   7.0995850e+06   5.9936523e+01
   7.0995960e+06   4.2114258e+01
   7.0996120e+06   4.6569824e+01
   7.0996240e+06   5.8288574e+01
   7.0996810e+06   4.6203613e+01
   7.0997450e+06   4.4555664e+01
   7.0997580e+06   5.0781250e+01
   7.0997810e+06   4.9499512e+01
   7.0998160e+06   4.1992188e+01
   7.0998460e+06   5.9875488e+01
   7.0998570e+06   6.9458008e+01
   7.0999070e+06   4.1748047e+01
   7.0999530e+06   5.8593750e+01
   7.1000100e+06   4.1870117e+01
   7.1000260e+06   4.2846680e+01
   7.1000550e+06   4.6813965e+01
   7.1001720e+06   5.3771973e+01
   7.1001860e+06   4.2419434e+01
   7.1003210e+06   4.2785645e+01
   7.1005430e+06   5.2612305e+01
   7.1007670e+06   4.5715332e+01
   7.1998970e+06   4.6630859e+01
   7.1999370e+06   5.6701660e+01
   7.1999470e+06   4.8095703e+01
   7.1999650e+06   4.2602539e+01
   7.2000120e+06   4.3457031e+01
   7.2006670e+06   4.1748047e+01
   7.2284380e+06   4.4921875e+01
   7.2290210e+06   4.4128418e+01
   7.2456020e+06   4.9560547e+01
   7.2961260e+06   4.8522949e+01
   7.2961380e+06   5.6213379e+01
   7.2961570e+06   4.1503906e+01
   7.2961800e+06   4.8034668e+01
   7.2961960e+06   5.7128906e+01
   7.2962180e+06   4.2724609e+01
   7.2962790e+06   4.4189453e+01
   7.3100500e+06   4.5471191e+01
   7.3132390e+06   4.1809082e+01
   7.3455610e+06   4.7302246e+01
   7.3455910e+06   7.2204590e+01
   7.3456020e+06   4.3273926e+01
   7.3456460e+06   5.0903320e+01
   7.3457050e+06   5.3039551e+01
   7.3457420e+06   5.2490234e+01
   7.3458530e+06   4.2358398e+01
   7.3831310e+06   4.1259766e+01
   7.3831900e+06   4.3640137e+01
   7.3832210e+06   5.8410645e+01
   7.3832360e+06   4.3640137e+01
   7.3832780e+06   5.2001953e+01
   7.3833090e+06   5.9631348e+01
   7.3834410e+06   5.6884766e+01
   7.4208450e+06   5.1818848e+01
   7.4639380e+06   4.5532227e+01
   7.4639650e+06   4.4067383e+01
   7.4640420e+06   4.6936035e+01
   7.4652170e+06   4.9011230e+01
   7.4652800e+06   4.8950195e+01
   7.5294440e+06   4.4677734e+01
   7.5294570e+06   5.0720215e+01
   7.5294980e+06   4.2541504e+01
   7.5846290e+06   4.2480469e+01
   7.6463950e+06   4.4067383e+01
   7.6480010e+06   4.1931152e+01
   7.7185300e+06   4.5532227e+01
   7.7185560e+06   5.4870605e+01
   7.7185950e+06   5.1818848e+01
   7.7186680e+06   4.2419434e+01
   7.7190240e+06   4.6875000e+01
   7.7636960e+06   4.9072266e+01
   7.7637080e+06   4.4250488e+01
   7.7637480e+06   4.3029785e+01
   7.7638060e+06   5.0537109e+01
   7.7638670e+06   5.2978516e+01
   7.7638950e+06   4.1809082e+01
   7.7641010e+06   4.4616699e+01
   7.7642150e+06   4.3457031e+01
   7.7644860e+06   4.1625977e+01
   7.8325320e+06   7.5317383e+01
   7.8326620e+06   4.6142578e+01
   7.8342050e+06   4.7424316e+01
   7.8342380e+06   4.4799805e+01
   7.8342520e+06   5.5358887e+01
   7.8876240e+06   4.1931152e+01
   7.8926040e+06   5.3894043e+01
   7.8926570e+06   5.6823730e+01
   7.8926730e+06   4.4921875e+01
   7.9124680e+06   4.6081543e+01
   7.9129040e+06   4.3212891e+01
   7.9278560e+06   4.4494629e+01
   7.9279100e+06   4.2663574e+01
   7.9743470e+06   4.6997070e+01
   7.9743950e+06   4.3273926e+01
   7.9744470e+06   4.4982910e+01
   7.9776430e+06   5.3039551e+01
   7.9776560e+06   4.5654297e+01
   7.9777310e+06   4.2114258e+01
   8.0435110e+06   4.7180176e+01
   8.0435950e+06   4.2480469e+01
   8.0452370e+06   4.4128418e+01
   8.0453030e+06   4.9316406e+01
   8.0453430e+06   4.3640137e+01
   8.0565850e+06   4.1076660e+01
   8.1212180e+06   4.5593262e+01
   8.1212540e+06   4.8400879e+01
   8.1212730e+06   5.4809570e+01
   8.1213670e+06   4.4982910e+01
   8.1213860e+06   4.9072266e+01
   8.1822530e+06   5.2734375e+01
   8.1830480e+06   4.1442871e+01
   8.2091750e+06   5.4931641e+01
   8.2091970e+06   5.0781250e+01
   8.2092350e+06   6.8176270e+01
   8.2092480e+06   4.6875000e+01
   8.2740520e+06   4.3457031e+01
   8.3015340e+06   4.6936035e+01
   8.3016160e+06   4.7058105e+01
   8.3017460e+06   5.7006836e+01
   8.3022300e+06   4.4799805e+01
   8.3240940e+06   4.1564941e+01
   8.3791830e+06   4.4250488e+01
   8.3792330e+06   5.0720215e+01
   8.3792680e+06   5.3161621e+01
   8.3792830e+06   4.4738770e+01
   8.3793000e+06   4.4372559e+01
   8.3793310e+06   4.1564941e+01
   8.3793850e+06   6.1645508e+01
   8.3795110e+06   6.3781738e+01
   8.3798860e+06   4.2236328e+01
   8.4399500e+06   4.2907715e+01
   8.5169680e+06   4.2175293e+01
   8.5190040e+06   4.2541504e+01
   8.5191140e+06   4.4921875e+01
   8.5198640e+06   4.4860840e+01
   8.5784170e+06   5.4382324e+01
   8.6132180e+06   5.4382324e+01
   8.6132340e+06   4.1687012e+01
   8.6132990e+06   4.7790527e+01
   8.6133450e+06   4.4799805e+01
   8.6136270e+06   4.2663574e+01
   8.6146800e+06   4.1687012e+01
   8.6560530e+06   4.2175293e+01
   8.6772550e+06   6.5124512e+01
   8.7103950e+06   4.1137695e+01
   8.7439500e+06   4.8278809e+01
   8.7440270e+06   5.7312012e+01
   8.7454850e+06   4.5043945e+01
   8.7455680e+06   4.5166016e+01
   8.7461390e+06   4.5532227e+01
   8.7461720e+06   4.1809082e+01
   8.7461820e+06   4.8339844e+01
   8.8068330e+06   4.1503906e+01
   8.8199720e+06   4.2541504e+01
   8.8343870e+06   4.7607422e+01
   8.8345200e+06   4.5349121e+01
   8.8612360e+06   4.2907715e+01
   8.8997950e+06   4.2419434e+01
   8.9045620e+06   4.2541504e+01
   8.9556730e+06   4.8461914e+01
   8.9568220e+06   4.1198730e+01
   8.9568750e+06   4.1503906e+01
   8.9568950e+06   4.1931152e+01
   9.0565280e+06   4.9377441e+01
   9.0570850e+06   4.4921875e+01
   9.0576940e+06   4.2358398e+01
   9.0577560e+06   4.2358398e+01
   9.0883340e+06   4.5593262e+01
   9.0883580e+06   4.7607422e+01
   9.0884730e+06   4.1259766e+01
   9.0885270e+06   4.5837402e+01
   9.1476730e+06   4.8950195e+01
   9.1476990e+06   4.3029785e+01
   9.1477220e+06   4.1076660e+01
   9.1477400e+06   4.3457031e+01
   9.1477680e+06   4.2846680e+01
   9.1477970e+06   4.7790527e+01
   9.1478450e+06   5.0292969e+01
   9.1478840e+06   4.7607422e+01
   9.1479020e+06   4.2297363e+01
   9.1479160e+06   4.2907715e+01
   9.1479570e+06   4.5715332e+01
   9.1479760e+06   4.8339844e+01
   9.1480080e+06   5.0476074e+01
   9.1480230e+06   4.5593262e+01
   9.1481010e+06   4.1687012e+01
   9.1483130e+06   4.4982910e+01
   9.2745510e+06   4.3273926e+01
   9.2879780e+06   4.1137695e+01
   9.3372670e+06   4.5593262e+01
   9.3375250e+06   5.3405762e+01
   9.3381160e+06   4.6264648e+01
   9.3385300e+06   4.4311523e+01
   9.3388780e+06   4.1198730e+01
   9.3896150e+06   4.9499512e+01
   9.4170500e+06   4.7241211e+01
   9.4178680e+06   5.1147461e+01
   9.4844990e+06   4.1748047e+01
   9.5522770e+06   4.4616699e+01
   9.5526810e+06   4.3640137e+01
   9.6084230e+06   4.1137695e+01
   9.6463690e+06   4.8767090e+01
   9.6535090e+06   4.1381836e+01
   9.6671750e+06   4.3701172e+01
   9.7605070e+06   4.8095703e+01
   9.7605870e+06   4.3395996e+01
   9.7606830e+06   4.8095703e+01
   9.8032810e+06   4.5166016e+01
   9.8157280e+06   4.3212891e+01
   9.8458770e+06   4.3029785e+01
   9.8922900e+06   4.4067383e+01
   9.9714800e+06   5.1025391e+01
   9.9949170e+06   4.2907715e+01
   1.0071586e+07   4.4067383e+01
   1.0076042e+07   4.4921875e+01
   1.0090881e+07   4.2358398e+01
   1.0098196e+07   4.4555664e+01
   1.0187662e+07   4.2053223e+01
   1.0190364e+07   4.5104980e+01
   1.0191227e+07   4.3395996e+01
   1.0191273e+07   4.3945313e+01
   1.0191395e+07   4.1137695e+01
   1.0234042e+07   4.1809082e+01
   1.0263644e+07   4.3212891e+01
   1.0329382e+07   4.4616699e+01
   1.0333642e+07   4.1931152e+01
   1.0333666e+07   4.1748047e+01
   1.0333830e+07   4.1748047e+01
   1.0333852e+07   4.8583984e+01
   1.0333924e+07   4.2907715e+01
   1.0333993e+07   4.5776367e+01
   1.0334055e+07   4.7302246e+01
   1.0334143e+07   4.5898438e+01
   1.0334267e+07   4.5349121e+01
   1.0401887e+07   4.1625977e+01
   1.0410512e+07   4.4250488e+01
   1.0558568e+07   4.5715332e+01
   1.0559048e+07   4.3762207e+01
   1.0583773e+07   4.6752930e+01
   1.0583830e+07   4.3823242e+01
   1.0699286e+07   4.6142578e+01
   1.0715426e+07   4.1748047e+01
   1.0715861e+07   4.4067383e+01
   1.0716586e+07   4.3457031e+01
   1.0797763e+07   4.3640137e+01
   1.0797864e+07   4.2541504e+01
   1.0911896e+07   4.1137695e+01
   1.0927161e+07   4.9804688e+01
   1.0927220e+07   4.2846680e+01
   1.0927277e+07   4.3457031e+01
   1.0927350e+07   4.8034668e+01
   1.0927467e+07   5.7312012e+01
   1.0927646e+07   4.2114258e+01
   1.0928034e+07   4.8461914e+01
   1.1008644e+07   4.5715332e+01
   1.1008666e+07   4.8522949e+01
   1.1008691e+07   4.3945313e+01
   1.1008809e+07   4.6691895e+01
   1.1109932e+07   4.3640137e+01
   1.1113426e+07   4.2602539e+01
   1.1113521e+07   4.3518066e+01
   1.1180375e+07   4.4250488e+01
   1.1205447e+07   4.4616699e+01
   1.1240289e+07   4.3823242e+01
   1.1240898e+07   4.9926758e+01
   1.1242426e+07   4.9316406e+01
   1.1242506e+07   5.0842285e+01
   1.1261654e+07   4.1625977e+01
   1.1310293e+07   4.7302246e+01
   1.1310328e+07   4.3457031e+01
   1.1357033e+07   4.4067383e+01
   1.1357088e+07   4.2480469e+01
   1.1370487e+07   4.4860840e+01
   1.1415401e+07   4.2846680e+01
   1.1472483e+07   4.1809082e+01
   1.1618136e+07   4.2175293e+01
   1.1636319e+07   4.4982910e+01
   1.1695567e+07   4.6508789e+01
   1.1695959e+07   4.7546387e+01
   1.1798415e+07   4.2297363e+01
   1.1870264e+07   4.6997070e+01
   1.1903719e+07   4.1320801e+01
   1.1903807e+07   4.3090820e+01
