   1.1999000e+07   0.0000000e+00
   2.2906000e+04   3.1738281e+01
   2.2934000e+04   3.0883789e+01
   2.2953000e+04   3.1372070e+01
   2.2964000e+04   6.2011719e+01
   2.2983000e+04   4.3701172e+01
   2.3002000e+04   3.3325195e+01
   2.3023000e+04   4.1442871e+01
   2.3052000e+04   5.4077148e+01
   2.3069000e+04   3.4179688e+01
   2.3088000e+04   3.7292480e+01
   2.3099000e+04   4.1503906e+01
   2.3131000e+04   3.6926270e+01
   2.3146000e+04   3.3020020e+01
   2.3164000e+04   4.0344238e+01
   2.3209000e+04   3.6987305e+01
   2.3273000e+04   4.9194336e+01
   2.3317000e+04   3.4362793e+01
   2.3338000e+04   3.4118652e+01
   2.3370000e+04   3.6437988e+01
   2.3386000e+04   3.2531738e+01
   2.3486000e+04   3.1188965e+01
   2.3528000e+04   3.2165527e+01
   2.3621000e+04   3.5461426e+01
   2.4108000e+04   3.1066895e+01
   2.5153000e+04   3.4301758e+01
   8.0233000e+04   3.1982422e+01
   9.4812000e+04   3.1250000e+01
   9.4887000e+04   5.8044434e+01
   1.2141000e+05   4.7546387e+01
   1.2186700e+05   4.1442871e+01
   1.6689800e+05   4.9438477e+01
   1.6711500e+05   4.4250488e+01
   1.6728200e+05   4.5654297e+01
   1.6742800e+05   3.6987305e+01
   1.8603100e+05   3.5583496e+01
   1.8609300e+05   3.1311035e+01
   1.8625000e+05   3.4423828e+01
   1.8633900e+05   3.3203125e+01
   2.0579200e+05   4.5043945e+01
   2.2537600e+05   3.2409668e+01
   2.2540500e+05   4.2785645e+01
   2.2542300e+05   4.4250488e+01
   2.2545900e+05   5.2612305e+01
   2.2547200e+05   4.8034668e+01
   2.2549500e+05   4.5166016e+01
   2.2552000e+05   3.2104492e+01
   2.2554100e+05   3.1921387e+01
   2.2562700e+05   3.5034180e+01
   2.2564500e+05   3.6071777e+01
   2.2584400e+05   3.3813477e+01
   2.2587600e+05   4.6386719e+01
   2.2591800e+05   3.3630371e+01
   2.2613900e+05   3.7963867e+01
   2.2620000e+05   4.0527344e+01
   2.6358700e+05   3.1494141e+01
   2.8791600e+05   4.6569824e+01
   2.8804500e+05   4.3457031e+01
   2.8824800e+05   4.0771484e+01
   2.8847400e+05   3.7658691e+01
   3.3152100e+05   5.4138184e+01
   3.3154500e+05   3.9184570e+01
   3.3157500e+05   3.4484863e+01
   3.3159000e+05   3.4423828e+01
   3.3161700e+05   3.3508301e+01
   3.3164200e+05   4.6508789e+01
   3.3167700e+05   4.8767090e+01
   3.3171700e+05   4.0527344e+01
   3.3175400e+05   3.6254883e+01
   3.3178100e+05   3.6132813e+01
   3.3180100e+05   3.5583496e+01
   3.3182600e+05   3.6926270e+01
   3.3187000e+05   4.0954590e+01
   3.3193500e+05   3.6865234e+01
   3.3195100e+05   3.2653809e+01
   3.3198800e+05   3.5095215e+01
   3.3217200e+05   3.2653809e+01
   3.3241400e+05   4.4738770e+01
   3.3252300e+05   3.0578613e+01
   3.3275800e+05   3.1677246e+01
   3.3303500e+05   3.2104492e+01
   3.3320000e+05   3.1250000e+01
   3.3337300e+05   3.6987305e+01
   4.1147700e+05   3.3264160e+01
   4.3051300e+05   5.1574707e+01
   4.3491200e+05   4.0954590e+01
   4.5509800e+05   3.1311035e+01
   4.5518500e+05   3.1494141e+01
   4.5538800e+05   3.2714844e+01
   4.9178900e+05   3.6010742e+01
   4.9185300e+05   3.1127930e+01
   4.9188100e+05   3.0517578e+01
   4.9190900e+05   5.5114746e+01
   4.9193400e+05   3.2531738e+01
   4.9200600e+05   5.6823730e+01
   4.9201800e+05   3.5888672e+01
   5.2080400e+05   3.2958984e+01
   5.2083100e+05   7.0495605e+01
   5.2087000e+05   3.2348633e+01
   5.2089500e+05   3.6743164e+01
   5.2091700e+05   5.0659180e+01
   5.2095100e+05   3.0639648e+01
   5.2100800e+05   3.3264160e+01
   5.2114400e+05   3.6987305e+01
   5.6668800e+05   3.7841797e+01
   6.0463600e+05   3.7475586e+01
   6.0467200e+05   3.1188965e+01
   6.0473200e+05   6.3476563e+01
   6.0495600e+05   4.9377441e+01
   6.6227500e+05   3.1616211e+01
   6.9929000e+05   3.0822754e+01
   7.0213700e+05   3.1555176e+01
   7.0352400e+05   4.0832520e+01
   7.0355400e+05   3.5583496e+01
   7.0359000e+05   4.5104980e+01
   7.0362300e+05   3.5217285e+01
   7.0364900e+05   3.0700684e+01
   7.0368000e+05   3.7048340e+01
   7.0371300e+05   5.5297852e+01
   7.0375400e+05   4.8583984e+01
   7.0378200e+05   5.1696777e+01
   7.0380700e+05   3.3630371e+01
   7.0382500e+05   3.0761719e+01
   7.0403300e+05   3.7963867e+01
   7.0415500e+05   3.0822754e+01
   7.0423200e+05   3.0578613e+01
   7.0432200e+05   3.6132813e+01
   7.0446500e+05   3.2165527e+01
   7.0447700e+05   3.5705566e+01
   7.0468600e+05   4.0222168e+01
   7.0482800e+05   3.1677246e+01
   7.0533200e+05   3.1005859e+01
   8.1891700e+05   5.8837891e+01
   8.1912500e+05   3.7719727e+01
   8.1917900e+05   3.1616211e+01
   8.1934400e+05   5.3588867e+01
   8.3998200e+05   3.4606934e+01
   8.5284200e+05   5.3161621e+01
   8.5285900e+05   3.5095215e+01
   8.5288600e+05   3.3325195e+01
   8.5291600e+05   3.4301758e+01
   8.5294700e+05   4.1137695e+01
   8.5295900e+05   3.2348633e+01
   8.5302800e+05   3.0517578e+01
   8.5306000e+05   4.2663574e+01
   8.5307800e+05   3.0578613e+01
   8.7517800e+05   3.2958984e+01
   9.0570500e+05   4.4189453e+01
   9.0571600e+05   3.3691406e+01
   9.0575800e+05   5.0598145e+01
   9.0577900e+05   3.3569336e+01
   9.0582900e+05   3.2104492e+01
   9.0587500e+05   3.9611816e+01
   9.0591600e+05   3.1188965e+01
   9.0600700e+05   3.7841797e+01
   9.0640400e+05   3.0700684e+01
   9.8257000e+05   5.4321289e+01
   1.0119940e+06   3.0822754e+01
   1.0120820e+06   4.4189453e+01
   1.0120920e+06   3.1738281e+01
   1.0121910e+06   3.1127930e+01
   1.0123440e+06   3.1555176e+01
   1.0625500e+06   3.2165527e+01
   1.1140690e+06   3.9733887e+01
   1.1144950e+06   4.3579102e+01
   1.1145600e+06   4.2358398e+01
   1.1145840e+06   3.2592773e+01
   1.1146190e+06   3.7109375e+01
   1.1146540e+06   4.2785645e+01
   1.1147090e+06   3.2226563e+01
   1.1147390e+06   4.7790527e+01
   1.1650810e+06   3.2653809e+01
   1.1651440e+06   4.1076660e+01
   1.1651930e+06   3.6376953e+01
   1.1653550e+06   3.2897949e+01
   1.2216040e+06   3.3752441e+01
   1.2216220e+06   8.4411621e+01
   1.2216420e+06   3.0639648e+01
   1.2216670e+06   3.2836914e+01
   1.2216830e+06   4.5898438e+01
   1.2217310e+06   5.7617188e+01
   1.2217490e+06   4.7851563e+01
   1.2217950e+06   3.1555176e+01
   1.2218180e+06   3.3386230e+01
   1.2218460e+06   4.7790527e+01
   1.2218960e+06   4.2724609e+01
   1.2219230e+06   3.8696289e+01
   1.2219770e+06   3.2287598e+01
   1.2220530e+06   3.3813477e+01
   1.2221100e+06   3.4912109e+01
   1.2221690e+06   3.0517578e+01
   1.2222800e+06   3.4301758e+01
   1.2224000e+06   3.1005859e+01
   1.2228730e+06   3.2470703e+01
   1.2229460e+06   3.6376953e+01
   1.2230900e+06   3.1127930e+01
   1.2232980e+06   3.2043457e+01
   1.2237280e+06   3.4484863e+01
   1.2242010e+06   3.2287598e+01
   1.2244050e+06   3.2165527e+01
   1.3177460e+06   4.4738770e+01
   1.3177990e+06   3.0700684e+01
   1.3427300e+06   3.6315918e+01
   1.3428630e+06   3.3020020e+01
   1.3429470e+06   3.5888672e+01
   1.3429640e+06   4.5288086e+01
   1.3430790e+06   4.5898438e+01
   1.3431570e+06   3.2775879e+01
   1.3431890e+06   3.4851074e+01
   1.3435630e+06   4.2785645e+01
   1.3437900e+06   4.0405273e+01
   1.3787420e+06   3.2043457e+01
   1.3791180e+06   3.2897949e+01
   1.3791860e+06   5.1635742e+01
   1.3791980e+06   3.5949707e+01
   1.3794560e+06   5.0720215e+01
   1.3795830e+06   3.3325195e+01
   1.4252720e+06   3.1311035e+01
   1.5183250e+06   5.3955078e+01
   1.5183440e+06   3.7658691e+01
   1.5183580e+06   4.5471191e+01
   1.5183740e+06   4.7485352e+01
   1.5183890e+06   3.9733887e+01
   1.5184390e+06   4.1320801e+01
   1.5184720e+06   5.6396484e+01
   1.5187380e+06   4.0344238e+01
   1.5188310e+06   4.4067383e+01
   1.5586060e+06   3.2409668e+01
   1.5991990e+06   3.2714844e+01
   1.5992620e+06   3.2897949e+01
   1.5993690e+06   4.3640137e+01
   1.5994440e+06   3.4851074e+01
   1.5994590e+06   3.3447266e+01
   1.5994950e+06   3.2409668e+01
   1.5996170e+06   3.4423828e+01
   1.6582940e+06   3.0639648e+01
   1.6583640e+06   3.3142090e+01
   1.6583780e+06   3.6193848e+01
   1.6584200e+06   4.9743652e+01
   1.6584370e+06   3.7719727e+01
   1.6584590e+06   3.2775879e+01
   1.6584970e+06   3.2104492e+01
   1.6586400e+06   3.5156250e+01
   1.6586530e+06   3.5888672e+01
   1.6587300e+06   3.5461426e+01
   1.6589410e+06   3.9489746e+01
   1.7149060e+06   3.2165527e+01
   1.7149790e+06   3.1066895e+01
   1.7150260e+06   3.9978027e+01
   1.7153920e+06   3.1066895e+01
   1.7154620e+06   4.7241211e+01
   1.7366440e+06   3.3020020e+01
   1.7749880e+06   5.0292969e+01
   1.7750500e+06   3.2836914e+01
   1.7751760e+06   4.4799805e+01
   1.7752270e+06   3.1677246e+01
   1.7752950e+06   3.1494141e+01
   1.8571090e+06   3.9245605e+01
   1.8573660e+06   3.4973145e+01
   1.8574880e+06   3.2043457e+01
   1.8948670e+06   3.2348633e+01
   1.9351610e+06   3.1372070e+01
   1.9352190e+06   3.5217285e+01
   1.9352650e+06   4.9499512e+01
   1.9533980e+06   3.1555176e+01
   1.9534440e+06   4.9255371e+01
   1.9534740e+06   7.1044922e+01
   1.9535000e+06   3.7780762e+01
   1.9535170e+06   3.1799316e+01
   1.9535320e+06   4.2297363e+01
   1.9535910e+06   3.8085938e+01
   1.9538680e+06   3.1555176e+01
   1.9917300e+06   3.6437988e+01
   2.0116410e+06   3.4667969e+01
   2.0321260e+06   4.8706055e+01
   2.0325060e+06   3.3752441e+01
   2.0966650e+06   3.1005859e+01
   2.0972370e+06   3.3447266e+01
   2.1314540e+06   5.7006836e+01
   2.1315170e+06   3.6621094e+01
   2.1315470e+06   4.7119141e+01
   2.1316030e+06   3.5400391e+01
   2.1316460e+06   3.5827637e+01
   2.1316860e+06   3.4667969e+01
   2.1318300e+06   3.6987305e+01
   2.1560550e+06   3.3508301e+01
   2.1684800e+06   5.2062988e+01
   2.1686270e+06   3.4423828e+01
   2.1688710e+06   4.6508789e+01
   2.2134060e+06   5.5297852e+01
   2.2743500e+06   5.3527832e+01
   2.2743900e+06   3.7475586e+01
   2.2744110e+06   4.1870117e+01
   2.2744320e+06   3.9367676e+01
   2.2744820e+06   3.9367676e+01
   2.2744940e+06   3.2165527e+01
   2.2745090e+06   3.8024902e+01
   2.2745400e+06   3.1738281e+01
   2.2746300e+06   3.1372070e+01
   2.3224390e+06   3.1066895e+01
   2.3391160e+06   3.5583496e+01
   2.3391620e+06   3.0944824e+01
   2.3391870e+06   3.0761719e+01
   2.3392170e+06   5.6030273e+01
   2.3392660e+06   3.9978027e+01
   2.3392800e+06   5.5419922e+01
   2.3393060e+06   3.2836914e+01
   2.3393460e+06   4.0466309e+01
   2.3393700e+06   5.0781250e+01
   2.3393980e+06   5.0903320e+01
   2.3394350e+06   3.6071777e+01
   2.3395180e+06   3.1494141e+01
   2.3395620e+06   3.0761719e+01
   2.3396340e+06   3.1188965e+01
   2.3396570e+06   3.6682129e+01
   2.3397310e+06   3.1188965e+01
   2.3400050e+06   3.1188965e+01
   2.3401550e+06   3.2470703e+01
   2.3402640e+06   4.2480469e+01
   2.3405040e+06   3.0883789e+01
   2.3406100e+06   3.1738281e+01
   2.3406480e+06   3.1433105e+01
   2.3408130e+06   3.2592773e+01
   2.3412420e+06   3.5461426e+01
   2.3416200e+06   3.2592773e+01
   2.3423340e+06   3.6682129e+01
   2.4096500e+06   3.5217285e+01
   2.4100670e+06   4.2053223e+01
   2.4322540e+06   3.7353516e+01
   2.4508020e+06   4.2602539e+01
   2.4509000e+06   4.3640137e+01
   2.4510600e+06   3.3508301e+01
   2.4511990e+06   3.1372070e+01
   2.4514140e+06   3.2043457e+01
   2.4734040e+06   4.6569824e+01
   2.4734260e+06   3.2592773e+01
   2.4734900e+06   3.6499023e+01
   2.4743900e+06   4.4738770e+01
   2.4746240e+06   3.9855957e+01
   2.4990680e+06   3.5034180e+01
   2.4990880e+06   4.9438477e+01
   2.4991150e+06   3.2409668e+01
   2.4991410e+06   3.8452148e+01
   2.4991570e+06   4.9194336e+01
   2.4991850e+06   3.7048340e+01
   2.4991980e+06   5.5847168e+01
   2.4992310e+06   5.9204102e+01
   2.4992560e+06   3.1066895e+01
   2.4992860e+06   3.5217285e+01
   2.4993060e+06   3.1982422e+01
   2.4993710e+06   3.9123535e+01
   2.4994420e+06   3.7292480e+01
   2.4994680e+06   3.6682129e+01
   2.4995070e+06   3.3508301e+01
   2.4995780e+06   5.0659180e+01
   2.4997810e+06   3.1738281e+01
   2.5005490e+06   3.2409668e+01
   2.5010310e+06   3.2409668e+01
   2.5496260e+06   4.7302246e+01
   2.5616980e+06   4.3823242e+01
   2.5637810e+06   3.0700684e+01
   2.5639590e+06   4.2968750e+01
   2.5653100e+06   5.5480957e+01
   2.5915150e+06   5.0415039e+01
   2.5915290e+06   3.1677246e+01
   2.5919390e+06   4.5532227e+01
   2.6223210e+06   4.0100098e+01
   2.6223910e+06   3.5217285e+01
   2.6224120e+06   3.3020020e+01
   2.6549160e+06   4.7973633e+01
   2.6555350e+06   3.4667969e+01
   2.7005710e+06   3.1311035e+01
   2.7005960e+06   3.9733887e+01
   2.7007060e+06   3.5522461e+01
   2.7007160e+06   4.4616699e+01
   2.7007510e+06   3.3996582e+01
   2.7014090e+06   3.8574219e+01
   2.7313500e+06   3.6499023e+01
   2.7314220e+06   3.1066895e+01
   2.7314350e+06   5.1879883e+01
   2.7314620e+06   3.7597656e+01
   2.7314950e+06   3.4667969e+01
   2.7315200e+06   5.2856445e+01
   2.7315420e+06   5.4992676e+01
   2.7315520e+06   5.7800293e+01
   2.7315820e+06   3.4362793e+01
   2.7315930e+06   5.0170898e+01
   2.7316190e+06   5.5541992e+01
   2.7316340e+06   3.7170410e+01
   2.7317300e+06   3.2287598e+01
   2.7317780e+06   3.2958984e+01
   2.7318020e+06   3.5949707e+01
   2.7318150e+06   3.2531738e+01
   2.7318550e+06   4.1625977e+01
   2.7319200e+06   3.3569336e+01
   2.7321190e+06   3.1372070e+01
   2.7321600e+06   3.0578613e+01
   2.7322040e+06   3.6804199e+01
   2.7322910e+06   3.6865234e+01
   2.7323790e+06   4.5410156e+01
   2.7324190e+06   3.8269043e+01
   2.7326380e+06   3.1860352e+01
   2.7327390e+06   3.1066895e+01
   2.7327980e+06   3.5705566e+01
   2.7332390e+06   3.4545898e+01
   2.7333530e+06   3.7109375e+01
   2.7336350e+06   3.0883789e+01
   2.7341850e+06   3.2226563e+01
   2.8149510e+06   3.4851074e+01
   2.8151340e+06   4.6997070e+01
   2.8493570e+06   3.3569336e+01
   2.9102390e+06   3.5583496e+01
   2.9102490e+06   3.0517578e+01
   2.9328120e+06   3.1433105e+01
   2.9328280e+06   3.6499023e+01
   2.9328450e+06   5.0842285e+01
   2.9328650e+06   3.5644531e+01
   2.9329500e+06   3.4667969e+01
   2.9583130e+06   3.2287598e+01
   2.9584250e+06   4.6081543e+01
   3.0221560e+06   4.1259766e+01
   3.0222840e+06   4.3823242e+01
   3.0224660e+06   5.4443359e+01
   3.0227010e+06   3.8635254e+01
   3.0227980e+06   3.0639648e+01
   3.0999940e+06   3.1494141e+01
   3.1132340e+06   3.3325195e+01
   3.1132650e+06   3.1066895e+01
   3.1132940e+06   4.0649414e+01
   3.1142820e+06   5.2978516e+01
   3.1143080e+06   3.5888672e+01
   3.1143260e+06   3.6010742e+01
   3.1143590e+06   4.3701172e+01
   3.1143800e+06   4.4860840e+01
   3.1143940e+06   4.0832520e+01
   3.1144450e+06   3.0822754e+01
   3.1145630e+06   3.6621094e+01
   3.1706570e+06   3.5217285e+01
   3.1706980e+06   3.8818359e+01
   3.1707470e+06   3.2531738e+01
   3.1707990e+06   3.1555176e+01
   3.1709270e+06   3.9306641e+01
   3.1711040e+06   4.7851563e+01
   3.1711320e+06   3.4973145e+01
   3.2154480e+06   3.0517578e+01
   3.2154620e+06   3.2836914e+01
   3.2155300e+06   5.7250977e+01
   3.2155590e+06   4.7790527e+01
   3.2155710e+06   3.1433105e+01
   3.2156240e+06   3.4729004e+01
   3.2156450e+06   3.6560059e+01
   3.2157180e+06   3.2409668e+01
   3.2157500e+06   3.2165527e+01
   3.2158300e+06   3.0639648e+01
   3.2160310e+06   3.2409668e+01
   3.2790630e+06   3.1616211e+01
   3.3132390e+06   3.0761719e+01
   3.3137480e+06   3.0944824e+01
   3.3519050e+06   3.1921387e+01
   3.3519890e+06   3.2226563e+01
   3.3520750e+06   5.0781250e+01
   3.3614970e+06   3.1433105e+01
   3.3615220e+06   3.8635254e+01
   3.3615370e+06   5.5541992e+01
   3.3615720e+06   3.4057617e+01
   3.3616080e+06   3.8391113e+01
   3.3616240e+06   3.1250000e+01
   3.3616520e+06   3.3264160e+01
   3.3616800e+06   3.4790039e+01
   3.3617100e+06   3.4667969e+01
   3.4251990e+06   3.1982422e+01
   3.4638440e+06   3.1982422e+01
   3.4638910e+06   3.2958984e+01
   3.4641450e+06   5.0903320e+01
   3.5506860e+06   3.3325195e+01
   3.5513020e+06   4.5532227e+01
   3.5513750e+06   3.1127930e+01
   3.5518600e+06   4.2846680e+01
   3.5525080e+06   3.1738281e+01
   3.5525310e+06   3.7475586e+01
   3.5525500e+06   4.0710449e+01
   3.5525720e+06   3.4423828e+01
   3.5526230e+06   3.2104492e+01
   3.5526650e+06   3.4606934e+01
   3.5527610e+06   4.0710449e+01
   3.5527780e+06   3.1738281e+01
   3.5528160e+06   3.4545898e+01
   3.5888280e+06   3.1921387e+01
   3.5894480e+06   3.6804199e+01
   3.5894930e+06   3.9611816e+01
   3.5895360e+06   3.4912109e+01
   3.5895860e+06   3.1921387e+01
   3.5896130e+06   4.7485352e+01
   3.6121580e+06   3.7292480e+01
   3.6121880e+06   3.1188965e+01
   3.6122060e+06   3.1799316e+01
   3.6281720e+06   3.3691406e+01
   3.6282010e+06   5.6396484e+01
   3.6282200e+06   4.0405273e+01
   3.6282480e+06   3.1799316e+01
   3.6282640e+06   3.8208008e+01
   3.6282920e+06   3.9123535e+01
   3.6283100e+06   4.6875000e+01
   3.6283510e+06   3.1738281e+01
   3.7013760e+06   3.1494141e+01
   3.7014490e+06   3.6560059e+01
   3.7014660e+06   4.5166016e+01
   3.7014810e+06   3.9489746e+01
   3.7015250e+06   6.1706543e+01
   3.7015460e+06   5.3100586e+01
   3.7015760e+06   3.2409668e+01
   3.7016010e+06   7.4340820e+01
   3.7016230e+06   3.6499023e+01
   3.7016730e+06   5.1757813e+01
   3.7016930e+06   4.2968750e+01
   3.7017330e+06   3.7841797e+01
   3.7017530e+06   3.3508301e+01
   3.7017980e+06   3.0700684e+01
   3.7018290e+06   3.1311035e+01
   3.7018480e+06   3.4973145e+01
   3.7018830e+06   3.0517578e+01
   3.7019280e+06   3.1982422e+01
   3.7021440e+06   3.1311035e+01
   3.7021900e+06   3.0883789e+01
   3.7022950e+06   3.3020020e+01
   3.7026890e+06   3.4667969e+01
   3.7034280e+06   3.3935547e+01
   3.7034520e+06   3.1005859e+01
   3.7037950e+06   3.2714844e+01
   3.7290930e+06   3.3142090e+01
   3.7854480e+06   3.1066895e+01
   3.7855230e+06   3.4606934e+01
   3.7856430e+06   4.2358398e+01
   3.7858150e+06   3.9123535e+01
   3.7862040e+06   3.1188965e+01
   3.7864070e+06   3.3691406e+01
   3.7867420e+06   4.2480469e+01
   3.7871280e+06   3.7902832e+01
   3.8153260e+06   4.8583984e+01
   3.8159410e+06   3.1372070e+01
   3.8159620e+06   3.7170410e+01
   3.8160740e+06   3.0883789e+01
   3.8572140e+06   3.0639648e+01
   3.8572560e+06   3.0883789e+01
   3.8572890e+06   3.1677246e+01
   3.8577970e+06   4.0405273e+01
   3.8579030e+06   4.4738770e+01
   3.8797340e+06   3.2958984e+01
   3.8800640e+06   5.9997559e+01
   3.8800740e+06   3.0517578e+01
   3.8801000e+06   4.0466309e+01
   3.8801230e+06   4.9133301e+01
   3.8801370e+06   6.1035156e+01
   3.8801700e+06   4.5532227e+01
   3.8801880e+06   3.0822754e+01
   3.8802230e+06   3.0883789e+01
   3.8802480e+06   4.0954590e+01
   3.8802640e+06   5.4809570e+01
   3.8803040e+06   3.3081055e+01
   3.8803210e+06   3.2653809e+01
   3.8803680e+06   3.9001465e+01
   3.8803830e+06   3.4179688e+01
   3.8804050e+06   3.0517578e+01
   3.8804290e+06   3.7231445e+01
   3.8804710e+06   4.5715332e+01
   3.8805050e+06   3.3325195e+01
   3.8805440e+06   3.1433105e+01
   3.8810370e+06   3.6682129e+01
   3.9768620e+06   5.0170898e+01
   3.9769170e+06   4.0954590e+01
   3.9769270e+06   5.0903320e+01
   3.9769890e+06   3.9550781e+01
   3.9770410e+06   3.6499023e+01
   3.9770990e+06   3.9733887e+01
   3.9771750e+06   3.4606934e+01
   3.9771910e+06   3.5156250e+01
   3.9772390e+06   3.4606934e+01
   3.9772960e+06   3.2897949e+01
   3.9773190e+06   3.1860352e+01
   3.9773720e+06   3.0517578e+01
   4.0177620e+06   3.2165527e+01
   4.0178190e+06   4.8461914e+01
   4.0178740e+06   5.1025391e+01
   4.0179260e+06   3.7170410e+01
   4.0179950e+06   3.0822754e+01
   4.0180210e+06   3.4545898e+01
   4.0180460e+06   3.9367676e+01
   4.0180710e+06   3.2287598e+01
   4.0182580e+06   4.4433594e+01
   4.0187150e+06   3.4484863e+01
   4.0707280e+06   5.1269531e+01
   4.0955760e+06   3.3020020e+01
   4.0956120e+06   3.1860352e+01
   4.0956270e+06   3.8513184e+01
   4.0956730e+06   5.3894043e+01
   4.0957200e+06   3.5827637e+01
   4.0957610e+06   3.4057617e+01
   4.0958020e+06   6.0729980e+01
   4.0958520e+06   3.3203125e+01
   4.0958870e+06   3.1250000e+01
   4.0959220e+06   4.6325684e+01
   4.0959570e+06   3.1677246e+01
   4.0960280e+06   3.0883789e+01
   4.0961410e+06   4.1503906e+01
   4.0962950e+06   4.2846680e+01
   4.1782600e+06   3.1799316e+01
   4.1783770e+06   5.4565430e+01
   4.1783980e+06   3.0822754e+01
   4.1784610e+06   4.0283203e+01
   4.1785020e+06   4.0832520e+01
   4.1785540e+06   3.2104492e+01
   4.1785790e+06   3.3691406e+01
   4.1786000e+06   3.3752441e+01
   4.1786530e+06   4.5227051e+01
   4.1786820e+06   3.0883789e+01
   4.1787880e+06   3.9672852e+01
   4.2636710e+06   3.6254883e+01
   4.2637580e+06   3.0639648e+01
   4.3592420e+06   3.5156250e+01
   4.4282320e+06   3.2165527e+01
   4.4282720e+06   3.2470703e+01
   4.4283410e+06   3.5217285e+01
   4.4284030e+06   3.3447266e+01
   4.4903410e+06   3.3935547e+01
   4.4904380e+06   4.6569824e+01
   4.4904500e+06   3.8879395e+01
   4.5579400e+06   3.8085938e+01
   4.5579510e+06   5.4443359e+01
   4.5579840e+06   3.8024902e+01
   4.5580180e+06   4.6630859e+01
   4.5580350e+06   3.7170410e+01
   4.5580920e+06   6.8054199e+01
   4.5581160e+06   4.8950195e+01
   4.5581370e+06   4.3457031e+01
   4.5581540e+06   3.1616211e+01
   4.5581720e+06   5.7922363e+01
   4.5582000e+06   3.6315918e+01
   4.5582550e+06   3.2348633e+01
   4.5582960e+06   3.8085938e+01
   4.5584260e+06   5.5297852e+01
   4.5584430e+06   3.3508301e+01
   4.5585130e+06   3.8024902e+01
   4.5585470e+06   3.1311035e+01
   4.5586060e+06   3.2531738e+01
   4.5587000e+06   3.4790039e+01
   4.5593210e+06   3.1860352e+01
   4.5597270e+06   3.6437988e+01
   4.5599860e+06   3.2897949e+01
   4.6107000e+06   4.2846680e+01
   4.6213030e+06   3.1738281e+01
   4.6334460e+06   3.3081055e+01
   4.6477370e+06   3.1433105e+01
   4.6478360e+06   4.4982910e+01
   4.6478890e+06   3.6254883e+01
   4.6769460e+06   6.6772461e+01
   4.6769670e+06   3.4057617e+01
   4.6770010e+06   4.6020508e+01
   4.6770110e+06   3.9123535e+01
   4.6770300e+06   3.2775879e+01
   4.6770670e+06   3.3996582e+01
   4.6770870e+06   3.9733887e+01
   4.6771670e+06   4.0161133e+01
   4.6771820e+06   3.5217285e+01
   4.6772880e+06   4.3151855e+01
   4.6773490e+06   4.4433594e+01
   4.6775650e+06   4.1198730e+01
   4.7124260e+06   4.8461914e+01
   4.7124610e+06   3.1494141e+01
   4.7124770e+06   4.1076660e+01
   4.7125120e+06   4.0893555e+01
   4.7125410e+06   3.1433105e+01
   4.7125570e+06   4.0283203e+01
   4.7125840e+06   3.4423828e+01
   4.7126330e+06   4.5959473e+01
   4.7126460e+06   3.5583496e+01
   4.7126580e+06   3.2714844e+01
   4.7126910e+06   3.9306641e+01
   4.7127150e+06   3.3325195e+01
   4.7127510e+06   3.4729004e+01
   4.7127930e+06   4.4311523e+01
   4.7128140e+06   3.7536621e+01
   4.7128270e+06   3.8696289e+01
   4.7128970e+06   3.5888672e+01
   4.7130090e+06   3.2653809e+01
   4.7131120e+06   3.3386230e+01
   4.7132340e+06   3.4790039e+01
   4.7133800e+06   3.3508301e+01
   4.7134090e+06   3.1921387e+01
   4.7138060e+06   3.1188965e+01
   4.7142000e+06   3.6987305e+01
   4.7151000e+06   3.1921387e+01
   4.8053970e+06   4.4921875e+01
   4.8056990e+06   4.7790527e+01
   4.8058750e+06   3.8513184e+01
   4.8060940e+06   3.6987305e+01
   4.8321920e+06   4.1198730e+01
   4.8326950e+06   3.2104492e+01
   4.8344280e+06   4.7180176e+01
   4.8345400e+06   3.7353516e+01
   4.8345610e+06   3.1982422e+01
   4.8879530e+06   3.1860352e+01
   4.8880070e+06   4.5288086e+01
   4.8880240e+06   3.2226563e+01
   4.8880600e+06   3.3081055e+01
   4.8880860e+06   3.9611816e+01
   4.8881120e+06   4.4494629e+01
   4.8881310e+06   3.1005859e+01
   4.8881660e+06   3.2165527e+01
   4.8881910e+06   4.5471191e+01
   4.8882350e+06   4.1748047e+01
   4.8883450e+06   4.2297363e+01
   4.8885280e+06   4.1076660e+01
   4.9503620e+06   3.1250000e+01
   4.9504580e+06   4.1442871e+01
   4.9504900e+06   6.2744141e+01
   4.9507200e+06   3.1372070e+01
   4.9507350e+06   4.4189453e+01
   4.9507670e+06   3.3996582e+01
   4.9513690e+06   3.1188965e+01
   5.0005460e+06   3.7780762e+01
   5.0006580e+06   3.0883789e+01
   5.0006760e+06   4.3090820e+01
   5.0007090e+06   3.2104492e+01
   5.0007610e+06   3.1738281e+01
   5.0007780e+06   3.4057617e+01
   5.0008870e+06   3.1494141e+01
   5.0010810e+06   4.3395996e+01
   5.0606550e+06   3.1616211e+01
   5.0606900e+06   3.9123535e+01
   5.0607010e+06   4.4982910e+01
   5.0607200e+06   4.7119141e+01
   5.0607800e+06   3.9001465e+01
   5.0608140e+06   6.6589355e+01
   5.0608290e+06   3.5766602e+01
   5.0608410e+06   3.4790039e+01
   5.0608690e+06   3.4118652e+01
   5.0608840e+06   3.2043457e+01
   5.0609190e+06   4.3884277e+01
   5.0609730e+06   3.3386230e+01
   5.0610310e+06   3.9428711e+01
   5.0912470e+06   3.1372070e+01
   5.1390020e+06   3.6010742e+01
   5.1390470e+06   4.4067383e+01
   5.1391120e+06   3.0517578e+01
   5.1391340e+06   3.2043457e+01
   5.1391780e+06   5.1513672e+01
   5.1392320e+06   5.6945801e+01
   5.2275340e+06   5.1696777e+01
   5.2276050e+06   3.5461426e+01
   5.2279780e+06   4.7546387e+01
   5.2282230e+06   4.6264648e+01
   5.2997470e+06   3.2043457e+01
   5.2997830e+06   3.1555176e+01
   5.3397020e+06   4.9255371e+01
   5.3397200e+06   3.2104492e+01
   5.3397660e+06   3.5888672e+01
   5.3398150e+06   4.0283203e+01
   5.3815770e+06   3.4790039e+01
   5.3822710e+06   3.1188965e+01
   5.3829380e+06   3.4118652e+01
   5.3982860e+06   3.1555176e+01
   5.4265750e+06   5.0109863e+01
   5.4266560e+06   3.2348633e+01
   5.4493030e+06   3.2348633e+01
   5.4493400e+06   3.1555176e+01
   5.4632200e+06   4.7119141e+01
   5.4632480e+06   4.6813965e+01
   5.4632600e+06   3.7658691e+01
   5.4632790e+06   7.1472168e+01
   5.4633140e+06   4.6691895e+01
   5.4633540e+06   4.4311523e+01
   5.4633740e+06   3.5644531e+01
   5.4633900e+06   3.6804199e+01
   5.4634110e+06   3.4301758e+01
   5.4634610e+06   3.2409668e+01
   5.4634900e+06   4.2236328e+01
   5.4635040e+06   4.8156738e+01
   5.4635290e+06   4.6691895e+01
   5.4635820e+06   3.5034180e+01
   5.4636540e+06   3.8208008e+01
   5.4637250e+06   3.1311035e+01
   5.4639050e+06   3.6621094e+01
   5.4642140e+06   3.0944824e+01
   5.4644640e+06   3.2470703e+01
   5.4647510e+06   3.2592773e+01
   5.4662450e+06   3.6071777e+01
   5.5882780e+06   3.3630371e+01
   5.5884210e+06   3.1982422e+01
   5.5884960e+06   5.1208496e+01
   5.5886790e+06   4.3273926e+01
   5.6162800e+06   3.1677246e+01
   5.6163870e+06   3.4362793e+01
   5.6164890e+06   5.1696777e+01
   5.6166220e+06   4.5410156e+01
   5.6170350e+06   3.2043457e+01
   5.6601090e+06   3.4301758e+01
   5.6601280e+06   4.5959473e+01
   5.6601670e+06   3.8757324e+01
   5.6602070e+06   3.4973145e+01
   5.6602380e+06   3.3142090e+01
   5.6602580e+06   4.7973633e+01
   5.6602720e+06   5.9448242e+01
   5.6602930e+06   4.3762207e+01
   5.6603280e+06   3.1799316e+01
   5.6603400e+06   3.5217285e+01
   5.6603860e+06   5.0292969e+01
   5.6604210e+06   3.3325195e+01
   5.6604440e+06   3.4851074e+01
   5.6605150e+06   3.3874512e+01
   5.6607980e+06   3.2714844e+01
   5.6609680e+06   3.5278320e+01
   5.6611060e+06   3.6499023e+01
   5.6619940e+06   3.9367676e+01
   5.6930100e+06   3.5522461e+01
   5.6930660e+06   3.1860352e+01
   5.6931010e+06   4.0649414e+01
   5.6937900e+06   3.8269043e+01
   5.7625090e+06   3.9123535e+01
   5.7633350e+06   3.3752441e+01
   5.7633940e+06   4.2724609e+01
   5.7635440e+06   3.7841797e+01
   5.7800610e+06   5.4626465e+01
   5.7801240e+06   4.0954590e+01
   5.7801800e+06   3.2775879e+01
   5.7805080e+06   4.2053223e+01
   5.7805440e+06   3.2104492e+01
   5.7805930e+06   3.3325195e+01
   5.7807590e+06   3.8696289e+01
   5.8259010e+06   3.5766602e+01
   5.8443300e+06   3.7048340e+01
   5.8443540e+06   4.0344238e+01
   5.8443900e+06   3.3508301e+01
   5.8444620e+06   3.4912109e+01
   5.8445170e+06   3.0944824e+01
   5.8445360e+06   3.1616211e+01
   5.8445790e+06   3.5949707e+01
   5.8447670e+06   4.3029785e+01
   5.9072100e+06   3.5644531e+01
   5.9072470e+06   4.5227051e+01
   5.9401950e+06   3.2165527e+01
   5.9402970e+06   3.0639648e+01
   5.9404240e+06   4.4799805e+01
   5.9414770e+06   3.0700684e+01
   6.0000190e+06   3.2531738e+01
   6.0474590e+06   3.2287598e+01
   6.0483560e+06   3.1433105e+01
   6.0850060e+06   3.1372070e+01
   6.0850210e+06   3.3630371e+01
   6.0850680e+06   3.1738281e+01
   6.0850960e+06   3.0883789e+01
   6.0851370e+06   4.7912598e+01
   6.0852330e+06   3.2165527e+01
   6.0852880e+06   3.1982422e+01
   6.0853110e+06   4.3640137e+01
   6.1469620e+06   5.5541992e+01
   6.1469790e+06   3.4240723e+01
   6.1469960e+06   4.6081543e+01
   6.1470770e+06   3.1677246e+01
   6.1470920e+06   4.8278809e+01
   6.1471110e+06   3.1127930e+01
   6.1471290e+06   3.5522461e+01
   6.1472230e+06   3.2165527e+01
   6.1472580e+06   4.2907715e+01
   6.1472810e+06   5.0292969e+01
   6.1474030e+06   4.9804688e+01
   6.1475470e+06   3.4362793e+01
   6.1475610e+06   4.8706055e+01
   6.2355620e+06   3.1005859e+01
   6.2756940e+06   3.4240723e+01
   6.2758050e+06   4.4860840e+01
   6.2758490e+06   3.9978027e+01
   6.2762560e+06   5.9875488e+01
   6.2946900e+06   3.1799316e+01
   6.2947290e+06   3.1188965e+01
   6.2947810e+06   3.3264160e+01
   6.2948060e+06   3.8635254e+01
   6.2948170e+06   3.6987305e+01
   6.2948740e+06   3.3508301e+01
   6.2948870e+06   4.6386719e+01
   6.3486660e+06   3.9916992e+01
   6.3487770e+06   5.9997559e+01
   6.3488560e+06   3.6193848e+01
   6.4031350e+06   3.2958984e+01
   6.4031710e+06   3.0578613e+01
   6.4031990e+06   3.7597656e+01
   6.4032090e+06   3.2592773e+01
   6.4032440e+06   3.8696289e+01
   6.4032770e+06   4.6630859e+01
   6.4032990e+06   3.2836914e+01
   6.4033290e+06   3.7353516e+01
   6.4033510e+06   4.9072266e+01
   6.4033810e+06   4.5898438e+01
   6.4034150e+06   3.8635254e+01
   6.4034670e+06   3.2714844e+01
   6.4035120e+06   3.9001465e+01
   6.4035460e+06   4.2297363e+01
   6.4035820e+06   3.0700684e+01
   6.4035950e+06   3.7658691e+01
   6.4040960e+06   3.5705566e+01
   6.4048930e+06   3.1921387e+01
   6.4068060e+06   3.0761719e+01
   6.5408440e+06   5.4382324e+01
   6.5408960e+06   3.2714844e+01
   6.5412950e+06   4.3823242e+01
   6.5415510e+06   3.5400391e+01
   6.5428610e+06   3.4729004e+01
   6.5869230e+06   3.3325195e+01
   6.5869440e+06   3.0761719e+01
   6.5869630e+06   5.6152344e+01
   6.5870650e+06   3.1921387e+01
   6.6161270e+06   3.4240723e+01
   6.6162480e+06   4.1992188e+01
   6.6162830e+06   3.5156250e+01
   6.6656690e+06   3.4179688e+01
   6.6657340e+06   3.5278320e+01
   6.6658530e+06   3.1188965e+01
   6.7039910e+06   3.1616211e+01
   6.7040150e+06   5.3649902e+01
   6.7040660e+06   3.1066895e+01
   6.7352090e+06   3.3447266e+01
   6.7352390e+06   3.3508301e+01
   6.7352840e+06   3.5278320e+01
   6.7352960e+06   5.6457520e+01
   6.7353130e+06   4.1625977e+01
   6.7353290e+06   3.4240723e+01
   6.7353500e+06   3.6499023e+01
   6.7353790e+06   4.2541504e+01
   6.7353980e+06   3.4667969e+01
   6.7354130e+06   3.9855957e+01
   6.7354450e+06   3.2165527e+01
   6.7354990e+06   3.8513184e+01
   6.7355240e+06   4.0954590e+01
   6.7355640e+06   3.2653809e+01
   6.7356880e+06   3.3569336e+01
   6.7357490e+06   3.1250000e+01
   6.7358330e+06   3.1738281e+01
   6.7358760e+06   3.0944824e+01
   6.7359780e+06   3.2104492e+01
   6.7359970e+06   4.1809082e+01
   6.7361430e+06   3.0822754e+01
   6.7362510e+06   3.1738281e+01
   6.8433910e+06   4.0161133e+01
   6.8799330e+06   3.1188965e+01
   6.8799560e+06   5.9753418e+01
   6.8800070e+06   3.9672852e+01
   6.8800420e+06   4.2480469e+01
   6.8800580e+06   5.8715820e+01
   6.8800850e+06   3.1677246e+01
   6.8801170e+06   4.2663574e+01
   6.8801480e+06   3.2287598e+01
   6.8801810e+06   4.4921875e+01
   6.8802870e+06   3.5522461e+01
   6.8803210e+06   3.2897949e+01
   6.8803500e+06   3.1127930e+01
   6.8804580e+06   4.4982910e+01
   6.8806000e+06   3.3447266e+01
   6.8806150e+06   3.1372070e+01
   6.8807500e+06   3.4179688e+01
   6.8809000e+06   3.6682129e+01
   6.8810860e+06   3.1860352e+01
   6.8811830e+06   3.9123535e+01
   6.8814960e+06   3.9428711e+01
   6.9874690e+06   4.3762207e+01
   6.9875000e+06   3.3081055e+01
   6.9875160e+06   3.7658691e+01
   6.9875330e+06   4.3457031e+01
   6.9875770e+06   3.4973145e+01
   6.9876200e+06   3.2592773e+01
   6.9876590e+06   4.3701172e+01
   6.9877050e+06   3.7353516e+01
   6.9877280e+06   3.4790039e+01
   6.9879370e+06   4.2846680e+01
   6.9879950e+06   3.2653809e+01
   7.0992270e+06   3.1677246e+01
   7.0992800e+06   3.3386230e+01
   7.0993150e+06   3.5095215e+01
   7.0993330e+06   5.2307129e+01
   7.0993490e+06   3.3691406e+01
   7.0993690e+06   3.8818359e+01
   7.0993800e+06   3.6621094e+01
   7.0993950e+06   4.5898438e+01
   7.0994120e+06   4.1015625e+01
   7.0994490e+06   7.4523926e+01
   7.0994770e+06   4.5959473e+01
   7.0995000e+06   3.9184570e+01
   7.0995280e+06   3.2287598e+01
   7.0995460e+06   3.7963867e+01
   7.0995620e+06   3.0700684e+01
   7.0996180e+06   4.0588379e+01
   7.0996690e+06   3.2470703e+01
   7.0996940e+06   3.2531738e+01
   7.0997260e+06   3.1250000e+01
   7.0997770e+06   3.5705566e+01
   7.0998270e+06   3.0578613e+01
   7.0998690e+06   3.5217285e+01
   7.0999210e+06   3.7353516e+01
   7.0999930e+06   3.3264160e+01
   7.1007400e+06   3.1188965e+01
   7.1008430e+06   3.2409668e+01
   7.1012750e+06   3.2165527e+01
   7.1015320e+06   3.1677246e+01
   7.1025120e+06   3.5522461e+01
   7.2288370e+06   3.3203125e+01
   7.2288580e+06   3.1616211e+01
   7.2289170e+06   3.3447266e+01
   7.2292260e+06   4.6813965e+01
   7.2294590e+06   3.7841797e+01
   7.2295910e+06   3.7170410e+01
   7.2490550e+06   3.6254883e+01
   7.2498510e+06   3.2104492e+01
   7.2506290e+06   3.1921387e+01
   7.2968970e+06   3.2043457e+01
   7.2969700e+06   5.0415039e+01
   7.2970070e+06   3.1677246e+01
   7.3453410e+06   4.6691895e+01
   7.3453890e+06   4.0344238e+01
   7.3454230e+06   4.7485352e+01
   7.3454400e+06   4.0832520e+01
   7.3454540e+06   4.3273926e+01
   7.3455000e+06   3.2836914e+01
   7.3455280e+06   3.2287598e+01
   7.3455550e+06   3.0944824e+01
   7.3456000e+06   3.1799316e+01
   7.3456840e+06   3.6132813e+01
   7.3460940e+06   4.5288086e+01
   7.4636740e+06   3.1250000e+01
   7.4636940e+06   3.7353516e+01
   7.4637150e+06   5.2062988e+01
   7.4637670e+06   6.0302734e+01
   7.4637830e+06   4.9072266e+01
   7.4639560e+06   3.1494141e+01
   7.4641070e+06   4.3762207e+01
   7.4641860e+06   4.0710449e+01
   7.5293140e+06   5.0415039e+01
   7.5293450e+06   3.3081055e+01
   7.5294410e+06   3.2592773e+01
   7.5296060e+06   3.1005859e+01
   7.5526000e+06   3.1005859e+01
   7.6482710e+06   3.1066895e+01
   7.7634810e+06   3.7048340e+01
   7.7635080e+06   5.3710938e+01
   7.7635450e+06   3.1066895e+01
   7.7635680e+06   3.7841797e+01
   7.7636000e+06   4.2297363e+01
   7.7636940e+06   4.7363281e+01
   7.7637750e+06   3.1066895e+01
   7.7639430e+06   3.1127930e+01
   7.8338530e+06   3.1005859e+01
   7.8339200e+06   3.1433105e+01
   7.8339700e+06   4.8828125e+01
   7.8339870e+06   3.6437988e+01
   7.8340250e+06   4.4738770e+01
   7.8340440e+06   4.2419434e+01
   7.8340790e+06   3.2104492e+01
   7.8341320e+06   3.1677246e+01
   7.8341770e+06   3.6743164e+01
   7.8342030e+06   4.9621582e+01
   7.8342130e+06   3.4667969e+01
   7.8342410e+06   4.1564941e+01
   7.8342820e+06   3.3020020e+01
   7.8342990e+06   3.6437988e+01
   7.8343150e+06   3.0517578e+01
   7.8344230e+06   3.8757324e+01
   7.8345020e+06   4.0893555e+01
   7.8345250e+06   3.1188965e+01
   7.8348200e+06   3.5766602e+01
   7.9302610e+06   3.1921387e+01
   7.9302740e+06   3.1616211e+01
   7.9303210e+06   3.7353516e+01
   7.9303330e+06   3.4667969e+01
   7.9303470e+06   3.6010742e+01
   7.9304480e+06   4.1198730e+01
   7.9598000e+06   4.4677734e+01
   7.9772490e+06   3.5339355e+01
   7.9773880e+06   3.4301758e+01
   7.9774260e+06   3.3020020e+01
   7.9774610e+06   3.8085938e+01
   7.9774770e+06   4.9743652e+01
   7.9775260e+06   3.0517578e+01
   7.9775480e+06   4.2846680e+01
   8.0449870e+06   3.6376953e+01
   8.0450150e+06   4.5837402e+01
   8.0450310e+06   3.3752441e+01
   8.0450450e+06   3.6743164e+01
   8.0450670e+06   4.7912598e+01
   8.0451130e+06   3.9428711e+01
   8.0451330e+06   3.5217285e+01
   8.0451470e+06   4.5654297e+01
   8.0451630e+06   3.0517578e+01
   8.0451760e+06   4.2114258e+01
   8.0451990e+06   3.6376953e+01
   8.0452280e+06   4.1931152e+01
   8.0452620e+06   3.4912109e+01
   8.0452980e+06   4.3212891e+01
   8.0453150e+06   3.4362793e+01
   8.0453250e+06   3.1677246e+01
   8.0453550e+06   3.0944824e+01
   8.0453790e+06   3.0517578e+01
   8.0454850e+06   3.4973145e+01
   8.0456620e+06   3.3752441e+01
   8.0456850e+06   3.1311035e+01
   8.0459170e+06   3.1921387e+01
   8.0460000e+06   3.0761719e+01
   8.0466580e+06   3.5644531e+01
   8.0469230e+06   3.0883789e+01
   8.0479610e+06   3.2165527e+01
   8.1211720e+06   3.9916992e+01
   8.1212680e+06   3.1555176e+01
   8.1214130e+06   3.2165527e+01
   8.1215610e+06   3.8513184e+01
   8.1218250e+06   3.7414551e+01
   8.1220740e+06   3.2958984e+01
   8.1222150e+06   3.7292480e+01
   8.1225710e+06   4.0893555e+01
   8.2089750e+06   4.4128418e+01
   8.2090170e+06   3.2470703e+01
   8.2090800e+06   3.4851074e+01
   8.2091090e+06   3.1188965e+01
   8.2091950e+06   3.1860352e+01
   8.2093480e+06   3.4362793e+01
   8.2094600e+06   4.7729492e+01
   8.2992640e+06   3.3630371e+01
   8.3011920e+06   3.1555176e+01
   8.3012070e+06   3.3142090e+01
   8.3015180e+06   4.4860840e+01
   8.3015390e+06   3.0761719e+01
   8.3019140e+06   3.1311035e+01
   8.3789190e+06   3.8879395e+01
   8.3789460e+06   4.1748047e+01
   8.3789620e+06   3.2043457e+01
   8.3789840e+06   3.0639648e+01
   8.3790080e+06   3.4484863e+01
   8.3790640e+06   3.3752441e+01
   8.3790810e+06   4.2541504e+01
   8.3790970e+06   4.2297363e+01
   8.3792050e+06   3.9550781e+01
   8.3793840e+06   3.9794922e+01
   8.5187680e+06   5.7250977e+01
   8.5188680e+06   3.2592773e+01
   8.5189830e+06   3.0944824e+01
   8.5190050e+06   3.9001465e+01
   8.5601300e+06   3.1677246e+01
   8.5601480e+06   3.3325195e+01
   8.5602510e+06   5.1940918e+01
   8.5602720e+06   3.5949707e+01
   8.5604260e+06   3.5766602e+01
   8.5607100e+06   5.6396484e+01
   8.5612270e+06   4.9499512e+01
   8.6158560e+06   3.4484863e+01
   8.6159070e+06   3.6254883e+01
   8.6159400e+06   3.6499023e+01
   8.6160320e+06   3.2104492e+01
   8.6160540e+06   3.9367676e+01
   8.6613620e+06   4.2480469e+01
   8.6950990e+06   3.2714844e+01
   8.7119790e+06   3.2653809e+01
   8.7459020e+06   4.6630859e+01
   8.7459220e+06   3.0761719e+01
   8.7459490e+06   4.3212891e+01
   8.7459650e+06   4.3212891e+01
   8.7459800e+06   4.5104980e+01
   8.7460020e+06   3.8269043e+01
   8.7460240e+06   3.6010742e+01
   8.7460510e+06   3.9733887e+01
   8.7460700e+06   3.5766602e+01
   8.7461010e+06   3.7231445e+01
   8.7461240e+06   3.3569336e+01
   8.7461370e+06   4.3334961e+01
   8.7461590e+06   3.4301758e+01
   8.7462040e+06   3.0822754e+01
   8.7462770e+06   3.3386230e+01
   8.7463050e+06   3.1616211e+01
   8.7463560e+06   3.1127930e+01
   8.7463810e+06   3.1616211e+01
   8.7464020e+06   3.4240723e+01
   8.7465290e+06   3.3142090e+01
   8.7468460e+06   3.2165527e+01
   8.7477060e+06   3.1127930e+01
   8.9554740e+06   3.3996582e+01
   8.9555270e+06   4.5166016e+01
   8.9558400e+06   4.9316406e+01
   9.0493590e+06   3.7597656e+01
   9.0590040e+06   4.6020508e+01
   9.0590850e+06   4.1076660e+01
   9.0590960e+06   3.2897949e+01
   9.0591870e+06   5.3161621e+01
   9.0592200e+06   3.2104492e+01
   9.0592740e+06   3.8940430e+01
   9.0593040e+06   3.6071777e+01
   9.0905260e+06   4.6875000e+01
   9.1474410e+06   3.8024902e+01
   9.1474720e+06   4.7241211e+01
   9.1475050e+06   4.4799805e+01
   9.1475150e+06   4.2846680e+01
   9.1475360e+06   4.6813965e+01
   9.1475750e+06   3.6010742e+01
   9.1475980e+06   3.3813477e+01
   9.1476340e+06   3.2775879e+01
   9.1477080e+06   3.1616211e+01
   9.1478040e+06   4.4128418e+01
   9.1478930e+06   4.1320801e+01
   9.1479390e+06   3.1005859e+01
   9.1486880e+06   3.9184570e+01
   9.2185060e+06   3.5644531e+01
   9.2185320e+06   4.1198730e+01
   9.2185500e+06   3.1250000e+01
   9.2742570e+06   4.8583984e+01
   9.2743110e+06   3.0944824e+01
   9.2744350e+06   4.3762207e+01
   9.2747290e+06   3.2653809e+01
   9.2747590e+06   4.1015625e+01
   9.3382500e+06   4.1931152e+01
   9.3382720e+06   3.1372070e+01
   9.3382990e+06   4.0649414e+01
   9.3383150e+06   5.0598145e+01
   9.3383310e+06   3.4729004e+01
   9.3383940e+06   3.2592773e+01
   9.3384160e+06   7.0068359e+01
   9.4177500e+06   3.3508301e+01
   9.4178140e+06   3.4118652e+01
   9.4178380e+06   6.7687988e+01
   9.4178500e+06   3.2958984e+01
   9.4178640e+06   4.2724609e+01
   9.4178950e+06   3.5400391e+01
   9.4179060e+06   3.6315918e+01
   9.4179530e+06   3.2958984e+01
   9.4179810e+06   4.4189453e+01
   9.4179930e+06   3.8574219e+01
   9.4180500e+06   3.7902832e+01
   9.4180700e+06   3.3630371e+01
   9.4180810e+06   3.7536621e+01
   9.4181260e+06   3.2836914e+01
   9.4182070e+06   4.1992188e+01
   9.4183250e+06   3.1921387e+01
   9.4184330e+06   3.1433105e+01
   9.4184700e+06   3.2531738e+01
   9.4185620e+06   3.3508301e+01
   9.4187150e+06   3.1311035e+01
   9.4190820e+06   3.0578613e+01
   9.4195640e+06   3.4301758e+01
   9.4197180e+06   3.1066895e+01
   9.4830300e+06   4.8645020e+01
   9.4831680e+06   3.0944824e+01
   9.4831880e+06   4.8950195e+01
   9.4835070e+06   4.1503906e+01
   9.5520810e+06   4.2236328e+01
   9.5526610e+06   4.5959473e+01
   9.6532250e+06   4.1809082e+01
   9.6533790e+06   3.3264160e+01
   9.6786350e+06   4.2541504e+01
   9.6786700e+06   3.2470703e+01
   9.6788120e+06   4.9133301e+01
   9.7128520e+06   5.5969238e+01
   9.7129790e+06   5.8288574e+01
   9.7147360e+06   3.6437988e+01
   9.7152620e+06   5.0720215e+01
   9.7603450e+06   3.1677246e+01
   9.7603910e+06   6.0668945e+01
   9.7604250e+06   3.5644531e+01
   9.7604540e+06   5.9020996e+01
   9.7604790e+06   3.2043457e+01
   9.7605190e+06   5.4382324e+01
   9.7605560e+06   3.1311035e+01
   9.7607180e+06   3.2226563e+01
   9.7608360e+06   3.9123535e+01
   9.7609750e+06   3.3508301e+01
   9.8067620e+06   4.1870117e+01
   9.8068240e+06   4.4372559e+01
   9.8069270e+06   3.4057617e+01
   9.8070780e+06   3.5766602e+01
   9.8071700e+06   3.0517578e+01
   9.8075430e+06   3.2226563e+01
   9.8956460e+06   4.8095703e+01
   9.8957220e+06   5.1269531e+01
   9.8958400e+06   3.1066895e+01
   9.8958650e+06   3.3081055e+01
   9.8960470e+06   3.3691406e+01
   9.9261580e+06   3.2409668e+01
   9.9261990e+06   3.9306641e+01
   9.9262870e+06   3.8269043e+01
   9.9726120e+06   3.3081055e+01
   9.9726330e+06   3.3020020e+01
   9.9728620e+06   4.5715332e+01
   9.9729970e+06   4.5288086e+01
   9.9730280e+06   3.7841797e+01
   9.9730700e+06   3.4057617e+01
   9.9731530e+06   4.5776367e+01
   9.9733380e+06   3.6804199e+01
   9.9736620e+06   3.2958984e+01
   9.9736870e+06   4.1137695e+01
   9.9739270e+06   3.3203125e+01
   9.9741500e+06   3.5034180e+01
   9.9745790e+06   4.0039063e+01
   9.9748910e+06   3.2226563e+01
   1.0060015e+07   3.9794922e+01
   1.0064076e+07   4.6936035e+01
   1.0064315e+07   4.8767090e+01
   1.0064977e+07   4.6203613e+01
   1.0065097e+07   3.2592773e+01
   1.0078100e+07   3.3508301e+01
   1.0078261e+07   3.2775879e+01
   1.0078426e+07   4.0710449e+01
   1.0135640e+07   3.5949707e+01
   1.0152918e+07   3.1555176e+01
   1.0152995e+07   3.1494141e+01
   1.0153032e+07   5.1147461e+01
   1.0153116e+07   3.5217285e+01
   1.0153264e+07   3.5156250e+01
   1.0153412e+07   3.3569336e+01
   1.0153878e+07   3.0700684e+01
   1.0154727e+07   4.1870117e+01
   1.0192840e+07   3.9916992e+01
   1.0193116e+07   4.8278809e+01
   1.0193291e+07   4.0466309e+01
   1.0193515e+07   3.1799316e+01
   1.0193537e+07   3.7170410e+01
   1.0333138e+07   3.0517578e+01
   1.0333314e+07   3.9733887e+01
   1.0333357e+07   3.4240723e+01
   1.0333377e+07   4.4860840e+01
   1.0333408e+07   5.5664063e+01
   1.0333422e+07   4.3395996e+01
   1.0333446e+07   5.0048828e+01
   1.0333468e+07   6.3232422e+01
   1.0333488e+07   3.7780762e+01
   1.0333528e+07   3.9978027e+01
   1.0333584e+07   4.0100098e+01
   1.0333683e+07   3.9306641e+01
   1.0333787e+07   3.3386230e+01
   1.0333845e+07   3.7048340e+01
   1.0333929e+07   3.2470703e+01
   1.0334013e+07   3.1799316e+01
   1.0334528e+07   3.9672852e+01
   1.0334590e+07   3.2409668e+01
   1.0335452e+07   3.9489746e+01
   1.0408281e+07   3.1860352e+01
   1.0408298e+07   3.5278320e+01
   1.0409108e+07   3.6499023e+01
   1.0440722e+07   3.8574219e+01
   1.0487352e+07   4.0588379e+01
   1.0487569e+07   3.3691406e+01
   1.0488203e+07   3.3447266e+01
   1.0488455e+07   4.3579102e+01
   1.0488905e+07   3.6193848e+01
   1.0489517e+07   3.5705566e+01
   1.0543840e+07   4.0222168e+01
   1.0544019e+07   4.1442871e+01
   1.0558904e+07   4.3334961e+01
   1.0716107e+07   4.4128418e+01
   1.0716281e+07   3.8574219e+01
   1.0716427e+07   3.8574219e+01
   1.0753207e+07   3.0517578e+01
   1.0753605e+07   3.6560059e+01
   1.0753630e+07   3.1738281e+01
   1.0797622e+07   3.6560059e+01
   1.0797653e+07   3.2226563e+01
   1.0797697e+07   3.2653809e+01
   1.0797723e+07   4.1931152e+01
   1.0797811e+07   3.6926270e+01
   1.0798277e+07   4.1748047e+01
   1.0832133e+07   5.0354004e+01
   1.0832383e+07   4.1748047e+01
   1.0832498e+07   3.2409668e+01
   1.0832672e+07   4.4616699e+01
   1.0833178e+07   4.1137695e+01
   1.0893343e+07   3.8513184e+01
   1.0893605e+07   3.1250000e+01
   1.0893708e+07   4.7302246e+01
   1.0926703e+07   3.4729004e+01
   1.0926801e+07   6.1889648e+01
   1.0926859e+07   3.4606934e+01
   1.0926897e+07   3.0944824e+01
   1.0926940e+07   3.5095215e+01
   1.0927069e+07   5.2856445e+01
   1.0927089e+07   3.2104492e+01
   1.0927206e+07   3.8085938e+01
   1.0928002e+07   3.2470703e+01
   1.0928384e+07   3.3874512e+01
   1.0973877e+07   3.3691406e+01
   1.0973985e+07   4.0466309e+01
   1.0974115e+07   4.9987793e+01
   1.0974301e+07   3.6865234e+01
   1.0974470e+07   3.3508301e+01
   1.1008394e+07   3.0639648e+01
   1.1008408e+07   4.2785645e+01
   1.1008424e+07   3.2653809e+01
   1.1008447e+07   3.0822754e+01
   1.1008488e+07   3.6193848e+01
   1.1008500e+07   5.0476074e+01
   1.1008530e+07   4.5043945e+01
   1.1008543e+07   3.4240723e+01
   1.1008624e+07   3.8269043e+01
   1.1008645e+07   3.2775879e+01
   1.1008758e+07   3.7414551e+01
   1.1008808e+07   3.2897949e+01
   1.1008982e+07   3.9001465e+01
   1.1009271e+07   3.0517578e+01
   1.1009910e+07   3.5400391e+01
   1.1010188e+07   3.2592773e+01
   1.1156813e+07   3.5644531e+01
   1.1158107e+07   5.6945801e+01
   1.1158727e+07   3.2348633e+01
   1.1158854e+07   3.9550781e+01
   1.1242108e+07   3.7658691e+01
   1.1242399e+07   4.5043945e+01
   1.1242745e+07   5.0109863e+01
   1.1244522e+07   3.7414551e+01
   1.1310565e+07   4.4616699e+01
   1.1311269e+07   4.3640137e+01
   1.1311443e+07   3.9611816e+01
   1.1311563e+07   3.4179688e+01
   1.1311694e+07   3.2409668e+01
   1.1312137e+07   3.6865234e+01
   1.1312326e+07   3.7170410e+01
   1.1312958e+07   3.0822754e+01
   1.1373460e+07   4.3701172e+01
   1.1373582e+07   3.7841797e+01
   1.1374022e+07   3.4729004e+01
   1.1374311e+07   3.1250000e+01
   1.1374549e+07   3.6926270e+01
   1.1374796e+07   3.8391113e+01
   1.1396641e+07   3.7414551e+01
   1.1396681e+07   3.0700684e+01
   1.1396815e+07   3.2104492e+01
   1.1397069e+07   3.8330078e+01
   1.1469962e+07   3.0883789e+01
   1.1470498e+07   3.9367676e+01
   1.1471077e+07   3.5888672e+01
   1.1471646e+07   3.7780762e+01
   1.1471921e+07   3.9550781e+01
   1.1472486e+07   3.7109375e+01
   1.1519561e+07   3.7170410e+01
   1.1519606e+07   4.1992188e+01
   1.1520072e+07   3.8696289e+01
   1.1520304e+07   4.7729492e+01
   1.1520904e+07   3.5461426e+01
   1.1521160e+07   3.1372070e+01
   1.1551693e+07   3.2531738e+01
   1.1574133e+07   4.4006348e+01
   1.1574171e+07   3.4423828e+01
   1.1574242e+07   3.7353516e+01
   1.1574304e+07   3.1311035e+01
   1.1574401e+07   4.1809082e+01
   1.1574588e+07   3.5644531e+01
   1.1574842e+07   4.0649414e+01
   1.1575047e+07   4.8034668e+01
   1.1594807e+07   3.3630371e+01
   1.1594968e+07   3.5278320e+01
   1.1595543e+07   3.5095215e+01
   1.1595735e+07   3.1860352e+01
   1.1664277e+07   4.5227051e+01
   1.1664609e+07   3.0578613e+01
   1.1695309e+07   3.5034180e+01
   1.1695330e+07   4.6081543e+01
   1.1695366e+07   3.3691406e+01
   1.1695387e+07   3.1616211e+01
   1.1695421e+07   3.6315918e+01
   1.1695759e+07   3.1799316e+01
   1.1722965e+07   3.2592773e+01
   1.1723048e+07   4.5349121e+01
   1.1723373e+07   3.4545898e+01
   1.1723609e+07   3.2104492e+01
   1.1724726e+07   3.8818359e+01
   1.1724784e+07   3.6743164e+01
   1.1770835e+07   3.1250000e+01
   1.1771340e+07   4.3212891e+01
   1.1773679e+07   5.2185059e+01
   1.1796343e+07   5.0659180e+01
   1.1796648e+07   4.8767090e+01
   1.1834230e+07   4.1198730e+01
   1.1834765e+07   4.5959473e+01
   1.1834966e+07   3.0944824e+01
   1.1835236e+07   3.2165527e+01
   1.1905316e+07   3.1677246e+01
   1.1905490e+07   4.1076660e+01
   1.1905570e+07   3.4606934e+01
   1.1905602e+07   3.5400391e+01
   1.1905729e+07   4.4311523e+01
   1.1905878e+07   4.3823242e+01
   1.1905899e+07   3.4606934e+01
   1.1906141e+07   3.1738281e+01
   1.1906430e+07   3.3325195e+01
   1.1906692e+07   3.4973145e+01
   1.1906940e+07   3.4545898e+01
   1.1948012e+07   3.6254883e+01
   1.1970832e+07   3.3325195e+01
   1.1970878e+07   3.1738281e+01
   1.1970890e+07   3.2226563e+01
   1.1971038e+07   4.7912598e+01
   1.1971244e+07   4.6630859e+01
   1.1971380e+07   3.2043457e+01
   1.1971555e+07   3.1982422e+01
   1.1971744e+07   3.8696289e+01
   1.1972618e+07   3.6376953e+01
