   1.1999000e+07   0.0000000e+00
   4.2541000e+04   5.2917480e+01
   4.2610000e+04   4.3823242e+01
   4.2696000e+04   4.3579102e+01
   8.8306000e+04   4.8339844e+01
   1.4351600e+05   4.1503906e+01
   2.2495300e+05   4.7973633e+01
   2.2502500e+05   4.3334961e+01
   3.4430500e+05   3.8635254e+01
   4.6080400e+05   4.2175293e+01
   4.8695700e+05   3.8574219e+01
   5.6316300e+05   4.1015625e+01
   5.6415900e+05   3.9978027e+01
   6.5809300e+05   3.9062500e+01
   7.2360700e+05   4.2846680e+01
   8.7277900e+05   4.7729492e+01
   9.0909700e+05   4.0283203e+01
   9.2406600e+05   3.8513184e+01
   1.0219090e+06   4.0039063e+01
   1.0871790e+06   4.0771484e+01
   1.0884790e+06   3.9184570e+01
   1.1288820e+06   3.9184570e+01
   1.1289920e+06   4.1687012e+01
   1.2616420e+06   3.8574219e+01
   1.2617540e+06   3.9733887e+01
   1.3620180e+06   4.0100098e+01
   1.6111320e+06   4.1931152e+01
   1.6412270e+06   4.0222168e+01
   1.6957140e+06   3.8391113e+01
   1.7179620e+06   3.9184570e+01
   1.8754320e+06   3.8940430e+01
   1.9178840e+06   3.8269043e+01
   1.9464150e+06   3.8330078e+01
   2.0086890e+06   4.3945313e+01
   2.0559680e+06   3.9916992e+01
   2.0562940e+06   4.3212891e+01
   2.1142230e+06   4.0344238e+01
   2.1276470e+06   4.0405273e+01
   2.1472930e+06   3.8085938e+01
   2.1810290e+06   4.0893555e+01
   2.2054180e+06   4.0954590e+01
   2.2164830e+06   4.0649414e+01
   2.2289820e+06   3.8452148e+01
   2.2292330e+06   4.2907715e+01
   2.2394220e+06   3.8940430e+01
   2.2396610e+06   4.0527344e+01
   2.2525670e+06   4.4372559e+01
   2.2528840e+06   3.9245605e+01
   2.2864760e+06   3.9428711e+01
   2.3013130e+06   4.1320801e+01
   2.3014720e+06   3.8330078e+01
   2.3021850e+06   4.1748047e+01
   2.3278250e+06   3.9672852e+01
   2.3293440e+06   4.0344238e+01
   2.3415290e+06   4.3090820e+01
   2.3581290e+06   3.9367676e+01
   2.3867110e+06   3.8879395e+01
   2.3868370e+06   3.9672852e+01
   2.3871150e+06   3.9978027e+01
   2.3873410e+06   3.8330078e+01
   2.4064820e+06   3.8879395e+01
   2.4246670e+06   3.8330078e+01
   2.4387080e+06   4.1748047e+01
   2.4391860e+06   3.9733887e+01
   2.4394570e+06   3.8879395e+01
   2.4576230e+06   4.0466309e+01
   2.4578800e+06   3.8818359e+01
   2.4735830e+06   3.8146973e+01
   2.4739230e+06   4.1809082e+01
   2.4891050e+06   3.8391113e+01
   2.5215360e+06   4.0466309e+01
   2.5217320e+06   4.0710449e+01
   2.5416800e+06   4.2724609e+01
   2.5417950e+06   4.7851563e+01
   2.5615330e+06   4.2114258e+01
   2.5948530e+06   4.7180176e+01
   2.5958980e+06   3.9367676e+01
   2.6313300e+06   4.1320801e+01
   2.6326100e+06   3.9062500e+01
   2.6607510e+06   3.8757324e+01
   2.6608910e+06   3.9855957e+01
   2.6760770e+06   4.0527344e+01
   2.6762370e+06   3.9367676e+01
   2.7647540e+06   3.8757324e+01
   2.8162380e+06   4.4372559e+01
   2.8169900e+06   3.8513184e+01
   2.9040980e+06   4.5043945e+01
   2.9041740e+06   4.1503906e+01
   2.9042510e+06   3.9550781e+01
   2.9043430e+06   4.2907715e+01
   3.0106230e+06   3.8085938e+01
   3.0320680e+06   3.9184570e+01
   3.0882810e+06   4.2480469e+01
   3.1046420e+06   4.6264648e+01
   3.1457700e+06   4.2358398e+01
   3.1989760e+06   4.0771484e+01
   3.2793080e+06   3.9978027e+01
   3.2795100e+06   3.8635254e+01
   3.3372790e+06   4.0832520e+01
   3.4103930e+06   4.1198730e+01
   3.4458880e+06   3.9978027e+01
   3.4693730e+06   4.2358398e+01
   3.4868800e+06   4.0405273e+01
   3.4973740e+06   4.1870117e+01
   3.5037790e+06   3.8818359e+01
   3.5043220e+06   4.1870117e+01
   3.5045380e+06   4.3334961e+01
   3.5119790e+06   4.0527344e+01
   3.5214350e+06   4.1931152e+01
   3.5393680e+06   4.5715332e+01
   3.5394850e+06   4.0283203e+01
   3.5680310e+06   4.4250488e+01
   3.5817050e+06   3.8757324e+01
   3.5957460e+06   4.0283203e+01
   3.6089630e+06   4.0466309e+01
   3.6579080e+06   3.9978027e+01
   3.6595370e+06   4.1198730e+01
   3.6826880e+06   4.0039063e+01
   3.6999230e+06   3.8940430e+01
   3.7156430e+06   4.1015625e+01
   3.7239960e+06   3.9611816e+01
   3.7388650e+06   3.9550781e+01
   3.7542440e+06   4.1137695e+01
   3.7751380e+06   4.1076660e+01
   3.8093830e+06   3.8269043e+01
   3.8196030e+06   3.9367676e+01
   3.8197790e+06   4.6691895e+01
   3.8306600e+06   3.8513184e+01
   3.8418670e+06   4.2480469e+01
   3.8532530e+06   3.9062500e+01
   3.8548640e+06   3.8146973e+01
   3.8778850e+06   5.1513672e+01
   3.8885300e+06   4.0466309e+01
   3.9004540e+06   3.8879395e+01
   3.9009610e+06   4.1137695e+01
   3.9297660e+06   4.0100098e+01
   3.9461120e+06   4.0771484e+01
   3.9610010e+06   3.8696289e+01
   3.9897150e+06   3.9001465e+01
   3.9898690e+06   4.0100098e+01
   4.0358960e+06   4.2541504e+01
   4.2786840e+06   4.0893555e+01
   4.2796190e+06   3.8085938e+01
   4.3535310e+06   4.0954590e+01
   4.3925430e+06   6.4636230e+01
   4.4358880e+06   3.8330078e+01
   4.5021610e+06   4.1442871e+01
   4.5028220e+06   3.9611816e+01
   4.5685690e+06   3.8940430e+01
   4.6359810e+06   4.0771484e+01
   4.7373170e+06   3.9245605e+01
   4.8058420e+06   3.8635254e+01
   4.8059800e+06   4.1137695e+01
   4.8068260e+06   3.8146973e+01
   4.8327830e+06   4.2419434e+01
   4.9539670e+06   4.5104980e+01
   5.0385440e+06   3.8391113e+01
   5.0654080e+06   3.8085938e+01
   5.0821250e+06   3.8574219e+01
   5.1063620e+06   4.0771484e+01
   5.1348230e+06   4.5166016e+01
   5.1770480e+06   4.1076660e+01
   5.2001800e+06   3.9184570e+01
   5.2211060e+06   3.9611816e+01
   5.2375890e+06   3.8330078e+01
   5.2560560e+06   4.0222168e+01
   5.2561780e+06   4.4555664e+01
   5.2812480e+06   3.9672852e+01
   5.2815420e+06   4.0405273e+01
   5.3163320e+06   4.1137695e+01
   5.3371700e+06   4.2114258e+01
   5.3379280e+06   3.9916992e+01
   5.3956730e+06   3.8513184e+01
   5.5248750e+06   3.9855957e+01
   5.5250440e+06   4.0588379e+01
   5.5751550e+06   3.8146973e+01
   5.7076380e+06   3.9611816e+01
   5.7335520e+06   3.8146973e+01
   5.7630130e+06   3.9611816e+01
   5.7998780e+06   4.1198730e+01
   5.8003740e+06   4.5715332e+01
   5.8196310e+06   4.0039063e+01
   5.8427850e+06   3.8696289e+01
   5.8429750e+06   3.8269043e+01
   5.8609330e+06   4.1076660e+01
   5.8786040e+06   3.9001465e+01
   5.8794930e+06   3.8574219e+01
   5.8971670e+06   3.9672852e+01
   5.9185440e+06   4.2968750e+01
   5.9609140e+06   3.8818359e+01
   5.9613140e+06   3.9123535e+01
   5.9618140e+06   3.8818359e+01
   5.9833470e+06   3.8879395e+01
   5.9835980e+06   4.2480469e+01
   6.0025680e+06   3.9978027e+01
   6.0028270e+06   4.4067383e+01
   6.0039770e+06   3.8940430e+01
   6.0254170e+06   3.9794922e+01
   6.0671190e+06   4.9072266e+01
   6.0991080e+06   3.8574219e+01
   6.1166000e+06   4.4189453e+01
   6.1554940e+06   4.0588379e+01
   6.1807970e+06   4.2846680e+01
   6.1969180e+06   3.8269043e+01
   6.2067380e+06   4.0649414e+01
   6.2798960e+06   3.8391113e+01
   6.2954780e+06   4.1809082e+01
   6.2978650e+06   4.5410156e+01
   6.3382170e+06   3.8269043e+01
   6.3892480e+06   3.9123535e+01
   6.4047220e+06   4.5715332e+01
   6.4261360e+06   3.8696289e+01
   6.4608810e+06   3.8452148e+01
   6.4610380e+06   4.2968750e+01
   6.4773370e+06   3.8635254e+01
   6.4938800e+06   3.8635254e+01
   6.5181420e+06   4.1931152e+01
   6.5449170e+06   3.9306641e+01
   6.5552380e+06   3.8635254e+01
   6.5555010e+06   4.1015625e+01
   6.5662640e+06   4.6447754e+01
   6.5663690e+06   4.1870117e+01
   6.5972800e+06   3.9123535e+01
   6.6327260e+06   4.1015625e+01
   6.6328660e+06   3.9001465e+01
   6.6519270e+06   4.1320801e+01
   6.6666120e+06   3.8269043e+01
   6.6666980e+06   3.8452148e+01
   6.6672430e+06   3.9672852e+01
   6.7096620e+06   4.6142578e+01
   6.7327360e+06   3.8818359e+01
   6.7459500e+06   3.9916992e+01
   6.7483800e+06   4.0893555e+01
   6.7592330e+06   3.8574219e+01
   6.7593230e+06   4.0344238e+01
   6.7728190e+06   3.8757324e+01
   6.8310160e+06   4.1931152e+01
   6.8460100e+06   4.1198730e+01
   6.8618270e+06   4.0283203e+01
   6.8772300e+06   3.8818359e+01
   6.9056050e+06   4.0283203e+01
   6.9057990e+06   4.1687012e+01
   6.9230340e+06   4.2663574e+01
   7.0233410e+06   4.2541504e+01
   7.1182100e+06   4.1809082e+01
   7.1502820e+06   4.2053223e+01
   7.1510210e+06   4.1137695e+01
   7.1896410e+06   3.9123535e+01
   7.2521400e+06   4.4433594e+01
   7.2780580e+06   3.9672852e+01
   7.4082480e+06   4.4372559e+01
   7.4450110e+06   3.9611816e+01
   7.4757340e+06   4.1931152e+01
   7.5289350e+06   3.9245605e+01
   7.5833240e+06   3.9733887e+01
   7.9162250e+06   3.9428711e+01
   7.9664780e+06   4.3823242e+01
   7.9951860e+06   4.8217773e+01
   8.1042700e+06   3.8757324e+01
   8.1049250e+06   4.1198730e+01
   8.1182870e+06   3.8574219e+01
   8.1311320e+06   3.8757324e+01
   8.1421940e+06   3.9306641e+01
   8.1616540e+06   4.0954590e+01
   8.2794990e+06   4.0344238e+01
   8.2796950e+06   3.8391113e+01
   8.2799180e+06   3.9733887e+01
   8.2981090e+06   4.0283203e+01
   8.3189190e+06   4.1625977e+01
   8.3190250e+06   3.8146973e+01
   8.3432140e+06   3.9916992e+01
   8.3693240e+06   3.9062500e+01
   8.3944630e+06   4.1137695e+01
   8.4235050e+06   4.8217773e+01
   8.4462310e+06   3.9123535e+01
   8.4634790e+06   4.0405273e+01
   8.4801810e+06   4.0344238e+01
   8.6353970e+06   3.8696289e+01
   8.6782740e+06   3.8879395e+01
   8.9970520e+06   4.4250488e+01
   9.0231630e+06   3.8330078e+01
   9.0490660e+06   3.8208008e+01
   9.0730340e+06   4.1076660e+01
   9.1112520e+06   3.9978027e+01
   9.1474490e+06   4.8339844e+01
   9.1708980e+06   3.9733887e+01
   9.1929350e+06   4.1503906e+01
   9.2947560e+06   3.8391113e+01
   9.3388140e+06   3.9978027e+01
   9.4242240e+06   3.9428711e+01
   9.5366850e+06   3.8208008e+01
   9.6060550e+06   3.8208008e+01
   9.6324740e+06   3.9489746e+01
   9.6325390e+06   4.1809082e+01
   9.6578640e+06   3.9794922e+01
   9.6671610e+06   3.9184570e+01
   9.6673310e+06   3.8208008e+01
   9.6881170e+06   3.9428711e+01
   9.7184940e+06   4.4555664e+01
   9.7353520e+06   4.2053223e+01
   9.7354680e+06   4.0466309e+01
   9.7511620e+06   3.8818359e+01
   9.7513190e+06   3.9062500e+01
   9.7639930e+06   4.1076660e+01
   9.7795530e+06   5.3344727e+01
   9.7998280e+06   3.8391113e+01
   9.8178050e+06   4.9316406e+01
   9.8486340e+06   3.8696289e+01
   9.8880300e+06   4.3395996e+01
   9.8880710e+06   4.0222168e+01
   9.9301600e+06   3.8330078e+01
   9.9302390e+06   4.5104980e+01
   9.9413560e+06   4.0161133e+01
   9.9535900e+06   3.8879395e+01
   9.9536690e+06   4.2846680e+01
   9.9786400e+06   3.9367676e+01
   1.0044610e+07   3.8818359e+01
   1.0060205e+07   3.8879395e+01
   1.0150456e+07   4.0344238e+01
   1.0283831e+07   4.4799805e+01
   1.0311453e+07   4.2053223e+01
   1.0427204e+07   4.0954590e+01
   1.0582101e+07   3.8330078e+01
   1.0865400e+07   3.9978027e+01
   1.0911495e+07   3.8574219e+01
   1.1018896e+07   4.9011230e+01
   1.1081532e+07   3.8635254e+01
   1.1088787e+07   4.2480469e+01
   1.1164037e+07   3.9001465e+01
   1.1164115e+07   4.2968750e+01
   1.1219041e+07   4.1748047e+01
   1.1382394e+07   3.8696289e+01
   1.1382907e+07   4.3823242e+01
   1.1406733e+07   3.8391113e+01
   1.1425797e+07   3.8391113e+01
   1.1443847e+07   3.9001465e+01
   1.1486576e+07   3.8146973e+01
   1.1508295e+07   3.8085938e+01
   1.1562861e+07   4.1503906e+01
   1.1581391e+07   3.8391113e+01
   1.1612475e+07   3.9978027e+01
   1.1625478e+07   4.3518066e+01
   1.1673042e+07   4.7729492e+01
   1.1673299e+07   4.0832520e+01
   1.1748806e+07   3.9978027e+01
   1.1792766e+07   4.3823242e+01
   1.1850417e+07   4.1076660e+01
   1.1907802e+07   3.8513184e+01
   1.1953762e+07   3.8757324e+01
