   1.1999000e+07   0.0000000e+00
   4.2641000e+04   4.3640137e+01
   4.2716000e+04   4.6997070e+01
   4.2761000e+04   5.2795410e+01
   4.3409000e+04   3.9428711e+01
   1.0836400e+05   3.9794922e+01
   1.1390100e+05   3.9733887e+01
   1.4365600e+05   5.8715820e+01
   1.4368200e+05   4.2968750e+01
   1.4420000e+05   3.9062500e+01
   1.4425500e+05   4.5227051e+01
   1.4428700e+05   4.6936035e+01
   2.1250700e+05   4.1015625e+01
   2.2443400e+05   5.4687500e+01
   2.2446700e+05   6.1218262e+01
   2.2454100e+05   4.0649414e+01
   2.2468200e+05   4.3945313e+01
   2.8917800e+05   4.4250488e+01
   2.8921000e+05   3.9184570e+01
   2.8924200e+05   3.9184570e+01
   2.8930700e+05   3.9733887e+01
   3.2108000e+05   4.4555664e+01
   3.4310900e+05   4.6264648e+01
   3.6501600e+05   4.2846680e+01
   4.1009500e+05   4.5593262e+01
   4.1262300e+05   3.9001465e+01
   4.1374500e+05   5.6396484e+01
   4.1382200e+05   5.4077148e+01
   4.1385100e+05   5.2795410e+01
   4.1387900e+05   4.9072266e+01
   4.1390800e+05   5.7678223e+01
   4.1396100e+05   4.1381836e+01
   4.1400100e+05   4.0771484e+01
   4.1419200e+05   4.4372559e+01
   4.8740500e+05   3.9245605e+01
   4.8753800e+05   3.9611816e+01
   5.5243400e+05   4.2053223e+01
   5.5777500e+05   4.4677734e+01
   5.6307000e+05   4.3640137e+01
   5.6398600e+05   3.9550781e+01
   6.5797000e+05   4.0527344e+01
   6.5817000e+05   3.8696289e+01
   7.2308000e+05   4.5104980e+01
   7.2345200e+05   5.3039551e+01
   7.2385600e+05   4.1198730e+01
   7.2402500e+05   3.8635254e+01
   8.1771000e+05   4.0893555e+01
   8.2664800e+05   4.0771484e+01
   8.2762400e+05   4.9255371e+01
   8.2777400e+05   4.1320801e+01
   8.5974400e+05   3.8574219e+01
   8.6911300e+05   3.9001465e+01
   8.7322700e+05   3.9916992e+01
   8.7337700e+05   3.9550781e+01
   8.7362000e+05   4.3701172e+01
   8.7363000e+05   4.5715332e+01
   8.7398900e+05   4.0161133e+01
   9.0335800e+05   3.9916992e+01
   9.0601500e+05   3.8574219e+01
   9.0699500e+05   4.1748047e+01
   9.0704100e+05   4.0100098e+01
   9.0719500e+05   4.0710449e+01
   9.4618600e+05   4.0100098e+01
   9.4623400e+05   3.9184570e+01
   9.5755100e+05   4.3762207e+01
   9.5968800e+05   3.8879395e+01
   9.7863100e+05   4.6142578e+01
   9.9287600e+05   3.8696289e+01
   1.0227890e+06   4.0527344e+01
   1.0231540e+06   4.2724609e+01
   1.0231740e+06   3.9001465e+01
   1.0236440e+06   4.9987793e+01
   1.0239070e+06   3.9001465e+01
   1.0702080e+06   4.2541504e+01
   1.0862430e+06   4.7058105e+01
   1.1000840e+06   4.2175293e+01
   1.1056910e+06   4.2236328e+01
   1.1059470e+06   4.2785645e+01
   1.1064050e+06   4.6203613e+01
   1.1066450e+06   5.5725098e+01
   1.1303730e+06   4.0710449e+01
   1.1899640e+06   4.0527344e+01
   1.1908380e+06   4.2419434e+01
   1.1908650e+06   4.0588379e+01
   1.1909660e+06   5.1696777e+01
   1.2521320e+06   3.8879395e+01
   1.2523130e+06   4.1809082e+01
   1.2542640e+06   4.0283203e+01
   1.2546710e+06   3.9978027e+01
   1.2608590e+06   4.5410156e+01
   1.2609010e+06   4.5410156e+01
   1.2609440e+06   6.2072754e+01
   1.2609970e+06   4.2419434e+01
   1.3221890e+06   4.2358398e+01
   1.3222740e+06   4.3334961e+01
   1.3226830e+06   4.4494629e+01
   1.3227100e+06   4.5959473e+01
   1.3227300e+06   7.2326660e+01
   1.3228100e+06   4.2419434e+01
   1.3228260e+06   4.0771484e+01
   1.3459920e+06   3.8635254e+01
   1.3614760e+06   3.9611816e+01
   1.3620600e+06   4.2419434e+01
   1.3623330e+06   4.1564941e+01
   1.3626210e+06   3.9672852e+01
   1.4087020e+06   3.8757324e+01
   1.4095750e+06   4.2053223e+01
   1.4425570e+06   3.9733887e+01
   1.4588970e+06   3.9001465e+01
   1.4661790e+06   4.4616699e+01
   1.4662700e+06   4.5349121e+01
   1.4663310e+06   3.9855957e+01
   1.4663490e+06   3.9672852e+01
   1.4664230e+06   3.9672852e+01
   1.4664490e+06   4.2114258e+01
   1.4665110e+06   4.1625977e+01
   1.5184140e+06   4.0954590e+01
   1.5212230e+06   4.7058105e+01
   1.5786790e+06   4.3457031e+01
   1.5818150e+06   4.8950195e+01
   1.6078080e+06   4.1992188e+01
   1.6103810e+06   4.1076660e+01
   1.6104070e+06   4.7302246e+01
   1.6104380e+06   5.2185059e+01
   1.6104760e+06   4.9621582e+01
   1.6105070e+06   4.8583984e+01
   1.6106230e+06   4.1015625e+01
   1.6107500e+06   4.8950195e+01
   1.6396130e+06   4.1687012e+01
   1.6497230e+06   4.3334961e+01
   1.6674260e+06   3.9367676e+01
   1.6687400e+06   3.9489746e+01
   1.6696280e+06   3.9184570e+01
   1.6697890e+06   4.0405273e+01
   1.6700140e+06   3.9855957e+01
   1.6840130e+06   4.3273926e+01
   1.6843420e+06   4.0527344e+01
   1.6964660e+06   3.9123535e+01
   1.7180430e+06   5.9997559e+01
   1.7186460e+06   4.1809082e+01
   1.7194870e+06   3.9001465e+01
   1.7472600e+06   3.8879395e+01
   1.7481390e+06   5.0903320e+01
   1.7611470e+06   4.0527344e+01
   1.7781820e+06   4.1748047e+01
   1.7808950e+06   4.0405273e+01
   1.8025250e+06   4.2724609e+01
   1.8155180e+06   4.5715332e+01
   1.8155320e+06   8.2275391e+01
   1.8155680e+06   4.3090820e+01
   1.8155970e+06   3.9611816e+01
   1.8157490e+06   4.1503906e+01
   1.8158410e+06   4.2480469e+01
   1.8158600e+06   7.0068359e+01
   1.8159310e+06   5.7861328e+01
   1.8160270e+06   3.9245605e+01
   1.8161090e+06   4.2907715e+01
   1.8165530e+06   4.0100098e+01
   1.8676010e+06   4.0222168e+01
   1.8700330e+06   4.4250488e+01
   1.8707440e+06   4.2175293e+01
   1.8708670e+06   5.9997559e+01
   1.8709130e+06   5.2307129e+01
   1.8709380e+06   4.8095703e+01
   1.8709820e+06   5.4687500e+01
   1.8710160e+06   5.3039551e+01
   1.8710580e+06   4.4494629e+01
   1.8711000e+06   5.7983398e+01
   1.8711220e+06   4.4494629e+01
   1.8711460e+06   4.2785645e+01
   1.8712380e+06   5.1147461e+01
   1.8715330e+06   3.9062500e+01
   1.8723060e+06   3.8757324e+01
   1.8730670e+06   3.9184570e+01
   1.8758220e+06   3.8635254e+01
   1.9179900e+06   4.3395996e+01
   1.9180490e+06   3.9428711e+01
   1.9424690e+06   3.9794922e+01
   1.9426710e+06   3.9306641e+01
   1.9452760e+06   4.2236328e+01
   1.9455720e+06   4.1137695e+01
   1.9455830e+06   3.9550781e+01
   1.9463190e+06   4.5227051e+01
   1.9639610e+06   4.1076660e+01
   1.9658940e+06   4.4494629e+01
   1.9659630e+06   4.1442871e+01
   1.9741130e+06   4.0527344e+01
   1.9747940e+06   3.9611816e+01
   1.9748410e+06   4.3151855e+01
   1.9805650e+06   4.0405273e+01
   1.9808760e+06   4.0222168e+01
   1.9812040e+06   4.1442871e+01
   1.9819790e+06   4.4738770e+01
   1.9900390e+06   3.8635254e+01
   1.9982120e+06   4.3701172e+01
   2.0036980e+06   4.0344238e+01
   2.0077890e+06   4.6081543e+01
   2.0078030e+06   4.6569824e+01
   2.0078380e+06   4.1625977e+01
   2.0078690e+06   5.5480957e+01
   2.0078900e+06   5.3100586e+01
   2.0079100e+06   4.8156738e+01
   2.0079250e+06   6.4941406e+01
   2.0079510e+06   4.6447754e+01
   2.0080070e+06   4.9499512e+01
   2.0080370e+06   4.0954590e+01
   2.0085980e+06   4.5349121e+01
   2.0135930e+06   4.0832520e+01
   2.0418030e+06   4.4616699e+01
   2.0484020e+06   3.9001465e+01
   2.0541550e+06   4.1259766e+01
   2.0543550e+06   4.2114258e+01
   2.0624330e+06   3.9794922e+01
   2.0625230e+06   3.8635254e+01
   2.0626670e+06   4.1137695e+01
   2.0634040e+06   5.2429199e+01
   2.0721460e+06   4.1870117e+01
   2.0722210e+06   3.9489746e+01
   2.0723490e+06   4.2907715e+01
   2.0724610e+06   5.0354004e+01
   2.0726090e+06   4.4677734e+01
   2.0824840e+06   4.8400879e+01
   2.0825060e+06   4.6264648e+01
   2.0825580e+06   4.0222168e+01
   2.0825980e+06   4.1809082e+01
   2.0826080e+06   4.4921875e+01
   2.0826290e+06   4.7180176e+01
   2.0827070e+06   4.0283203e+01
   2.0827260e+06   3.9184570e+01
   2.0827370e+06   5.3161621e+01
   2.0828590e+06   4.1870117e+01
   2.0828800e+06   6.2561035e+01
   2.0830150e+06   3.8940430e+01
   2.0939440e+06   5.0842285e+01
   2.0940270e+06   4.0954590e+01
   2.0940390e+06   4.2358398e+01
   2.0940730e+06   3.9489746e+01
   2.0941550e+06   4.4677734e+01
   2.0941860e+06   4.2480469e+01
   2.0942040e+06   4.3457031e+01
   2.0942360e+06   4.2358398e+01
   2.0942470e+06   5.3405762e+01
   2.0942920e+06   5.4016113e+01
   2.0943950e+06   4.3640137e+01
   2.0944540e+06   4.0222168e+01
   2.1025570e+06   3.9672852e+01
   2.1025980e+06   4.0527344e+01
   2.1026540e+06   4.1687012e+01
   2.1027470e+06   3.9184570e+01
   2.1027880e+06   5.4138184e+01
   2.1029280e+06   3.8696289e+01
   2.1029600e+06   6.3415527e+01
   2.1032580e+06   4.4311523e+01
   2.1139080e+06   3.8818359e+01
   2.1139440e+06   4.6569824e+01
   2.1139960e+06   4.1564941e+01
   2.1140170e+06   3.8696289e+01
   2.1140340e+06   4.1870117e+01
   2.1140620e+06   4.5471191e+01
   2.1140950e+06   5.4931641e+01
   2.1141100e+06   3.9184570e+01
   2.1141260e+06   4.2907715e+01
   2.1141460e+06   4.0527344e+01
   2.1141840e+06   4.3640137e+01
   2.1142260e+06   4.4433594e+01
   2.1145410e+06   4.0649414e+01
   2.1147970e+06   4.1748047e+01
   2.1274180e+06   6.7871094e+01
   2.1274320e+06   4.2968750e+01
   2.1274740e+06   6.8054199e+01
   2.1275030e+06   6.0424805e+01
   2.1275370e+06   4.0527344e+01
   2.1275730e+06   4.0100098e+01
   2.1275950e+06   5.3100586e+01
   2.1276870e+06   4.1625977e+01
   2.1277350e+06   4.1442871e+01
   2.1279000e+06   4.0405273e+01
   2.1292230e+06   3.9550781e+01
   2.1384670e+06   7.6538086e+01
   2.1385300e+06   5.4016113e+01
   2.1385650e+06   5.0476074e+01
   2.1385910e+06   4.1992188e+01
   2.1386030e+06   6.0424805e+01
   2.1386770e+06   4.2541504e+01
   2.1387020e+06   4.0100098e+01
   2.1387310e+06   4.6386719e+01
   2.1392590e+06   3.9245605e+01
   2.1469660e+06   4.7912598e+01
   2.1470580e+06   4.3151855e+01
   2.1471430e+06   3.9733887e+01
   2.1472180e+06   4.5104980e+01
   2.1472430e+06   4.1564941e+01
   2.1590560e+06   4.1809082e+01
   2.1590880e+06   4.0283203e+01
   2.1591120e+06   5.1940918e+01
   2.1591610e+06   4.3518066e+01
   2.1591980e+06   4.2968750e+01
   2.1592300e+06   4.1137695e+01
   2.1592580e+06   5.5175781e+01
   2.1592710e+06   4.8767090e+01
   2.1689090e+06   3.9916992e+01
   2.1689230e+06   3.9428711e+01
   2.1690410e+06   4.7241211e+01
   2.1690560e+06   3.8940430e+01
   2.1690960e+06   5.4992676e+01
   2.1691310e+06   4.2480469e+01
   2.1692280e+06   4.0161133e+01
   2.1692420e+06   4.7058105e+01
   2.1808360e+06   4.9682617e+01
   2.1808560e+06   6.4147949e+01
   2.1808800e+06   4.5043945e+01
   2.1808970e+06   6.3171387e+01
   2.1809770e+06   4.0466309e+01
   2.1810030e+06   4.4128418e+01
   2.1810910e+06   4.0405273e+01
   2.1811550e+06   4.9743652e+01
   2.1923520e+06   6.2744141e+01
   2.1923940e+06   4.8461914e+01
   2.1924470e+06   4.0832520e+01
   2.1925020e+06   4.7058105e+01
   2.1925160e+06   4.3090820e+01
   2.1925840e+06   4.2663574e+01
   2.1926210e+06   4.4494629e+01
   2.2052220e+06   4.3823242e+01
   2.2052400e+06   5.3344727e+01
   2.2052820e+06   6.0302734e+01
   2.2053130e+06   5.3771973e+01
   2.2053350e+06   4.0039063e+01
   2.2053770e+06   4.8156738e+01
   2.2054100e+06   5.1025391e+01
   2.2054360e+06   3.9794922e+01
   2.2162680e+06   3.9489746e+01
   2.2163000e+06   5.8959961e+01
   2.2163270e+06   4.6875000e+01
   2.2163470e+06   6.0302734e+01
   2.2163660e+06   6.4025879e+01
   2.2163780e+06   3.8635254e+01
   2.2164080e+06   4.3945313e+01
   2.2164310e+06   4.4616699e+01
   2.2164530e+06   4.7363281e+01
   2.2165010e+06   4.0954590e+01
   2.2287980e+06   4.4860840e+01
   2.2288370e+06   4.5715332e+01
   2.2288740e+06   5.4809570e+01
   2.2288910e+06   5.1147461e+01
   2.2289290e+06   4.3701172e+01
   2.2289810e+06   4.1687012e+01
   2.2290630e+06   4.2358398e+01
   2.2291590e+06   4.0466309e+01
   2.2294690e+06   4.7241211e+01
   2.2392150e+06   3.9916992e+01
   2.2392370e+06   3.9245605e+01
   2.2392730e+06   4.4616699e+01
   2.2393030e+06   4.5776367e+01
   2.2393360e+06   4.0283203e+01
   2.2393730e+06   4.3640137e+01
   2.2394040e+06   4.5898438e+01
   2.2400230e+06   3.8818359e+01
   2.2523910e+06   5.8837891e+01
   2.2524180e+06   7.3547363e+01
   2.2524740e+06   4.7790527e+01
   2.2525560e+06   4.6752930e+01
   2.2526270e+06   4.3334961e+01
   2.2532560e+06   3.8635254e+01
   2.2626520e+06   4.1564941e+01
   2.2627230e+06   3.9550781e+01
   2.2627490e+06   4.1076660e+01
   2.2627590e+06   4.3457031e+01
   2.2628150e+06   5.4809570e+01
   2.2628280e+06   3.8818359e+01
   2.2628510e+06   4.0161133e+01
   2.2628710e+06   4.5898438e+01
   2.2629150e+06   4.0100098e+01
   2.2736300e+06   4.8889160e+01
   2.2736460e+06   3.9611816e+01
   2.2737050e+06   4.3762207e+01
   2.2737230e+06   5.3161621e+01
   2.2737740e+06   4.2846680e+01
   2.2862760e+06   4.3945313e+01
   2.2862870e+06   4.2175293e+01
   2.2862970e+06   4.4860840e+01
   2.2863230e+06   4.7424316e+01
   2.2863560e+06   5.7067871e+01
   2.2863670e+06   4.1992188e+01
   2.2863900e+06   5.3833008e+01
   2.2864880e+06   4.0405273e+01
   2.2867980e+06   4.1381836e+01
   2.3016770e+06   4.3212891e+01
   2.3016870e+06   5.1696777e+01
   2.3017050e+06   4.0100098e+01
   2.3017650e+06   4.8645020e+01
   2.3017930e+06   5.2673340e+01
   2.3018300e+06   5.0842285e+01
   2.3018640e+06   4.2114258e+01
   2.3018970e+06   4.6081543e+01
   2.3019180e+06   4.2846680e+01
   2.3138390e+06   4.4982910e+01
   2.3138690e+06   3.9672852e+01
   2.3139000e+06   4.1870117e+01
   2.3139730e+06   4.3090820e+01
   2.3140080e+06   4.1076660e+01
   2.3142710e+06   5.4138184e+01
   2.3276590e+06   5.2673340e+01
   2.3277050e+06   4.5776367e+01
   2.3277350e+06   4.5776367e+01
   2.3277800e+06   4.3701172e+01
   2.3278030e+06   4.4189453e+01
   2.3279060e+06   4.4860840e+01
   2.3279930e+06   3.9062500e+01
   2.3287560e+06   3.8879395e+01
   2.3417320e+06   4.6386719e+01
   2.3417440e+06   4.4311523e+01
   2.3417720e+06   4.1259766e+01
   2.3417930e+06   3.9611816e+01
   2.3418410e+06   3.8574219e+01
   2.3418620e+06   4.7241211e+01
   2.3419420e+06   4.3334961e+01
   2.3419560e+06   3.9062500e+01
   2.3421320e+06   4.1198730e+01
   2.3421990e+06   3.8757324e+01
   2.3423430e+06   3.9245605e+01
   2.3572810e+06   4.4494629e+01
   2.3572950e+06   5.0537109e+01
   2.3573130e+06   4.1137695e+01
   2.3573510e+06   5.4138184e+01
   2.3573910e+06   5.2673340e+01
   2.3574240e+06   3.9978027e+01
   2.3574510e+06   3.8757324e+01
   2.3574980e+06   3.9184570e+01
   2.3575450e+06   3.9672852e+01
   2.3575840e+06   3.9123535e+01
   2.3720610e+06   5.5969238e+01
   2.3720710e+06   6.3293457e+01
   2.3721090e+06   4.3395996e+01
   2.3722120e+06   4.2541504e+01
   2.3722640e+06   5.2062988e+01
   2.3723220e+06   4.6203613e+01
   2.3865170e+06   3.9672852e+01
   2.3865460e+06   3.9978027e+01
   2.3865710e+06   4.3029785e+01
   2.3865960e+06   4.6020508e+01
   2.3866390e+06   4.5532227e+01
   2.3866900e+06   4.3518066e+01
   2.3867760e+06   4.7241211e+01
   2.3870090e+06   4.1564941e+01
   2.3872050e+06   3.8635254e+01
   2.4048780e+06   4.1503906e+01
   2.4049060e+06   4.0527344e+01
   2.4049330e+06   5.1086426e+01
   2.4049660e+06   4.5654297e+01
   2.4049960e+06   4.1442871e+01
   2.4050240e+06   4.3395996e+01
   2.4050430e+06   3.9123535e+01
   2.4050580e+06   4.1809082e+01
   2.4051470e+06   5.0781250e+01
   2.4051780e+06   4.2053223e+01
   2.4052040e+06   4.4555664e+01
   2.4053750e+06   3.8696289e+01
   2.4054570e+06   3.9184570e+01
   2.4227410e+06   3.9794922e+01
   2.4227610e+06   5.0659180e+01
   2.4227750e+06   5.7128906e+01
   2.4228260e+06   3.9123535e+01
   2.4228690e+06   4.4006348e+01
   2.4230300e+06   4.1320801e+01
   2.4234440e+06   4.0710449e+01
   2.4235590e+06   4.0588379e+01
   2.4391700e+06   5.3405762e+01
   2.4391890e+06   4.5898438e+01
   2.4392170e+06   5.4809570e+01
   2.4392710e+06   4.3518066e+01
   2.4392960e+06   4.0893555e+01
   2.4393260e+06   4.0283203e+01
   2.4393590e+06   5.7556152e+01
   2.4394350e+06   4.1748047e+01
   2.4397230e+06   4.0344238e+01
   2.4576120e+06   4.7363281e+01
   2.4576660e+06   5.8410645e+01
   2.4577050e+06   5.3833008e+01
   2.4577440e+06   5.2429199e+01
   2.4577820e+06   4.1198730e+01
   2.4578090e+06   4.2358398e+01
   2.4578400e+06   3.9062500e+01
   2.4581320e+06   4.0222168e+01
   2.4582850e+06   4.0954590e+01
   2.4731550e+06   3.8635254e+01
   2.4731680e+06   4.4006348e+01
   2.4731890e+06   4.9194336e+01
   2.4732200e+06   5.3100586e+01
   2.4733550e+06   4.0405273e+01
   2.4734670e+06   3.9550781e+01
   2.4737170e+06   4.3518066e+01
   2.4889880e+06   4.0588379e+01
   2.4890270e+06   4.1564941e+01
   2.5009760e+06   4.7485352e+01
   2.5014230e+06   4.3823242e+01
   2.5210930e+06   5.3039551e+01
   2.7005210e+06   3.9123535e+01
   2.7005690e+06   4.6020508e+01
   2.7005890e+06   3.8818359e+01
   2.7006570e+06   4.6813965e+01
   2.7007310e+06   4.4311523e+01
   2.7007690e+06   4.6020508e+01
   2.7011360e+06   5.4687500e+01
   2.7636520e+06   3.9978027e+01
   2.8163550e+06   4.6630859e+01
   2.8164000e+06   4.1503906e+01
   2.8166920e+06   4.1809082e+01
   2.8167210e+06   3.8818359e+01
   2.8167550e+06   4.0649414e+01
   3.0504240e+06   3.8696289e+01
   3.0507900e+06   4.6142578e+01
   3.0508860e+06   4.0283203e+01
   3.0512570e+06   5.1879883e+01
   3.1061580e+06   5.3649902e+01
   3.1062360e+06   4.0466309e+01
   3.1062480e+06   3.9001465e+01
   3.1065230e+06   3.8940430e+01
   3.1474160e+06   4.2419434e+01
   3.2011700e+06   4.6630859e+01
   3.2017030e+06   4.3395996e+01
   3.2018670e+06   4.3823242e+01
   3.2610920e+06   3.9123535e+01
   3.2615130e+06   4.7058105e+01
   3.2615450e+06   4.4555664e+01
   3.2617440e+06   4.7424316e+01
   3.2620380e+06   4.5593262e+01
   3.3383060e+06   4.1625977e+01
   3.3391070e+06   4.8767090e+01
   3.4111750e+06   4.9926758e+01
   3.4113040e+06   5.1208496e+01
   3.4693440e+06   4.5227051e+01
   3.4693550e+06   4.2968750e+01
   3.4693800e+06   4.6813965e+01
   3.4694000e+06   4.2602539e+01
   3.4697130e+06   4.6264648e+01
   3.4699350e+06   4.0161133e+01
   3.5394930e+06   3.9855957e+01
   3.5528490e+06   4.4372559e+01
   3.5528750e+06   4.3273926e+01
   3.5529120e+06   4.3945313e+01
   3.5529620e+06   4.3090820e+01
   3.5680220e+06   3.8879395e+01
   3.5680640e+06   3.8757324e+01
   3.5680880e+06   4.3945313e+01
   3.5681840e+06   4.0466309e+01
   3.5682820e+06   4.6813965e+01
   3.5817230e+06   4.7729492e+01
   3.5817440e+06   4.0832520e+01
   3.5817620e+06   5.1391602e+01
   3.5817830e+06   3.9428711e+01
   3.5818120e+06   4.5959473e+01
   3.5819200e+06   4.2419434e+01
   3.5820150e+06   4.6264648e+01
   3.5822330e+06   3.9001465e+01
   3.5958220e+06   4.5471191e+01
   3.5958490e+06   5.8105469e+01
   3.5958900e+06   4.4006348e+01
   3.5959330e+06   4.5043945e+01
   3.5960970e+06   4.4311523e+01
   3.6090360e+06   4.5898438e+01
   3.6090480e+06   6.4636230e+01
   3.6091160e+06   3.9123535e+01
   3.6091960e+06   4.2175293e+01
   3.6092990e+06   4.3579102e+01
   3.6094110e+06   4.8095703e+01
   3.6094340e+06   4.1809082e+01
   3.6228270e+06   4.1015625e+01
   3.6228960e+06   4.8461914e+01
   3.6229250e+06   5.0415039e+01
   3.6229630e+06   3.8940430e+01
   3.6230330e+06   4.8828125e+01
   3.6348880e+06   5.4626465e+01
   3.6349070e+06   5.6213379e+01
   3.6349410e+06   4.4921875e+01
   3.6349640e+06   5.9570313e+01
   3.6350050e+06   4.3640137e+01
   3.6350550e+06   4.0893555e+01
   3.6351290e+06   3.9306641e+01
   3.6351530e+06   3.8696289e+01
   3.6351990e+06   4.0100098e+01
   3.6352390e+06   4.7790527e+01
   3.6466690e+06   5.2795410e+01
   3.6466920e+06   4.2663574e+01
   3.6467350e+06   4.2358398e+01
   3.6467980e+06   5.9936523e+01
   3.6468310e+06   5.6884766e+01
   3.6469040e+06   4.0466309e+01
   3.6469250e+06   4.1564941e+01
   3.6469830e+06   4.2297363e+01
   3.6472460e+06   3.8757324e+01
   3.6580030e+06   3.9123535e+01
   3.6580160e+06   4.6325684e+01
   3.6580370e+06   4.1076660e+01
   3.6580630e+06   4.5410156e+01
   3.6581570e+06   4.9133301e+01
   3.6581740e+06   4.1076660e+01
   3.6581960e+06   4.3579102e+01
   3.6582410e+06   4.2846680e+01
   3.6582600e+06   3.9367676e+01
   3.6582930e+06   4.4982910e+01
   3.6583080e+06   3.9428711e+01
   3.6708230e+06   4.4372559e+01
   3.6708410e+06   6.3171387e+01
   3.6708640e+06   7.3913574e+01
   3.6708860e+06   5.1757813e+01
   3.6708970e+06   3.9123535e+01
   3.6709200e+06   4.1992188e+01
   3.6709360e+06   4.1564941e+01
   3.6709680e+06   4.3151855e+01
   3.6709990e+06   4.4311523e+01
   3.6710190e+06   4.7485352e+01
   3.6710700e+06   4.0954590e+01
   3.6714900e+06   4.9926758e+01
   3.6717680e+06   4.8950195e+01
   3.6726530e+06   4.4433594e+01
   3.6827830e+06   5.3344727e+01
   3.6828150e+06   4.9438477e+01
   3.6828330e+06   4.6264648e+01
   3.6829220e+06   4.6081543e+01
   3.6829610e+06   4.3457031e+01
   3.6829830e+06   3.8635254e+01
   3.6830270e+06   4.5288086e+01
   3.6830790e+06   4.8095703e+01
   3.6831410e+06   3.9916992e+01
   3.6998880e+06   4.0527344e+01
   3.6999070e+06   5.4687500e+01
   3.6999250e+06   5.8898926e+01
   3.6999480e+06   5.4626465e+01
   3.7000520e+06   6.5856934e+01
   3.7000680e+06   5.2856445e+01
   3.7000880e+06   4.2236328e+01
   3.7001000e+06   4.4494629e+01
   3.7001340e+06   6.7077637e+01
   3.7001630e+06   5.2856445e+01
   3.7001940e+06   4.8950195e+01
   3.7003290e+06   4.3945313e+01
   3.7004160e+06   4.0832520e+01
   3.7011190e+06   4.0649414e+01
   3.7017780e+06   4.2175293e+01
   3.7225730e+06   4.9133301e+01
   3.7228390e+06   4.0893555e+01
   3.7229190e+06   4.1503906e+01
   3.7299180e+06   4.3273926e+01
   3.7317600e+06   3.9062500e+01
   3.7317720e+06   4.1076660e+01
   3.7320020e+06   4.0893555e+01
   3.7378300e+06   3.8940430e+01
   3.7380180e+06   4.0954590e+01
   3.7386170e+06   3.8818359e+01
   3.7454470e+06   4.1137695e+01
   3.7536980e+06   4.6691895e+01
   3.7537420e+06   4.1076660e+01
   3.7539860e+06   5.9692383e+01
   3.7542440e+06   3.9489746e+01
   3.7543070e+06   3.9550781e+01
   3.7544980e+06   4.1198730e+01
   3.7631240e+06   4.2663574e+01
   3.7633100e+06   5.0231934e+01
   3.7634010e+06   4.1442871e+01
   3.7635060e+06   4.0710449e+01
   3.7635760e+06   4.0527344e+01
   3.7747760e+06   4.2236328e+01
   3.7747930e+06   4.0161133e+01
   3.7748430e+06   4.4494629e+01
   3.7748690e+06   4.1870117e+01
   3.7749210e+06   4.1381836e+01
   3.7749540e+06   5.2307129e+01
   3.7750080e+06   3.8940430e+01
   3.7750380e+06   4.4250488e+01
   3.7750630e+06   4.3823242e+01
   3.7751210e+06   4.3273926e+01
   3.7751430e+06   4.5837402e+01
   3.7751940e+06   3.9672852e+01
   3.7752740e+06   3.8940430e+01
   3.7756480e+06   3.8940430e+01
   3.7759240e+06   4.1381836e+01
   3.7856710e+06   4.6325684e+01
   3.7856830e+06   5.5236816e+01
   3.7857290e+06   4.0161133e+01
   3.7857490e+06   4.1076660e+01
   3.7858100e+06   4.3151855e+01
   3.7858660e+06   4.0832520e+01
   3.7859110e+06   3.8818359e+01
   3.7859440e+06   5.2795410e+01
   3.7859830e+06   4.5532227e+01
   3.7860130e+06   4.9316406e+01
   3.7860530e+06   4.1076660e+01
   3.7860910e+06   4.6875000e+01
   3.7862790e+06   4.0466309e+01
   3.7975970e+06   5.7556152e+01
   3.7977980e+06   3.9489746e+01
   3.7978250e+06   4.0649414e+01
   3.7978920e+06   4.8156738e+01
   3.7980330e+06   4.4799805e+01
   3.7986190e+06   3.9184570e+01
   3.8091420e+06   4.1137695e+01
   3.8091610e+06   4.0405273e+01
   3.8092850e+06   4.0222168e+01
   3.8093110e+06   3.9978027e+01
   3.8093760e+06   3.9123535e+01
   3.8094090e+06   4.5532227e+01
   3.8094810e+06   4.3640137e+01
   3.8095910e+06   4.2785645e+01
   3.8193520e+06   6.1523438e+01
   3.8193620e+06   4.1076660e+01
   3.8194340e+06   5.0354004e+01
   3.8194540e+06   3.8574219e+01
   3.8194910e+06   4.0466309e+01
   3.8195960e+06   5.3894043e+01
   3.8196080e+06   4.1381836e+01
   3.8196350e+06   4.9987793e+01
   3.8197180e+06   4.1687012e+01
   3.8197690e+06   3.8696289e+01
   3.8198170e+06   5.0415039e+01
   3.8304350e+06   7.3913574e+01
   3.8304550e+06   4.2846680e+01
   3.8305260e+06   4.3457031e+01
   3.8305470e+06   4.0954590e+01
   3.8305660e+06   4.0893555e+01
   3.8306050e+06   4.1809082e+01
   3.8306310e+06   4.6508789e+01
   3.8306480e+06   5.3588867e+01
   3.8307150e+06   4.1015625e+01
   3.8307650e+06   4.4555664e+01
   3.8307910e+06   4.0893555e+01
   3.8416080e+06   3.9733887e+01
   3.8416230e+06   4.3090820e+01
   3.8416580e+06   4.1015625e+01
   3.8416840e+06   4.4921875e+01
   3.8417270e+06   4.9255371e+01
   3.8417450e+06   4.6630859e+01
   3.8417820e+06   3.8879395e+01
   3.8418430e+06   4.0344238e+01
   3.8419290e+06   3.9489746e+01
   3.8419510e+06   4.1564941e+01
   3.8530220e+06   4.6936035e+01
   3.8530370e+06   4.4067383e+01
   3.8530610e+06   4.5227051e+01
   3.8531020e+06   4.0039063e+01
   3.8531230e+06   4.3334961e+01
   3.8531450e+06   4.1931152e+01
   3.8532010e+06   4.5715332e+01
   3.8533040e+06   3.8879395e+01
   3.8533300e+06   4.2968750e+01
   3.8534030e+06   3.9672852e+01
   3.8536150e+06   4.4677734e+01
   3.8541170e+06   4.4555664e+01
   3.8660240e+06   4.3273926e+01
   3.8660440e+06   4.9011230e+01
   3.8661040e+06   6.6650391e+01
   3.8661150e+06   4.2846680e+01
   3.8661450e+06   4.7119141e+01
   3.8661830e+06   4.4372559e+01
   3.8662070e+06   5.1025391e+01
   3.8662360e+06   4.4677734e+01
   3.8662820e+06   4.1015625e+01
   3.8663110e+06   4.1503906e+01
   3.8663570e+06   5.2185059e+01
   3.8663900e+06   4.1748047e+01
   3.8664180e+06   3.9062500e+01
   3.8672820e+06   3.9489746e+01
   3.8776600e+06   5.4992676e+01
   3.8776750e+06   4.3334961e+01
   3.8777140e+06   4.1503906e+01
   3.8777480e+06   5.8837891e+01
   3.8778020e+06   4.9499512e+01
   3.8778350e+06   4.4372559e+01
   3.8778660e+06   4.3395996e+01
   3.8778790e+06   5.3466797e+01
   3.8883090e+06   4.0954590e+01
   3.8883270e+06   5.2124023e+01
   3.8883390e+06   4.0466309e+01
   3.8883910e+06   4.0222168e+01
   3.8884060e+06   4.1320801e+01
   3.8884180e+06   4.8339844e+01
   3.8884680e+06   4.1931152e+01
   3.8885120e+06   5.1818848e+01
   3.8886130e+06   4.1687012e+01
   3.8890400e+06   3.8940430e+01
   3.9001390e+06   4.5043945e+01
   3.9001540e+06   4.5593262e+01
   3.9001670e+06   4.2907715e+01
   3.9001930e+06   4.6203613e+01
   3.9002180e+06   4.0039063e+01
   3.9002400e+06   4.7485352e+01
   3.9002970e+06   5.2734375e+01
   3.9003120e+06   4.3762207e+01
   3.9004490e+06   4.7241211e+01
   3.9004840e+06   4.2114258e+01
   3.9136160e+06   4.7668457e+01
   3.9136280e+06   6.8176270e+01
   3.9136860e+06   3.9855957e+01
   3.9137340e+06   3.9794922e+01
   3.9137520e+06   4.5593262e+01
   3.9137730e+06   3.9184570e+01
   3.9137970e+06   4.3823242e+01
   3.9138380e+06   4.4006348e+01
   3.9138680e+06   4.9072266e+01
   3.9138990e+06   4.3334961e+01
   3.9141280e+06   4.1992188e+01
   3.9287950e+06   4.5593262e+01
   3.9288720e+06   4.2724609e+01
   3.9288840e+06   3.9001465e+01
   3.9289080e+06   4.9377441e+01
   3.9289380e+06   5.3039551e+01
   3.9289550e+06   3.8696289e+01
   3.9289690e+06   4.4921875e+01
   3.9289970e+06   4.6020508e+01
   3.9290540e+06   3.9306641e+01
   3.9291270e+06   5.1635742e+01
   3.9292650e+06   4.6386719e+01
   3.9458010e+06   4.5288086e+01
   3.9458220e+06   3.9978027e+01
   3.9458360e+06   4.0710449e+01
   3.9458510e+06   5.2856445e+01
   3.9458920e+06   5.3527832e+01
   3.9459170e+06   3.8940430e+01
   3.9459330e+06   4.4372559e+01
   3.9459710e+06   4.2236328e+01
   3.9459810e+06   5.4382324e+01
   3.9460000e+06   4.8645020e+01
   3.9460560e+06   4.5898438e+01
   3.9460770e+06   4.3762207e+01
   3.9460950e+06   3.8757324e+01
   3.9461650e+06   4.7241211e+01
   3.9461860e+06   4.8034668e+01
   3.9463640e+06   4.6508789e+01
   3.9606790e+06   4.4067383e+01
   3.9607060e+06   4.2602539e+01
   3.9607580e+06   3.8635254e+01
   3.9607750e+06   3.9245605e+01
   3.9608130e+06   3.9672852e+01
   3.9608310e+06   4.4494629e+01
   3.9609010e+06   4.4189453e+01
   3.9609190e+06   3.9184570e+01
   3.9609690e+06   6.1706543e+01
   3.9610350e+06   4.0588379e+01
   3.9611340e+06   5.2856445e+01
   3.9612660e+06   4.6813965e+01
   3.9615370e+06   4.3090820e+01
   3.9762770e+06   4.1809082e+01
   3.9762910e+06   4.6630859e+01
   3.9763250e+06   5.3588867e+01
   3.9763690e+06   4.2175293e+01
   3.9764410e+06   4.6020508e+01
   3.9765090e+06   5.2551270e+01
   3.9765860e+06   3.8818359e+01
   3.9766160e+06   4.6813965e+01
   3.9766390e+06   5.6640625e+01
   3.9767620e+06   4.1564941e+01
   3.9769960e+06   4.0771484e+01
   3.9894770e+06   6.1706543e+01
   3.9895150e+06   3.9550781e+01
   3.9895780e+06   4.8889160e+01
   3.9896310e+06   3.8940430e+01
   3.9896420e+06   4.5959473e+01
   3.9897170e+06   4.1320801e+01
   3.9897470e+06   4.5288086e+01
   3.9900520e+06   3.9855957e+01
   4.0038320e+06   4.2114258e+01
   4.0038520e+06   6.4697266e+01
   4.0038740e+06   4.1809082e+01
   4.0039260e+06   5.5480957e+01
   4.0039600e+06   5.2490234e+01
   4.0040060e+06   4.2602539e+01
   4.0040320e+06   4.8828125e+01
   4.0040810e+06   5.9936523e+01
   4.0040930e+06   4.8950195e+01
   4.0041920e+06   4.3579102e+01
   4.0045210e+06   4.1625977e+01
   4.0188720e+06   3.9672852e+01
   4.0188960e+06   5.4016113e+01
   4.0189120e+06   4.3334961e+01
   4.0189300e+06   4.1687012e+01
   4.0189720e+06   5.3405762e+01
   4.0189930e+06   4.3945313e+01
   4.0190240e+06   4.1076660e+01
   4.0190570e+06   3.9855957e+01
   4.0191050e+06   4.7729492e+01
   4.0191610e+06   4.0588379e+01
   4.0192240e+06   4.7363281e+01
   4.0355640e+06   4.8767090e+01
   4.0355750e+06   4.7912598e+01
   4.0355960e+06   4.2846680e+01
   4.0356200e+06   4.3945313e+01
   4.0356370e+06   4.9133301e+01
   4.0357740e+06   4.6813965e+01
   4.0358060e+06   4.0649414e+01
   4.0358420e+06   4.8767090e+01
   4.0359050e+06   4.0222168e+01
   4.0363130e+06   3.8635254e+01
   4.0516990e+06   4.6142578e+01
   4.0517400e+06   3.9428711e+01
   4.0517600e+06   3.9794922e+01
   4.0518240e+06   4.9682617e+01
   4.0518460e+06   4.2114258e+01
   4.0520380e+06   4.0466309e+01
   4.0522660e+06   4.2236328e+01
   4.0647330e+06   4.3579102e+01
   4.0647630e+06   4.5349121e+01
   4.0648870e+06   5.3466797e+01
   4.0650030e+06   5.8288574e+01
   4.0650580e+06   4.2236328e+01
   4.0651170e+06   4.0954590e+01
   4.0652000e+06   3.9306641e+01
   4.0654870e+06   4.4006348e+01
   4.0799840e+06   4.2236328e+01
   4.0800730e+06   3.8635254e+01
   4.0801240e+06   5.1757813e+01
   4.0801410e+06   4.0039063e+01
   4.0801720e+06   3.9672852e+01
   4.0802470e+06   4.2358398e+01
   4.0802670e+06   4.3212891e+01
   4.0803250e+06   4.1748047e+01
   4.0805250e+06   3.9001465e+01
   4.0806630e+06   4.1320801e+01
   4.0808090e+06   4.0100098e+01
   4.0938250e+06   4.4250488e+01
   4.0939170e+06   4.3640137e+01
   4.0941300e+06   4.4250488e+01
   4.0941480e+06   4.0283203e+01
   4.1070880e+06   4.9499512e+01
   4.1071030e+06   5.3466797e+01
   4.1071760e+06   4.1198730e+01
   4.1073960e+06   4.0832520e+01
   4.1191120e+06   4.5593262e+01
   4.1191310e+06   4.2175293e+01
   4.1192470e+06   4.4433594e+01
   4.1194410e+06   4.2907715e+01
   4.1375460e+06   3.8635254e+01
   4.1523330e+06   5.2429199e+01
   4.3518390e+06   4.7607422e+01
   4.3925430e+06   6.4331055e+01
   4.4322560e+06   3.9672852e+01
   4.5027910e+06   4.2236328e+01
   4.5683610e+06   4.0710449e+01
   4.5684870e+06   4.4372559e+01
   4.5687640e+06   6.2438965e+01
   4.5689200e+06   4.1564941e+01
   4.6354830e+06   4.2541504e+01
   4.6357670e+06   4.1137695e+01
   4.6360940e+06   4.7485352e+01
   4.7378100e+06   4.4311523e+01
   4.7378230e+06   4.2846680e+01
   4.7380070e+06   4.1015625e+01
   4.8043770e+06   3.9062500e+01
   4.8052580e+06   4.1748047e+01
   4.8315390e+06   4.0466309e+01
   4.8323500e+06   3.9123535e+01
   4.8720630e+06   4.2480469e+01
   4.8953310e+06   3.9611816e+01
   4.9309160e+06   4.1015625e+01
   4.9361170e+06   4.3579102e+01
   4.9535470e+06   3.9916992e+01
   4.9536110e+06   4.2358398e+01
   4.9538820e+06   4.1442871e+01
   4.9761560e+06   4.4250488e+01
   5.0131370e+06   3.9062500e+01
   5.0819670e+06   3.9245605e+01
   5.0821140e+06   4.3334961e+01
   5.0822800e+06   5.0292969e+01
   5.0823020e+06   4.3457031e+01
   5.1213960e+06   3.8818359e+01
   5.1345590e+06   3.9245605e+01
   5.1584580e+06   4.5654297e+01
   5.2010430e+06   3.8574219e+01
   5.2188130e+06   4.2419434e+01
   5.2231190e+06   4.0405273e+01
   5.2237400e+06   3.9489746e+01
   5.2237980e+06   4.0039063e+01
   5.2573570e+06   4.3701172e+01
   5.2574480e+06   3.9184570e+01
   5.2574950e+06   4.8767090e+01
   5.2575790e+06   4.3090820e+01
   5.2577500e+06   4.1809082e+01
   5.3168850e+06   4.2968750e+01
   5.3496800e+06   4.3518066e+01
   5.3659430e+06   3.9672852e+01
   5.3659720e+06   4.6325684e+01
   5.3661040e+06   4.3029785e+01
   5.3661680e+06   4.2358398e+01
   5.3661790e+06   4.1320801e+01
   5.3666180e+06   4.0405273e+01
   5.3666870e+06   6.2561035e+01
   5.3960980e+06   3.9123535e+01
   5.4251160e+06   3.8818359e+01
   5.4897630e+06   4.3640137e+01
   5.4939290e+06   4.1625977e+01
   5.4941150e+06   4.1320801e+01
   5.4941610e+06   4.4006348e+01
   5.5489470e+06   3.9428711e+01
   5.5741820e+06   3.9855957e+01
   5.5742430e+06   4.1320801e+01
   5.5742600e+06   4.0405273e+01
   5.5743770e+06   4.1076660e+01
   5.5744530e+06   3.9367676e+01
   5.5745830e+06   3.8879395e+01
   5.6078990e+06   4.1625977e+01
   5.6280350e+06   3.9916992e+01
   5.6282060e+06   4.4433594e+01
   5.6282340e+06   4.0344238e+01
   5.6283830e+06   5.0476074e+01
   5.6285610e+06   3.8818359e+01
   5.6287970e+06   3.9123535e+01
   5.6693440e+06   4.0405273e+01
   5.7066690e+06   4.2480469e+01
   5.7068590e+06   5.1269531e+01
   5.7072440e+06   4.2053223e+01
   5.7333120e+06   4.7180176e+01
   5.7333560e+06   3.8757324e+01
   5.7334720e+06   4.0161133e+01
   5.7650980e+06   4.4250488e+01
   5.7652130e+06   4.0954590e+01
   5.7652300e+06   4.4189453e+01
   5.7653450e+06   3.8635254e+01
   5.7655090e+06   4.2663574e+01
   5.7656140e+06   3.9916992e+01
   5.7657310e+06   4.5532227e+01
   5.7933620e+06   3.9672852e+01
   5.8005400e+06   4.0893555e+01
   5.8425630e+06   4.3945313e+01
   5.8426170e+06   4.3762207e+01
   5.8427790e+06   4.2419434e+01
   5.8429240e+06   4.9926758e+01
   5.8776510e+06   3.9611816e+01
   5.8776730e+06   4.6264648e+01
   5.8777070e+06   4.8278809e+01
   5.8777780e+06   4.1381836e+01
   5.8778310e+06   4.5349121e+01
   5.9611020e+06   4.2541504e+01
   5.9615780e+06   4.1076660e+01
   5.9763430e+06   4.2175293e+01
   5.9763600e+06   3.9306641e+01
   6.0001200e+06   4.4677734e+01
   6.0044310e+06   4.4433594e+01
   6.0044930e+06   4.7973633e+01
   6.0047560e+06   4.4250488e+01
   6.0366680e+06   3.8757324e+01
   6.0667250e+06   4.2419434e+01
   6.0680960e+06   3.8879395e+01
   6.0691230e+06   4.0100098e+01
   6.1167590e+06   4.2358398e+01
   6.1180440e+06   4.1259766e+01
   6.1212160e+06   4.1503906e+01
   6.1499880e+06   3.9001465e+01
   6.1586960e+06   3.9367676e+01
   6.1595770e+06   4.2236328e+01
   6.1597610e+06   4.0039063e+01
   6.1598470e+06   4.3579102e+01
   6.2056250e+06   3.9062500e+01
   6.2060600e+06   4.5715332e+01
   6.2061960e+06   4.7607422e+01
   6.2064160e+06   4.2053223e+01
   6.2605810e+06   4.6203613e+01
   6.2614910e+06   4.7668457e+01
   6.2617910e+06   3.9062500e+01
   6.2619600e+06   3.9428711e+01
   6.2620850e+06   3.8635254e+01
   6.2843180e+06   3.8757324e+01
   6.2908290e+06   4.1442871e+01
   6.2961370e+06   3.8879395e+01
   6.2984020e+06   4.2114258e+01
   6.2985570e+06   3.8940430e+01
   6.2987150e+06   4.2785645e+01
   6.2988450e+06   4.4738770e+01
   6.2989640e+06   4.1320801e+01
   6.3326120e+06   4.1992188e+01
   6.3369790e+06   4.2358398e+01
   6.3372760e+06   3.9489746e+01
   6.3711740e+06   4.2297363e+01
   6.3839890e+06   4.2114258e+01
   6.4047190e+06   3.9978027e+01
   6.4086870e+06   3.9123535e+01
   6.4087030e+06   4.1076660e+01
   6.4087490e+06   4.1809082e+01
   6.4088180e+06   3.8574219e+01
   6.4088680e+06   4.5288086e+01
   6.4090610e+06   5.8959961e+01
   6.4272020e+06   3.9611816e+01
   6.4446750e+06   4.0039063e+01
   6.4590320e+06   4.1381836e+01
   6.4617900e+06   4.0893555e+01
   6.4935350e+06   4.0039063e+01
   6.4935670e+06   5.5358887e+01
   6.4936290e+06   4.0466309e+01
   6.4936840e+06   6.4697266e+01
   6.4938110e+06   4.2053223e+01
   6.5182530e+06   3.9611816e+01
   6.5365740e+06   4.0527344e+01
   6.5449240e+06   4.2846680e+01
   6.5457630e+06   4.1320801e+01
   6.5461970e+06   4.1503906e+01
   6.5463150e+06   4.1442871e+01
   6.5464400e+06   4.9499512e+01
   6.5664780e+06   4.2907715e+01
   6.5664970e+06   4.1442871e+01
   6.5665990e+06   4.8034668e+01
   6.5666890e+06   4.0588379e+01
   6.5828940e+06   4.3395996e+01
   6.5829140e+06   4.3579102e+01
   6.5829550e+06   4.4311523e+01
   6.5829650e+06   4.3945313e+01
   6.5829940e+06   4.7729492e+01
   6.5830150e+06   3.8635254e+01
   6.5973200e+06   4.3029785e+01
   6.5973770e+06   3.8696289e+01
   6.5974180e+06   3.9489746e+01
   6.5974780e+06   3.9611816e+01
   6.5975340e+06   4.3151855e+01
   6.6156130e+06   5.8837891e+01
   6.6156350e+06   4.1748047e+01
   6.6156480e+06   4.0222168e+01
   6.6156800e+06   3.9367676e+01
   6.6157120e+06   6.1096191e+01
   6.6158840e+06   4.3029785e+01
   6.6159030e+06   5.0354004e+01
   6.6159410e+06   4.1625977e+01
   6.6160020e+06   4.2236328e+01
   6.6160330e+06   4.1442871e+01
   6.6161360e+06   5.0720215e+01
   6.6162730e+06   4.6020508e+01
   6.6164010e+06   4.5349121e+01
   6.6328630e+06   4.1931152e+01
   6.6328870e+06   5.0415039e+01
   6.6329060e+06   5.0903320e+01
   6.6329220e+06   4.8950195e+01
   6.6329730e+06   5.2612305e+01
   6.6329870e+06   4.1809082e+01
   6.6330280e+06   4.8400879e+01
   6.6330610e+06   6.5612793e+01
   6.6330870e+06   4.4738770e+01
   6.6332460e+06   3.8696289e+01
   6.6334790e+06   4.0527344e+01
   6.6335080e+06   3.8940430e+01
   6.6346040e+06   3.9794922e+01
   6.6347380e+06   4.0161133e+01
   6.6519690e+06   4.2419434e+01
   6.6530230e+06   3.9611816e+01
   6.6600770e+06   4.6264648e+01
   6.6737000e+06   4.0222168e+01
   6.6814180e+06   3.9428711e+01
   6.6815690e+06   3.9123535e+01
   6.6818460e+06   3.9855957e+01
   6.6819580e+06   4.1809082e+01
   6.6899060e+06   3.9733887e+01
   6.6899550e+06   4.8583984e+01
   6.6900090e+06   3.9794922e+01
   6.6904220e+06   4.3212891e+01
   6.6989040e+06   3.9306641e+01
   6.6991080e+06   3.8757324e+01
   6.6994560e+06   3.9245605e+01
   6.7092750e+06   4.1992188e+01
   6.7094520e+06   3.8940430e+01
   6.7094850e+06   4.5227051e+01
   6.7097470e+06   5.1818848e+01
   6.7097710e+06   6.0607910e+01
   6.7098030e+06   3.9550781e+01
   6.7098190e+06   4.1870117e+01
   6.7104260e+06   4.0100098e+01
   6.7215640e+06   4.3762207e+01
   6.7218510e+06   4.0954590e+01
   6.7218790e+06   4.3762207e+01
   6.7322930e+06   4.1381836e+01
   6.7323370e+06   4.1748047e+01
   6.7324440e+06   3.9184570e+01
   6.7326690e+06   3.9733887e+01
   6.7457010e+06   3.9001465e+01
   6.7457890e+06   4.1931152e+01
   6.7458340e+06   4.3090820e+01
   6.7459610e+06   4.2663574e+01
   6.7461300e+06   6.1279297e+01
   6.7466010e+06   4.0405273e+01
   6.7590390e+06   4.1442871e+01
   6.7590600e+06   5.2917480e+01
   6.7590700e+06   5.2062988e+01
   6.7591490e+06   3.8574219e+01
   6.7592260e+06   4.6020508e+01
   6.7593800e+06   5.6518555e+01
   6.7723950e+06   5.0537109e+01
   6.7724300e+06   5.4870605e+01
   6.7725740e+06   4.1625977e+01
   6.7728490e+06   4.0771484e+01
   6.7730620e+06   4.2846680e+01
   6.7854380e+06   4.9621582e+01
   6.7856290e+06   4.4616699e+01
   6.7858920e+06   4.2724609e+01
   6.8044460e+06   4.0466309e+01
   6.8044700e+06   4.7912598e+01
   6.8045270e+06   4.1381836e+01
   6.8047060e+06   3.9428711e+01
   6.8048840e+06   4.0405273e+01
   6.8050120e+06   5.0903320e+01
   6.8169880e+06   4.0466309e+01
   6.8172170e+06   4.5532227e+01
   6.8173170e+06   4.0954590e+01
   6.8307290e+06   3.8574219e+01
   6.8307720e+06   4.1503906e+01
   6.8312530e+06   4.4067383e+01
   6.8312860e+06   4.1381836e+01
   6.8315800e+06   4.0649414e+01
   6.8455310e+06   3.8696289e+01
   6.8458810e+06   4.0771484e+01
   6.8459730e+06   4.5349121e+01
   6.8462380e+06   4.7546387e+01
   6.8466470e+06   3.8574219e+01
   6.8468260e+06   3.9001465e+01
   6.8614630e+06   4.3273926e+01
   6.8619550e+06   5.4138184e+01
   6.8761090e+06   4.5715332e+01
   6.8767050e+06   4.2602539e+01
   6.8912580e+06   4.0771484e+01
   6.8920750e+06   4.5959473e+01
   6.9059230e+06   3.8757324e+01
   6.9225300e+06   4.2480469e+01
   6.9665440e+06   3.9306641e+01
   6.9739190e+06   4.8339844e+01
   7.0131900e+06   4.2968750e+01
   7.0239200e+06   3.9794922e+01
   7.0400340e+06   4.3395996e+01
   7.0521250e+06   3.9672852e+01
   7.0892480e+06   4.0771484e+01
   7.1132850e+06   4.1259766e+01
   7.1135420e+06   4.3823242e+01
   7.1157630e+06   4.1442871e+01
   7.1157960e+06   4.2480469e+01
   7.1162190e+06   3.9306641e+01
   7.1172110e+06   4.1198730e+01
   7.1175720e+06   5.0354004e+01
   7.1277320e+06   4.1137695e+01
   7.1490840e+06   4.4860840e+01
   7.1491050e+06   4.0039063e+01
   7.1838850e+06   4.1076660e+01
   7.1851240e+06   4.1137695e+01
   7.1865950e+06   3.8574219e+01
   7.1874940e+06   4.0893555e+01
   7.1875610e+06   3.9489746e+01
   7.1875980e+06   4.0344238e+01
   7.1877390e+06   3.9123535e+01
   7.2148100e+06   4.6264648e+01
   7.2514250e+06   4.4006348e+01
   7.2515450e+06   4.2785645e+01
   7.2515840e+06   4.3823242e+01
   7.2516140e+06   4.7546387e+01
   7.2516690e+06   4.7180176e+01
   7.2517600e+06   4.8645020e+01
   7.2762840e+06   3.8696289e+01
   7.2763640e+06   4.2663574e+01
   7.2763960e+06   4.1687012e+01
   7.2764240e+06   4.5959473e+01
   7.2767570e+06   4.1748047e+01
   7.3056540e+06   4.0039063e+01
   7.3059130e+06   4.3884277e+01
   7.3064590e+06   4.1809082e+01
   7.3279240e+06   3.9123535e+01
   7.3279630e+06   4.3762207e+01
   7.3279930e+06   4.1198730e+01
   7.3280350e+06   4.9377441e+01
   7.3280990e+06   4.9438477e+01
   7.3613390e+06   4.1748047e+01
   7.3636810e+06   4.2480469e+01
   7.3840110e+06   3.9672852e+01
   7.3845850e+06   3.9672852e+01
   7.3847320e+06   3.9672852e+01
   7.3848460e+06   4.4555664e+01
   7.3850030e+06   4.6325684e+01
   7.3851500e+06   4.6997070e+01
   7.4071970e+06   3.8757324e+01
   7.4073630e+06   4.1381836e+01
   7.4437040e+06   4.0405273e+01
   7.4438400e+06   4.1381836e+01
   7.4438700e+06   6.5734863e+01
   7.4439440e+06   4.4128418e+01
   7.4444690e+06   5.6396484e+01
   7.4449930e+06   3.9428711e+01
   7.4736540e+06   4.5349121e+01
   7.4738590e+06   3.9245605e+01
   7.4745670e+06   4.2236328e+01
   7.4745810e+06   5.9875488e+01
   7.4746270e+06   4.5288086e+01
   7.4746920e+06   4.3823242e+01
   7.4747740e+06   3.8879395e+01
   7.4748700e+06   4.7607422e+01
   7.4750810e+06   4.7729492e+01
   7.4753260e+06   4.0344238e+01
   7.4965410e+06   4.2602539e+01
   7.5015760e+06   4.0710449e+01
   7.5021800e+06   3.9123535e+01
   7.5021900e+06   5.9204102e+01
   7.5269520e+06   5.7495117e+01
   7.5270070e+06   5.1940918e+01
   7.5270490e+06   3.9794922e+01
   7.5273370e+06   3.9123535e+01
   7.5275650e+06   4.0771484e+01
   7.5279820e+06   6.2805176e+01
   7.5283670e+06   4.2663574e+01
   7.5452330e+06   4.0527344e+01
   7.5691490e+06   3.9550781e+01
   7.5772650e+06   4.5776367e+01
   7.5819390e+06   4.2358398e+01
   7.5819730e+06   5.3161621e+01
   7.5819960e+06   3.9672852e+01
   7.5820150e+06   4.2297363e+01
   7.5820320e+06   3.9611816e+01
   7.5820470e+06   4.0161133e+01
   7.5821180e+06   3.9978027e+01
   7.5821870e+06   4.0893555e+01
   7.5823220e+06   4.7058105e+01
   7.5823320e+06   4.2297363e+01
   7.5826210e+06   4.1992188e+01
   7.5828030e+06   4.2785645e+01
   7.6180670e+06   4.5410156e+01
   7.6252480e+06   4.1809082e+01
   7.6257280e+06   4.5715332e+01
   7.6265470e+06   4.1931152e+01
   7.6267160e+06   4.1503906e+01
   7.6269080e+06   3.8574219e+01
   7.6269360e+06   4.1564941e+01
   7.6273080e+06   3.9978027e+01
   7.6566620e+06   4.0161133e+01
   7.6567480e+06   4.6752930e+01
   7.6568480e+06   3.8696289e+01
   7.6568740e+06   3.9550781e+01
   7.6576020e+06   3.9489746e+01
   7.6580660e+06   5.1391602e+01
   7.6715790e+06   4.6447754e+01
   7.6945320e+06   3.8574219e+01
   7.6945550e+06   4.1564941e+01
   7.7113920e+06   4.1748047e+01
   7.7128350e+06   4.3212891e+01
   7.7129960e+06   4.4921875e+01
   7.7131200e+06   5.9692383e+01
   7.7541740e+06   4.7485352e+01
   7.7696870e+06   4.1748047e+01
   7.7830490e+06   4.4067383e+01
   7.7833340e+06   4.3334961e+01
   7.7833820e+06   3.9489746e+01
   7.7840030e+06   5.0170898e+01
   7.8126200e+06   3.9306641e+01
   7.8131320e+06   5.4687500e+01
   7.8131640e+06   4.0649414e+01
   7.8132670e+06   4.3212891e+01
   7.8132920e+06   3.9916992e+01
   7.8453200e+06   4.2907715e+01
   7.8454300e+06   4.4982910e+01
   7.8455670e+06   3.9306641e+01
   7.8759540e+06   4.5593262e+01
   7.8760540e+06   4.2053223e+01
   7.8951150e+06   3.9306641e+01
   7.9151130e+06   3.8818359e+01
   7.9168050e+06   4.0588379e+01
   7.9168860e+06   4.2236328e+01
   7.9340420e+06   4.1809082e+01
   7.9417360e+06   4.0527344e+01
   7.9418710e+06   3.8574219e+01
   7.9426320e+06   4.0039063e+01
   7.9619680e+06   4.5104980e+01
   7.9640260e+06   4.2785645e+01
   7.9647200e+06   4.8339844e+01
   7.9651530e+06   4.1198730e+01
   7.9651710e+06   4.5104980e+01
   7.9652190e+06   4.9743652e+01
   7.9652940e+06   4.0710449e+01
   7.9654450e+06   4.3212891e+01
   7.9657710e+06   4.7668457e+01
   7.9657810e+06   4.0405273e+01
   7.9659020e+06   4.0100098e+01
   7.9926640e+06   5.1208496e+01
   7.9930470e+06   3.8696289e+01
   7.9946530e+06   4.0161133e+01
   8.0205560e+06   4.1015625e+01
   8.0205800e+06   6.4697266e+01
   8.0206020e+06   4.3762207e+01
   8.0206400e+06   4.6447754e+01
   8.0206500e+06   3.9916992e+01
   8.0206700e+06   5.2673340e+01
   8.0206930e+06   4.7363281e+01
   8.0207100e+06   4.1564941e+01
   8.0207610e+06   5.0476074e+01
   8.0208100e+06   4.6203613e+01
   8.0208340e+06   4.0344238e+01
   8.0212290e+06   3.8818359e+01
   8.0255030e+06   3.8818359e+01
   8.0350060e+06   3.9794922e+01
   8.0464750e+06   4.0283203e+01
   8.0714920e+06   4.5288086e+01
   8.0716180e+06   4.2846680e+01
   8.0718340e+06   4.2480469e+01
   8.0721800e+06   4.2541504e+01
   8.0724740e+06   3.8635254e+01
   8.0730880e+06   4.3579102e+01
   8.0815230e+06   4.1442871e+01
   8.0818110e+06   3.9550781e+01
   8.0929170e+06   4.4433594e+01
   8.0929540e+06   4.0893555e+01
   8.0932850e+06   3.9001465e+01
   8.0933740e+06   4.3884277e+01
   8.1037560e+06   4.5104980e+01
   8.1039210e+06   6.8786621e+01
   8.1039980e+06   4.2907715e+01
   8.1040080e+06   5.2673340e+01
   8.1040540e+06   4.1748047e+01
   8.1040920e+06   4.6752930e+01
   8.1041650e+06   4.9743652e+01
   8.1042010e+06   5.8837891e+01
   8.1169480e+06   4.1381836e+01
   8.1169730e+06   4.5959473e+01
   8.1170500e+06   3.9184570e+01
   8.1171250e+06   4.3395996e+01
   8.1171650e+06   4.9011230e+01
   8.1171870e+06   4.8950195e+01
   8.1172360e+06   4.6386719e+01
   8.1172470e+06   3.9672852e+01
   8.1173250e+06   4.1198730e+01
   8.1173370e+06   4.5410156e+01
   8.1173640e+06   3.9672852e+01
   8.1174510e+06   5.3649902e+01
   8.1175060e+06   4.3884277e+01
   8.1179170e+06   4.1748047e+01
   8.1180890e+06   4.4311523e+01
   8.1306940e+06   4.3640137e+01
   8.1307230e+06   3.9794922e+01
   8.1307560e+06   3.9306641e+01
   8.1308290e+06   4.1259766e+01
   8.1308520e+06   4.8645020e+01
   8.1309120e+06   6.5917969e+01
   8.1309280e+06   4.1198730e+01
   8.1309730e+06   3.8940430e+01
   8.1309860e+06   5.2856445e+01
   8.1310050e+06   5.3588867e+01
   8.1310590e+06   4.1564941e+01
   8.1310840e+06   5.7067871e+01
   8.1311370e+06   3.8879395e+01
   8.1406870e+06   3.9733887e+01
   8.1407040e+06   3.9550781e+01
   8.1407210e+06   4.0710449e+01
   8.1407390e+06   5.1086426e+01
   8.1409030e+06   3.9978027e+01
   8.1409630e+06   4.1625977e+01
   8.1409850e+06   5.7312012e+01
   8.1410280e+06   4.5654297e+01
   8.1497420e+06   3.9428711e+01
   8.1497790e+06   3.9428711e+01
   8.1499010e+06   4.0283203e+01
   8.1499560e+06   4.3273926e+01
   8.1499730e+06   5.8898926e+01
   8.1499950e+06   4.2541504e+01
   8.1594140e+06   4.4555664e+01
   8.1594480e+06   4.7424316e+01
   8.1594800e+06   4.9682617e+01
   8.1595360e+06   4.2114258e+01
   8.1595780e+06   3.8757324e+01
   8.1595990e+06   3.9245605e+01
   8.1596140e+06   5.2124023e+01
   8.1596640e+06   3.9489746e+01
   8.1597120e+06   4.4128418e+01
   8.1597270e+06   5.1879883e+01
   8.1597550e+06   4.4067383e+01
   8.1597760e+06   4.0405273e+01
   8.1598770e+06   3.9184570e+01
   8.1600310e+06   4.8278809e+01
   8.1722090e+06   4.2663574e+01
   8.1722240e+06   5.1086426e+01
   8.1722490e+06   4.6264648e+01
   8.1722880e+06   4.3457031e+01
   8.1723100e+06   4.4982910e+01
   8.1723350e+06   4.4433594e+01
   8.1723580e+06   4.5837402e+01
   8.1723790e+06   4.5593262e+01
   8.1724030e+06   3.9611816e+01
   8.1725350e+06   3.9672852e+01
   8.1858540e+06   5.9692383e+01
   8.1858860e+06   6.0546875e+01
   8.1859190e+06   6.0546875e+01
   8.1859460e+06   4.3029785e+01
   8.1859650e+06   5.2429199e+01
   8.1859830e+06   4.3701172e+01
   8.1860060e+06   4.1870117e+01
   8.1860440e+06   5.5358887e+01
   8.1860740e+06   5.1574707e+01
   8.1861990e+06   4.3762207e+01
   8.1862950e+06   3.9794922e+01
   8.1863620e+06   4.1687012e+01
   8.1865090e+06   3.8757324e+01
   8.1956000e+06   5.0109863e+01
   8.1956810e+06   4.1198730e+01
   8.1957270e+06   4.5288086e+01
   8.1957630e+06   4.8889160e+01
   8.1957990e+06   4.7302246e+01
   8.1959520e+06   4.4982910e+01
   8.1962260e+06   4.1564941e+01
   8.2064340e+06   4.2236328e+01
   8.2064620e+06   4.5898438e+01
   8.2064960e+06   5.2612305e+01
   8.2065590e+06   3.9428711e+01
   8.2065960e+06   4.6691895e+01
   8.2066230e+06   4.9865723e+01
   8.2066560e+06   3.9184570e+01
   8.2067240e+06   3.9245605e+01
   8.2067890e+06   3.9550781e+01
   8.2175980e+06   4.7668457e+01
   8.2176270e+06   6.6162109e+01
   8.2176750e+06   4.5043945e+01
   8.2176880e+06   5.9509277e+01
   8.2177230e+06   5.1879883e+01
   8.2177550e+06   4.5654297e+01
   8.2177650e+06   4.2785645e+01
   8.2177880e+06   5.2490234e+01
   8.2178180e+06   3.9489746e+01
   8.2179660e+06   4.8767090e+01
   8.2183260e+06   4.4067383e+01
   8.2302120e+06   4.3090820e+01
   8.2302360e+06   4.2114258e+01
   8.2302630e+06   5.0720215e+01
   8.2303230e+06   4.1992188e+01
   8.2303440e+06   3.8635254e+01
   8.2303850e+06   3.8574219e+01
   8.2304390e+06   3.8940430e+01
   8.2304570e+06   4.5288086e+01
   8.2454670e+06   4.6630859e+01
   8.2454830e+06   4.8461914e+01
   8.2455240e+06   3.9611816e+01
   8.2455490e+06   5.6335449e+01
   8.2456060e+06   4.0832520e+01
   8.2456570e+06   4.4494629e+01
   8.2456950e+06   4.6020508e+01
   8.2457690e+06   4.5715332e+01
   8.2458250e+06   3.9489746e+01
   8.2459350e+06   3.8696289e+01
   8.2598440e+06   5.3527832e+01
   8.2598730e+06   4.2907715e+01
   8.2598980e+06   4.7790527e+01
   8.2599230e+06   5.4565430e+01
   8.2599510e+06   4.2114258e+01
   8.2599670e+06   3.9550781e+01
   8.2600580e+06   4.1320801e+01
   8.2601060e+06   4.3029785e+01
   8.2788700e+06   4.0161133e+01
   8.2789060e+06   4.8767090e+01
   8.2789470e+06   6.1523438e+01
   8.2789740e+06   5.2246094e+01
   8.2790080e+06   4.3945313e+01
   8.2790380e+06   3.8818359e+01
   8.2790690e+06   4.3212891e+01
   8.2790900e+06   4.6142578e+01
   8.2792480e+06   4.3151855e+01
   8.2794820e+06   3.9794922e+01
   8.2795580e+06   4.0283203e+01
   8.2795820e+06   3.9855957e+01
   8.2799310e+06   4.4433594e+01
   8.2958770e+06   3.9978027e+01
   8.2958950e+06   5.5725098e+01
   8.2959310e+06   4.5471191e+01
   8.2959720e+06   4.5959473e+01
   8.2959840e+06   4.2785645e+01
   8.2960440e+06   4.1076660e+01
   8.2961140e+06   4.7119141e+01
   8.2961540e+06   4.2053223e+01
   8.2961640e+06   3.9428711e+01
   8.2964020e+06   4.2053223e+01
   8.2966000e+06   4.8522949e+01
   8.2967520e+06   4.6447754e+01
   8.3187100e+06   4.4494629e+01
   8.3187220e+06   4.2358398e+01
   8.3187440e+06   3.9367676e+01
   8.3187770e+06   6.6772461e+01
   8.3187980e+06   5.0842285e+01
   8.3188310e+06   4.7424316e+01
   8.3188580e+06   5.3222656e+01
   8.3189370e+06   5.5786133e+01
   8.3189560e+06   4.6936035e+01
   8.3190350e+06   4.1625977e+01
   8.3191680e+06   4.6325684e+01
   8.3192710e+06   4.0100098e+01
   8.3195650e+06   4.2663574e+01
   8.3429950e+06   4.8767090e+01
   8.3430100e+06   5.2917480e+01
   8.3430300e+06   5.8044434e+01
   8.3430560e+06   4.4616699e+01
   8.3430880e+06   4.6630859e+01
   8.3431170e+06   4.1931152e+01
   8.3431400e+06   4.6813965e+01
   8.3431650e+06   4.7973633e+01
   8.3431930e+06   5.8044434e+01
   8.3435550e+06   4.4982910e+01
   8.3687710e+06   4.0466309e+01
   8.3688070e+06   4.1381836e+01
   8.3688230e+06   5.0720215e+01
   8.3688420e+06   5.2246094e+01
   8.3688530e+06   6.3415527e+01
   8.3688950e+06   4.1015625e+01
   8.3689910e+06   3.8757324e+01
   8.3690210e+06   4.0466309e+01
   8.3691220e+06   3.9916992e+01
   8.3692720e+06   5.2429199e+01
   8.3693720e+06   4.4860840e+01
   8.3699190e+06   4.3518066e+01
   8.3945410e+06   4.2541504e+01
   8.3945690e+06   5.6152344e+01
   8.3946830e+06   5.1574707e+01
   8.3947000e+06   5.1818848e+01
   8.3947430e+06   5.0415039e+01
   8.3947730e+06   4.4433594e+01
   8.3948080e+06   4.1870117e+01
   8.3948430e+06   4.0283203e+01
   8.3952810e+06   4.7119141e+01
   8.4230690e+06   3.8635254e+01
   8.4230800e+06   4.9865723e+01
   8.4231340e+06   4.2846680e+01
   8.4231620e+06   4.2419434e+01
   8.4232410e+06   4.5654297e+01
   8.4232790e+06   4.3579102e+01
   8.4233100e+06   4.4372559e+01
   8.4237640e+06   4.0222168e+01
   8.4456710e+06   4.9255371e+01
   8.4456950e+06   4.0588379e+01
   8.4457260e+06   3.9978027e+01
   8.4457570e+06   4.6936035e+01
   8.4457800e+06   5.6579590e+01
   8.4458150e+06   4.9133301e+01
   8.4458300e+06   4.4799805e+01
   8.4458760e+06   5.5053711e+01
   8.4459380e+06   3.8574219e+01
   8.4459660e+06   4.1503906e+01
   8.4460150e+06   4.3395996e+01
   8.4632220e+06   4.4921875e+01
   8.4632480e+06   4.4006348e+01
   8.4632790e+06   4.3029785e+01
   8.4633100e+06   3.9978027e+01
   8.4634060e+06   3.9062500e+01
   8.4635500e+06   3.9978027e+01
   8.4638760e+06   4.1259766e+01
   8.4641030e+06   4.0893555e+01
   8.4788560e+06   4.4067383e+01
   8.4788670e+06   4.1870117e+01
   8.4788880e+06   5.6335449e+01
   8.4788980e+06   4.6020508e+01
   8.4789550e+06   5.1025391e+01
   8.4789770e+06   4.7668457e+01
   8.4790770e+06   4.3090820e+01
   8.4791060e+06   4.3640137e+01
   8.4791230e+06   5.0048828e+01
   8.4977000e+06   5.1879883e+01
   8.4977260e+06   3.9489746e+01
   8.4977600e+06   4.1870117e+01
   8.4978230e+06   4.7790527e+01
   8.4979370e+06   4.9255371e+01
   8.4979470e+06   4.3762207e+01
   8.4980170e+06   4.1564941e+01
   8.4980910e+06   4.0832520e+01
   8.5209530e+06   3.9672852e+01
   8.5209870e+06   4.1870117e+01
   8.5210340e+06   4.0954590e+01
   8.5210440e+06   4.9560547e+01
   8.5210790e+06   3.9916992e+01
   8.5211020e+06   4.5349121e+01
   8.5211270e+06   4.6691895e+01
   8.5212010e+06   4.1809082e+01
   8.5212250e+06   4.9133301e+01
   8.5212420e+06   4.5776367e+01
   8.5213030e+06   4.6813965e+01
   8.5213270e+06   4.7851563e+01
   8.5213690e+06   4.9377441e+01
   8.5215330e+06   3.9001465e+01
   8.5216470e+06   4.6875000e+01
   8.5345370e+06   3.9733887e+01
   8.5346470e+06   4.3701172e+01
   8.5347380e+06   3.9550781e+01
   8.5348310e+06   4.3884277e+01
   8.5497350e+06   3.9428711e+01
   8.5499020e+06   4.2358398e+01
   8.5500730e+06   4.0527344e+01
   8.8237290e+06   4.3151855e+01
   8.8238440e+06   3.9367676e+01
   8.8238800e+06   4.2114258e+01
   8.8240250e+06   3.9489746e+01
   8.8241170e+06   3.9489746e+01
   8.8242390e+06   4.5349121e+01
   8.8242540e+06   4.8950195e+01
   8.9130160e+06   4.0771484e+01
   8.9440200e+06   4.0710449e+01
   8.9442270e+06   4.3579102e+01
   8.9442660e+06   4.3151855e+01
   8.9442970e+06   4.9987793e+01
   8.9446810e+06   4.2175293e+01
   8.9449130e+06   3.9733887e+01
   9.0224280e+06   4.3884277e+01
   9.0224380e+06   4.6875000e+01
   9.0226600e+06   4.2907715e+01
   9.0229040e+06   4.1931152e+01
   9.0498540e+06   4.3334961e+01
   9.0523550e+06   4.4494629e+01
   9.0747930e+06   4.8400879e+01
   9.1444320e+06   4.3029785e+01
   9.1449820e+06   4.2968750e+01
   9.1451060e+06   4.2053223e+01
   9.1452420e+06   4.1931152e+01
   9.1454900e+06   4.1992188e+01
   9.1929590e+06   3.8696289e+01
   9.1937440e+06   3.8818359e+01
   9.2750130e+06   4.3273926e+01
   9.2751030e+06   5.0231934e+01
   9.2751180e+06   4.4006348e+01
   9.2754400e+06   4.5471191e+01
   9.3420820e+06   4.6325684e+01
   9.3420920e+06   3.9489746e+01
   9.4004380e+06   4.4616699e+01
   9.4231110e+06   4.2602539e+01
   9.4912790e+06   3.9916992e+01
   9.4915450e+06   5.1208496e+01
   9.4915780e+06   4.3457031e+01
   9.4916400e+06   5.2551270e+01
   9.4917950e+06   4.1503906e+01
   9.4919450e+06   4.3029785e+01
   9.4920880e+06   3.9550781e+01
   9.5368680e+06   4.5471191e+01
   9.5370110e+06   4.5349121e+01
   9.5374050e+06   5.0720215e+01
   9.5374760e+06   5.3161621e+01
   9.5375110e+06   4.8461914e+01
   9.5780230e+06   4.4738770e+01
   9.5873610e+06   3.9062500e+01
   9.6048270e+06   4.2236328e+01
   9.6155710e+06   4.6875000e+01
   9.6216600e+06   3.9245605e+01
   9.6281560e+06   5.6396484e+01
   9.6310850e+06   4.4860840e+01
   9.6312510e+06   4.1809082e+01
   9.6313360e+06   4.3518066e+01
   9.6315730e+06   3.8879395e+01
   9.6316190e+06   3.9367676e+01
   9.6316520e+06   4.4067383e+01
   9.6317240e+06   4.9560547e+01
   9.6319780e+06   4.0344238e+01
   9.6567470e+06   4.1992188e+01
   9.6791700e+06   3.9550781e+01
   9.6795830e+06   4.3334961e+01
   9.6797610e+06   3.9184570e+01
   9.7063290e+06   3.9245605e+01
   9.7068510e+06   4.5288086e+01
   9.7073900e+06   4.1076660e+01
   9.7075990e+06   3.9672852e+01
   9.7185110e+06   4.3029785e+01
   9.7185390e+06   4.0222168e+01
   9.7185520e+06   5.6091309e+01
   9.7186580e+06   3.9794922e+01
   9.7190000e+06   4.6203613e+01
   9.7354520e+06   4.6875000e+01
   9.7354780e+06   4.9072266e+01
   9.7355200e+06   4.1320801e+01
   9.7355640e+06   4.2236328e+01
   9.7355760e+06   5.4260254e+01
   9.7356680e+06   3.9611816e+01
   9.7358390e+06   4.4494629e+01
   9.7360510e+06   3.9123535e+01
   9.7512710e+06   5.3222656e+01
   9.7513040e+06   4.0527344e+01
   9.7514330e+06   3.9123535e+01
   9.7522320e+06   3.8696289e+01
   9.7523820e+06   4.0588379e+01
   9.7640780e+06   4.0405273e+01
   9.7642620e+06   4.7607422e+01
   9.7795950e+06   5.7373047e+01
   9.7796200e+06   8.5388184e+01
   9.7796350e+06   3.8757324e+01
   9.7796890e+06   3.9855957e+01
   9.7797510e+06   4.1992188e+01
   9.7799390e+06   3.9794922e+01
   9.7998770e+06   8.5998535e+01
   9.7999090e+06   4.2602539e+01
   9.7999230e+06   5.6457520e+01
   9.7999620e+06   4.0710449e+01
   9.7999870e+06   7.5012207e+01
   9.8000320e+06   5.0720215e+01
   9.8001380e+06   4.7607422e+01
   9.8002510e+06   4.3579102e+01
   9.8004540e+06   4.8278809e+01
   9.8178960e+06   4.8767090e+01
   9.8179100e+06   4.6630859e+01
   9.8179360e+06   4.6264648e+01
   9.8180250e+06   4.7668457e+01
   9.8180940e+06   5.1635742e+01
   9.8181170e+06   3.9184570e+01
   9.8183030e+06   4.1503906e+01
   9.8486970e+06   4.9682617e+01
   9.8487150e+06   7.6904297e+01
   9.8487430e+06   5.2062988e+01
   9.8487860e+06   5.1513672e+01
   9.8488330e+06   5.9570313e+01
   9.8488700e+06   7.4035645e+01
   9.8489670e+06   4.1198730e+01
   9.8880500e+06   4.6508789e+01
   9.8880860e+06   4.5593262e+01
   9.8881790e+06   6.4208984e+01
   9.8883300e+06   4.4677734e+01
   9.8884190e+06   3.9794922e+01
   9.8885520e+06   3.8879395e+01
   9.8991140e+06   4.3457031e+01
   9.9076500e+06   4.0710449e+01
   9.9077120e+06   4.3701172e+01
   9.9083360e+06   3.9855957e+01
   9.9088890e+06   5.2795410e+01
   9.9089730e+06   5.0476074e+01
   9.9187740e+06   4.1931152e+01
   9.9187950e+06   4.5776367e+01
   9.9188080e+06   4.0893555e+01
   9.9191800e+06   4.0344238e+01
   9.9198270e+06   3.8696289e+01
   9.9198820e+06   3.8574219e+01
   9.9295580e+06   4.1442871e+01
   9.9297320e+06   4.2724609e+01
   9.9303150e+06   4.6386719e+01
   9.9303640e+06   4.7729492e+01
   9.9304470e+06   4.1748047e+01
   9.9404990e+06   4.0710449e+01
   9.9406030e+06   4.2480469e+01
   9.9407240e+06   4.3029785e+01
   9.9409590e+06   4.6508789e+01
   9.9413540e+06   4.6020508e+01
   9.9414900e+06   4.0893555e+01
   9.9415210e+06   4.3884277e+01
   9.9526760e+06   4.4006348e+01
   9.9536870e+06   4.4433594e+01
   9.9537190e+06   4.6508789e+01
   9.9537490e+06   4.6081543e+01
   9.9538300e+06   5.4138184e+01
   9.9538460e+06   4.8339844e+01
   9.9538650e+06   4.0100098e+01
   9.9645650e+06   4.4189453e+01
   9.9646110e+06   4.1259766e+01
   9.9654990e+06   5.9692383e+01
   9.9655310e+06   5.2856445e+01
   9.9655840e+06   4.3212891e+01
   9.9656500e+06   4.1931152e+01
   9.9780690e+06   4.2907715e+01
   9.9786400e+06   5.1696777e+01
   9.9788150e+06   4.9011230e+01
   9.9788610e+06   3.9428711e+01
   9.9789080e+06   4.1931152e+01
   9.9789240e+06   4.1625977e+01
   9.9789610e+06   3.9855957e+01
   9.9790370e+06   4.1870117e+01
   9.9951750e+06   3.9855957e+01
   9.9952910e+06   3.9672852e+01
   9.9955260e+06   4.3395996e+01
   9.9958280e+06   5.4077148e+01
   9.9958430e+06   3.8757324e+01
   9.9959390e+06   4.0588379e+01
   1.0009728e+07   4.2236328e+01
   1.0009926e+07   4.6264648e+01
   1.0010414e+07   6.1401367e+01
   1.0010572e+07   4.3884277e+01
   1.0010597e+07   4.3762207e+01
   1.0010644e+07   3.9489746e+01
   1.0026997e+07   3.8940430e+01
   1.0027184e+07   4.4494629e+01
   1.0027216e+07   3.8879395e+01
   1.0027339e+07   4.1015625e+01
   1.0027661e+07   4.0344238e+01
   1.0027751e+07   3.9855957e+01
   1.0027781e+07   5.6091309e+01
   1.0027850e+07   4.0893555e+01
   1.0027896e+07   3.9733887e+01
   1.0027977e+07   4.1931152e+01
   1.0043940e+07   4.9743652e+01
   1.0043962e+07   3.8940430e+01
   1.0044597e+07   5.0598145e+01
   1.0044636e+07   4.0771484e+01
   1.0044646e+07   4.1992188e+01
   1.0044734e+07   5.0476074e+01
   1.0044771e+07   4.1015625e+01
   1.0044807e+07   5.2307129e+01
   1.0044882e+07   3.9611816e+01
   1.0059818e+07   4.3212891e+01
   1.0059847e+07   4.1442871e+01
   1.0060313e+07   5.4626465e+01
   1.0060329e+07   3.9672852e+01
   1.0060347e+07   4.6508789e+01
   1.0060378e+07   4.4616699e+01
   1.0060391e+07   4.1442871e+01
   1.0060402e+07   4.0283203e+01
   1.0060483e+07   3.9794922e+01
   1.0060613e+07   4.3273926e+01
   1.0084539e+07   4.4494629e+01
   1.0084566e+07   4.0710449e+01
   1.0084697e+07   4.1625977e+01
   1.0085137e+07   3.9367676e+01
   1.0085168e+07   4.2602539e+01
   1.0085199e+07   3.8940430e+01
   1.0085221e+07   4.1198730e+01
   1.0085249e+07   3.8757324e+01
   1.0115358e+07   4.3029785e+01
   1.0116222e+07   4.1992188e+01
   1.0116950e+07   4.2907715e+01
   1.0149762e+07   4.2602539e+01
   1.0149785e+07   4.2114258e+01
   1.0150498e+07   3.8635254e+01
   1.0184107e+07   3.9550781e+01
   1.0184136e+07   3.8696289e+01
   1.0184230e+07   4.0222168e+01
   1.0184385e+07   3.9611816e+01
   1.0217019e+07   3.9855957e+01
   1.0242723e+07   3.9184570e+01
   1.0283831e+07   4.1870117e+01
   1.0310471e+07   5.5053711e+01
   1.0310509e+07   4.1076660e+01
   1.0310536e+07   4.3884277e+01
   1.0310547e+07   5.2307129e+01
   1.0310577e+07   4.9987793e+01
   1.0310661e+07   4.5166016e+01
   1.0310726e+07   3.8574219e+01
   1.0310738e+07   4.1137695e+01
   1.0310752e+07   4.5776367e+01
   1.0310799e+07   4.3762207e+01
   1.0310922e+07   3.8757324e+01
   1.0410109e+07   4.0161133e+01
   1.0410520e+07   4.7424316e+01
   1.0426136e+07   4.0893555e+01
   1.0426232e+07   4.6081543e+01
   1.0427157e+07   3.9428711e+01
   1.0493728e+07   3.9489746e+01
   1.0494591e+07   4.2358398e+01
   1.0494932e+07   4.3090820e+01
   1.0531223e+07   4.5227051e+01
   1.0531603e+07   4.4128418e+01
   1.0531692e+07   4.0283203e+01
   1.0531791e+07   4.3029785e+01
   1.0531806e+07   3.9123535e+01
   1.0531889e+07   4.0344238e+01
   1.0531936e+07   3.9184570e+01
   1.0532031e+07   4.3395996e+01
   1.0532143e+07   4.4128418e+01
   1.0532306e+07   4.4189453e+01
   1.0580878e+07   4.5715332e+01
   1.0580988e+07   4.5898438e+01
   1.0581037e+07   4.0283203e+01
   1.0581054e+07   4.1198730e+01
   1.0581087e+07   5.7006836e+01
   1.0581116e+07   5.4687500e+01
   1.0581189e+07   4.3823242e+01
   1.0581215e+07   4.1748047e+01
   1.0581423e+07   4.2724609e+01
   1.0631533e+07   4.2358398e+01
   1.0631714e+07   4.3334961e+01
   1.0631770e+07   3.9001465e+01
   1.0631828e+07   4.0466309e+01
   1.0631916e+07   3.9001465e+01
   1.0631958e+07   4.6325684e+01
   1.0632172e+07   4.0527344e+01
   1.0632320e+07   4.1625977e+01
   1.0667937e+07   4.3701172e+01
   1.0702789e+07   4.6264648e+01
   1.0703077e+07   3.8635254e+01
   1.0711464e+07   4.8767090e+01
   1.0713206e+07   5.7617188e+01
   1.0713233e+07   5.0231934e+01
   1.0713259e+07   4.4555664e+01
   1.0713394e+07   3.9428711e+01
   1.0713515e+07   5.3466797e+01
   1.0713579e+07   4.2785645e+01
   1.0713669e+07   5.0842285e+01
   1.0713698e+07   5.7434082e+01
   1.0713751e+07   4.6325684e+01
   1.0713858e+07   5.0048828e+01
   1.0714263e+07   3.9428711e+01
   1.0747015e+07   4.1259766e+01
   1.0747104e+07   3.9916992e+01
   1.0747352e+07   4.5227051e+01
   1.0747499e+07   4.1320801e+01
   1.0747838e+07   4.3029785e+01
   1.0747854e+07   4.7363281e+01
   1.0748240e+07   4.5715332e+01
   1.0775048e+07   4.4799805e+01
   1.0775669e+07   3.8879395e+01
   1.0788998e+07   4.0161133e+01
   1.0796602e+07   4.3518066e+01
   1.0796624e+07   3.9916992e+01
   1.0797033e+07   3.8757324e+01
   1.0797184e+07   4.8522949e+01
   1.0797216e+07   5.1025391e+01
   1.0797265e+07   3.8818359e+01
   1.0797292e+07   4.1259766e+01
   1.0797647e+07   4.2419434e+01
   1.0797683e+07   4.5349121e+01
   1.0797950e+07   4.3212891e+01
   1.0827911e+07   4.1564941e+01
   1.0837713e+07   3.9489746e+01
   1.0850010e+07   3.8818359e+01
   1.0863994e+07   4.9682617e+01
   1.0864133e+07   4.5776367e+01
   1.0864421e+07   4.9621582e+01
   1.0864457e+07   4.5043945e+01
   1.0864513e+07   4.6875000e+01
   1.0891111e+07   3.8635254e+01
   1.0911232e+07   4.0039063e+01
   1.0926802e+07   4.4250488e+01
   1.0937772e+07   4.1137695e+01
   1.0937792e+07   8.0932617e+01
   1.0937822e+07   5.2551270e+01
   1.0937856e+07   5.7617187e+01
   1.0937869e+07   4.5959473e+01
   1.0937915e+07   5.1147461e+01
   1.0937943e+07   5.8410645e+01
   1.0938004e+07   4.7180176e+01
   1.0938016e+07   4.3579102e+01
   1.0938063e+07   4.0405273e+01
   1.0938098e+07   4.8217773e+01
   1.0938134e+07   3.9916992e+01
   1.0938211e+07   4.4982910e+01
   1.0938374e+07   3.8940430e+01
   1.0938602e+07   5.0354004e+01
   1.0958186e+07   4.3640137e+01
   1.0968905e+07   4.1625977e+01
   1.0971721e+07   4.0344238e+01
   1.1010269e+07   3.8757324e+01
   1.1019104e+07   4.3945313e+01
   1.1019133e+07   3.9916992e+01
   1.1019184e+07   4.1015625e+01
   1.1019196e+07   3.9489746e+01
   1.1019270e+07   4.3395996e+01
   1.1019485e+07   3.9184570e+01
   1.1059269e+07   4.0405273e+01
   1.1059774e+07   4.0161133e+01
   1.1059824e+07   4.4860840e+01
   1.1059848e+07   4.0588379e+01
   1.1059900e+07   4.4494629e+01
   1.1059933e+07   4.1748047e+01
   1.1059971e+07   4.9560547e+01
   1.1060035e+07   5.2673340e+01
   1.1060126e+07   4.0710449e+01
   1.1060142e+07   4.5043945e+01
   1.1060218e+07   4.0649414e+01
   1.1060380e+07   5.4199219e+01
   1.1073798e+07   4.0161133e+01
   1.1086296e+07   4.6508789e+01
   1.1086676e+07   4.1015625e+01
   1.1087101e+07   4.8828125e+01
   1.1087150e+07   4.5349121e+01
   1.1087178e+07   4.3518066e+01
   1.1087270e+07   5.0537109e+01
   1.1101233e+07   4.8156738e+01
   1.1121928e+07   3.9733887e+01
   1.1122332e+07   3.8879395e+01
   1.1152189e+07   4.6325684e+01
   1.1162886e+07   3.8757324e+01
   1.1163019e+07   4.0832520e+01
   1.1163174e+07   4.4860840e+01
   1.1163208e+07   4.3029785e+01
   1.1163244e+07   4.4067383e+01
   1.1163327e+07   3.9550781e+01
   1.1163402e+07   4.1198730e+01
   1.1163450e+07   4.8339844e+01
   1.1163476e+07   4.0283203e+01
   1.1185838e+07   3.9062500e+01
   1.1190261e+07   4.6142578e+01
   1.1190305e+07   4.0710449e+01
   1.1190593e+07   4.1870117e+01
   1.1190761e+07   4.3518066e+01
   1.1190830e+07   5.0903320e+01
   1.1191032e+07   3.9245605e+01
   1.1191197e+07   4.0954590e+01
   1.1191210e+07   3.9794922e+01
   1.1213129e+07   3.8696289e+01
   1.1213506e+07   3.8696289e+01
   1.1217802e+07   4.2724609e+01
   1.1217825e+07   3.8696289e+01
   1.1217838e+07   6.7199707e+01
   1.1217863e+07   4.1015625e+01
   1.1217891e+07   4.0405273e+01
   1.1218505e+07   3.8818359e+01
   1.1246139e+07   4.8706055e+01
   1.1270948e+07   3.9794922e+01
   1.1277448e+07   4.3151855e+01
   1.1281840e+07   3.9489746e+01
   1.1282205e+07   3.9916992e+01
   1.1282283e+07   5.1330566e+01
   1.1282316e+07   4.7241211e+01
   1.1282458e+07   4.9377441e+01
   1.1283118e+07   4.2358398e+01
   1.1318495e+07   3.9184570e+01
   1.1333770e+07   4.5104980e+01
   1.1352644e+07   3.9611816e+01
   1.1357619e+07   5.0231934e+01
   1.1357669e+07   4.2846680e+01
   1.1357718e+07   4.7058105e+01
   1.1357728e+07   7.7819824e+01
   1.1357799e+07   4.1748047e+01
   1.1358064e+07   4.3701172e+01
   1.1374203e+07   3.9855957e+01
   1.1375781e+07   4.7485352e+01
   1.1382899e+07   4.1503906e+01
   1.1420046e+07   3.8757324e+01
   1.1427877e+07   4.0100098e+01
   1.1443933e+07   4.0161133e+01
   1.1443944e+07   3.8757324e+01
   1.1443988e+07   4.8522949e+01
   1.1444001e+07   5.5603027e+01
   1.1444053e+07   4.5166016e+01
   1.1444073e+07   5.1513672e+01
   1.1444099e+07   4.2968750e+01
   1.1444127e+07   4.3823242e+01
   1.1444145e+07   6.7626953e+01
   1.1444184e+07   4.1198730e+01
   1.1444288e+07   4.1015625e+01
   1.1444500e+07   4.6630859e+01
   1.1481374e+07   4.2846680e+01
   1.1483675e+07   4.1870117e+01
   1.1483715e+07   4.1076660e+01
   1.1498830e+07   4.8278809e+01
   1.1498903e+07   3.8757324e+01
   1.1507798e+07   4.7485352e+01
   1.1508280e+07   3.9184570e+01
   1.1508505e+07   4.4982910e+01
   1.1508688e+07   3.8696289e+01
   1.1508769e+07   4.8339844e+01
   1.1508791e+07   5.2978516e+01
   1.1508889e+07   4.6203613e+01
   1.1529247e+07   4.1137695e+01
   1.1530684e+07   3.9245605e+01
   1.1562901e+07   4.6264648e+01
   1.1578320e+07   4.6630859e+01
   1.1587478e+07   4.2053223e+01
   1.1609974e+07   3.9062500e+01
   1.1610630e+07   4.2968750e+01
   1.1624205e+07   3.8574219e+01
   1.1649309e+07   3.9794922e+01
   1.1650546e+07   4.6203613e+01
   1.1671081e+07   4.4433594e+01
   1.1672226e+07   3.8879395e+01
   1.1672320e+07   3.9611816e+01
   1.1672399e+07   3.9855957e+01
   1.1672433e+07   4.0710449e+01
   1.1690859e+07   4.9316406e+01
   1.1710670e+07   4.4677734e+01
   1.1749317e+07   3.9550781e+01
   1.1750951e+07   4.4250488e+01
   1.1751156e+07   4.1320801e+01
   1.1751439e+07   5.1025391e+01
   1.1751621e+07   4.9377441e+01
   1.1785018e+07   4.0344238e+01
   1.1785053e+07   3.8574219e+01
   1.1795625e+07   4.2663574e+01
   1.1796478e+07   4.0283203e+01
   1.1817616e+07   3.9428711e+01
   1.1817873e+07   4.0710449e+01
   1.1817906e+07   3.9062500e+01
   1.1817919e+07   4.5471191e+01
   1.1818016e+07   4.1503906e+01
   1.1818052e+07   4.2907715e+01
   1.1834317e+07   3.8696289e+01
   1.1843832e+07   4.4860840e+01
   1.1843859e+07   4.6081543e+01
   1.1854352e+07   4.8339844e+01
   1.1870552e+07   3.8879395e+01
   1.1893974e+07   3.9916992e+01
   1.1906905e+07   3.9001465e+01
   1.1906995e+07   3.8574219e+01
   1.1907340e+07   4.5471191e+01
   1.1907385e+07   4.0954590e+01
   1.1919983e+07   3.9062500e+01
   1.1921080e+07   4.5715332e+01
   1.1926400e+07   4.0527344e+01
   1.1926594e+07   4.1931152e+01
   1.1928545e+07   3.9184570e+01
   1.1952705e+07   4.1992188e+01
   1.1952736e+07   3.9245605e+01
   1.1953274e+07   3.9733887e+01
   1.1975666e+07   3.9489746e+01
   1.1976047e+07   4.4555664e+01
   1.1993856e+07   3.8696289e+01
